line	353	402	353	402	b0b0b0
	148	233	148	233	808080
	150	142	149	142	b0b0b0
	299	26	299	26	808080
	592	457	591	456	d0d0d0
	398		397		
	411	302	411	302	b0b0b0
	417	158	417	157	d0d0d0
	469	327	468	326	
	597	41	597	41	b0b0b0
	592	233	592	233	808080
	494	299	493	298	d0d0d0
	273	141	273	141	
	520	420	519	419	
	148	26	147	25	
	134	159	134	159	808080
	148	67	148	66	b0b0b0
	286	24	286	24	808080
	411	427	410	426	d0d0d0
	214	340	213	339	b0b0b0
	280	274	280	274	808080
	396	256	396	256	b0b0b0
	454	300	453	299	d0d0d0
	129	372	128	371	b0b0b0
	341	132	341	132	808080
	454	169	454	168	d0d0d0
	449	82	448	82	b0b0b0
	497	172	497	172	
	375	410	375	410	
	550	447	549	446	d0d0d0
	563	42	563	42	b0b0b0
	248	256	247	256	d0d0d0
	502	373	502	373	808080
	595	227	594	226	d0d0d0
	569	122	569	122	808080
	286	367	286	367	b0b0b0
	508	285	508	285	
	588	191	588	191	808080
	150	49	150	49	
	506	25	506	25	
	568	412	567	411	d0d0d0
	343	71	343	71	808080
	190	376	189	375	d0d0d0
	389	339	389	339	b0b0b0
	138	284	137	284	d0d0d0
	202	137	202	136	808080
	203	451	203	451	
	471	29	471	28	d0d0d0
	147	315	146	315	
	424	233	424	233	b0b0b0
	428	132	428	132	
	198	190	198	189	808080
	521	292	521	292	
	605	340	605	340	b0b0b0
	446	2	446	2	808080
	438	420	438	420	
	137	321	137	321	
	529	456	529	456	b0b0b0
	341	210	341	210	808080
	542	242	542	242	
	226	146	226	146	
	181	148	181	148	
	497	55	496	55	b0b0b0
	576	110	576	110	808080
	286	204	286	204	
	559	15	559	15	
	256	313	256	313	d0d0d0
	514	269	513	268	
	398	10	398	10	b0b0b0
	228	238	228	237	808080
	507	386	506	385	d0d0d0
	134	110	134	109	b0b0b0
	187	172	186	171	808080
	465	224	465	224	b0b0b0
	397	192	396	191	d0d0d0
	171	282	170	281	
	247	263	247	263	808080
	369	377	368	376	d0d0d0
	564	420	564	420	b0b0b0
	428	221	428	221	808080
	173	94	173	94	
	140	103	140	103	b0b0b0
	506	136	506	136	808080
	540	434	540	434	b0b0b0
	343	130	343	130	808080
	189	183	189	183	b0b0b0
	435	169	434	168	d0d0d0
	437	443	437	443	b0b0b0
	561	10	561	10	
	411	408	410	407	d0d0d0
	358	289	357	288	
	463	412	463	412	808080
	194	323	194	323	
	589	384	589	384	
	139	339	139	338	b0b0b0
	464	428	463	427	d0d0d0
	132	459	132	459	
	286	400	286	400	b0b0b0
	410	251	410	251	
	400	374	400	374	808080
	482	21	482	21	b0b0b0
	206	463	206	462	d0d0d0
	267	298	267	298	808080
	284	159	284	159	b0b0b0
	337	22	336	22	808080
	166	428	166	427	d0d0d0
	335	383	335	382	
	196	127	196	127	808080
	261	82	261	82	
	236	391	236	391	d0d0d0
	394	88	394	88	808080
	607	9	607	9	
	309	192	309	192	b0b0b0
	523	365	522	364	d0d0d0
	448	2	448	1	
	227	241	227	241	b0b0b0
	329	194	329	194	d0d0d0
	539	248	538	247	
	167	188	167	188	b0b0b0
	154	117	153	116	
	187	200	187	200	808080
	483	339	483	339	b0b0b0
	318	181	318	180	d0d0d0
	220	313	220	313	808080
	244	243	244	242	b0b0b0
point	590	185	100800
	591		
	597	190	
	601	192	
	596	182	
	597	184	
	594	192	
	591	182	
	593	185	
	597	188	
	611	189	603000
	617	190	
	614	185	
	617	190	
	616	188	
	612	191	
	614	188	
	612	185	
	613	188	
		186	
	632		a05000
	633	185	
		189	
	636	188	
	632	186	
	634	191	
	631	189	
	635	190	
	636	185	
	635	186	
	650	184	c06000
		183	
	649		
	651		
		186	
			
	649	183	
	650	185	
		184	
	651	185	
	679	184	ff7f00
		183	
			
			
			
		184	
		183	
			
			
			
line	326	0	326	480	005000
	128	278	608	278	
	704	153	704	154	7fff7f
	708	159	708	159	
	679	178	679	177	
	677	171	677	170	
rect	623	154	639	170	00488f
triangle	362	234	372	244	00c000
plus	277	28	287	38	c00000
triangle	304	46	314	56	c00000
	485	164	495	174	
	598	433	604	439	00c000
	627	461	633	467	
	586	454	592	460	
	597	452	603	458	
	313	42	321	50	c00000
	284	29	292	37	
rect	632	192	634	194	00c000
line	256	74	257	89	489048
			270	81	
	257	89			204020
draw	0	0	128	480	/pictures/501.png
	608		640		/pictures/512.png
tint	29	159	37	172	ff0000	/font/5001/35
	35		43			/font/5001/30
	41		49			
line	614	456	614	359	007fff
		359	622		
	622			456	00488f
		456	614		
rect	615	360	622	456	0070e0
line	614	244	614	231	909048
		231	622		
	622			244	505028
		244	614		
rect	615	232	622	244	707038
line	614	328	614	245	ffff7f
		245	622		
	622			328	909048
		328	614		
rect	615	246	622	328	e0e070
line	614	200	614	103	ff7f7f
		103	622		
	622			200	904848
		200	614		
rect	615	104	622	200	e07070
	634	49	636	52	7fff7f
		53		56	60c060
		57		60	
		61		64	
		65		68	
		69		72	7fff7f
		73		76	60c060
		77		80	
		81		84	
		85		88	
		89		92	7fff7f
		93		96	60c060
		97		100	
		101		104	
		105		108	
		109		112	7fff7f
		113		116	60c060
		117		120	
		121		124	
		125		128	
		129		132	7fff7f
		133		136	60c060
		137		140	
		141		144	
		145		148	
		149		152	183018
		153		156	
		157		160	
		161		164	
		165		168	
		169		172	
		173		176	
		177		180	
		181		184	
		185		188	
		189		192	
		193		196	
		197		200	
		201		204	
		205		208	
		209		212	
		213		216	
		217		220	
		221		224	
		225		228	
		229		232	
		233		236	
		237		240	
		241		244	
		245		248	
		249		252	
		253		256	
		257		260	
		261		264	
		265		268	
		269		272	
		273		276	
		277		280	
		281		284	
		285		288	
		289		292	
		293		296	
		297		300	
		301		304	
		305		308	
		309		312	
		313		316	
		317		320	
		321		324	
		325		328	
		329		332	
		333		336	
		337		340	
		341		344	
		345		348	
		349		352	
		353		356	
		357		360	
		361		364	
		365		368	
		369		372	
		373		376	
		377		380	
		381		384	
		385		388	
		389		392	
		393		396	
		397		400	
		401		404	
		405		408	
		409		412	
		413		416	
		417		420	
		421		424	
		425		428	
		429		432	
		433		436	
		437		440	
		441		444	
		445		448	
	621	52	631	56	303000
		57		61	
		62		66	
		67		71	
		72		76	
		77		81	
		82		86	
	7	7	115	115	00ff00
	8	8	114	114	001000
					003000
	12	320	121	440	001000
line	12	330	119	330	009000
tint	15	320	23	333	00ff00	/font/5001/4d
	21		29			/font/5001/45
	27		35			/font/5001/53
	33		41			
	39		47			/font/5001/41
	45		53			/font/5001/47
	51		59			/font/5001/45
	57		65			/font/5001/53
line	12	343	12	332	009000
		332	120		
	120			343	005000
		343	12		
rect	13	333	120	343	007000
tint	15	332	23	345	00ff00	/font/5001/4e
	21		29			/font/5001/65
	27		35			/font/5001/78
	33		41			/font/5001/74
	39		47			/font/5001/20
	45		53			/font/5001/50
	51		59			/font/5001/61
	57		65			/font/5001/67
	63		71			/font/5001/65
	69		77			/font/5001/2f
	75		83			/font/5001/43
	81		89			/font/5001/6c
	87		95			/font/5001/65
	93		101			/font/5001/61
	99		107			/font/5001/72
	15	344	23	357		/font/5001/50
	21		29			/font/5001/72
	27		35			/font/5001/65
	33		41			/font/5001/76
	39		47			/font/5001/69
	45		53			/font/5001/6f
	51		59			/font/5001/75
	57		65			/font/5001/73
	63		71			/font/5001/20
	69		77			/font/5001/50
	75		83			/font/5001/61
	81		89			/font/5001/67
	87		95			/font/5001/65
	15	356	23	369		/font/5001/4c
	21		29			/font/5001/61
	27		35			/font/5001/73
	33		41			/font/5001/74
	39		47			/font/5001/20
	45		53			/font/5001/4d
	51		59			/font/5001/65
	57		65			/font/5001/73
	63		71			
	69		77			/font/5001/61
	75		83			/font/5001/67
	81		89			/font/5001/65
line	12	438	119	438	009000
rect	16	450	114	475	001010
line	17	461	17	450	00c0c0
		450	43		
	43			461	007070
		461	17		
rect	18	451	43	461	009090
tint	19	450	27	463	00ffff	/font/5001/52
	25		33			/font/5001/47
	31		39			/font/5001/48
	37		45			/font/5001/54
	43		51			/font/5001/20
	49		57			/font/5001/45
	55		63			/font/5001/78
	61		69			/font/5001/65
	67		75			/font/5001/63
	73		81			/font/5001/75
	79		87			/font/5001/74
	85		93			/font/5001/65
line	17	473	17	462	00c0c0
		462	43		
	43			473	007070
		473	17		
rect	18	463	43	473	009090
tint	19	462	27	475	00ffff	/font/5001/4c
	25		33			/font/5001/45
	31		39			/font/5001/46
	37		45			/font/5001/54
	43		51			/font/5001/20
	49		57			/font/5001/4d
	55		63			/font/5001/61
	61		69			/font/5001/69
	67		75			/font/5001/6e
	73		81			/font/5001/20
	79		87			/font/5001/4d
	85		93			/font/5001/65
	91		99			/font/5001/6e
	97		105			/font/5001/75
line	12	191	12	180	ffff00
		180	120		
	120			191	909000
		191	12		
rect	13	181	120	191	c0c000
tint	15	180	23	193	000000	/font/5001/43
	21		29			/font/5001/4f
	27		35			/font/5001/4e
	33		41			/font/5001/54
	39		47			/font/5001/52
	45		53			/font/5001/4f
	51		59			/font/5001/4c
line	14	204	35	204	489048
			14	205	
	35		35		
	14	225		225	
			14	224	
	35		35		
	12	263	12	252	007fff
		252	120		
	120			263	00488f
		263	12		
rect	13	253	120	263	0060c0
tint	15	252	23	265	000000	/font/5001/54
	21		29			/font/5001/41
	27		35			/font/5001/52
	33		41			/font/5001/47
	39		47			/font/5001/45
	45		53			/font/5001/54
	15	264	23	277	7fff7f	/font/5001/43
	21		29			/font/5001/41
	27		35			/font/5001/52
	33		41			
	39		47			/font/5001/49
	45		53			/font/5001/45
	51		59			/font/5001/52
draw	21	278	29	296	/sprites/649.SMIV/0
line	14	276	35	276	489048
			14	277	
	35		35		
	14	297		297	
			14	296	
	35		35		
rect	42	278	49	278	003870
				296	0060c0
line	40	276	50	276	00488f
			40	277	
	50		50		
	40	297		297	
			40	296	
	50		50		
rect	55	278	62	278	707000
				296	c0c000
line	53	276	63	276	909000
			53	277	
	63		63		
	53	297		297	
			53	296	
	63		63		
tint	69	276	77	289	7fff7f	/font/5001/4c
	75		83			/font/5001/53
	81		89			/font/5001/52
	87		95			/font/5001/54
	93		101			/font/5001/55
	99		107			/font/5001/52
	105		113			
	111		119			/font/5001/54
	69	288	77	301		/font/5001/4d
	75		83			/font/5001/47
	81		89			/font/5001/4e
	87		95			/font/5001/54
	93		101			/font/5001/4f
	99		107			/font/5001/50
	105		113			/font/5001/4c
	111		119			/font/5001/53
	69	264	77	277		/font/5001/4c
	75		83			/font/5001/4e
	81		89			/font/5001/43
	87		95			/font/5001/48
	93		101			/font/5001/42
	99		107			/font/5001/41
	105		113			/font/5001/59
	12	300	20	313	00ff00	/font/5001/54
	18		26			/font/5001/72
	24		32			/font/5001/61
	30		38			/font/5001/6e
	36		44			/font/5001/73
	42		50			/font/5001/70
	48		56			/font/5001/6f
	54		62			/font/5001/72
	60		68			/font/5001/74
