line	218	245	218	245	b0b0b0
	310	220	310	220	808080
	251	317	251	317	
	591	332	591	333	
	280	346	281	346	
	423	385	424	385	b0b0b0
	344	447	344	447	d0d0d0
	200	305	200	305	808080
	232	402	232	402	b0b0b0
	186	212	186	212	d0d0d0
	325	1	326	1	b0b0b0
	266	469	266	469	d0d0d0
	351	310	351	310	808080
	394	189	395	189	d0d0d0
	599	68	599	68	b0b0b0
	372	71	372	71	808080
	149	198	150	198	
	237	230	237	230	b0b0b0
	393	59	393	59	808080
	227	289	227	289	
	434	90	435	90	b0b0b0
	372	181	372	181	808080
	456	32	457	32	
	182	300	182	300	b0b0b0
	388	358	388	358	808080
	243	260	243	260	b0b0b0
	370	219	370	219	
	236	386	236	387	808080
	186	61	186	61	
	132	135	133	135	d0d0d0
	290	434	290	434	
	585	165	585	165	808080
	448	244	448	245	
	423	303	423	303	d0d0d0
	542	352	543	353	
	340	71	341	71	
	539	303	539	303	808080
	178	71	178	71	
	283	473	283	474	d0d0d0
	444	205	444	205	b0b0b0
	217	0	217	0	d0d0d0
	454	175	455	175	
	362	347	362	347	808080
	418	373	418	373	d0d0d0
	297	395	297	395	b0b0b0
	363	317	363	317	d0d0d0
	278	57	278	57	808080
	600	208	601	209	b0b0b0
	388	118	388	118	
	432	257	432	258	808080
	226	85	226	86	
	484	394	484	394	d0d0d0
	298	98	298	98	b0b0b0
	527	157	527	157	d0d0d0
	336	345	337	345	
	127	0	128	0	808080
	437	312	437	312	d0d0d0
	130	145	131	145	
	562	360	562	360	808080
	265	417	265	418	
	506	40	506	40	b0b0b0
	437	452	438	452	808080
	322	153	323	153	d0d0d0
	410	469	410	469	808080
	216	264	217	264	
	453	406	453	406	
	498	474	498	474	
	229	334	229	334	
	218	170	218	170	
	541	139	541	139	b0b0b0
	212	263	212	263	d0d0d0
	575	178	576	178	808080
	487	18	487	18	d0d0d0
	327		327		808080
	185	146	185	146	d0d0d0
	584	453	584	453	808080
	567	293	567	293	d0d0d0
	276	434	276	434	
	563	196	563	196	808080
	338	461	338	461	
	526	249	526	249	b0b0b0
	255	471	255	471	808080
	420	57	421	57	
	245	459	246	460	d0d0d0
	555	186	555	186	808080
	371	40	371	40	
	462	436	463	436	d0d0d0
	453	149	454	149	
	605	294	605	294	808080
	422	115	422	115	d0d0d0
	442	72	442	72	808080
	584	55	584	55	d0d0d0
	471	223	471	223	
	422	434	422	434	808080
	464	269	465	269	d0d0d0
	582	259	582	259	808080
	449	71	449	72	
	212	264	212	264	d0d0d0
	370	364	370	364	b0b0b0
	174	53	174	53	d0d0d0
	508	265	508	266	808080
	520	52	521	52	b0b0b0
	276	4	276	4	
	311	132	311	132	808080
	540	400	540	400	b0b0b0
	384	300	384	300	808080
	511	182	511	182	b0b0b0
	449	475	449	475	
	261	322	261	322	d0d0d0
	187	210	187	210	808080
	555	328	555	329	b0b0b0
	415	6	415	6	
	395	216	395	216	d0d0d0
	265	135	265	135	808080
	342	154	342	154	
	217	57	217	57	d0d0d0
	403	74	403	74	
	132	270	132	270	808080
	526	139	526	139	
	430	165	430	166	
	376	58	376	58	d0d0d0
	521	244	521	244	808080
	152	51	152	51	d0d0d0
	426	36	426	36	808080
	182	66	182	66	
point	479	293	301800
	478	298	
	475	295	
	479	296	
	476		
		298	
		295	
	475	294	
	479	295	
		296	
	495	293	402000
	493	291	
		292	
	494	290	
		292	
	493	291	
		293	
		291	
	496	290	
	494	291	
	478	295	703800
	475		
	476	293	
	477	294	
	476	296	
	477		
	476	294	
	477	293	
	478	294	
	476	295	
	481	296	904800
		297	
	480		
		296	
	479	297	
	480	296	
	479		
	480	297	
	481		
		298	
	476	296	e07000
	477		
	476	295	
			
	477	296	
	476		
			
			
			
			
	497	290	301800
	498	292	
	494	293	
	497	291	
	495	292	
	496	294	
	495	290	
	494		
	495	294	
		293	
	497	291	703800
	495	293	
	496		
	494	291	
	495	292	
	496	291	
		294	
		293	
	494		
	495		
	478	296	b05800
		295	
	477		
		296	
		295	
	476		
	477	296	
	476		
	478	295	
	476		
	458	302	
			
	459	303	
	458		
		301	
	459	303	
	458	302	
		303	
			
	457		
line	213	0	213	480	005000
	337		337		
	461		461		
	585		585		
	128	76	608	76	
		200		200	
		324		324	
		448		448	
	476	296	476	296	7fff7f
	494	291	494	291	
		293		294	
rect	448	270	464	286	00488f
	195	177	211	193	
triangle	362	234	372	244	00c000
plus	452	291	462	301	00c000
	457	310	467	320	
		325		335	
	455	350	465	360	
	452	371	462	381	
triangle	494	288	500	294	00c000
diamond	486	288	502	304	005000
	468		484		
	467	286	483	302	c00000
	471	284	487	300	
triangle	200	180	210	190	c00000
	474	294	482	302	
	458	280	466	288	00c000
	482	303	488	309	
	488	287	498	297	c00000
	196	178	206	188	
	368	297	374	303	00c000
	381	319	387	325	
	397	337	403	343	
	412	351	418	357	
	428	362	434	368	
	444	365	450	371	
	257	201	265	209	c00000
	234	209	242	217	
diamond	456	333	472	349	00c000
		336		352	
triangle	459	338	469	348	00c000
	460	341	470	351	
	452	298	458	304	c00000
	492	264	498	270	00c000
	491	260	497	266	
	453	297	459	303	
	476	295	482	301	
	483	288	489	294	c00000
					
	479	311	485	317	00c000
	485	263	491	269	c00000
	493	261	499	267	00c000
	476	304	482	310	c00000
	478	296	484	302	
	476	303	482	309	00c000
	494	298	500	304	
rect	281	211	283	213	c00000
triangle	478	294	484	300	00c000
	499	273	505	279	
rect	474	294	476	296	ff0000
					
	475	292	479		
	477	293		295	
dither	200	451	451	468	300000
tint	204	455	212	467	000000	/font/5000/20
	211		219			/font/5000/46
	218		226			/font/5000/69
	225		233			/font/5000/67
	232		240			/font/5000/68
	239		247			/font/5000/74
	246		254			/font/5000/65
	253		261			/font/5000/72
	260		268			/font/5000/20
	267		275			/font/5000/64
	274		282			/font/5000/65
	281		289			/font/5000/73
	288		296			/font/5000/74
	295		303			/font/5000/72
	302		310			/font/5000/6f
	309		317			/font/5000/79
	316		324			/font/5000/65
	323		331			/font/5000/64
	330		338			/font/5000/2e
	337		345			/font/5000/20
	344		352			
	351		359			/font/5000/31
	358		366			/font/5000/36
	365		373			/font/5000/20
	372		380			/font/5000/72
	379		387			/font/5000/65
	386		394			/font/5000/6d
	393		401			/font/5000/61
	400		408			/font/5000/69
	407		415			/font/5000/6e
	414		422			/font/5000/69
	421		429			/font/5000/6e
	428		436			/font/5000/67
	435		443			/font/5000/2e
	442		450			/font/5000/20
	203	454	211	466	ff0000	
	210		218			/font/5000/46
	217		225			/font/5000/69
	224		232			/font/5000/67
	231		239			/font/5000/68
	238		246			/font/5000/74
	245		253			/font/5000/65
	252		260			/font/5000/72
	259		267			/font/5000/20
	266		274			/font/5000/64
	273		281			/font/5000/65
	280		288			/font/5000/73
	287		295			/font/5000/74
	294		302			/font/5000/72
	301		309			/font/5000/6f
	308		316			/font/5000/79
	315		323			/font/5000/65
	322		330			/font/5000/64
	329		337			/font/5000/2e
	336		344			/font/5000/20
	343		351			
	350		358			/font/5000/31
	357		365			/font/5000/36
	364		372			/font/5000/20
	371		379			/font/5000/72
	378		386			/font/5000/65
	385		393			/font/5000/6d
	392		400			/font/5000/61
	399		407			/font/5000/69
	406		414			/font/5000/6e
	413		421			/font/5000/69
	420		428			/font/5000/6e
	427		435			/font/5000/67
	434		442			/font/5000/2e
	441		449			/font/5000/20
line	549	320	540	308	489048
			534	321	
	540	308			204020
draw	0	0	128	480	/pictures/501.png
	608		640		/pictures/512.png
tint	29	159	37	172	ff0000	/font/5001/34
	35		43			/font/5001/33
	41		49			/font/5001/36
line	614	413	614	359	00488f
		359	622		
	622			413	002850
		413	614		
rect	615	360	622	413	003870
line	614	456	614	414	007fff
		414	622		
	622			456	00488f
		456	614		
rect	615	415	622	456	0070e0
line	614	254	614	231	909048
		231	622		
	622			254	505028
		254	614		
rect	615	232	622	254	707038
line	614	328	614	255	ffff7f
		255	622		
	622			328	909048
		328	614		
rect	615	256	622	328	e0e070
line	614	106	614	103	904848
		103	622		
	622			106	502828
		106	614		
rect	615	104	622	106	703838
line	614	200	614	107	ff7f7f
		107	622		
	622			200	904848
		200	614		
rect	615	108	622	200	e07070
	634	49	636	52	7fff7f
		53		56	60c060
		57		60	
		61		64	
		65		68	
		69		72	7fff7f
		73		76	60c060
		77		80	
		81		84	
		85		88	
		89		92	7fff7f
		93		96	60c060
		97		100	
		101		104	
		105		108	
		109		112	7fff7f
		113		116	60c060
		117		120	
		121		124	
		125		128	
		129		132	7fff7f
		133		136	60c060
		137		140	
		141		144	
		145		148	
		149		152	183018
		153		156	
		157		160	
		161		164	
		165		168	
		169		172	
		173		176	
		177		180	
		181		184	
		185		188	
		189		192	
		193		196	
		197		200	
		201		204	
		205		208	
		209		212	
		213		216	
		217		220	
		221		224	
		225		228	
		229		232	
		233		236	
		237		240	
		241		244	
		245		248	
		249		252	
		253		256	
		257		260	
		261		264	
		265		268	
		269		272	
		273		276	
		277		280	
		281		284	
		285		288	
		289		292	
		293		296	
		297		300	
		301		304	
		305		308	
		309		312	
		313		316	
		317		320	
		321		324	
		325		328	
		329		332	
		333		336	
		337		340	
		341		344	
		345		348	
		349		352	
		353		356	
		357		360	
		361		364	
		365		368	
		369		372	
		373		376	
		377		380	
		381		384	
		385		388	
		389		392	
		393		396	
		397		400	
		401		404	
		405		408	
		409		412	
		413		416	
		417		420	
		421		424	
		425		428	
		429		432	
		433		436	
		437		440	
		441		444	
		445		448	
	621	52	631	56	303000
		57		61	
		62		66	
		67		71	
		72		76	
		77		81	
		82		86	
	7	7	115	115	00ff00
	8	8	114	114	001000
					003000
	12	320	121	440	001000
tint	15	320	23	333	00ff00	/font/5001/42
	21		29			/font/5001/55
	27		35			/font/5001/49
	33		41			/font/5001/4c
	39		47			/font/5001/44
	45		53			/font/5001/20
	51		59			/font/5001/53
	57		65			/font/5001/48
	63		71			/font/5001/49
	69		77			/font/5001/50
	75		83			/font/5001/53
line	12	342	119	342	009000
		438		438	
rect	16	450	114	475	001010
line	17	461	17	450	00c0c0
		450	43		
	43			461	007070
		461	17		
rect	18	451	43	461	009090
tint	19	450	27	463	00ffff	/font/5001/52
	25		33			/font/5001/47
	31		39			/font/5001/48
	37		45			/font/5001/54
	43		51			/font/5001/20
	49		57			/font/5001/42
	55		63			/font/5001/75
	61		69			/font/5001/69
	67		75			/font/5001/6c
	73		81			/font/5001/64
line	17	473	17	462	00c0c0
		462	43		
	43			473	007070
		473	17		
rect	18	463	43	473	009090
tint	19	462	27	475	00ffff	/font/5001/4c
	25		33			/font/5001/45
	31		39			/font/5001/46
	37		45			/font/5001/54
	43		51			/font/5001/20
	49		57			/font/5001/4d
	55		63			/font/5001/61
	61		69			/font/5001/69
	67		75			/font/5001/6e
	73		81			/font/5001/20
	79		87			/font/5001/4d
	85		93			/font/5001/65
	91		99			/font/5001/6e
	97		105			/font/5001/75
rect	12	180	120	192	000000
line	12	191	12	180	ffff00
		180	119		
	119			191	909000
		191	12		
rect	13	181	119	191	c0c000
tint	15	180	23	193	000000	/font/5001/43
	21		29			/font/5001/4f
	27		35			/font/5001/4e
	33		41			/font/5001/54
	39		47			/font/5001/52
	45		53			/font/5001/4f
	51		59			/font/5001/4c
rect	12	192	120	204	000000
	14	204	36	226	
line	14	204	35	204	489048
			14	205	
	35		35		
	14	225		225	
			14	224	
	35		35		
rect	40	204	51	226	000000
	53		64		
	69		120	216	
		216		228	
		192		204	
	12	228		240	
		252		264	
line	12	263	12	252	007fff
		252	119		
	119			263	00488f
		263	12		
rect	13	253	119	263	0060c0
tint	15	252	23	265	000000	/font/5001/54
	21		29			/font/5001/41
	27		35			/font/5001/52
	33		41			/font/5001/47
	39		47			/font/5001/45
	45		53			/font/5001/54
rect	12	264	120	276	000000
tint	15	264	23	277	7fff7f	/font/5001/43
	21		29			/font/5001/41
	27		35			/font/5001/52
	33		41			
	39		47			/font/5001/49
	45		53			/font/5001/45
	51		59			/font/5001/52
rect	14	276	36	298	000000
draw	21	278	29	296	/sprites/649.SMIV/0
line	14	276	35	276	489048
			14	277	
	35		35		
	14	297		297	
			14	296	
	35		35		
rect	40	276	51	298	000000
	42	278	49	278	003870
				296	0060c0
line	40	276	50	276	00488f
			40	277	
	50		50		
	40	297		297	
			40	296	
	50		50		
rect	53	276	64	298	000000
	55	278	62	278	707000
				296	c0c000
line	53	276	63	276	909000
			53	277	
	63		63		
	53	297		297	
			53	296	
	63		63		
rect	69	276	120	288	000000
tint	69	276	77	289	7fff7f	/font/5001/4c
	75		83			/font/5001/53
	81		89			/font/5001/52
	87		95			/font/5001/54
	93		101			/font/5001/55
	99		107			/font/5001/52
	105		113			
	111		119			/font/5001/54
rect	69	288	120	300	000000
tint	69	288	77	301	7fff7f	/font/5001/4d
	75		83			/font/5001/47
	81		89			/font/5001/4e
	87		95			/font/5001/54
	93		101			/font/5001/4f
	99		107			/font/5001/50
	105		113			/font/5001/4c
	111		119			/font/5001/53
rect	69	264	120	276	000000
tint	69	264	77	277	7fff7f	/font/5001/4c
	75		83			/font/5001/4e
	81		89			/font/5001/43
	87		95			/font/5001/48
	93		101			/font/5001/42
	99		107			/font/5001/41
	105		113			/font/5001/59
rect	12	300	120	312	000000
tint	12	300	20	313	00ff00	/font/5001/54
	18		26			/font/5001/72
	24		32			/font/5001/61
	30		38			/font/5001/6e
	36		44			/font/5001/73
	42		50			/font/5001/70
	48		56			/font/5001/6f
	54		62			/font/5001/72
	60		68			/font/5001/74
