line	573	271	574	272	808080
	216	172	218	173	
	157	269	159	270	
	497	284	499	285	
	187	298	189	299	
	283	312	285	314	b0b0b0
	156	350	159	352	d0d0d0
	567	88	571	90	
	571	55	573	57	b0b0b0
	200	435	203	437	d0d0d0
	445	407	448	408	b0b0b0
	582	327	583	328	808080
	258	262	259	263	
	207	92	210	94	d0d0d0
	239	476	241	477	b0b0b0
	279	23	280	24	808080
	534	323	536	324	
	576	392	579	394	b0b0b0
	299	11	301	12	808080
	134	241	135	242	
	294	18	296	19	b0b0b0
	278	133	280	134	808080
	187	450	190	452	d0d0d0
	520	73	523	75	b0b0b0
	295	310	296	311	808080
	576	398	579	400	d0d0d0
	229	146	231	148	b0b0b0
	142	338	144	339	808080
	571	124	572	125	
	515	229	517	230	
	593	129	595	130	
	491	117	493	118	
	355	196	356	197	
	235	206	238	208	d0d0d0
	355	256	358	257	
	356	455	359	457	
	446	255	447	256	808080
	522	307	525	309	d0d0d0
	582	235	584	236	b0b0b0
	303	133	306	134	
	262	435	265	436	d0d0d0
	267	78	270	80	
	268	298		299	808080
	230	276	234	278	d0d0d0
	156	323	158	324	b0b0b0
	175	220	179	222	d0d0d0
	184	9	186	10	808080
	460	136	462	137	b0b0b0
	247	45	249	47	
	338	209	340	210	808080
	132	37	134	38	
	296	297	299	299	d0d0d0
	158	26	160	27	b0b0b0
	339	60	342	62	d0d0d0
	148	248	152	250	
	418	166	422	168	
	249	215	253	217	
	421	255	425	257	
	468	312	470	313	808080
	172	369	173	370	
	378	437	381	439	d0d0d0
	344	404	345	405	808080
	135	56	138	58	d0d0d0
	317	421	318	422	808080
	603	323	606	325	d0d0d0
	359	358	361	359	808080
	404	426	406	426	
	136	286	137	287	
	400	67	402	68	b0b0b0
	504	317	507	319	d0d0d0
	482	129	483	130	808080
	466	339	469	341	d0d0d0
	574	271	577	273	b0b0b0
	541	438	543	439	808080
	491	405	492	406	
	379	196	383	198	d0d0d0
	586	190	587	191	808080
	469	148	471	149	
	245	413	246	414	
	386	176	388	178	b0b0b0
	162	423	163	423	808080
	327	8	328	9	
	488	450	491	452	d0d0d0
	461	138	463	139	808080
	138	471	140	472	
	274	339	278	341	d0d0d0
	266	52	269	54	
	511	245	513	246	808080
	234	18	237	20	d0d0d0
	348	24	350	25	808080
	365	438	368	440	d0d0d0
	283	126	286	128	
	328	386	330	387	808080
	276	172	280	174	d0d0d0
	489	211	490	211	808080
	356	23	357	24	
	554	99	556	100	
	229	291	231	293	b0b0b0
	465	220	468	222	d0d0d0
	414	217	416	218	808080
	128	453	131	455	d0d0d0
	599	371	602	373	b0b0b0
	217	84	219	85	808080
	399	327	401	329	b0b0b0
	290	252	292	253	808080
	370	110	372	111	b0b0b0
	308	402	310	404	
	578	223	580	224	808080
	573	321	574	322	
	414	256	416	257	b0b0b0
	297	434	299	435	808080
	207	119	210	121	d0d0d0
	171	86	173	87	808080
	249	106	250	107	
	556	95	558	96	
	392	467	393	468	
	517	350	519	351	
	433	91	434	92	
	336	117	338	118	
	581	160	584	162	d0d0d0
	427	196	429	197	808080
	525	299	526	300	
	513	467	514	468	
	549	270	551	271	b0b0b0
	218	0	218	480	000050
	315		315		
	412		412		
	509		509		005000
	606		606		000050
	128	62	608	62	002850
		159		159	000050
		256		256	
		353		353	
		450		450	002850
rect	434	260	450	276	00488f
triangle	362	234	372	244	00c000
plus	446	317	456	327	00c000
dither	200	464	444	480	300000
crop	204	468	211	479	0	22	000000	/fonts/tactical
	211		218		24	44		
	218		225		8	66		
	225		232		16	77		
	232		239					
	239		246		72	66		
	246		253		40			
	253		260		16	77		
	260		267		0	22		
	267		274		32	66		
	274		281		40			
	281		288		24	77		
	288		295		32			
	295		302		16			
	302		309		120	66		
	309		316		72	77		
	316		323		40	66		
	323		330		32			
	330		337		112	22		
	337		344		0			
	344		351					
	351		358		24	33		
	358		365		0	22		
	365		372		16	77		
	372		379		40	66		
	379		386		104			
	386		393		8			
	393		400		72			
	400		407		112			
	407		414		72			
	414		421		112			
	421		428		56			
	428		435		112	22		
	435		442		0			
	203	467	210	478			ff0000	
	210		217		24	44		
	217		224		8	66		
	224		231		16	77		
	231		238					
	238		245		72	66		
	245		252		40			
	252		259		16	77		
	259		266		0	22		
	266		273		32	66		
	273		280		40			
	280		287		24	77		
	287		294		32			
	294		301		16			
	301		308		120	66		
	308		315		72	77		
	315		322		40	66		
	322		329		32			
	329		336		112	22		
	336		343		0			
	343		350					
	350		357		24	33		
	357		364		0	22		
	364		371		16	77		
	371		378		40	66		
	378		385		104			
	385		392		8			
	392		399		72			
	399		406		112			
	406		413		72			
	413		420		112			
	420		427		56			
	427		434		112	22		
	434		441		0			
dither	200	50	367	67	003030
crop	204	54	211	65	80	55	000000	/fonts/tactical
	211		218		120	66		
	218		225					
	225		232		104			
	232		239		0	22		
	239		246		32	77		
	246		253		120	66		
	253		260		0	22		
	260		267		24	44		
	267		274		96	66		
	274		281		120			
	281		288		24	77		
	288		295		40	66		
	295		302		24	77		
	302		309		32			
	309		316		0	22		
	316		323		64	44		
	323		330		120	66		
	330		337		24	77		
	337		344		32			
	344		351		72	66		
	351		358		96			
	358		365		40			
	203	53	210	64	80	55	00ffff	
	210		217		120	66		
	217		224					
	224		231		104			
	231		238		0	22		
	238		245		32	77		
	245		252		120	66		
	252		259		0	22		
	259		266		24	44		
	266		273		96	66		
	273		280		120			
	280		287		24	77		
	287		294		40	66		
	294		301		24	77		
	301		308		32			
	308		315		0	22		
	315		322		64	44		
	322		329		120	66		
	329		336		24	77		
	336		343		32			
	343		350		72	66		
	350		357		96			
	357		364		40			
line	538	341	531	328	489048
			523	341	
	531	328			204020
draw	0	0	128	480	/pictures/501.png
	608		640		/pictures/512.png
crop	29	159	35	171	32	36	ff0000	/fonts/computer
	35		41		24			
	41		47		48			
line	614	413	614	359	00488f
		359	622		
	622			413	002850
		413	614		
rect	615	360	622	413	003870
line	614	456	614	414	007fff
		414	622		
	622			456	00488f
		456	614		
rect	615	415	622	456	0070e0
line	614	255	614	231	909048
		231	622		
	622			255	505028
		255	614		
rect	615	232	622	255	707038
line	614	328	614	256	ffff7f
		256	622		
	622			328	909048
		328	614		
rect	615	257	622	328	e0e070
line	614	106	614	103	904848
		103	622		
	622			106	502828
		106	614		
rect	615	104	622	106	703838
line	614	200	614	107	ff7f7f
		107	622		
	622			200	904848
		200	614		
rect	615	108	622	200	e07070
	634	49	636	52	7fff7f
		53		56	60c060
		57		60	
		61		64	
		65		68	
		69		72	7fff7f
		73		76	60c060
		77		80	
		81		84	
		85		88	
		89		92	7fff7f
		93		96	60c060
		97		100	
		101		104	
		105		108	
		109		112	7fff7f
		113		116	60c060
		117		120	
		121		124	
		125		128	
		129		132	7fff7f
		133		136	60c060
		137		140	
		141		144	
		145		148	
		149		152	183018
		153		156	
		157		160	
		161		164	
		165		168	
		169		172	
		173		176	
		177		180	
		181		184	
		185		188	
		189		192	
		193		196	
		197		200	
		201		204	
		205		208	
		209		212	
		213		216	
		217		220	
		221		224	
		225		228	
		229		232	
		233		236	
		237		240	
		241		244	
		245		248	
		249		252	
		253		256	
		257		260	
		261		264	
		265		268	
		269		272	
		273		276	
		277		280	
		281		284	
		285		288	
		289		292	
		293		296	
		297		300	
		301		304	
		305		308	
		309		312	
		313		316	
		317		320	
		321		324	
		325		328	
		329		332	
		333		336	
		337		340	
		341		344	
		345		348	
		349		352	
		353		356	
		357		360	
		361		364	
		365		368	
		369		372	
		373		376	
		377		380	
		381		384	
		385		388	
		389		392	
		393		396	
		397		400	
		401		404	
		405		408	
		409		412	
		413		416	
		417		420	
		421		424	
		425		428	
		429		432	
		433		436	
		437		440	
		441		444	
		445		448	
	621	52	631	56	303000
		57		61	
		62		66	
		67		71	
		72		76	
		77		81	
		82		86	
	7	7	115	115	00ff00
	8	8	114	114	001000
	36	36	86	86	003000
point	69	64	00e000
	70	69	
	74	95	
	92	81	
	103	80	
	101	92	
	90	88	
	87	91	
	97	106	
	68	100	
	111	55	
	97	96	
	112	89	
	98	83	
	100	91	
	71	98	
	96	111	
	110		
	97	91	
	99	89	
	100	109	
	96	93	
	95	89	
	99		
	93	92	
	101		
	98	87	
	94	91	
	99		
	94	88	
		90	
	104	97	
	95	90	
	97	87	
	99	89	
	96	92	
	99	89	
	94	88	
	100	94	
	97	91	
			
			
			
			
			
			
			
			
			
			
rect	12	320	121	440	001000
crop	15	320	21	332	16	48	00ff00	/fonts/computer
	21		27		40	60		
	27		33		72	48		
	33		39		96			
	39		45		32			
	45		51		0	24		
	51		57		24	60		
	57		63		64	48		
	63		69		72			
	69		75		0	60		
	75		81		24			
line	12	342	119	342	009000
		438		438	
rect	16	450	114	475	001010
line	17	461	17	450	00c0c0
		450	43		
	43			461	007070
		461	17		
rect	18	451	43	461	009090
crop	19	450	25	462	16	60	00ffff	/fonts/computer
	25		31		56	48		
	31		37		64			
	37		43		32	60		
	43		49		0	24		
	49		55		16	48		
	55		61		40	84		
	61		67		72	72		
	67		73		96			
	73		79		32			
line	17	473	17	462	00c0c0
		462	43		
	43			473	007070
		473	17		
rect	18	463	43	473	009090
crop	19	462	25	474	96	48	00ffff	/fonts/computer
	25		31		40			
	31		37		48			
	37		43		32	60		
	43		49		0	24		
	49		55		104	48		
	55		61		8	72		
	61		67		72			
	67		73		112			
	73		79		0	24		
	79		85		104	48		
	85		91		40	72		
	91		97		112			
	97		103		40	84		
line	12	191	12	180	ffff00
		180	120		
	120			191	909000
		191	12		
rect	13	181	120	191	c0c000
crop	15	180	21	192	24	48	000000	/fonts/computer
	21		27		120			
	27		33		112			
	33		39		32	60		
	39		45		16			
	45		51		120	48		
	51		57		96			
line	14	204	35	204	489048
			14	205	
	35		35		
	14	225		225	
			14	224	
	35		35		
	12	263	12	252	007fff
		252	120		
	120			263	00488f
		263	12		
rect	13	253	120	263	0060c0
crop	15	252	21	264	32	60	000000	/fonts/computer
	21		27		8	48		
	27		33		16	60		
	33		39		56	48		
	39		45		40			
	45		51		32	60		
	15	264	21	276	24	48	7fff7f	
	21		27		8			
	27		33		16	60		
	33		39					
	39		45		72	48		
	45		51		40			
	51		57		16	60		
draw	21	278	29	296	/sprites/649.SMIV/0
line	14	276	35	276	489048
			14	277	
	35		35		
	14	297		297	
			14	296	
	35		35		
rect	42	278	49	278	003870
				296	0060c0
line	40	276	50	276	00488f
			40	277	
	50		50		
	40	297		297	
			40	296	
	50		50		
rect	55	278	62	278	707000
				296	c0c000
line	53	276	63	276	909000
			53	277	
	63		63		
	53	297		297	
			53	296	
	63		63		
crop	69	276	75	288	96	48	7fff7f	/fonts/computer
	75		81		24	60		
	81		87		16			
	87		93		32			
	93		99		40			
	99		105		16			
	105		111					
	111		117		32			
	69	288	75	300	104	48		
	75		81		56			
	81		87		112			
	87		93		32	60		
	93		99		120	48		
	99		105		0	60		
	105		111		96	48		
	111		117		24	60		
	69	264	75	276	96	48		
	75		81		112			
	81		87		24			
	87		93		64			
	93		99		16			
	99		105		8			
	105		111		72	60		
	12	300	18	312	32		00ff00	
	18		24		16	84		
	24		30		8	72		
	30		36		112			
	36		42		24	84		
	42		48		0			
	48		54		120	72		
	54		60		16	84		
	60		66		32			
