point	392	356	d0d0d0
	445	440	b0b0b0
	518	287	808080
	378	250	b0b0b0
	294	380	808080
	344	121	d0d0d0
	485	120	b0b0b0
	331	15	
	258	423	
	280	39	808080
	202	257	b0b0b0
	460	164	
	392	319	
	576	61	
	420	407	808080
	311	72	
	296	298	b0b0b0
	215	184	
	534		
	474	234	808080
	165	155	
	243	374	
	332	335	d0d0d0
	150	180	808080
	585	225	b0b0b0
	404	251	808080
	246	51	
	579	178	
	242	310	b0b0b0
	369	137	d0d0d0
	183	165	808080
	521	135	
	218	52	
	359	270	
	170	440	d0d0d0
	210	216	808080
	345	297	b0b0b0
	187	34	808080
	460	398	b0b0b0
	534	174	808080
	289	427	b0b0b0
	604	217	808080
	208	136	b0b0b0
	431	160	d0d0d0
	452	413	
	286	301	b0b0b0
	261	15	d0d0d0
	292	55	b0b0b0
	570	25	
	202	88	808080
	454	377	d0d0d0
	152	337	808080
	327	130	
	250	455	b0b0b0
	288	57	808080
	476	117	d0d0d0
	390	207	808080
	401	242	b0b0b0
	188	99	
	485	453	d0d0d0
	416	198	808080
	295	262	
	604	234	b0b0b0
	181	65	808080
	418	168	
	210	339	
	458	35	b0b0b0
	447	310	808080
	434	4	
	133	236	b0b0b0
	302	164	
	406	301	808080
	191	414	
	275	169	
	205	256	d0d0d0
	532	350	b0b0b0
	412	272	808080
	334	219	b0b0b0
	468	333	808080
	288	119	
	164	123	
	488	228	d0d0d0
	167	365	808080
	550	227	
	604	458	d0d0d0
	129	257	808080
	542	475	b0b0b0
	483	89	
	566	120	
	396	383	808080
	268	47	d0d0d0
	571	224	808080
	401	76	d0d0d0
	451	175	808080
	450	474	b0b0b0
	210	247	808080
	446	159	d0d0d0
	253	465	b0b0b0
	537	325	808080
	159	42	
	552	363	
	491	426	d0d0d0
	408	234	808080
	405	379	b0b0b0
	462	112	
	313	412	d0d0d0
	499	283	808080
	370	292	
	583	420	
	559	440	
	181	72	
	504	266	d0d0d0
	150	167	808080
	454	0	
	583	291	d0d0d0
	572	108	808080
	488	398	b0b0b0
	329	397	808080
	486	153	b0b0b0
	371	418	d0d0d0
	356	146	808080
	400	337	
	271	209	
	547	360	b0b0b0
	132	318	d0d0d0
	561	290	402000
	277	355	
	266	364	
	414	439	
	378	271	
	302	481	
	265	461	
	351	371	
	417	264	
	490	479	
	238	265	804000
	415	317	
	323	406	
	436	414	
	339	314	
	350	450	
	236	249	
	386	292	
	301	358	
	440	368	
	138	212	e07000
	190	195	
	144	220	
	183	226	
	187	204	
	190	206	
	171	199	
	183	184	
	139	215	
	165	184	
line	228	0	228	480	000050
	128	429	608	429	
	352	66	336	75	7fff7f
	2515	-736	2507	-749	ff0000
	1084	2178	1091	2187	007fff
	2860	2507	2873	2494	
	171	148	155	157	7fff7f
	4	215	-12	222	
	253	336	264	325	
draw	343	219	399	260	/sprites/652.SMIV/15
static	159	175	175	190	f0f078	77	/sprites/512.SMIV/3
	243	55	267	87	00000000	254	/sprites/502.SMIV/6
draw	183	387	199	401	/sprites/507.SMIV/0
	171	351	187	364	/sprites/507.SMIV/1
	220	322	236	337	/sprites/507.SMIV/6
	224	324	240		/sprites/507.SMIV/1
	173	318	189	334	/sprites/507.SMIV/5
	196	327	212	340	/sprites/507.SMIV/1
	185	312	201	328	/sprites/507.SMIV/5
	190	343	206	358	/sprites/507.SMIV/6
	189	329	205	343	/sprites/507.SMIV/0
	203	367	219	381	/sprites/507.SMIV/14
	218	399	234	413	/sprites/507.SMIV/15
	187	370	199	384	/sprites/507.SMIV/12
	194	357	210	371	/sprites/507.SMIV/14
	224	315	240	329	/sprites/507.SMIV/9
	218	320	234	334	/sprites/507.SMIV/10
	206	335	222	349	/sprites/507.SMIV/15
	227	349	239	365	/sprites/507.SMIV/19
	224	350	240	364	/sprites/507.SMIV/22
	227	349	239	365	/sprites/507.SMIV/19
	228		244		/sprites/507.SMIV/18
	225	351	241	364	/sprites/507.SMIV/21
	224	350	240		/sprites/507.SMIV/22
	228	349	244	365	/sprites/507.SMIV/18
	226	351	238		/sprites/507.SMIV/20
	228	349	244		/sprites/507.SMIV/18
					
	227		239		/sprites/507.SMIV/19
					
	228		244		/sprites/507.SMIV/18
	224	350	240	364	/sprites/507.SMIV/22
	225	351	241		/sprites/507.SMIV/21
	272	340	288	356	/sprites/554.SMIV/5
	323	295	343	308	/sprites/653.SMIV/1
	249	327	262	341	/sprites/554.SMIV/3
	225	340	249	361	/sprites/517.SMIV/0
	273	326	289	344	/sprites/653.SMIV/0
	341	229	361	243	/sprites/653.SMIV/4
	282	358	291	368	/sprites/554.SMIV/1
	143	176	154	185	/sprites/504.SMIV/19
	278	257	294	273	/sprites/554.SMIV/9
	221	349	241	368	/sprites/517.SMIV/1
	222	345	246	366	/sprites/517.SMIV/0
	224	349	244	368	/sprites/517.SMIV/1
	223	353	247	374	/sprites/517.SMIV/0
	205	309	225	328	/sprites/517.SMIV/1
	212	310	236	331	/sprites/517.SMIV/0
	213	313	237	334	
		322		343	
	185	315	285	407	/sprites/504.SMIV/4
dither	200	451	451	468	300000
tint	204	455	212	467	000000	/font/5000/20
	211		219			/font/5000/46
	218		226			/font/5000/69
	225		233			/font/5000/67
	232		240			/font/5000/68
	239		247			/font/5000/74
	246		254			/font/5000/65
	253		261			/font/5000/72
	260		268			/font/5000/20
	267		275			/font/5000/64
	274		282			/font/5000/65
	281		289			/font/5000/73
	288		296			/font/5000/74
	295		303			/font/5000/72
	302		310			/font/5000/6f
	309		317			/font/5000/79
	316		324			/font/5000/65
	323		331			/font/5000/64
	330		338			/font/5000/2e
	337		345			/font/5000/20
	344		352			
	351		359			/font/5000/31
	358		366			/font/5000/37
	365		373			/font/5000/20
	372		380			/font/5000/72
	379		387			/font/5000/65
	386		394			/font/5000/6d
	393		401			/font/5000/61
	400		408			/font/5000/69
	407		415			/font/5000/6e
	414		422			/font/5000/69
	421		429			/font/5000/6e
	428		436			/font/5000/67
	435		443			/font/5000/2e
	442		450			/font/5000/20
	203	454	211	466	ff0000	
	210		218			/font/5000/46
	217		225			/font/5000/69
	224		232			/font/5000/67
	231		239			/font/5000/68
	238		246			/font/5000/74
	245		253			/font/5000/65
	252		260			/font/5000/72
	259		267			/font/5000/20
	266		274			/font/5000/64
	273		281			/font/5000/65
	280		288			/font/5000/73
	287		295			/font/5000/74
	294		302			/font/5000/72
	301		309			/font/5000/6f
	308		316			/font/5000/79
	315		323			/font/5000/65
	322		330			/font/5000/64
	329		337			/font/5000/2e
	336		344			/font/5000/20
	343		351			
	350		358			/font/5000/31
	357		365			/font/5000/37
	364		372			/font/5000/20
	371		379			/font/5000/72
	378		386			/font/5000/65
	385		393			/font/5000/6d
	392		400			/font/5000/61
	399		407			/font/5000/69
	406		414			/font/5000/6e
	413		421			/font/5000/69
	420		428			/font/5000/6e
	427		435			/font/5000/67
	434		442			/font/5000/2e
	441		449			/font/5000/20
dither	200	50	346	67	300018
tint	204	54	212	66	000000	/font/5000/57
	211		219			/font/5000/41
	218		226			/font/5000/52
	225		233			/font/5000/4e
	232		240			/font/5000/49
	239		247			/font/5000/4e
	246		254			/font/5000/47
	253		261			/font/5000/3a
	260		268			/font/5000/20
	267		275			/font/5000/53
	274		282			/font/5000/68
	281		289			/font/5000/69
	288		296			/font/5000/65
	295		303			/font/5000/6c
	302		310			/font/5000/64
	309		317			/font/5000/73
	316		324			/font/5000/20
	323		331			/font/5000/4c
	330		338			/font/5000/6f
	337		345			/font/5000/77
	203	53	211	65	ff007f	/font/5000/57
	210		218			/font/5000/41
	217		225			/font/5000/52
	224		232			/font/5000/4e
	231		239			/font/5000/49
	238		246			/font/5000/4e
	245		253			/font/5000/47
	252		260			/font/5000/3a
	259		267			/font/5000/20
	266		274			/font/5000/53
	273		281			/font/5000/68
	280		288			/font/5000/69
	287		295			/font/5000/65
	294		302			/font/5000/6c
	301		309			/font/5000/64
	308		316			/font/5000/73
	315		323			/font/5000/20
	322		330			/font/5000/4c
	329		337			/font/5000/6f
	336		344			/font/5000/77
line	215	368	230	366	489048
			220	354	
	230	366			204020
draw	0	0	128	480	/pictures/501.png
	608		640		/pictures/512.png
tint	29	159	37	172	ff0000	/font/5001/33
	35		43			/font/5001/30
	41		49			/font/5001/39
line	614	448	614	359	00488f
		359	622		
	622			448	002850
		448	614		
rect	615	360	622	448	003870
line	614	456	614	449	007fff
		449	622		
	622			456	00488f
		456	614		
rect	615	450	622	456	0070e0
line	614	262	614	231	909048
		231	622		
	622			262	505028
		262	614		
rect	615	232	622	262	707038
line	614	328	614	263	ffff7f
		263	622		
	622			328	909048
		328	614		
rect	615	264	622	328	e0e070
line	614	110	614	103	904848
		103	622		
	622			110	502828
		110	614		
rect	615	104	622	110	703838
line	614	200	614	111	ff7f7f
		111	622		
	622			200	904848
		200	614		
rect	615	112	622	200	e07070
	634	49	636	52	7fff7f
		53		56	60c060
		57		60	
		61		64	
		65		68	
		69		72	7fff7f
		73		76	60c060
		77		80	
		81		84	
		85		88	
		89		92	7fff7f
		93		96	60c060
		97		100	
		101		104	
		105		108	
		109		112	7fff7f
		113		116	60c060
		117		120	
		121		124	
		125		128	
		129		132	7fff7f
		133		136	60c060
		137		140	
		141		144	
		145		148	
		149		152	183018
		153		156	
		157		160	
		161		164	
		165		168	
		169		172	
		173		176	
		177		180	
		181		184	
		185		188	
		189		192	
		193		196	
		197		200	
		201		204	
		205		208	
		209		212	
		213		216	
		217		220	
		221		224	
		225		228	
		229		232	
		233		236	
		237		240	
		241		244	
		245		248	
		249		252	
		253		256	
		257		260	
		261		264	
		265		268	
		269		272	
		273		276	
		277		280	
		281		284	
		285		288	
		289		292	
		293		296	
		297		300	
		301		304	
		305		308	
		309		312	
		313		316	
		317		320	
		321		324	
		325		328	
		329		332	
		333		336	
		337		340	
		341		344	
		345		348	
		349		352	
		353		356	
		357		360	
		361		364	
		365		368	
		369		372	
		373		376	
		377		380	
		381		384	
		385		388	
		389		392	
		393		396	
		397		400	
		401		404	
		405		408	
		409		412	
		413		416	
		417		420	
		421		424	
		425		428	
		429		432	
		433		436	
		437		440	
		441		444	
		445		448	
	621	52	631	56	303000
		57		61	
		62		66	
		67		71	
		72		76	
		77		81	
		82		86	
	7	7	115	115	00ff00
	8	8	114	114	001000
	57	57	65	65	003000
point	31	36	00e000
	75	99	
	31	36	
	32	34	
	34	64	
	32	92	
	61	62	
	30	64	
	61	61	
	109	108	
	66	76	
	59	58	
	60	62	
	45	57	
	28	53	
	12	49	
	23	68	
	24	67	
	25	70	
	53	61	
	73	99	
	111	106	
	29	56	
	57	60	
	108	38	
	58	70	
	106	44	
	57	60	
	61	58	
	59	62	
	54	53	
	43	34	
	46	53	
	103	42	
	59	62	
	54	61	
	108	106	
	103	107	
	60	63	
	103	41	
	57	60	
	60	61	
		63	
	72	98	
	95	99	
	93	89	
	75	99	
	24	67	
	59	63	
			
rect	12	320	121	440	001000
tint	15	320	23	333	00ff00	/font/5001/42
	21		29			/font/5001/55
	27		35			/font/5001/49
	33		41			/font/5001/4c
	39		47			/font/5001/44
	45		53			/font/5001/20
	51		59			/font/5001/53
	57		65			/font/5001/48
	63		71			/font/5001/49
	69		77			/font/5001/50
	75		83			/font/5001/53
line	12	342	119	342	009000
		438		438	
rect	16	450	114	475	001010
line	17	461	17	450	00c0c0
		450	43		
	43			461	007070
		461	17		
rect	18	451	43	461	009090
tint	19	450	27	463	00ffff	/font/5001/52
	25		33			/font/5001/47
	31		39			/font/5001/48
	37		45			/font/5001/54
	43		51			/font/5001/20
	49		57			/font/5001/42
	55		63			/font/5001/75
	61		69			/font/5001/69
	67		75			/font/5001/6c
	73		81			/font/5001/64
line	17	473	17	462	00c0c0
		462	43		
	43			473	007070
		473	17		
rect	18	463	43	473	009090
tint	19	462	27	475	00ffff	/font/5001/4c
	25		33			/font/5001/45
	31		39			/font/5001/46
	37		45			/font/5001/54
	43		51			/font/5001/20
	49		57			/font/5001/4d
	55		63			/font/5001/61
	61		69			/font/5001/69
	67		75			/font/5001/6e
	73		81			/font/5001/20
	79		87			/font/5001/4d
	85		93			/font/5001/65
	91		99			/font/5001/6e
	97		105			/font/5001/75
line	12	191	12	180	ffff00
		180	120		
	120			191	909000
		191	12		
rect	13	181	120	191	c0c000
tint	15	180	23	193	000000	/font/5001/43
	21		29			/font/5001/4f
	27		35			/font/5001/4e
	33		41			/font/5001/54
	39		47			/font/5001/52
	45		53			/font/5001/4f
	51		59			/font/5001/4c
line	14	204	35	204	489048
			14	205	
	35		35		
	14	225		225	
			14	224	
	35		35		
	12	263	12	252	007fff
		252	120		
	120			263	00488f
		263	12		
rect	13	253	120	263	0060c0
tint	15	252	23	265	000000	/font/5001/54
	21		29			/font/5001/41
	27		35			/font/5001/52
	33		41			/font/5001/47
	39		47			/font/5001/45
	45		53			/font/5001/54
	15	264	23	277	7fff7f	/font/5001/43
	21		29			/font/5001/41
	27		35			/font/5001/52
	33		41			
	39		47			/font/5001/49
	45		53			/font/5001/45
	51		59			/font/5001/52
draw	21	278	29	296	/sprites/649.SMIV/0
line	14	276	35	276	489048
			14	277	
	35		35		
	14	297		297	
			14	296	
	35		35		
rect	42	278	49	278	003870
				296	0060c0
line	40	276	50	276	00488f
			40	277	
	50		50		
	40	297		297	
			40	296	
	50		50		
rect	55	278	62	279	707000
		279		296	c0c000
line	53	276	63	276	909000
			53	277	
	63		63		
	53	297		297	
			53	296	
	63		63		
tint	69	276	77	289	7fff7f	/font/5001/4c
	75		83			/font/5001/53
	81		89			/font/5001/52
	87		95			/font/5001/54
	93		101			/font/5001/55
	99		107			/font/5001/52
	105		113			
	111		119			/font/5001/54
	69	288	77	301		/font/5001/4d
	75		83			/font/5001/47
	81		89			/font/5001/4e
	87		95			/font/5001/54
	93		101			/font/5001/4f
	99		107			/font/5001/50
	105		113			/font/5001/4c
	111		119			/font/5001/53
	69	264	77	277		/font/5001/4c
	75		83			/font/5001/4e
	81		89			/font/5001/43
	87		95			/font/5001/48
	93		101			/font/5001/42
	99		107			/font/5001/41
	105		113			/font/5001/59
	12	300	20	313	00ff00	/font/5001/54
	18		26			/font/5001/72
	24		32			/font/5001/61
	30		38			/font/5001/6e
	36		44			/font/5001/73
	42		50			/font/5001/70
	48		56			/font/5001/6f
	54		62			/font/5001/72
	60		68			/font/5001/74
