point	466	337	d0d0d0
	498	82	b0b0b0
	390	372	
	300	465	
	451	256	d0d0d0
	402	341	
	405	399	b0b0b0
	468	239	808080
	342	193	
	188	266	
	416	82	
	381	428	b0b0b0
	251	336	808080
	303	68	
	331	14	d0d0d0
	578	302	808080
	541	215	d0d0d0
	175	152	
	184	456	b0b0b0
	549	197	d0d0d0
	432	384	808080
	369	243	d0d0d0
	459	145	808080
	418	409	
	481	243	
	223	410	b0b0b0
	513	280	808080
	484	435	b0b0b0
	579	119	808080
	350	412	b0b0b0
	450	395	808080
	500	81	d0d0d0
	486	281	808080
	287	29	b0b0b0
	246	39	808080
	477	445	
	256	406	b0b0b0
	568	394	
	294	440	
	170	449	808080
	298	337	b0b0b0
	549	234	d0d0d0
	252	1	
	240	383	b0b0b0
	295	123	d0d0d0
	260	309	
	488	330	
	497	266	808080
	172	381	
	470	318	
	187	119	
	439	130	b0b0b0
	595	359	808080
	506	425	d0d0d0
	555	286	808080
	432	410	b0b0b0
	178	44	808080
	322	353	b0b0b0
	589	443	
	307	61	d0d0d0
	203	417	808080
	325	22	d0d0d0
	436	328	
	448	294	808080
	133	457	
	484	89	
	192	345	
	381	76	
	460	236	
	182	380	
	192	377	
	307	98	d0d0d0
	572	163	808080
	542	399	
	578	235	d0d0d0
	452	452	b0b0b0
	269	414	d0d0d0
	528	33	808080
	503	117	
	555	348	
	431	353	
	338	405	
	374	115	
	338	325	
	157	11	d0d0d0
	156	119	808080
	144	295	d0d0d0
	601	185	b0b0b0
	368	348	808080
	593	133	
	397	406	b0b0b0
	359	306	808080
	329	277	d0d0d0
	458	44	
	182	11	
	478	477	808080
	372	206	b0b0b0
	233	230	808080
	397	284	d0d0d0
	427	271	808080
	156	335	d0d0d0
	441	39	
	365	38	
	260	305	808080
	221	118	b0b0b0
	550	392	d0d0d0
	287	342	808080
	446	81	d0d0d0
	375	171	
	526	234	808080
	448	302	
	306	65	
	417	397	
	493	342	b0b0b0
	440	161	808080
	359	403	
	217	43	d0d0d0
	265	147	808080
	601	39	
	278	297	
	150	93	b0b0b0
	602	172	d0d0d0
	538	439	808080
	356	286	
	287	414	b0b0b0
line	288	0	288	480	000050
	128	358	608	358	002850
	284	223	299	228	7fff7f
	484	431	481	422	
	77	14	61	18	007fff
draw	345	231	393	253	/sprites/652.SMIV/19
	471	433	493	462	/sprites/502.SMIV/4
	411	46	430	56	/sprites/651.SMIV/18
	95	373	107	384	/sprites/512.SMIV/20
	619	341	623	347	/sprites/513.SMIV/3
	579	462	595	477	/sprites/517.SMIV/1
	615	451	632	465	/sprites/504.SMIV/8
dither	200	460	451	477	300000
tint	204	464	212	476	000000	/font/5000/20
	211		219			/font/5000/46
	218		226			/font/5000/69
	225		233			/font/5000/67
	232		240			/font/5000/68
	239		247			/font/5000/74
	246		254			/font/5000/65
	253		261			/font/5000/72
	260		268			/font/5000/20
	267		275			/font/5000/64
	274		282			/font/5000/65
	281		289			/font/5000/73
	288		296			/font/5000/74
	295		303			/font/5000/72
	302		310			/font/5000/6f
	309		317			/font/5000/79
	316		324			/font/5000/65
	323		331			/font/5000/64
	330		338			/font/5000/2e
	337		345			/font/5000/20
	344		352			
	351		359			/font/5000/31
	358		366			/font/5000/35
	365		373			/font/5000/20
	372		380			/font/5000/72
	379		387			/font/5000/65
	386		394			/font/5000/6d
	393		401			/font/5000/61
	400		408			/font/5000/69
	407		415			/font/5000/6e
	414		422			/font/5000/69
	421		429			/font/5000/6e
	428		436			/font/5000/67
	435		443			/font/5000/2e
	442		450			/font/5000/20
	203	463	211	475	ff0000	
	210		218			/font/5000/46
	217		225			/font/5000/69
	224		232			/font/5000/67
	231		239			/font/5000/68
	238		246			/font/5000/74
	245		253			/font/5000/65
	252		260			/font/5000/72
	259		267			/font/5000/20
	266		274			/font/5000/64
	273		281			/font/5000/65
	280		288			/font/5000/73
	287		295			/font/5000/74
	294		302			/font/5000/72
	301		309			/font/5000/6f
	308		316			/font/5000/79
	315		323			/font/5000/65
	322		330			/font/5000/64
	329		337			/font/5000/2e
	336		344			/font/5000/20
	343		351			
	350		358			/font/5000/31
	357		365			/font/5000/35
	364		372			/font/5000/20
	371		379			/font/5000/72
	378		386			/font/5000/65
	385		393			/font/5000/6d
	392		400			/font/5000/61
	399		407			/font/5000/69
	406		414			/font/5000/6e
	413		421			/font/5000/69
	420		428			/font/5000/6e
	427		435			/font/5000/67
	434		442			/font/5000/2e
	441		449			/font/5000/20
dither	200	50	346	67	300018
tint	204	54	212	66	000000	/font/5000/57
	211		219			/font/5000/41
	218		226			/font/5000/52
	225		233			/font/5000/4e
	232		240			/font/5000/49
	239		247			/font/5000/4e
	246		254			/font/5000/47
	253		261			/font/5000/3a
	260		268			/font/5000/20
	267		275			/font/5000/53
	274		282			/font/5000/68
	281		289			/font/5000/69
	288		296			/font/5000/65
	295		303			/font/5000/6c
	302		310			/font/5000/64
	309		317			/font/5000/73
	316		324			/font/5000/20
	323		331			/font/5000/4c
	330		338			/font/5000/6f
	337		345			/font/5000/77
	203	53	211	65	ff007f	/font/5000/57
	210		218			/font/5000/41
	217		225			/font/5000/52
	224		232			/font/5000/4e
	231		239			/font/5000/49
	238		246			/font/5000/4e
	245		253			/font/5000/47
	252		260			/font/5000/3a
	259		267			/font/5000/20
	266		274			/font/5000/53
	273		281			/font/5000/68
	280		288			/font/5000/69
	287		295			/font/5000/65
	294		302			/font/5000/6c
	301		309			/font/5000/64
	308		316			/font/5000/73
	315		323			/font/5000/20
	322		330			/font/5000/4c
	329		337			/font/5000/6f
	336		344			/font/5000/77
line	182	168	192	180	489048
			197	166	
	192	180			204020
draw	0	0	128	480	/pictures/501.png
	608		640		/pictures/512.png
tint	29	159	37	172	ff0000	/font/5001/33
	35		43			/font/5001/30
	41		49			/font/5001/37
line	614	449	614	359	00488f
		359	622		
	622			449	002850
		449	614		
rect	615	360	622	449	003870
line	614	456	614	450	007fff
		450	622		
	622			456	00488f
		456	614		
rect	615	451	622	456	0070e0
line	614	259	614	231	909048
		231	622		
	622			259	505028
		259	614		
rect	615	232	622	259	707038
line	614	328	614	260	ffff7f
		260	622		
	622			328	909048
		328	614		
rect	615	261	622	328	e0e070
line	614	111	614	103	904848
		103	622		
	622			111	502828
		111	614		
rect	615	104	622	111	703838
line	614	200	614	112	ff7f7f
		112	622		
	622			200	904848
		200	614		
rect	615	113	622	200	e07070
line	618	8	629	8	90488f
			618	9	
	629		629		
	618	36		36	
			618	35	
	629		629		
rect	620	10	628	35	703870
		35			c060c0
	634	49	636	52	7fff7f
		53		56	60c060
		57		60	
		61		64	
		65		68	
		69		72	7fff7f
		73		76	60c060
		77		80	
		81		84	
		85		88	
		89		92	7fff7f
		93		96	60c060
		97		100	
		101		104	
		105		108	
		109		112	7fff7f
		113		116	60c060
		117		120	
		121		124	
		125		128	
		129		132	7fff7f
		133		136	60c060
		137		140	
		141		144	
		145		148	
		149		152	7fff7f
		153		156	60c060
		157		160	
		161		164	
		165		168	
		169		172	7fff7f
		173		176	60c060
		177		180	
		181		184	
		185		188	
		189		192	7fff7f
		193		196	60c060
		197		200	
		201		204	
		205		208	
		209		212	7fff7f
		213		216	60c060
		217		220	
		221		224	
		225		228	
		229		232	7fff7f
		233		236	60c060
		237		240	
		241		244	
		245		248	
		249		252	7fff7f
		253		256	60c060
		257		260	
		261		264	
		265		268	
		269		272	7fff7f
		273		276	60c060
		277		280	
		281		284	
		285		288	
		289		292	7fff7f
		293		296	60c060
		297		300	
		301		304	
		305		308	
		309		312	7fff7f
		313		316	60c060
		317		320	
		321		324	
		325		328	
		329		332	7fff7f
		333		336	60c060
		337		340	0060c0
		341		344	
		345		348	
		349		352	183018
		353		356	
		357		360	
		361		364	
		365		368	
		369		372	
		373		376	
		377		380	
		381		384	
		385		388	
		389		392	
		393		396	
		397		400	
		401		404	
		405		408	
		409		412	
		413		416	
		417		420	
		421		424	
		425		428	
		429		432	
		433		436	
		437		440	
		441		444	
		445		448	
	621	52	631	56	303000
		57		61	
		62		66	
		67		71	
		72		76	
		77		81	
		82		86	
	7	7	115	115	00ff00
	8	8	114	114	001000
	56	56	66	66	003000
point	42	45	00e000
	60	61	
	44	43	
	39	64	
	43	87	
	98	107	
	37	69	
	100	99	
	75	86	
	63	66	
		65	
	107	112	
	76	63	
	62	57	
	50		
	34	59	
	18	58	
	37	67	
		64	
	34	70	
	64	55	
	83	111	
	66	66	
	55	51	
	67	66	
	113	55	
	65	80	
	69	75	
	75	85	
	55	64	
	40	33	
	51	57	
	54	56	
	82	105	
	108	112	
	103	100	
	102	103	
	35	61	
	67	63	
	65	71	
	64	75	
rect	12	320	121	440	001000
tint	15	320	23	333	00ff00	/font/5001/42
	21		29			/font/5001/55
	27		35			/font/5001/49
	33		41			/font/5001/4c
	39		47			/font/5001/44
	45		53			/font/5001/20
	51		59			/font/5001/53
	57		65			/font/5001/48
	63		71			/font/5001/49
	69		77			/font/5001/50
	75		83			/font/5001/53
line	12	342	119	342	009000
tint	15	332	23	345	00ff00	/font/5001/50
	21		29			/font/5001/72
	27		35			/font/5001/6f
	33		41			/font/5001/78
	39		47			/font/5001/69
	45		53			/font/5001/6d
	51		59			/font/5001/61
	57		65			/font/5001/20
	63		71			/font/5001/41
	69		77			/font/5001/6c
	75		83			/font/5001/70
	81		89			/font/5001/68
	87		95			/font/5001/61
line	12	355	12	344	009000
		344	120		
	120			355	005000
		355	12		
rect	13	345	120	355	007000
tint	15	344	23	357	00ff00	/font/5001/46
	21		29			/font/5001/69
	27		35			/font/5001/67
	33		41			/font/5001/68
	39		47			/font/5001/74
	45		53			/font/5001/65
	51		59			/font/5001/72
	15	356	23	369		/font/5001/43
	21		29			/font/5001/72
	27		35			/font/5001/75
	33		41			/font/5001/69
	39		47			/font/5001/73
	45		53			/font/5001/65
	51		59			/font/5001/72
	15	368	23	381		/font/5001/47
	21		29			/font/5001/75
	27		35			/font/5001/6e
	33		41			/font/5001/73
	39		47			/font/5001/68
	45		53			/font/5001/69
	51		59			/font/5001/70
	15	380	23	393		/font/5001/54
	21		29			/font/5001/72
	27		35			/font/5001/61
	33		41			/font/5001/6e
	39		47			/font/5001/73
	45		53			/font/5001/70
	51		59			/font/5001/6f
	57		65			/font/5001/72
	63		71			/font/5001/74
line	12	438	119	438	009000
rect	16	450	114	475	001010
line	17	461	17	450	00c0c0
		450	43		
	43			461	007070
		461	17		
rect	18	451	43	461	009090
tint	19	450	27	463	00ffff	/font/5001/52
	25		33			/font/5001/47
	31		39			/font/5001/48
	37		45			/font/5001/54
	43		51			/font/5001/20
	49		57			/font/5001/42
	55		63			/font/5001/75
	61		69			/font/5001/69
	67		75			/font/5001/6c
	73		81			/font/5001/64
line	17	473	17	462	00c0c0
		462	43		
	43			473	007070
		473	17		
rect	18	463	43	473	009090
tint	19	462	27	475	00ffff	/font/5001/4c
	25		33			/font/5001/45
	31		39			/font/5001/46
	37		45			/font/5001/54
	43		51			/font/5001/20
	49		57			/font/5001/4d
	55		63			/font/5001/61
	61		69			/font/5001/69
	67		75			/font/5001/6e
	73		81			/font/5001/20
	79		87			/font/5001/4d
	85		93			/font/5001/65
	91		99			/font/5001/6e
	97		105			/font/5001/75
line	12	191	12	180	ffff00
		180	120		
	120			191	909000
		191	12		
rect	13	181	120	191	c0c000
tint	15	180	23	193	000000	/font/5001/43
	21		29			/font/5001/4f
	27		35			/font/5001/4e
	33		41			/font/5001/54
	39		47			/font/5001/52
	45		53			/font/5001/4f
	51		59			/font/5001/4c
	15	192	23	205	7fff7f	/font/5001/50
	21		29			/font/5001/72
	27		35			/font/5001/6f
	33		41			/font/5001/78
	39		47			/font/5001/69
	45		53			/font/5001/6d
	51		59			/font/5001/61
	57		65			/font/5001/20
	63		71			/font/5001/41
	69		77			/font/5001/6c
	75		83			/font/5001/70
	81		89			/font/5001/68
	87		95			/font/5001/61
draw	16	207	34	224	/sprites/1001.SMIV/0
line	14	204	35	204	489048
			14	205	
	35		35		
	14	225		225	
			14	224	
	35		35		
	12	263	12	252	007fff
		252	120		
	120			263	00488f
		263	12		
rect	13	253	120	263	0060c0
tint	15	252	23	265	000000	/font/5001/54
	21		29			/font/5001/41
	27		35			/font/5001/52
	33		41			/font/5001/47
	39		47			/font/5001/45
	45		53			/font/5001/54
	15	264	23	277	7fff7f	/font/5001/43
	21		29			/font/5001/41
	27		35			/font/5001/52
	33		41			
	39		47			/font/5001/49
	45		53			/font/5001/45
	51		59			/font/5001/52
draw	21	278	29	296	/sprites/649.SMIV/0
line	14	276	35	276	489048
			14	277	
	35		35		
	14	297		297	
			14	296	
	35		35		
rect	42	278	49	278	003870
				296	0060c0
line	40	276	50	276	00488f
			40	277	
	50		50		
	40	297		297	
			40	296	
	50		50		
rect	55	278	62	279	707000
		279		296	c0c000
line	53	276	63	276	909000
			53	277	
	63		63		
	53	297		297	
			53	296	
	63		63		
tint	69	276	77	289	7fff7f	/font/5001/4c
	75		83			/font/5001/53
	81		89			/font/5001/52
	87		95			/font/5001/54
	93		101			/font/5001/55
	99		107			/font/5001/52
	105		113			
	111		119			/font/5001/54
	69	288	77	301		/font/5001/4d
	75		83			/font/5001/47
	81		89			/font/5001/4e
	87		95			/font/5001/54
	93		101			/font/5001/4f
	99		107			/font/5001/50
	105		113			/font/5001/4c
	111		119			/font/5001/53
	69	264	77	277		/font/5001/4c
	75		83			/font/5001/4e
	81		89			/font/5001/43
	87		95			/font/5001/48
	93		101			/font/5001/42
	99		107			/font/5001/41
	105		113			/font/5001/59
	12	300	20	313	00ff00	/font/5001/54
	18		26			/font/5001/72
	24		32			/font/5001/61
	30		38			/font/5001/6e
	36		44			/font/5001/73
	42		50			/font/5001/70
	48		56			/font/5001/6f
	54		62			/font/5001/72
	60		68			/font/5001/74
