point	510	54	d0d0d0
	318	396	808080
	590	453	
	515	46	
	313	434	
	367	207	b0b0b0
	168	46	d0d0d0
	311	339	b0b0b0
	600	306	
	450	322	808080
	267	387	d0d0d0
	158	273	b0b0b0
	513	392	808080
	565	123	
	375	224	d0d0d0
	594	83	b0b0b0
	472	82	
	218	253	d0d0d0
	215	445	b0b0b0
	478	78	
	256	339	
	567	441	d0d0d0
	241	182	808080
	229	464	
	329	115	b0b0b0
	254	449	808080
	461	170	d0d0d0
	449	155	
	141	449	808080
	168	251	
	333	443	d0d0d0
	337	165	808080
	405	144	d0d0d0
	200	50	b0b0b0
	508	94	808080
	555	21	
	489	9	b0b0b0
	597	232	d0d0d0
	476	29	808080
	407	408	b0b0b0
	185	398	808080
	477	251	b0b0b0
	214	85	808080
	221	317	b0b0b0
	236	349	808080
	261	362	b0b0b0
	532	84	d0d0d0
	354	82	b0b0b0
	434	436	808080
	245	424	d0d0d0
	448	174	808080
	352	8	b0b0b0
	377	294	808080
	457	43	b0b0b0
	337	130	808080
	587	9	
	439	100	
	460	469	
	378	348	
	351	224	d0d0d0
	201	467	b0b0b0
	310	335	
	306	218	808080
	328	92	d0d0d0
	568	64	
	401	399	
	454	400	808080
	198	178	d0d0d0
	353	209	
	444	436	808080
	454	433	
	241	241	
	555	51	b0b0b0
	519	341	d0d0d0
	135	173	808080
	158	414	d0d0d0
	578	24	808080
	310	394	
	285	384	
	336	376	
	295	146	d0d0d0
	154	393	808080
	156	302	
	598	128	
	183	268	b0b0b0
	417	175	808080
	174	386	b0b0b0
	315	450	d0d0d0
	170	381	
	174	455	b0b0b0
	304	80	d0d0d0
	152	290	
	374	71	
	502	414	
	203	147	b0b0b0
	181	333	
	336	3	d0d0d0
	494	285	808080
	286	2	
		346	d0d0d0
	223	75	b0b0b0
	396	169	
	409	113	d0d0d0
	522	360	808080
	134	387	b0b0b0
	600	381	808080
	548	397	
	547	7	d0d0d0
	348	363	b0b0b0
	485	142	d0d0d0
	280	162	b0b0b0
	567	120	808080
	198	439	
	314	138	
		190	d0d0d0
	150	276	b0b0b0
	427	467	808080
	527	203	
	509	120	b0b0b0
	540	353	808080
	543	176	b0b0b0
	517	427	
	449	14	808080
	142	310	b0b0b0
	374	12	808080
	672	495	c06000
	665	509	
	676	511	
	672	506	
		493	
	673	499	
	680	506	
	665	509	
	675	499	
	684	492	
	488	281	402000
	487	249	
	478	267	
	528	223	
	474	249	
	507	259	
	468	289	
	515	278	
	493	248	
	525	244	
	477	224	703800
	475	231	
	486	270	
	469	250	
	472	221	
	459	264	
	509		
	468	228	
	513	245	
	492	252	
	479	194	a05000
	478	210	
	460	223	
	495	207	
	482	223	
	472	211	
	454	226	
	459	223	
	481	202	
	486	222	
	471	226	
	472	206	
	487	185	
	489	204	
	480	197	
	456	216	
	467	187	
	491	221	
	490	190	
	467	219	
	480	256	
	461	230	
	471	255	
	474	264	
	485	237	
	494	252	
	474	237	
	483	240	
	498	224	
	471	251	
	460	191	d06800
	467	192	
	463		
	456	204	
	451	189	
	468	204	
	453	207	
	458	202	
	467		
		198	
	674	493	ff7f00
	673	492	
	674		
	673		
			
			
		491	
		492	
			
		493	
	453	185	
	454		
	452		
		186	
		184	
	453	186	
	454	184	
	452		
	454	186	
	453		
line	146	0	146	480	000050
	274		274		
	402		402		005000
	530		530		000050
	128	30	608	30	
		158		158	
		286		286	002850
		414		414	000050
	383	238	379	237	7fff7f
	365	162	361	161	
	413	201	409	202	
	363	179	359	179	
	454	180	450		
	643	461	640	458	
	453	179	449	179	
	1174	827	1172	824	007fff
	409	172	405	171	7fff7f
	408	179	404	180	
draw	301	32	329	58	/sprites/1001.SMIV/0
	361	235	375	245	/sprites/652.SMIV/9
	331	18	345	24	/sprites/587.SMIV/17
	302	123	310	135	/sprites/587.SMIV/1
	327	353	334	365	/sprites/587.SMIV/0
	104	162	108	166	/sprites/651.SMIV/1
static	605	231	612	239	00000000	254	/sprites/502.SMIV/7
draw	525	302	531	305	/sprites/651.SMIV/17
	493	125	498	129	/sprites/651.SMIV/14
	516	255	522	258	/sprites/651.SMIV/18
	382	193	388	196	/sprites/651.SMIV/5
	237	160	243	163	/sprites/651.SMIV/19
	344	161	370	197	/sprites/649.SMIV/1
	353	141	379	178	/sprites/649.SMIV/23
static	469	243	479	254	ffffff	44	/sprites/652.SMIV/23
draw	614	425	626	436	/sprites/652.SMIV/2
	495	279	501	282	/sprites/651.SMIV/18
	455	174	460	178	/sprites/651.SMIV/14
	532	194	538	197	/sprites/651.SMIV/16
	70	87	74	90	/sprites/512.SMIV/20
static	445	187	449	191	f0f078	37	/sprites/512.SMIV/15
draw	351	108	355	112	/sprites/651.SMIV/13
	633	466	636	469	/sprites/528.SMIV/22
	449	187	451	189	/sprites/504.SMIV/19
	451	184	453	185	/sprites/504.SMIV/18
	458	229	463	233	/sprites/517.SMIV/1
	456	227	461	231	/sprites/504.SMIV/3
dither	200	451	451	468	300000
tint	204	455	212	467	000000	/font/5000/20
	211		219			/font/5000/46
	218		226			/font/5000/69
	225		233			/font/5000/67
	232		240			/font/5000/68
	239		247			/font/5000/74
	246		254			/font/5000/65
	253		261			/font/5000/72
	260		268			/font/5000/20
	267		275			/font/5000/64
	274		282			/font/5000/65
	281		289			/font/5000/73
	288		296			/font/5000/74
	295		303			/font/5000/72
	302		310			/font/5000/6f
	309		317			/font/5000/79
	316		324			/font/5000/65
	323		331			/font/5000/64
	330		338			/font/5000/2e
	337		345			/font/5000/20
	344		352			
	351		359			/font/5000/31
	358		366			/font/5000/34
	365		373			/font/5000/20
	372		380			/font/5000/72
	379		387			/font/5000/65
	386		394			/font/5000/6d
	393		401			/font/5000/61
	400		408			/font/5000/69
	407		415			/font/5000/6e
	414		422			/font/5000/69
	421		429			/font/5000/6e
	428		436			/font/5000/67
	435		443			/font/5000/2e
	442		450			/font/5000/20
	203	454	211	466	ff0000	
	210		218			/font/5000/46
	217		225			/font/5000/69
	224		232			/font/5000/67
	231		239			/font/5000/68
	238		246			/font/5000/74
	245		253			/font/5000/65
	252		260			/font/5000/72
	259		267			/font/5000/20
	266		274			/font/5000/64
	273		281			/font/5000/65
	280		288			/font/5000/73
	287		295			/font/5000/74
	294		302			/font/5000/72
	301		309			/font/5000/6f
	308		316			/font/5000/79
	315		323			/font/5000/65
	322		330			/font/5000/64
	329		337			/font/5000/2e
	336		344			/font/5000/20
	343		351			
	350		358			/font/5000/31
	357		365			/font/5000/34
	364		372			/font/5000/20
	371		379			/font/5000/72
	378		386			/font/5000/65
	385		393			/font/5000/6d
	392		400			/font/5000/61
	399		407			/font/5000/69
	406		414			/font/5000/6e
	413		421			/font/5000/69
	420		428			/font/5000/6e
	427		435			/font/5000/67
	434		442			/font/5000/2e
	441		449			/font/5000/20
dither	200	50	262	67	003030
tint	204	54	212	66	000000	/font/5000/31
	211		219			/font/5000/3a
	218		226			/font/5000/34
	225		233			/font/5000/20
	232		240			/font/5000/5a
	239		247			/font/5000/6f
	246		254			
	253		261			/font/5000/6d
	203	53	211	65	00ffff	/font/5000/31
	210		218			/font/5000/3a
	217		225			/font/5000/34
	224		232			/font/5000/20
	231		239			/font/5000/5a
	238		246			/font/5000/6f
	245		253			
	252		260			/font/5000/6d
line	511	378	507	363	489048
			496	375	
	507	363			204020
draw	0	0	128	480	/pictures/501.png
	608		640		/pictures/512.png
tint	29	159	37	172	ff0000	/font/5001/33
	35		43			/font/5001/30
	41		49			/font/5001/37
line	614	448	614	359	00488f
		359	622		
	622			448	002850
		448	614		
rect	615	360	622	448	003870
line	614	456	614	449	007fff
		449	622		
	622			456	00488f
		456	614		
rect	615	450	622	456	0070e0
line	614	258	614	231	909048
		231	622		
	622			258	505028
		258	614		
rect	615	232	622	258	707038
line	614	328	614	259	ffff7f
		259	622		
	622			328	909048
		328	614		
rect	615	260	622	328	e0e070
line	614	114	614	103	904848
		103	622		
	622			114	502828
		114	614		
rect	615	104	622	114	703838
line	614	200	614	115	ff7f7f
		115	622		
	622			200	904848
		200	614		
rect	615	116	622	200	e07070
line	618	8	629	8	90488f
			618	9	
	629		629		
	618	36		36	
			618	35	
	629		629		
rect	620	10	628	35	703870
		35			c060c0
	634	49	636	52	7fff7f
		53		56	60c060
		57		60	
		61		64	
		65		68	
		69		72	7fff7f
		73		76	60c060
		77		80	
		81		84	
		85		88	
		89		92	7fff7f
		93		96	60c060
		97		100	
		101		104	
		105		108	
		109		112	7fff7f
		113		116	60c060
		117		120	
		121		124	
		125		128	
		129		132	7fff7f
		133		136	60c060
		137		140	
		141		144	
		145		148	
		149		152	7fff7f
		153		156	60c060
		157		160	
		161		164	
		165		168	
		169		172	7fff7f
		173		176	60c060
		177		180	
		181		184	
		185		188	
		189		192	7fff7f
		193		196	60c060
		197		200	
		201		204	
		205		208	
		209		212	7fff7f
		213		216	60c060
		217		220	
		221		224	
		225		228	
		229		232	7fff7f
		233		236	60c060
		237		240	
		241		244	
		245		248	
		249		252	7fff7f
		253		256	60c060
		257		260	
		261		264	
		265		268	
		269		272	7fff7f
		273		276	60c060
		277		280	
		281		284	
		285		288	
		289		292	7fff7f
		293		296	60c060
		297		300	
		301		304	
		305		308	
		309		312	7fff7f
		313		316	60c060
		317		320	
		321		324	
		325		328	
		329		332	7fff7f
		333		336	60c060
		337		340	0060c0
		341		344	
		345		348	
		349		352	183018
		353		356	
		357		360	
		361		364	
		365		368	
		369		372	
		373		376	
		377		380	
		381		384	
		385		388	
		389		392	
		393		396	
		397		400	
		401		404	
		405		408	
		409		412	
		413		416	
		417		420	
		421		424	
		425		428	
		429		432	
		433		436	
		437		440	
		441		444	
		445		448	
	621	52	631	56	303000
		57		61	
		62		66	
		67		71	
		72		76	
		77		81	
		82		86	
	7	7	115	115	00ff00
	8	8	114	114	001000
	42	42	80	80	003000
point	57	46	00e000
	59	44	
	57	53	
	58	70	
	61	61	
	60	51	
	61	55	
	71	64	
	83	81	
	80	61	
	61	57	
	64	59	
	74	66	
	83	53	
	71		
	73	62	
	62	58	
	51	55	
	61	57	
		55	
	69	61	
	81	76	
	94	105	
	67	57	
	74	58	
	67	57	
			
	85	81	
	67	57	
	38	49	
	29	22	
	64	56	
	82	78	
	64	57	
	82	79	
	84	81	
	67	57	
	41	55	
	96	109	
	68	61	
			
	110	84	
	68	56	
	86	61	
rect	12	320	121	440	001000
tint	15	320	23	333	00ff00	/font/5001/42
	21		29			/font/5001/55
	27		35			/font/5001/49
	33		41			/font/5001/4c
	39		47			/font/5001/44
	45		53			/font/5001/20
	51		59			/font/5001/53
	57		65			/font/5001/48
	63		71			/font/5001/49
	69		77			/font/5001/50
	75		83			/font/5001/53
line	12	342	119	342	009000
tint	15	332	23	345	00ff00	/font/5001/50
	21		29			/font/5001/72
	27		35			/font/5001/6f
	33		41			/font/5001/78
	39		47			/font/5001/69
	45		53			/font/5001/6d
	51		59			/font/5001/61
	57		65			/font/5001/20
	63		71			/font/5001/41
	69		77			/font/5001/6c
	75		83			/font/5001/70
	81		89			/font/5001/68
	87		95			/font/5001/61
line	12	355	12	344	009000
		344	120		
	120			355	005000
		355	12		
rect	13	345	120	355	007000
tint	15	344	23	357	00ff00	/font/5001/46
	21		29			/font/5001/69
	27		35			/font/5001/67
	33		41			/font/5001/68
	39		47			/font/5001/74
	45		53			/font/5001/65
	51		59			/font/5001/72
	15	356	23	369		/font/5001/43
	21		29			/font/5001/72
	27		35			/font/5001/75
	33		41			/font/5001/69
	39		47			/font/5001/73
	45		53			/font/5001/65
	51		59			/font/5001/72
	15	368	23	381		/font/5001/47
	21		29			/font/5001/75
	27		35			/font/5001/6e
	33		41			/font/5001/73
	39		47			/font/5001/68
	45		53			/font/5001/69
	51		59			/font/5001/70
	15	380	23	393		/font/5001/54
	21		29			/font/5001/72
	27		35			/font/5001/61
	33		41			/font/5001/6e
	39		47			/font/5001/73
	45		53			/font/5001/70
	51		59			/font/5001/6f
	57		65			/font/5001/72
	63		71			/font/5001/74
line	12	438	119	438	009000
rect	16	450	114	475	001010
line	17	461	17	450	00c0c0
		450	43		
	43			461	007070
		461	17		
rect	18	451	43	461	009090
tint	19	450	27	463	00ffff	/font/5001/52
	25		33			/font/5001/47
	31		39			/font/5001/48
	37		45			/font/5001/54
	43		51			/font/5001/20
	49		57			/font/5001/42
	55		63			/font/5001/75
	61		69			/font/5001/69
	67		75			/font/5001/6c
	73		81			/font/5001/64
line	17	473	17	462	00c0c0
		462	43		
	43			473	007070
		473	17		
rect	18	463	43	473	009090
tint	19	462	27	475	00ffff	/font/5001/4c
	25		33			/font/5001/45
	31		39			/font/5001/46
	37		45			/font/5001/54
	43		51			/font/5001/20
	49		57			/font/5001/4d
	55		63			/font/5001/61
	61		69			/font/5001/69
	67		75			/font/5001/6e
	73		81			/font/5001/20
	79		87			/font/5001/4d
	85		93			/font/5001/65
	91		99			/font/5001/6e
	97		105			/font/5001/75
rect	12	180	120	192	000000
line	12	191	12	180	ffff00
		180	119		
	119			191	909000
		191	12		
rect	13	181	119	191	c0c000
tint	15	180	23	193	000000	/font/5001/43
	21		29			/font/5001/4f
	27		35			/font/5001/4e
	33		41			/font/5001/54
	39		47			/font/5001/52
	45		53			/font/5001/4f
	51		59			/font/5001/4c
rect	12	192	120	204	000000
tint	15	192	23	205	7fff7f	/font/5001/50
	21		29			/font/5001/72
	27		35			/font/5001/6f
	33		41			/font/5001/78
	39		47			/font/5001/69
	45		53			/font/5001/6d
	51		59			/font/5001/61
	57		65			/font/5001/20
	63		71			/font/5001/41
	69		77			/font/5001/6c
	75		83			/font/5001/70
	81		89			/font/5001/68
	87		95			/font/5001/61
rect	14	204	36	226	000000
draw	16	207	34	224	/sprites/1001.SMIV/0
line	14	204	35	204	489048
			14	205	
	35		35		
	14	225		225	
			14	224	
	35		35		
rect	40	204	51	226	000000
	53		64		
	69		120	216	
		216		228	
	12	228		240	
		252		264	
line	12	263	12	252	007fff
		252	119		
	119			263	00488f
		263	12		
rect	13	253	119	263	0060c0
tint	15	252	23	265	000000	/font/5001/54
	21		29			/font/5001/41
	27		35			/font/5001/52
	33		41			/font/5001/47
	39		47			/font/5001/45
	45		53			/font/5001/54
rect	12	264	120	276	000000
tint	15	264	23	277	7fff7f	/font/5001/43
	21		29			/font/5001/41
	27		35			/font/5001/52
	33		41			
	39		47			/font/5001/49
	45		53			/font/5001/45
	51		59			/font/5001/52
rect	14	276	36	298	000000
draw	21	278	29	296	/sprites/649.SMIV/0
line	14	276	35	276	489048
			14	277	
	35		35		
	14	297		297	
			14	296	
	35		35		
rect	40	276	51	298	000000
	42	278	49	278	003870
				296	0060c0
line	40	276	50	276	00488f
			40	277	
	50		50		
	40	297		297	
			40	296	
	50		50		
rect	53	276	64	298	000000
	55	278	62	279	707000
		279		296	c0c000
line	53	276	63	276	909000
			53	277	
	63		63		
	53	297		297	
			53	296	
	63		63		
rect	69	276	120	288	000000
tint	69	276	77	289	7fff7f	/font/5001/4c
	75		83			/font/5001/53
	81		89			/font/5001/52
	87		95			/font/5001/54
	93		101			/font/5001/55
	99		107			/font/5001/52
	105		113			
	111		119			/font/5001/54
rect	69	288	120	300	000000
tint	69	288	77	301	7fff7f	/font/5001/4d
	75		83			/font/5001/47
	81		89			/font/5001/4e
	87		95			/font/5001/54
	93		101			/font/5001/4f
	99		107			/font/5001/50
	105		113			/font/5001/4c
	111		119			/font/5001/53
rect	69	264	120	276	000000
tint	69	264	77	277	7fff7f	/font/5001/4c
	75		83			/font/5001/4e
	81		89			/font/5001/43
	87		95			/font/5001/48
	93		101			/font/5001/42
	99		107			/font/5001/41
	105		113			/font/5001/59
rect	12	300	120	312	000000
tint	12	300	20	313	00ff00	/font/5001/54
	18		26			/font/5001/72
	24		32			/font/5001/61
	30		38			/font/5001/6e
	36		44			/font/5001/73
	42		50			/font/5001/70
	48		56			/font/5001/6f
	54		62			/font/5001/72
	60		68			/font/5001/74
