point	332	7	d0d0d0
	229	372	808080
	501	429	
	426	23	
	223	411	
	233	172	b0b0b0
	503	123	
	177	304	
	466	271	
	361	298	808080
	568	38	d0d0d0
	537	265	808080
	424	368	
	476	100	
	196	177	d0d0d0
	460	48	b0b0b0
	338	46	
	519	54	d0d0d0
	545	49	
	344	43	b0b0b0
	601	82	
	389	394	d0d0d0
	152	159	808080
	139	440	
	196	80	b0b0b0
	165	425	808080
	283	123	d0d0d0
	271	108	
	531	107	808080
	511	398	d0d0d0
	155	396	
	248	142	808080
	227	96	d0d0d0
	545	204	b0b0b0
	419	71	808080
	131	475	d0d0d0
	171	461	808080
	419	185	d0d0d0
	387	6	808080
	273	373	b0b0b0
	559	409	
	343	216	
	603	441	
	579	2	808080
	147	325	
	605	90	d0d0d0
	354	36	
	220	46	b0b0b0
	345	413	808080
	546	104	d0d0d0
	359	151	808080
	553	430	
	288	270	
	323	8	b0b0b0
	248	107	808080
	429	452	d0d0d0
	350	77	808080
	371	446	
	289	325	
	173	177	d0d0d0
	530	477	
	177	300	b0b0b0
	217	194	808080
	150	45	d0d0d0
	390	17	
	223	352	
	365	377	808080
	499	265	d0d0d0
	175	162	
	355	413	808080
	365	410	
	152	217	
	421	16	b0b0b0
	341	294	d0d0d0
	445	354	
	532	230	808080
	489	1	
	221	370	
	196	361	
	247	353	
	601	139	
	545	413	
	487	437	d0d0d0
	509	105	808080
	528	218	b0b0b0
	328	152	808080
	490	45	d0d0d0
	137	403	
	538	129	808080
	519	217	b0b0b0
	605	125	808080
	452	136	d0d0d0
	195	24	
	324	367	
	548	316	b0b0b0
	552	102	808080
	147	456	
	405	262	
	198	438	d0d0d0
	587	167	
	580	439	808080
	262	134	b0b0b0
	231	65	d0d0d0
	432	337	808080
	480	367	b0b0b0
	510	357	808080
	459	374	
	153	448	b0b0b0
	214	328	
	307	95	d0d0d0
	147	127	b0b0b0
	478	97	808080
	579	228	b0b0b0
	225	114	808080
	136	143	d0d0d0
	459	1	
	338	443	808080
	438	179	
	375	85	b0b0b0
	450	329	808080
	410	141	b0b0b0
	384	392	
	445	465	
	448	336	d0d0d0
	335	463	b0b0b0
	488	375	201000
	448	424	
	422	453	
	487	445	
	423	399	
	475	441	
	450	389	
	483	424	
	412	369	
	445	364	
	456	420	603000
	410	414	
	429	426	
	447	403	
	417	409	
	462	430	
	420	397	
	472	403	
	476	383	
	463	402	
	365	217	a05000
	371	240	
	368	219	
	362	237	
	372	230	
	351	217	
	333	225	
	352	210	
	365	244	
	354	221	
	388	227	301800
	373	175	
	412	208	
	410	206	
	383	197	
	391	194	
		230	
	427	195	
	395	212	
	411	222	
	452	411	b05800
	424	417	
	439	396	
	430	404	
	419	411	
	447	417	
	432	395	
	447	405	
	422	421	
		411	
	394	184	502800
	368	242	
	360	210	
	367	197	
	368	246	
	421	210	
	381	211	
	366	218	
	402	209	
	372	195	
	370	206	703800
	374	211	
	367	236	
	353	223	
	386	185	
	336	224	
		233	
	370	225	
	344	220	
	351	204	
	423	415	f07800
	426	413	
		412	
		408	
	427	409	
	423	410	
		415	
	425	412	
	426	410	
	427	415	
	349	215	a05000
	384	234	
	369	225	
	360	216	
	353	202	
	352	238	
	369	231	
	352	218	
	372	241	
	370	230	
line	225	0	225	480	005000
	353		353		000050
	481		481		
	128	111	608	111	
		239		239	002850
		367		367	000050
	302	206	305	208	7fff7f
	374	221	374	217	
	350	219	353	222	
	372	177	372	173	
	442	381	443	378	
	383	135	385	131	
draw	123	-14	151	12	/sprites/1001.SMIV/0
	362	235	374	246	/sprites/652.SMIV/10
	176	102	189	112	/sprites/587.SMIV/3
static	408	394	426	415	f0f078	113	/sprites/524.SMIV/2
	333	203	338	214	00000000	17	/sprites/502.SMIV/11
draw	231	69	235	73	/sprites/651.SMIV/12
	453	172	459	175	/sprites/651.SMIV/16
	310	183	316	186	/sprites/651.SMIV/7
static	347	230	353	234	ffffff	53	/sprites/651.SMIV/9
draw	392	182	398	185	/sprites/651.SMIV/19
	266	67	272	70	/sprites/651.SMIV/20
	309	30	333	69	/sprites/649.SMIV/13
	295	41	319	79	/sprites/649.SMIV/11
	386	118	398	129	/sprites/652.SMIV/14
	459	350	474	356	/sprites/652.SMIV/6
	301	193	306	197	/sprites/651.SMIV/2
	279	234	285	237	/sprites/651.SMIV/7
	474	297	478	300	/sprites/512.SMIV/17
	378	164	383	168	/sprites/651.SMIV/14
	366	283	372	287	/sprites/651.SMIV/21
	408	281	412	284	/sprites/512.SMIV/20
	434	370	436	372	/sprites/526.SMIV/0
	423	409	425	410	/sprites/504.SMIV/18
	418	400	420	402	/sprites/526.SMIV/0
	444	338	446	340	
	305	256	308	258	/sprites/508.SMIV/2
	442	346	444	348	/sprites/526.SMIV/0
	446	348	448	350	
	418	398	421	401	/sprites/528.SMIV/2
	435	369	437	371	/sprites/526.SMIV/0
dither	200	451	451	468	300000
tint	204	455	212	467	000000	/font/5000/20
	211		219			/font/5000/46
	218		226			/font/5000/69
	225		233			/font/5000/67
	232		240			/font/5000/68
	239		247			/font/5000/74
	246		254			/font/5000/65
	253		261			/font/5000/72
	260		268			/font/5000/20
	267		275			/font/5000/64
	274		282			/font/5000/65
	281		289			/font/5000/73
	288		296			/font/5000/74
	295		303			/font/5000/72
	302		310			/font/5000/6f
	309		317			/font/5000/79
	316		324			/font/5000/65
	323		331			/font/5000/64
	330		338			/font/5000/2e
	337		345			/font/5000/20
	344		352			
	351		359			/font/5000/31
	358		366			/font/5000/35
	365		373			/font/5000/20
	372		380			/font/5000/72
	379		387			/font/5000/65
	386		394			/font/5000/6d
	393		401			/font/5000/61
	400		408			/font/5000/69
	407		415			/font/5000/6e
	414		422			/font/5000/69
	421		429			/font/5000/6e
	428		436			/font/5000/67
	435		443			/font/5000/2e
	442		450			/font/5000/20
	203	454	211	466	ff0000	
	210		218			/font/5000/46
	217		225			/font/5000/69
	224		232			/font/5000/67
	231		239			/font/5000/68
	238		246			/font/5000/74
	245		253			/font/5000/65
	252		260			/font/5000/72
	259		267			/font/5000/20
	266		274			/font/5000/64
	273		281			/font/5000/65
	280		288			/font/5000/73
	287		295			/font/5000/74
	294		302			/font/5000/72
	301		309			/font/5000/6f
	308		316			/font/5000/79
	315		323			/font/5000/65
	322		330			/font/5000/64
	329		337			/font/5000/2e
	336		344			/font/5000/20
	343		351			
	350		358			/font/5000/31
	357		365			/font/5000/35
	364		372			/font/5000/20
	371		379			/font/5000/72
	378		386			/font/5000/65
	385		393			/font/5000/6d
	392		400			/font/5000/61
	399		407			/font/5000/69
	406		414			/font/5000/6e
	413		421			/font/5000/69
	420		428			/font/5000/6e
	427		435			/font/5000/67
	434		442			/font/5000/2e
	441		449			/font/5000/20
dither	200	50	346	67	300018
tint	204	54	212	66	000000	/font/5000/57
	211		219			/font/5000/41
	218		226			/font/5000/52
	225		233			/font/5000/4e
	232		240			/font/5000/49
	239		247			/font/5000/4e
	246		254			/font/5000/47
	253		261			/font/5000/3a
	260		268			/font/5000/20
	267		275			/font/5000/53
	274		282			/font/5000/68
	281		289			/font/5000/69
	288		296			/font/5000/65
	295		303			/font/5000/6c
	302		310			/font/5000/64
	309		317			/font/5000/73
	316		324			/font/5000/20
	323		331			/font/5000/4c
	330		338			/font/5000/6f
	337		345			/font/5000/77
	203	53	211	65	ff007f	/font/5000/57
	210		218			/font/5000/41
	217		225			/font/5000/52
	224		232			/font/5000/4e
	231		239			/font/5000/49
	238		246			/font/5000/4e
	245		253			/font/5000/47
	252		260			/font/5000/3a
	259		267			/font/5000/20
	266		274			/font/5000/53
	273		281			/font/5000/68
	280		288			/font/5000/69
	287		295			/font/5000/65
	294		302			/font/5000/6c
	301		309			/font/5000/64
	308		316			/font/5000/73
	315		323			/font/5000/20
	322		330			/font/5000/4c
	329		337			/font/5000/6f
	336		344			/font/5000/77
line	452	421	453	406	489048
			439	412	
	453	406			204020
draw	0	0	128	480	/pictures/501.png
	608		640		/pictures/512.png
tint	29	159	37	172	ff0000	/font/5001/33
	35		43			/font/5001/30
	41		49			/font/5001/37
line	614	447	614	359	00488f
		359	622		
	622			447	002850
		447	614		
rect	615	360	622	447	003870
line	614	456	614	448	007fff
		448	622		
	622			456	00488f
		456	614		
rect	615	449	622	456	0070e0
line	614	257	614	231	909048
		231	622		
	622			257	505028
		257	614		
rect	615	232	622	257	707038
line	614	328	614	258	ffff7f
		258	622		
	622			328	909048
		328	614		
rect	615	259	622	328	e0e070
line	614	116	614	103	904848
		103	622		
	622			116	502828
		116	614		
rect	615	104	622	116	703838
line	614	200	614	117	ff7f7f
		117	622		
	622			200	904848
		200	614		
rect	615	118	622	200	e07070
line	618	8	629	8	90488f
			618	9	
	629		629		
	618	36		36	
			618	35	
	629		629		
rect	620	10	628	35	703870
		35			c060c0
	634	49	636	52	7fff7f
		53		56	60c060
		57		60	
		61		64	
		65		68	
		69		72	7fff7f
		73		76	60c060
		77		80	
		81		84	
		85		88	
		89		92	7fff7f
		93		96	60c060
		97		100	
		101		104	
		105		108	
		109		112	7fff7f
		113		116	60c060
		117		120	
		121		124	
		125		128	
		129		132	7fff7f
		133		136	60c060
		137		140	
		141		144	
		145		148	
		149		152	7fff7f
		153		156	60c060
		157		160	
		161		164	
		165		168	
		169		172	7fff7f
		173		176	60c060
		177		180	
		181		184	
		185		188	
		189		192	7fff7f
		193		196	60c060
		197		200	
		201		204	
		205		208	
		209		212	7fff7f
		213		216	60c060
		217		220	
		221		224	
		225		228	
		229		232	7fff7f
		233		236	60c060
		237		240	
		241		244	
		245		248	
		249		252	7fff7f
		253		256	60c060
		257		260	
		261		264	
		265		268	
		269		272	7fff7f
		273		276	60c060
		277		280	
		281		284	
		285		288	
		289		292	7fff7f
		293		296	60c060
		297		300	
		301		304	
		305		308	
		309		312	7fff7f
		313		316	60c060
		317		320	
		321		324	
		325		328	
		329		332	7fff7f
		333		336	60c060
		337		340	
		341		344	0060c0
		345		348	
		349		352	007fff
		353		356	183018
		357		360	
		361		364	
		365		368	
		369		372	
		373		376	
		377		380	
		381		384	
		385		388	
		389		392	
		393		396	
		397		400	
		401		404	
		405		408	
		409		412	
		413		416	
		417		420	
		421		424	
		425		428	
		429		432	
		433		436	
		437		440	
		441		444	
		445		448	
	621	52	631	56	303000
		57		61	
		62		66	
		67		71	
		72		76	
		77		81	
		82		86	
	7	7	115	115	00ff00
	8	8	114	114	001000
	42	42	80	80	003000
point	43	42	00e000
	61	64	
	67	69	
	43	42	
			
	47	51	
	60	60	
	62	56	
	61	60	
	67	69	
	65	74	
	59	59	
	62	53	
	65	74	
	51	48	
	68	56	
	57	57	
	60	61	
	63	57	
	53	48	
	58	47	
	57		
	62	52	
	68	70	
	86	98	
	65	74	
	55	61	
	56	59	
	71	81	
	61	56	
	66	71	
	67	72	
		69	
	66	71	
	65	73	
	57	62	
	69	65	
	91	92	
	64	64	
	56	58	
rect	12	320	121	440	001000
tint	15	320	23	333	00ff00	/font/5001/42
	21		29			/font/5001/55
	27		35			/font/5001/49
	33		41			/font/5001/4c
	39		47			/font/5001/44
	45		53			/font/5001/20
	51		59			/font/5001/53
	57		65			/font/5001/48
	63		71			/font/5001/49
	69		77			/font/5001/50
	75		83			/font/5001/53
line	12	342	119	342	009000
tint	15	332	23	345	00ff00	/font/5001/50
	21		29			/font/5001/72
	27		35			/font/5001/6f
	33		41			/font/5001/78
	39		47			/font/5001/69
	45		53			/font/5001/6d
	51		59			/font/5001/61
	57		65			/font/5001/20
	63		71			/font/5001/41
	69		77			/font/5001/6c
	75		83			/font/5001/70
	81		89			/font/5001/68
	87		95			/font/5001/61
line	12	355	12	344	009000
		344	120		
	120			355	005000
		355	12		
rect	13	345	120	355	007000
tint	15	344	23	357	00ff00	/font/5001/46
	21		29			/font/5001/69
	27		35			/font/5001/67
	33		41			/font/5001/68
	39		47			/font/5001/74
	45		53			/font/5001/65
	51		59			/font/5001/72
	15	356	23	369		/font/5001/43
	21		29			/font/5001/72
	27		35			/font/5001/75
	33		41			/font/5001/69
	39		47			/font/5001/73
	45		53			/font/5001/65
	51		59			/font/5001/72
	15	368	23	381		/font/5001/47
	21		29			/font/5001/75
	27		35			/font/5001/6e
	33		41			/font/5001/73
	39		47			/font/5001/68
	45		53			/font/5001/69
	51		59			/font/5001/70
	15	380	23	393		/font/5001/54
	21		29			/font/5001/72
	27		35			/font/5001/61
	33		41			/font/5001/6e
	39		47			/font/5001/73
	45		53			/font/5001/70
	51		59			/font/5001/6f
	57		65			/font/5001/72
	63		71			/font/5001/74
line	12	438	119	438	009000
rect	16	450	114	475	001010
line	17	461	17	450	00c0c0
		450	43		
	43			461	007070
		461	17		
rect	18	451	43	461	009090
tint	19	450	27	463	00ffff	/font/5001/52
	25		33			/font/5001/47
	31		39			/font/5001/48
	37		45			/font/5001/54
	43		51			/font/5001/20
	49		57			/font/5001/42
	55		63			/font/5001/75
	61		69			/font/5001/69
	67		75			/font/5001/6c
	73		81			/font/5001/64
line	17	473	17	462	00c0c0
		462	43		
	43			473	007070
		473	17		
rect	18	463	43	473	009090
tint	19	462	27	475	00ffff	/font/5001/4c
	25		33			/font/5001/45
	31		39			/font/5001/46
	37		45			/font/5001/54
	43		51			/font/5001/20
	49		57			/font/5001/4d
	55		63			/font/5001/61
	61		69			/font/5001/69
	67		75			/font/5001/6e
	73		81			/font/5001/20
	79		87			/font/5001/4d
	85		93			/font/5001/65
	91		99			/font/5001/6e
	97		105			/font/5001/75
line	12	191	12	180	ffff00
		180	120		
	120			191	909000
		191	12		
rect	13	181	120	191	c0c000
tint	15	180	23	193	000000	/font/5001/43
	21		29			/font/5001/4f
	27		35			/font/5001/4e
	33		41			/font/5001/54
	39		47			/font/5001/52
	45		53			/font/5001/4f
	51		59			/font/5001/4c
	15	192	23	205	7fff7f	/font/5001/50
	21		29			/font/5001/72
	27		35			/font/5001/6f
	33		41			/font/5001/78
	39		47			/font/5001/69
	45		53			/font/5001/6d
	51		59			/font/5001/61
	57		65			/font/5001/20
	63		71			/font/5001/41
	69		77			/font/5001/6c
	75		83			/font/5001/70
	81		89			/font/5001/68
	87		95			/font/5001/61
draw	16	207	34	224	/sprites/1001.SMIV/0
line	14	204	35	204	489048
			14	205	
	35		35		
	14	225		225	
			14	224	
	35		35		
	12	263	12	252	007fff
		252	120		
	120			263	00488f
		263	12		
rect	13	253	120	263	0060c0
tint	15	252	23	265	000000	/font/5001/54
	21		29			/font/5001/41
	27		35			/font/5001/52
	33		41			/font/5001/47
	39		47			/font/5001/45
	45		53			/font/5001/54
	15	264	23	277	7fff7f	/font/5001/43
	21		29			/font/5001/41
	27		35			/font/5001/52
	33		41			
	39		47			/font/5001/49
	45		53			/font/5001/45
	51		59			/font/5001/52
draw	21	278	29	296	/sprites/649.SMIV/0
line	14	276	35	276	489048
			14	277	
	35		35		
	14	297		297	
			14	296	
	35		35		
rect	42	278	49	278	003870
				296	0060c0
line	40	276	50	276	00488f
			40	277	
	50		50		
	40	297		297	
			40	296	
	50		50		
rect	55	278	62	279	707000
		279		296	c0c000
line	53	276	63	276	909000
			53	277	
	63		63		
	53	297		297	
			53	296	
	63		63		
tint	69	276	77	289	7fff7f	/font/5001/4c
	75		83			/font/5001/53
	81		89			/font/5001/52
	87		95			/font/5001/54
	93		101			/font/5001/55
	99		107			/font/5001/52
	105		113			
	111		119			/font/5001/54
	69	288	77	301		/font/5001/4d
	75		83			/font/5001/47
	81		89			/font/5001/4e
	87		95			/font/5001/54
	93		101			/font/5001/4f
	99		107			/font/5001/50
	105		113			/font/5001/4c
	111		119			/font/5001/53
	69	264	77	277		/font/5001/4c
	75		83			/font/5001/4e
	81		89			/font/5001/43
	87		95			/font/5001/48
	93		101			/font/5001/42
	99		107			/font/5001/41
	105		113			/font/5001/59
	12	300	20	313	00ff00	/font/5001/54
	18		26			/font/5001/72
	24		32			/font/5001/61
	30		38			/font/5001/6e
	36		44			/font/5001/73
	42		50			/font/5001/70
	48		56			/font/5001/6f
	54		62			/font/5001/72
	60		68			/font/5001/74
