point	363	215	808080
	234	460	b0b0b0
	522	162	808080
	355	234	
	243	192	
	154	289	d0d0d0
	150	144	
	225	147	808080
	170	469	b0b0b0
	382	31	808080
	411	106	b0b0b0
	345	476	808080
	445	101	
	300	161	b0b0b0
	587	298	808080
	182	124	b0b0b0
	141	281	
	355	299	
	157	40	808080
	427	120	b0b0b0
	461	450	808080
	194	99	b0b0b0
	254	198	d0d0d0
	190	143	
	436	158	b0b0b0
	185	318	808080
	155	464	b0b0b0
	439	51	d0d0d0
	425	84	
	489	375	b0b0b0
	174	357	808080
	430	377	d0d0d0
	544	259	808080
	484	282	b0b0b0
	169	424	808080
	365	231	
	256	455	d0d0d0
	141	123	
	399	316	
	246	252	808080
	591	8	b0b0b0
	487	294	
	155	177	
	295	197	
	499	325	
	420	290	
	393	229	808080
	459	124	b0b0b0
	366	146	808080
	467	155	b0b0b0
	177	185	
	574	163	808080
	309	3	
	529	209	d0d0d0
	269	249	b0b0b0
	247	459	808080
	441	193	b0b0b0
	392	179	808080
	310	58	
	505	209	b0b0b0
	541	420	d0d0d0
	208	244	b0b0b0
	417	322	
	269	335	d0d0d0
	214	17	
	590	385	808080
	386	110	
	468	274	b0b0b0
	325	291	808080
	376	145	
	386	142	
	441	381	
	571	443	d0d0d0
	477	356	808080
	184	194	d0d0d0
	371	332	
	550	212	808080
	146	432	
	200	227	
	156	19	b0b0b0
	170	209	808080
	566	146	
	329	263	d0d0d0
	551	235	b0b0b0
	324	354	808080
	486	304	b0b0b0
	257	231	
	134	97	808080
	226	456	b0b0b0
	155	244	d0d0d0
	576	194	
	490	179	b0b0b0
	216	307	808080
	544	308	d0d0d0
	489	366	
	380	232	b0b0b0
	560	331	d0d0d0
	583	473	808080
	535	263	b0b0b0
	585	294	808080
	601	172	
	334	300	
	606	432	
	454	69	
	256	164	b0b0b0
	532	90	808080
	480	106	
	293	93	b0b0b0
	284	361	d0d0d0
	590	148	b0b0b0
	176	259	
	594	139	d0d0d0
	558	305	b0b0b0
	506	326	808080
	148	333	b0b0b0
	417	79	
	359	176	808080
	568	392	
	173	268	b0b0b0
	472	62	808080
	325	42	d0d0d0
	380	469	b0b0b0
	476	64	
	249	255	808080
	366	61	b0b0b0
	510	189	502800
	499	170	
	525	164	
	484	154	
	524	145	
	546	179	
	518	134	
	493	189	
	481	171	
	540	169	
	514	148	d06800
	518	135	
	531	143	
	520	147	
	528	137	
	522	143	
	517	140	
	522	136	
	523	152	
	529	133	
	468	222	e07000
	470	225	
	473	218	
		226	
	468	221	
	469	213	
		220	
	465	219	
	472	220	
		226	
	449	214	ff7f00
	448		
			
			
	449	213	
			
			
			
			
			
	460	210	
	461	211	
	460	210	
		211	
	461		
	460	210	
	461		
			
			
		211	
	464	271	201000
	456	223	
	449	256	
	464	269	
	465	277	
	481	254	
	435	245	
	453	206	
	419	209	
	463	195	
	535	133	a05000
	507	147	
	500	160	
	513	156	
	518	133	
		153	
	509	140	
	496	150	
	501	163	
	531	138	
line	138	0	138	480	000050
	266		266		005000
	394		394		000050
	522		522		
	128	87	608	87	
		215		215	005000
		343		343	000050
		471		471	
	371	239	368	240	7fff7f
	412	225	409	226	
	530	143	533	145	
	529	146	526	143	ff0000
draw	361	236	375	246	/sprites/652.SMIV/3
	455	268	459	271	/sprites/512.SMIV/23
	589	2	593	5	/sprites/512.SMIV/5
	520	130	524	133	/sprites/512.SMIV/11
static	504	118	518	128	7878f0	54	/sprites/579.SMIV/6
draw	512	269	517	273	/sprites/651.SMIV/22
	450	195	456	199	/sprites/651.SMIV/21
	575	278	625	303	/sprites/649.SMIV/20
	547	153	562	161	/sprites/652.SMIV/20
static	462	211	466	215	ffffff	124	/sprites/651.SMIV/11
draw	516	76	520	79	/sprites/512.SMIV/1
	578	27	582	31	/sprites/651.SMIV/12
	449	221	453	225	/sprites/507.SMIV/3
	439	203	443	206	/sprites/507.SMIV/0
	452	204	456	208	/sprites/507.SMIV/2
	448	238	451	241	/sprites/507.SMIV/7
	442	232	446	235	/sprites/507.SMIV/1
	457	209	461	212	/sprites/507.SMIV/14
	430	193	433	196	/sprites/507.SMIV/16
	443	213	447	216	/sprites/507.SMIV/21
			446		/sprites/507.SMIV/20
	442				/sprites/507.SMIV/22
	443	212			/sprites/507.SMIV/19
					
		213	447		/sprites/507.SMIV/21
		212			/sprites/507.SMIV/18
		213	446		/sprites/507.SMIV/20
					
			447		/sprites/507.SMIV/21
		212			/sprites/507.SMIV/18
		213	446		/sprites/507.SMIV/20
		212	447		/sprites/507.SMIV/18
		213	446		/sprites/507.SMIV/20
	532	15	537	19	/sprites/517.SMIV/1
	547	157	552	160	/sprites/653.SMIV/1
	447	213	449	214	/sprites/504.SMIV/18
	516	137	518	139	/sprites/504.SMIV/19
	536	144	540	148	/sprites/653.SMIV/3
	467	216	469	218	/sprites/504.SMIV/19
	459	210	461	211	/sprites/504.SMIV/18
	438	215	441	219	/sprites/554.SMIV/10
	448	236	453	240	/sprites/517.SMIV/1
	411	225	417	230	/sprites/517.SMIV/0
	451	241	457	246	
	449	237	455	242	
	448	239	453	243	/sprites/517.SMIV/1
	408	227	414	232	/sprites/517.SMIV/0
	409		415		
	407		412	231	/sprites/517.SMIV/1
	448	235	453	239	
	432	205	459	228	/sprites/504.SMIV/8
dither	200	453	451	470	300000
tint	204	457	212	469	000000	/font/5000/20
	211		219			/font/5000/46
	218		226			/font/5000/69
	225		233			/font/5000/67
	232		240			/font/5000/68
	239		247			/font/5000/74
	246		254			/font/5000/65
	253		261			/font/5000/72
	260		268			/font/5000/20
	267		275			/font/5000/64
	274		282			/font/5000/65
	281		289			/font/5000/73
	288		296			/font/5000/74
	295		303			/font/5000/72
	302		310			/font/5000/6f
	309		317			/font/5000/79
	316		324			/font/5000/65
	323		331			/font/5000/64
	330		338			/font/5000/2e
	337		345			/font/5000/20
	344		352			
	351		359			/font/5000/31
	358		366			/font/5000/33
	365		373			/font/5000/20
	372		380			/font/5000/72
	379		387			/font/5000/65
	386		394			/font/5000/6d
	393		401			/font/5000/61
	400		408			/font/5000/69
	407		415			/font/5000/6e
	414		422			/font/5000/69
	421		429			/font/5000/6e
	428		436			/font/5000/67
	435		443			/font/5000/2e
	442		450			/font/5000/20
	203	456	211	468	ff0000	
	210		218			/font/5000/46
	217		225			/font/5000/69
	224		232			/font/5000/67
	231		239			/font/5000/68
	238		246			/font/5000/74
	245		253			/font/5000/65
	252		260			/font/5000/72
	259		267			/font/5000/20
	266		274			/font/5000/64
	273		281			/font/5000/65
	280		288			/font/5000/73
	287		295			/font/5000/74
	294		302			/font/5000/72
	301		309			/font/5000/6f
	308		316			/font/5000/79
	315		323			/font/5000/65
	322		330			/font/5000/64
	329		337			/font/5000/2e
	336		344			/font/5000/20
	343		351			
	350		358			/font/5000/31
	357		365			/font/5000/33
	364		372			/font/5000/20
	371		379			/font/5000/72
	378		386			/font/5000/65
	385		393			/font/5000/6d
	392		400			/font/5000/61
	399		407			/font/5000/69
	406		414			/font/5000/6e
	413		421			/font/5000/69
	420		428			/font/5000/6e
	427		435			/font/5000/67
	434		442			/font/5000/2e
	441		449			/font/5000/20
dither	200	50	346	67	300018
tint	204	54	212	66	000000	/font/5000/57
	211		219			/font/5000/41
	218		226			/font/5000/52
	225		233			/font/5000/4e
	232		240			/font/5000/49
	239		247			/font/5000/4e
	246		254			/font/5000/47
	253		261			/font/5000/3a
	260		268			/font/5000/20
	267		275			/font/5000/53
	274		282			/font/5000/68
	281		289			/font/5000/69
	288		296			/font/5000/65
	295		303			/font/5000/6c
	302		310			/font/5000/64
	309		317			/font/5000/73
	316		324			/font/5000/20
	323		331			/font/5000/4c
	330		338			/font/5000/6f
	337		345			/font/5000/77
	203	53	211	65	ff007f	/font/5000/57
	210		218			/font/5000/41
	217		225			/font/5000/52
	224		232			/font/5000/4e
	231		239			/font/5000/49
	238		246			/font/5000/4e
	245		253			/font/5000/47
	252		260			/font/5000/3a
	259		267			/font/5000/20
	266		274			/font/5000/53
	273		281			/font/5000/68
	280		288			/font/5000/69
	287		295			/font/5000/65
	294		302			/font/5000/6c
	301		309			/font/5000/64
	308		316			/font/5000/73
	315		323			/font/5000/20
	322		330			/font/5000/4c
	329		337			/font/5000/6f
	336		344			/font/5000/77
line	509	99	494	103	489048
			505	114	
	494	103			204020
draw	0	0	128	480	/pictures/501.png
	608		640		/pictures/512.png
tint	29	159	37	172	ff0000	/font/5001/32
	35		43			/font/5001/30
	41		49			/font/5001/38
line	614	448	614	359	00488f
		359	622		
	622			448	002850
		448	614		
rect	615	360	622	448	003870
line	614	456	614	449	007fff
		449	622		
	622			456	00488f
		456	614		
rect	615	450	622	456	0070e0
line	614	280	614	231	909048
		231	622		
	622			280	505028
		280	614		
rect	615	232	622	280	707038
line	614	328	614	281	ffff7f
		281	622		
	622			328	909048
		328	614		
rect	615	282	622	328	e0e070
line	614	126	614	103	904848
		103	622		
	622			126	502828
		126	614		
rect	615	104	622	126	703838
line	614	200	614	127	ff7f7f
		127	622		
	622			200	904848
		200	614		
rect	615	128	622	200	e07070
line	618	8	629	8	90488f
			618	9	
	629		629		
	618	36		36	
			618	35	
	629		629		
rect	620	10	628	35	703870
		28			c060c0
	634	49	636	52	7fff7f
		53		56	60c060
		57		60	
		61		64	
		65		68	
		69		72	7fff7f
		73		76	60c060
		77		80	
		81		84	
		85		88	
		89		92	7fff7f
		93		96	60c060
		97		100	
		101		104	
		105		108	
		109		112	7fff7f
		113		116	60c060
		117		120	
		121		124	
		125		128	
		129		132	7fff7f
		133		136	60c060
		137		140	
		141		144	
		145		148	
		149		152	7fff7f
		153		156	60c060
		157		160	
		161		164	
		165		168	
		169		172	7fff7f
		173		176	60c060
		177		180	
		181		184	
		185		188	
		189		192	7fff7f
		193		196	60c060
		197		200	
		201		204	
		205		208	
		209		212	7fff7f
		213		216	60c060
		217		220	
		221		224	
		225		228	
		229		232	7fff7f
		233		236	60c060
		237		240	
		241		244	
		245		248	
		249		252	7fff7f
		253		256	60c060
		257		260	
		261		264	
		265		268	
		269		272	7fff7f
		273		276	0060c0
		277		280	
		281		284	
		285		288	
		289		292	007fff
		293		296	0060c0
		297		300	
		301		304	
		305		308	
		309		312	007fff
		313		316	0060c0
		317		320	183018
		321		324	
		325		328	
		329		332	
		333		336	
		337		340	
		341		344	
		345		348	
		349		352	
		353		356	
		357		360	
		361		364	
		365		368	
		369		372	
		373		376	
		377		380	
		381		384	
		385		388	
		389		392	
		393		396	
		397		400	
		401		404	
		405		408	
		409		412	
		413		416	
		417		420	
		421		424	
		425		428	
		429		432	
		433		436	
		437		440	
		441		444	
		445		448	
	621	52	631	56	303000
		57		61	
		62		66	
		67		71	
		72		76	
		77		81	
		82		86	
	7	7	115	115	00ff00
	8	8	114	114	001000
	42	42	80	80	003000
point	74	44	00e000
	73	54	
	75	55	
	74	54	
	72	53	
	78	42	
	64	60	
	74	54	
	69	60	
	71	40	
	72	52	
	66	60	
	72	63	
	61	61	
	67	58	
	85	63	
	67	59	
	79	65	
	75	55	
	86	15	
	68	59	
	73	53	
	88	48	
	68	63	
	67	61	
	72	48	
	64	60	
	67	61	
	78	44	
	67	61	
			
	64		
			
			
	67		
	68	59	
	67		
		60	
	66	59	
	67		
		61	
			
	68	59	
	66	58	
	67	59	
			
			
			
			
			
rect	12	320	121	440	001000
tint	15	320	23	333	00ff00	/font/5001/42
	21		29			/font/5001/55
	27		35			/font/5001/49
	33		41			/font/5001/4c
	39		47			/font/5001/44
	45		53			/font/5001/20
	51		59			/font/5001/53
	57		65			/font/5001/48
	63		71			/font/5001/49
	69		77			/font/5001/50
	75		83			/font/5001/53
line	12	342	119	342	009000
tint	15	332	23	345	00ff00	/font/5001/50
	21		29			/font/5001/72
	27		35			/font/5001/6f
	33		41			/font/5001/78
	39		47			/font/5001/69
	45		53			/font/5001/6d
	51		59			/font/5001/61
	57		65			/font/5001/20
	63		71			/font/5001/41
	69		77			/font/5001/6c
	75		83			/font/5001/70
	81		89			/font/5001/68
	87		95			/font/5001/61
	15	344	23	357		/font/5001/46
	21		29			/font/5001/69
	27		35			/font/5001/67
	33		41			/font/5001/68
	39		47			/font/5001/74
	45		53			/font/5001/65
	51		59			/font/5001/72
	15	356	23	369		/font/5001/43
	21		29			/font/5001/72
	27		35			/font/5001/75
	33		41			/font/5001/69
	39		47			/font/5001/73
	45		53			/font/5001/65
	51		59			/font/5001/72
line	12	379	12	368	009000
		368	120		
	120			379	005000
		379	12		
rect	13	369	120	379	007000
tint	15	368	23	381	00ff00	/font/5001/47
	21		29			/font/5001/75
	27		35			/font/5001/6e
	33		41			/font/5001/73
	39		47			/font/5001/68
	45		53			/font/5001/69
	51		59			/font/5001/70
	15	380	23	393		/font/5001/54
	21		29			/font/5001/72
	27		35			/font/5001/61
	33		41			/font/5001/6e
	39		47			/font/5001/73
	45		53			/font/5001/70
	51		59			/font/5001/6f
	57		65			/font/5001/72
	63		71			/font/5001/74
line	12	438	119	438	009000
rect	16	450	114	475	001010
line	17	461	17	450	00c0c0
		450	43		
	43			461	007070
		461	17		
rect	18	451	43	461	009090
tint	19	450	27	463	00ffff	/font/5001/52
	25		33			/font/5001/47
	31		39			/font/5001/48
	37		45			/font/5001/54
	43		51			/font/5001/20
	49		57			/font/5001/42
	55		63			/font/5001/75
	61		69			/font/5001/69
	67		75			/font/5001/6c
	73		81			/font/5001/64
line	17	473	17	462	00c0c0
		462	43		
	43			473	007070
		473	17		
rect	18	463	43	473	009090
tint	19	462	27	475	00ffff	/font/5001/4c
	25		33			/font/5001/45
	31		39			/font/5001/46
	37		45			/font/5001/54
	43		51			/font/5001/20
	49		57			/font/5001/4d
	55		63			/font/5001/61
	61		69			/font/5001/69
	67		75			/font/5001/6e
	73		81			/font/5001/20
	79		87			/font/5001/4d
	85		93			/font/5001/65
	91		99			/font/5001/6e
	97		105			/font/5001/75
line	12	191	12	180	ffff00
		180	119		
	119			191	909000
		191	12		
rect	13	181	119	191	c0c000
tint	15	180	23	193	000000	/font/5001/43
	21		29			/font/5001/4f
	27		35			/font/5001/4e
	33		41			/font/5001/54
	39		47			/font/5001/52
	45		53			/font/5001/4f
	51		59			/font/5001/4c
	15	192	23	205	7fff7f	/font/5001/50
	21		29			/font/5001/72
	27		35			/font/5001/6f
	33		41			/font/5001/78
	39		47			/font/5001/69
	45		53			/font/5001/6d
	51		59			/font/5001/61
	57		65			/font/5001/20
	63		71			/font/5001/41
	69		77			/font/5001/6c
	75		83			/font/5001/70
	81		89			/font/5001/68
	87		95			/font/5001/61
draw	16	207	34	224	/sprites/1001.SMIV/0
line	14	204	35	204	489048
			14	205	
	35		35		
	14	225		225	
			14	224	
	35		35		
	12	263	12	252	007fff
		252	119		
	119			263	00488f
		263	12		
rect	13	253	119	263	0060c0
tint	15	252	23	265	000000	/font/5001/54
	21		29			/font/5001/41
	27		35			/font/5001/52
	33		41			/font/5001/47
	39		47			/font/5001/45
	45		53			/font/5001/54
	15	264	23	277	7fff7f	/font/5001/47
	21		29			/font/5001/55
	27		35			/font/5001/4e
	33		41			/font/5001/53
	39		47			/font/5001/48
	45		53			/font/5001/49
	51		59			/font/5001/50
draw	18	278	32	296	/sprites/652.SMIV/0
line	14	276	35	276	489048
			14	277	
	35		35		
	14	297		297	
			14	296	
	35		35		
rect	42	278	49	295	003870
		295		296	0060c0
line	40	276	50	276	00488f
			40	277	
	50		50		
	40	297		297	
			40	296	
	50		50		
rect	55	278	62	287	707000
		287		296	c0c000
line	53	276	63	276	909000
			53	277	
	63		63		
	53	297		297	
			53	296	
	63		63		
tint	69	276	77	289	7fff7f	/font/5001/4c
	75		83			/font/5001/53
	81		89			/font/5001/52
	87		95			/font/5001/54
	93		101			/font/5001/55
	99		107			/font/5001/52
	105		113			
	111		119			/font/5001/54
	69	288	77	301		/font/5001/4d
	75		83			/font/5001/47
	81		89			/font/5001/4e
	87		95			/font/5001/54
	93		101			/font/5001/4f
	99		107			/font/5001/50
	105		113			/font/5001/4c
	111		119			/font/5001/53
