point	216	246	808080
	492	426	
	374	193	
	207	266	
	543	444	d0d0d0
	337	376	
	469	441	808080
	532	139	b0b0b0
	176	49	d0d0d0
	234	62	808080
	189	154	b0b0b0
	500	282	
	297	132	808080
	542	402	d0d0d0
	439	330	808080
	384	407	d0d0d0
	468	332	808080
	133	346	b0b0b0
	488	253	808080
	205	168	b0b0b0
	470	2	808080
	451	328	b0b0b0
	521	89	808080
	489	377	
	215	205	b0b0b0
	516	259	808080
	518	133	d0d0d0
	144	115	
	129	148	
	267	422	b0b0b0
	455	136	
	135	441	d0d0d0
	396	290	808080
	262	329	b0b0b0
	395	340	d0d0d0
	218	263	808080
	345	29	b0b0b0
	466	365	808080
	589	459	b0b0b0
	578	244	808080
	369	55	b0b0b0
	265	341	
	348	351	d0d0d0
	534	436	
	277	372	b0b0b0
	198	337	
	246	261	808080
	237	172	b0b0b0
	218	177	808080
	245	202	b0b0b0
	378	86	d0d0d0
	427	194	808080
	161	34	
	233	272	d0d0d0
	526	68	b0b0b0
	599	47	
	219	241	
	245	210	808080
	163	89	
	283	257	b0b0b0
	442	3	
	464	109	
	195	369	
	453	430	d0d0d0
	398	207	
	442	416	808080
	238	141	
	246	322	b0b0b0
	177	323	808080
	228	177	
	238	174	
	293	412	
	164	19	b0b0b0
	329	387	808080
	487	67	
	580	326	
	402	243	
	349	441	d0d0d0
	531	357	808080
	413	464	b0b0b0
	449	437	
	418	177	808080
	513	111	d0d0d0
	329	283	b0b0b0
	177	385	808080
	264	351	b0b0b0
	544	366	808080
	402	23	b0b0b0
	314	32	d0d0d0
	338	57	
	281	258	
	269	226	b0b0b0
	518	277	
	249	371	d0d0d0
	193	430	
	159	279	b0b0b0
	264	394	d0d0d0
	378	37	b0b0b0
	313	311	
	438	325	808080
	454	203	
	187	332	
	458	463	
	306	101	
	544	65	
	384	121	
	333	138	
	550	88	b0b0b0
	467	265	d0d0d0
	368	195	b0b0b0
	377	226	d0d0d0
	298	203	
	336	352	b0b0b0
	358	357	808080
	472	170	
	195	126	b0b0b0
	211	207	808080
	420	423	
	488	361	
	324	94	
	532	295	b0b0b0
	467	87	
	254	111	
	555	283	d0d0d0
	144	109	b0b0b0
	285	152	201000
	320	148	
	288	92	
	297	84	
	354	112	
	293	165	
	358	168	
	299	93	
	317	170	
	351	171	
	298	180	301800
	355	117	
	298	177	
	339	113	
	295	133	
	299	148	
	302	136	
	357	163	
	290	146	
	332	137	
	386	310	402000
	374	324	
	336	299	
	335	253	
	346	263	
	357	252	
	388	323	
	352	303	
	315	322	
	353	270	
	336	286	804000
	346	280	
	373	261	
	367	297	
	356	254	
	349	303	
		268	
	369	255	
	332	275	
	367	255	
	341	262	c06000
	327	257	
	339	263	
	331	257	
	344	269	
	322	258	
	330	274	
	328	260	
	332		
	341	277	
	226	107	d06800
	223	114	
	227	115	
	212	112	
		106	
	225	117	
	216	112	
	222	106	
	221	112	
	211	123	
	203		e07000
	210	128	
	201	117	
	207	122	
	206	123	
	201	120	
	206	127	
	197	126	
		122	
	210	123	
line	225	0	225	480	000050
	353		353		
	481		481		002850
	128	22	608	22	000050
		150		150	
		278		278	005000
		406		406	000050
	364	240	367	239	7fff7f
	324	255	326	254	
	1199	-40	1200	-38	ff0000
draw	361	236	376	244	/sprites/652.SMIV/16
static	107	355	111	358	f0f078	77	/sprites/512.SMIV/7
	203	108	207	111		20	/sprites/512.SMIV/17
	309	254	320	264	7878f0	63	/sprites/579.SMIV/1
draw	123	451	129	454	/sprites/651.SMIV/18
	115	378	119	382	/sprites/651.SMIV/1
	44	404	50	407	/sprites/651.SMIV/7
	260	105	266	108	/sprites/651.SMIV/16
	135	152	145	160	/sprites/578.SMIV/8
	247	423	297	448	/sprites/649.SMIV/20
	132	349	138	352	/sprites/651.SMIV/16
	275	317	279	321	/sprites/507.SMIV/3
	345	203	349	206	/sprites/507.SMIV/0
	273	116	277	119	/sprites/512.SMIV/21
static	198	113	204	116	ffffff	77	/sprites/651.SMIV/4
draw	319	226	323	229	/sprites/507.SMIV/0
	231	266	235	269	/sprites/507.SMIV/9
	259	283	262	286	/sprites/507.SMIV/16
	308	187	312	190	/sprites/507.SMIV/10
	327	174	331	177	
	295	238	300	242	/sprites/517.SMIV/1
	210	109	212	111	/sprites/504.SMIV/19
	320	260	322	262	
	197	115	199	117	
	344	292	348	296	/sprites/653.SMIV/3
dither	200	451	444	468	300000
tint	204	455	212	467	000000	/font/5000/20
	211		219			/font/5000/47
	218		226			/font/5000/75
	225		233			/font/5000/6e
	232		240			/font/5000/73
	239		247			/font/5000/68
	246		254			/font/5000/69
	253		261			/font/5000/70
	260		268			/font/5000/20
	267		275			/font/5000/64
	274		282			/font/5000/65
	281		289			/font/5000/73
	288		296			/font/5000/74
	295		303			/font/5000/72
	302		310			/font/5000/6f
	309		317			/font/5000/79
	316		324			/font/5000/65
	323		331			/font/5000/64
	330		338			/font/5000/2e
	337		345			/font/5000/20
	344		352			
	351		359			/font/5000/32
	358		366			/font/5000/20
	365		373			/font/5000/72
	372		380			/font/5000/65
	379		387			/font/5000/6d
	386		394			/font/5000/61
	393		401			/font/5000/69
	400		408			/font/5000/6e
	407		415			/font/5000/69
	414		422			/font/5000/6e
	421		429			/font/5000/67
	428		436			/font/5000/2e
	435		443			/font/5000/20
	203	454	211	466	ff0000	
	210		218			/font/5000/47
	217		225			/font/5000/75
	224		232			/font/5000/6e
	231		239			/font/5000/73
	238		246			/font/5000/68
	245		253			/font/5000/69
	252		260			/font/5000/70
	259		267			/font/5000/20
	266		274			/font/5000/64
	273		281			/font/5000/65
	280		288			/font/5000/73
	287		295			/font/5000/74
	294		302			/font/5000/72
	301		309			/font/5000/6f
	308		316			/font/5000/79
	315		323			/font/5000/65
	322		330			/font/5000/64
	329		337			/font/5000/2e
	336		344			/font/5000/20
	343		351			
	350		358			/font/5000/32
	357		365			/font/5000/20
	364		372			/font/5000/72
	371		379			/font/5000/65
	378		386			/font/5000/6d
	385		393			/font/5000/61
	392		400			/font/5000/69
	399		407			/font/5000/6e
	406		414			/font/5000/69
	413		421			/font/5000/6e
	420		428			/font/5000/67
	427		435			/font/5000/2e
	434		442			/font/5000/20
dither	200	50	346	67	300018
tint	204	54	212	66	000000	/font/5000/57
	211		219			/font/5000/41
	218		226			/font/5000/52
	225		233			/font/5000/4e
	232		240			/font/5000/49
	239		247			/font/5000/4e
	246		254			/font/5000/47
	253		261			/font/5000/3a
	260		268			/font/5000/20
	267		275			/font/5000/53
	274		282			/font/5000/68
	281		289			/font/5000/69
	288		296			/font/5000/65
	295		303			/font/5000/6c
	302		310			/font/5000/64
	309		317			/font/5000/73
	316		324			/font/5000/20
	323		331			/font/5000/4c
	330		338			/font/5000/6f
	337		345			/font/5000/77
	203	53	211	65	ff007f	/font/5000/57
	210		218			/font/5000/41
	217		225			/font/5000/52
	224		232			/font/5000/4e
	231		239			/font/5000/49
	238		246			/font/5000/4e
	245		253			/font/5000/47
	252		260			/font/5000/3a
	259		267			/font/5000/20
	266		274			/font/5000/53
	273		281			/font/5000/68
	280		288			/font/5000/69
	287		295			/font/5000/65
	294		302			/font/5000/6c
	301		309			/font/5000/64
	308		316			/font/5000/73
	315		323			/font/5000/20
	322		330			/font/5000/4c
	329		337			/font/5000/6f
	336		344			/font/5000/77
line	201	348	216	348	489048
			208	334	
	216				204020
draw	0	0	128	480	/pictures/501.png
	608		640		/pictures/512.png
tint	29	159	37	172	ff0000	/font/5001/31
	35		43			/font/5001/39
	41		49			/font/5001/30
line	614	447	614	359	00488f
		359	622		
	622			447	002850
		447	614		
rect	615	360	622	447	003870
line	614	456	614	448	007fff
		448	622		
	622			456	00488f
		456	614		
rect	615	449	622	456	0070e0
line	614	280	614	231	909048
		231	622		
	622			280	505028
		280	614		
rect	615	232	622	280	707038
line	614	328	614	281	ffff7f
		281	622		
	622			328	909048
		328	614		
rect	615	282	622	328	e0e070
line	614	128	614	103	904848
		103	622		
	622			128	502828
		128	614		
rect	615	104	622	128	703838
line	614	200	614	129	ff7f7f
		129	622		
	622			200	904848
		200	614		
rect	615	130	622	200	e07070
line	618	8	629	8	90488f
			618	9	
	629		629		
	618	36		36	
			618	35	
	629		629		
rect	620	10	628	35	703870
		35			c060c0
	634	49	636	52	7fff7f
		53		56	60c060
		57		60	
		61		64	
		65		68	
		69		72	7fff7f
		73		76	60c060
		77		80	
		81		84	
		85		88	
		89		92	7fff7f
		93		96	60c060
		97		100	
		101		104	
		105		108	
		109		112	7fff7f
		113		116	60c060
		117		120	
		121		124	
		125		128	
		129		132	7fff7f
		133		136	60c060
		137		140	
		141		144	
		145		148	
		149		152	7fff7f
		153		156	60c060
		157		160	
		161		164	
		165		168	
		169		172	7fff7f
		173		176	60c060
		177		180	
		181		184	
		185		188	
		189		192	7fff7f
		193		196	60c060
		197		200	
		201		204	
		205		208	
		209		212	7fff7f
		213		216	60c060
		217		220	
		221		224	
		225		228	
		229		232	7fff7f
		233		236	60c060
		237		240	
		241		244	
		245		248	
		249		252	7fff7f
		253		256	60c060
		257		260	
		261		264	
		265		268	
		269		272	7fff7f
		273		276	60c060
		277		280	0060c0
		281		284	
		285		288	
		289		292	007fff
		293		296	0060c0
		297		300	
		301		304	
		305		308	
		309		312	007fff
		313		316	0060c0
		317		320	
		321		324	183018
		325		328	
		329		332	
		333		336	
		337		340	
		341		344	
		345		348	
		349		352	
		353		356	
		357		360	
		361		364	
		365		368	
		369		372	
		373		376	
		377		380	
		381		384	
		385		388	
		389		392	
		393		396	
		397		400	
		401		404	
		405		408	
		409		412	
		413		416	
		417		420	
		421		424	
		425		428	
		429		432	
		433		436	
		437		440	
		441		444	
		445		448	
	621	52	631	56	303000
		57		61	
		62		66	
		67		71	
		72		76	
		77		81	
		82		86	
	7	7	115	115	00ff00
	8	8	114	114	001000
	42	42	80	80	003000
point	48	52	00e000
	61	61	
	58	62	
	48	51	
	58	62	
	56	61	
	53	51	
	57	62	
	60	65	
	42	78	
	49	51	
	41	72	
	36	74	
	43	55	
	54	76	
	30	8	
	88	22	
	41	70	
	54	67	
	60	59	
	58	61	
	54	52	
	48	51	
	43	69	
	51	63	
	53	64	
	57	57	
	58	56	
rect	12	320	121	440	001000
tint	15	320	23	333	00ff00	/font/5001/42
	21		29			/font/5001/55
	27		35			/font/5001/49
	33		41			/font/5001/4c
	39		47			/font/5001/44
	45		53			/font/5001/20
	51		59			/font/5001/53
	57		65			/font/5001/48
	63		71			/font/5001/49
	69		77			/font/5001/50
	75		83			/font/5001/53
line	12	342	119	342	009000
tint	15	332	23	345	00ff00	/font/5001/50
	21		29			/font/5001/72
	27		35			/font/5001/6f
	33		41			/font/5001/78
	39		47			/font/5001/69
	45		53			/font/5001/6d
	51		59			/font/5001/61
	57		65			/font/5001/20
	63		71			/font/5001/41
	69		77			/font/5001/6c
	75		83			/font/5001/70
	81		89			/font/5001/68
	87		95			/font/5001/61
	15	344	23	357		/font/5001/46
	21		29			/font/5001/69
	27		35			/font/5001/67
	33		41			/font/5001/68
	39		47			/font/5001/74
	45		53			/font/5001/65
	51		59			/font/5001/72
	15	356	23	369		/font/5001/43
	21		29			/font/5001/72
	27		35			/font/5001/75
	33		41			/font/5001/69
	39		47			/font/5001/73
	45		53			/font/5001/65
	51		59			/font/5001/72
line	12	379	12	368	009000
		368	120		
	120			379	005000
		379	12		
rect	13	369	120	379	007000
tint	15	368	23	381	00ff00	/font/5001/47
	21		29			/font/5001/75
	27		35			/font/5001/6e
	33		41			/font/5001/73
	39		47			/font/5001/68
	45		53			/font/5001/69
	51		59			/font/5001/70
	15	380	23	393		/font/5001/54
	21		29			/font/5001/72
	27		35			/font/5001/61
	33		41			/font/5001/6e
	39		47			/font/5001/73
	45		53			/font/5001/70
	51		59			/font/5001/6f
	57		65			/font/5001/72
	63		71			/font/5001/74
line	12	438	119	438	009000
rect	16	450	114	475	001010
line	17	461	17	450	00c0c0
		450	43		
	43			461	007070
		461	17		
rect	18	451	43	461	009090
tint	19	450	27	463	00ffff	/font/5001/52
	25		33			/font/5001/47
	31		39			/font/5001/48
	37		45			/font/5001/54
	43		51			/font/5001/20
	49		57			/font/5001/42
	55		63			/font/5001/75
	61		69			/font/5001/69
	67		75			/font/5001/6c
	73		81			/font/5001/64
line	17	473	17	462	00c0c0
		462	43		
	43			473	007070
		473	17		
rect	18	463	43	473	009090
tint	19	462	27	475	00ffff	/font/5001/4c
	25		33			/font/5001/45
	31		39			/font/5001/46
	37		45			/font/5001/54
	43		51			/font/5001/20
	49		57			/font/5001/4d
	55		63			/font/5001/61
	61		69			/font/5001/69
	67		75			/font/5001/6e
	73		81			/font/5001/20
	79		87			/font/5001/4d
	85		93			/font/5001/65
	91		99			/font/5001/6e
	97		105			/font/5001/75
rect	12	180	120	192	000000
line	12	191	12	180	ffff00
		180	119		
	119			191	909000
		191	12		
rect	13	181	119	191	c0c000
tint	15	180	23	193	000000	/font/5001/43
	21		29			/font/5001/4f
	27		35			/font/5001/4e
	33		41			/font/5001/54
	39		47			/font/5001/52
	45		53			/font/5001/4f
	51		59			/font/5001/4c
rect	12	192	120	204	000000
tint	15	192	23	205	7fff7f	/font/5001/50
	21		29			/font/5001/72
	27		35			/font/5001/6f
	33		41			/font/5001/78
	39		47			/font/5001/69
	45		53			/font/5001/6d
	51		59			/font/5001/61
	57		65			/font/5001/20
	63		71			/font/5001/41
	69		77			/font/5001/6c
	75		83			/font/5001/70
	81		89			/font/5001/68
	87		95			/font/5001/61
rect	14	204	36	226	000000
draw	16	207	34	224	/sprites/1001.SMIV/0
line	14	204	35	204	489048
			14	205	
	35		35		
	14	225		225	
			14	224	
	35		35		
rect	40	204	51	226	000000
	53		64		
	69		120	216	
		216		228	
	12	228		240	
		252		264	
line	12	263	12	252	007fff
		252	119		
	119			263	00488f
		263	12		
rect	13	253	119	263	0060c0
tint	15	252	23	265	000000	/font/5001/54
	21		29			/font/5001/41
	27		35			/font/5001/52
	33		41			/font/5001/47
	39		47			/font/5001/45
	45		53			/font/5001/54
rect	12	264	120	276	000000
tint	15	264	23	277	7fff7f	/font/5001/47
	21		29			/font/5001/55
	27		35			/font/5001/4e
	33		41			/font/5001/53
	39		47			/font/5001/48
	45		53			/font/5001/49
	51		59			/font/5001/50
rect	14	276	36	298	000000
draw	18	278	32	296	/sprites/652.SMIV/0
line	14	276	35	276	489048
			14	277	
	35		35		
	14	297		297	
			14	296	
	35		35		
rect	40	276	51	298	000000
	42	278	49	295	003870
		295		296	0060c0
line	40	276	50	276	00488f
			40	277	
	50		50		
	40	297		297	
			40	296	
	50		50		
rect	53	276	64	298	000000
	55	278	62	287	707000
		287		296	c0c000
line	53	276	63	276	909000
			53	277	
	63		63		
	53	297		297	
			53	296	
	63		63		
rect	69	276	120	288	000000
tint	69	276	77	289	7fff7f	/font/5001/4c
	75		83			/font/5001/53
	81		89			/font/5001/52
	87		95			/font/5001/54
	93		101			/font/5001/55
	99		107			/font/5001/52
	105		113			
	111		119			/font/5001/54
rect	69	288	120	300	000000
tint	69	288	77	301	7fff7f	/font/5001/4d
	75		83			/font/5001/47
	81		89			/font/5001/4e
	87		95			/font/5001/54
	93		101			/font/5001/4f
	99		107			/font/5001/50
	105		113			/font/5001/4c
	111		119			/font/5001/53
rect	69	264	120	276	000000
	12	300		312	
