point	170	415	808080
	526	59	
	574	6	d0d0d0
	407	13	b0b0b0
		35	
	272	133	
	424	288	808080
	299	24	b0b0b0
	182	35	
	199	244	808080
	246	284	b0b0b0
	319	158	808080
	495	138	
	572	451	
	288	325	
	557	182	
	171	250	b0b0b0
	338	67	808080
	314	276	b0b0b0
	244	26	808080
	601	344	
	186	72	d0d0d0
	370	34	
	176	285	
	212	237	808080
	427	265	d0d0d0
	330	422	808080
	338	130	d0d0d0
	240	216	808080
	505	173	b0b0b0
	271	58	808080
	211	273	
	457	419	
	532	33	b0b0b0
	486	85	808080
	543	169	
	226	255	b0b0b0
	206	178	808080
	259	465	d0d0d0
	164	178	808080
	184	345	b0b0b0
	146	426	808080
	382	298	b0b0b0
	588	191	d0d0d0
	525	349	
	191	400	
	147	240	b0b0b0
	286	449	
	545	401	808080
	138	109	
	234	420	
	375	117	
	552	177	
	575	386	
	478	256	d0d0d0
	429	191	808080
	545	352	
	551	43	
	519	145	b0b0b0
	269	463	808080
	523	154	
	241		
	347	133	b0b0b0
	428	328	
	215	348	808080
	152	102	
	156	291	d0d0d0
	584	387	b0b0b0
	360	372	d0d0d0
	291	198	808080
	168	17	
	573	271	
	400	328	
	362	327	
	258	477	d0d0d0
	164	257	808080
	443	201	b0b0b0
	394	190	
	482	347	d0d0d0
	565	475	808080
	558	366	
	436	207	d0d0d0
	572	470	808080
	265	91	b0b0b0
	140	225	808080
	482	431	
	335	193	d0d0d0
	147	381	808080
	215	357	
	416	36	b0b0b0
	228	237	808080
	220	8	b0b0b0
	380	93	808080
	273	429	d0d0d0
	223	335	808080
	254	51	
	474	28	b0b0b0
	476	393	d0d0d0
	226	339	
	299	301	
	443	303	
	235	451	b0b0b0
	143	223	
	317	251	808080
	187	3	b0b0b0
	198	68	808080
	405	455	
	448	414	
	209	479	d0d0d0
	234	108	
	232	7	b0b0b0
	184	348	
	538	129	808080
	329	227	d0d0d0
	325	97	b0b0b0
	209	387	808080
	573	423	d0d0d0
	603	62	b0b0b0
	417	458	d0d0d0
	140	29	
	358	61	b0b0b0
	460	81	d0d0d0
	285	340	b0b0b0
	208	474	d0d0d0
	381	230	808080
	998	366	201000
	992	391	
	994	398	
	961	413	
	964	410	
	992	378	
	957	390	
	985	397	
	994	407	
	977	390	
line	433	0	433	480	005000
	128	159	608	159	002850
	1078	424	1075	423	7fff7f
	1048	413	1045	411	
	594	212	592	212	
	565	219	562	220	
	1113	416	1109	416	
	627	208	624	209	
	393	238	390	238	
rect	364	-15	380	1	009000
triangle	362	234	372	244	00c000
	570	136	576	142	
	556	215	566	225	
	517	212	523	218	
	607	202	615	210	c00000
	590	87	596	93	00c000
	471	265	477	271	
	554	108	564	118	
	493	241	501	249	c00000
diamond	463	110	479	126	00c000
triangle	548	82	558	92	00c000
	331	338	337	344	
rect	535	112	537	114	c00000
triangle	442	345	448	351	00c000
rect	551	81	555	85	ff0000
dither	445	358	500	375	303000
tint	449	362	457	374	000000	/font/5000/46
	456		464			/font/5000/69
	463		471			/font/5000/67
	470		478			/font/5000/68
	477		485			/font/5000/74
	484		492			/font/5000/65
	491		499			/font/5000/72
	448	361	456	373	ffff00	/font/5000/46
	455		463			/font/5000/69
	462		470			/font/5000/67
	469		477			/font/5000/68
	476		484			/font/5000/74
	483		491			/font/5000/65
	490		498			/font/5000/72
dither	200	50	367	67	003030
tint	204	54	212	66	000000	/font/5000/5a
	211		219			/font/5000/6f
	218		226			
	225		233			/font/5000/6d
	232		240			/font/5000/20
	239		247			/font/5000/74
	246		254			/font/5000/6f
	253		261			/font/5000/20
	260		268			/font/5000/43
	267		275			/font/5000/6c
	274		282			/font/5000/6f
	281		289			/font/5000/73
	288		296			/font/5000/65
	295		303			/font/5000/73
	302		310			/font/5000/74
	309		317			/font/5000/20
	316		324			/font/5000/48
	323		331			/font/5000/6f
	330		338			/font/5000/73
	337		345			/font/5000/74
	344		352			/font/5000/69
	351		359			/font/5000/6c
	358		366			/font/5000/65
	203	53	211	65	00ffff	/font/5000/5a
	210		218			/font/5000/6f
	217		225			
	224		232			/font/5000/6d
	231		239			/font/5000/20
	238		246			/font/5000/74
	245		253			/font/5000/6f
	252		260			/font/5000/20
	259		267			/font/5000/43
	266		274			/font/5000/6c
	273		281			/font/5000/6f
	280		288			/font/5000/73
	287		295			/font/5000/65
	294		302			/font/5000/73
	301		309			/font/5000/74
	308		316			/font/5000/20
	315		323			/font/5000/48
	322		330			/font/5000/6f
	329		337			/font/5000/73
	336		344			/font/5000/74
	343		351			/font/5000/69
	350		358			/font/5000/6c
	357		365			/font/5000/65
line	567	239	554	232	489048
				247	
	554	232			204020
draw	0	0	128	480	/pictures/501.png
	608		640		/pictures/512.png
tint	29	159	37	172	ff0000	/font/5001/34
	35		43			/font/5001/36
	41		49			/font/5001/37
line	614	382	614	359	00488f
		359	622		
	622			382	002850
		382	614		
rect	615	360	622	382	003870
line	614	456	614	383	007fff
		383	622		
	622			456	00488f
		456	614		
rect	615	384	622	456	0070e0
line	614	231	614	231	909048
			622		
	622				505028
			614		
	614	328		232	ffff7f
		232	622		
	622			328	909048
		328	614		
rect	615	233	622	328	e0e070
line	614	111	614	103	904848
		103	622		
	622			111	502828
		111	614		
rect	615	104	622	111	703838
line	614	200	614	112	ff7f7f
		112	622		
	622			200	904848
		200	614		
rect	615	113	622	200	e07070
line	618	8	629	8	90488f
			618	9	
	629		629		
	618	36		36	
			618	35	
	629		629		
rect	620	10	628	35	703870
		21			c060c0
	634	49	636	52	7fff7f
		53		56	60c060
		57		60	
		61		64	
		65		68	
		69		72	7fff7f
		73		76	60c060
		77		80	
		81		84	
		85		88	
		89		92	7fff7f
		93		96	60c060
		97		100	
		101		104	
		105		108	
		109		112	7fff7f
		113		116	60c060
		117		120	
		121		124	
		125		128	
		129		132	7fff7f
		133		136	60c060
		137		140	
		141		144	
		145		148	
		149		152	7fff7f
		153		156	60c060
		157		160	
		161		164	
		165		168	
		169		172	7fff7f
		173		176	60c060
		177		180	
		181		184	0060c0
		185		188	
		189		192	007fff
		193		196	0060c0
		197		200	183018
		201		204	
		205		208	
		209		212	
		213		216	
		217		220	
		221		224	
		225		228	
		229		232	
		233		236	
		237		240	
		241		244	
		245		248	
		249		252	
		253		256	
		257		260	
		261		264	
		265		268	
		269		272	
		273		276	
		277		280	
		281		284	
		285		288	
		289		292	
		293		296	
		297		300	
		301		304	
		305		308	
		309		312	
		313		316	
		317		320	
		321		324	
		325		328	
		329		332	
		333		336	
		337		340	
		341		344	
		345		348	
		349		352	
		353		356	
		357		360	
		361		364	
		365		368	
		369		372	
		373		376	
		377		380	
		381		384	
		385		388	
		389		392	
		393		396	
		397		400	
		401		404	
		405		408	
		409		412	
		413		416	
		417		420	
		421		424	
		425		428	
		429		432	
		433		436	
		437		440	
		441		444	
		445		448	
	621	52	631	56	303000
		57		61	
		62		66	
		67		71	
		72		76	
		77		81	
		82		86	
	7	7	115	115	00ff00
	8	8	114	114	001000
	33	33	89	89	003000
point	61	33	00e000
	90	58	
	70	73	
	87	58	
	63	61	
	83	59	
			
	87	44	
	83	47	
	89	58	
	85	50	
	76	61	
	73	47	
	111	70	
	82	44	
	81	48	
	73	64	
	78	59	
	101	52	
	58	72	
	98	32	
	82	43	
	80	47	
rect	12	320	121	440	001000
tint	15	320	23	333	00ff00	/font/5001/42
	21		29			/font/5001/55
	27		35			/font/5001/49
	33		41			/font/5001/4c
	39		47			/font/5001/44
	45		53			/font/5001/20
	51		59			/font/5001/53
	57		65			/font/5001/48
	63		71			/font/5001/49
	69		77			/font/5001/50
	75		83			/font/5001/53
line	12	342	119	342	009000
tint	15	332	23	345	00ff00	/font/5001/50
	21		29			/font/5001/72
	27		35			/font/5001/6f
	33		41			/font/5001/78
	39		47			/font/5001/69
	45		53			/font/5001/6d
	51		59			/font/5001/61
	57		65			/font/5001/20
	63		71			/font/5001/41
	69		77			/font/5001/6c
	75		83			/font/5001/70
	81		89			/font/5001/68
	87		95			/font/5001/61
	15	344	23	357		/font/5001/46
	21		29			/font/5001/69
	27		35			/font/5001/67
	33		41			/font/5001/68
	39		47			/font/5001/74
	45		53			/font/5001/65
	51		59			/font/5001/72
	15	356	23	369		/font/5001/43
	21		29			/font/5001/72
	27		35			/font/5001/75
	33		41			/font/5001/69
	39		47			/font/5001/73
	45		53			/font/5001/65
	51		59			/font/5001/72
	15	368	23	381		/font/5001/47
	21		29			/font/5001/75
	27		35			/font/5001/6e
	33		41			/font/5001/73
	39		47			/font/5001/68
	45		53			/font/5001/69
	51		59			/font/5001/70
line	12	391	12	380	009000
		380	120		
	120			391	005000
		391	12		
rect	13	381	120	391	007000
tint	15	380	23	393	00ff00	/font/5001/54
	21		29			/font/5001/72
	27		35			/font/5001/61
	33		41			/font/5001/6e
	39		47			/font/5001/73
	45		53			/font/5001/70
	51		59			/font/5001/6f
	57		65			/font/5001/72
	63		71			/font/5001/74
line	12	438	119	438	009000
rect	16	450	114	475	001010
line	17	461	17	450	00c0c0
		450	43		
	43			461	007070
		461	17		
rect	18	451	43	461	009090
tint	19	450	27	463	00ffff	/font/5001/52
	25		33			/font/5001/47
	31		39			/font/5001/48
	37		45			/font/5001/54
	43		51			/font/5001/20
	49		57			/font/5001/42
	55		63			/font/5001/75
	61		69			/font/5001/69
	67		75			/font/5001/6c
	73		81			/font/5001/64
line	17	473	17	462	00c0c0
		462	43		
	43			473	007070
		473	17		
rect	18	463	43	473	009090
tint	19	462	27	475	00ffff	/font/5001/4c
	25		33			/font/5001/45
	31		39			/font/5001/46
	37		45			/font/5001/54
	43		51			/font/5001/20
	49		57			/font/5001/4d
	55		63			/font/5001/61
	61		69			/font/5001/69
	67		75			/font/5001/6e
	73		81			/font/5001/20
	79		87			/font/5001/4d
	85		93			/font/5001/65
	91		99			/font/5001/6e
	97		105			/font/5001/75
line	12	191	12	180	ffff00
		180	120		
	120			191	909000
		191	12		
rect	13	181	120	191	c0c000
tint	15	180	23	193	000000	/font/5001/43
	21		29			/font/5001/4f
	27		35			/font/5001/4e
	33		41			/font/5001/54
	39		47			/font/5001/52
	45		53			/font/5001/4f
	51		59			/font/5001/4c
	15	192	23	205	7fff7f	/font/5001/46
	21		29			/font/5001/49
	27		35			/font/5001/47
	33		41			/font/5001/48
	39		47			/font/5001/54
	45		53			/font/5001/45
	51		59			/font/5001/52
draw	17	206	33	224	/sprites/651.SMIV/0
line	14	204	35	204	489048
			14	205	
	35		35		
	14	225		225	
			14	224	
	35		35		
rect	42	206	49	206	003870
				224	0060c0
line	40	204	50	204	00488f
			40	205	
	50		50		
	40	225		225	
			40	224	
	50		50		
rect	55	206	62	207	707000
		207		224	c0c000
line	53	204	63	204	909000
			53	205	
	63		63		
	53	225		225	
			53	224	
	63		63		
tint	69	204	77	217	7fff7f	/font/5001/4c
	75		83			/font/5001/41
	81		89			/font/5001/53
	87		95			/font/5001/45
	93		101			/font/5001/52
	12	228	20	241	00ff00	/font/5001/47
	18		26			/font/5001/75
	24		32			/font/5001/6e
	30		38			/font/5001/73
	36		44			/font/5001/68
	42		50			/font/5001/69
	48		56			/font/5001/70
line	12	263	12	252	007fff
		252	120		
	120			263	00488f
		263	12		
rect	13	253	120	263	0060c0
tint	15	252	23	265	000000	/font/5001/54
	21		29			/font/5001/41
	27		35			/font/5001/52
	33		41			/font/5001/47
	39		47			/font/5001/45
	45		53			/font/5001/54
	15	264	23	277	7fff7f	/font/5001/50
	21		29			/font/5001/72
	27		35			/font/5001/6f
	33		41			/font/5001/78
	39		47			/font/5001/69
	45		53			/font/5001/6d
	51		59			/font/5001/61
	57		65			/font/5001/20
	63		71			/font/5001/42
	69		77			/font/5001/65
	75		83			/font/5001/74
	81		89			/font/5001/61
draw	16	278	34	296	/sprites/1021.SMIV/0
line	14	276	35	276	489048
			14	277	
	35		35		
	14	297		297	
			14	296	
	35		35		
