point	313	400	b0b0b0
	415	408	808080
	317	288	b0b0b0
	369	326	
	451	266	d0d0d0
	519	283	808080
	243	158	
	538	65	
	388	136	b0b0b0
	443	181	
	502	148	808080
	148	316	d0d0d0
	313	8	808080
	391	321	
	576	425	d0d0d0
	376	52	808080
	302	16	d0d0d0
	593	416	808080
	217	473	
	510	96	b0b0b0
	419	213	808080
	302	16	d0d0d0
	515	171	b0b0b0
	448	200	808080
	416	120	d0d0d0
	573	80	808080
	166	334	d0d0d0
	527	162	808080
	538	167	
	291	462	
	532	163	d0d0d0
	212	372	808080
	276	289	
	599	382	
	378	434	
	362	39	
	537	376	
	314	473	
	489	32	
	436	410	d0d0d0
	417	329	
	444	289	808080
	583	206	d0d0d0
	155	442	808080
	152	270	b0b0b0
	264	442	
	354	153	
	530	247	808080
	363	271	
	436	31	
	394	474	b0b0b0
	202	466	808080
	371	46	
	393	256	
	600	217	
	247	61	
	364	221	
	490	306	d0d0d0
	140	43	
	547	120	b0b0b0
	341	24	808080
	538	11	
	554	202	b0b0b0
	147	377	808080
	513	303	
	523	444	
	143	373	b0b0b0
	312	191	
	539	249	808080
	588	351	
	368	395	b0b0b0
	392	141	808080
	218	198	
	181	197	
	416	404	b0b0b0
	462	194	808080
	171	5	b0b0b0
	602	156	808080
	601	200	b0b0b0
	383	345	808080
	377	236	
	577	72	
	391	340	
	428	92	d0d0d0
	195	373	808080
	300	301	
	527	132	
	363	20	b0b0b0
	343	377	808080
	504	372	
	525	118	
	368	144	d0d0d0
	379	442	808080
	442	126	b0b0b0
	309	437	
	552	245	808080
	379	311	b0b0b0
	189	400	808080
	406	192	b0b0b0
	461	187	
	552	450	808080
	591	421	
	435	252	
	144	277	d0d0d0
	394	30	b0b0b0
	213	423	
	224	325	808080
	267	284	
	395	83	b0b0b0
	413	250	
	384	147	d0d0d0
	390	7	b0b0b0
	316	478	808080
	522	333	
	532	115	b0b0b0
	506	223	808080
	211	163	d0d0d0
	152	323	b0b0b0
	551	271	
	431	15	808080
	578	321	
	561	412	d0d0d0
	528	41	808080
	595	308	d0d0d0
	200	100	808080
line	245	0	245	480	005000
	430		430		000050
	128	57	608	57	
		242		242	
		427		427	
	1592	202	1593	209	7fff7f
draw	357	233	378	245	/sprites/652.SMIV/16
	425	140	433	144	/sprites/651.SMIV/17
	541	218	549	222	/sprites/651.SMIV/18
	555	29	563	35	/sprites/651.SMIV/15
	173	279	187	291	/sprites/578.SMIV/9
	466	118	487	130	/sprites/652.SMIV/16
	499		507	124	/sprites/651.SMIV/15
	254	298	262	303	/sprites/651.SMIV/16
	235	269	243	276	/sprites/504.SMIV/9
dither	257	310	312	327	303000
tint	261	314	269	326	000000	/font/5000/46
	268		276			/font/5000/69
	275		283			/font/5000/67
	282		290			/font/5000/68
	289		297			/font/5000/74
	296		304			/font/5000/65
	303		311			/font/5000/72
	260	313	268	325	ffff00	/font/5000/46
	267		275			/font/5000/69
	274		282			/font/5000/67
	281		289			/font/5000/68
	288		296			/font/5000/74
	295		303			/font/5000/65
	302		310			/font/5000/72
dither	200	451	444	468	300000
tint	204	455	212	467	000000	/font/5000/20
	211		219			/font/5000/46
	218		226			/font/5000/69
	225		233			/font/5000/67
	232		240			/font/5000/68
	239		247			/font/5000/74
	246		254			/font/5000/65
	253		261			/font/5000/72
	260		268			/font/5000/20
	267		275			/font/5000/64
	274		282			/font/5000/65
	281		289			/font/5000/73
	288		296			/font/5000/74
	295		303			/font/5000/72
	302		310			/font/5000/6f
	309		317			/font/5000/79
	316		324			/font/5000/65
	323		331			/font/5000/64
	330		338			/font/5000/2e
	337		345			/font/5000/20
	344		352			
	351		359			/font/5000/36
	358		366			/font/5000/20
	365		373			/font/5000/72
	372		380			/font/5000/65
	379		387			/font/5000/6d
	386		394			/font/5000/61
	393		401			/font/5000/69
	400		408			/font/5000/6e
	407		415			/font/5000/69
	414		422			/font/5000/6e
	421		429			/font/5000/67
	428		436			/font/5000/2e
	435		443			/font/5000/20
	203	454	211	466	ff0000	
	210		218			/font/5000/46
	217		225			/font/5000/69
	224		232			/font/5000/67
	231		239			/font/5000/68
	238		246			/font/5000/74
	245		253			/font/5000/65
	252		260			/font/5000/72
	259		267			/font/5000/20
	266		274			/font/5000/64
	273		281			/font/5000/65
	280		288			/font/5000/73
	287		295			/font/5000/74
	294		302			/font/5000/72
	301		309			/font/5000/6f
	308		316			/font/5000/79
	315		323			/font/5000/65
	322		330			/font/5000/64
	329		337			/font/5000/2e
	336		344			/font/5000/20
	343		351			
	350		358			/font/5000/36
	357		365			/font/5000/20
	364		372			/font/5000/72
	371		379			/font/5000/65
	378		386			/font/5000/6d
	385		393			/font/5000/61
	392		400			/font/5000/69
	399		407			/font/5000/6e
	406		414			/font/5000/69
	413		421			/font/5000/6e
	420		428			/font/5000/67
	427		435			/font/5000/2e
	434		442			/font/5000/20
line	195	339	211	339	489048
			202	326	
	211				204020
draw	0	0	128	480	/pictures/501.png
	608		640		/pictures/512.png
tint	29	159	37	172	ff0000	/font/5001/34
	35		43			/font/5001/36
	41		49			/font/5001/37
line	614	382	614	359	00488f
		359	622		
	622			382	002850
		382	614		
rect	615	360	622	382	003870
line	614	456	614	383	007fff
		383	622		
	622			456	00488f
		456	614		
rect	615	384	622	456	0070e0
line	614	231	614	231	909048
			622		
	622				505028
			614		
	614	328		232	ffff7f
		232	622		
	622			328	909048
		328	614		
rect	615	233	622	328	e0e070
line	614	113	614	103	904848
		103	622		
	622			113	502828
		113	614		
rect	615	104	622	113	703838
line	614	200	614	114	ff7f7f
		114	622		
	622			200	904848
		200	614		
rect	615	115	622	200	e07070
line	618	8	629	8	90488f
			618	9	
	629		629		
	618	36		36	
			618	35	
	629		629		
rect	620	10	628	35	703870
		35			c060c0
	634	49	636	52	7fff7f
		53		56	60c060
		57		60	
		61		64	
		65		68	
		69		72	7fff7f
		73		76	60c060
		77		80	
		81		84	
		85		88	
		89		92	7fff7f
		93		96	60c060
		97		100	
		101		104	
		105		108	
		109		112	7fff7f
		113		116	60c060
		117		120	
		121		124	
		125		128	
		129		132	7fff7f
		133		136	60c060
		137		140	
		141		144	
		145		148	
		149		152	7fff7f
		153		156	60c060
		157		160	
		161		164	
		165		168	
		169		172	7fff7f
		173		176	60c060
		177		180	
		181		184	
		185		188	0060c0
		189		192	007fff
		193		196	0060c0
		197		200	
		201		204	183018
		205		208	
		209		212	
		213		216	
		217		220	
		221		224	
		225		228	
		229		232	
		233		236	
		237		240	
		241		244	
		245		248	
		249		252	
		253		256	
		257		260	
		261		264	
		265		268	
		269		272	
		273		276	
		277		280	
		281		284	
		285		288	
		289		292	
		293		296	
		297		300	
		301		304	
		305		308	
		309		312	
		313		316	
		317		320	
		321		324	
		325		328	
		329		332	
		333		336	
		337		340	
		341		344	
		345		348	
		349		352	
		353		356	
		357		360	
		361		364	
		365		368	
		369		372	
		373		376	
		377		380	
		381		384	
		385		388	
		389		392	
		393		396	
		397		400	
		401		404	
		405		408	
		409		412	
		413		416	
		417		420	
		421		424	
		425		428	
		429		432	
		433		436	
		437		440	
		441		444	
		445		448	
	621	52	631	56	303000
		57		61	
		62		66	
		67		71	
		72		76	
		77		81	
		82		86	
	7	7	115	115	00ff00
	8	8	114	114	001000
	48	48	74	74	003000
point	48	22	00e000
	55	64	
	48	22	
	82	56	
	54	62	
	71	50	
	83	52	
	102	53	
	64	56	
	51	63	
	61	46	
	100	59	
	67	55	
	70	60	
	68	55	
	63	41	
	60	48	
rect	12	320	121	440	001000
tint	15	320	23	333	00ff00	/font/5001/42
	21		29			/font/5001/55
	27		35			/font/5001/49
	33		41			/font/5001/4c
	39		47			/font/5001/44
	45		53			/font/5001/20
	51		59			/font/5001/53
	57		65			/font/5001/48
	63		71			/font/5001/49
	69		77			/font/5001/50
	75		83			/font/5001/53
line	12	342	119	342	009000
tint	15	332	23	345	00ff00	/font/5001/50
	21		29			/font/5001/72
	27		35			/font/5001/6f
	33		41			/font/5001/78
	39		47			/font/5001/69
	45		53			/font/5001/6d
	51		59			/font/5001/61
	57		65			/font/5001/20
	63		71			/font/5001/41
	69		77			/font/5001/6c
	75		83			/font/5001/70
	81		89			/font/5001/68
	87		95			/font/5001/61
	15	344	23	357		/font/5001/46
	21		29			/font/5001/69
	27		35			/font/5001/67
	33		41			/font/5001/68
	39		47			/font/5001/74
	45		53			/font/5001/65
	51		59			/font/5001/72
	15	356	23	369		/font/5001/43
	21		29			/font/5001/72
	27		35			/font/5001/75
	33		41			/font/5001/69
	39		47			/font/5001/73
	45		53			/font/5001/65
	51		59			/font/5001/72
	15	368	23	381		/font/5001/47
	21		29			/font/5001/75
	27		35			/font/5001/6e
	33		41			/font/5001/73
	39		47			/font/5001/68
	45		53			/font/5001/69
	51		59			/font/5001/70
line	12	391	12	380	009000
		380	120		
	120			391	005000
		391	12		
rect	13	381	120	391	007000
tint	15	380	23	393	00ff00	/font/5001/54
	21		29			/font/5001/72
	27		35			/font/5001/61
	33		41			/font/5001/6e
	39		47			/font/5001/73
	45		53			/font/5001/70
	51		59			/font/5001/6f
	57		65			/font/5001/72
	63		71			/font/5001/74
line	12	438	119	438	009000
rect	16	450	114	475	001010
line	17	461	17	450	00c0c0
		450	43		
	43			461	007070
		461	17		
rect	18	451	43	461	009090
tint	19	450	27	463	00ffff	/font/5001/52
	25		33			/font/5001/47
	31		39			/font/5001/48
	37		45			/font/5001/54
	43		51			/font/5001/20
	49		57			/font/5001/42
	55		63			/font/5001/75
	61		69			/font/5001/69
	67		75			/font/5001/6c
	73		81			/font/5001/64
line	17	473	17	462	00c0c0
		462	43		
	43			473	007070
		473	17		
rect	18	463	43	473	009090
tint	19	462	27	475	00ffff	/font/5001/4c
	25		33			/font/5001/45
	31		39			/font/5001/46
	37		45			/font/5001/54
	43		51			/font/5001/20
	49		57			/font/5001/4d
	55		63			/font/5001/61
	61		69			/font/5001/69
	67		75			/font/5001/6e
	73		81			/font/5001/20
	79		87			/font/5001/4d
	85		93			/font/5001/65
	91		99			/font/5001/6e
	97		105			/font/5001/75
line	12	191	12	180	ffff00
		180	120		
	120			191	909000
		191	12		
rect	13	181	120	191	c0c000
tint	15	180	23	193	000000	/font/5001/43
	21		29			/font/5001/4f
	27		35			/font/5001/4e
	33		41			/font/5001/54
	39		47			/font/5001/52
	45		53			/font/5001/4f
	51		59			/font/5001/4c
	15	192	23	205	7fff7f	/font/5001/46
	21		29			/font/5001/49
	27		35			/font/5001/47
	33		41			/font/5001/48
	39		47			/font/5001/54
	45		53			/font/5001/45
	51		59			/font/5001/52
draw	17	206	33	224	/sprites/651.SMIV/0
line	14	204	35	204	489048
			14	205	
	35		35		
	14	225		225	
			14	224	
	35		35		
rect	42	206	49	206	003870
				224	0060c0
line	40	204	50	204	00488f
			40	205	
	50		50		
	40	225		225	
			40	224	
	50		50		
rect	55	206	62	207	707000
		207		224	c0c000
line	53	204	63	204	909000
			53	205	
	63		63		
	53	225		225	
			53	224	
	63		63		
tint	69	204	77	217	7fff7f	/font/5001/4c
	75		83			/font/5001/41
	81		89			/font/5001/53
	87		95			/font/5001/45
	93		101			/font/5001/52
	12	228	20	241	00ff00	/font/5001/47
	18		26			/font/5001/75
	24		32			/font/5001/6e
	30		38			/font/5001/73
	36		44			/font/5001/68
	42		50			/font/5001/69
	48		56			/font/5001/70
line	12	263	12	252	007fff
		252	120		
	120			263	00488f
		263	12		
rect	13	253	120	263	0060c0
tint	15	252	23	265	000000	/font/5001/54
	21		29			/font/5001/41
	27		35			/font/5001/52
	33		41			/font/5001/47
	39		47			/font/5001/45
	45		53			/font/5001/54
	15	264	23	277	7fff7f	/font/5001/50
	21		29			/font/5001/72
	27		35			/font/5001/6f
	33		41			/font/5001/78
	39		47			/font/5001/69
	45		53			/font/5001/6d
	51		59			/font/5001/61
	57		65			/font/5001/20
	63		71			/font/5001/42
	69		77			/font/5001/65
	75		83			/font/5001/74
	81		89			/font/5001/61
draw	16	278	34	296	/sprites/1021.SMIV/0
line	14	276	35	276	489048
			14	277	
	35		35		
	14	297		297	
			14	296	
	35		35		
