point	171	176	d0d0d0
	164	428	b0b0b0
		52	
	244	308	d0d0d0
	270	415	808080
	321	361	b0b0b0
	461	79	808080
	276	371	
	270	263	d0d0d0
	290	249	b0b0b0
	295	348	
	585	158	d0d0d0
	290	322	808080
	129	52	d0d0d0
	331	92	808080
	316	452	
	194	420	b0b0b0
		297	808080
	435	394	
	433	357	d0d0d0
	171	98	b0b0b0
	273	252	
	363	299	
	242	155	d0d0d0
	313	327	b0b0b0
	336	439	808080
	603	176	d0d0d0
	333	333	b0b0b0
	422	380	d0d0d0
	509	383	808080
	489	229	d0d0d0
	430	293	808080
	494	210	
	442	17	b0b0b0
	596	355	808080
	452	439	
	276	402	
	532	394	
	552	410	b0b0b0
	393	351	d0d0d0
	253	177	808080
	182	411	
	523	445	b0b0b0
	373	363	808080
	480	152	b0b0b0
	592	323	
	177	318	808080
	268	404	
	582	192	
	363	431	
	205	46	
	421	387	
	533	431	b0b0b0
	132	327	
	377	445	
	237	100	d0d0d0
	582	142	808080
	447	67	d0d0d0
	374	78	
	427	425	808080
	608	5	d0d0d0
	416	293	
	492	180	
	365	298	808080
	298	464	b0b0b0
	261	277	808080
	471	255	b0b0b0
	150	383	808080
	277	326	
	425	305	b0b0b0
	243	385	d0d0d0
	130	89	b0b0b0
	436	119	808080
	399	118	
	307	296	d0d0d0
	200	319	808080
	397	180	d0d0d0
	133	464	b0b0b0
	447	414	d0d0d0
	601	265	808080
	595	157	
	315	295	
	129	257	d0d0d0
	191	88	b0b0b0
	413	294	808080
	518	222	
	264	401	
	361	88	b0b0b0
	561	298	808080
	242	296	
	263	233	
	228	170	
	597	363	
	342	101	d0d0d0
	156	244	b0b0b0
	316	86	d0d0d0
	194	419	808080
	407	321	
	213	379	
	367	207	d0d0d0
	371	42	b0b0b0
	530	185	d0d0d0
	172	304	808080
	581	119	d0d0d0
	131	47	808080
	540	305	b0b0b0
	442	246	808080
	485	205	
	490	454	
	471	6	
	236	168	
	304	347	d0d0d0
	534	399	808080
	391	84	d0d0d0
	462	200	
	245	153	808080
	180	455	b0b0b0
	479	205	
	308	130	808080
	602	352	d0d0d0
	504	168	
	518	300	
	261	238	b0b0b0
	446	184	
	418	21	808080
line	330	0	330	480	000050
	538		538		005000
	128	130	608	130	000050
		338		338	
	523	101	518	100	7fff7f
	636	-60	639	-66	
	588	70	584	71	
	592	-2	595	-7	
draw	361	232	375	249	/sprites/652.SMIV/0
	567	115	583	128	/sprites/578.SMIV/9
	560	223	569	229	/sprites/651.SMIV/8
	546	142	555	148	/sprites/651.SMIV/21
	598	191	607	195	/sprites/651.SMIV/5
	495	38	501	45	/sprites/651.SMIV/11
	567	40	579	52	/sprites/578.SMIV/1
	476	87	495	105	/sprites/652.SMIV/22
	450	193	459	198	/sprites/651.SMIV/7
dither	367	219	422	236	001830
crop	371	223	378	234	56	44	000000	/fonts/tactical
	378		385		40	77		
	385		392		112	66		
	392		399		24	77		
	399		406		64	66		
	406		413		72			
	413		420		0	77		
	370	222	377	233	56	44	007fff	
	377		384		40	77		
	384		391		112	66		
	391		398		24	77		
	398		405		64	66		
	405		412		72			
	412		419		0	77		
line	343	41	337	55	489048
			352	53	
	337	55			204020
draw	0	0	128	480	/pictures/501.png
	608		640		/pictures/512.png
crop	29	159	35	171	32	36	ff0000	/fonts/computer
	35		41		48			
	41		47		56			
line	614	382	614	359	00488f
		359	622		
	622			382	002850
		382	614		
rect	615	360	622	382	003870
line	614	456	614	383	007fff
		383	622		
	622			456	00488f
		456	614		
rect	615	384	622	456	0070e0
line	614	231	614	231	909048
			622		
	622				505028
			614		
	614	328		232	ffff7f
		232	622		
	622			328	909048
		328	614		
rect	615	233	622	328	e0e070
line	614	114	614	103	904848
		103	622		
	622			114	502828
		114	614		
rect	615	104	622	114	703838
line	614	200	614	115	ff7f7f
		115	622		
	622			200	904848
		200	614		
rect	615	116	622	200	e07070
line	618	8	629	8	90488f
			618	9	
	629		629		
	618	36		36	
			618	35	
	629		629		
rect	620	10	628	35	703870
		14			c060c0
	634	49	636	52	7fff7f
		53		56	60c060
		57		60	
		61		64	
		65		68	
		69		72	7fff7f
		73		76	60c060
		77		80	
		81		84	
		85		88	
		89		92	7fff7f
		93		96	60c060
		97		100	
		101		104	
		105		108	
		109		112	7fff7f
		113		116	0060c0
		117		120	
		121		124	
		125		128	
		129		132	007fff
		133		136	0060c0
		137		140	
		141		144	
		145		148	
		149		152	007fff
		153		156	0060c0
		157		160	183018
		161		164	
		165		168	
		169		172	
		173		176	
		177		180	
		181		184	
		185		188	
		189		192	
		193		196	
		197		200	
		201		204	
		205		208	
		209		212	
		213		216	
		217		220	
		221		224	
		225		228	
		229		232	
		233		236	
		237		240	
		241		244	
		245		248	
		249		252	
		253		256	
		257		260	
		261		264	
		265		268	
		269		272	
		273		276	
		277		280	
		281		284	
		285		288	
		289		292	
		293		296	
		297		300	
		301		304	
		305		308	
		309		312	
		313		316	
		317		320	
		321		324	
		325		328	
		329		332	
		333		336	
		337		340	
		341		344	
		345		348	
		349		352	
		353		356	
		357		360	
		361		364	
		365		368	
		369		372	
		373		376	
		377		380	
		381		384	
		385		388	
		389		392	
		393		396	
		397		400	
		401		404	
		405		408	
		409		412	
		413		416	
		417		420	
		421		424	
		425		428	
		429		432	
		433		436	
		437		440	
		441		444	
		445		448	
	621	52	631	56	303000
		57		61	
		62		66	
		67		71	
		72		76	
		77		81	
		82		86	
	7	7	115	115	00ff00
	8	8	114	114	001000
	50	50	72	72	003000
point	62	16	00e000
	68	55	
		49	
	53	12	
	74	46	
	71	53	
	80		
	71	56	
	72	49	
		59	
	81	52	
	70	61	
	71	52	
	74	46	
	112	54	
	66		
	70	57	
	65	59	
	67	52	
	71	48	
rect	12	320	121	440	001000
crop	15	320	21	332	16	48	00ff00	/fonts/computer
	21		27		40	60		
	27		33		72	48		
	33		39		96			
	39		45		32			
	45		51		0	24		
	51		57		24	60		
	57		63		64	48		
	63		69		72			
	69		75		0	60		
	75		81		24			
line	12	342	119	342	009000
crop	15	332	21	344	0	60	00ff00	/fonts/computer
	21		27		16	84		
	27		33		120	72		
	33		39		64	84		
	39		45		72	72		
	45		51		104			
	51		57		8			
	57		63		0	24		
	63		69		8	48		
	69		75		96	72		
	75		81		0	84		
	81		87		64	72		
	87		93		8			
	15	344	21	356	48	48		
	21		27		72	72		
	27		33		56			
	33		39		64			
	39		45		32	84		
	45		51		40	72		
	51		57		16	84		
	15	356	21	368	24	48		
	21		27		16	84		
	27		33		40			
	33		39		72	72		
	39		45		24	84		
	45		51		40	72		
	51		57		16	84		
line	12	379	12	368	009000
		368	120		
	120			379	005000
		379	12		
rect	13	369	120	379	007000
crop	15	368	21	380	56	48	00ff00	/fonts/computer
	21		27		40	84		
	27		33		112	72		
	33		39		24	84		
	39		45		64	72		
	45		51		72			
	51		57		0	84		
	15	380	21	392	32	60		
	21		27		16	84		
	27		33		8	72		
	33		39		112			
	39		45		24	84		
	45		51		0			
	51		57		120	72		
	57		63		16	84		
	63		69		32			
line	12	438	119	438	009000
rect	16	450	114	475	001010
line	17	461	17	450	00c0c0
		450	43		
	43			461	007070
		461	17		
rect	18	451	43	461	009090
crop	19	450	25	462	16	60	00ffff	/fonts/computer
	25		31		56	48		
	31		37		64			
	37		43		32	60		
	43		49		0	24		
	49		55		16	48		
	55		61		40	84		
	61		67		72	72		
	67		73		96			
	73		79		32			
line	17	473	17	462	00c0c0
		462	43		
	43			473	007070
		473	17		
rect	18	463	43	473	009090
crop	19	462	25	474	96	48	00ffff	/fonts/computer
	25		31		40			
	31		37		48			
	37		43		32	60		
	43		49		0	24		
	49		55		104	48		
	55		61		8	72		
	61		67		72			
	67		73		112			
	73		79		0	24		
	79		85		104	48		
	85		91		40	72		
	91		97		112			
	97		103		40	84		
line	12	191	12	180	ffff00
		180	120		
	120			191	909000
		191	12		
rect	13	181	120	191	c0c000
crop	15	180	21	192	24	48	000000	/fonts/computer
	21		27		120			
	27		33		112			
	33		39		32	60		
	39		45		16			
	45		51		120	48		
	51		57		96			
	15	192	21	204	48		7fff7f	
	21		27		72			
	27		33		56			
	33		39		64			
	39		45		32	60		
	45		51		40	48		
	51		57		16	60		
draw	17	206	33	224	/sprites/651.SMIV/0
line	14	204	35	204	489048
			14	205	
	35		35		
	14	225		225	
			14	224	
	35		35		
rect	42	206	49	206	003870
				224	0060c0
line	40	204	50	204	00488f
			40	205	
	50		50		
	40	225		225	
			40	224	
	50		50		
rect	55	206	62	207	707000
		207		224	c0c000
line	53	204	63	204	909000
			53	205	
	63		63		
	53	225		225	
			53	224	
	63		63		
crop	69	204	75	216	96	48	7fff7f	/fonts/computer
	75		81		8			
	81		87		24	60		
	87		93		40	48		
	93		99		16	60		
	12	228	18	240	56	48	00ff00	
	18		24		40	84		
	24		30		112	72		
	30		36		24	84		
	36		42		64	72		
	42		48		72			
	48		54		0	84		
line	12	263	12	252	007fff
		252	120		
	120			263	00488f
		263	12		
rect	13	253	120	263	0060c0
crop	15	252	21	264	32	60	000000	/fonts/computer
	21		27		8	48		
	27		33		16	60		
	33		39		56	48		
	39		45		40			
	45		51		32	60		
	15	264	21	276	56	48	7fff7f	
	21		27		40	60		
	27		33		112	48		
	33		39		24	60		
	39		45		64	48		
	45		51		72			
	51		57		0	60		
draw	18	278	32	296	/sprites/652.SMIV/0
line	14	276	35	276	489048
			14	277	
	35		35		
	14	297		297	
			14	296	
	35		35		
rect	42	278	49	283	003870
		283		296	0060c0
line	40	276	50	276	00488f
			40	277	
	50		50		
	40	297		297	
			40	296	
	50		50		
rect	55	278	62	279	707000
		279		296	c0c000
line	53	276	63	276	909000
			53	277	
	63		63		
	53	297		297	
			53	296	
	63		63		
crop	69	276	75	288	96	48	7fff7f	/fonts/computer
	75		81		24	60		
	81		87		16			
	87		93		32			
	93		99		40			
	99		105		16			
	105		111					
	111		117		32			
	69	288	75	300	104	48		
	75		81		56			
	81		87		112			
	87		93		32	60		
	93		99		120	48		
	99		105		0	60		
	105		111		96	48		
	111		117		24	60		
