point	523	264	b0b0b0
	418	120	d0d0d0
	528	452	b0b0b0
	579	126	
	568	300	808080
	378	15	
	384	173	
	199	465	
	598	168	b0b0b0
	175	391	
	340	13	d0d0d0
	431	202	
	213	416	808080
	530	128	
	254	186	
	481	66	
	263	30	d0d0d0
	591	130	b0b0b0
	365	13	
	262	67	d0d0d0
	536	271	b0b0b0
	158	393	
	248	441	
	567	332	d0d0d0
	198	468	b0b0b0
	552	212	808080
	180	10	
	218	475	b0b0b0
	172	67	
	432	477	808080
	336	418	d0d0d0
	354	387	808080
	417	304	
	327	159	b0b0b0
	203	80	808080
	251	53	
	299	25	b0b0b0
	444	8	808080
	325	95	d0d0d0
	309	30	808080
	176	271	
	234	25	
	344	107	b0b0b0
	296	457	808080
	365	293	b0b0b0
	514	1	
	554	151	d0d0d0
	256	26	b0b0b0
	505	286	808080
	318	92	d0d0d0
	607	368	808080
	331	2	b0b0b0
	447	256	d0d0d0
	497	398	b0b0b0
	145	71	808080
	417	15	d0d0d0
	505	236	808080
	294	257	d0d0d0
	221	267	
	526	146	
	531	292	808080
	497	1	
	338	369	d0d0d0
	288	392	808080
	278	168	d0d0d0
	185	371	808080
	356	396	b0b0b0
	179	19	808080
	200	420	
	310	447	b0b0b0
	163	70	
	531	338	808080
	360	213	
	322	212	
	136	6	d0d0d0
	599	36	
	244	370	
	425	84	808080
	532	190	b0b0b0
	481	450	
	517	391	808080
	239	389	
	530	144	
	555	386	b0b0b0
	337	388	808080
	441	316	
	312	15	
	246	230	b0b0b0
	484	392	808080
	165	390	
	186	327	
	152	264	
	204	11	
	188	291	d0d0d0
	492	399	
	162	275	
	465	67	
	330	415	808080
	137	473	
	214	396	d0d0d0
	256	183	b0b0b0
	377	375	d0d0d0
	560	384	b0b0b0
	491	21	d0d0d0
	484	34	808080
	425	446	b0b0b0
	365	340	808080
	408	299	
	494	378	b0b0b0
	395	100	808080
	159	262	
	218	41	b0b0b0
	180	20	
	237	274	d0d0d0
	309	389	
	168	247	808080
	580	235	d0d0d0
	364	346	b0b0b0
	232	224	808080
	447	105	d0d0d0
	350	357	
	219	7	b0b0b0
	146	380	
	331	326	
	341	115	808080
line	229	0	229	480	005000
	373		373		
	517		517		
	128	127	608	127	
		271		271	
		415		415	
rect	359	210	375	226	009000
	66	103	82	119	00488f
plus	327	200	337	210	00c000
triangle	362	234	372	244	00c000
	358	214	368	224	
	370	236	376	242	
	366	246		256	
	377	243	387	253	
	372	240	378	246	
	370	237	376	243	
	371	239	377	245	
		230		236	
	70	106	80	116	c00000
rect	381	248	383	250	c00000
	365	244	367	246	
triangle	67	103	77	113	c00000
	85	115	95	125	900000
	371	240	381	250	00c000
diamond	366	227	382	243	00c000
	378	241	394	257	
triangle	367	235	377	245	00c000
	369	237	375	243	
	205	158	211	164	c00000
rect	365	261	367	263	c00000
triangle	372	248	378	254	00c000
dither	375	261	430	278	303000
crop	379	265	386	276	48	44	000000	/fonts/tactical
	386		393		72	66		
	393		400		56			
	400		407		64			
	407		414		32	77		
	414		421		40	66		
	421		428		16	77		
	378	264	385	275	48	44	ffff00	
	385		392		72	66		
	392		399		56			
	399		406		64			
	406		413		32	77		
	413		420		40	66		
	420		427		16	77		
line	177	182	187	193	489048
			192	179	
	187	193			204020
draw	0	0	128	480	/pictures/501.png
	608		640		/pictures/512.png
crop	29	159	35	171	32	36	ff0000	/fonts/computer
	35		41		48			
	41		47		56			
line	614	382	614	359	00488f
		359	622		
	622			382	002850
		382	614		
rect	615	360	622	382	003870
line	614	456	614	383	007fff
		383	622		
	622			456	00488f
		456	614		
rect	615	384	622	456	0070e0
line	614	328	614	231	ffff7f
		231	622		
	622			328	909048
		328	614		
rect	615	232	622	328	e0e070
line	614	113	614	103	904848
		103	622		
	622			113	502828
		113	614		
rect	615	104	622	113	703838
line	614	200	614	114	ff7f7f
		114	622		
	622			200	904848
		200	614		
rect	615	115	622	200	e07070
line	618	8	629	8	90488f
			618	9	
	629		629		
	618	36		36	
			618	35	
	629		629		
rect	620	10	628	35	703870
		11			c060c0
	634	49	636	52	7fff7f
		53		56	60c060
		57		60	
		61		64	
		65		68	
		69		72	7fff7f
		73		76	0060c0
		77		80	
		81		84	
		85		88	
		89		92	007fff
		93		96	0060c0
		97		100	
		101		104	
		105		108	
		109		112	007fff
		113		116	0060c0
		117		120	183018
		121		124	
		125		128	
		129		132	
		133		136	
		137		140	
		141		144	
		145		148	
		149		152	
		153		156	
		157		160	
		161		164	
		165		168	
		169		172	
		173		176	
		177		180	
		181		184	
		185		188	
		189		192	
		193		196	
		197		200	
		201		204	
		205		208	
		209		212	
		213		216	
		217		220	
		221		224	
		225		228	
		229		232	
		233		236	
		237		240	
		241		244	
		245		248	
		249		252	
		253		256	
		257		260	
		261		264	
		265		268	
		269		272	
		273		276	
		277		280	
		281		284	
		285		288	
		289		292	
		293		296	
		297		300	
		301		304	
		305		308	
		309		312	
		313		316	
		317		320	
		321		324	
		325		328	
		329		332	
		333		336	
		337		340	
		341		344	
		345		348	
		349		352	
		353		356	
		357		360	
		361		364	
		365		368	
		369		372	
		373		376	
		377		380	
		381		384	
		385		388	
		389		392	
		393		396	
		397		400	
		401		404	
		405		408	
		409		412	
		413		416	
		417		420	
		421		424	
		425		428	
		429		432	
		433		436	
		437		440	
		441		444	
		445		448	
	621	52	631	56	303000
		57		61	
		62		66	
		67		71	
		72		76	
		77		81	
		82		86	
	7	7	115	115	00ff00
	8	8	114	114	001000
					003000
point	61	37	00e000
	57	38	
	69	73	
	21	22	
	64	74	
	67	61	
	71	66	
	68	64	
	67	61	
	68	57	
	82	72	
	66	61	
	69	65	
	65	61	
	77	70	
	68	55	
	77	72	
	59	67	
	60	86	
rect	12	320	121	440	001000
crop	15	320	21	332	16	48	00ff00	/fonts/computer
	21		27		40	60		
	27		33		72	48		
	33		39		96			
	39		45		32			
	45		51		0	24		
	51		57		24	60		
	57		63		64	48		
	63		69		72			
	69		75		0	60		
	75		81		24			
line	12	342	119	342	009000
crop	15	332	21	344	0	60	00ff00	/fonts/computer
	21		27		16	84		
	27		33		120	72		
	33		39		64	84		
	39		45		72	72		
	45		51		104			
	51		57		8			
	57		63		0	24		
	63		69		8	48		
	69		75		96	72		
	75		81		0	84		
	81		87		64	72		
	87		93		8			
	15	344	21	356	48	48		
	21		27		72	72		
	27		33		56			
	33		39		64			
	39		45		32	84		
	45		51		40	72		
	51		57		16	84		
	15	356	21	368	24	48		
	21		27		16	84		
	27		33		40			
	33		39		72	72		
	39		45		24	84		
	45		51		40	72		
	51		57		16	84		
line	12	379	12	368	009000
		368	120		
	120			379	005000
		379	12		
rect	13	369	120	379	007000
crop	15	368	21	380	56	48	00ff00	/fonts/computer
	21		27		40	84		
	27		33		112	72		
	33		39		24	84		
	39		45		64	72		
	45		51		72			
	51		57		0	84		
	15	380	21	392	32	60		
	21		27		16	84		
	27		33		8	72		
	33		39		112			
	39		45		24	84		
	45		51		0			
	51		57		120	72		
	57		63		16	84		
	63		69		32			
line	12	438	119	438	009000
rect	16	450	114	475	001010
line	17	461	17	450	00c0c0
		450	43		
	43			461	007070
		461	17		
rect	18	451	43	461	009090
crop	19	450	25	462	16	60	00ffff	/fonts/computer
	25		31		56	48		
	31		37		64			
	37		43		32	60		
	43		49		0	24		
	49		55		16	48		
	55		61		40	84		
	61		67		72	72		
	67		73		96			
	73		79		32			
line	17	473	17	462	00c0c0
		462	43		
	43			473	007070
		473	17		
rect	18	463	43	473	009090
crop	19	462	25	474	96	48	00ffff	/fonts/computer
	25		31		40			
	31		37		48			
	37		43		32	60		
	43		49		0	24		
	49		55		104	48		
	55		61		8	72		
	61		67		72			
	67		73		112			
	73		79		0	24		
	79		85		104	48		
	85		91		40	72		
	91		97		112			
	97		103		40	84		
line	12	191	12	180	ffff00
		180	120		
	120			191	909000
		191	12		
rect	13	181	120	191	c0c000
crop	15	180	21	192	24	48	000000	/fonts/computer
	21		27		120			
	27		33		112			
	33		39		32	60		
	39		45		16			
	45		51		120	48		
	51		57		96			
	15	192	21	204	48		7fff7f	
	21		27		72			
	27		33		56			
	33		39		64			
	39		45		32	60		
	45		51		40	48		
	51		57		16	60		
draw	17	206	33	224	/sprites/651.SMIV/0
line	14	204	35	204	489048
			14	205	
	35		35		
	14	225		225	
			14	224	
	35		35		
rect	42	206	49	206	003870
				224	0060c0
line	40	204	50	204	00488f
			40	205	
	50		50		
	40	225		225	
			40	224	
	50		50		
rect	55	206	62	207	707000
		207		224	c0c000
line	53	204	63	204	909000
			53	205	
	63		63		
	53	225		225	
			53	224	
	63		63		
crop	69	204	75	216	96	48	7fff7f	/fonts/computer
	75		81		8			
	81		87		24	60		
	87		93		40	48		
	93		99		16	60		
	12	228	18	240	56	48	00ff00	
	18		24		40	84		
	24		30		112	72		
	30		36		24	84		
	36		42		64	72		
	42		48		72			
	48		54		0	84		
line	12	263	12	252	007fff
		252	120		
	120			263	00488f
		263	12		
rect	13	253	120	263	0060c0
crop	15	252	21	264	32	60	000000	/fonts/computer
	21		27		8	48		
	27		33		16	60		
	33		39		56	48		
	39		45		40			
	45		51		32	60		
	15	264	21	276	56	48	7fff7f	
	21		27		40	60		
	27		33		112	48		
	33		39		24	60		
	39		45		64	48		
	45		51		72			
	51		57		0	60		
draw	18	278	32	296	/sprites/652.SMIV/0
line	14	276	35	276	489048
			14	277	
	35		35		
	14	297		297	
			14	296	
	35		35		
rect	42	278	49	283	003870
		283		296	0060c0
line	40	276	50	276	00488f
			40	277	
	50		50		
	40	297		297	
			40	296	
	50		50		
rect	55	278	62	278	707000
				296	c0c000
line	53	276	63	276	909000
			53	277	
	63		63		
	53	297		297	
			53	296	
	63		63		
crop	69	276	75	288	96	48	7fff7f	/fonts/computer
	75		81		24	60		
	81		87		16			
	87		93		32			
	93		99		40			
	99		105		16			
	105		111					
	111		117		32			
	69	288	75	300	104	48		
	75		81		56			
	81		87		112			
	87		93		32	60		
	93		99		120	48		
	99		105		0	60		
	105		111		96	48		
	111		117		24	60		
