line	601	296	601	296	b0b0b0
	522	163	522	163	d0d0d0
	513	5	513	5	b0b0b0
	191	227	191	227	d0d0d0
	153	394	153	394	
	430	36	430	36	808080
	436	195	436	195	
	173	13	173	13	d0d0d0
		466		466	808080
	253	423	253	423	b0b0b0
	444	56	444	56	d0d0d0
	535	245	535	245	
	265	437	265	437	808080
	582	149	582	149	
	306	207	306	207	
	533	87	533	87	
	367	73	367	73	d0d0d0
	209	351	208	351	
	443	45	443	45	b0b0b0
	366	110	366	110	d0d0d0
	134	208	134	208	b0b0b0
	236	425	236	425	
	326	473	326	473	
	191	478	191	478	d0d0d0
	555	27	555	27	
	604	234	604	234	808080
	232	31	232	31	
	147	401	147	401	
	250	99	250	99	b0b0b0
	284	39	284	38	d0d0d0
	440	462	440	461	
	405	409	405	409	808080
	469	325	469	325	
	405	191	405	191	b0b0b0
	254	101	254	101	808080
	303	75	303	75	
	377	57	377	57	b0b0b0
	495	30	495	30	808080
	429	139	429	139	d0d0d0
	361	51	361	51	808080
	228	292	228	292	
	286	46	285	46	
	422	139	422	139	b0b0b0
	348	479	348	479	808080
	443	325	443	325	b0b0b0
	592	33	592	33	
	177	25	177	25	d0d0d0
	334	58	334	58	b0b0b0
	557	307	556	307	808080
	423	135	422	135	d0d0d0
	180	12	179	12	
	409	34	409	34	b0b0b0
	551	299	551	299	d0d0d0
	575	430	575	430	b0b0b0
	196	93	196	93	808080
	521	59	521	59	d0d0d0
	557	258	557	258	808080
	398	300	398	300	d0d0d0
	325	310	324	310	
	150	129	150	129	
	583	313	583	313	808080
	548	23	548	23	
	443	412	442	412	d0d0d0
	340	413	340	413	808080
	382	211	382	211	d0d0d0
	236	393	236	393	808080
	434	428	433	428	b0b0b0
	231	41	231	41	808080
	252	441	252	441	
	388	479	388	479	b0b0b0
	241	102	241	102	
	583	359	583	359	808080
	411	235	411	234	
	374	234	374	233	
	240	49	240	49	d0d0d0
	176	255	175	255	808080
	348	413	348	413	d0d0d0
	477	106	476	105	808080
	129	475	129	475	
	194	2	194	2	
	569	412	569	412	
	290	410	290	410	
	582	165	582	165	
	162	458	162	458	d0d0d0
	388	409	388	409	808080
	493	338	493	338	
	364	37	363	37	
	324	262	324	262	b0b0b0
	536	413	536	413	808080
	217	411	217	411	
	238	349	238	349	
	204	285	203	285	
	256	33	256	32	
	293	334	292	334	d0d0d0
	596	442	596	442	
	267	318	266	318	
	569	110	569	110	
	382	436	382	436	808080
	413	29	412	28	d0d0d0
	318	439	318	439	
	334	215	334	215	b0b0b0
	481	418	481	418	d0d0d0
	148	230	147	230	808080
	595	64	595	64	d0d0d0
	535	55	535	55	808080
	503	478	503	478	b0b0b0
	417	361	417	361	808080
	460	320	460	320	
	572	410	572	410	b0b0b0
	447	121	446	121	808080
	211	284	211	284	
	296	74	296	73	b0b0b0
	258	52	258	52	
	342	317	341	317	d0d0d0
	413	432	413	432	
	220	268	220	268	808080
	184	272	184	271	b0b0b0
	442	378	442	378	
	283	245	283	245	808080
	552	148	551	148	d0d0d0
	455	400	454	400	
	297	39	297	39	b0b0b0
	224	412	224	412	
	409	358	409	358	
	393	136	393	136	808080
rect	224	0	225	480	005000
	328		329		
	432		433		
	536		537		
	128	80	608	81	
		184		185	
		288		289	
		392		393	
	420	242	436	258	009000
	208	164	224	180	00488f
plus	384	230	394	240	00c000
triangle	362	234	372	244	00c000
	405	252	415	262	
	410	254	416	260	
		256	420	266	
	413	257	423	267	
	417	256		262	
	409	254	415	260	
	427	247	433	253	
	428	251	434	257	
	212	167	222	177	c00000
rect	443	270	445	272	c00000
	419	264	421	266	
triangle	210	165	220	175	c00000
	209	166	219	176	900000
	409	255	419	265	00c000
diamond	420	243	436	259	00c000
	421	259	437	275	
triangle	406	254	416	264	00c000
	405	255	411	261	
	285	194	291	200	c00000
	408	256	414	262	00c000
dither	411	269	466	286	303000
crop	415	273	422	284	48	44	000000	/fonts/tactical.png
	422		429		72	66		
	429		436		56			
	436		443		64			
	443		450		32	77		
	450		457		40	66		
	457		464		16	77		
	414	272	421	283	48	44	ffff00	
	421		428		72	66		
	428		435		56			
	435		442		64			
	442		449		32	77		
	449		456		40	66		
	456		463		16	77		
line	185	158	194	170	489048
			200	157	
	194	170			204020
draw	0	-144	128	624	/pictures/gui/instruments/left.png
	608		640		/pictures/gui/instruments/right.png
crop	29	159	35	171	32	36	ff0000	/fonts/computer.png
	35		41		48			
	41		47		56			
rect	614	359	615	383	00488f
			623	360	
	622			383	002850
	614	382			
	615	360	622	382	003870
	614	383	615	457	007fff
			623	384	
	622			457	00488f
	614	456			
	615	384	622	456	0070e0
	614	231	615	245	909048
			623	232	
	622			245	505028
	614	244			
	615	232	622	244	707038
	614	245	615	329	ffff7f
			623	246	
	622			329	909048
	614	328			
	615	246	622	328	e0e070
	614	103	615	114	904848
			623	104	
	622			114	502828
	614	113			
	615	104	622	113	703838
	614	114	615	201	ff7f7f
			623	115	
	622			201	904848
	614	200			
	615	115	622	200	e07070
	618	8	630	9	90488f
			619	10	
	629		630		
	618	36		37	
		35	619		
	629		630		
	620	10	628	35	703870
		27			c060c0
	634	49	636	52	7fff7f
		53		56	60c060
		57		60	
		61		64	
		65		68	
		69		72	7fff7f
		73		76	0060c0
		77		80	
		81		84	
		85		88	
		89		92	007fff
		93		96	0060c0
		97		100	
		101		104	
		105		108	
		109		112	007fff
		113		116	0060c0
		117		120	183018
		121		124	
		125		128	
		129		132	
		133		136	
		137		140	
		141		144	
		145		148	
		149		152	
		153		156	
		157		160	
		161		164	
		165		168	
		169		172	
		173		176	
		177		180	
		181		184	
		185		188	
		189		192	
		193		196	
		197		200	
		201		204	
		205		208	
		209		212	
		213		216	
		217		220	
		221		224	
		225		228	
		229		232	
		233		236	
		237		240	
		241		244	
		245		248	
		249		252	
		253		256	
		257		260	
		261		264	
		265		268	
		269		272	
		273		276	
		277		280	
		281		284	
		285		288	
		289		292	
		293		296	
		297		300	
		301		304	
		305		308	
		309		312	
		313		316	
		317		320	
		321		324	
		325		328	
		329		332	
		333		336	
		337		340	
		341		344	
		345		348	
		349		352	
		353		356	
		357		360	
		361		364	
		365		368	
		369		372	
		373		376	
		377		380	
		381		384	
		385		388	
		389		392	
		393		396	
		397		400	
		401		404	
		405		408	
		409		412	
		413		416	
		417		420	
		421		424	
		425		428	
		429		432	
		433		436	
		437		440	
		441		444	
		445		448	
	621	52	631	56	303000
		57		61	
		62		66	
		67		71	
		72		76	
		77		81	
		82		86	
	7	7	115	115	00ff00
	8	8	114	114	001000
					003000
point	95	55	00e000
rect	12	320	121	440	001000
		342	120	343	009000
		368	13	380	
			121	369	
	120			380	005000
	12	379			
	13	369	120	379	007000
	12	438		439	009000
	16	450	114	475	001010
	17		18	462	00c0c0
			44	451	
	43			462	007070
	17	461			
	18	451	43	461	009090
	17	462	18	474	00c0c0
			44	463	
	43			474	007070
	17	473			
	18	463	43	473	009090
crop	15	320	21	332	16	48	00ff00	/fonts/computer.png
	21		27		40	60		
	27		33		72	48		
	33		39		96			
	39		45		32			
	51		57		24	60		
	57		63		64	48		
	63		69		72			
	69		75		0	60		
	75		81		24			
	15	332	21	344	0			
	21		27		16	84		
	27		33		120	72		
	33		39		64	84		
	39		45		72	72		
	45		51		104			
	51		57		8			
	63		69			48		
	69		75		96	72		
	75		81		0	84		
	81		87		64	72		
	87		93		8			
	15	344	21	356	48	48		
	21		27		72	72		
	27		33		56			
	33		39		64			
	39		45		32	84		
	45		51		40	72		
	51		57		16	84		
	15	356	21	368	24	48		
	21		27		16	84		
	27		33		40			
	33		39		72	72		
	39		45		24	84		
	45		51		40	72		
	51		57		16	84		
	15	368	21	380	56	48		
	21		27		40	84		
	27		33		112	72		
	33		39		24	84		
	39		45		64	72		
	45		51		72			
	51		57		0	84		
	15	380	21	392	32	60		
	21		27		16	84		
	27		33		8	72		
	33		39		112			
	39		45		24	84		
	45		51		0			
	51		57		120	72		
	57		63		16	84		
	63		69		32			
	19	450	25	462	16	60	00ffff	
	25		31		56	48		
	31		37		64			
	37		43		32	60		
	49		55		16	48		
	55		61		40	84		
	61		67		72	72		
	67		73		96			
	73		79		32			
	19	462	25	474	96	48		
	25		31		40			
	31		37		48			
	37		43		32	60		
	49		55		104	48		
	55		61		8	72		
	61		67		72			
	67		73		112			
	79		85		104	48		
	85		91		40	72		
	91		97		112			
	97		103		40	84		
rect	12	180	13	192	ffff00
			121	181	
	120			192	909000
	12	191			
	13	181	120	191	c0c000
crop	15	180	21	192	24	48	000000	/fonts/computer.png
	21		27		120			
	27		33		112			
	33		39		32	60		
	39		45		16			
	45		51		120	48		
	51		57		96			
	15	192	21	204	48		7fff7f	
	21		27		72			
	27		33		56			
	33		39		64			
	39		45		32	60		
	45		51		40	48		
	51		57		16	60		
draw	17	206	33	224	/sprites/uns/fighter%0
rect	14	204	36	205	489048
			15	206	
	35		36		
	14	225		226	
		224	15		
	35		36		
	42	206	49	206	003870
				224	0060c0
	40	204	51	205	00488f
			41	206	
	50		51		
	40	225		226	
		224	41		
	50		51		
	55	206	62	207	707000
		207		224	c0c000
	53	204	64	205	909000
			54	206	
	63		64		
	53	225		226	
		224	54		
	63		64		
crop	69	204	75	216	96	48	7fff7f	/fonts/computer.png
	75		81		8			
	81		87		24	60		
	87		93		40	48		
	93		99		16	60		
	12	228	18	240	56	48	00ff00	
	18		24		40	84		
	24		30		112	72		
	30		36		24	84		
	36		42		64	72		
	42		48		72			
	48		54		0	84		
rect	12	252	13	264	007fff
			121	253	
	120			264	00488f
	12	263			
	13	253	120	263	0060c0
crop	15	252	21	264	32	60	000000	/fonts/computer.png
	21		27		8	48		
	27		33		16	60		
	33		39		56	48		
	39		45		40			
	45		51		32	60		
	15	264	21	276	56	48	7fff7f	
	21		27		40	60		
	27		33		112	48		
	33		39		24	60		
	39		45		64	48		
	45		51		72			
	51		57		0	60		
draw	18	278	32	296	/sprites/uns/gunship%0
rect	14	276	36	277	489048
			15	278	
	35		36		
	14	297		298	
		296	15		
	35		36		
	42	278	49	283	003870
		283		296	0060c0
	40	276	51	277	00488f
			41	278	
	50		51		
	40	297		298	
		296	41		
	50		51		
	55	278	62	281	707000
		281		296	c0c000
	53	276	64	277	909000
			54	278	
	63		64		
	53	297		298	
		296	54		
	63		64		
crop	69	276	75	288	96	48	7fff7f	/fonts/computer.png
	75		81		24	60		
	81		87		16			
	87		93		32			
	93		99		40			
	99		105		16			
	105		111					
	111		117		32			
	69	288	75	300	104	48		
	75		81		56			
	81		87		112			
	87		93		32	60		
	93		99		120	48		
	99		105		0	60		
	105		111		96	48		
	111		117		24	60		
