point	217	301	d0d0d0
	136	367	b0b0b0
	585	36	
	288	269	d0d0d0
	250	436	
	478	57	808080
	484	215	
	270	56	d0d0d0
	204	8	808080
	326	454	b0b0b0
	541	99	d0d0d0
	140	182	808080
	313	458	
	150	398	
	354	228	
	581	108	
	464	115	d0d0d0
	306	393	
	516	77	b0b0b0
	463	152	d0d0d0
	206	239	b0b0b0
	308	457	
	132	391	d0d0d0
	137	144	808080
	161	270	b0b0b0
	172	239	808080
	280	52	
	195	422	
	322	131	b0b0b0
	381	81	d0d0d0
	190	18	b0b0b0
	453	429	808080
	517	346	
	478	222	b0b0b0
	302	122	808080
	351	95	
	450	88	b0b0b0
	543	50	808080
	526	181	d0d0d0
	409	72	808080
	276	313	
	333	67	
	495	171	b0b0b0
	204	20	808080
	515	357	b0b0b0
	204	412	d0d0d0
	274	68	
	406	90	b0b0b0
	604	328	808080
	520	177	d0d0d0
	277	54	
	482	66	b0b0b0
	148	248	808080
	154	405	
	244	113	
	136	449	b0b0b0
	605	279	808080
	495	342	d0d0d0
	422	353	
	247	171	
	151	52	808080
	596	43	
	540	455	d0d0d0
	388	434	808080
	479	253	d0d0d0
	284	413	808080
	506	460	b0b0b0
	279	61	808080
	300	462	
	465	41	d0d0d0
	313	134	b0b0b0
	151	94	808080
	459	255	
	422	254	
	337	91	d0d0d0
	223	276	808080
	445	455	d0d0d0
	524	126	808080
	535	24	b0b0b0
	242	22	808080
	137	78	
	338	431	
	150	319	
	604	20	d0d0d0
	436	430	808080
	541	358	
	411	57	
	396	293	b0b0b0
	584	434	808080
	265	432	
	286	369	
	251	306	
	304	53	
	390	376	d0d0d0
	170	425	808080
	364	361	d0d0d0
	172	111	b0b0b0
	430	457	808080
	510	71	d0d0d0
	343	2	
	406	247	b0b0b0
	578	460	d0d0d0
	196	251	808080
	191	368	b0b0b0
	583	76	808080
	385	30	b0b0b0
	465	382	808080
	508	341	
	540	3	d0d0d0
	494	142	808080
	259	304	
	369	105	b0b0b0
	331	83	
	439	359	d0d0d0
	510	475	
	268	289	808080
	257	303	b0b0b0
	515	410	
	331	266	808080
	158	135	b0b0b0
	552	443	d0d0d0
	369	71	b0b0b0
	297	444	
	482	389	
	441	157	808080
line	158	0	158	480	005000
	286		286		
	414		414		
	542		542		
	128	86	608	86	
		214		214	
		342		342	
		470		470	
rect	529	287	545	303	009000
	268	191	284	207	00488f
plus	464	264	474	274	00c000
triangle	363	235	373	245	00c000
	401	255	411	265	
	473	285	479	291	
	403	250	413	260	
					
	482	286	488	292	
	497	270	507	280	
	473	284	479	290	
	531	279	537	285	
		281		287	
	272	194	282	204	c00000
rect	565	316	567	318	c00000
	516	304	518	306	
triangle	269	191	279	201	c00000
	268	192	278	202	700000
	401	255	411	265	00c000
diamond	527	277	543	293	00c000
	415	254	431	270	
triangle	401	255	411	265	00c000
	469	283	475	289	
	319	212	325	218	c00000
	472	283	478	289	00c000
dither	475	296	530	313	303000
crop	479	300	486	311	48	44	000000	/fonts/tactical
	486		493		72	66		
	493		500		56			
	500		507		64			
	507		514		32	77		
	514		521		40	66		
	521		528		16	77		
	478	299	485	310	48	44	ffff00	
	485		492		72	66		
	492		499		56			
	499		506		64			
	506		513		32	77		
	513		520		40	66		
	520		527		16	77		
line	337	436	347	424	489048
			332	422	
	347	424			204020
draw	0	0	128	480	/pictures/501.png
	608		640		/pictures/512.png
crop	29	159	35	171	32	36	ff0000	/fonts/computer
	35		41		48			
	41		47		56			
line	614	382	614	359	00488f
		359	622		
	622			382	002850
		382	614		
rect	615	360	622	382	003870
line	614	456	614	383	007fff
		383	622		
	622			456	00488f
		456	614		
rect	615	384	622	456	0070e0
line	614	238	614	231	909048
		231	622		
	622			238	505028
		238	614		
rect	615	232	622	238	707038
line	614	328	614	239	ffff7f
		239	622		
	622			328	909048
		328	614		
rect	615	240	622	328	e0e070
line	614	112	614	103	904848
		103	622		
	622			112	502828
		112	614		
rect	615	104	622	112	703838
line	614	200	614	113	ff7f7f
		113	622		
	622			200	904848
		200	614		
rect	615	114	622	200	e07070
line	618	8	629	8	90488f
			618	9	
	629		629		
	618	36		36	
			618	35	
	629		629		
rect	620	10	628	35	703870
		16			c060c0
	634	49	636	52	7fff7f
		53		56	60c060
		57		60	
		61		64	
		65		68	
		69		72	7fff7f
		73		76	60c060
		77		80	703800
		81		84	
		85		88	
		89		92	904800
		93		96	183018
		97		100	
		101		104	
		105		108	
		109		112	
		113		116	
		117		120	
		121		124	
		125		128	
		129		132	
		133		136	
		137		140	
		141		144	
		145		148	
		149		152	
		153		156	
		157		160	
		161		164	
		165		168	
		169		172	
		173		176	
		177		180	
		181		184	
		185		188	
		189		192	
		193		196	
		197		200	
		201		204	
		205		208	
		209		212	
		213		216	
		217		220	
		221		224	
		225		228	
		229		232	
		233		236	
		237		240	
		241		244	
		245		248	
		249		252	
		253		256	
		257		260	
		261		264	
		265		268	
		269		272	
		273		276	
		277		280	
		281		284	
		285		288	
		289		292	
		293		296	
		297		300	
		301		304	
		305		308	
		309		312	
		313		316	
		317		320	
		321		324	
		325		328	
		329		332	
		333		336	
		337		340	
		341		344	
		345		348	
		349		352	
		353		356	
		357		360	
		361		364	
		365		368	
		369		372	
		373		376	
		377		380	
		381		384	
		385		388	
		389		392	
		393		396	
		397		400	
		401		404	
		405		408	
		409		412	
		413		416	
		417		420	
		421		424	
		425		428	
		429		432	
		433		436	
		437		440	
		441		444	
		445		448	
	621	52	631	56	303000
		57		61	
		62		66	
		67		71	
		72		76	
		77		81	
		82		86	
	7	7	115	115	00ff00
	8	8	114	114	001000
					003000
point	110	87	00e000
	113	80	
	110	87	
			
	113	80	
rect	12	320	121	440	001000
crop	15	320	21	332	16	48	00ff00	/fonts/computer
	21		27		40	60		
	27		33		72	48		
	33		39		96			
	39		45		32			
	45		51		0	24		
	51		57		24	60		
	57		63		64	48		
	63		69		72			
	69		75		0	60		
	75		81		24			
line	12	342	119	342	009000
crop	15	332	21	344	0	60	00ff00	/fonts/computer
	21		27		16	84		
	27		33		120	72		
	33		39		64	84		
	39		45		72	72		
	45		51		104			
	51		57		8			
	57		63		0	24		
	63		69		8	48		
	69		75		96	72		
	75		81		0	84		
	81		87		64	72		
	87		93		8			
	15	344	21	356	48	48		
	21		27		72	72		
	27		33		56			
	33		39		64			
	39		45		32	84		
	45		51		40	72		
	51		57		16	84		
	15	356	21	368	24	48		
	21		27		16	84		
	27		33		40			
	33		39		72	72		
	39		45		24	84		
	45		51		40	72		
	51		57		16	84		
line	12	379	12	368	009000
		368	120		
	120			379	005000
		379	12		
rect	13	369	120	379	007000
crop	15	368	21	380	56	48	003000	/fonts/computer
	21		27		40	84		
	27		33		112	72		
	33		39		24	84		
	39		45		64	72		
	45		51		72			
	51		57		0	84		
	15	380	21	392	32	60	00ff00	
	21		27		16	84		
	27		33		8	72		
	33		39		112			
	39		45		24	84		
	45		51		0			
	51		57		120	72		
	57		63		16	84		
	63		69		32			
line	12	438	119	438	009000
rect	16	450	114	475	001010
line	17	461	17	450	00c0c0
		450	43		
	43			461	007070
		461	17		
rect	18	451	43	461	009090
crop	19	450	25	462	16	60	00ffff	/fonts/computer
	25		31		56	48		
	31		37		64			
	37		43		32	60		
	43		49		0	24		
	49		55		16	48		
	55		61		40	84		
	61		67		72	72		
	67		73		96			
	73		79		32			
line	17	473	17	462	00c0c0
		462	43		
	43			473	007070
		473	17		
rect	18	463	43	473	009090
crop	19	462	25	474	96	48	00ffff	/fonts/computer
	25		31		40			
	31		37		48			
	37		43		32	60		
	43		49		0	24		
	49		55		104	48		
	55		61		8	72		
	61		67		72			
	67		73		112			
	73		79		0	24		
	79		85		104	48		
	85		91		40	72		
	91		97		112			
	97		103		40	84		
line	12	191	12	180	ffff00
		180	120		
	120			191	909000
		191	12		
rect	13	181	120	191	c0c000
crop	15	180	21	192	24	48	000000	/fonts/computer
	21		27		120			
	27		33		112			
	33		39		32	60		
	39		45		16			
	45		51		120	48		
	51		57		96			
	15	192	21	204	48		7fff7f	
	21		27		72			
	27		33		56			
	33		39		64			
	39		45		32	60		
	45		51		40	48		
	51		57		16	60		
draw	17	206	33	224	/sprites/651.SMIV/0
line	14	204	35	204	489048
			14	205	
	35		35		
	14	225		225	
			14	224	
	35		35		
rect	42	206	49	206	003870
				224	0060c0
line	40	204	50	204	00488f
			40	205	
	50		50		
	40	225		225	
			40	224	
	50		50		
rect	55	206	62	207	707000
		207		224	c0c000
line	53	204	63	204	909000
			53	205	
	63		63		
	53	225		225	
			53	224	
	63		63		
crop	69	204	75	216	96	48	7fff7f	/fonts/computer
	75		81		8			
	81		87		24	60		
	87		93		40	48		
	93		99		16	60		
	12	228	18	240	56	48	00ff00	
	18		24		40	84		
	24		30		112	72		
	30		36		24	84		
	36		42		64	72		
	42		48		72			
	48		54		0	84		
line	12	263	12	252	007fff
		252	120		
	120			263	00488f
		263	12		
rect	13	253	120	263	0060c0
crop	15	252	21	264	32	60	000000	/fonts/computer
	21		27		8	48		
	27		33		16	60		
	33		39		56	48		
	39		45		40			
	45		51		32	60		
	15	264	21	276	56	48	7fff7f	
	21		27		40	60		
	27		33		112	48		
	33		39		24	60		
	39		45		64	48		
	45		51		72			
	51		57		0	60		
draw	18	278	32	296	/sprites/652.SMIV/0
line	14	276	35	276	489048
			14	277	
	35		35		
	14	297		297	
			14	296	
	35		35		
rect	42	278	49	283	003870
		283		296	0060c0
line	40	276	50	276	00488f
			40	277	
	50		50		
	40	297		297	
			40	296	
	50		50		
rect	55	278	62	280	707000
		280		296	c0c000
line	53	276	63	276	909000
			53	277	
	63		63		
	53	297		297	
			53	296	
	63		63		
crop	69	276	75	288	96	48	7fff7f	/fonts/computer
	75		81		24	60		
	81		87		16			
	87		93		32			
	93		99		40			
	99		105		16			
	105		111					
	111		117		32			
	69	288	75	300	104	48		
	75		81		56			
	81		87		112			
	87		93		32	60		
	93		99		120	48		
	99		105		0	60		
	105		111		96	48		
	111		117		24	60		
