point	442	364	d0d0d0
	305	414	b0b0b0
	225	402	808080
	514	332	d0d0d0
	257	15	b0b0b0
	590	88	808080
	596	246	
	496	119	d0d0d0
	316	38	808080
	313	14	
	486	13	d0d0d0
	252	213	808080
	438	19	d0d0d0
	262	429	808080
	466	259	
	256	105	b0b0b0
	169	76	808080
	531	456	d0d0d0
	205	351	b0b0b0
	189	465	
	375	286	
	441	16	808080
	358	454	d0d0d0
	249	174	808080
	330	317	b0b0b0
	284	270	808080
	392	83	
	307	453	
	491	178	b0b0b0
	607	144	d0d0d0
	358	65	b0b0b0
	565	460	808080
	159	289	b0b0b0
	154	354	808080
	414	153	
	463	126	
	142	172	d0d0d0
	199	391	b0b0b0
	272	294	d0d0d0
	520	103	808080
	387	344	
	445	98	
	183	400	b0b0b0
	316	51	808080
	178	409	
	430	475	d0d0d0
	499	131	
	575	137	b0b0b0
	292	132	
	265	116	d0d0d0
	502	118	
	170	62	b0b0b0
	260	279	808080
	266	436	
	356	144	
	549	11	
	237	304	
	241		d0d0d0
	157	360	b0b0b0
	473	234	d0d0d0
	263	83	808080
	228	139	
	285	278	d0d0d0
	499	465	808080
	225	393	d0d0d0
	396	444	808080
	200	18	
	390	92	
	579	26	d0d0d0
	190	135	b0b0b0
	482	181	
	263	125	808080
	571	286	
	533	285	
	563	155	d0d0d0
	335	306	808080
	276	19	
	171	74	b0b0b0
	256	226	d0d0d0
	354	53	808080
	249	108	
	450	462	
	262	350	
	294	271	b0b0b0
	548	461	808080
	219	307	d0d0d0
	523	88	808080
	565	340	b0b0b0
	216	100	808080
	377	463	
	398	400	
	363	337	
	415	84	
	131	24	
	282	456	
	589	424	d0d0d0
	340	158	b0b0b0
	178	116	d0d0d0
	256	457	
	569	65	
	575	294	b0b0b0
	275	325	
	307	282	808080
	360	416	b0b0b0
	215	253	808080
	554	77	b0b0b0
	577	412	808080
	140	52	
	246	245	b0b0b0
	606	173	808080
	370	335	
	537	152	b0b0b0
	499	130	
	156	278	808080
	487	29	
	379	320	
	426	350	b0b0b0
	178	115	808080
	443	297	
	327	182	b0b0b0
	212	253	808080
	538	118	b0b0b0
	331	11	
	185	118	d0d0d0
	552	188	808080
rect	138	0	139	481	002850
	368		369		005000
	598		599		002850
	128	192	609	193	005000
		422		423	002850
	284	77	300	93	00488f
triangle	362	234	372	244	00c000
	407	246	417	256	
		248		258	
	409	249	419	259	
	435	258	445	268	
	297	80	307	90	c00000
	278	63	288	73	
	272	65	282	75	900000
	407	248	417	258	00c000
diamond	578	295	594	311	00c000
triangle	407	247	417	257	00c000
	296	85	302	91	c00000
dither	414	264	469	281	303000
crop	418	268	425	279	56	44	000000	/fonts/tactical.png
	425		432		40	77		
	432		439		112	66		
	439		446		24	77		
	446		453		64	66		
	453		460		72			
	460		467		0	77		
	417	267	424	278	56	44	ffff00	
	424		431		40	77		
	431		438		112	66		
	438		445		24	77		
	445		452		64	66		
	452		459		72			
	459		466		0	77		
line	177	182	187	193	489048
			192	179	
	187	193			204020
draw	0	0	128	480	/pictures/501.png
	608		640		/pictures/512.png
crop	29	159	35	171	32	36	ff0000	/fonts/computer.png
	35		41		48			
	41		47		56			
rect	614	359	615	383	00488f
			623	360	
	622			383	002850
	614	382			
	615	360	622	382	003870
	614	383	615	457	007fff
			623	384	
	622			457	00488f
	614	456			
	615	384	622	456	0070e0
	614	231	615	232	909048
			623		
	622				505028
	614				
		232	615	329	ffff7f
			623	233	
	622			329	909048
	614	328			
	615	233	622	328	e0e070
	614	103	615	114	904848
			623	104	
	622			114	502828
	614	113			
	615	104	622	113	703838
	614	114	615	201	ff7f7f
			623	115	
	622			201	904848
	614	200			
	615	115	622	200	e07070
	618	8	630	9	90488f
			619	10	
	629		630		
	618	36		37	
		35	619		
	629		630		
	620	10	628	35	703870
		35			c060c0
	634	49	636	52	7fff7f
		53		56	60c060
		57		60	
		61		64	
		65		68	
		69		72	7fff7f
		73		76	60c060
		77		80	
		81		84	
		85		88	703800
		89		92	904800
		93		96	183018
		97		100	
		101		104	
		105		108	
		109		112	
		113		116	
		117		120	
		121		124	
		125		128	
		129		132	
		133		136	
		137		140	
		141		144	
		145		148	
		149		152	
		153		156	
		157		160	
		161		164	
		165		168	
		169		172	
		173		176	
		177		180	
		181		184	
		185		188	
		189		192	
		193		196	
		197		200	
		201		204	
		205		208	
		209		212	
		213		216	
		217		220	
		221		224	
		225		228	
		229		232	
		233		236	
		237		240	
		241		244	
		245		248	
		249		252	
		253		256	
		257		260	
		261		264	
		265		268	
		269		272	
		273		276	
		277		280	
		281		284	
		285		288	
		289		292	
		293		296	
		297		300	
		301		304	
		305		308	
		309		312	
		313		316	
		317		320	
		321		324	
		325		328	
		329		332	
		333		336	
		337		340	
		341		344	
		345		348	
		349		352	
		353		356	
		357		360	
		361		364	
		365		368	
		369		372	
		373		376	
		377		380	
		381		384	
		385		388	
		389		392	
		393		396	
		397		400	
		401		404	
		405		408	
		409		412	
		413		416	
		417		420	
		421		424	
		425		428	
		429		432	
		433		436	
		437		440	
		441		444	
		445		448	
	621	52	631	56	303000
		57		61	
		62		66	
		67		71	
		72		76	
		77		81	
		82		86	
	7	7	115	115	00ff00
	8	8	114	114	001000
	19	19	103	103	003000
point	48	34	00e000
	68	63	
	73	65	
	68	63	
	50	34	
	68	63	
	46	31	
	45		
	99	72	
	68	63	
	69		
	49	34	
rect	12	320	121	440	001000
		342	120	343	009000
		368	13	380	
			121	369	
	120			380	005000
	12	379			
	13	369	120	379	007000
	12	438		439	009000
	16	450	114	475	001010
	17		18	462	00c0c0
			44	451	
	43			462	007070
	17	461			
	18	451	43	461	009090
	17	462	18	474	00c0c0
			44	463	
	43			474	007070
	17	473			
	18	463	43	473	009090
crop	15	320	21	332	16	48	00ff00	/fonts/computer.png
	21		27		40	60		
	27		33		72	48		
	33		39		96			
	39		45		32			
	45		51		0	24		
	51		57		24	60		
	57		63		64	48		
	63		69		72			
	69		75		0	60		
	75		81		24			
	15	332	21	344	0			
	21		27		16	84		
	27		33		120	72		
	33		39		64	84		
	39		45		72	72		
	45		51		104			
	51		57		8			
	57		63		0	24		
	63		69		8	48		
	69		75		96	72		
	75		81		0	84		
	81		87		64	72		
	87		93		8			
	15	344	21	356	48	48		
	21		27		72	72		
	27		33		56			
	33		39		64			
	39		45		32	84		
	45		51		40	72		
	51		57		16	84		
	15	356	21	368	24	48		
	21		27		16	84		
	27		33		40			
	33		39		72	72		
	39		45		24	84		
	45		51		40	72		
	51		57		16	84		
	15	368	21	380	56	48	003000	
	21		27		40	84		
	27		33		112	72		
	33		39		24	84		
	39		45		64	72		
	45		51		72			
	51		57		0	84		
	15	380	21	392	32	60	00ff00	
	21		27		16	84		
	27		33		8	72		
	33		39		112			
	39		45		24	84		
	45		51		0			
	51		57		120	72		
	57		63		16	84		
	63		69		32			
	19	450	25	462	16	60	00ffff	
	25		31		56	48		
	31		37		64			
	37		43		32	60		
	43		49		0	24		
	49		55		16	48		
	55		61		40	84		
	61		67		72	72		
	67		73		96			
	73		79		32			
	19	462	25	474	96	48		
	25		31		40			
	31		37		48			
	37		43		32	60		
	43		49		0	24		
	49		55		104	48		
	55		61		8	72		
	61		67		72			
	67		73		112			
	73		79		0	24		
	79		85		104	48		
	85		91		40	72		
	91		97		112			
	97		103		40	84		
rect	12	180	13	192	ffff00
			121	181	
	120			192	909000
	12	191			
	13	181	120	191	c0c000
crop	15	180	21	192	24	48	000000	/fonts/computer.png
	21		27		120			
	27		33		112			
	33		39		32	60		
	39		45		16			
	45		51		120	48		
	51		57		96			
	15	192	21	204	56		7fff7f	
	21		27		40	60		
	27		33		112	48		
	33		39		24	60		
	39		45		64	48		
	45		51		72			
	51		57		0	60		
draw	18	206	32	224	/sprites/652.SMIV/0
rect	14	204	36	205	489048
			15	206	
	35		36		
	14	225		226	
		224	15		
	35		36		
	42	206	49	215	003870
		215		224	0060c0
	40	204	51	205	00488f
			41	206	
	50		51		
	40	225		226	
		224	41		
	50		51		
	55	206	62	207	707000
		207		224	c0c000
	53	204	64	205	909000
			54	206	
	63		64		
	53	225		226	
		224	54		
	63		64		
crop	69	204	75	216	96	48	7fff7f	/fonts/computer.png
	75		81		24	60		
	81		87		16			
	87		93		32			
	93		99		40			
	99		105		16			
	105		111					
	111		117		32			
	69	216	75	228	104	48		
	75		81		56			
	81		87		112			
	87		93		32	60		
	93		99		120	48		
	99		105		0	60		
	105		111		96	48		
	111		117		24	60		
	12	228	18	240	56	48	00ff00	
	18		24		40	84		
	24		30		112	72		
	30		36		24	84		
	36		42		64	72		
	42		48		72			
	48		54		0	84		
rect	12	252	13	264	007fff
			121	253	
	120			264	00488f
	12	263			
	13	253	120	263	0060c0
crop	15	252	21	264	32	60	000000	/fonts/computer.png
	21		27		8	48		
	27		33		16	60		
	33		39		56	48		
	39		45		40			
	45		51		32	60		
	15	264	21	276	56	48	7fff7f	
	21		27		40	60		
	27		33		112	48		
	33		39		24	60		
	39		45		64	48		
	45		51		72			
	51		57		0	60		
draw	18	278	32	296	/sprites/652.SMIV/0
rect	14	276	36	277	489048
			15	278	
	35		36		
	14	297		298	
		296	15		
	35		36		
	42	278	49	283	003870
		283		296	0060c0
	40	276	51	277	00488f
			41	278	
	50		51		
	40	297		298	
		296	41		
	50		51		
	55	278	62	279	707000
		279		296	c0c000
	53	276	64	277	909000
			54	278	
	63		64		
	53	297		298	
		296	54		
	63		64		
crop	69	276	75	288	96	48	7fff7f	/fonts/computer.png
	75		81		24	60		
	81		87		16			
	87		93		32			
	93		99		40			
	99		105		16			
	105		111					
	111		117		32			
	69	288	75	300	104	48		
	75		81		56			
	81		87		112			
	87		93		32	60		
	93		99		120	48		
	99		105		0	60		
	105		111		96	48		
	111		117		24	60		
