point	457	69	b0b0b0
	388	89	
	159	25	808080
	269	301	d0d0d0
	433	170	b0b0b0
	349	56	d0d0d0
	338	204	
	250	478	
	433	141	808080
	430	118	
	213	467	b0b0b0
	369	316	808080
	161	138	
	430	52	
	582	362	
	432	260	b0b0b0
	286	179	808080
	263	291	d0d0d0
	458	34	
	356	93	808080
	551	441	b0b0b0
	558	119	808080
	563	181	d0d0d0
	365	277	808080
	505	472	b0b0b0
	401	373	808080
	509	186	
	301	114	b0b0b0
	206	436	d0d0d0
	513	166	
	534	220	b0b0b0
	377	83	808080
	335	444	b0b0b0
	271	457	808080
	531	256	
	580	229	
	377	379	d0d0d0
	419	66	b0b0b0
	410	17	
	157	147	808080
	504	447	
	562	201	
	457	75	b0b0b0
	433	154	808080
	461	32	
	454	152	b0b0b0
	222	405	
	255	43	
	468	288	
	500	323	d0d0d0
	193	122	808080
	346	218	b0b0b0
	376	382	808080
	402	118	d0d0d0
	473	247	808080
	186	288	
	354	407	
	581	24	b0b0b0
	290	35	
	227	286	d0d0d0
	380	186	808080
	345	242	
	259	6	d0d0d0
	178	191	808080
	223	60	
	401	101	b0b0b0
	317	121	808080
	507	195	
	282	407	b0b0b0
	366	291	
	161	155	808080
	380	228	
	248	481	b0b0b0
	405	59	d0d0d0
	270	403	b0b0b0
	452	410	808080
	393	122	
	347	229	b0b0b0
	491	433	d0d0d0
	471	156	808080
	366	211	
	364	171	d0d0d0
	379	453	808080
	470	426	b0b0b0
	475	84	808080
	346	26	b0b0b0
	160	381	808080
	216	230	
	333	203	
	435	173	d0d0d0
	234	23	808080
	480	440	
	532	187	
	248	127	
	394	119	b0b0b0
	235	275	808080
	516	313	b0b0b0
	413	323	d0d0d0
	294	241	
	550	48	
	223	177	808080
	451	480	b0b0b0
	424	385	808080
	318	60	
	332	356	
	395	73	
	299	254	d0d0d0
	257	155	808080
	422	400	b0b0b0
	359	246	d0d0d0
	487	438	808080
	233	271	b0b0b0
	218	469	d0d0d0
	273	381	808080
	604	132	
	496	423	
	254	25	b0b0b0
	295	218	808080
	560	400	
	503	337	b0b0b0
	329	356	808080
	491	25	d0d0d0
	506	166	b0b0b0
	420	325	d0d0d0
	220	364	b0b0b0
line	470	0	470	480	000050
	128	202	608	202	
	655	355	665	364	7fff7f
	539	147	544	159	
	616	314	607	314	
	582	179	588	191	
	525	177	531	190	
	583	212	590	224	
	543	81	547	71	007fff
	582	254	589	265	7fff7f
	581	279	588	291	
	481	304	473	302	
	631	296	640	305	
	566	301	574	311	
	640	323	649	332	
	660	377	668	386	
	374	247	369	242	
static	346	228	385	256	ffffff	53	/sprites/652.SMIV/3
draw	614	83	642	120	/sprites/506.SMIV/15
	578	-8	606	25	/sprites/579.SMIV/12
	618	368	657	396	/sprites/652.SMIV/21
	462	261	473	270	/sprites/512.SMIV/17
	461	189	480	202	/sprites/580.SMIV/1
	385	264	394	274	/sprites/554.SMIV/4
dither	549	388	604	405	303000
tint	553	392	561	404	000000	/font/5000/47
	560		568			/font/5000/75
	567		575			/font/5000/6e
	574		582			/font/5000/73
	581		589			/font/5000/68
	588		596			/font/5000/69
	595		603			/font/5000/70
	552	391	560	403	ffff00	/font/5000/47
	559		567			/font/5000/75
	566		574			/font/5000/6e
	573		581			/font/5000/73
	580		588			/font/5000/68
	587		595			/font/5000/69
	594		602			/font/5000/70
line	502	93	487	97	489048
			499	108	
	487	97			204020
draw	0	0	128	480	/pictures/501.png
	608		640		/pictures/512.png
tint	29	159	37	172	ff0000	/font/5001/34
	35		43			/font/5001/36
	41		49			/font/5001/37
line	614	388	614	359	00488f
		359	622		
	622			388	002850
		388	614		
rect	615	360	622	388	003870
line	614	456	614	389	007fff
		389	622		
	622			456	00488f
		456	614		
rect	615	390	622	456	0070e0
line	614	231	614	231	909048
			622		
	622				505028
			614		
	614	328		232	ffff7f
		232	622		
	622			328	909048
		328	614		
rect	615	233	622	328	e0e070
line	614	114	614	103	904848
		103	622		
	622			114	502828
		114	614		
rect	615	104	622	114	703838
line	614	200	614	115	ff7f7f
		115	622		
	622			200	904848
		200	614		
rect	615	116	622	200	e07070
line	618	8	629	8	90488f
			618	9	
	629		629		
	618	36		36	
			618	35	
	629		629		
rect	620	10	628	35	703870
		35			c060c0
	634	49	636	52	7fff7f
		53		56	60c060
		57		60	
		61		64	
		65		68	
		69		72	7fff7f
		73		76	60c060
		77		80	
		81		84	
		85		88	
		89		92	904800
		93		96	183018
		97		100	
		101		104	
		105		108	
		109		112	
		113		116	
		117		120	
		121		124	
		125		128	
		129		132	
		133		136	
		137		140	
		141		144	
		145		148	
		149		152	
		153		156	
		157		160	
		161		164	
		165		168	
		169		172	
		173		176	
		177		180	
		181		184	
		185		188	
		189		192	
		193		196	
		197		200	
		201		204	
		205		208	
		209		212	
		213		216	
		217		220	
		221		224	
		225		228	
		229		232	
		233		236	
		237		240	
		241		244	
		245		248	
		249		252	
		253		256	
		257		260	
		261		264	
		265		268	
		269		272	
		273		276	
		277		280	
		281		284	
		285		288	
		289		292	
		293		296	
		297		300	
		301		304	
		305		308	
		309		312	
		313		316	
		317		320	
		321		324	
		325		328	
		329		332	
		333		336	
		337		340	
		341		344	
		345		348	
		349		352	
		353		356	
		357		360	
		361		364	
		365		368	
		369		372	
		373		376	
		377		380	
		381		384	
		385		388	
		389		392	
		393		396	
		397		400	
		401		404	
		405		408	
		409		412	
		413		416	
		417		420	
		421		424	
		425		428	
		429		432	
		433		436	
		437		440	
		441		444	
		445		448	
	621	52	631	56	303000
		57		61	
		62		66	
		67		71	
		72		76	
		77		81	
		82		86	
	7	7	115	115	00ff00
	8	8	114	114	001000
	54	54	68	68	003000
point	70	52	00e000
	71	64	
		69	
	106	80	
	68	62	
	69	65	
	66	63	
	69	64	
	66	59	
	68	57	
	70	64	
	67	63	
		55	
	68	49	
	64	60	
	67		
	65		
	67	61	
	66	57	
	67	61	
	70	72	
	105	84	
	68	65	
	67	62	
	64		
	61	61	
	69	63	
	70	65	
	69		
	61	61	
	63		
rect	12	320	121	440	001000
tint	15	320	23	333	00ff00	/font/5001/42
	21		29			/font/5001/55
	27		35			/font/5001/49
	33		41			/font/5001/4c
	39		47			/font/5001/44
	45		53			/font/5001/20
	51		59			/font/5001/53
	57		65			/font/5001/48
	63		71			/font/5001/49
	69		77			/font/5001/50
	75		83			/font/5001/53
line	12	342	119	342	009000
tint	15	332	23	345	00ff00	/font/5001/50
	21		29			/font/5001/72
	27		35			/font/5001/6f
	33		41			/font/5001/78
	39		47			/font/5001/69
	45		53			/font/5001/6d
	51		59			/font/5001/61
	57		65			/font/5001/20
	63		71			/font/5001/41
	69		77			/font/5001/6c
	75		83			/font/5001/70
	81		89			/font/5001/68
	87		95			/font/5001/61
	15	344	23	357		/font/5001/46
	21		29			/font/5001/69
	27		35			/font/5001/67
	33		41			/font/5001/68
	39		47			/font/5001/74
	45		53			/font/5001/65
	51		59			/font/5001/72
	15	356	23	369		/font/5001/43
	21		29			/font/5001/72
	27		35			/font/5001/75
	33		41			/font/5001/69
	39		47			/font/5001/73
	45		53			/font/5001/65
	51		59			/font/5001/72
line	12	379	12	368	009000
		368	120		
	120			379	005000
		379	12		
rect	13	369	120	379	007000
tint	15	368	23	381	003000	/font/5001/47
	21		29			/font/5001/75
	27		35			/font/5001/6e
	33		41			/font/5001/73
	39		47			/font/5001/68
	45		53			/font/5001/69
	51		59			/font/5001/70
	15	380	23	393	00ff00	/font/5001/54
	21		29			/font/5001/72
	27		35			/font/5001/61
	33		41			/font/5001/6e
	39		47			/font/5001/73
	45		53			/font/5001/70
	51		59			/font/5001/6f
	57		65			/font/5001/72
	63		71			/font/5001/74
line	12	438	119	438	009000
rect	16	450	114	475	001010
line	17	461	17	450	00c0c0
		450	43		
	43			461	007070
		461	17		
rect	18	451	43	461	009090
tint	19	450	27	463	00ffff	/font/5001/52
	25		33			/font/5001/47
	31		39			/font/5001/48
	37		45			/font/5001/54
	43		51			/font/5001/20
	49		57			/font/5001/42
	55		63			/font/5001/75
	61		69			/font/5001/69
	67		75			/font/5001/6c
	73		81			/font/5001/64
line	17	473	17	462	00c0c0
		462	43		
	43			473	007070
		473	17		
rect	18	463	43	473	009090
tint	19	462	27	475	00ffff	/font/5001/4c
	25		33			/font/5001/45
	31		39			/font/5001/46
	37		45			/font/5001/54
	43		51			/font/5001/20
	49		57			/font/5001/4d
	55		63			/font/5001/61
	61		69			/font/5001/69
	67		75			/font/5001/6e
	73		81			/font/5001/20
	79		87			/font/5001/4d
	85		93			/font/5001/65
	91		99			/font/5001/6e
	97		105			/font/5001/75
line	12	191	12	180	ffff00
		180	120		
	120			191	909000
		191	12		
rect	13	181	120	191	c0c000
tint	15	180	23	193	000000	/font/5001/43
	21		29			/font/5001/4f
	27		35			/font/5001/4e
	33		41			/font/5001/54
	39		47			/font/5001/52
	45		53			/font/5001/4f
	51		59			/font/5001/4c
	15	192	23	205	7fff7f	/font/5001/47
	21		29			/font/5001/55
	27		35			/font/5001/4e
	33		41			/font/5001/53
	39		47			/font/5001/48
	45		53			/font/5001/49
	51		59			/font/5001/50
draw	18	206	32	224	/sprites/652.SMIV/0
line	14	204	35	204	489048
			14	205	
	35		35		
	14	225		225	
			14	224	
	35		35		
rect	42	206	49	215	003870
		215		224	0060c0
line	40	204	50	204	00488f
			40	205	
	50		50		
	40	225		225	
			40	224	
	50		50		
rect	55	206	62	207	707000
		207		224	c0c000
line	53	204	63	204	909000
			53	205	
	63		63		
	53	225		225	
			53	224	
	63		63		
tint	69	204	77	217	7fff7f	/font/5001/4c
	75		83			/font/5001/53
	81		89			/font/5001/52
	87		95			/font/5001/54
	93		101			/font/5001/55
	99		107			/font/5001/52
	105		113			
	111		119			/font/5001/54
	69	216	77	229		/font/5001/4d
	75		83			/font/5001/47
	81		89			/font/5001/4e
	87		95			/font/5001/54
	93		101			/font/5001/4f
	99		107			/font/5001/50
	105		113			/font/5001/4c
	111		119			/font/5001/53
	12	228	20	241	00ff00	/font/5001/47
	18		26			/font/5001/75
	24		32			/font/5001/6e
	30		38			/font/5001/73
	36		44			/font/5001/68
	42		50			/font/5001/69
	48		56			/font/5001/70
line	12	263	12	252	007fff
		252	120		
	120			263	00488f
		263	12		
rect	13	253	120	263	0060c0
tint	15	252	23	265	000000	/font/5001/54
	21		29			/font/5001/41
	27		35			/font/5001/52
	33		41			/font/5001/47
	39		47			/font/5001/45
	45		53			/font/5001/54
	15	264	23	277	7fff7f	/font/5001/47
	21		29			/font/5001/55
	27		35			/font/5001/4e
	33		41			/font/5001/53
	39		47			/font/5001/48
	45		53			/font/5001/49
	51		59			/font/5001/50
draw	18	278	32	296	/sprites/652.SMIV/0
line	14	276	35	276	489048
			14	277	
	35		35		
	14	297		297	
			14	296	
	35		35		
rect	42	278	49	283	003870
		283		296	0060c0
line	40	276	50	276	00488f
			40	277	
	50		50		
	40	297		297	
			40	296	
	50		50		
rect	55	278	62	279	707000
		279		296	c0c000
line	53	276	63	276	909000
			53	277	
	63		63		
	53	297		297	
			53	296	
	63		63		
tint	69	276	77	289	7fff7f	/font/5001/4c
	75		83			/font/5001/53
	81		89			/font/5001/52
	87		95			/font/5001/54
	93		101			/font/5001/55
	99		107			/font/5001/52
	105		113			
	111		119			/font/5001/54
	69	288	77	301		/font/5001/4d
	75		83			/font/5001/47
	81		89			/font/5001/4e
	87		95			/font/5001/54
	93		101			/font/5001/4f
	99		107			/font/5001/50
	105		113			/font/5001/4c
	111		119			/font/5001/53
