point	375	198	b0b0b0
	306	219	
	561	100	d0d0d0
	212	477	b0b0b0
	351	299	
	240	229	d0d0d0
	194	377	
	310	129	b0b0b0
	378	228	808080
	375	204	
	589	50	
	314	402	
	565	309	d0d0d0
	376	138	808080
	527	116	
	350	390	b0b0b0
	231	266	808080
	586	163	
	348	207	d0d0d0
	302	180	808080
	398	121	d0d0d0
	503	206	808080
	530	15	
	311	364	
	429	30	d0d0d0
	606	411	b0b0b0
	454	272	808080
	219	244	b0b0b0
	276	67	808080
	403	340	d0d0d0
	452	350	b0b0b0
	323	170	808080
	318	94	b0b0b0
	202	126	d0d0d0
	476	342	808080
	483	315	b0b0b0
	471	265	d0d0d0
	337	196	b0b0b0
	328	147	
	581	316	808080
	592	37	b0b0b0
	508	287	808080
	374	205	b0b0b0
	378	240	808080
	406	118	
	372	281	b0b0b0
	360	55	
	173	173	
	519	397	d0d0d0
	317	10	808080
	138	209	
	264	347	b0b0b0
	192	457	d0d0d0
	292	292	
	418	334	808080
	131	374	
	592	163	b0b0b0
	498	63	
	208	165	
	231	468	808080
	325	272	
	291	329	
	150	179	d0d0d0
	600	149	b0b0b0
	168	147	808080
	319	231	b0b0b0
	263	208	808080
	453	282	
	377	74	d0d0d0
	412	420	b0b0b0
	586	184	808080
	325	314	
	316	14	d0d0d0
	295	232	
	203	52	b0b0b0
	541	424	808080
	339	209	
	264	358	b0b0b0
	412	66	808080
	416	243	
	311	298	
	255	344	d0d0d0
	289	88	b0b0b0
	579	437	808080
	421	170	
	264	156	b0b0b0
	223	464	808080
	161	316	
	278	290	
	326	346	d0d0d0
	179	110	808080
	431	69	b0b0b0
	478	274	808080
	194	214	
	312	249	b0b0b0
	181	361	808080
	475	454	
	300	475	b0b0b0
	591	437	
	523	98	808080
	168	263	
	184	130	b0b0b0
	568	416	
	264	147	808080
	481	422	b0b0b0
	341	160	808080
	213	427	d0d0d0
	202	241	808080
	163	65	d0d0d0
	578	448	808080
	273	66	b0b0b0
	457	426	808080
	408	82	
	566	458	d0d0d0
	147	410	
	540	168	
	172	155	b0b0b0
	241	304	808080
	548	248	
	182	464	d0d0d0
	588	33	808080
	382	199	d0d0d0
	424	296	b0b0b0
	463	11	808080
	592	90	b0b0b0
	360	326	e07000
	370	301	
	363	339	
	333	329	
	370	302	
	352	300	
	328	346	
	342	308	
	352	342	
	333	332	
	416	473	603000
	427	392	
	380	508	
	414	414	
	499	518	
	482	477	
	348	459	
	461	386	
	413	388	
	482	450	
	516	319	703800
	523	463	
	457	359	
	618	407	
	508	371	
	529	338	
	561	406	
	559	352	
	599	424	
	554	456	
	417	444	904800
	402	376	
	407		
	366	349	
	388	354	
	343	344	
	348	348	
	357	365	
	347	397	
	356	341	
	349	321	b05800
	390	385	
	358	387	
	406	383	
	346	380	
	389	366	
	355	330	
	407	390	
	373	314	
	374	355	
	359	293	d06800
	382	309	
	373	271	
	369	296	
	372	254	
	358	251	
	366	310	
	377	260	
	334	277	
	353	309	
	290	453	201000
	208	448	
	401	617	
	296	471	
	200	641	
	253	447	
	220	467	
	399	663	
	295	449	
	362	431	
	503	422	301800
	464	392	
	324	503	
	417	528	
	355	505	
line	337	0	337	480	000050
	128	409	608	409	
	495	232	497	245	7fff7f
	73	383	70	369	
	479	324	476	314	
	310	18	303	10	
	519	377	521	391	
	225	770	229	782	
	374	46	367	37	
	107	534	105	520	
	190	625	192	636	
	380	194	391	203	
	624	364	634	376	
	461	280	458	271	
	436	183	432	173	
	354	254	363	245	
	504	270	515	280	
	398	140	393	131	
	232	595	246	598	
	-26	407	-14	417	
	83	538	97	544	
draw	587	-28	700	85	/sprites/1021.SMIV/0
static	354	220	386	260	ffffff	79	/sprites/652.SMIV/13
draw	638	392	687	428	/sprites/652.SMIV/21
	322	-13	354	27	/sprites/652.SMIV/11
static	327	267	362	311	f0f078	106	/sprites/506.SMIV/20
draw	274	-12	323	24	/sprites/652.SMIV/15
	485	174	524	209	/sprites/579.SMIV/1
	33	278	82	314	/sprites/652.SMIV/9
	424	326	441	337	/sprites/653.SMIV/1
	324	250	350	279	/sprites/554.SMIV/2
	334	297	348	311	/sprites/554.SMIV/5
	483	284	500	295	/sprites/653.SMIV/1
	496	397	513	409	/sprites/653.SMIV/4
	483	353	500	365	
	583	312	597	328	/sprites/653.SMIV/0
	542	438	559	449	/sprites/653.SMIV/1
	601	363	615	379	/sprites/653.SMIV/0
	518	314	532	330	
	339	261	346	270	/sprites/554.SMIV/1
	314	413	328	429	/sprites/653.SMIV/0
	370	250	384	266	
	324	312	333	320	/sprites/504.SMIV/19
	354	294	362	303	/sprites/554.SMIV/2
line	323	433	333	422	489048
			319	418	
	333	422			204020
draw	0	0	128	480	/pictures/501.png
	608		640		/pictures/512.png
crop	29	159	35	171	32	36	ff0000	/fonts/computer
	35		41		48			
	41		47		0			
line	614	405	614	359	00488f
		359	622		
	622			405	002850
		405	614		
rect	615	360	622	405	003870
line	614	456	614	406	007fff
		406	622		
	622			456	00488f
		456	614		
rect	615	407	622	456	0070e0
line	614	232	614	231	909048
		231	622		
	622			232	505028
		232	614		
	614	328		233	ffff7f
		233	622		
	622			328	909048
		328	614		
rect	615	234	622	328	e0e070
line	614	115	614	103	904848
		103	622		
	622			115	502828
		115	614		
rect	615	104	622	115	703838
line	614	200	614	116	ff7f7f
		116	622		
	622			200	904848
		200	614		
rect	615	117	622	200	e07070
line	618	8	629	8	90488f
			618	9	
	629		629		
	618	36		36	
			618	35	
	629		629		
rect	620	10	628	35	703870
		35			c060c0
	634	49	636	52	7fff7f
		53		56	60c060
		57		60	
		61		64	
		65		68	
		69		72	7fff7f
		73		76	60c060
		77		80	
		81		84	
		85		88	
		89		92	904800
		93		96	183018
		97		100	
		101		104	
		105		108	
		109		112	
		113		116	
		117		120	
		121		124	
		125		128	
		129		132	
		133		136	
		137		140	
		141		144	
		145		148	
		149		152	
		153		156	
		157		160	
		161		164	
		165		168	
		169		172	
		173		176	
		177		180	
		181		184	
		185		188	
		189		192	
		193		196	
		197		200	
		201		204	
		205		208	
		209		212	
		213		216	
		217		220	
		221		224	
		225		228	
		229		232	
		233		236	
		237		240	
		241		244	
		245		248	
		249		252	
		253		256	
		257		260	
		261		264	
		265		268	
		269		272	
		273		276	
		277		280	
		281		284	
		285		288	
		289		292	
		293		296	
		297		300	
		301		304	
		305		308	
		309		312	
		313		316	
		317		320	
		321		324	
		325		328	
		329		332	
		333		336	
		337		340	
		341		344	
		345		348	
		349		352	
		353		356	
		357		360	
		361		364	
		365		368	
		369		372	
		373		376	
		377		380	
		381		384	
		385		388	
		389		392	
		393		396	
		397		400	
		401		404	
		405		408	
		409		412	
		413		416	
		417		420	
		421		424	
		425		428	
		429		432	
		433		436	
		437		440	
		441		444	
		445		448	
	621	52	631	56	303000
		57		61	
		62		66	
		67		71	
		72		76	
		77		81	
		82		86	
	7	7	115	115	00ff00
	8	8	114	114	001000
	56	56	66	66	003000
point	67	57	00e000
	65	66	
	61	56	
	60		
	61	59	
	77		
	65	65	
	63	61	
	60	56	
	61	61	
	54	62	
	64	64	
		61	
	55	68	
	63	62	
	62	60	
	55	63	
	63		
	49	58	
	61	61	
	59	69	
	89	82	
	59	74	
	63	61	
	64		
	67	64	
	61	61	
		62	
		57	
	67	64	
	56	67	
	62	63	
	64	62	
	66	64	
	61	61	
	64	62	
	67	64	
	51	67	
	64	64	
	66	62	
	61	61	
	60	64	
	53	65	
	61	61	
	62	72	
	59	69	
	58	73	
	61	62	
	58	69	
	55	67	
rect	12	320	121	440	001000
crop	15	320	21	332	16	48	00ff00	/fonts/computer
	21		27		40	60		
	27		33		72	48		
	33		39		96			
	39		45		32			
	45		51		0	24		
	51		57		24	60		
	57		63		64	48		
	63		69		72			
	69		75		0	60		
	75		81		24			
line	12	342	119	342	009000
crop	15	332	21	344	0	60	00ff00	/fonts/computer
	21		27		16	84		
	27		33		120	72		
	33		39		64	84		
	39		45		72	72		
	45		51		104			
	51		57		8			
	57		63		0	24		
	63		69		8	48		
	69		75		96	72		
	75		81		0	84		
	81		87		64	72		
	87		93		8			
	15	344	21	356	48	48		
	21		27		72	72		
	27		33		56			
	33		39		64			
	39		45		32	84		
	45		51		40	72		
	51		57		16	84		
	15	356	21	368	24	48		
	21		27		16	84		
	27		33		40			
	33		39		72	72		
	39		45		24	84		
	45		51		40	72		
	51		57		16	84		
line	12	379	12	368	009000
		368	120		
	120			379	005000
		379	12		
rect	13	369	120	379	007000
crop	15	368	21	380	56	48	003000	/fonts/computer
	21		27		40	84		
	27		33		112	72		
	33		39		24	84		
	39		45		64	72		
	45		51		72			
	51		57		0	84		
	15	380	21	392	32	60	00ff00	
	21		27		16	84		
	27		33		8	72		
	33		39		112			
	39		45		24	84		
	45		51		0			
	51		57		120	72		
	57		63		16	84		
	63		69		32			
line	12	438	119	438	009000
rect	16	450	114	475	001010
line	17	461	17	450	00c0c0
		450	43		
	43			461	007070
		461	17		
rect	18	451	43	461	009090
crop	19	450	25	462	16	60	00ffff	/fonts/computer
	25		31		56	48		
	31		37		64			
	37		43		32	60		
	43		49		0	24		
	49		55		16	48		
	55		61		40	84		
	61		67		72	72		
	67		73		96			
	73		79		32			
line	17	473	17	462	00c0c0
		462	43		
	43			473	007070
		473	17		
rect	18	463	43	473	009090
crop	19	462	25	474	96	48	00ffff	/fonts/computer
	25		31		40			
	31		37		48			
	37		43		32	60		
	43		49		0	24		
	49		55		104	48		
	55		61		8	72		
	61		67		72			
	67		73		112			
	73		79		0	24		
	79		85		104	48		
	85		91		40	72		
	91		97		112			
	97		103		40	84		
line	12	191	12	180	ffff00
		180	120		
	120			191	909000
		191	12		
rect	13	181	120	191	c0c000
crop	15	180	21	192	24	48	000000	/fonts/computer
	21		27		120			
	27		33		112			
	33		39		32	60		
	39		45		16			
	45		51		120	48		
	51		57		96			
	15	192	21	204	56		7fff7f	
	21		27		40	60		
	27		33		112	48		
	33		39		24	60		
	39		45		64	48		
	45		51		72			
	51		57		0	60		
draw	18	206	32	224	/sprites/652.SMIV/0
line	14	204	35	204	489048
			14	205	
	35		35		
	14	225		225	
			14	224	
	35		35		
rect	42	206	49	215	003870
		215		224	0060c0
line	40	204	50	204	00488f
			40	205	
	50		50		
	40	225		225	
			40	224	
	50		50		
rect	55	206	62	207	707000
		207		224	c0c000
line	53	204	63	204	909000
			53	205	
	63		63		
	53	225		225	
			53	224	
	63		63		
crop	69	204	75	216	96	48	7fff7f	/fonts/computer
	75		81		24	60		
	81		87		16			
	87		93		32			
	93		99		40			
	99		105		16			
	105		111					
	111		117		32			
	69	216	75	228	104	48		
	75		81		56			
	81		87		112			
	87		93		32	60		
	93		99		120	48		
	99		105		0	60		
	105		111		96	48		
	111		117		24	60		
	12	228	18	240	56	48	00ff00	
	18		24		40	84		
	24		30		112	72		
	30		36		24	84		
	36		42		64	72		
	42		48		72			
	48		54		0	84		
line	12	263	12	252	007fff
		252	120		
	120			263	00488f
		263	12		
rect	13	253	120	263	0060c0
crop	15	252	21	264	32	60	000000	/fonts/computer
	21		27		8	48		
	27		33		16	60		
	33		39		56	48		
	39		45		40			
	45		51		32	60		
	15	264	21	276	56	48	7fff7f	
	21		27		40	60		
	27		33		112	48		
	33		39		24	60		
	39		45		64	48		
	45		51		72			
	51		57		0	60		
draw	18	278	32	296	/sprites/652.SMIV/0
line	14	276	35	276	489048
			14	277	
	35		35		
	14	297		297	
			14	296	
	35		35		
rect	42	278	49	284	003870
		284		296	0060c0
line	40	276	50	276	00488f
			40	277	
	50		50		
	40	297		297	
			40	296	
	50		50		
rect	55	278	62	279	707000
		279		296	c0c000
line	53	276	63	276	909000
			53	277	
	63		63		
	53	297		297	
			53	296	
	63		63		
crop	69	276	75	288	96	48	7fff7f	/fonts/computer
	75		81		24	60		
	81		87		16			
	87		93		32			
	93		99		40			
	99		105		16			
	105		111					
	111		117		32			
	69	288	75	300	104	48		
	75		81		56			
	81		87		112			
	87		93		32	60		
	93		99		120	48		
	99		105		0	60		
	105		111		96	48		
	111		117		24	60		
