point	138	274	b0b0b0
	423	232	808080
	361	460	b0b0b0
	492	119	808080
	490	377	b0b0b0
	179	468	808080
	327	15	b0b0b0
	477	475	d0d0d0
	220	278	808080
	217	254	
	342	33	b0b0b0
	439	263	808080
	429	199	
	217	189	
	456	21	d0d0d0
	264	463	808080
	436	397	d0d0d0
	449	219	b0b0b0
	384	361	
	143	230	808080
	475	469	b0b0b0
	493	32	d0d0d0
	243	110	
	178	451	
	473	11	b0b0b0
	270	418	d0d0d0
	296	323	808080
	218	266	d0d0d0
	589	203	
	363	253	b0b0b0
	217	115	
	164	220	808080
	575	437	
	334	352	
	346	377	d0d0d0
	474	240	b0b0b0
	264	375	808080
	579	305	b0b0b0
	558	163	d0d0d0
	265	411	808080
	520	457	d0d0d0
	211	309	
	137	281	b0b0b0
	220	290	808080
	248	169	
	444	347	
	559	239	
	415	204	b0b0b0
	451	215	
	296	195	
	255	307	
	579	33	808080
	509	308	b0b0b0
	453	288	
	141	285	d0d0d0
	541	441	808080
	475	217	d0d0d0
	391	228	808080
	195	428	d0d0d0
	598	210	808080
	167	323	
	345	329	b0b0b0
	364	17	808080
	468	24	
	561	431	d0d0d0
	462	246	808080
	572	3	b0b0b0
	294	332	808080
	302	154	b0b0b0
	174	117	
	296	449	808080
	247	251	d0d0d0
	405	109	b0b0b0
	200	476	
	582	207	
	268	171	
	180	259	808080
	539	82	
	253	116	
	258	293	
	153	348	
	183	196	d0d0d0
	524	445	808080
	338	346	
	262	221	
	188	429	
		425	
	236	176	b0b0b0
	595	75	
	420	63	808080
	192	448	d0d0d0
	606	205	808080
	173	118	b0b0b0
	471	21	
	292	271	d0d0d0
	321	410	808080
	437	230	b0b0b0
	159	49	808080
	520	461	
	472	337	d0d0d0
	375	162	
	542	207	808080
	493	184	b0b0b0
	574	234	
	168	394	808080
	182	210	
	356	476	
	202	399	d0d0d0
	311	431	
	379	9	b0b0b0
	167	138	d0d0d0
	550	264	
	250	132	808080
	539	466	
	444	383	
	416	194	
	476	355	
	424	352	
	516	343	d0d0d0
	341	27	
	353	289	
	400	314	808080
	361	414	b0b0b0
	593	69	d0d0d0
	197	476	
	351	198	e07000
	363	204	
	356	193	
	360	205	
	363	196	
	361		
	358	203	
	356	194	
	360	205	
	352		
	364	210	f07800
	361	204	
	365	208	
	363	211	
	367	212	
	362	211	
	361	212	
		211	
	367		
	364	209	
	357	185	402000
	398	214	
	365	204	
	344	253	
	375	248	
	391	197	
	398	243	
	414	223	
	410	229	
	407	238	
	347	211	
	404	263	
	408	226	
	391	203	
	377	202	
	403	235	
	382	257	
	355	187	
	357	238	
	356	237	
	393	218	502800
	378	265	
	357	217	
	413	198	
	383	223	
	392	218	
	355	257	
	364	215	
	412	228	
	413	267	
	366	229	
	370	262	
	354	249	
	388	209	
	407	233	
	372	216	
	371	237	
	406	213	
	349	210	
	392	239	
	409	202	603000
	414	216	
	363	242	
	376	198	
	413	242	
	359	247	
	383	222	
	408	195	
	402	233	
	397	249	
	355	228	703800
	362	239	
	384	194	
	395	238	
	378	210	
	403	215	
	395	202	
		233	
	396	247	
	350	202	
	374	208	
	399	246	
	359	229	
	340	215	
	343	232	
	365	234	
	351	236	
	392	211	
	376	226	
	369	211	
	393	205	904800
	368	206	
	366	196	
	355	200	
	371	209	
	387	239	
	367	197	
	385	238	
		235	
	395	236	
	381	223	a05000
	382	196	
	349		
	355	206	
	380	197	
	369	230	
	370	203	
	376	214	
	372	218	
	351	215	
	367	219	
	375	223	
	366	209	
	382	206	
	353	210	
line	184	0	184	480	000050
	312		312		
	440		440		
	568		568		005000
	128	41	608	41	000050
		169		169	
		297		297	
		425		425	005000
	342	192	337	190	7fff7f
	367	196	363	195	
	359	192	356	189	
	367	214	367	217	
	326	180	322	178	
	363	194	367	195	007fff
	377	208	380	207	
	368	199	367	195	7fff7f
	336	186	333	184	
draw	384	173	416	205	/sprites/1021.SMIV/0
	361	237	377	243	/sprites/652.SMIV/18
	299	85	315	92	/sprites/652.SMIV/7
	385	207	389	211	/sprites/651.SMIV/23
	380	89		100	/sprites/652.SMIV/13
	401	72	410	83	
	456	267	461	271	/sprites/651.SMIV/2
	315	174	331	181	/sprites/652.SMIV/7
	346	240	352	243	/sprites/651.SMIV/18
	319	184	335	191	/sprites/652.SMIV/7
	269	147	275	150	/sprites/651.SMIV/8
static	360	197	375	209	7878f0	12	/sprites/579.SMIV/8
draw	333	170	349	177	/sprites/652.SMIV/7
	379	327	405	364	/sprites/649.SMIV/23
static	305	172	355	196	ffffff	98	/sprites/649.SMIV/4
draw	357	169	366	180	/sprites/652.SMIV/11
	390	280	391	281	/sprites/513.SMIV/8
	412	202	418	205	/sprites/651.SMIV/16
	227	13	233	16	/sprites/651.SMIV/8
	131	296	132	297	/sprites/513.SMIV/15
	375	193	381	196	/sprites/651.SMIV/17
	347	180	352	183	/sprites/653.SMIV/2
	398	220	403	223	
	358	222	363	225	/sprites/653.SMIV/1
	363	205	365	206	/sprites/504.SMIV/18
	330	183	334	187	/sprites/653.SMIV/0
	356	201	360	205	
	349	190	353	194	/sprites/653.SMIV/3
	340	197	344	201	
	356	176	361	179	/sprites/653.SMIV/2
	366	199	368	201	/sprites/554.SMIV/0
	389	209	394	212	/sprites/653.SMIV/2
	370	200	372	202	/sprites/554.SMIV/0
	362	203	364	205	/sprites/504.SMIV/19
		183	367	186	/sprites/653.SMIV/2
	366	195	368	197	/sprites/504.SMIV/19
	363	204	365	206	
	338	178	343	181	/sprites/653.SMIV/4
	370	187	374	191	/sprites/653.SMIV/0
	362	192	364	194	/sprites/554.SMIV/2
	355	194	357	196	/sprites/504.SMIV/19
	377	196	379	198	
	363	202	365	204	
dither	404	87	459	104	303000
crop	408	91	415	102	56	44	000000	/fonts/tactical
	415		422		40	77		
	422		429		112	66		
	429		436		24	77		
	436		443		64	66		
	443		450		72			
	450		457		0	77		
	407	90	414	101	56	44	ffff00	
	414		421		40	77		
	421		428		112	66		
	428		435		24	77		
	435		442		64	66		
	442		449		72			
	449		456		0	77		
dither	200	50	346	67	300018
crop	204	54	211	65	56	55	000000	/fonts/tactical
	211		218		8	44		
	218		225		16	55		
	225		232		112	44		
	232		239		72			
	239		246		112			
	246		253		56			
	253		260		80	33		
	260		267		0	22		
	267		274		24	55		
	274		281		64	66		
	281		288		72			
	288		295		40			
	295		302		96			
	302		309		32			
	309		316		24	77		
	316		323		0	22		
	323		330		96	44		
	330		337		120	66		
	337		344		56	77		
	203	53	210	64		55	ff007f	
	210		217		8	44		
	217		224		16	55		
	224		231		112	44		
	231		238		72			
	238		245		112			
	245		252		56			
	252		259		80	33		
	259		266		0	22		
	266		273		24	55		
	273		280		64	66		
	280		287		72			
	287		294		40			
	294		301		96			
	301		308		32			
	308		315		24	77		
	315		322		0	22		
	322		329		96	44		
	329		336		120	66		
	336		343		56	77		
line	169	257	183	263	489048
			182	248	
	183	263			204020
draw	0	0	128	480	/pictures/501.png
	608		640		/pictures/512.png
crop	29	159	35	171	32	36	ff0000	/fonts/computer
	35		41		16			
	41		47		24			
line	614	451	614	359	00488f
		359	622		
	622			451	002850
		451	614		
rect	615	360	622	451	003870
line	614	456	614	452	007fff
		452	622		
	622			456	00488f
		456	614		
rect	615	453	622	456	0070e0
line	614	232	614	231	909048
		231	622		
	622			232	505028
		232	614		
	614	328		233	ffff7f
		233	622		
	622			328	909048
		328	614		
rect	615	234	622	328	e0e070
line	614	121	614	103	904848
		103	622		
	622			121	502828
		121	614		
rect	615	104	622	121	703838
line	614	200	614	122	ff7f7f
		122	622		
	622			200	904848
		200	614		
rect	615	123	622	200	e07070
line	618	8	629	8	90488f
			618	9	
	629		629		
	618	36		36	
			618	35	
	629		629		
rect	620	10	628	35	703870
		21			c060c0
	634	49	636	52	904800
		53		56	703800
		57		60	
		61		64	
		65		68	
		69		72	904800
		73		76	703800
		77		80	
		81		84	
		85		88	
		89		92	904800
		93		96	183018
		97		100	
		101		104	
		105		108	
		109		112	
		113		116	
		117		120	
		121		124	
		125		128	
		129		132	
		133		136	
		137		140	
		141		144	
		145		148	
		149		152	
		153		156	
		157		160	
		161		164	
		165		168	
		169		172	
		173		176	
		177		180	
		181		184	
		185		188	
		189		192	
		193		196	
		197		200	
		201		204	
		205		208	
		209		212	
		213		216	
		217		220	
		221		224	
		225		228	
		229		232	
		233		236	
		237		240	
		241		244	
		245		248	
		249		252	
		253		256	
		257		260	
		261		264	
		265		268	
		269		272	
		273		276	
		277		280	
		281		284	
		285		288	
		289		292	
		293		296	
		297		300	
		301		304	
		305		308	
		309		312	
		313		316	
		317		320	
		321		324	
		325		328	
		329		332	
		333		336	
		337		340	
		341		344	
		345		348	
		349		352	
		353		356	
		357		360	
		361		364	
		365		368	
		369		372	
		373		376	
		377		380	
		381		384	
		385		388	
		389		392	
		393		396	
		397		400	
		401		404	
		405		408	
		409		412	
		413		416	
		417		420	
		421		424	
		425		428	
		429		432	
		433		436	
		437		440	
		441		444	
		445		448	
	621	52	631	56	303000
		57		61	
		62		66	
		67		71	
		72		76	
		77		81	
		82		86	
	7	7	115	115	00ff00
	8	8	114	114	001000
	42	42	80	80	003000
point	63	57	00e000
	56	50	
	61	58	
	58	57	
			
	59	58	
	62	50	
	58	57	
	60	58	
	61	60	
	60	57	
		61	
	59	56	
	61	58	
		59	
	62		
	54	54	
	61	59	
		57	
	58		
	62	69	
	59	57	
	61	56	
			
	59	58	
	60		
	61		
	68	63	
	64	59	
	63	48	
	59	57	
	62	64	
	43	65	
	62	59	
	63	60	
	61	58	
	59	57	
	60		
	61	59	
		58	
		59	
		58	
		59	
		60	
		57	
		58	
	50	44	
	61	58	
			
			
rect	12	320	121	440	001000
crop	15	320	21	332	16	48	00ff00	/fonts/computer
	21		27		40	60		
	27		33		72	48		
	33		39		96			
	39		45		32			
	45		51		0	24		
	51		57		24	60		
	57		63		64	48		
	63		69		72			
	69		75		0	60		
	75		81		24			
line	12	342	119	342	009000
crop	15	332	21	344	0	60	00ff00	/fonts/computer
	21		27		16	84		
	27		33		120	72		
	33		39		64	84		
	39		45		72	72		
	45		51		104			
	51		57		8			
	57		63		0	24		
	63		69		8	48		
	69		75		96	72		
	75		81		0	84		
	81		87		64	72		
	87		93		8			
	15	344	21	356	48	48	009000	
	21		27		72	72		
	27		33		56			
	33		39		64			
	39		45		32	84		
	45		51		40	72		
	51		57		16	84		
	15	356	21	368	24	48		
	21		27		16	84		
	27		33		40			
	33		39		72	72		
	39		45		24	84		
	45		51		40	72		
	51		57		16	84		
line	12	379	12	368	009000
		368	120		
	120			379	005000
		379	12		
rect	13	369	120	379	007000
crop	15	368	21	380	56	48	003000	/fonts/computer
	21		27		40	84		
	27		33		112	72		
	33		39		24	84		
	39		45		64	72		
	45		51		72			
	51		57		0	84		
	15	380	21	392	32	60	009000	
	21		27		16	84		
	27		33		8	72		
	33		39		112			
	39		45		24	84		
	45		51		0			
	51		57		120	72		
	57		63		16	84		
	63		69		32			
line	12	438	119	438	009000
rect	16	450	114	475	001010
line	17	461	17	450	00c0c0
		450	43		
	43			461	007070
		461	17		
rect	18	451	43	461	009090
crop	19	450	25	462	16	60	00ffff	/fonts/computer
	25		31		56	48		
	31		37		64			
	37		43		32	60		
	43		49		0	24		
	49		55		16	48		
	55		61		40	84		
	61		67		72	72		
	67		73		96			
	73		79		32			
line	17	473	17	462	00c0c0
		462	43		
	43			473	007070
		473	17		
rect	18	463	43	473	009090
crop	19	462	25	474	96	48	00ffff	/fonts/computer
	25		31		40			
	31		37		48			
	37		43		32	60		
	43		49		0	24		
	49		55		104	48		
	55		61		8	72		
	61		67		72			
	67		73		112			
	73		79		0	24		
	79		85		104	48		
	85		91		40	72		
	91		97		112			
	97		103		40	84		
line	12	191	12	180	ffff00
		180	120		
	120			191	909000
		191	12		
rect	13	181	120	191	c0c000
crop	15	180	21	192	24	48	000000	/fonts/computer
	21		27		120			
	27		33		112			
	33		39		32	60		
	39		45		16			
	45		51		120	48		
	51		57		96			
	15	192	21	204	56		7fff7f	
	21		27		40	60		
	27		33		112	48		
	33		39		24	60		
	39		45		64	48		
	45		51		72			
	51		57		0	60		
draw	18	206	32	224	/sprites/652.SMIV/0
line	14	204	35	204	489048
			14	205	
	35		35		
	14	225		225	
			14	224	
	35		35		
rect	42	206	49	215	003870
		215		224	0060c0
line	40	204	50	204	00488f
			40	205	
	50		50		
	40	225		225	
			40	224	
	50		50		
rect	55	206	62	207	707000
		207		224	c0c000
line	53	204	63	204	909000
			53	205	
	63		63		
	53	225		225	
			53	224	
	63		63		
crop	69	204	75	216	96	48	7fff7f	/fonts/computer
	75		81		24	60		
	81		87		16			
	87		93		32			
	93		99		40			
	99		105		16			
	105		111					
	111		117		32			
	69	216	75	228	104	48		
	75		81		56			
	81		87		112			
	87		93		32	60		
	93		99		120	48		
	99		105		0	60		
	105		111		96	48		
	111		117		24	60		
	12	228	18	240	56	48	00ff00	
	18		24		40	84		
	24		30		112	72		
	30		36		24	84		
	36		42		64	72		
	42		48		72			
	48		54		0	84		
line	12	263	12	252	007fff
		252	120		
	120			263	00488f
		263	12		
rect	13	253	120	263	0060c0
crop	15	252	21	264	32	60	000000	/fonts/computer
	21		27		8	48		
	27		33		16	60		
	33		39		56	48		
	39		45		40			
	45		51		32	60		
	15	264	21	276	56	48	7fff7f	
	21		27		40	60		
	27		33		112	48		
	33		39		24	60		
	39		45		64	48		
	45		51		72			
	51		57		0	60		
draw	18	278	32	296	/sprites/652.SMIV/0
line	14	276	35	276	489048
			14	277	
	35		35		
	14	297		297	
			14	296	
	35		35		
rect	42	278	49	295	003870
		295		296	0060c0
line	40	276	50	276	00488f
			40	277	
	50		50		
	40	297		297	
			40	296	
	50		50		
rect	55	278	62	279	707000
		279		296	c0c000
line	53	276	63	276	909000
			53	277	
	63		63		
	53	297		297	
			53	296	
	63		63		
crop	69	276	75	288	96	48	7fff7f	/fonts/computer
	75		81		24	60		
	81		87		16			
	87		93		32			
	93		99		40			
	99		105		16			
	105		111					
	111		117		32			
	69	288	75	300	104	48		
	75		81		56			
	81		87		112			
	87		93		32	60		
	93		99		120	48		
	99		105		0	60		
	105		111		96	48		
	111		117		24	60		
