point	577	342	b0b0b0
	397	295	808080
	137	101	d0d0d0
	466	182	808080
	451	472	b0b0b0
	269	104	d0d0d0
	287	110	b0b0b0
	486	256	d0d0d0
	193	342	808080
	190	318	
	303	129	b0b0b0
	412	327	808080
	402	262	
	191	252	
	403	149	d0d0d0
	390	70	b0b0b0
	229	22	808080
	409	315	b0b0b0
	344	456	
	591	244	
	504	56	808080
	440	161	d0d0d0
	190	238	
	210	49	808080
	433	106	b0b0b0
	347	32	808080
	269	386	
	165	394	d0d0d0
	342	63	808080
	323	349	b0b0b0
	177	211	
	138	284	808080
	546	231	
	307	416	
	299	25	d0d0d0
	434	335	b0b0b0
	237	438	808080
	561	288	
	555	67	
	238	475	
	321	19	
	158	438	d0d0d0
	577	312	b0b0b0
	193	354	808080
	221	232	
	418	411	
	593	456	b0b0b0
	375	299	
	411	311	
	256	291	
	215	403	
	497	182	d0d0d0
	469	404	b0b0b0
	413	384	
	577	229	
	311	50	d0d0d0
	422	345	
	365	292	808080
	170	57	b0b0b0
	179	478	
	140	386	808080
	305	424	b0b0b0
	338	81	808080
	441	88	
	507	60	d0d0d0
	435	310	808080
	201	97	b0b0b0
	268	395	808080
	262	250	b0b0b0
	134	212	
	342	65	d0d0d0
	194	379	
	366	205	b0b0b0
	352	92	
	562	323	808080
	228	266	b0b0b0
	154	323	808080
	512	145	
	227	179	
	231	357	
	604	283	b0b0b0
	130	325	d0d0d0
	493	472	
	311	410	808080
	236	284	
	282	20	b0b0b0
	271	18	d0d0d0
	196	272	b0b0b0
	555	459	
	394	126	808080
	422	96	d0d0d0
	578	295	808080
	133	213	b0b0b0
	431	116	
	239	400	d0d0d0
	294	474	808080
	397	326	b0b0b0
	132	112	808080
	448	44	
	419	466	d0d0d0
	322	290	
	515	270	808080
	454	279	b0b0b0
	558	13	808080
	141	457	
	156	274	
	158	121	d0d0d0
	348	47	
	606	451	b0b0b0
	339	105	
	596	14	
	497	102	d0d0d0
	223	196	808080
	414	100	d0d0d0
	418	446	808080
	389	257	
	450	418	
	398	415	
	146	59	b0b0b0
	288	155	d0d0d0
	300	418	
	373	378	808080
	581	349	
	572	176	
	401	61	
line	130	0	130	480	000050
	258		258		
	386		386		
	514		514		005000
	128	43	608	43	002850
		171		171	000050
		299		299	
		427		427	
draw	329	303	361	335	/sprites/1021.SMIV/0
	365	235	374	246	/sprites/652.SMIV/13
	253	266	269	273	/sprites/652.SMIV/5
	329	241	335	245	/sprites/651.SMIV/9
	322	244	337	250	/sprites/652.SMIV/6
	320	241	336	248	/sprites/652.SMIV/7
	270	273	276	276	/sprites/651.SMIV/5
	276	238	283	249	/sprites/652.SMIV/12
	335	246	341	250	/sprites/651.SMIV/9
	300	217	315	223	/sprites/652.SMIV/6
	309	232	325	239	/sprites/652.SMIV/17
	265	348	301	382	/sprites/649.SMIV/2
	156	263	210	280	/sprites/649.SMIV/5
	338	239	347	250	/sprites/652.SMIV/11
	213	215	219	218	/sprites/651.SMIV/7
	294	433	298	437	/sprites/651.SMIV/0
	350	439	352	440	/sprites/513.SMIV/11
	335	237	339	241	/sprites/651.SMIV/11
	190	409	191	410	/sprites/513.SMIV/16
dither	328	255	383	272	303000
crop	332	259	339	270	56	44	000000	/fonts/tactical
	339		346		40	77		
	346		353		112	66		
	353		360		24	77		
	360		367		64	66		
	367		374		72			
	374		381		0	77		
	331	258	338	269	56	44	ffff00	
	338		345		40	77		
	345		352		112	66		
	352		359		24	77		
	359		366		64	66		
	366		373		72			
	373		380		0	77		
dither	200	50	346	67	300018
crop	204	54	211	65	56	55	000000	/fonts/tactical
	211		218		8	44		
	218		225		16	55		
	225		232		112	44		
	232		239		72			
	239		246		112			
	246		253		56			
	253		260		80	33		
	260		267		0	22		
	267		274		24	55		
	274		281		64	66		
	281		288		72			
	288		295		40			
	295		302		96			
	302		309		32			
	309		316		24	77		
	316		323		0	22		
	323		330		96	44		
	330		337		120	66		
	337		344		56	77		
	203	53	210	64		55	ff007f	
	210		217		8	44		
	217		224		16	55		
	224		231		112	44		
	231		238		72			
	238		245		112			
	245		252		56			
	252		259		80	33		
	259		266		0	22		
	266		273		24	55		
	273		280		64	66		
	280		287		72			
	287		294		40			
	294		301		96			
	301		308		32			
	308		315		24	77		
	315		322		0	22		
	322		329		96	44		
	329		336		120	66		
	336		343		56	77		
line	337	436	347	424	489048
			332	422	
	347	424			204020
draw	0	0	128	480	/pictures/501.png
	608		640		/pictures/512.png
crop	29	159	35	171	32	36	ff0000	/fonts/computer
	35		41		16			
	41		47		24			
line	614	449	614	359	00488f
		359	622		
	622			449	002850
		449	614		
rect	615	360	622	449	003870
line	614	456	614	450	007fff
		450	622		
	622			456	00488f
		456	614		
rect	615	451	622	456	0070e0
line	614	231	614	231	909048
			622		
	622				505028
			614		
	614	328		232	ffff7f
		232	622		
	622			328	909048
		328	614		
rect	615	233	622	328	e0e070
line	614	123	614	103	904848
		103	622		
	622			123	502828
		123	614		
rect	615	104	622	123	703838
line	614	200	614	124	ff7f7f
		124	622		
	622			200	904848
		200	614		
rect	615	125	622	200	e07070
line	618	8	629	8	90488f
			618	9	
	629		629		
	618	36		36	
			618	35	
	629		629		
rect	620	10	628	35	703870
		35			c060c0
	634	49	636	52	7fff7f
		53		56	703800
		57		60	
		61		64	
		65		68	
		69		72	904800
		73		76	703800
		77		80	
		81		84	
		85		88	
		89		92	904800
		93		96	183018
		97		100	
		101		104	
		105		108	
		109		112	
		113		116	
		117		120	
		121		124	
		125		128	
		129		132	
		133		136	
		137		140	
		141		144	
		145		148	
		149		152	
		153		156	
		157		160	
		161		164	
		165		168	
		169		172	
		173		176	
		177		180	
		181		184	
		185		188	
		189		192	
		193		196	
		197		200	
		201		204	
		205		208	
		209		212	
		213		216	
		217		220	
		221		224	
		225		228	
		229		232	
		233		236	
		237		240	
		241		244	
		245		248	
		249		252	
		253		256	
		257		260	
		261		264	
		265		268	
		269		272	
		273		276	
		277		280	
		281		284	
		285		288	
		289		292	
		293		296	
		297		300	
		301		304	
		305		308	
		309		312	
		313		316	
		317		320	
		321		324	
		325		328	
		329		332	
		333		336	
		337		340	
		341		344	
		345		348	
		349		352	
		353		356	
		357		360	
		361		364	
		365		368	
		369		372	
		373		376	
		377		380	
		381		384	
		385		388	
		389		392	
		393		396	
		397		400	
		401		404	
		405		408	
		409		412	
		413		416	
		417		420	
		421		424	
		425		428	
		429		432	
		433		436	
		437		440	
		441		444	
		445		448	
	621	52	631	56	303000
		57		61	
		62		66	
		67		71	
		72		76	
		77		81	
		82		86	
	7	7	115	115	00ff00
	8	8	114	114	001000
	42	42	80	80	003000
point	60	67	00e000
	53	63	
	59	61	
	54		
	57	60	
	58	61	
	59		
	57		
	100	84	
	59	61	
	56	84	
	55	71	
	47	63	
	59	61	
	54	63	
	49	60	
	58	61	
	105	92	
	74	81	
	27	84	
	60	76	
	47	74	
	56	76	
rect	12	320	121	440	001000
crop	15	320	21	332	16	48	00ff00	/fonts/computer
	21		27		40	60		
	27		33		72	48		
	33		39		96			
	39		45		32			
	45		51		0	24		
	51		57		24	60		
	57		63		64	48		
	63		69		72			
	69		75		0	60		
	75		81		24			
line	12	342	119	342	009000
crop	15	332	21	344	0	60	00ff00	/fonts/computer
	21		27		16	84		
	27		33		120	72		
	33		39		64	84		
	39		45		72	72		
	45		51		104			
	51		57		8			
	57		63		0	24		
	63		69		8	48		
	69		75		96	72		
	75		81		0	84		
	81		87		64	72		
	87		93		8			
	15	344	21	356	48	48	009000	
	21		27		72	72		
	27		33		56			
	33		39		64			
	39		45		32	84		
	45		51		40	72		
	51		57		16	84		
	15	356	21	368	24	48		
	21		27		16	84		
	27		33		40			
	33		39		72	72		
	39		45		24	84		
	45		51		40	72		
	51		57		16	84		
line	12	379	12	368	009000
		368	120		
	120			379	005000
		379	12		
rect	13	369	120	379	007000
crop	15	368	21	380	56	48	003000	/fonts/computer
	21		27		40	84		
	27		33		112	72		
	33		39		24	84		
	39		45		64	72		
	45		51		72			
	51		57		0	84		
	15	380	21	392	32	60	009000	
	21		27		16	84		
	27		33		8	72		
	33		39		112			
	39		45		24	84		
	45		51		0			
	51		57		120	72		
	57		63		16	84		
	63		69		32			
line	12	438	119	438	009000
rect	16	450	114	475	001010
line	17	461	17	450	00c0c0
		450	43		
	43			461	007070
		461	17		
rect	18	451	43	461	009090
crop	19	450	25	462	16	60	00ffff	/fonts/computer
	25		31		56	48		
	31		37		64			
	37		43		32	60		
	43		49		0	24		
	49		55		16	48		
	55		61		40	84		
	61		67		72	72		
	67		73		96			
	73		79		32			
line	17	473	17	462	00c0c0
		462	43		
	43			473	007070
		473	17		
rect	18	463	43	473	009090
crop	19	462	25	474	96	48	00ffff	/fonts/computer
	25		31		40			
	31		37		48			
	37		43		32	60		
	43		49		0	24		
	49		55		104	48		
	55		61		8	72		
	61		67		72			
	67		73		112			
	73		79		0	24		
	79		85		104	48		
	85		91		40	72		
	91		97		112			
	97		103		40	84		
line	12	191	12	180	ffff00
		180	120		
	120			191	909000
		191	12		
rect	13	181	120	191	c0c000
crop	15	180	21	192	24	48	000000	/fonts/computer
	21		27		120			
	27		33		112			
	33		39		32	60		
	39		45		16			
	45		51		120	48		
	51		57		96			
	15	192	21	204	56		7fff7f	
	21		27		40	60		
	27		33		112	48		
	33		39		24	60		
	39		45		64	48		
	45		51		72			
	51		57		0	60		
draw	18	206	32	224	/sprites/652.SMIV/0
line	14	204	35	204	489048
			14	205	
	35		35		
	14	225		225	
			14	224	
	35		35		
rect	42	206	49	215	003870
		215		224	0060c0
line	40	204	50	204	00488f
			40	205	
	50		50		
	40	225		225	
			40	224	
	50		50		
rect	55	206	62	207	707000
		207		224	c0c000
line	53	204	63	204	909000
			53	205	
	63		63		
	53	225		225	
			53	224	
	63		63		
crop	69	204	75	216	96	48	7fff7f	/fonts/computer
	75		81		24	60		
	81		87		16			
	87		93		32			
	93		99		40			
	99		105		16			
	105		111					
	111		117		32			
	69	216	75	228	104	48		
	75		81		56			
	81		87		112			
	87		93		32	60		
	93		99		120	48		
	99		105		0	60		
	105		111		96	48		
	111		117		24	60		
	12	228	18	240	56	48	00ff00	
	18		24		40	84		
	24		30		112	72		
	30		36		24	84		
	36		42		64	72		
	42		48		72			
	48		54		0	84		
line	12	263	12	252	007fff
		252	120		
	120			263	00488f
		263	12		
rect	13	253	120	263	0060c0
crop	15	252	21	264	32	60	000000	/fonts/computer
	21		27		8	48		
	27		33		16	60		
	33		39		56	48		
	39		45		40			
	45		51		32	60		
	15	264	21	276	56	48	7fff7f	
	21		27		40	60		
	27		33		112	48		
	33		39		24	60		
	39		45		64	48		
	45		51		72			
	51		57		0	60		
draw	18	278	32	296	/sprites/652.SMIV/0
line	14	276	35	276	489048
			14	277	
	35		35		
	14	297		297	
			14	296	
	35		35		
rect	42	278	49	295	003870
		295		296	0060c0
line	40	276	50	276	00488f
			40	277	
	50		50		
	40	297		297	
			40	296	
	50		50		
rect	55	278	62	279	707000
		279		296	c0c000
line	53	276	63	276	909000
			53	277	
	63		63		
	53	297		297	
			53	296	
	63		63		
crop	69	276	75	288	96	48	7fff7f	/fonts/computer
	75		81		24	60		
	81		87		16			
	87		93		32			
	93		99		40			
	99		105		16			
	105		111					
	111		117		32			
	69	288	75	300	104	48		
	75		81		56			
	81		87		112			
	87		93		32	60		
	93		99		120	48		
	99		105		0	60		
	105		111		96	48		
	111		117		24	60		
