point	483	157	b0b0b0
	333	174	808080
	519	198	b0b0b0
	402	61	808080
	356	288	b0b0b0
	135	178	808080
	389	405	b0b0b0
	359	12	d0d0d0
	131	59	
	606	90	
	425	424	b0b0b0
	349	205	808080
	339	141	
	183	293	d0d0d0
	345	384	
	360	327	
	275	379	808080
	315	130	b0b0b0
	249	272	
	496	60	
	217	347	d0d0d0
	532	416	b0b0b0
	574	273	808080
	344	369	b0b0b0
	304	401	
	467	300	d0d0d0
	206	265	808080
	470	237	d0d0d0
	153	391	b0b0b0
	228	164	
	367	350	
	527	112	
	483	109	808080
	244	294	
	230	259	d0d0d0
	339	151	b0b0b0
	174	317	808080
	497	167	
	231	369	d0d0d0
	174	353	808080
	401	376	
	350	295	d0d0d0
	482	127	b0b0b0
	130	411	
	158	111	808080
	354	289	
	498	271	b0b0b0
	280	115	
	317	126	
	162	106	
	601	75	808080
	383	447	
	374	220	b0b0b0
	319	199	
	482	44	
	227	285	d0d0d0
	295	100	
	301	170	808080
	554	201	b0b0b0
	549	175	d0d0d0
	316	374	808080
	210	240	b0b0b0
	460	417	
	477	445	808080
	417	387	
	371	188	
	459	398	
	204	274	
	168	66	b0b0b0
	518	445	808080
	197	344	b0b0b0
	577	87	808080
	271	20	b0b0b0
	376	357	d0d0d0
	498	201	808080
	442	378	b0b0b0
	551	110	
	449	24	808080
	163	58	
	167	235	
	510	99	b0b0b0
	482	156	d0d0d0
	366	227	
	248	288	808080
	172	163	
	156	370	
	566	308	b0b0b0
	589	247	808080
	460	274	b0b0b0
	330	5	808080
	576	330	d0d0d0
	514	173	808080
	262	457	
	313	411	b0b0b0
	592	100	d0d0d0
	231	352	808080
	303	142	b0b0b0
	189	474	808080
	482	324	d0d0d0
	292	221	
	195	45	
	451	149	808080
	359	95	b0b0b0
	510	315	
	556	298	808080
	179	422	
	345	439	b0b0b0
	413	281	d0d0d0
	511	267	b0b0b0
	365	426	808080
	257	366	
	504	408	
	160	74	
	175	370	b0b0b0
	354	325	808080
	325	135	
	386	297	
	334	294	
	530	289	b0b0b0
	161	95	d0d0d0
	173	173	
	310	256	808080
	517	227	
	508	54	
	470	419	
line	133	0	133	480	000050
	261		261		
	389		389		005000
	517		517		000050
	128	52	608	52	
		180		180	
		308		308	005000
		436		436	000050
draw	204	56	236	88	/sprites/1021.SMIV/0
	361	236	377	243	/sprites/652.SMIV/17
	309	137	324	145	/sprites/652.SMIV/20
	316	257	322	260	/sprites/651.SMIV/17
	274	93	289	100	/sprites/652.SMIV/19
	356	145	371	153	/sprites/652.SMIV/20
	354	196	360	199	/sprites/651.SMIV/18
	309	174	321	185	/sprites/652.SMIV/2
	274	143	280	147	/sprites/651.SMIV/21
	246	109	252	113	
	388	264	394	267	/sprites/651.SMIV/17
	533	262	548	269	/sprites/652.SMIV/19
	310	152	324	162	/sprites/652.SMIV/21
	554	177	560	180	/sprites/651.SMIV/17
	335	167	350	175	/sprites/652.SMIV/20
	504	110	548	143	/sprites/649.SMIV/15
	485	141	537	158	/sprites/649.SMIV/19
	333	142	348	150	/sprites/652.SMIV/20
	217	105	221	109	/sprites/651.SMIV/0
	305	45	311	48	/sprites/651.SMIV/17
	285	366	287	367	/sprites/513.SMIV/11
	340	264	346	267	/sprites/651.SMIV/17
dither	319	268	374	285	303000
tint	323	272	331	284	000000	/font/5000/46
	330		338			/font/5000/69
	337		345			/font/5000/67
	344		352			/font/5000/68
	351		359			/font/5000/74
	358		366			/font/5000/65
	365		373			/font/5000/72
	322	271	330	283	ffff00	/font/5000/46
	329		337			/font/5000/69
	336		344			/font/5000/67
	343		351			/font/5000/68
	350		358			/font/5000/74
	357		365			/font/5000/65
	364		372			/font/5000/72
dither	220	52	310	69	001830
tint	224	56	232	68	000000	/font/5000/50
	231		239			/font/5000/72
	238		246			/font/5000/6f
	245		253			/font/5000/78
	252		260			/font/5000/69
	259		267			/font/5000/6d
	266		274			/font/5000/61
	273		281			/font/5000/20
	280		288			/font/5000/42
	287		295			/font/5000/65
	294		302			/font/5000/74
	301		309			/font/5000/61
	223	55	231	67	007fff	/font/5000/50
	230		238			/font/5000/72
	237		245			/font/5000/6f
	244		252			/font/5000/78
	251		259			/font/5000/69
	258		266			/font/5000/6d
	265		273			/font/5000/61
	272		280			/font/5000/20
	279		287			/font/5000/42
	286		294			/font/5000/65
	293		301			/font/5000/74
	300		308			/font/5000/61
dither	200	50	346	67	300018
tint	204	54	212	66	000000	/font/5000/57
	211		219			/font/5000/41
	218		226			/font/5000/52
	225		233			/font/5000/4e
	232		240			/font/5000/49
	239		247			/font/5000/4e
	246		254			/font/5000/47
	253		261			/font/5000/3a
	260		268			/font/5000/20
	267		275			/font/5000/53
	274		282			/font/5000/68
	281		289			/font/5000/69
	288		296			/font/5000/65
	295		303			/font/5000/6c
	302		310			/font/5000/64
	309		317			/font/5000/73
	316		324			/font/5000/20
	323		331			/font/5000/4c
	330		338			/font/5000/6f
	337		345			/font/5000/77
	203	53	211	65	ff007f	/font/5000/57
	210		218			/font/5000/41
	217		225			/font/5000/52
	224		232			/font/5000/4e
	231		239			/font/5000/49
	238		246			/font/5000/4e
	245		253			/font/5000/47
	252		260			/font/5000/3a
	259		267			/font/5000/20
	266		274			/font/5000/53
	273		281			/font/5000/68
	280		288			/font/5000/69
	287		295			/font/5000/65
	294		302			/font/5000/6c
	301		309			/font/5000/64
	308		316			/font/5000/73
	315		323			/font/5000/20
	322		330			/font/5000/4c
	329		337			/font/5000/6f
	336		344			/font/5000/77
line	175	287	190	291	489048
			186	276	
	190	291			204020
draw	0	0	128	480	/pictures/501.png
	608		640		/pictures/512.png
tint	29	159	37	172	ff0000	/font/5001/34
	35		43			/font/5001/32
	41		49			/font/5001/33
line	614	448	614	359	00488f
		359	622		
	622			448	002850
		448	614		
rect	615	360	622	448	003870
line	614	456	614	449	007fff
		449	622		
	622			456	00488f
		456	614		
rect	615	450	622	456	0070e0
line	614	231	614	231	909048
			622		
	622				505028
			614		
	614	328		232	ffff7f
		232	622		
	622			328	909048
		328	614		
rect	615	233	622	328	e0e070
line	614	125	614	103	904848
		103	622		
	622			125	502828
		125	614		
rect	615	104	622	125	703838
line	614	200	614	126	ff7f7f
		126	622		
	622			200	904848
		200	614		
rect	615	127	622	200	e07070
line	618	8	629	8	90488f
			618	9	
	629		629		
	618	36		36	
			618	35	
	629		629		
rect	620	10	628	35	703870
		35			c060c0
	634	49	636	52	7fff7f
		53		56	60c060
		57		60	703800
		61		64	
		65		68	
		69		72	904800
		73		76	703800
		77		80	
		81		84	
		85		88	
		89		92	904800
		93		96	183018
		97		100	
		101		104	
		105		108	
		109		112	
		113		116	
		117		120	
		121		124	
		125		128	
		129		132	
		133		136	
		137		140	
		141		144	
		145		148	
		149		152	
		153		156	
		157		160	
		161		164	
		165		168	
		169		172	
		173		176	
		177		180	
		181		184	
		185		188	
		189		192	
		193		196	
		197		200	
		201		204	
		205		208	
		209		212	
		213		216	
		217		220	
		221		224	
		225		228	
		229		232	
		233		236	
		237		240	
		241		244	
		245		248	
		249		252	
		253		256	
		257		260	
		261		264	
		265		268	
		269		272	
		273		276	
		277		280	
		281		284	
		285		288	
		289		292	
		293		296	
		297		300	
		301		304	
		305		308	
		309		312	
		313		316	
		317		320	
		321		324	
		325		328	
		329		332	
		333		336	
		337		340	
		341		344	
		345		348	
		349		352	
		353		356	
		357		360	
		361		364	
		365		368	
		369		372	
		373		376	
		377		380	
		381		384	
		385		388	
		389		392	
		393		396	
		397		400	
		401		404	
		405		408	
		409		412	
		413		416	
		417		420	
		421		424	
		425		428	
		429		432	
		433		436	
		437		440	
		441		444	
		445		448	
	621	52	631	56	303000
		57		61	
		62		66	
		67		71	
		72		76	
		77		81	
		82		86	
	7	7	115	115	00ff00
	8	8	114	114	001000
	42	42	80	80	003000
point	50	48	00e000
	57	54	
	60	63	
	91	61	
	57	57	
		55	
	75	63	
	55	50	
	54	54	
	59	56	
	52	51	
	58	62	
	76	57	
	73	53	
	72	54	
	59		
	61	58	
	50	51	
	61	54	
	62	62	
	55	71	
	21	64	
	57	46	
rect	12	320	121	440	001000
tint	15	320	23	333	00ff00	/font/5001/42
	21		29			/font/5001/55
	27		35			/font/5001/49
	33		41			/font/5001/4c
	39		47			/font/5001/44
	45		53			/font/5001/20
	51		59			/font/5001/53
	57		65			/font/5001/48
	63		71			/font/5001/49
	69		77			/font/5001/50
	75		83			/font/5001/53
line	12	342	119	342	009000
tint	15	332	23	345	00ff00	/font/5001/50
	21		29			/font/5001/72
	27		35			/font/5001/6f
	33		41			/font/5001/78
	39		47			/font/5001/69
	45		53			/font/5001/6d
	51		59			/font/5001/61
	57		65			/font/5001/20
	63		71			/font/5001/41
	69		77			/font/5001/6c
	75		83			/font/5001/70
	81		89			/font/5001/68
	87		95			/font/5001/61
	15	344	23	357	009000	/font/5001/46
	21		29			/font/5001/69
	27		35			/font/5001/67
	33		41			/font/5001/68
	39		47			/font/5001/74
	45		53			/font/5001/65
	51		59			/font/5001/72
	15	356	23	369		/font/5001/43
	21		29			/font/5001/72
	27		35			/font/5001/75
	33		41			/font/5001/69
	39		47			/font/5001/73
	45		53			/font/5001/65
	51		59			/font/5001/72
line	12	379	12	368	009000
		368	120		
	120			379	005000
		379	12		
rect	13	369	120	379	007000
tint	15	368	23	381	003000	/font/5001/47
	21		29			/font/5001/75
	27		35			/font/5001/6e
	33		41			/font/5001/73
	39		47			/font/5001/68
	45		53			/font/5001/69
	51		59			/font/5001/70
	15	380	23	393	009000	/font/5001/54
	21		29			/font/5001/72
	27		35			/font/5001/61
	33		41			/font/5001/6e
	39		47			/font/5001/73
	45		53			/font/5001/70
	51		59			/font/5001/6f
	57		65			/font/5001/72
	63		71			/font/5001/74
line	12	438	119	438	009000
rect	16	450	114	475	001010
line	17	461	17	450	00c0c0
		450	43		
	43			461	007070
		461	17		
rect	18	451	43	461	009090
tint	19	450	27	463	00ffff	/font/5001/52
	25		33			/font/5001/47
	31		39			/font/5001/48
	37		45			/font/5001/54
	43		51			/font/5001/20
	49		57			/font/5001/42
	55		63			/font/5001/75
	61		69			/font/5001/69
	67		75			/font/5001/6c
	73		81			/font/5001/64
line	17	473	17	462	00c0c0
		462	43		
	43			473	007070
		473	17		
rect	18	463	43	473	009090
tint	19	462	27	475	00ffff	/font/5001/4c
	25		33			/font/5001/45
	31		39			/font/5001/46
	37		45			/font/5001/54
	43		51			/font/5001/20
	49		57			/font/5001/4d
	55		63			/font/5001/61
	61		69			/font/5001/69
	67		75			/font/5001/6e
	73		81			/font/5001/20
	79		87			/font/5001/4d
	85		93			/font/5001/65
	91		99			/font/5001/6e
	97		105			/font/5001/75
rect	12	180	120	192	000000
line	12	191	12	180	ffff00
		180	119		
	119			191	909000
		191	12		
rect	13	181	119	191	c0c000
tint	15	180	23	193	000000	/font/5001/43
	21		29			/font/5001/4f
	27		35			/font/5001/4e
	33		41			/font/5001/54
	39		47			/font/5001/52
	45		53			/font/5001/4f
	51		59			/font/5001/4c
rect	12	192	120	204	000000
tint	15	192	23	205	7fff7f	/font/5001/46
	21		29			/font/5001/49
	27		35			/font/5001/47
	33		41			/font/5001/48
	39		47			/font/5001/54
	45		53			/font/5001/45
	51		59			/font/5001/52
rect	14	204	36	226	000000
draw	17	206	33	224	/sprites/651.SMIV/0
line	14	204	35	204	489048
			14	205	
	35		35		
	14	225		225	
			14	224	
	35		35		
rect	40	204	51	226	000000
	42	206	49	206	003870
				224	0060c0
line	40	204	50	204	00488f
			40	205	
	50		50		
	40	225		225	
			40	224	
	50		50		
rect	53	204	64	226	000000
	55	206	62	207	707000
		207		224	c0c000
line	53	204	63	204	909000
			53	205	
	63		63		
	53	225		225	
			53	224	
	63		63		
rect	69	204	120	216	000000
tint	69	204	77	217	7fff7f	/font/5001/4c
	75		83			/font/5001/41
	81		89			/font/5001/53
	87		95			/font/5001/45
	93		101			/font/5001/52
rect	69	216	120	228	000000
		192		204	
	12	228		240	
tint	12	228	20	241	ff0000	/font/5001/50
	18		26			/font/5001/72
	24		32			/font/5001/6f
	30		38			/font/5001/78
	36		44			/font/5001/69
	42		50			/font/5001/6d
	48		56			/font/5001/61
	54		62			/font/5001/20
	60		68			/font/5001/42
	66		74			/font/5001/65
	72		80			/font/5001/74
	78		86			/font/5001/61
rect	12	252	120	264	000000
line	12	263	12	252	007fff
		252	119		
	119			263	00488f
		263	12		
rect	13	253	119	263	0060c0
tint	15	252	23	265	000000	/font/5001/54
	21		29			/font/5001/41
	27		35			/font/5001/52
	33		41			/font/5001/47
	39		47			/font/5001/45
	45		53			/font/5001/54
rect	12	264	120	276	000000
tint	15	264	23	277	7fff7f	/font/5001/50
	21		29			/font/5001/72
	27		35			/font/5001/6f
	33		41			/font/5001/78
	39		47			/font/5001/69
	45		53			/font/5001/6d
	51		59			/font/5001/61
	57		65			/font/5001/20
	63		71			/font/5001/42
	69		77			/font/5001/65
	75		83			/font/5001/74
	81		89			/font/5001/61
rect	14	276	36	298	000000
draw	16	278	34	296	/sprites/1021.SMIV/0
line	14	276	35	276	489048
			14	277	
	35		35		
	14	297		297	
			14	296	
	35		35		
rect	40	276	51	298	000000
	53		64		
	69		120	288	
		288		300	
	12	300		312	
