point	449	306	b0b0b0
	310	273	808080
	485	347	b0b0b0
	232	239	
	322	437	
	584	118	
	386	99	d0d0d0
	132	209	
	503	192	b0b0b0
	469	206	d0d0d0
	568	62	808080
	326	305	
	316	241	
	326	9	b0b0b0
	566	78	
	480	24	808080
	572	0	d0d0d0
	281	279	b0b0b0
	215	421	
	259	277	d0d0d0
	367	66	
	335	112	
	552	373	808080
	531	50	d0d0d0
	162	93	
	399	20	
	183	365	808080
	425	437	d0d0d0
	277	40	808080
	195	313	b0b0b0
	162	12	808080
	467	173	
	460	209	
	221	394	
	184	458	d0d0d0
	305	300	b0b0b0
	151	417	808080
	474	267	
	277	89	d0d0d0
	152	453	808080
	378	476	
	569	14	d0d0d0
	448	276	b0b0b0
	417	107	d0d0d0
	135	211	808080
	331	389	
	464	420	b0b0b0
	246	264	
	283	275	
	298	339	d0d0d0
	577	412	808080
	232	67	
	341	369	b0b0b0
	285	348	
	464	128	808080
	574	4	d0d0d0
	540	148	808080
	278	270	
	521	350	b0b0b0
	503	374	d0d0d0
	293	474	808080
	176	389	b0b0b0
	411	86	
	256	97	
	483	14	d0d0d0
	349	288	808080
	584	17	
	181	374	
	201	143	
	184	97	b0b0b0
	291	17	d0d0d0
	554	187	808080
	274	225	d0d0d0
	181	58	b0b0b0
	475	301	808080
	163	63	d0d0d0
	247	109	b0b0b0
	353	184	
	499	156	808080
	145	335	
	412	164	
	437	356	d0d0d0
	321	427	
	225	388	808080
	149	263	
	133	470	
	532	457	b0b0b0
	566	347	808080
	427	423	b0b0b0
	444	155	
	493	25	808080
	492	273	
	363	152	d0d0d0
	538	107	
	358	33	808080
	208	452	
	269	291	b0b0b0
	432	140	
	486	22	808080
	247	420	d0d0d0
	288	181	b0b0b0
	429	249	808080
	165	242	b0b0b0
	476	463	
	534	398	808080
	539	41	
	546	108	b0b0b0
	148	0	808080
	478	416	b0b0b0
	326	69	
	234	466	808080
	372	28	
	605	459	d0d0d0
	553	26	808080
	332	425	
	303	235	
	363	397	
	311	393	
	497	438	b0b0b0
	277	219	
	606	352	808080
	287	356	
	494	327	
	284	154	
	480	57	b0b0b0
line	217	0	217	480	000050
	345		345		005000
	473		473		000050
	601		601		
	128	125	608	125	
		253		253	
		381		381	
draw	160	257	192	289	/sprites/1021.SMIV/0
	172	270	184	277	/sprites/587.SMIV/20
	362	235	376	245	/sprites/652.SMIV/15
	211	278	226	285	/sprites/652.SMIV/19
	183	342	187	346	/sprites/651.SMIV/23
	207	277	222	284	/sprites/652.SMIV/19
	203		218		
	148	168	152	172	/sprites/651.SMIV/11
	169	237	178	248	/sprites/652.SMIV/11
	166	292	170	296	/sprites/651.SMIV/1
	185	305	189	309	/sprites/651.SMIV/23
	179	267	184	271	/sprites/651.SMIV/14
	173	277	183	288	/sprites/652.SMIV/23
	178	273	187	284	/sprites/652.SMIV/13
	123	243	129	246	/sprites/651.SMIV/8
	149	238	163	248	/sprites/652.SMIV/9
	176	273	190	283	/sprites/652.SMIV/3
	171	292	175	296	/sprites/651.SMIV/1
	146	286	152	289	/sprites/651.SMIV/4
	188	344	192	348	/sprites/651.SMIV/23
dither	149	297	204	314	303000
tint	153	301	161	313	000000	/font/5000/46
	160		168			/font/5000/69
	167		175			/font/5000/67
	174		182			/font/5000/68
	181		189			/font/5000/74
	188		196			/font/5000/65
	195		203			/font/5000/72
	152	300	160	312	ffff00	/font/5000/46
	159		167			/font/5000/69
	166		174			/font/5000/67
	173		181			/font/5000/68
	180		188			/font/5000/74
	187		195			/font/5000/65
	194		202			/font/5000/72
dither	176	253	266	270	001830
tint	180	257	188	269	000000	/font/5000/50
	187		195			/font/5000/72
	194		202			/font/5000/6f
	201		209			/font/5000/78
	208		216			/font/5000/69
	215		223			/font/5000/6d
	222		230			/font/5000/61
	229		237			/font/5000/20
	236		244			/font/5000/42
	243		251			/font/5000/65
	250		258			/font/5000/74
	257		265			/font/5000/61
	179	256	187	268	007fff	/font/5000/50
	186		194			/font/5000/72
	193		201			/font/5000/6f
	200		208			/font/5000/78
	207		215			/font/5000/69
	214		222			/font/5000/6d
	221		229			/font/5000/61
	228		236			/font/5000/20
	235		243			/font/5000/42
	242		250			/font/5000/65
	249		257			/font/5000/74
	256		264			/font/5000/61
dither	200	50	346	67	300018
tint	204	54	212	66	000000	/font/5000/57
	211		219			/font/5000/41
	218		226			/font/5000/52
	225		233			/font/5000/4e
	232		240			/font/5000/49
	239		247			/font/5000/4e
	246		254			/font/5000/47
	253		261			/font/5000/3a
	260		268			/font/5000/20
	267		275			/font/5000/53
	274		282			/font/5000/68
	281		289			/font/5000/69
	288		296			/font/5000/65
	295		303			/font/5000/6c
	302		310			/font/5000/64
	309		317			/font/5000/73
	316		324			/font/5000/20
	323		331			/font/5000/4c
	330		338			/font/5000/6f
	337		345			/font/5000/77
	203	53	211	65	ff007f	/font/5000/57
	210		218			/font/5000/41
	217		225			/font/5000/52
	224		232			/font/5000/4e
	231		239			/font/5000/49
	238		246			/font/5000/4e
	245		253			/font/5000/47
	252		260			/font/5000/3a
	259		267			/font/5000/20
	266		274			/font/5000/53
	273		281			/font/5000/68
	280		288			/font/5000/69
	287		295			/font/5000/65
	294		302			/font/5000/6c
	301		309			/font/5000/64
	308		316			/font/5000/73
	315		323			/font/5000/20
	322		330			/font/5000/4c
	329		337			/font/5000/6f
	336		344			/font/5000/77
line	218	370	233	368	489048
			223	355	
	233	368			204020
draw	0	0	128	480	/pictures/501.png
	608		640		/pictures/512.png
tint	29	159	37	172	ff0000	/font/5001/34
	35		43			/font/5001/32
	41		49			/font/5001/33
line	614	446	614	359	00488f
		359	622		
	622			446	002850
		446	614		
rect	615	360	622	446	003870
line	614	456	614	447	007fff
		447	622		
	622			456	00488f
		456	614		
rect	615	448	622	456	0070e0
line	614	231	614	231	909048
			622		
	622				505028
			614		
	614	328		232	ffff7f
		232	622		
	622			328	909048
		328	614		
rect	615	233	622	328	e0e070
line	614	128	614	103	904848
		103	622		
	622			128	502828
		128	614		
rect	615	104	622	128	703838
line	614	200	614	129	ff7f7f
		129	622		
	622			200	904848
		200	614		
rect	615	130	622	200	e07070
line	618	8	629	8	90488f
			618	9	
	629		629		
	618	36		36	
			618	35	
	629		629		
rect	620	10	628	35	703870
		35			c060c0
	634	49	636	52	7fff7f
		53		56	60c060
		57		60	
		61		64	
		65		68	703800
		69		72	904800
		73		76	703800
		77		80	
		81		84	
		85		88	
		89		92	904800
		93		96	183018
		97		100	
		101		104	
		105		108	
		109		112	
		113		116	
		117		120	
		121		124	
		125		128	
		129		132	
		133		136	
		137		140	
		141		144	
		145		148	
		149		152	
		153		156	
		157		160	
		161		164	
		165		168	
		169		172	
		173		176	
		177		180	
		181		184	
		185		188	
		189		192	
		193		196	
		197		200	
		201		204	
		205		208	
		209		212	
		213		216	
		217		220	
		221		224	
		225		228	
		229		232	
		233		236	
		237		240	
		241		244	
		245		248	
		249		252	
		253		256	
		257		260	
		261		264	
		265		268	
		269		272	
		273		276	
		277		280	
		281		284	
		285		288	
		289		292	
		293		296	
		297		300	
		301		304	
		305		308	
		309		312	
		313		316	
		317		320	
		321		324	
		325		328	
		329		332	
		333		336	
		337		340	
		341		344	
		345		348	
		349		352	
		353		356	
		357		360	
		361		364	
		365		368	
		369		372	
		373		376	
		377		380	
		381		384	
		385		388	
		389		392	
		393		396	
		397		400	
		401		404	
		405		408	
		409		412	
		413		416	
		417		420	
		421		424	
		425		428	
		429		432	
		433		436	
		437		440	
		441		444	
		445		448	
	621	52	631	56	303000
		57		61	
		62		66	
		67		71	
		72		76	
		77		81	
		82		86	
	7	7	115	115	00ff00
	8	8	114	114	001000
	42	42	80	80	003000
point	46	63	00e000
	49	64	
	47	69	
	46	63	
		61	
	47	64	
	46		
	49		
	46	65	
	45	61	
	47	66	
		69	
	42	61	
	68	86	
	76	82	
	47	63	
	44	56	
	46	65	
	49	64	
	47	63	
	44	64	
rect	12	320	121	440	001000
tint	15	320	23	333	00ff00	/font/5001/42
	21		29			/font/5001/55
	27		35			/font/5001/49
	33		41			/font/5001/4c
	39		47			/font/5001/44
	45		53			/font/5001/20
	51		59			/font/5001/53
	57		65			/font/5001/48
	63		71			/font/5001/49
	69		77			/font/5001/50
	75		83			/font/5001/53
line	12	342	119	342	009000
tint	15	332	23	345	00ff00	/font/5001/50
	21		29			/font/5001/72
	27		35			/font/5001/6f
	33		41			/font/5001/78
	39		47			/font/5001/69
	45		53			/font/5001/6d
	51		59			/font/5001/61
	57		65			/font/5001/20
	63		71			/font/5001/41
	69		77			/font/5001/6c
	75		83			/font/5001/70
	81		89			/font/5001/68
	87		95			/font/5001/61
	15	344	23	357		/font/5001/46
	21		29			/font/5001/69
	27		35			/font/5001/67
	33		41			/font/5001/68
	39		47			/font/5001/74
	45		53			/font/5001/65
	51		59			/font/5001/72
	15	356	23	369	009000	/font/5001/43
	21		29			/font/5001/72
	27		35			/font/5001/75
	33		41			/font/5001/69
	39		47			/font/5001/73
	45		53			/font/5001/65
	51		59			/font/5001/72
line	12	379	12	368	009000
		368	120		
	120			379	005000
		379	12		
rect	13	369	120	379	007000
tint	15	368	23	381	003000	/font/5001/47
	21		29			/font/5001/75
	27		35			/font/5001/6e
	33		41			/font/5001/73
	39		47			/font/5001/68
	45		53			/font/5001/69
	51		59			/font/5001/70
	15	380	23	393	00ff00	/font/5001/54
	21		29			/font/5001/72
	27		35			/font/5001/61
	33		41			/font/5001/6e
	39		47			/font/5001/73
	45		53			/font/5001/70
	51		59			/font/5001/6f
	57		65			/font/5001/72
	63		71			/font/5001/74
line	12	438	119	438	009000
rect	16	450	114	475	001010
line	17	461	17	450	00c0c0
		450	43		
	43			461	007070
		461	17		
rect	18	451	43	461	009090
tint	19	450	27	463	00ffff	/font/5001/52
	25		33			/font/5001/47
	31		39			/font/5001/48
	37		45			/font/5001/54
	43		51			/font/5001/20
	49		57			/font/5001/42
	55		63			/font/5001/75
	61		69			/font/5001/69
	67		75			/font/5001/6c
	73		81			/font/5001/64
line	17	473	17	462	00c0c0
		462	43		
	43			473	007070
		473	17		
rect	18	463	43	473	009090
tint	19	462	27	475	00ffff	/font/5001/4c
	25		33			/font/5001/45
	31		39			/font/5001/46
	37		45			/font/5001/54
	43		51			/font/5001/20
	49		57			/font/5001/4d
	55		63			/font/5001/61
	61		69			/font/5001/69
	67		75			/font/5001/6e
	73		81			/font/5001/20
	79		87			/font/5001/4d
	85		93			/font/5001/65
	91		99			/font/5001/6e
	97		105			/font/5001/75
line	12	191	12	180	ffff00
		180	119		
	119			191	909000
		191	12		
rect	13	181	119	191	c0c000
tint	15	180	23	193	000000	/font/5001/43
	21		29			/font/5001/4f
	27		35			/font/5001/4e
	33		41			/font/5001/54
	39		47			/font/5001/52
	45		53			/font/5001/4f
	51		59			/font/5001/4c
	15	192	23	205	7fff7f	/font/5001/46
	21		29			/font/5001/49
	27		35			/font/5001/47
	33		41			/font/5001/48
	39		47			/font/5001/54
	45		53			/font/5001/45
	51		59			/font/5001/52
draw	17	206	33	224	/sprites/651.SMIV/0
line	14	204	35	204	489048
			14	205	
	35		35		
	14	225		225	
			14	224	
	35		35		
rect	42	206	49	206	003870
				224	0060c0
line	40	204	50	204	00488f
			40	205	
	50		50		
	40	225		225	
			40	224	
	50		50		
rect	55	206	62	206	707000
				224	c0c000
line	53	204	63	204	909000
			53	205	
	63		63		
	53	225		225	
			53	224	
	63		63		
tint	69	204	77	217	7fff7f	/font/5001/4c
	75		83			/font/5001/41
	81		89			/font/5001/53
	87		95			/font/5001/45
	93		101			/font/5001/52
	12	228	20	241	ff0000	/font/5001/50
	18		26			/font/5001/72
	24		32			/font/5001/6f
	30		38			/font/5001/78
	36		44			/font/5001/69
	42		50			/font/5001/6d
	48		56			/font/5001/61
	54		62			/font/5001/20
	60		68			/font/5001/42
	66		74			/font/5001/65
	72		80			/font/5001/74
	78		86			/font/5001/61
line	12	263	12	252	007fff
		252	119		
	119			263	00488f
		263	12		
rect	13	253	119	263	0060c0
tint	15	252	23	265	000000	/font/5001/54
	21		29			/font/5001/41
	27		35			/font/5001/52
	33		41			/font/5001/47
	39		47			/font/5001/45
	45		53			/font/5001/54
	15	264	23	277	7fff7f	/font/5001/50
	21		29			/font/5001/72
	27		35			/font/5001/6f
	33		41			/font/5001/78
	39		47			/font/5001/69
	45		53			/font/5001/6d
	51		59			/font/5001/61
	57		65			/font/5001/20
	63		71			/font/5001/42
	69		77			/font/5001/65
	75		83			/font/5001/74
	81		89			/font/5001/61
draw	16	278	34	296	/sprites/1021.SMIV/0
line	14	276	35	276	489048
			14	277	
	35		35		
	14	297		297	
			14	296	
	35		35		
