point	149	174	b0b0b0
	430	267	808080
	204	154	d0d0d0
	412	230	b0b0b0
	502	428	
	232	473	808080
	146	80	d0d0d0
	373	197	
	178	385	808080
	180	121	
	207	161	
	446	299	
	436	234	
	251	268	b0b0b0
	220	473	808080
	600	18	
	428	469	b0b0b0
	461	270	
	395	412	
	499	265	d0d0d0
	607	54	
	575	100	
	223	392	b0b0b0
	251	89	
	402	81	d0d0d0
	152	454	b0b0b0
	303	358	808080
	157	132	
	397	34	
	375	304	b0b0b0
	282	6	808080
	587	167	
	580	203	
	341	388	
	425	446	d0d0d0
	485	291	b0b0b0
	271	410	808080
	594	260	
	518	77	d0d0d0
	271	447	808080
	498	470	
	341	1	b0b0b0
	154	55	d0d0d0
	177	336	
	255	204	808080
	451	383	
	164	445	b0b0b0
	426	255	
	463	266	
	538	327	d0d0d0
	307	187	
	352	61	808080
	520	359	b0b0b0
	465	339	
	584	121	808080
	303	468	d0d0d0
	231	200	
	398	264	808080
	506	475	b0b0b0
	197	408	808080
	413	467	
	356	380	b0b0b0
	591	77	
	435	88	
	148	326	808080
	469	282	
	224	435	
	301	368	
	320	137	
	364	88	b0b0b0
	531	5	d0d0d0
	226	127	b0b0b0
	514	213	d0d0d0
	360	48	b0b0b0
	595	295	808080
	403	51	d0d0d0
	427	100	b0b0b0
	532	175	
	144	268	
	265	329	808080
	532	158	
	180	83	b0b0b0
	561	414	d0d0d0
	345	382	808080
	269	256	
	253	464	
	198	160	
	206	414	
	607		b0b0b0
	149	210	d0d0d0
	134	318	b0b0b0
		179	d0d0d0
	603	140	
	213	80	808080
	477	27	
	328	446	
	449	281	b0b0b0
	132	33	d0d0d0
	605	16	808080
	487	408	d0d0d0
	468	172	b0b0b0
	548	242	808080
	345	233	b0b0b0
	191	51	d0d0d0
	218	12	
	204	431	b0b0b0
	286	60	d0d0d0
	202	473	808080
	177	66	b0b0b0
	505	60	
	354	460	808080
	492	22	
	246	157	
	258	49	d0d0d0
	451	418	808080
	423	229	
	483	391	
	431	387	
	196	402	b0b0b0
	457	209	
	179	472	d0d0d0
	407	350	808080
	134	292	
	404	148	
	163	197	
rect	202	0	203	481	000050
	330		331		
	458		459		
	586		587		005000
	128	112	609	113	000050
		240		241	
		368		369	
draw	401	244	433	276	/sprites/1021.SMIV/0
	417	261	420	263	/sprites/587.SMIV/20
	365	235	372	246	/sprites/652.SMIV/12
	450	261	465	268	/sprites/652.SMIV/19
	416	240	420	244	/sprites/651.SMIV/12
	448	264	463	271	/sprites/652.SMIV/19
	441	263	456	270	
	433	318	437	322	/sprites/651.SMIV/23
	413	226	420	237	/sprites/652.SMIV/12
	419	258	425	261	/sprites/651.SMIV/17
	417	288	421	292	/sprites/651.SMIV/0
	428	295	432	299	/sprites/651.SMIV/23
	416	229	423	240	/sprites/652.SMIV/12
	410	254	425	262	/sprites/652.SMIV/8
	469	293	475	296	/sprites/651.SMIV/20
	392	227	404	238	/sprites/652.SMIV/10
	409	259	424	267	/sprites/652.SMIV/8
	423	245	428	249	/sprites/651.SMIV/14
	369	284	375	287	/sprites/651.SMIV/4
	412	241	417	245	/sprites/651.SMIV/14
dither	372	295	427	312	303000
crop	376	299	383	310	48	44	000000	/fonts/tactical
	383		390		72	66		
	390		397		56			
	397		404		64			
	404		411		32	77		
	411		418		40	66		
	418		425		16	77		
	375	298	382	309	48	44	ffff00	
	382		389		72	66		
	389		396		56			
	396		403		64			
	403		410		32	77		
	410		417		40	66		
	417		424		16	77		
dither	417	240	507	257	001830
crop	421	244	428	255	0	55	000000	/fonts/tactical
	428		435		16	77		
	435		442		120	66		
	442		449		64	77		
	449		456		72	66		
	456		463		104			
	463		470		8			
	470		477		0	22		
	477		484		16	44		
	484		491		40	66		
	491		498		32	77		
	498		505		8	66		
	420	243	427	254	0	55	007fff	
	427		434		16	77		
	434		441		120	66		
	441		448		64	77		
	448		455		72	66		
	455		462		104			
	462		469		8			
	469		476		0	22		
	476		483		16	44		
	483		490		40	66		
	490		497		32	77		
	497		504		8	66		
dither	200	50	346	67	300018
crop	204	54	211	65	56	55	000000	/fonts/tactical
	211		218		8	44		
	218		225		16	55		
	225		232		112	44		
	232		239		72			
	239		246		112			
	246		253		56			
	253		260		80	33		
	260		267		0	22		
	267		274		24	55		
	274		281		64	66		
	281		288		72			
	288		295		40			
	295		302		96			
	302		309		32			
	309		316		24	77		
	316		323		0	22		
	323		330		96	44		
	330		337		120	66		
	337		344		56	77		
	203	53	210	64		55	ff007f	
	210		217		8	44		
	217		224		16	55		
	224		231		112	44		
	231		238		72			
	238		245		112			
	245		252		56			
	252		259		80	33		
	259		266		0	22		
	266		273		24	55		
	273		280		64	66		
	280		287		72			
	287		294		40			
	294		301		96			
	301		308		32			
	308		315		24	77		
	315		322		0	22		
	322		329		96	44		
	329		336		120	66		
	336		343		56	77		
line	388	438	394	424	489048
			379	426	
	394	424			204020
draw	0	0	128	480	/pictures/501.png
	608		640		/pictures/512.png
crop	29	159	35	171	32	36	ff0000	/fonts/computer
	35		41		16			
	41		47		24			
rect	614	359	615	447	00488f
			623	360	
	622			447	002850
	614	446			
	615	360	622	446	003870
	614	447	615	457	007fff
			623	448	
	622			457	00488f
	614	456			
	615	448	622	456	0070e0
	614	231	615	232	909048
			623		
	622				505028
	614				
		232	615	329	ffff7f
			623	233	
	622			329	909048
	614	328			
	615	233	622	328	e0e070
	614	103	615	130	904848
			623	104	
	622			130	502828
	614	129			
	615	104	622	129	703838
	614	130	615	201	ff7f7f
			623	131	
	622			201	904848
	614	200			
	615	131	622	200	e07070
	618	8	630	9	90488f
			619	10	
	629		630		
	618	36		37	
		35	619		
	629		630		
	620	10	628	35	703870
		35			c060c0
	634	49	636	52	7fff7f
		53		56	60c060
		57		60	
		61		64	
		65		68	703800
		69		72	904800
		73		76	703800
		77		80	
		81		84	
		85		88	
		89		92	904800
		93		96	183018
		97		100	
		101		104	
		105		108	
		109		112	
		113		116	
		117		120	
		121		124	
		125		128	
		129		132	
		133		136	
		137		140	
		141		144	
		145		148	
		149		152	
		153		156	
		157		160	
		161		164	
		165		168	
		169		172	
		173		176	
		177		180	
		181		184	
		185		188	
		189		192	
		193		196	
		197		200	
		201		204	
		205		208	
		209		212	
		213		216	
		217		220	
		221		224	
		225		228	
		229		232	
		233		236	
		237		240	
		241		244	
		245		248	
		249		252	
		253		256	
		257		260	
		261		264	
		265		268	
		269		272	
		273		276	
		277		280	
		281		284	
		285		288	
		289		292	
		293		296	
		297		300	
		301		304	
		305		308	
		309		312	
		313		316	
		317		320	
		321		324	
		325		328	
		329		332	
		333		336	
		337		340	
		341		344	
		345		348	
		349		352	
		353		356	
		357		360	
		361		364	
		365		368	
		369		372	
		373		376	
		377		380	
		381		384	
		385		388	
		389		392	
		393		396	
		397		400	
		401		404	
		405		408	
		409		412	
		413		416	
		417		420	
		421		424	
		425		428	
		429		432	
		433		436	
		437		440	
		441		444	
		445		448	
	621	52	631	56	303000
		57		61	
		62		66	
		67		71	
		72		76	
		77		81	
		82		86	
	7	7	115	115	00ff00
	8	8	114	114	001000
	42	42	80	80	003000
point	64	62	00e000
	68		
	64	61	
		62	
		61	
		62	
	65	61	
	67	63	
	65	62	
	63	61	
	65	65	
		61	
	69	65	
	81	82	
	88	78	
	64	62	
	66	67	
	65	61	
	67	63	
	65	65	
	61	64	
rect	12	320	121	440	001000
		342	120	343	009000
		368	13	380	
			121	369	
	120			380	005000
	12	379			
	13	369	120	379	007000
	12	438		439	009000
	16	450	114	475	001010
	17		18	462	00c0c0
			44	451	
	43			462	007070
	17	461			
	18	451	43	461	009090
	17	462	18	474	00c0c0
			44	463	
	43			474	007070
	17	473			
	18	463	43	473	009090
crop	15	320	21	332	16	48	00ff00	/fonts/computer
	21		27		40	60		
	27		33		72	48		
	33		39		96			
	39		45		32			
	45		51		0	24		
	51		57		24	60		
	57		63		64	48		
	63		69		72			
	69		75		0	60		
	75		81		24			
	15	332	21	344	0			
	21		27		16	84		
	27		33		120	72		
	33		39		64	84		
	39		45		72	72		
	45		51		104			
	51		57		8			
	57		63		0	24		
	63		69		8	48		
	69		75		96	72		
	75		81		0	84		
	81		87		64	72		
	87		93		8			
	15	344	21	356	48	48		
	21		27		72	72		
	27		33		56			
	33		39		64			
	39		45		32	84		
	45		51		40	72		
	51		57		16	84		
	15	356	21	368	24	48	009000	
	21		27		16	84		
	27		33		40			
	33		39		72	72		
	39		45		24	84		
	45		51		40	72		
	51		57		16	84		
	15	368	21	380	56	48	003000	
	21		27		40	84		
	27		33		112	72		
	33		39		24	84		
	39		45		64	72		
	45		51		72			
	51		57		0	84		
	15	380	21	392	32	60	00ff00	
	21		27		16	84		
	27		33		8	72		
	33		39		112			
	39		45		24	84		
	45		51		0			
	51		57		120	72		
	57		63		16	84		
	63		69		32			
	19	450	25	462	16	60	00ffff	
	25		31		56	48		
	31		37		64			
	37		43		32	60		
	43		49		0	24		
	49		55		16	48		
	55		61		40	84		
	61		67		72	72		
	67		73		96			
	73		79		32			
	19	462	25	474	96	48		
	25		31		40			
	31		37		48			
	37		43		32	60		
	43		49		0	24		
	49		55		104	48		
	55		61		8	72		
	61		67		72			
	67		73		112			
	73		79		0	24		
	79		85		104	48		
	85		91		40	72		
	91		97		112			
	97		103		40	84		
rect	12	180	13	192	ffff00
			121	181	
	120			192	909000
	12	191			
	13	181	120	191	c0c000
crop	15	180	21	192	24	48	000000	/fonts/computer
	21		27		120			
	27		33		112			
	33		39		32	60		
	39		45		16			
	45		51		120	48		
	51		57		96			
	15	192	21	204	48		7fff7f	
	21		27		72			
	27		33		56			
	33		39		64			
	39		45		32	60		
	45		51		40	48		
	51		57		16	60		
draw	17	206	33	224	/sprites/651.SMIV/0
rect	14	204	36	205	489048
			15	206	
	35		36		
	14	225		226	
		224	15		
	35		36		
	42	206	49	206	003870
				224	0060c0
	40	204	51	205	00488f
			41	206	
	50		51		
	40	225		226	
		224	41		
	50		51		
	55	206	62	206	707000
				224	c0c000
	53	204	64	205	909000
			54	206	
	63		64		
	53	225		226	
		224	54		
	63		64		
crop	69	204	75	216	96	48	7fff7f	/fonts/computer
	75		81		8			
	81		87		24	60		
	87		93		40	48		
	93		99		16	60		
	12	228	18	240	0		ff0000	
	18		24		16	84		
	24		30		120	72		
	30		36		64	84		
	36		42		72	72		
	42		48		104			
	48		54		8			
	54		60		0	24		
	60		66		16	48		
	66		72		40	72		
	72		78		32	84		
	78		84		8	72		
rect	12	252	13	264	007fff
			121	253	
	120			264	00488f
	12	263			
	13	253	120	263	0060c0
crop	15	252	21	264	32	60	000000	/fonts/computer
	21		27		8	48		
	27		33		16	60		
	33		39		56	48		
	39		45		40			
	45		51		32	60		
	15	264	21	276	0		7fff7f	
	21		27		16	84		
	27		33		120	72		
	33		39		64	84		
	39		45		72	72		
	45		51		104			
	51		57		8			
	57		63		0	24		
	63		69		16	48		
	69		75		40	72		
	75		81		32	84		
	81		87		8	72		
draw	16	278	34	296	/sprites/1021.SMIV/0
rect	14	276	36	277	489048
			15	278	
	35		36		
	14	297		298	
		296	15		
	35		36		
