point	571	399	d0d0d0
	398	194	808080
	140	8	d0d0d0
	364	121	b0b0b0
	454	318	
	200	400	808080
	503	430	b0b0b0
	309	51	d0d0d0
	146	312	808080
	148	48	
	175	88	
	414	226	
	404	161	
	203	158	b0b0b0
	188	400	808080
	553	372	d0d0d0
	380	360	b0b0b0
	413	161	
	347	302	
	435	119	d0d0d0
	316	461	808080
	604	458	
	175	282	b0b0b0
	321	452	d0d0d0
	521	414	
	583	163	b0b0b0
	271	285	808080
	603	234	b0b0b0
	516	421	
	326	195	
	136	346	d0d0d0
	555	94	808080
	548	130	
	309	315	
	361	300	d0d0d0
	437	181	b0b0b0
	239	337	808080
	562	187	
	252	444	
	239	374	
	466	397	
	212	370	b0b0b0
	483	388	d0d0d0
	596	0	b0b0b0
	223	131	808080
	419	310	
	591	19	d0d0d0
	378	145	b0b0b0
	415	157	
	474	181	d0d0d0
	242	40	
	302	460	b0b0b0
	472	250	
	417	230	
	552	48	808080
	239	322	d0d0d0
	167	53	
	366	191	808080
	458	366	b0b0b0
	165	335	808080
	381	394	
	308	270	b0b0b0
	563	157	808080
	557	451	d0d0d0
	585	397	
	437	209	808080
	192	362	
	269	295	
	288	64	
	550	450	d0d0d0
	233	372	b0b0b0
	178	17	
	450	67	d0d0d0
	205	438	808080
	563	222	
	588	233	
	343	472	
	484	65	b0b0b0
	565	20	d0d0d0
	233	256	808080
	500	85	
	434	443	d0d0d0
	497	268	
	313	309	808080
	237	183	
	221	391	
	166	87	
	174	341	
	573	223	
	585	368	
	579	281	
	564	164	b0b0b0
	540	177	d0d0d0
	181	7	808080
	250	432	
	296	373	
	401	172	b0b0b0
	466	366	d0d0d0
	555	213	b0b0b0
	423	262	d0d0d0
	420	63	b0b0b0
	517	169	808080
	296	123	b0b0b0
	263	407	
	159	345	d0d0d0
	156	322	b0b0b0
	228	414	
	170	400	808080
	378	449	
	371	446	
	322	387	
	430	377	d0d0d0
	214	84	808080
	596	168	
	419	345	
	391	156	
	451	318	
	399	314	
	148	292	b0b0b0
	409	100	
	600	0	808080
	375	277	
	568	33	b0b0b0
	372	75	808080
	131	124	
line	136	0	136	480	000050
	264		264		
	392		392		
	520		520		005000
	128	94	608	94	000050
		222		222	
		350		350	005000
		478		478	000050
draw	335	98	367	130	/sprites/1021.SMIV/0
	363	236	372	247	/sprites/652.SMIV/1
	384	115	399	122	/sprites/652.SMIV/19
	364	76	368	80	/sprites/651.SMIV/13
	382	118	397	125	/sprites/652.SMIV/19
	375	116	390	123	
	341	97	346	101	/sprites/651.SMIV/10
	347	80	354	91	/sprites/652.SMIV/12
	349	111	355	115	/sprites/651.SMIV/3
	350	141	354	145	/sprites/651.SMIV/0
	358	131	362	135	/sprites/651.SMIV/23
	345	95	357	106	/sprites/652.SMIV/10
	344	109	359	117	/sprites/652.SMIV/8
	356	118	362	122	/sprites/651.SMIV/15
	327	81	339	92	/sprites/652.SMIV/10
	407	212	451	243	/sprites/649.SMIV/21
	449	192	499	217	/sprites/649.SMIV/20
	344	110	359	118	/sprites/652.SMIV/8
	342	123	348	126	/sprites/651.SMIV/4
	305	142	311	145	
	340	63	344	67	/sprites/651.SMIV/11
dither	308	153	363	170	303000
tint	312	157	320	169	000000	/font/5000/46
	319		327			/font/5000/69
	326		334			/font/5000/67
	333		341			/font/5000/68
	340		348			/font/5000/74
	347		355			/font/5000/65
	354		362			/font/5000/72
	311	156	319	168	ffff00	/font/5000/46
	318		326			/font/5000/69
	325		333			/font/5000/67
	332		340			/font/5000/68
	339		347			/font/5000/74
	346		354			/font/5000/65
	353		361			/font/5000/72
dither	351	94	441	111	001830
tint	355	98	363	110	000000	/font/5000/50
	362		370			/font/5000/72
	369		377			/font/5000/6f
	376		384			/font/5000/78
	383		391			/font/5000/69
	390		398			/font/5000/6d
	397		405			/font/5000/61
	404		412			/font/5000/20
	411		419			/font/5000/42
	418		426			/font/5000/65
	425		433			/font/5000/74
	432		440			/font/5000/61
	354	97	362	109	007fff	/font/5000/50
	361		369			/font/5000/72
	368		376			/font/5000/6f
	375		383			/font/5000/78
	382		390			/font/5000/69
	389		397			/font/5000/6d
	396		404			/font/5000/61
	403		411			/font/5000/20
	410		418			/font/5000/42
	417		425			/font/5000/65
	424		432			/font/5000/74
	431		439			/font/5000/61
dither	200	50	346	67	300018
tint	204	54	212	66	000000	/font/5000/57
	211		219			/font/5000/41
	218		226			/font/5000/52
	225		233			/font/5000/4e
	232		240			/font/5000/49
	239		247			/font/5000/4e
	246		254			/font/5000/47
	253		261			/font/5000/3a
	260		268			/font/5000/20
	267		275			/font/5000/53
	274		282			/font/5000/68
	281		289			/font/5000/69
	288		296			/font/5000/65
	295		303			/font/5000/6c
	302		310			/font/5000/64
	309		317			/font/5000/73
	316		324			/font/5000/20
	323		331			/font/5000/4c
	330		338			/font/5000/6f
	337		345			/font/5000/77
	203	53	211	65	ff007f	/font/5000/57
	210		218			/font/5000/41
	217		225			/font/5000/52
	224		232			/font/5000/4e
	231		239			/font/5000/49
	238		246			/font/5000/4e
	245		253			/font/5000/47
	252		260			/font/5000/3a
	259		267			/font/5000/20
	266		274			/font/5000/53
	273		281			/font/5000/68
	280		288			/font/5000/69
	287		295			/font/5000/65
	294		302			/font/5000/6c
	301		309			/font/5000/64
	308		316			/font/5000/73
	315		323			/font/5000/20
	322		330			/font/5000/4c
	329		337			/font/5000/6f
	336		344			/font/5000/77
line	422	48	411	59	489048
			425	63	
	411	59			204020
draw	0	0	128	480	/pictures/501.png
	608		640		/pictures/512.png
tint	29	159	37	172	ff0000	/font/5001/34
	35		43			/font/5001/32
	41		49			/font/5001/33
line	614	445	614	359	00488f
		359	622		
	622			445	002850
		445	614		
rect	615	360	622	445	003870
line	614	456	614	446	007fff
		446	622		
	622			456	00488f
		456	614		
rect	615	447	622	456	0070e0
line	614	231	614	231	909048
			622		
	622				505028
			614		
	614	328		232	ffff7f
		232	622		
	622			328	909048
		328	614		
rect	615	233	622	328	e0e070
line	614	130	614	103	904848
		103	622		
	622			130	502828
		130	614		
rect	615	104	622	130	703838
line	614	200	614	131	ff7f7f
		131	622		
	622			200	904848
		200	614		
rect	615	132	622	200	e07070
line	618	8	629	8	90488f
			618	9	
	629		629		
	618	36		36	
			618	35	
	629		629		
rect	620	10	628	35	703870
		35			c060c0
	634	49	636	52	7fff7f
		53		56	60c060
		57		60	
		61		64	
		65		68	
		69		72	904800
		73		76	703800
		77		80	
		81		84	
		85		88	
		89		92	904800
		93		96	183018
		97		100	
		101		104	
		105		108	
		109		112	
		113		116	
		117		120	
		121		124	
		125		128	
		129		132	
		133		136	
		137		140	
		141		144	
		145		148	
		149		152	
		153		156	
		157		160	
		161		164	
		165		168	
		169		172	
		173		176	
		177		180	
		181		184	
		185		188	
		189		192	
		193		196	
		197		200	
		201		204	
		205		208	
		209		212	
		213		216	
		217		220	
		221		224	
		225		228	
		229		232	
		233		236	
		237		240	
		241		244	
		245		248	
		249		252	
		253		256	
		257		260	
		261		264	
		265		268	
		269		272	
		273		276	
		277		280	
		281		284	
		285		288	
		289		292	
		293		296	
		297		300	
		301		304	
		305		308	
		309		312	
		313		316	
		317		320	
		321		324	
		325		328	
		329		332	
		333		336	
		337		340	
		341		344	
		345		348	
		349		352	
		353		356	
		357		360	
		361		364	
		365		368	
		369		372	
		373		376	
		377		380	
		381		384	
		385		388	
		389		392	
		393		396	
		397		400	
		401		404	
		405		408	
		409		412	
		413		416	
		417		420	
		421		424	
		425		428	
		429		432	
		433		436	
		437		440	
		441		444	
		445		448	
	621	52	631	56	303000
		57		61	
		62		66	
		67		71	
		72		76	
		77		81	
		82		86	
	7	7	115	115	00ff00
	8	8	114	114	001000
	42	42	80	80	003000
point	60	51	00e000
	62	52	
	59	48	
	60	49	
		51	
		50	
	62	52	
	60	51	
	59	49	
	60	54	
	61	49	
		52	
	65	61	
	69	59	
	60	51	
		50	
		52	
	62		
	61	53	
	57	54	
rect	12	320	121	440	001000
tint	15	320	23	333	00ff00	/font/5001/42
	21		29			/font/5001/55
	27		35			/font/5001/49
	33		41			/font/5001/4c
	39		47			/font/5001/44
	45		53			/font/5001/20
	51		59			/font/5001/53
	57		65			/font/5001/48
	63		71			/font/5001/49
	69		77			/font/5001/50
	75		83			/font/5001/53
line	12	342	119	342	009000
tint	15	332	23	345	00ff00	/font/5001/50
	21		29			/font/5001/72
	27		35			/font/5001/6f
	33		41			/font/5001/78
	39		47			/font/5001/69
	45		53			/font/5001/6d
	51		59			/font/5001/61
	57		65			/font/5001/20
	63		71			/font/5001/41
	69		77			/font/5001/6c
	75		83			/font/5001/70
	81		89			/font/5001/68
	87		95			/font/5001/61
	15	344	23	357		/font/5001/46
	21		29			/font/5001/69
	27		35			/font/5001/67
	33		41			/font/5001/68
	39		47			/font/5001/74
	45		53			/font/5001/65
	51		59			/font/5001/72
	15	356	23	369		/font/5001/43
	21		29			/font/5001/72
	27		35			/font/5001/75
	33		41			/font/5001/69
	39		47			/font/5001/73
	45		53			/font/5001/65
	51		59			/font/5001/72
line	12	379	12	368	009000
		368	120		
	120			379	005000
		379	12		
rect	13	369	120	379	007000
tint	15	368	23	381	003000	/font/5001/47
	21		29			/font/5001/75
	27		35			/font/5001/6e
	33		41			/font/5001/73
	39		47			/font/5001/68
	45		53			/font/5001/69
	51		59			/font/5001/70
	15	380	23	393	00ff00	/font/5001/54
	21		29			/font/5001/72
	27		35			/font/5001/61
	33		41			/font/5001/6e
	39		47			/font/5001/73
	45		53			/font/5001/70
	51		59			/font/5001/6f
	57		65			/font/5001/72
	63		71			/font/5001/74
line	12	438	119	438	009000
rect	16	450	114	475	001010
line	17	461	17	450	00c0c0
		450	43		
	43			461	007070
		461	17		
rect	18	451	43	461	009090
tint	19	450	27	463	00ffff	/font/5001/52
	25		33			/font/5001/47
	31		39			/font/5001/48
	37		45			/font/5001/54
	43		51			/font/5001/20
	49		57			/font/5001/42
	55		63			/font/5001/75
	61		69			/font/5001/69
	67		75			/font/5001/6c
	73		81			/font/5001/64
line	17	473	17	462	00c0c0
		462	43		
	43			473	007070
		473	17		
rect	18	463	43	473	009090
tint	19	462	27	475	00ffff	/font/5001/4c
	25		33			/font/5001/45
	31		39			/font/5001/46
	37		45			/font/5001/54
	43		51			/font/5001/20
	49		57			/font/5001/4d
	55		63			/font/5001/61
	61		69			/font/5001/69
	67		75			/font/5001/6e
	73		81			/font/5001/20
	79		87			/font/5001/4d
	85		93			/font/5001/65
	91		99			/font/5001/6e
	97		105			/font/5001/75
line	12	191	12	180	ffff00
		180	120		
	120			191	909000
		191	12		
rect	13	181	120	191	c0c000
tint	15	180	23	193	000000	/font/5001/43
	21		29			/font/5001/4f
	27		35			/font/5001/4e
	33		41			/font/5001/54
	39		47			/font/5001/52
	45		53			/font/5001/4f
	51		59			/font/5001/4c
	15	192	23	205	7fff7f	/font/5001/46
	21		29			/font/5001/49
	27		35			/font/5001/47
	33		41			/font/5001/48
	39		47			/font/5001/54
	45		53			/font/5001/45
	51		59			/font/5001/52
draw	17	206	33	224	/sprites/651.SMIV/0
line	14	204	35	204	489048
			14	205	
	35		35		
	14	225		225	
			14	224	
	35		35		
rect	42	206	49	206	003870
				224	0060c0
line	40	204	50	204	00488f
			40	205	
	50		50		
	40	225		225	
			40	224	
	50		50		
rect	55	206	62	206	707000
				224	c0c000
line	53	204	63	204	909000
			53	205	
	63		63		
	53	225		225	
			53	224	
	63		63		
tint	69	204	77	217	7fff7f	/font/5001/4c
	75		83			/font/5001/41
	81		89			/font/5001/53
	87		95			/font/5001/45
	93		101			/font/5001/52
	12	228	20	241	00ff00	/font/5001/50
	18		26			/font/5001/72
	24		32			/font/5001/6f
	30		38			/font/5001/78
	36		44			/font/5001/69
	42		50			/font/5001/6d
	48		56			/font/5001/61
	54		62			/font/5001/20
	60		68			/font/5001/42
	66		74			/font/5001/65
	72		80			/font/5001/74
	78		86			/font/5001/61
line	12	263	12	252	007fff
		252	120		
	120			263	00488f
		263	12		
rect	13	253	120	263	0060c0
tint	15	252	23	265	000000	/font/5001/54
	21		29			/font/5001/41
	27		35			/font/5001/52
	33		41			/font/5001/47
	39		47			/font/5001/45
	45		53			/font/5001/54
	15	264	23	277	7fff7f	/font/5001/50
	21		29			/font/5001/72
	27		35			/font/5001/6f
	33		41			/font/5001/78
	39		47			/font/5001/69
	45		53			/font/5001/6d
	51		59			/font/5001/61
	57		65			/font/5001/20
	63		71			/font/5001/42
	69		77			/font/5001/65
	75		83			/font/5001/74
	81		89			/font/5001/61
draw	16	278	34	296	/sprites/1021.SMIV/0
line	14	276	35	276	489048
			14	277	
	35		35		
	14	297		297	
			14	296	
	35		35		
