point	354	72	808080
	516	19	
	209	276	
	259	301	d0d0d0
	595	298	b0b0b0
	489	24	
	509	273	
	255	26	808080
	265	24	b0b0b0
	337	157	
	202	365	
	273	172	
	339	200	808080
	522	61	
	181	263	b0b0b0
	437	4	808080
	477	127	
	580	405	d0d0d0
	555	201	b0b0b0
	249	340	d0d0d0
	346	399	808080
	529	344	
	586	100	d0d0d0
	279	173	808080
	407	257	
	313	65	b0b0b0
	266	180	808080
	163	422	
	261	77	
	412	92	
	268	152	
	374	437	d0d0d0
	525	208	
	532	322	b0b0b0
	352	247	808080
	160	171	b0b0b0
	604	231	808080
	356	154	d0d0d0
	555	171	b0b0b0
	318	225	
	449	91	808080
	594	417	
	516	159	
	486	434	b0b0b0
	231	411	
	267	457	808080
	325	40	
	535	339	
	202	276	
	489	288	d0d0d0
	524	151	808080
	333	164	
	134	-1	
	214	0	
	210	37	b0b0b0
	410	127	d0d0d0
	494	102	b0b0b0
	318	120	808080
	407	335	
	127	394	
	452	334	d0d0d0
	172	460	b0b0b0
	522	347	
	263	43	
	352	329	808080
	214	158	
	255	286	
	164	317	d0d0d0
	455	128	808080
	291	280	
	151	256	b0b0b0
	436	53	
	255	277	808080
	241	131	d0d0d0
	373	220	808080
	393	461	d0d0d0
	313	388	808080
	551	270	
	131	22	d0d0d0
	494	346	808080
	273	286	b0b0b0
	474	240	d0d0d0
	155	1	808080
	176	142	
	409	255	
	286	381	b0b0b0
	351	47	
	366	148	
	422	183	
	555	286	
	546	302	808080
	525	96	
	545	372	b0b0b0
	198	431	
	169	61	808080
	600	433	b0b0b0
	464	131	
	451	239	
	508	200	
	228	34	d0d0d0
	235	342	808080
	435	58	b0b0b0
	333	423	808080
	344	65	
	281	219	b0b0b0
	286	462	808080
	298	397	
	567	196	d0d0d0
	519	168	808080
	572	108	b0b0b0
	556	80	
	581	298	
	407	379	
	559	122	808080
	492	430	b0b0b0
	396	228	808080
	328	153	
	189	80	
	241	78	
	189	16	d0d0d0
	556	466	
	431	132	b0b0b0
	539	157	
	570	210	
	347	211	808080
line	311	0	311	480	000050
	501		501		
	128	103	608	103	
		293		293	
draw	456	230	471	245	/sprites/595.SMIV/0
	360	232	373		/sprites/521.SMIV/10
	396	364	409	375	/sprites/550.SMIV/11
	473	339	486	351	/sprites/550.SMIV/8
	471	306	477	313	/sprites/551.SMIV/11
dither	462	217	510	234	001830
crop	466	221	473	232	24	44	000000	/fonts/tactical
	473		480		40	66		
	480		487		96			
	487		494					
	494		501		0	22		
	501		508		8	33		
	465	220	472	231	24	44	007fff	
	472		479		40	66		
	479		486		96			
	486		493					
	493		500		0	22		
	500		507		8	33		
dither	200	50	262	67	003030
crop	204	54	211	65	8	33	000000	/fonts/tactical
	211		218		80			
	218		225		16			
	225		232		0	22		
	232		239		80	55		
	239		246		120	66		
	246		253					
	253		260		104			
	203	53	210	64	8	33	00ffff	
	210		217		80			
	217		224		16			
	224		231		0	22		
	231		238		80	55		
	238		245		120	66		
	245		252					
	252		259		104			
line	469	410	469	395	489048
			456	403	
		395			204020
draw	0	0	128	480	/pictures/501.png
	608		640		/pictures/512.png
crop	29	159	35	171	8	36	ff0000	/fonts/computer
	35		41		40			
	41		47		0			
	102		108				ff7f00	
	108		114					
	114		120		40			
line	614	456	614	359	007fff
		359	622		
	622			456	00488f
		456	614		
rect	615	360	622	456	0070e0
line	614	237	614	231	909048
		231	622		
	622			237	505028
		237	614		
rect	615	232	622	237	707038
line	614	328	614	238	ffff7f
		238	622		
	622			328	909048
		328	614		
rect	615	239	622	328	e0e070
line	614	104	614	103	904848
		103	622		
	622			104	502828
		104	614		
	614	200		105	ff7f7f
		105	622		
	622			200	904848
		200	614		
rect	615	106	622	200	e07070
	634	49	636	52	7fff7f
		53		56	60c060
		57		60	
		61		64	
		65		68	
		69		72	7fff7f
		73		76	60c060
		77		80	
		81		84	
		85		88	
		89		92	7fff7f
		93		96	60c060
		97		100	
		101		104	
		105		108	
		109		112	7fff7f
		113		116	60c060
		117		120	
		121		124	
		125		128	
		129		132	7fff7f
		133		136	60c060
		137		140	
		141		144	
		145		148	
		149		152	183018
		153		156	
		157		160	
		161		164	
		165		168	
		169		172	
		173		176	
		177		180	
		181		184	
		185		188	
		189		192	
		193		196	
		197		200	
		201		204	
		205		208	
		209		212	
		213		216	
		217		220	
		221		224	
		225		228	
		229		232	
		233		236	
		237		240	
		241		244	
		245		248	
		249		252	
		253		256	
		257		260	
		261		264	
		265		268	
		269		272	
		273		276	
		277		280	
		281		284	
		285		288	
		289		292	
		293		296	
		297		300	
		301		304	
		305		308	
		309		312	
		313		316	
		317		320	
		321		324	
		325		328	
		329		332	
		333		336	
		337		340	
		341		344	
		345		348	
		349		352	
		353		356	
		357		360	
		361		364	
		365		368	
		369		372	
		373		376	
		377		380	
		381		384	
		385		388	
		389		392	
		393		396	
		397		400	
		401		404	
		405		408	
		409		412	
		413		416	
		417		420	
		421		424	
		425		428	
		429		432	
		433		436	
		437		440	
		441		444	
		445		448	
	621	52	631	56	303000
		57		61	
		62		66	
		67		71	
		72		76	
		77		81	
		82		86	
	7	7	115	115	00ff00
	8	8	114	114	001000
	48	48	74	74	003000
point	66	61	00e000
	63	68	
	67	66	
	66	64	
rect	12	320	121	440	001000
line	12	330	119	330	009000
crop	15	320	21	332	104	48	00ff00	/fonts/computer
	21		27		8			
	27		33		72			
	33		39		112			
	39		45		0	24		
	45		51		104	48		
	51		57		40			
	57		63		112			
	63		69		40	60		
line	12	343	12	332	009000
		332	120		
	120			343	005000
		343	12		
rect	13	333	120	343	007000
crop	15	332	21	344	96	36	00ff00	/fonts/computer
	21		27		16	48		
	27		33		40	84		
	33		39		72	72		
	39		45		96			
	45		51		32			
	51		57		112	36		
	15	344	21	356	96			
	21		27		24	60		
	27		33		0	84		
	33		39		40	72		
	39		45		24			
	45		51		72			
	51		57		8			
	57		63		96			
	63		69		0	24		
	69		75		120	48		
	75		81		16	84		
	81		87		32	72		
	87		93		40			
	93		99		16	84		
	99		105		24			
	105		111		112	36		
	15	356	21	368	96			
	21		27		104	48		
	27		33		40	72		
	33		39		24	84		
	39		45					
	45		51		8	72		
	51		57		56			
	57		63		40			
	63		69		112	36		
	15	368	21	380	96			
	21		27		104	48		
	27		33		72	72		
	33		39		24	84		
	39		45					
	45		51		72	72		
	51		57		120			
	57		63		112			
	63		69		0	24		
	69		75		24	60		
	75		81		32	84		
	81		87		8	72		
	87		93		32	84		
	93		99		40			
	99		105		24			
	105		111		112	36		
line	12	438	119	438	009000
rect	16	450	114	475	001010
line	17	461	17	450	00c0c0
		450	43		
	43			461	007070
		461	17		
rect	18	451	43	461	009090
crop	19	450	25	462	16	60	00ffff	/fonts/computer
	25		31		56	48		
	31		37		64			
	37		43		32	60		
	43		49		0	24		
	49		55		24	60		
	55		61		40	72		
	61		67		96			
	67		73		40			
	73		79		24			
	79		85		32	84		
line	12	191	12	180	ffff00
		180	120		
	120			191	909000
		191	12		
rect	13	181	120	191	c0c000
crop	15	180	21	192	24	48	000000	/fonts/computer
	21		27		120			
	27		33		112			
	33		39		32	60		
	39		45		16			
	45		51		120	48		
	51		57		96			
	15	192	21	204	32	60	7fff7f	
	21		27		16			
	27		33		8	48		
	33		39		112			
	39		45		24	60		
	45		51		0			
	51		57		16			
	57		63		32			
draw	20	206	30	224	/sprites/567.SMIV/0
line	14	204	35	204	489048
			14	205	
	35		35		
	14	225		225	
			14	224	
	35		35		
rect	42	206	49	206	003870
				224	0060c0
line	40	204	50	204	00488f
			40	205	
	50		50		
	40	225		225	
			40	224	
	50		50		
rect	55	206	62	206	707000
				224	c0c000
line	53	204	63	204	909000
			53	205	
	63		63		
	53	225		225	
			53	224	
	63		63		
crop	69	204	75	216	16	60	7fff7f	/fonts/computer
	75		81		40	48		
	81		87		0	60		
	87		93		40			
	93		99		96	48		
	99		105		24	60		
	105		111		40	48		
	111		117		16	60		
	12	228	18	240	24	48	ff0000	
	18		24		40	72		
	24		30		96			
	30		36					
	36		42		0	24		
	42		48		8	36		
line	12	263	12	252	007fff
		252	120		
	120			263	00488f
		263	12		
rect	13	253	120	263	0060c0
crop	15	252	21	264	32	60	000000	/fonts/computer
	21		27		8	48		
	27		33		16	60		
	33		39		56	48		
	39		45		40			
	45		51		32	60		
	15	264	21	276	24	48	7fff7f	
	21		27		40	72		
	27		33		96			
	33		39					
	39		45		0	24		
	45		51		8	36		
draw	17	278	34	296	/sprites/595.SMIV/0
line	14	276	35	276	489048
			14	277	
	35		35		
	14	297		297	
			14	296	
	35		35		
rect	42	278	49	278	003870
				296	0060c0
line	40	276	50	276	00488f
			40	277	
	50		50		
	40	297		297	
			40	296	
	50		50		
