point	538	111	b0b0b0
	264	121	
	227	240	d0d0d0
	192	171	
	186	206	b0b0b0
	287	321	
	587	233	808080
	480	393	
	432	463	
	340	313	d0d0d0
	272	200	b0b0b0
	255	343	d0d0d0
	515	336	b0b0b0
	174	0	
	369	406	808080
	250	348	d0d0d0
	204	66	808080
	536	127	b0b0b0
	145	109	
	393	248	808080
	127	9	b0b0b0
	256	282	808080
	222	3	
	485	180	
	134	196	
	566	276	d0d0d0
	340	60	
	459	458	b0b0b0
	398	206	
	139	30	808080
	474	92	
	289	472	d0d0d0
	458	276	
	600	122	
	535	233	b0b0b0
	230	239	
	331	169	808080
	290	283	d0d0d0
	145	79	b0b0b0
	460	403	808080
	176	29	
	321	356	
	243	98	
	555	380	b0b0b0
	402	55	808080
	407	374	b0b0b0
	552	235	808080
	262	278	
	210	64	d0d0d0
	423	421	
	251	90	808080
	539	375	
	448	253	
	483	46	b0b0b0
	151	424	
	344	154	d0d0d0
	448	10	b0b0b0
	567	293	
	134	274	808080
	334	266	
	386	179	d0d0d0
	587	363	808080
	595	220	
	241	446	
	557	346	
	327	132	b0b0b0
	462	309	808080
	224	45	b0b0b0
	182	66	808080
	444	370	b0b0b0
	349	413	808080
	353	439	b0b0b0
	223	469	808080
	388	425	
	579	256	
	384	476	b0b0b0
	518	322	808080
	278	209	
	334	249	
	221	285	
	342	310	b0b0b0
	456	378	
	311	109	d0d0d0
	160	376	
	136	194	808080
	273	149	d0d0d0
	208	91	
	380	25	
	532	478	808080
	145	194	b0b0b0
	273	241	808080
	252	34	
	135	280	b0b0b0
	359	448	808080
	146	322	d0d0d0
	191	341	b0b0b0
	534	30	
	493	299	d0d0d0
	577	93	b0b0b0
	594	307	
	440	421	808080
	469	201	
	538	252	
	514	40	b0b0b0
	266	120	d0d0d0
	379	406	
	453	422	b0b0b0
	526	318	
	246	106	808080
	162	16	b0b0b0
	502	348	808080
	172	206	b0b0b0
	433	63	d0d0d0
	286	60	808080
	576	85	
	230	5	b0b0b0
	535	367	808080
	289	333	b0b0b0
	447	247	808080
	593	269	
	580	384	d0d0d0
	201	459	808080
	130	65	b0b0b0
	161	118	
	528	125	
	355	345	301800
	435	367	
	408	329	
	430	376	
	470	440	
	351	288	
	483	424	
	355	411	
	473	288	
	511	447	
	385	296	904800
	417	318	
	425	313	
	364	278	
	377	286	
	425	313	
	407	366	
	390	302	
	430	358	
	400	273	
rect	249	0	250	481	000050
	505		506		002850
	128	186	609	187	000050
		442		443	
line	438	376	434	370	00ff00
	423	320	418	315	
	390	261	385	255	
static	358	230	376	248	ffffff	44	/sprites/521.SMIV/10
draw	287	202	305	218	/sprites/550.SMIV/8
	437	341	453	358	/sprites/550.SMIV/7
	363	306	371	316	/sprites/551.SMIV/12
	297	206	307	211	/sprites/645.SMIV/8
line	488	399	487	384	489048
			474	393	
	487	384			204020
draw	0	-144	128	624	/pictures/501.png
	608		640		/pictures/512.png
crop	29	159	35	171	8	36	ff0000	/fonts/computer.png
	35		41		24			
	41		47		8			
	102		108		0		ff7f00	
	108		114					
	114		120		40			
rect	614	359	615	457	007fff
			623	360	
	622			457	00488f
	614	456			
	615	360	622	456	0070e0
	614	231	615	233	909048
			623	232	
	622			233	505028
	614	232			
		233	615	329	ffff7f
			623	234	
	622			329	909048
	614	328			
	615	234	622	328	e0e070
	614	103	615	111	904848
			623	104	
	622			111	502828
	614	110			
	615	104	622	110	703838
	614	111	615	201	ff7f7f
			623	112	
	622			201	904848
	614	200			
	615	112	622	200	e07070
	634	49	636	52	7fff7f
		53		56	60c060
		57		60	
		61		64	
		65		68	
		69		72	7fff7f
		73		76	60c060
		77		80	
		81		84	
		85		88	
		89		92	7fff7f
		93		96	60c060
		97		100	
		101		104	
		105		108	
		109		112	7fff7f
		113		116	60c060
		117		120	
		121		124	
		125		128	
		129		132	7fff7f
		133		136	60c060
		137		140	
		141		144	
		145		148	
		149		152	183018
		153		156	
		157		160	
		161		164	
		165		168	
		169		172	
		173		176	
		177		180	
		181		184	
		185		188	
		189		192	
		193		196	
		197		200	
		201		204	
		205		208	
		209		212	
		213		216	
		217		220	
		221		224	
		225		228	
		229		232	
		233		236	
		237		240	
		241		244	
		245		248	
		249		252	
		253		256	
		257		260	
		261		264	
		265		268	
		269		272	
		273		276	
		277		280	
		281		284	
		285		288	
		289		292	
		293		296	
		297		300	
		301		304	
		305		308	
		309		312	
		313		316	
		317		320	
		321		324	
		325		328	
		329		332	
		333		336	
		337		340	
		341		344	
		345		348	
		349		352	
		353		356	
		357		360	
		361		364	
		365		368	
		369		372	
		373		376	
		377		380	
		381		384	
		385		388	
		389		392	
		393		396	
		397		400	
		401		404	
		405		408	
		409		412	
		413		416	
		417		420	
		421		424	
		425		428	
		429		432	
		433		436	
		437		440	
		441		444	
		445		448	
	621	52	631	56	303000
		57		61	
		62		66	
		67		71	
		72		76	
		77		81	
		82		86	
	7	7	115	115	00ff00
	8	8	114	114	001000
	53	53	71	71	003000
point	44	56	00e000
	59	60	
	64	65	
	61	63	
	63	66	
		63	
	61	61	
	59	60	
			
rect	12	320	121	440	001000
		330	120	331	009000
		332	13	344	
			121	333	
	120			344	005000
	12	343			
	13	333	120	343	007000
	12	438		439	009000
	16	450	114	475	001010
	17		18	462	00c0c0
			44	451	
	43			462	007070
	17	461			
	18	451	43	461	009090
crop	15	320	21	332	104	48	00ff00	/fonts/computer.png
	21		27		8			
	27		33		72			
	33		39		112			
	39		45		0	24		
	45		51		104	48		
	51		57		40			
	57		63		112			
	63		69		40	60		
	15	332	21	344	96	36		
	21		27		16	48		
	27		33		40	84		
	33		39		72	72		
	39		45		96			
	45		51		32			
	51		57		112	36		
	15	344	21	356	96			
	21		27		24	60		
	27		33		0	84		
	33		39		40	72		
	39		45		24			
	45		51		72			
	51		57		8			
	57		63		96			
	63		69		0	24		
	69		75		120	48		
	75		81		16	84		
	81		87		32	72		
	87		93		40			
	93		99		16	84		
	99		105		24			
	105		111		112	36		
	15	356	21	368	96			
	21		27		104	48		
	27		33		40	72		
	33		39		24	84		
	39		45					
	45		51		8	72		
	51		57		56			
	57		63		40			
	63		69		112	36		
	15	368	21	380	96			
	21		27		104	48		
	27		33		72	72		
	33		39		24	84		
	39		45					
	45		51		72	72		
	51		57		120			
	57		63		112			
	63		69		0	24		
	69		75		24	60		
	75		81		32	84		
	81		87		8	72		
	87		93		32	84		
	93		99		40			
	99		105		24			
	105		111		112	36		
	19	450	25	462	16	60	00ffff	
	25		31		56	48		
	31		37		64			
	37		43		32	60		
	43		49		0	24		
	49		55		24	60		
	55		61		40	72		
	61		67		96			
	67		73		40			
	73		79		24			
	79		85		32	84		
rect	12	180	13	192	ffff00
			121	181	
	120			192	909000
	12	191			
	13	181	120	191	c0c000
crop	15	180	21	192	24	48	000000	/fonts/computer.png
	21		27		120			
	27		33		112			
	33		39		32	60		
	39		45		16			
	45		51		120	48		
	51		57		96			
	15	192	21	204	32	60	7fff7f	
	21		27		16			
	27		33		8	48		
	33		39		112			
	39		45		24	60		
	45		51		0			
	51		57		16			
	57		63		32			
draw	20	206	30	224	/sprites/567.SMIV/0
rect	14	204	36	205	489048
			15	206	
	35		36		
	14	225		226	
		224	15		
	35		36		
	42	206	49	206	003870
				224	0060c0
	40	204	51	205	00488f
			41	206	
	50		51		
	40	225		226	
		224	41		
	50		51		
	55	206	62	206	707000
				224	c0c000
	53	204	64	205	909000
			54	206	
	63		64		
	53	225		226	
		224	54		
	63		64		
crop	69	204	75	216	16	60	7fff7f	/fonts/computer.png
	75		81		40	48		
	81		87		0	60		
	87		93		40			
	93		99		96	48		
	99		105		24	60		
	105		111		40	48		
	111		117		16	60		
	12	228	18	240	24	48	ff0000	
	18		24		40	72		
	24		30		96			
	30		36					
	36		42		0	24		
	42		48		8	36		
rect	12	252	13	264	007fff
			121	253	
	120			264	00488f
	12	263			
	13	253	120	263	0060c0
crop	15	252	21	264	32	60	000000	/fonts/computer.png
	21		27		8	48		
	27		33		16	60		
	33		39		56	48		
	39		45		40			
	45		51		32	60		
	15	264	21	276	24	48	7fff7f	
	21		27		40	72		
	27		33		96			
	33		39					
	39		45		0	24		
	45		51		8	36		
draw	16	278	33	296	/sprites/595.SMIV/0
rect	14	276	36	277	489048
			15	278	
	35		36		
	14	297		298	
		296	15		
	35		36		
	42	278	49	278	003870
				296	0060c0
	40	276	51	277	00488f
			41	278	
	50		51		
	40	297		298	
		296	41		
	50		51		
