point	211	377	b0b0b0
	244	416	808080
	555	342	
	602	307	
	515	240	b0b0b0
	137	108	
	487	91	808080
	380	251	
	332	321	
	140	29	d0d0d0
	601	22	b0b0b0
	568	203	808080
	365	123	b0b0b0
	544	253	808080
	269	264	
	548	138	b0b0b0
	442	329	d0d0d0
	529	421	808080
	273	350	
	292	105	
	506	247	
	156	140	
	578	349	d0d0d0
	385	38	808080
	445	406	
	192	474	
	245	365	
	309	245	b0b0b0
	362	471	d0d0d0
	278	339	
	424	382	
	587	329	808080
	391	471	d0d0d0
	519	357	b0b0b0
	385	20	
	575	6	808080
	231	27	
	569	255	d0d0d0
	518	93	808080
	360	261	
	450	256	d0d0d0
	221	214	808080
	488	393	d0d0d0
	405	167	b0b0b0
	127	348	
	257	161	
	452	93	808080
	162	136	
	548	96	
	223	137	d0d0d0
	302	376	
	439	233	808080
	348	111	
	499	18	d0d0d0
	521	285	808080
	153	380	b0b0b0
	277	276	
	417	80	
	419	19	d0d0d0
	234	124	808080
	592	196	b0b0b0
	487	221	808080
	495	78	
	141	303	
	457	204	
	224	372	d0d0d0
	362	167	808080
	596	244	
	516	136	d0d0d0
	294	157	b0b0b0
	249	271	808080
	203	226	b0b0b0
	602	431	808080
	288	283	
	479	113	
	577	80	
	418	180	
	178	67	
	234	106	
	594	109	d0d0d0
	192	96	b0b0b0
	306	165	
	341	390	808080
	522	129	
	515	113	
	234	344	d0d0d0
	546	160	808080
	480	347	
	256	264	b0b0b0
	474	186	
	173	99	808080
	370	371	
	512	122	
	259	306	
	515	199	
	548	339	
	555	234	
	293	15	d0d0d0
	320	320	
	444	94	b0b0b0
	340	278	808080
	369	59	
	438	110	
	271	440	d0d0d0
	507	355	b0b0b0
	179	122	d0d0d0
	303	209	b0b0b0
	376	105	
	408	410	d0d0d0
	202	217	
	402	206	808080
	536	78	
	208	367	
	559	397	
	229	395	b0b0b0
	359	271	
	434	225	808080
	139	120	b0b0b0
	347	105	808080
	493	127	
	379	100	d0d0d0
	554	140	
	508	128	808080
	490	136	b0b0b0
	139	419	808080
rect	303	0	304	481	002850
	559		560		000050
	128	152	609	153	
		408		409	002850
line	320	263	326	258	00ff00
static	359	232	379	245	ffffff	104	/sprites/ish/hvc%17
draw	240	14	258	30	/sprites/gai/cruiser%10
	271	316	289	332	/sprites/gai/cruiser%14
static	333	198	341	207	f0eac3	40	/sprites/gai/fighter%23
line	178	297	193	300	489048
			188	286	
	193	300			204020
draw	0	-144	128	624	/pictures/gui/instruments/left.png
	608		640		/pictures/gui/instruments/right.png
crop	29	159	35	171	8	36	ff0000	/fonts/computer.png
	35		41		24			
	41		47		8			
	102		108		0		ff7f00	
	108		114					
	114		120		40			
rect	614	359	615	457	007fff
			623	360	
	622			457	00488f
	614	456			
	615	360	622	456	0070e0
	614	231	615	232	909048
			623		
	622				505028
	614				
		232	615	329	ffff7f
			623	233	
	622			329	909048
	614	328			
	615	233	622	328	e0e070
	614	103	615	112	904848
			623	104	
	622			112	502828
	614	111			
	615	104	622	111	703838
	614	112	615	201	ff7f7f
			623	113	
	622			201	904848
	614	200			
	615	113	622	200	e07070
	634	49	636	52	7fff7f
		53		56	60c060
		57		60	
		61		64	
		65		68	
		69		72	7fff7f
		73		76	60c060
		77		80	
		81		84	
		85		88	
		89		92	7fff7f
		93		96	60c060
		97		100	
		101		104	
		105		108	
		109		112	7fff7f
		113		116	60c060
		117		120	
		121		124	
		125		128	
		129		132	7fff7f
		133		136	60c060
		137		140	
		141		144	
		145		148	
		149		152	183018
		153		156	
		157		160	
		161		164	
		165		168	
		169		172	
		173		176	
		177		180	
		181		184	
		185		188	
		189		192	
		193		196	
		197		200	
		201		204	
		205		208	
		209		212	
		213		216	
		217		220	
		221		224	
		225		228	
		229		232	
		233		236	
		237		240	
		241		244	
		245		248	
		249		252	
		253		256	
		257		260	
		261		264	
		265		268	
		269		272	
		273		276	
		277		280	
		281		284	
		285		288	
		289		292	
		293		296	
		297		300	
		301		304	
		305		308	
		309		312	
		313		316	
		317		320	
		321		324	
		325		328	
		329		332	
		333		336	
		337		340	
		341		344	
		345		348	
		349		352	
		353		356	
		357		360	
		361		364	
		365		368	
		369		372	
		373		376	
		377		380	
		381		384	
		385		388	
		389		392	
		393		396	
		397		400	
		401		404	
		405		408	
		409		412	
		413		416	
		417		420	
		421		424	
		425		428	
		429		432	
		433		436	
		437		440	
		441		444	
		445		448	
	621	52	631	56	303000
		57		61	
		62		66	
		67		71	
		72		76	
		77		81	
		82		86	
	7	7	115	115	00ff00
	8	8	114	114	001000
	53	53	71	71	003000
point	36	45	00e000
	57	53	
	58	64	
	60	60	
		61	
rect	12	320	121	440	001000
		330	120	331	009000
		332	13	344	
			121	333	
	120			344	005000
	12	343			
	13	333	120	343	007000
	12	438		439	009000
	16	450	114	475	001010
	17		18	462	00c0c0
			44	451	
	43			462	007070
	17	461			
	18	451	43	461	009090
crop	15	320	21	332	104	48	00ff00	/fonts/computer.png
	21		27		8			
	27		33		72			
	33		39		112			
	39		45		0	24		
	45		51		104	48		
	51		57		40			
	57		63		112			
	63		69		40	60		
	15	332	21	344	96	36		
	21		27		16	48		
	27		33		40	84		
	33		39		72	72		
	39		45		96			
	45		51		32			
	51		57		112	36		
	15	344	21	356	96			
	21		27		24	60		
	27		33		0	84		
	33		39		40	72		
	39		45		24			
	45		51		72			
	51		57		8			
	57		63		96			
	63		69		0	24		
	69		75		120	48		
	75		81		16	84		
	81		87		32	72		
	87		93		40			
	93		99		16	84		
	99		105		24			
	105		111		112	36		
	15	356	21	368	96			
	21		27		104	48		
	27		33		40	72		
	33		39		24	84		
	39		45					
	45		51		8	72		
	51		57		56			
	57		63		40			
	63		69		112	36		
	15	368	21	380	96			
	21		27		104	48		
	27		33		72	72		
	33		39		24	84		
	39		45					
	45		51		72	72		
	51		57		120			
	57		63		112			
	63		69		0	24		
	69		75		24	60		
	75		81		32	84		
	81		87		8	72		
	87		93		32	84		
	93		99		40			
	99		105		24			
	105		111		112	36		
	19	450	25	462	16	60	00ffff	
	25		31		56	48		
	31		37		64			
	37		43		32	60		
	43		49		0	24		
	49		55		24	60		
	55		61		40	72		
	61		67		96			
	67		73		40			
	73		79		24			
	79		85		32	84		
rect	12	180	13	192	ffff00
			121	181	
	120			192	909000
	12	191			
	13	181	120	191	c0c000
crop	15	180	21	192	24	48	000000	/fonts/computer.png
	21		27		120			
	27		33		112			
	33		39		32	60		
	39		45		16			
	45		51		120	48		
	51		57		96			
	15	192	21	204	32	60	7fff7f	
	21		27		16			
	27		33		8	48		
	33		39		112			
	39		45		24	60		
	45		51		0			
	51		57		16			
	57		63		32			
draw	20	206	30	224	/sprites/obi/transprt%0
rect	14	204	36	205	489048
			15	206	
	35		36		
	14	225		226	
		224	15		
	35		36		
	42	206	49	206	003870
				224	0060c0
	40	204	51	205	00488f
			41	206	
	50		51		
	40	225		226	
		224	41		
	50		51		
	55	206	62	206	707000
				224	c0c000
	53	204	64	205	909000
			54	206	
	63		64		
	53	225		226	
		224	54		
	63		64		
crop	69	204	75	216	16	60	7fff7f	/fonts/computer.png
	75		81		40	48		
	81		87		0	60		
	87		93		40			
	93		99		96	48		
	99		105		24	60		
	105		111		40	48		
	111		117		16	60		
	12	228	18	240	24	48	ff0000	
	18		24		40	72		
	24		30		96			
	30		36					
	36		42		0	24		
	42		48		8	36		
rect	12	252	13	264	007fff
			121	253	
	120			264	00488f
	12	263			
	13	253	120	263	0060c0
crop	15	252	21	264	32	60	000000	/fonts/computer.png
	21		27		8	48		
	27		33		16	60		
	33		39		56	48		
	39		45		40			
	45		51		32	60		
	15	264	21	276	24	48	7fff7f	
	21		27		40	72		
	27		33		96			
	33		39					
	39		45		0	24		
	45		51		8	36		
draw	16	278	33	296	/sprites/gai/etc/lab%0
rect	14	276	36	277	489048
			15	278	
	35		36		
	14	297		298	
		296	15		
	35		36		
	42	278	49	278	003870
				296	0060c0
	40	276	51	277	00488f
			41	278	
	50		51		
	40	297		298	
		296	41		
	50		51		
