point	181	87	d0d0d0
	362	100	
	473	456	808080
	518	160	
	392	410	b0b0b0
	492	371	
	405	205	808080
	298	365	
	250	435	
	556	119	d0d0d0
	527	469	b0b0b0
	487	317	808080
	242	293	b0b0b0
	462	367	808080
	187	378	
	425	308	b0b0b0
	191	38	808080
	596	194	
	191	464	
	211	219	
	424	360	
	553	155	
	317	49	
	303	152	
	169	58	b0b0b0
	281	107	808080
	163	478	
	186	416	b0b0b0
	370	164	
	565	41	808080
	302	97	b0b0b0
	505	443	808080
	333	164	b0b0b0
	235	48	
	262	190	
	536	63	808080
	149	141	
	493	3	d0d0d0
	436	207	808080
	278	374	
	346	3	b0b0b0
	139	328	808080
	355	71	
	282	337	b0b0b0
	443	226	d0d0d0
	134	332	b0b0b0
	370	207	808080
	498	67	d0d0d0
	466	210	808080
	538	293	d0d0d0
	354	93	b0b0b0
	357	347	808080
	266	225	
	482	124	d0d0d0
	439	399	808080
	299	71	b0b0b0
	154	446	
	294	250	
	586	104	d0d0d0
	152	238	808080
	467	369	b0b0b0
	405	335	808080
	413	192	
	506	257	b0b0b0
	375	318	808080
	304	119	d0d0d0
	280	281	808080
	467	302	b0b0b0
	352	363	d0d0d0
	171	328	b0b0b0
	167	384	808080
	559	217	b0b0b0
	432	396	d0d0d0
	207	397	808080
	398	227	
	495	194	
	336	294	
	576	279	
	152	220	
	516	297	
	567	175	
	183	336	b0b0b0
	406	35	
	440	243	808080
	433	227	
	421	69	b0b0b0
	464	273	808080
	399	461	
	134	435	b0b0b0
	351	356	
	552	271	
	216	9	d0d0d0
	430	236	808080
	178	420	
	433	313	
	466	453	
	473	348	
	594	377	b0b0b0
	180	35	808080
	321	264	b0b0b0
	259	392	808080
	287	173	
	356	224	
	507	61	b0b0b0
	596	230	
	549	419	808080
	180	379	b0b0b0
	253	275	
	485	322	
	560	229	808080
	320	319	
	454	192	
	605	437	b0b0b0
	144	45	
	566	456	
	236	442	
	353	339	808080
	200	34	d0d0d0
	265	219	808080
	411	241	
	216	327	d0d0d0
	391	367	
	426	241	808080
	367	306	b0b0b0
	216	79	
	392	291	603000
	435	310	
	350	249	
	423	309	
	402	202	
	345	272	
	382	307	
	341	252	
	464	245	
	349	239	
	408	268	904800
	405	279	
	351	289	
	374	291	
	359	266	
	366	211	
	361	264	
	436	229	
		199	
	385	285	
rect	137	0	138	480	002850
	393		394		000050
	128	128	608	129	
		384		385	
line	427	87	423	95	00ff00
	410	152	406	160	
	384	214	377	222	
draw	357	234	375	251	/sprites/ish/hvc%3
	373	254	391	270	/sprites/gai/cruiser%8
	162	346	178	363	/sprites/gai/cruiser%5
	323	170	333	178	/sprites/gai/fighter%20
	380	217	384	222	/sprites/dev/fusion%2
	396	167	400	172	
	339	263	347	271	/sprites/sfx/explosion/large-hit%9
line	518	110	503	113	489048
			513	125	
	503	113			204020
draw	0	-144	128	624	/pictures/gui/instruments/left.png
	608		640		/pictures/gui/instruments/right.png
crop	29	159	35	171	8	36	ff0000	/fonts/computer.png
	35		41		16			
	41		47		0			
	102		108				ff7f00	
	108		114					
	114		120		40			
rect	614	359	615	457	007fff
			623	360	
	622			457	00488f
	614	456			
	615	360	622	456	0070e0
	614	231	615	233	909048
			623	232	
	622			233	505028
	614	232			
		233	615	329	ffff7f
			623	234	
	622			329	909048
	614	328			
	615	234	622	328	e0e070
	614	103	615	115	904848
			623	104	
	622			115	502828
	614	114			
	615	104	622	114	703838
	614	115	615	201	ff7f7f
			623	116	
	622			201	904848
	614	200			
	615	116	622	200	e07070
	634	49	636	52	7fff7f
		53		56	60c060
		57		60	
		61		64	
		65		68	
		69		72	7fff7f
		73		76	60c060
		77		80	
		81		84	
		85		88	
		89		92	7fff7f
		93		96	60c060
		97		100	
		101		104	
		105		108	
		109		112	7fff7f
		113		116	60c060
		117		120	
		121		124	
		125		128	
		129		132	7fff7f
		133		136	60c060
		137		140	
		141		144	
		145		148	
		149		152	183018
		153		156	
		157		160	
		161		164	
		165		168	
		169		172	
		173		176	
		177		180	
		181		184	
		185		188	
		189		192	
		193		196	
		197		200	
		201		204	
		205		208	
		209		212	
		213		216	
		217		220	
		221		224	
		225		228	
		229		232	
		233		236	
		237		240	
		241		244	
		245		248	
		249		252	
		253		256	
		257		260	
		261		264	
		265		268	
		269		272	
		273		276	
		277		280	
		281		284	
		285		288	
		289		292	
		293		296	
		297		300	
		301		304	
		305		308	
		309		312	
		313		316	
		317		320	
		321		324	
		325		328	
		329		332	
		333		336	
		337		340	
		341		344	
		345		348	
		349		352	
		353		356	
		357		360	
		361		364	
		365		368	
		369		372	
		373		376	
		377		380	
		381		384	
		385		388	
		389		392	
		393		396	
		397		400	
		401		404	
		405		408	
		409		412	
		413		416	
		417		420	
		421		424	
		425		428	
		429		432	
		433		436	
		437		440	
		441		444	
		445		448	
	621	52	631	56	303000
		57		61	
		62		66	
		67		71	
		72		76	
		77		81	
		82		86	
	7	7	115	115	00ff00
	8	8	114	114	001000
	53	53	71	71	003000
point	108	86	00e000
	30	54	
	112	88	
	61	61	
	54	65	
	60	59	
	62		
	61	61	
		62	
	63	56	
	62	58	
	61	61	
rect	12	320	121	440	001000
		330	120	331	009000
		332	13	344	
			121	333	
	120			344	005000
	12	343			
	13	333	120	343	007000
	12	438		439	009000
	16	450	114	475	001010
	17		18	462	00c0c0
			44	451	
	43			462	007070
	17	461			
	18	451	43	461	009090
crop	15	320	21	332	104	48	00ff00	/fonts/computer.png
	21		27		8			
	27		33		72			
	33		39		112			
	39		45		0	24		
	45		51		104	48		
	51		57		40			
	57		63		112			
	63		69		40	60		
	15	332	21	344	96	36		
	21		27		16	48		
	27		33		40	84		
	33		39		72	72		
	39		45		96			
	45		51		32			
	51		57		112	36		
	15	344	21	356	96			
	21		27		24	60		
	27		33		0	84		
	33		39		40	72		
	39		45		24			
	45		51		72			
	51		57		8			
	57		63		96			
	63		69		0	24		
	69		75		120	48		
	75		81		16	84		
	81		87		32	72		
	87		93		40			
	93		99		16	84		
	99		105		24			
	105		111		112	36		
	15	356	21	368	96			
	21		27		104	48		
	27		33		40	72		
	33		39		24	84		
	39		45					
	45		51		8	72		
	51		57		56			
	57		63		40			
	63		69		112	36		
	15	368	21	380	96			
	21		27		104	48		
	27		33		72	72		
	33		39		24	84		
	39		45					
	45		51		72	72		
	51		57		120			
	57		63		112			
	63		69		0	24		
	69		75		24	60		
	75		81		32	84		
	81		87		8	72		
	87		93		32	84		
	93		99		40			
	99		105		24			
	105		111		112	36		
	19	450	25	462	16	60	00ffff	
	25		31		56	48		
	31		37		64			
	37		43		32	60		
	43		49		0	24		
	49		55		24	60		
	55		61		40	72		
	61		67		96			
	67		73		40			
	73		79		24			
	79		85		32	84		
rect	12	180	13	192	ffff00
			121	181	
	120			192	909000
	12	191			
	13	181	120	191	c0c000
crop	15	180	21	192	24	48	000000	/fonts/computer.png
	21		27		120			
	27		33		112			
	33		39		32	60		
	39		45		16			
	45		51		120	48		
	51		57		96			
	15	192	21	204	32	60	7fff7f	
	21		27		16			
	27		33		8	48		
	33		39		112			
	39		45		24	60		
	45		51		0			
	51		57		16			
	57		63		32			
draw	20	206	30	224	/sprites/obi/transport%0
rect	14	204	36	205	489048
			15	206	
	35		36		
	14	225		226	
		224	15		
	35		36		
	42	206	49	206	003870
				224	0060c0
	40	204	51	205	00488f
			41	206	
	50		51		
	40	225		226	
		224	41		
	50		51		
	55	206	62	206	707000
				224	c0c000
	53	204	64	205	909000
			54	206	
	63		64		
	53	225		226	
		224	54		
	63		64		
crop	69	204	75	216	16	60	7fff7f	/fonts/computer.png
	75		81		40	48		
	81		87		0	60		
	87		93		40			
	93		99		96	48		
	99		105		24	60		
	105		111		40	48		
	111		117		16	60		
	12	228	18	240	24	48	ff0000	
	18		24		40	72		
	24		30		96			
	30		36					
	36		42		0	24		
	42		48		8	36		
rect	12	252	13	264	007fff
			121	253	
	120			264	00488f
	12	263			
	13	253	120	263	0060c0
crop	15	252	21	264	32	60	000000	/fonts/computer.png
	21		27		8	48		
	27		33		16	60		
	33		39		56	48		
	39		45		40			
	45		51		32	60		
	15	264	21	276	24	48	7fff7f	
	21		27		40	72		
	27		33		96			
	33		39					
	39		45		0	24		
	45		51		8	36		
draw	16	278	33	296	/sprites/gai/etc/lab%0
rect	14	276	36	277	489048
			15	278	
	35		36		
	14	297		298	
		296	15		
	35		36		
	42	278	49	278	003870
				296	0060c0
	40	276	51	277	00488f
			41	278	
	50		51		
	40	297		298	
		296	41		
	50		51		
