point	553	427	d0d0d0
	254	225	
	350	57	b0b0b0
	465	222	808080
	355	16	
	412	465	b0b0b0
	351	268	808080
	245	427	
	416	17	
	449	243	d0d0d0
	421	110	
	433	379	808080
	161	387	b0b0b0
	408	430	808080
	138	381	d0d0d0
	345	402	b0b0b0
	137	101	808080
	542	257	
	289	46	
	157	282	
	371	423	
	499	218	
	263	112	
	249	214	
	555	457	d0d0d0
	227	170	808080
	164	90	b0b0b0
	445	29	
	290	258	
	511	104	808080
	222	191	b0b0b0
	247	25	808080
	253	258	b0b0b0
	155	141	
	181	284	
	482	126	808080
	544	282	d0d0d0
	386	128	
	382	270	808080
	224	437	
	265	97	b0b0b0
	523	348	d0d0d0
	301	134	808080
	201	431	b0b0b0
	336	351	d0d0d0
	557	464	808080
	316	269	
	391	192	d0d0d0
	412	272	808080
	430	418	d0d0d0
	273	187	b0b0b0
	304	409	808080
	212	287	
	375	249	d0d0d0
	385	461	808080
	219	164	b0b0b0
	361	60	
	214	344	
	478	229	d0d0d0
	578	351	808080
	386	463	b0b0b0
	352	397	808080
	360	254	
	425	351	b0b0b0
	322	380	808080
	197	244	d0d0d0
	226	343	808080
	387	395	b0b0b0
	365	8	d0d0d0
	557	226	
	592	284	808080
	478	311	b0b0b0
	254	31	
	153	459	808080
	344	290	
	442	256	
	283	356	
	522	342	
	563	343	b0b0b0
	463	359	808080
	513	238	
	581	371	b0b0b0
	326	129	
	386	305	808080
	379	289	
	340	163	b0b0b0
	411	336	808080
	214	86	d0d0d0
	326	32	808080
	271	449	b0b0b0
	472	365	
	592	283	
	376	298	808080
	495	2	
	379	375	
	512	52	b0b0b0
	420	410	808080
	265	470	b0b0b0
	605	18	808080
	240	358	b0b0b0
	205	455	808080
	233	235	
	303	286	
	426	155	b0b0b0
	516	323	
	605	167	808080
	464	471	b0b0b0
	172	369	
	404	416	
	506	291	808080
	266	382	
	400	255	
	388	34	
	212	3	b0b0b0
	238	92	d0d0d0
	544	38	808080
	299	401	
	580	280	b0b0b0
	211	281	808080
	357	303	
	596	270	
	514	10	b0b0b0
	372	304	808080
	286	400	b0b0b0
	134	318	808080
rect	289	0	290	481	000050
	545		546		
	128	250	609	251	
line	294	294	300	288	00ff00
	341	254	350	250	
	294	368	299	362	
draw	359	232	379	245	/sprites/521.SMIV/17
	275	285	293	301	/sprites/550.SMIV/21
	177	322	197	335	/sprites/550.SMIV/23
	191	345	201	353	/sprites/551.SMIV/20
line	179	304	194	307	489048
			189	292	
	194	307			204020
draw	0	-144	128	624	/interfaces/instruments/left.png
	608		640		/interfaces/instruments/right.png
crop	29	159	35	171	8	36	ff0000	/fonts/computer.png
	35		41		16			
	41		47		0			
	102		108				ff7f00	
	108		114					
	114		120		40			
rect	614	359	615	457	007fff
			623	360	
	622			457	00488f
	614	456			
	615	360	622	456	0070e0
	614	231	615	232	909048
			623		
	622				505028
	614				
		232	615	329	ffff7f
			623	233	
	622			329	909048
	614	328			
	615	233	622	328	e0e070
	614	103	615	116	904848
			623	104	
	622			116	502828
	614	115			
	615	104	622	115	703838
	614	116	615	201	ff7f7f
			623	117	
	622			201	904848
	614	200			
	615	117	622	200	e07070
	634	49	636	52	7fff7f
		53		56	60c060
		57		60	
		61		64	
		65		68	
		69		72	7fff7f
		73		76	60c060
		77		80	
		81		84	
		85		88	
		89		92	7fff7f
		93		96	60c060
		97		100	
		101		104	
		105		108	
		109		112	7fff7f
		113		116	60c060
		117		120	
		121		124	
		125		128	
		129		132	7fff7f
		133		136	60c060
		137		140	
		141		144	
		145		148	
		149		152	183018
		153		156	
		157		160	
		161		164	
		165		168	
		169		172	
		173		176	
		177		180	
		181		184	
		185		188	
		189		192	
		193		196	
		197		200	
		201		204	
		205		208	
		209		212	
		213		216	
		217		220	
		221		224	
		225		228	
		229		232	
		233		236	
		237		240	
		241		244	
		245		248	
		249		252	
		253		256	
		257		260	
		261		264	
		265		268	
		269		272	
		273		276	
		277		280	
		281		284	
		285		288	
		289		292	
		293		296	
		297		300	
		301		304	
		305		308	
		309		312	
		313		316	
		317		320	
		321		324	
		325		328	
		329		332	
		333		336	
		337		340	
		341		344	
		345		348	
		349		352	
		353		356	
		357		360	
		361		364	
		365		368	
		369		372	
		373		376	
		377		380	
		381		384	
		385		388	
		389		392	
		393		396	
		397		400	
		401		404	
		405		408	
		409		412	
		413		416	
		417		420	
		421		424	
		425		428	
		429		432	
		433		436	
		437		440	
		441		444	
		445		448	
	621	52	631	56	303000
		57		61	
		62		66	
		67		71	
		72		76	
		77		81	
		82		86	
	7	7	115	115	00ff00
	8	8	114	114	001000
	53	53	71	71	003000
point	97	88	00e000
	25	59	
	101	87	
	58	63	
	54	64	
	55	65	
	59	62	
	61	61	
	59	65	
rect	12	320	121	440	001000
		330	120	331	009000
		332	13	344	
			121	333	
	120			344	005000
	12	343			
	13	333	120	343	007000
	12	438		439	009000
	16	450	114	475	001010
	17		18	462	00c0c0
			44	451	
	43			462	007070
	17	461			
	18	451	43	461	009090
crop	15	320	21	332	104	48	00ff00	/fonts/computer.png
	21		27		8			
	27		33		72			
	33		39		112			
	39		45		0	24		
	45		51		104	48		
	51		57		40			
	57		63		112			
	63		69		40	60		
	15	332	21	344	96	36		
	21		27		16	48		
	27		33		40	84		
	33		39		72	72		
	39		45		96			
	45		51		32			
	51		57		112	36		
	15	344	21	356	96			
	21		27		24	60		
	27		33		0	84		
	33		39		40	72		
	39		45		24			
	45		51		72			
	51		57		8			
	57		63		96			
	63		69		0	24		
	69		75		120	48		
	75		81		16	84		
	81		87		32	72		
	87		93		40			
	93		99		16	84		
	99		105		24			
	105		111		112	36		
	15	356	21	368	96			
	21		27		104	48		
	27		33		40	72		
	33		39		24	84		
	39		45					
	45		51		8	72		
	51		57		56			
	57		63		40			
	63		69		112	36		
	15	368	21	380	96			
	21		27		104	48		
	27		33		72	72		
	33		39		24	84		
	39		45					
	45		51		72	72		
	51		57		120			
	57		63		112			
	63		69		0	24		
	69		75		24	60		
	75		81		32	84		
	81		87		8	72		
	87		93		32	84		
	93		99		40			
	99		105		24			
	105		111		112	36		
	19	450	25	462	16	60	00ffff	
	25		31		56	48		
	31		37		64			
	37		43		32	60		
	43		49		0	24		
	49		55		24	60		
	55		61		40	72		
	61		67		96			
	67		73		40			
	73		79		24			
	79		85		32	84		
rect	12	180	13	192	ffff00
			121	181	
	120			192	909000
	12	191			
	13	181	120	191	c0c000
crop	15	180	21	192	24	48	000000	/fonts/computer.png
	21		27		120			
	27		33		112			
	33		39		32	60		
	39		45		16			
	45		51		120	48		
	51		57		96			
	15	192	21	204	32	60	7fff7f	
	21		27		16			
	27		33		8	48		
	33		39		112			
	39		45		24	60		
	45		51		0			
	51		57		16			
	57		63		32			
draw	20	206	30	224	/sprites/567.SMIV/0
rect	14	204	36	205	489048
			15	206	
	35		36		
	14	225		226	
		224	15		
	35		36		
	42	206	49	206	003870
				224	0060c0
	40	204	51	205	00488f
			41	206	
	50		51		
	40	225		226	
		224	41		
	50		51		
	55	206	62	206	707000
				224	c0c000
	53	204	64	205	909000
			54	206	
	63		64		
	53	225		226	
		224	54		
	63		64		
crop	69	204	75	216	16	60	7fff7f	/fonts/computer.png
	75		81		40	48		
	81		87		0	60		
	87		93		40			
	93		99		96	48		
	99		105		24	60		
	105		111		40	48		
	111		117		16	60		
	12	228	18	240	24	48	ff0000	
	18		24		40	72		
	24		30		96			
	30		36					
	36		42		0	24		
	42		48		8	36		
rect	12	252	13	264	007fff
			121	253	
	120			264	00488f
	12	263			
	13	253	120	263	0060c0
crop	15	252	21	264	32	60	000000	/fonts/computer.png
	21		27		8	48		
	27		33		16	60		
	33		39		56	48		
	39		45		40			
	45		51		32	60		
	15	264	21	276	24	48	7fff7f	
	21		27		40	72		
	27		33		96			
	33		39					
	39		45		0	24		
	45		51		8	36		
draw	16	278	33	296	/sprites/595.SMIV/0
rect	14	276	36	277	489048
			15	278	
	35		36		
	14	297		298	
		296	15		
	35		36		
	42	278	49	278	003870
				296	0060c0
	40	276	51	277	00488f
			41	278	
	50		51		
	40	297		298	
		296	41		
	50		51		
