line	559	93	559	92	b0b0b0
	201	253	201	252	d0d0d0
	510	76	510	75	808080
	273	8	273	7	
	428	375	428	374	d0d0d0
	380	187	380	186	b0b0b0
		291	379	290	808080
	452	112	452	111	b0b0b0
	605	39	605	38	d0d0d0
	526	50	526	48	b0b0b0
	351	194	350	193	d0d0d0
	155	481	155	479	
	305	426	305	425	b0b0b0
	371	287	371	286	
	136	143	136	141	
	327	56	327	54	d0d0d0
	594	438	594	437	808080
	168	239	168	238	b0b0b0
	264	152	264	151	
	570	315	570	313	d0d0d0
	280	328	280	326	b0b0b0
	149	278	149	277	808080
	469	435	469	435	
	476	427	476	426	b0b0b0
	261	413	261	412	d0d0d0
	178	368	178	368	808080
	136	407	135	406	b0b0b0
	197	335	197	333	d0d0d0
	401	43	401	42	b0b0b0
	539	214	539	213	808080
	482	113	482	113	
	481	45	481	43	d0d0d0
	554		554	44	808080
	362	260	362	259	b0b0b0
	587	70	586	69	
	310	316	310	315	
	283	474	283	472	d0d0d0
	525	144	525	144	808080
	394	66	394	66	
	397	70	397	69	
	464	92	464	91	b0b0b0
	203	119	203	119	808080
	518	304	518	303	
	370	237	370	236	
	214	37	214	36	
	458	428	458	426	b0b0b0
	393	316	393	314	d0d0d0
	242	221	242	219	b0b0b0
	253	242	252	241	808080
	230	475	230	474	
	298	429	298	428	
	447	56	447	54	d0d0d0
	163	318	163	317	808080
	232	111	232	110	
	573	246	573	246	
	139	449	139	448	
	425	427	424	426	
	419	247	419	246	
	364	337	364	336	b0b0b0
	340	58	340	57	808080
	207	416	207	414	b0b0b0
	432	349	432	347	d0d0d0
	482	260	482	259	808080
	414	154	413	153	b0b0b0
	320	390	320	389	
	562	129	561	128	
	496	224	496	223	808080
	356	253	356	251	b0b0b0
	400	10	400	8	d0d0d0
	450	86	450	85	808080
	487	196	487	195	b0b0b0
	164	478	164	477	
	282	83	282	82	808080
	533	313	532	312	
	332	221	332	220	
	390	438	390	437	
	231	289	231	288	
	408	231	408	229	d0d0d0
	491	367	491	366	b0b0b0
	555	177	555	176	808080
	471	459	471	458	
	460	138	460	137	
	183	412	182	411	
	201	31	201	30	
	366	57	366	55	d0d0d0
	376	39	375	38	808080
	363	218	363	217	d0d0d0
	583	436	583	435	808080
	606	185	606	184	
	175	135	174	133	d0d0d0
	350	243	350	242	808080
	467	447	467	446	
	225	202	225	201	
	128	375	128	374	b0b0b0
	154	154	153	153	
	590	39	589	38	808080
	503	263	503	262	b0b0b0
	564	373	564	373	808080
	581	474	580	473	d0d0d0
	263	134	263	133	b0b0b0
	510	436	510	434	
	303	154	303	153	808080
	174	366	174	365	b0b0b0
	155	406	155	405	
	435	335	435	334	
	203	348	203	347	808080
	432	21	432	20	
	460	272	460	270	b0b0b0
	339	130	339	129	808080
	463	321	463	319	b0b0b0
	387	70	387	69	
	222	456	222	455	
	381	331	381	329	d0d0d0
	521	19	521	18	b0b0b0
	173	437	173	436	d0d0d0
	493	228	493	227	808080
	329	90	329	88	d0d0d0
	604	390	604	389	808080
	162	468	162	467	
	233	30	233	28	d0d0d0
	220	186	220	185	b0b0b0
	233	375	233	374	808080
	417	329	417	329	
	408	168	408	167	b0b0b0
	428	37	427	36	808080
rect	189	0	190	480	005000
	317		318		000050
	445		446		
	573		574		
	128	89	608	90	005000
		217		218	000050
		345		346	
		473		474	
line	-1647	1316	-1649	1313	ff007f
draw	323	84	333	94	/sprites/gai/etc/lab%0
	365	236	373	244	/sprites/ish/hvc%0
	326	84	334	92	/sprites/gai/cruiser%4
	320	78	330	85	/sprites/gai/cruiser%22
	359	128	364	132	/sprites/gai/fighter%1
dither	200	50	262	67	003030
crop	204	54	211	65	8	33	000000	/fonts/tactical.png
	211		218		80			
	218		225		32			
	225		232		0	22		
	232		239		80	55		
	239		246		120	66		
	246		253					
	253		260		104			
	203	53	210	64	8	33	00ffff	
	210		217		80			
	217		224		32			
	224		231		0	22		
	231		238		80	55		
	238		245		120	66		
	245		252					
	252		259		104			
line	344	42	338	56	489048
			353	54	
	338	56			204020
draw	0	-144	128	624	/pictures/gui/instruments/left.png
	608		640		/pictures/gui/instruments/right.png
crop	29	159	35	171	8	36	ff0000	/fonts/computer.png
	35		41		0			
	41		47		48			
	102		108		0		ff7f00	
	108		114					
	114		120		40			
rect	614	359	615	365	00488f
			623	360	
	622			365	002850
	614	364			
	615	360	622	364	003870
	614	365	615	457	007fff
			623	366	
	622			457	00488f
	614	456			
	615	366	622	456	0070e0
	614	231	615	245	909048
			623	232	
	622			245	505028
	614	244			
	615	232	622	244	707038
	614	245	615	329	ffff7f
			623	246	
	622			329	909048
	614	328			
	615	246	622	328	e0e070
	614	103	615	120	904848
			623	104	
	622			120	502828
	614	119			
	615	104	622	119	703838
	614	120	615	201	ff7f7f
			623	121	
	622			201	904848
	614	200			
	615	121	622	200	e07070
	634	49	636	52	7fff7f
		53		56	60c060
		57		60	
		61		64	
		65		68	
		69		72	7fff7f
		73		76	60c060
		77		80	
		81		84	
		85		88	
		89		92	7fff7f
		93		96	60c060
		97		100	
		101		104	
		105		108	
		109		112	7fff7f
		113		116	60c060
		117		120	
		121		124	
		125		128	
		129		132	7fff7f
		133		136	60c060
		137		140	
		141		144	
		145		148	
		149		152	183018
		153		156	
		157		160	
		161		164	
		165		168	
		169		172	
		173		176	
		177		180	
		181		184	
		185		188	
		189		192	
		193		196	
		197		200	
		201		204	
		205		208	
		209		212	
		213		216	
		217		220	
		221		224	
		225		228	
		229		232	
		233		236	
		237		240	
		241		244	
		245		248	
		249		252	
		253		256	
		257		260	
		261		264	
		265		268	
		269		272	
		273		276	
		277		280	
		281		284	
		285		288	
		289		292	
		293		296	
		297		300	
		301		304	
		305		308	
		309		312	
		313		316	
		317		320	
		321		324	
		325		328	
		329		332	
		333		336	
		337		340	
		341		344	
		345		348	
		349		352	
		353		356	
		357		360	
		361		364	
		365		368	
		369		372	
		373		376	
		377		380	
		381		384	
		385		388	
		389		392	
		393		396	
		397		400	
		401		404	
		405		408	
		409		412	
		413		416	
		417		420	
		421		424	
		425		428	
		429		432	
		433		436	
		437		440	
		441		444	
		445		448	
	621	52	631	56	303000
		57		61	
		62		66	
		67		71	
		72		76	
		77		81	
		82		86	
	7	7	115	115	00ff00
	8	8	114	114	001000
	43	43	81	81	003000
point	58	49	00e000
			
			
	61	53	
rect	12	320	121	440	001000
		330	120	331	009000
		354		355	
		438		439	
	16	450	114	475	001010
	17	462	18	474	00c0c0
			44	463	
	43			474	007070
	17	473			
	18	463	43	473	009090
crop	15	320	21	332	104	48	00ff00	/fonts/computer.png
	21		27		72			
	27		33		24	60		
	33		39					
	39		45		72	48		
	45		51		120			
	51		57		112			
	57		63		0	24		
	63		69		24	60		
	69		75		32			
	75		81		8	48		
	81		87		32	60		
	87		93		40			
	93		99		24			
	15	332	21	344	16			
	21		27		40	72		
	27		33		24	84		
	33		39			72		
	39		45		40	84		
	45		51			72		
	51		57		0	24		
	57		63		8	36		
	63		69					
	15	344	21	356	120	48		
	21		27		16	72		
	27		33		72			
	33		39		8			
	39		45		16	84		
	45		51		32	72		
	51		57		24	84		
	15	356	21	368	72	48		
	21		27		112	72		
	27		33		0	24		
	33		39		32	84		
	39		45		16			
	45		51		8	72		
	51		57		112			
	57		63		24	84		
	63		69		0			
	69		75		120	72		
	75		81		16	84		
	81		87		32			
	87		93		80	36		
	93		99		0	24		
	99		105			36		
	105		111		120	24		
	111		117		40	36		
	15	368	21	380	16	60		
	21		27		40	72		
	27		33		24	84		
	33		39			72		
	39		45		40	84		
	45		51			72		
	51		57		32			
	57		63		80	36		
	63		69		0	24		
	69		75			36		
	75		81		120	24		
	81		87		8	36		
	87		93					
	19	462	25	474	96	48	00ffff	
	25		31		40			
	31		37		48			
	37		43		32	60		
	43		49		0	24		
	49		55		104	48		
	55		61		8	72		
	61		67		72			
	67		73		112			
	73		79		0	24		
	79		85		104	48		
	85		91		40	72		
	91		97		112			
	97		103		40	84		
rect	12	180	13	192	ffff00
			121	181	
	120			192	909000
	12	191			
	13	181	120	191	c0c000
crop	15	180	21	192	24	48	000000	/fonts/computer.png
	21		27		120			
	27		33		112			
	33		39		32	60		
	39		45		16			
	45		51		120	48		
	51		57		96			
	15	192	21	204	32	60	7fff7f	
	21		27		16			
	27		33		8	48		
	33		39		112			
	39		45		24	60		
	45		51		0			
	51		57		16			
	57		63		32			
draw	20	206	30	224	/sprites/obi/transport%0
rect	14	204	36	205	489048
			15	206	
	35		36		
	14	225		226	
		224	15		
	35		36		
	42	206	49	207	003870
		207		224	0060c0
	40	204	51	205	00488f
			41	206	
	50		51		
	40	225		226	
		224	41		
	50		51		
	55	206	62	212	707000
		212		224	c0c000
	53	204	64	205	909000
			54	206	
	63		64		
	53	225		226	
		224	54		
	63		64		
crop	69	204	75	216	16	60	7fff7f	/fonts/computer.png
	75		81		40	48		
	81		87		0	60		
	87		93		40			
	93		99		96	48		
	99		105		24	60		
	105		111		40	48		
	111		117		16	60		
	12	228	18	240	24	48	ff0000	
	18		24		40	72		
	24		30		96			
	30		36					
	36		42		0	24		
	42		48		8	36		
rect	12	252	13	264	007fff
			121	253	
	120			264	00488f
	12	263			
	13	253	120	263	0060c0
crop	15	252	21	264	32	60	000000	/fonts/computer.png
	21		27		8	48		
	27		33		16	60		
	33		39		56	48		
	39		45		40			
	45		51		32	60		
	15	264	21	276	96	48	7fff7f	
	21		27		72			
	27		33		112			
	33		39		40			
	39		45		16	60		
draw	21	278	29	296	/sprites/obi/etc/liner%0
rect	14	276	36	277	489048
			15	278	
	35		36		
	14	297		298	
		296	15		
	35		36		
	42	278	49	278	003870
				296	0060c0
	40	276	51	277	00488f
			41	278	
	50		51		
	40	297		298	
		296	41		
	50		51		
