point	352	165	b0b0b0
	401	369	
	457	376	
	546	373	808080
	440	94	d0d0d0
	230	35	
	519	270	
	546	475	808080
	351	9	b0b0b0
	487	234	808080
	547	456	b0b0b0
	513	423	808080
	283	239	
	195	202	b0b0b0
	493	210	
	192	177	808080
	382	476	
	372	205	
	305	304	b0b0b0
	144	54	808080
	429	238	d0d0d0
	596	244	b0b0b0
	273	240	808080
	391	321	d0d0d0
	271	416	b0b0b0
	459	253	808080
	532	317	
	180	2	d0d0d0
	569	367	
	555	278	
	282	241	808080
	339	279	
	245	253	
	324	299	d0d0d0
	374	382	b0b0b0
	443	459	808080
	308	301	d0d0d0
	301	381	b0b0b0
	487	150	d0d0d0
	192	439	
	591		b0b0b0
	570	8	d0d0d0
	487	376	
	320	116	
	270	397	808080
	585	91	
	145	239	b0b0b0
	386	122	
	594	253	d0d0d0
	184	270	b0b0b0
	381	449	
	491	136	808080
	432	202	
	207	445	
	433	283	d0d0d0
	322	424	
	281	149	808080
	315	439	
	468	405	b0b0b0
	579	371	d0d0d0
	300	25	
	574	439	
	490	216	b0b0b0
	423	244	
	577	457	
	127	454	d0d0d0
	451	289	
	190	118	808080
	383	328	b0b0b0
	408	93	d0d0d0
	501	22	
	347	136	
	269	445	808080
	489	42	
	247	116	b0b0b0
	393	16	d0d0d0
	313	64	b0b0b0
	439	242	808080
	323	87	
	545	458	b0b0b0
	293	215	
	156	179	
	570	296	808080
	474	395	
	521	231	b0b0b0
	389	187	
	426	235	808080
	394	329	
	443	233	
	524	194	
	314	292	d0d0d0
	434	19	b0b0b0
	314	447	808080
	336	400	d0d0d0
	539	149	808080
	459	325	d0d0d0
	173	126	b0b0b0
	326	84	808080
	435	184	b0b0b0
	468	135	808080
	294	13	b0b0b0
	430	58	
	236	148	
	294	89	d0d0d0
	292	74	808080
	160	225	
	321	124	d0d0d0
	508	465	808080
	344	14	
	305	453	b0b0b0
	595	466	d0d0d0
	488	273	
	568	293	808080
	217	105	
	345	305	d0d0d0
	329	113	808080
	564	172	
	247	357	b0b0b0
	164	187	
	215	247	
	281	262	808080
	531	40	d0d0d0
	544	452	808080
	261	219	b0b0b0
	137	338	808080
rect	375	0	376	481	000050
	128	246	609	247	
line	374	235	366	235	00ff00
	483	183	476	185	
	434	215	427	217	
draw	359	233	379	247	/sprites/521.SMIV/6
	550	227	568	242	/sprites/550.SMIV/13
	471	83	481	91	/sprites/551.SMIV/22
	432	246	435	248	/sprites/513.SMIV/13
	392	120	396	122	/sprites/513.SMIV/20
	447	136	503	175	/sprites/504.SMIV/16
line	567	223	553	217	489048
			554	232	
	553	217			204020
draw	0	0	128	480	/pictures/501.png
	608		640		/pictures/512.png
crop	29	159	35	171	0	36	ff0000	/fonts/computer
	35		41		64			
	41		47		8			
	102		108		0		ff7f00	
	108		114					
	114		120		40			
rect	614	359	615	365	00488f
			623	360	
	622			365	002850
	614	364			
	615	360	622	364	003870
	614	365	615	457	007fff
			623	366	
	622			457	00488f
	614	456			
	615	366	622	456	0070e0
	614	231	615	232	909048
			623		
	622				505028
	614				
		232	615	329	ffff7f
			623	233	
	622			329	909048
	614	328			
	615	233	622	328	e0e070
	614	103	615	123	904848
			623	104	
	622			123	502828
	614	122			
	615	104	622	122	703838
	614	123	615	201	ff7f7f
			623	124	
	622			201	904848
	614	200			
	615	124	622	200	e07070
	634	49	636	52	7fff7f
		53		56	60c060
		57		60	
		61		64	
		65		68	
		69		72	7fff7f
		73		76	60c060
		77		80	
		81		84	
		85		88	
		89		92	7fff7f
		93		96	60c060
		97		100	
		101		104	
		105		108	
		109		112	7fff7f
		113		116	60c060
		117		120	
		121		124	
		125		128	
		129		132	7fff7f
		133		136	60c060
		137		140	
		141		144	
		145		148	
		149		152	183018
		153		156	
		157		160	
		161		164	
		165		168	
		169		172	
		173		176	
		177		180	
		181		184	
		185		188	
		189		192	
		193		196	
		197		200	
		201		204	
		205		208	
		209		212	
		213		216	
		217		220	
		221		224	
		225		228	
		229		232	
		233		236	
		237		240	
		241		244	
		245		248	
		249		252	
		253		256	
		257		260	
		261		264	
		265		268	
		269		272	
		273		276	
		277		280	
		281		284	
		285		288	
		289		292	
		293		296	
		297		300	
		301		304	
		305		308	
		309		312	
		313		316	
		317		320	
		321		324	
		325		328	
		329		332	
		333		336	
		337		340	
		341		344	
		345		348	
		349		352	
		353		356	
		357		360	
		361		364	
		365		368	
		369		372	
		373		376	
		377		380	
		381		384	
		385		388	
		389		392	
		393		396	
		397		400	
		401		404	
		405		408	
		409		412	
		413		416	
		417		420	
		421		424	
		425		428	
		429		432	
		433		436	
		437		440	
		441		444	
		445		448	
	621	52	631	56	303000
		57		61	
		62		66	
		67		71	
		72		76	
		77		81	
		82		86	
	7	7	115	115	00ff00
	8	8	114	114	001000
	52	52	70	70	003000
point	82	81	00e000
	61	61	
	68		
	65	59	
		58	
	63	61	
	65	55	
	63	61	
	62	57	
rect	12	320	121	440	001000
		330	120	331	009000
crop	15	320	21	332	104	48	00ff00	/fonts/computer
	21		27		72			
	27		33		24	60		
	33		39					
	39		45		72	48		
	45		51		120			
	51		57		112			
	57		63		0	24		
	63		69		24	60		
	69		75		32			
	75		81		8	48		
	81		87		32	60		
	87		93		40			
	93		99		24			
	15	332	21	344	16			
	21		27		40	72		
	27		33		24	84		
	33		39			72		
	39		45		40	84		
	45		51			72		
	51		57		0	24		
	57		63		8	36		
	63		69					
rect	12	354	120	355	009000
crop	15	344	21	356	120	48	00ff00	/fonts/computer
	21		27		16	72		
	27		33		72			
	33		39		8			
	39		45		16	84		
	45		51		32	72		
	51		57		24	84		
	15	356	21	368	72	48		
	21		27		112	72		
	27		33		0	24		
	33		39		32	84		
	39		45		16			
	45		51		8	72		
	51		57		112			
	57		63		24	84		
	63		69		0			
	69		75		120	72		
	75		81		16	84		
	81		87		32			
	87		93		80	36		
	93		99		0	24		
	99		105		40	36		
	105		111		120	24		
	111		117		40	36		
	15	368	21	380	16	60		
	21		27		40	72		
	27		33		24	84		
	33		39			72		
	39		45		40	84		
	45		51			72		
	51		57		32			
	57		63		80	36		
	63		69		0	24		
	69		75			36		
	75		81		120	24		
	81		87		8	36		
	87		93					
rect	12	438	120	439	009000
	16	450	114	475	001010
	17	462	18	474	00c0c0
			44	463	
	43			474	007070
	17	473			
	18	463	43	473	009090
crop	19	462	25	474	96	48	00ffff	/fonts/computer
	25		31		40			
	31		37		48			
	37		43		32	60		
	43		49		0	24		
	49		55		104	48		
	55		61		8	72		
	61		67		72			
	67		73		112			
	73		79		0	24		
	79		85		104	48		
	85		91		40	72		
	91		97		112			
	97		103		40	84		
rect	12	180	13	192	ffff00
			121	181	
	120			192	909000
	12	191			
	13	181	120	191	c0c000
crop	15	180	21	192	24	48	000000	/fonts/computer
	21		27		120			
	27		33		112			
	33		39		32	60		
	39		45		16			
	45		51		120	48		
	51		57		96			
	15	192	21	204	32	60	7fff7f	
	21		27		16			
	27		33		8	48		
	33		39		112			
	39		45		24	60		
	45		51		0			
	51		57		16			
	57		63		32			
draw	20	206	30	224	/sprites/567.SMIV/0
rect	14	204	36	205	489048
			15	206	
	35		36		
	14	225		226	
		224	15		
	35		36		
	42	206	49	207	003870
		207		224	0060c0
	40	204	51	205	00488f
			41	206	
	50		51		
	40	225		226	
		224	41		
	50		51		
	55	206	62	209	707000
		209		224	c0c000
	53	204	64	205	909000
			54	206	
	63		64		
	53	225		226	
		224	54		
	63		64		
crop	69	204	75	216	16	60	7fff7f	/fonts/computer
	75		81		40	48		
	81		87		0	60		
	87		93		40			
	93		99		96	48		
	99		105		24	60		
	105		111		40	48		
	111		117		16	60		
	12	228	18	240	24	48	ff0000	
	18		24		40	72		
	24		30		96			
	30		36					
	36		42		0	24		
	42		48		8	36		
rect	12	252	13	264	007fff
			121	253	
	120			264	00488f
	12	263			
	13	253	120	263	0060c0
crop	15	252	21	264	32	60	000000	/fonts/computer
	21		27		8	48		
	27		33		16	60		
	33		39		56	48		
	39		45		40			
	45		51		32	60		
	15	264	21	276	96	48	7fff7f	
	21		27		72			
	27		33		112			
	33		39		40			
	39		45		16	60		
draw	21	278	29	296	/sprites/565.SMIV/0
rect	14	276	36	277	489048
			15	278	
	35		36		
	14	297		298	
		296	15		
	35		36		
	42	278	49	278	003870
				296	0060c0
	40	276	51	277	00488f
			41	278	
	50		51		
	40	297		298	
		296	41		
	50		51		
