point	166	405	d0d0d0
	286	34	808080
	229	166	b0b0b0
	394	232	808080
	135	359	b0b0b0
	504	253	808080
	170	256	
	394	335	
	593	22	b0b0b0
	335	94	808080
	320	245	b0b0b0
	361	282	808080
	320	30	
	499	241	
	240	-1	d0d0d0
	435	227	
	230	336	808080
	220	65	
	574	233	
	405	82	b0b0b0
	603	283	
	129	37	808080
	450	456	
	417	462	
	595	470	b0b0b0
	307	113	808080
	380	177	
	458	339	
	266	87	d0d0d0
	388	473	808080
	260	476	b0b0b0
	187	139	808080
	578	193	
	258	444	
	150	104	d0d0d0
	292	318	808080
	478	284	d0d0d0
	539	466	808080
	156	168	
	486	80	
	364	229	b0b0b0
	148	339	d0d0d0
	368	37	
	540	15	
	596	157	808080
	356	406	b0b0b0
	324	49	
	426	50	d0d0d0
	598	22	808080
	431	409	
	391	66	d0d0d0
	531	473	
	281	62	808080
	384	374	b0b0b0
	264	386	d0d0d0
	405	18	
	445	333	
	200	336	
	241	195	b0b0b0
	276	90	d0d0d0
	178	300	
	271	158	
	593	120	b0b0b0
	193	292	
	350	246	
	378	194	
	533	472	808080
	518	321	
	155	9	
	173	302	
	364	44	b0b0b0
	508	443	808080
	342	36	d0d0d0
	193	381	808080
	534	237	
	452	410	b0b0b0
	234	389	
	287	102	808080
	440	374	d0d0d0
	317	247	b0b0b0
	129	391	808080
	313	431	
	419	156	
	322	255	
	580	417	
	394	349	d0d0d0
	274	95	808080
	242	189	
	291	93	
	372	53	
	598	100	d0d0d0
	292	287	b0b0b0
	162	198	808080
	490	104	d0d0d0
	219	12	b0b0b0
	143	184	808080
	382	429	
	258	369	d0d0d0
	313	463	808080
	351	469	b0b0b0
	522	271	808080
	236	327	b0b0b0
	527	50	808080
	515	378	
	310	464	b0b0b0
	488	154	808080
	418	381	
	356	325	
	145	148	
	541	43	d0d0d0
	292	186	
	202	437	b0b0b0
	416	152	808080
	260	35	
	290	411	
	226	185	d0d0d0
	502	249	
	356	311	
	342	436	
	467	156	b0b0b0
	608	436	
	241	298	
	393	311	808080
	148	211	
	196	15	
rect	331	0	332	481	005000
	587		588		000050
	128	218	609	219	
		474		475	005000
line	333	277	340	271	00ff00
	274	299	281	295	
	-3377	2712	-3369	2713	
crop	597	463	617	484	8	33	ffffff	/sprites/...
	361	230	379	247	149	84		
	279	329	297	344	47	79		
	466	56	476	64	72	44		
	295	249	301	252	65	24		
	336	262	342	266	40	23		
line	243	394	257	389	489048
			245	379	
	257	389			204020
draw	0	0	128	480	/pictures/501.png
	608		640		/pictures/512.png
crop	29	159	35	171	0	36	ff0000	/fonts/computer.png
	35		41		48			
	41		47		24			
	102		108		0		ff7f00	
	108		114					
	114		120		40			
rect	614	359	615	365	00488f
			623	360	
	622			365	002850
	614	364			
	615	360	622	364	003870
	614	365	615	457	007fff
			623	366	
	622			457	00488f
	614	456			
	615	366	622	456	0070e0
	614	231	615	232	909048
			623		
	622				505028
	614				
		232	615	329	ffff7f
			623	233	
	622			329	909048
	614	328			
	615	233	622	328	e0e070
	614	103	615	130	904848
			623	104	
	622			130	502828
	614	129			
	615	104	622	129	703838
	614	130	615	201	ff7f7f
			623	131	
	622			201	904848
	614	200			
	615	131	622	200	e07070
	634	49	636	52	7fff7f
		53		56	60c060
		57		60	
		61		64	
		65		68	
		69		72	7fff7f
		73		76	60c060
		77		80	
		81		84	
		85		88	
		89		92	7fff7f
		93		96	60c060
		97		100	
		101		104	
		105		108	
		109		112	7fff7f
		113		116	60c060
		117		120	
		121		124	
		125		128	
		129		132	7fff7f
		133		136	60c060
		137		140	
		141		144	
		145		148	
		149		152	183018
		153		156	
		157		160	
		161		164	
		165		168	
		169		172	
		173		176	
		177		180	
		181		184	
		185		188	
		189		192	
		193		196	
		197		200	
		201		204	
		205		208	
		209		212	
		213		216	
		217		220	
		221		224	
		225		228	
		229		232	
		233		236	
		237		240	
		241		244	
		245		248	
		249		252	
		253		256	
		257		260	
		261		264	
		265		268	
		269		272	
		273		276	
		277		280	
		281		284	
		285		288	
		289		292	
		293		296	
		297		300	
		301		304	
		305		308	
		309		312	
		313		316	
		317		320	
		321		324	
		325		328	
		329		332	
		333		336	
		337		340	
		341		344	
		345		348	
		349		352	
		353		356	
		357		360	
		361		364	
		365		368	
		369		372	
		373		376	
		377		380	
		381		384	
		385		388	
		389		392	
		393		396	
		397		400	
		401		404	
		405		408	
		409		412	
		413		416	
		417		420	
		421		424	
		425		428	
		429		432	
		433		436	
		437		440	
		441		444	
		445		448	
	621	52	631	56	303000
		57		61	
		62		66	
		67		71	
		72		76	
		77		81	
		82		86	
	7	7	115	115	00ff00
	8	8	114	114	001000
	52	52	70	70	003000
point	70	70	00e000
	58	64	
	60	62	
	58	63	
	65	54	
	60	61	
	59		
	44	70	
	34	38	
rect	12	320	121	440	001000
		330	120	331	009000
		354		355	
		438		439	
	16	450	114	475	001010
	17	462	18	474	00c0c0
			44	463	
	43			474	007070
	17	473			
	18	463	43	473	009090
crop	15	320	21	332	104	48	00ff00	/fonts/computer.png
	21		27		72			
	27		33		24	60		
	33		39					
	39		45		72	48		
	45		51		120			
	51		57		112			
	57		63		0	24		
	63		69		24	60		
	69		75		32			
	75		81		8	48		
	81		87		32	60		
	87		93		40			
	93		99		24			
	15	332	21	344	16			
	21		27		40	72		
	27		33		24	84		
	33		39			72		
	39		45		40	84		
	45		51			72		
	51		57		0	24		
	57		63		8	36		
	63		69					
	15	344	21	356	120	48		
	21		27		16	72		
	27		33		72			
	33		39		8			
	39		45		16	84		
	45		51		32	72		
	51		57		24	84		
	15	356	21	368	72	48		
	21		27		112	72		
	27		33		0	24		
	33		39		32	84		
	39		45		16			
	45		51		8	72		
	51		57		112			
	57		63		24	84		
	63		69		0			
	69		75		120	72		
	75		81		16	84		
	81		87		32			
	87		93		80	36		
	93		99		0	24		
	99		105		40	36		
	105		111		120	24		
	111		117		40	36		
	15	368	21	380	16	60		
	21		27		40	72		
	27		33		24	84		
	33		39			72		
	39		45		40	84		
	45		51			72		
	51		57		32			
	57		63		80	36		
	63		69		0	24		
	69		75			36		
	75		81		120	24		
	81		87		8	36		
	87		93					
	19	462	25	474	96	48	00ffff	
	25		31		40			
	31		37		48			
	37		43		32	60		
	43		49		0	24		
	49		55		104	48		
	55		61		8	72		
	61		67		72			
	67		73		112			
	73		79		0	24		
	79		85		104	48		
	85		91		40	72		
	91		97		112			
	97		103		40	84		
rect	12	180	13	192	ffff00
			121	181	
	120			192	909000
	12	191			
	13	181	120	191	c0c000
crop	15	180	21	192	24	48	000000	/fonts/computer.png
	21		27		120			
	27		33		112			
	33		39		32	60		
	39		45		16			
	45		51		120	48		
	51		57		96			
	15	192	21	204	32	60	7fff7f	
	21		27		16			
	27		33		8	48		
	33		39		112			
	39		45		24	60		
	45		51		0			
	51		57		16			
	57		63		32			
	20	206	30	224	11	1	ffffff	/sprites/...
rect	14	204	36	205	489048
			15	206	
	35		36		
	14	225		226	
		224	15		
	35		36		
	42	206	49	207	003870
		207		224	0060c0
	40	204	51	205	00488f
			41	206	
	50		51		
	40	225		226	
		224	41		
	50		51		
	55	206	62	207	707000
		207		224	c0c000
	53	204	64	205	909000
			54	206	
	63		64		
	53	225		226	
		224	54		
	63		64		
crop	69	204	75	216	16	60	7fff7f	/fonts/computer.png
	75		81		40	48		
	81		87		0	60		
	87		93		40			
	93		99		96	48		
	99		105		24	60		
	105		111		40	48		
	111		117		16	60		
	12	228	18	240	24	48	ff0000	
	18		24		40	72		
	24		30		96			
	30		36					
	36		42		0	24		
	42		48		8	36		
rect	12	252	13	264	007fff
			121	253	
	120			264	00488f
	12	263			
	13	253	120	263	0060c0
crop	15	252	21	264	32	60	000000	/fonts/computer.png
	21		27		8	48		
	27		33		16	60		
	33		39		56	48		
	39		45		40			
	45		51		32	60		
	15	264	21	276	96	48	7fff7f	
	21		27		72			
	27		33		112			
	33		39		40			
	39		45		16	60		
	21	278	29	296		1	ffffff	/sprites/...
rect	14	276	36	277	489048
			15	278	
	35		36		
	14	297		298	
		296	15		
	35		36		
	42	278	49	278	003870
				296	0060c0
	40	276	51	277	00488f
			41	278	
	50		51		
	40	297		298	
		296	41		
	50		51		
