point	262	10	d0d0d0
	307	234	b0b0b0
	251	348	
	442	34	808080
	207	63	b0b0b0
	552	55	808080
	218	58	
	442	137	
	308	403	
	185	274	d0d0d0
	449	411	
	409	84	808080
	133	62	
	547	43	
	187	280	
	443	311	d0d0d0
	278	138	808080
	427	216	d0d0d0
	166	396	b0b0b0
	458	264	
	195	64	
	468	318	808080
	498	258	
	465	264	
	168	163	
	370	394	
	230	458	
	506	141	
	556	323	
	436	275	
	332	179	b0b0b0
	329	420	808080
	155	221	b0b0b0
	306	247	808080
	184	260	b0b0b0
	340	121	808080
	389	368	d0d0d0
	587	268	808080
	485	421	d0d0d0
	374	245	
	192	432	808080
	265	435	b0b0b0
	184	209	
	444	286	808080
	371	405	
	428	109	b0b0b0
	301	312	808080
	254	304	
	203	48	d0d0d0
	479	211	808080
	483	311	
	142	327	b0b0b0
	353	276	
	456	77	
	429	474	808080
	255	288	
	295	432	b0b0b0
	461	447	808080
	598	409	
	462	324	
	493	407	b0b0b0
	138	247	808080
	184	71	b0b0b0
	333	474	
	231	413	d0d0d0
	168	344	
	581	274	808080
	566	123	
	448	197	b0b0b0
	221	104	808080
	129	17	b0b0b0
	556	245	808080
	520	298	
	241	183	
	582	40	
	524	113	b0b0b0
	306	92	
	434	383	808080
	305	457	d0d0d0
	210	413	
	177	193	808080
	361	233	
	485	437	
	370	57	
	169	234	d0d0d0
	332	444	b0b0b0
	327	325	
	543	470	808080
	405	374	
	320	334	
	172	126	
	554	472	
	210	0	
	604	260	b0b0b0
	247	102	d0d0d0
	340	460	b0b0b0
	430	231	808080
	174	464	
	361	265	
	423	173	b0b0b0
	570	73	808080
	308	30	b0b0b0
	487	259	
	563	180	808080
	382	167	b0b0b0
	601	436	808080
	466	183	
	404	127	
	230	430	
	564	301	
	329	270	d0d0d0
	274	141	b0b0b0
	144	412	
	465	316	808080
	338	213	
	497	320	b0b0b0
	243	368	
	343	394	d0d0d0
	438	41	
	480	384	808080
	337	265	d0d0d0
	313	1	b0b0b0
	441	113	808080
	196	14	
	515	296	
rect	170	0	171	481	000050
	426		427		005000
	128	80	609	81	
		336		337	000050
draw	363	232	379	249	/sprites/521.SMIV/23
	192	-2	212	9	/sprites/550.SMIV/0
line	304	51	302	66	489048
			316	61	
	302	66			204020
draw	0	0	128	480	/pictures/501.png
	608		640		/pictures/512.png
crop	29	159	35	171	0	36	ff0000	/fonts/computer.png
	35		41		48			
	41		47		0			
	102		108				ff7f00	
	108		114					
	114		120		40			
rect	614	359	615	365	00488f
			623	360	
	622			365	002850
	614	364			
	615	360	622	364	003870
	614	365	615	457	007fff
			623	366	
	622			457	00488f
	614	456			
	615	366	622	456	0070e0
	614	231	615	232	909048
			623		
	622				505028
	614				
		232	615	329	ffff7f
			623	233	
	622			329	909048
	614	328			
	615	233	622	328	e0e070
	614	103	615	131	904848
			623	104	
	622			131	502828
	614	130			
	615	104	622	130	703838
	614	131	615	201	ff7f7f
			623	132	
	622			201	904848
	614	200			
	615	132	622	200	e07070
	634	49	636	52	7fff7f
		53		56	60c060
		57		60	
		61		64	
		65		68	
		69		72	7fff7f
		73		76	60c060
		77		80	
		81		84	
		85		88	
		89		92	7fff7f
		93		96	60c060
		97		100	
		101		104	
		105		108	
		109		112	7fff7f
		113		116	60c060
		117		120	
		121		124	
		125		128	
		129		132	7fff7f
		133		136	60c060
		137		140	
		141		144	
		145		148	
		149		152	183018
		153		156	
		157		160	
		161		164	
		165		168	
		169		172	
		173		176	
		177		180	
		181		184	
		185		188	
		189		192	
		193		196	
		197		200	
		201		204	
		205		208	
		209		212	
		213		216	
		217		220	
		221		224	
		225		228	
		229		232	
		233		236	
		237		240	
		241		244	
		245		248	
		249		252	
		253		256	
		257		260	
		261		264	
		265		268	
		269		272	
		273		276	
		277		280	
		281		284	
		285		288	
		289		292	
		293		296	
		297		300	
		301		304	
		305		308	
		309		312	
		313		316	
		317		320	
		321		324	
		325		328	
		329		332	
		333		336	
		337		340	
		341		344	
		345		348	
		349		352	
		353		356	
		357		360	
		361		364	
		365		368	
		369		372	
		373		376	
		377		380	
		381		384	
		385		388	
		389		392	
		393		396	
		397		400	
		401		404	
		405		408	
		409		412	
		413		416	
		417		420	
		421		424	
		425		428	
		429		432	
		433		436	
		437		440	
		441		444	
		445		448	
	621	52	631	56	303000
		57		61	
		62		66	
		67		71	
		72		76	
		77		81	
		82		86	
	7	7	115	115	00ff00
	8	8	114	114	001000
	52	52	70	70	003000
point	74	55	00e000
	55	52	
	65	43	
	46	61	
	32	20	
rect	12	320	121	440	001000
		330	120	331	009000
		354		355	
		438		439	
	16	450	114	475	001010
	17	462	18	474	00c0c0
			44	463	
	43			474	007070
	17	473			
	18	463	43	473	009090
crop	15	320	21	332	104	48	00ff00	/fonts/computer.png
	21		27		72			
	27		33		24	60		
	33		39					
	39		45		72	48		
	45		51		120			
	51		57		112			
	57		63		0	24		
	63		69		24	60		
	69		75		32			
	75		81		8	48		
	81		87		32	60		
	87		93		40			
	93		99		24			
	15	332	21	344	16			
	21		27		40	72		
	27		33		24	84		
	33		39			72		
	39		45		40	84		
	45		51			72		
	51		57		0	24		
	57		63		8	36		
	63		69					
	15	344	21	356	120	48		
	21		27		16	72		
	27		33		72			
	33		39		8			
	39		45		16	84		
	45		51		32	72		
	51		57		24	84		
	15	356	21	368	72	48		
	21		27		112	72		
	27		33		0	24		
	33		39		32	84		
	39		45		16			
	45		51		8	72		
	51		57		112			
	57		63		24	84		
	63		69		0			
	69		75		120	72		
	75		81		16	84		
	81		87		32			
	87		93		80	36		
	93		99		0	24		
	99		105		40	36		
	105		111		120	24		
	111		117		40	36		
	15	368	21	380	16	60		
	21		27		40	72		
	27		33		24	84		
	33		39			72		
	39		45		40	84		
	45		51			72		
	51		57		32			
	57		63		80	36		
	63		69		0	24		
	69		75			36		
	75		81		120	24		
	81		87		8	36		
	87		93					
	19	462	25	474	96	48	00ffff	
	25		31		40			
	31		37		48			
	37		43		32	60		
	43		49		0	24		
	49		55		104	48		
	55		61		8	72		
	61		67		72			
	67		73		112			
	73		79		0	24		
	79		85		104	48		
	85		91		40	72		
	91		97		112			
	97		103		40	84		
rect	12	180	13	192	ffff00
			121	181	
	120			192	909000
	12	191			
	13	181	120	191	c0c000
crop	15	180	21	192	24	48	000000	/fonts/computer.png
	21		27		120			
	27		33		112			
	33		39		32	60		
	39		45		16			
	45		51		120	48		
	51		57		96			
	15	192	21	204	32	60	7fff7f	
	21		27		16			
	27		33		8	48		
	33		39		112			
	39		45		24	60		
	45		51		0			
	51		57		16			
	57		63		32			
draw	20	206	30	224	/sprites/567.SMIV/0
rect	14	204	36	205	489048
			15	206	
	35		36		
	14	225		226	
		224	15		
	35		36		
	42	206	49	207	003870
		207		224	0060c0
	40	204	51	205	00488f
			41	206	
	50		51		
	40	225		226	
		224	41		
	50		51		
	55	206	62	207	707000
		207		224	c0c000
	53	204	64	205	909000
			54	206	
	63		64		
	53	225		226	
		224	54		
	63		64		
crop	69	204	75	216	16	60	7fff7f	/fonts/computer.png
	75		81		40	48		
	81		87		0	60		
	87		93		40			
	93		99		96	48		
	99		105		24	60		
	105		111		40	48		
	111		117		16	60		
	12	228	18	240	0		00ff00	
	18		24		8	72		
	24		30		24	84		
	30		36					
	36		42		40	72		
	42		48		112			
	48		54		56			
	54		60		40			
	60		66		16	84		
	66		72		0	24		
	72		78		96	48		
	78		84		72	72		
	84		90		112			
	90		96		40			
	96		102		16	84		
rect	12	252	13	264	007fff
			121	253	
	120			264	00488f
	12	263			
	13	253	120	263	0060c0
crop	15	252	21	264	32	60	000000	/fonts/computer.png
	21		27		8	48		
	27		33		16	60		
	33		39		56	48		
	39		45		40			
	45		51		32	60		
	15	264	21	276	96	48	7fff7f	
	21		27		72			
	27		33		112			
	33		39		40			
	39		45		16	60		
draw	21	278	29	296	/sprites/565.SMIV/0
rect	14	276	36	277	489048
			15	278	
	35		36		
	14	297		298	
		296	15		
	35		36		
	42	278	49	278	003870
				296	0060c0
	40	276	51	277	00488f
			41	278	
	50		51		
	40	297		298	
		296	41		
	50		51		
