point	394	223	d0d0d0
	406	393	b0b0b0
	602	20	808080
	508	141	
	306	222	b0b0b0
	143	358	
	284	164	808080
	508	243	
	286	30	
	566	5	
	133	352	b0b0b0
	475	191	808080
	199	169	
	134	272	b0b0b0
	253	386	808080
	397	33	b0b0b0
	344	244	808080
	559	429	d0d0d0
	212	51	808080
	557	424	b0b0b0
	294	223	
	534	424	808080
	564	364	
	531	370	
	234	269	
	198	40	d0d0d0
	568	125	b0b0b0
	572	248	808080
	155	386	d0d0d0
	501	382	808080
	431	339	b0b0b0
		47	808080
	254	380	b0b0b0
	372	353	808080
	283	419	b0b0b0
	405	227	808080
	392	76	b0b0b0
	173	478	808080
	299	153	d0d0d0
	506	458	
	128	423	
	437	115	b0b0b0
	282	369	
	510	393	808080
	256	46	b0b0b0
	527	269	
	367	419	808080
	320	410	
	335	260	d0d0d0
	545	317	808080
	548	418	
	536	8	d0d0d0
	452	436	b0b0b0
	555	237	
	495	200	d0d0d0
	321	394	808080
	338	147	d0d0d0
	207	74	808080
	146	17	b0b0b0
	528	430	808080
	494	86	b0b0b0
	204	353	808080
	283	230	b0b0b0
	354	153	
	423	146	d0d0d0
	267	58	b0b0b0
	206	225	d0d0d0
	163	249	b0b0b0
	547	357	
	287	211	808080
	228	176	b0b0b0
	155	89	d0d0d0
	585	404	808080
	307	289	
	188	426	b0b0b0
	143	270	
	405	251	
	553	14	
	141	63	d0d0d0
	308	146	
	243	299	808080
	427	339	
	439	63	
	436	164	
	301	446	d0d0d0
	133	311	b0b0b0
	571	5	
	182	181	808080
	471	480	
	385	441	
	238	232	
	270	148	b0b0b0
	276	106	808080
	432	141	b0b0b0
	379	314	d0d0d0
	520	184	
	496	337	808080
	465	136	b0b0b0
	427	371	808080
	522	332	b0b0b0
	311	58	d0d0d0
	407	189	b0b0b0
	586	418	
	169	403	d0d0d0
	481	326	b0b0b0
	187	110	808080
	532	290	
	470	233	
	376	111	d0d0d0
	150	191	808080
	490	3	d0d0d0
	373	300	b0b0b0
	546	61	808080
	531	422	
	404	319	
	596	480	b0b0b0
	491	33	808080
	508	65	
	570	253	d0d0d0
	510	14	b0b0b0
	469	477	d0d0d0
	412	161	b0b0b0
	506	220	808080
	262	120	
	581	402	
rect	302	0	303	481	000050
	558		559		005000
	128	40	609	41	000050
		296		297	005000
line	252	118	258	126	00ff00
	325	152	329	161	
draw	361	232	377	249	/sprites/521.SMIV/0
	251	24	271	39	/sprites/550.SMIV/22
line	344	42	338	56	489048
			353	54	
	338	56			204020
draw	0	-144	128	624	/pictures/501.png
	608		640		/pictures/512.png
crop	29	159	35	171	0	36	ff0000	/fonts/computer.png
	35		41		48			
	41		47		8			
	102		108		0		ff7f00	
	108		114					
	114		120		40			
rect	614	359	615	365	00488f
			623	360	
	622			365	002850
	614	364			
	615	360	622	364	003870
	614	365	615	457	007fff
			623	366	
	622			457	00488f
	614	456			
	615	366	622	456	0070e0
	614	231	615	232	909048
			623		
	622				505028
	614				
		232	615	329	ffff7f
			623	233	
	622			329	909048
	614	328			
	615	233	622	328	e0e070
	614	103	615	132	904848
			623	104	
	622			132	502828
	614	131			
	615	104	622	131	703838
	614	132	615	201	ff7f7f
			623	133	
	622			201	904848
	614	200			
	615	133	622	200	e07070
	634	49	636	52	7fff7f
		53		56	60c060
		57		60	
		61		64	
		65		68	
		69		72	7fff7f
		73		76	60c060
		77		80	
		81		84	
		85		88	
		89		92	7fff7f
		93		96	60c060
		97		100	
		101		104	
		105		108	
		109		112	7fff7f
		113		116	60c060
		117		120	
		121		124	
		125		128	
		129		132	7fff7f
		133		136	60c060
		137		140	
		141		144	
		145		148	
		149		152	183018
		153		156	
		157		160	
		161		164	
		165		168	
		169		172	
		173		176	
		177		180	
		181		184	
		185		188	
		189		192	
		193		196	
		197		200	
		201		204	
		205		208	
		209		212	
		213		216	
		217		220	
		221		224	
		225		228	
		229		232	
		233		236	
		237		240	
		241		244	
		245		248	
		249		252	
		253		256	
		257		260	
		261		264	
		265		268	
		269		272	
		273		276	
		277		280	
		281		284	
		285		288	
		289		292	
		293		296	
		297		300	
		301		304	
		305		308	
		309		312	
		313		316	
		317		320	
		321		324	
		325		328	
		329		332	
		333		336	
		337		340	
		341		344	
		345		348	
		349		352	
		353		356	
		357		360	
		361		364	
		365		368	
		369		372	
		373		376	
		377		380	
		381		384	
		385		388	
		389		392	
		393		396	
		397		400	
		401		404	
		405		408	
		409		412	
		413		416	
		417		420	
		421		424	
		425		428	
		429		432	
		433		436	
		437		440	
		441		444	
		445		448	
	621	52	631	56	303000
		57		61	
		62		66	
		67		71	
		72		76	
		77		81	
		82		86	
	7	7	115	115	00ff00
	8	8	114	114	001000
	53	53	71	71	003000
point	79	63	00e000
	57	57	
		53	
	60	58	
	74	57	
	49	73	
	34	27	
rect	12	320	121	440	001000
		330	120	331	009000
		354		355	
		438		439	
	16	450	114	475	001010
	17	462	18	474	00c0c0
			44	463	
	43			474	007070
	17	473			
	18	463	43	473	009090
crop	15	320	21	332	104	48	00ff00	/fonts/computer.png
	21		27		72			
	27		33		24	60		
	33		39					
	39		45		72	48		
	45		51		120			
	51		57		112			
	57		63		0	24		
	63		69		24	60		
	69		75		32			
	75		81		8	48		
	81		87		32	60		
	87		93		40			
	93		99		24			
	15	332	21	344	16			
	21		27		40	72		
	27		33		24	84		
	33		39			72		
	39		45		40	84		
	45		51			72		
	51		57		0	24		
	57		63		8	36		
	63		69					
	15	344	21	356	120	48		
	21		27		16	72		
	27		33		72			
	33		39		8			
	39		45		16	84		
	45		51		32	72		
	51		57		24	84		
	15	356	21	368	72	48		
	21		27		112	72		
	27		33		0	24		
	33		39		32	84		
	39		45		16			
	45		51		8	72		
	51		57		112			
	57		63		24	84		
	63		69		0			
	69		75		120	72		
	75		81		16	84		
	81		87		32			
	87		93		80	36		
	93		99		0	24		
	99		105		40	36		
	105		111		120	24		
	111		117		40	36		
	15	368	21	380	16	60		
	21		27		40	72		
	27		33		24	84		
	33		39			72		
	39		45		40	84		
	45		51			72		
	51		57		32			
	57		63		80	36		
	63		69		0	24		
	69		75			36		
	75		81		120	24		
	81		87		8	36		
	87		93					
	19	462	25	474	96	48	00ffff	
	25		31		40			
	31		37		48			
	37		43		32	60		
	43		49		0	24		
	49		55		104	48		
	55		61		8	72		
	61		67		72			
	67		73		112			
	73		79		0	24		
	79		85		104	48		
	85		91		40	72		
	91		97		112			
	97		103		40	84		
rect	12	180	13	192	ffff00
			121	181	
	120			192	909000
	12	191			
	13	181	120	191	c0c000
crop	15	180	21	192	24	48	000000	/fonts/computer.png
	21		27		120			
	27		33		112			
	33		39		32	60		
	39		45		16			
	45		51		120	48		
	51		57		96			
	15	192	21	204	32	60	7fff7f	
	21		27		16			
	27		33		8	48		
	33		39		112			
	39		45		24	60		
	45		51		0			
	51		57		16			
	57		63		32			
draw	20	206	30	224	/sprites/567.SMIV/0
rect	14	204	36	205	489048
			15	206	
	35		36		
	14	225		226	
		224	15		
	35		36		
	42	206	49	207	003870
		207		224	0060c0
	40	204	51	205	00488f
			41	206	
	50		51		
	40	225		226	
		224	41		
	50		51		
	55	206	62	207	707000
		207		224	c0c000
	53	204	64	205	909000
			54	206	
	63		64		
	53	225		226	
		224	54		
	63		64		
crop	69	204	75	216	16	60	7fff7f	/fonts/computer.png
	75		81		40	48		
	81		87		0	60		
	87		93		40			
	93		99		96	48		
	99		105		24	60		
	105		111		40	48		
	111		117		16	60		
	12	228	18	240	0		00ff00	
	18		24		8	72		
	24		30		24	84		
	30		36					
	36		42		40	72		
	42		48		112			
	48		54		56			
	54		60		40			
	60		66		16	84		
	66		72		0	24		
	72		78		96	48		
	78		84		72	72		
	84		90		112			
	90		96		40			
	96		102		16	84		
rect	12	252	13	264	007fff
			121	253	
	120			264	00488f
	12	263			
	13	253	120	263	0060c0
crop	15	252	21	264	32	60	000000	/fonts/computer.png
	21		27		8	48		
	27		33		16	60		
	33		39		56	48		
	39		45		40			
	45		51		32	60		
	15	264	21	276	96	48	7fff7f	
	21		27		72			
	27		33		112			
	33		39		40			
	39		45		16	60		
draw	21	278	29	296	/sprites/565.SMIV/0
rect	14	276	36	277	489048
			15	278	
	35		36		
	14	297		298	
		296	15		
	35		36		
	42	278	49	278	003870
				296	0060c0
	40	276	51	277	00488f
			41	278	
	50		51		
	40	297		298	
		296	41		
	50		51		
