line	358	66	357	66	808080
	458	432	457	432	
	215	223	214	222	b0b0b0
	280	160	279	160	
	267	375	266	375	
	243	132	242	132	d0d0d0
	551	15	550	15	
	603	54	602	54	b0b0b0
	316	425	315	425	808080
	218	424	217	423	d0d0d0
	396	395	395	395	808080
	391	439	389	438	b0b0b0
	382	206	380	206	d0d0d0
	380	30	379	29	
	495	117	494	117	b0b0b0
	157	114	155	113	
	390	153	389	153	d0d0d0
	295	105	294	105	b0b0b0
	311	243	310	243	808080
	245	296	244	295	b0b0b0
	470	213	469	213	808080
	254	49	252	49	d0d0d0
	418	118	417	118	808080
	568	403	567	402	b0b0b0
	562	55	561	55	808080
	308	306	307	306	
	425	31	424	31	
	200	465	199	464	d0d0d0
	355	362	354	362	808080
	424	305	424	305	
	183	213	182	213	
	550	232	549	232	
	351	133	350	132	b0b0b0
	345	43	344	43	808080
	530	164	529	164	d0d0d0
	437	461	436	460	b0b0b0
	473	391	472	390	808080
	344	106	342	105	d0d0d0
	576	290	575	290	808080
	216	341	214	341	b0b0b0
	283	222	282	222	d0d0d0
	208	384	208	384	808080
	419	276	418	275	d0d0d0
	479	367	478	367	808080
	474	306	472	305	d0d0d0
	475	450	473	450	
	416	136	415	136	b0b0b0
	571	161	570	161	808080
	228	185	227	185	
	187	36	186	35	b0b0b0
	438	170	437	170	
	263	335	263	335	808080
	534	220	534	219	
	504	369	502	369	b0b0b0
	320	302	319	302	808080
	483	88	482	87	
	510	14	510	13	
	543	34	542	34	
	347	94	345	94	d0d0d0
	313	60	312	60	808080
	549	242	548	242	b0b0b0
	146	220	144	220	d0d0d0
	321	253	320	253	
	138	238	136	237	
	206	248	205	248	808080
	415	330	414	330	b0b0b0
	285	402	284	402	
	331	234	330	234	808080
	410	274	409	274	b0b0b0
	322	13	321	13	
	166	6	165	6	808080
	162	63	161	63	d0d0d0
	262	203	261	202	b0b0b0
	603	28	602	27	d0d0d0
	482	43	481	43	808080
	452	245	452	245	
	285	335	284	335	b0b0b0
	182	22	182	22	808080
	385	233	383	232	d0d0d0
	293	155	292	155	808080
	286	246	285	246	
	317	185	315	185	b0b0b0
	575	432	574	432	808080
	594	409	593	409	
	561	402	560	402	d0d0d0
	594	476	592	475	
	212	25	211	25	
	442	424	441	424	808080
	258	464	258	464	
	133	105	132	105	
	510	107	509	106	b0b0b0
	258	366	257	365	
	543	322	541	322	d0d0d0
	410	2	408	2	b0b0b0
	270	380	269	380	808080
	277	451	276	451	
	529	125	527	125	b0b0b0
	354	10	352	9	d0d0d0
	225	400	224	399	
	585	367	584	367	
	201	3	201	2	808080
	574	149	573	149	b0b0b0
	275	436	275	436	808080
	407	141	406	141	b0b0b0
	516	99	515	98	
	447	65	446	65	d0d0d0
	557	329	556	329	b0b0b0
	160	464	158	463	d0d0d0
	371	360	370	359	808080
	398	380	397	380	
	518	92	517	92	b0b0b0
	378	1	377	1	808080
	376	427	375	427	
	509	251	508	251	b0b0b0
	360	152	359	152	808080
	251	204	249	204	d0d0d0
	206	409	205	409	b0b0b0
	473	364	472	364	808080
	299	444	297	443	d0d0d0
	370	346	370	346	808080
	151	4	149	3	d0d0d0
	269	66	268	66	808080
	497	24	496	24	
	361	191	360	191	
	495	439	494	438	
rect	161	0	162	481	005000
	282		283		002850
	403		404		
	524		525		
	128	22	609	23	
		143		144	
		264		265	
		385		386	005000
	283	272	295	284	900000
triangle	363	235	371	243	00c000
	285	274	293	282	c00000
					
	275	267	285	277	
rect	281	270	283	272	ff0000
dither	535	459	604	476	303000
crop	539	463	546	474	32	55	000000	/fonts/tactical.png
	546		553		16	77		
	553		560		8	66		
	560		567		112			
	567		574		24	77		
	574		581		0			
	581		588		120	66		
	588		595		16	77		
	595		602		32			
	538	462	545	473		55	ffff00	
	545		552		16	77		
	552		559		8	66		
	559		566		112			
	566		573		24	77		
	573		580		0			
	580		587		120	66		
	587		594		16	77		
	594		601		32			
dither	556	366	604	383	001830
crop	560	370	567	381	24	44	000000	/fonts/tactical.png
	567		574		40	66		
	574		581		96			
	581		588					
	588		595		0	22		
	595		602		16	33		
	559	369	566	380	24	44	007fff	
	566		573		40	66		
	573		580		96			
	580		587					
	587		594		0	22		
	594		601		16	33		
dither	200	50	367	67	003030
crop	204	54	211	65	80	55	000000	/fonts/tactical.png
	211		218		120	66		
	218		225					
	225		232		104			
	232		239		0	22		
	239		246		32	77		
	246		253		120	66		
	253		260		0	22		
	260		267		24	44		
	267		274		96	66		
	274		281		120			
	281		288		24	77		
	288		295		40	66		
	295		302		24	77		
	302		309		32			
	309		316		0	22		
	316		323		64	44		
	323		330		120	66		
	330		337		24	77		
	337		344		32			
	344		351		72	66		
	351		358		96			
	358		365		40			
	203	53	210	64	80	55	00ffff	
	210		217		120	66		
	217		224					
	224		231		104			
	231		238		0	22		
	238		245		32	77		
	245		252		120	66		
	252		259		0	22		
	259		266		24	44		
	266		273		96	66		
	273		280		120			
	280		287		24	77		
	287		294		40	66		
	294		301		24	77		
	301		308		32			
	308		315		0	22		
	315		322		64	44		
	322		329		120	66		
	329		336		24	77		
	336		343		32			
	343		350		72	66		
	350		357		96			
	357		364		40			
line	177	182	187	193	489048
			192	179	
	187	193			204020
draw	0	-144	128	624	/pictures/gui/instruments/left.png
	608		640		/pictures/gui/instruments/right.png
crop	29	159	35	171	0	36	ff0000	/fonts/computer.png
	35		41		48			
	41		47		32			
	102		108		0		ff7f00	
	108		114					
	114		120		40			
rect	614	359	615	365	00488f
			623	360	
	622			365	002850
	614	364			
	615	360	622	364	003870
	614	365	615	457	007fff
			623	366	
	622			457	00488f
	614	456			
	615	366	622	456	0070e0
	614	231	615	246	909048
			623	232	
	622			246	505028
	614	245			
	615	232	622	245	707038
	614	246	615	329	ffff7f
			623	247	
	622			329	909048
	614	328			
	615	247	622	328	e0e070
	614	103	615	130	904848
			623	104	
	622			130	502828
	614	129			
	615	104	622	129	703838
	614	130	615	201	ff7f7f
			623	131	
	622			201	904848
	614	200			
	615	131	622	200	e07070
	634	49	636	52	7fff7f
		53		56	60c060
		57		60	
		61		64	
		65		68	
		69		72	7fff7f
		73		76	60c060
		77		80	
		81		84	
		85		88	
		89		92	7fff7f
		93		96	60c060
		97		100	
		101		104	
		105		108	
		109		112	7fff7f
		113		116	60c060
		117		120	
		121		124	
		125		128	
		129		132	7fff7f
		133		136	60c060
		137		140	
		141		144	
		145		148	
		149		152	183018
		153		156	
		157		160	
		161		164	
		165		168	
		169		172	
		173		176	
		177		180	
		181		184	
		185		188	
		189		192	
		193		196	
		197		200	
		201		204	
		205		208	
		209		212	
		213		216	
		217		220	
		221		224	
		225		228	
		229		232	
		233		236	
		237		240	
		241		244	
		245		248	
		249		252	
		253		256	
		257		260	
		261		264	
		265		268	
		269		272	
		273		276	
		277		280	
		281		284	
		285		288	
		289		292	
		293		296	
		297		300	
		301		304	
		305		308	
		309		312	
		313		316	
		317		320	
		321		324	
		325		328	
		329		332	
		333		336	
		337		340	
		341		344	
		345		348	
		349		352	
		353		356	
		357		360	
		361		364	
		365		368	
		369		372	
		373		376	
		377		380	
		381		384	
		385		388	
		389		392	
		393		396	
		397		400	
		401		404	
		405		408	
		409		412	
		413		416	
		417		420	
		421		424	
		425		428	
		429		432	
		433		436	
		437		440	
		441		444	
		445		448	
	621	52	631	56	303000
		57		61	
		62		66	
		67		71	
		72		76	
		77		81	
		82		86	
	7	7	115	115	00ff00
	8	8	114	114	001000
					003000
point	35	73	00e000
	32	71	
			
			
	35	73	
			
	32	71	
rect	12	320	121	440	001000
		330	120	331	009000
		354		355	
		438		439	
	16	450	114	475	001010
	17	462	18	474	00c0c0
			44	463	
	43			474	007070
	17	473			
	18	463	43	473	009090
crop	15	320	21	332	104	48	00ff00	/fonts/computer.png
	21		27		72			
	27		33		24	60		
	33		39					
	39		45		72	48		
	45		51		120			
	51		57		112			
	57		63		0	24		
	63		69		24	60		
	69		75		32			
	75		81		8	48		
	81		87		32	60		
	87		93		40			
	93		99		24			
	15	332	21	344	16			
	21		27		40	72		
	27		33		24	84		
	33		39			72		
	39		45		40	84		
	45		51			72		
	51		57		0	24		
	57		63		8	36		
	63		69					
	15	344	21	356	120	48		
	21		27		16	72		
	27		33		72			
	33		39		8			
	39		45		16	84		
	45		51		32	72		
	51		57		24	84		
	15	356	21	368	72	48		
	21		27		112	72		
	27		33		0	24		
	33		39		32	84		
	39		45		16			
	45		51		8	72		
	51		57		112			
	57		63		24	84		
	63		69		0			
	69		75		120	72		
	75		81		16	84		
	81		87		32			
	87		93		80	36		
	93		99		0	24		
	99		105		40	36		
	105		111		120	24		
	111		117		40	36		
	15	368	21	380	16	60		
	21		27		40	72		
	27		33		24	84		
	33		39			72		
	39		45		40	84		
	45		51			72		
	51		57		32			
	57		63		80	36		
	63		69		0	24		
	69		75			36		
	75		81		120	24		
	81		87		8	36		
	87		93					
	19	462	25	474	96	48	00ffff	
	25		31		40			
	31		37		48			
	37		43		32	60		
	43		49		0	24		
	49		55		104	48		
	55		61		8	72		
	61		67		72			
	67		73		112			
	73		79		0	24		
	79		85		104	48		
	85		91		40	72		
	91		97		112			
	97		103		40	84		
rect	12	180	13	192	ffff00
			121	181	
	120			192	909000
	12	191			
	13	181	120	191	c0c000
crop	15	180	21	192	24	48	000000	/fonts/computer.png
	21		27		120			
	27		33		112			
	33		39		32	60		
	39		45		16			
	45		51		120	48		
	51		57		96			
	15	192	21	204	32	60	7fff7f	
	21		27		16			
	27		33		8	48		
	33		39		112			
	39		45		24	60		
	45		51		0			
	51		57		16			
	57		63		32			
draw	20	206	30	224	/sprites/obi/transport%0
rect	14	204	36	205	489048
			15	206	
	35		36		
	14	225		226	
		224	15		
	35		36		
	42	206	49	207	003870
		207		224	0060c0
	40	204	51	205	00488f
			41	206	
	50		51		
	40	225		226	
		224	41		
	50		51		
	55	206	62	207	707000
		207		224	c0c000
	53	204	64	205	909000
			54	206	
	63		64		
	53	225		226	
		224	54		
	63		64		
crop	69	204	75	216	16	60	7fff7f	/fonts/computer.png
	75		81		40	48		
	81		87		0	60		
	87		93		40			
	93		99		96	48		
	99		105		24	60		
	105		111		40	48		
	111		117		16	60		
	12	228	18	240	0		00ff00	
	18		24		8	72		
	24		30		24	84		
	30		36					
	36		42		40	72		
	42		48		112			
	48		54		56			
	54		60		40			
	60		66		16	84		
	66		72		0	24		
	72		78		96	48		
	78		84		72	72		
	84		90		112			
	90		96		40			
	96		102		16	84		
rect	12	252	13	264	007fff
			121	253	
	120			264	00488f
	12	263			
	13	253	120	263	0060c0
crop	15	252	21	264	32	60	000000	/fonts/computer.png
	21		27		8	48		
	27		33		16	60		
	33		39		56	48		
	39		45		40			
	45		51		32	60		
	15	264	21	276	24	48	7fff7f	
	21		27		40	72		
	27		33		96			
	33		39					
	39		45		0	24		
	45		51		16	36		
draw	16	278	33	296	/sprites/gai/etc/lab%0
rect	14	276	36	277	489048
			15	278	
	35		36		
	14	297		298	
		296	15		
	35		36		
	42	278	49	278	003870
				296	0060c0
	40	276	51	277	00488f
			41	278	
	50		51		
	40	297		298	
		296	41		
	50		51		
