point	526	189	808080
	451	364	
	366	153	d0d0d0
	152	297	808080
	150	330	b0b0b0
	340	318	
	319	1	808080
	525	287	
	500	208	
	375	392	d0d0d0
	290	32	b0b0b0
	225	429	808080
		236	d0d0d0
	242	433	b0b0b0
	170	188	
	354	7	
	421	413	808080
	222	50	
	551	78	
	174	75	b0b0b0
	515	33	808080
	266	287	d0d0d0
	221	144	
	588	316	808080
	562	355	
	521	308	b0b0b0
	385	91	
	184	240	d0d0d0
	141	145	b0b0b0
	215	399	
	424	323	808080
	312	315	
	207	23	
	585	424	
	332	351	
	322	336	b0b0b0
	475	391	808080
	239	230	
	552	70	d0d0d0
	329	79	b0b0b0
	588	403	d0d0d0
	372	90	b0b0b0
	178	270	d0d0d0
	241	431	808080
	512	416	b0b0b0
	378	149	
	145	136	808080
	433	150	b0b0b0
	468	290	808080
	291	472	
	213	31	b0b0b0
	568	100	d0d0d0
	488	123	808080
	348	214	b0b0b0
	515	274	d0d0d0
	217	152	808080
	523	10	
	513	74	b0b0b0
	218	460	
	206	47	808080
	587	185	
	600	121	
	511	26	
	522	36	
	570	39	
	417	284	
	378	155	b0b0b0
	343	436	
	352	56	d0d0d0
	209	292	808080
	404	281	b0b0b0
	149	324	808080
	152	373	d0d0d0
	329	399	808080
	484	188	
	214	194	
	182	405	d0d0d0
	535	171	
	129	362	b0b0b0
	462	210	d0d0d0
	448	333	
	322	205	b0b0b0
	398	306	
	593	33	808080
	286	40	d0d0d0
	570	49	
	206	64	808080
	204	259	
	555	35	b0b0b0
	375	157	808080
	486	439	d0d0d0
	497	471	
	312	318	b0b0b0
	345	206	d0d0d0
	328	24	b0b0b0
	434	430	d0d0d0
	185	104	
	537	114	808080
	205	273	b0b0b0
	595	160	
	236	27	808080
	412	287	
	473	200	b0b0b0
	237	182	808080
	468	51	
	453	67	d0d0d0
	337	347	808080
	484	254	
	492	471	b0b0b0
	170	32	808080
	427	7	b0b0b0
	504	205	
	170	47	
	508	353	808080
	596	424	d0d0d0
	193	446	808080
	129	198	b0b0b0
	235	350	808080
	456	347	
	132	422	
	450	129	b0b0b0
	509	298	808080
	260	205	
	598	404	b0b0b0
	441	218	
line	172	0	172	480	000050
	401		401		
	128	73	608	73	
		302		302	
draw	358	232	375	243	/sprites/521.SMIV/7
	139	439	154	453	/sprites/550.SMIV/3
	38	77	41	79	/sprites/513.SMIV/22
	258	407	261	409	/sprites/513.SMIV/7
dither	200	50	269	67	003030
crop	204	54	211	65	8	33	000000	/fonts/tactical
	211		218		80			
	218		225		8			
	225		232		48			
	232		239		0	22		
	239		246		80	55		
	246		253		120	66		
	253		260					
	260		267		104			
	203	53	210	64	8	33	00ffff	
	210		217		80			
	217		224		8			
	224		231		48			
	231		238		0	22		
	238		245		80	55		
	245		252		120	66		
	252		259					
	259		266		104			
line	557	296	547	285	489048
			542	299	
	547	285			204020
draw	0	0	128	480	/pictures/501.png
	608		640		/pictures/512.png
crop	29	159	35	171	0	36	ff0000	/fonts/computer
	35		41		40			
	41		47		16			
	102		108		0		ff7f00	
	108		114					
	114		120		40			
line	614	384	614	359	00488f
		359	622		
	622			384	002850
		384	614		
rect	615	360	622	384	003870
line	614	456	614	385	007fff
		385	622		
	622			456	00488f
		456	614		
rect	615	386	622	456	0070e0
line	614	231	614	231	909048
			622		
	622				505028
			614		
	614	328		232	ffff7f
		232	622		
	622			328	909048
		328	614		
rect	615	233	622	328	e0e070
line	614	130	614	103	904848
		103	622		
	622			130	502828
		130	614		
rect	615	104	622	130	703838
line	614	200	614	131	ff7f7f
		131	622		
	622			200	904848
		200	614		
rect	615	132	622	200	e07070
	634	49	636	52	7fff7f
		53		56	60c060
		57		60	
		61		64	
		65		68	
		69		72	7fff7f
		73		76	60c060
		77		80	
		81		84	
		85		88	
		89		92	7fff7f
		93		96	60c060
		97		100	
		101		104	
		105		108	
		109		112	7fff7f
		113		116	60c060
		117		120	
		121		124	
		125		128	
		129		132	7fff7f
		133		136	60c060
		137		140	
		141		144	
		145		148	
		149		152	183018
		153		156	
		157		160	
		161		164	
		165		168	
		169		172	
		173		176	
		177		180	
		181		184	
		185		188	
		189		192	
		193		196	
		197		200	
		201		204	
		205		208	
		209		212	
		213		216	
		217		220	
		221		224	
		225		228	
		229		232	
		233		236	
		237		240	
		241		244	
		245		248	
		249		252	
		253		256	
		257		260	
		261		264	
		265		268	
		269		272	
		273		276	
		277		280	
		281		284	
		285		288	
		289		292	
		293		296	
		297		300	
		301		304	
		305		308	
		309		312	
		313		316	
		317		320	
		321		324	
		325		328	
		329		332	
		333		336	
		337		340	
		341		344	
		345		348	
		349		352	
		353		356	
		357		360	
		361		364	
		365		368	
		369		372	
		373		376	
		377		380	
		381		384	
		385		388	
		389		392	
		393		396	
		397		400	
		401		404	
		405		408	
		409		412	
		413		416	
		417		420	
		421		424	
		425		428	
		429		432	
		433		436	
		437		440	
		441		444	
		445		448	
	621	52	631	56	303000
		57		61	
		62		66	
		67		71	
		72		76	
		77		81	
		82		86	
	7	7	115	115	00ff00
	8	8	114	114	001000
	51	51	71	71	003000
point	75	78	00e000
		74	
	52	70	
	47	54	
	57	68	
rect	12	320	121	440	001000
line	12	330	119	330	009000
crop	15	320	21	332	104	48	00ff00	/fonts/computer
	21		27		72			
	27		33		24	60		
	33		39					
	39		45		72	48		
	45		51		120			
	51		57		112			
	57		63		0	24		
	63		69		24	60		
	69		75		32			
	75		81		8	48		
	81		87		32	60		
	87		93		40			
	93		99		24			
	15	332	21	344	16			
	21		27		40	72		
	27		33		24	84		
	33		39			72		
	39		45		40	84		
	45		51			72		
	51		57		0	24		
	57		63		8	36		
	63		69					
line	12	354	119	354	009000
crop	15	344	21	356	120	48	00ff00	/fonts/computer
	21		27		16	72		
	27		33		72			
	33		39		8			
	39		45		16	84		
	45		51		32	72		
	51		57		24	84		
	15	356	21	368	72	48		
	21		27		112	72		
	27		33		0	24		
	33		39		32	84		
	39		45		16			
	45		51		8	72		
	51		57		112			
	57		63		24	84		
	63		69		0			
	69		75		120	72		
	75		81		16	84		
	81		87		32			
	87		93		80	36		
	93		99		0	24		
	99		105			36		
	105		111		120	24		
	111		117		40	36		
	15	368	21	380	16	60		
	21		27		40	72		
	27		33		24	84		
	33		39			72		
	39		45		40	84		
	45		51			72		
	51		57		32			
	57		63		80	36		
	63		69		0	24		
	69		75		16	36		
	75		81		120	24		
	81		87		8	36		
	87		93					
line	12	438	119	438	009000
rect	16	450	114	475	001010
line	17	473	17	462	00c0c0
		462	43		
	43			473	007070
		473	17		
rect	18	463	43	473	009090
crop	19	462	25	474	96	48	00ffff	/fonts/computer
	25		31		40			
	31		37		48			
	37		43		32	60		
	43		49		0	24		
	49		55		104	48		
	55		61		8	72		
	61		67		72			
	67		73		112			
	73		79		0	24		
	79		85		104	48		
	85		91		40	72		
	91		97		112			
	97		103		40	84		
line	12	191	12	180	ffff00
		180	120		
	120			191	909000
		191	12		
rect	13	181	120	191	c0c000
crop	15	180	21	192	24	48	000000	/fonts/computer
	21		27		120			
	27		33		112			
	33		39		32	60		
	39		45		16			
	45		51		120	48		
	51		57		96			
	15	192	21	204	32	60	7fff7f	
	21		27		16			
	27		33		8	48		
	33		39		112			
	39		45		24	60		
	45		51		0			
	51		57		16			
	57		63		32			
draw	20	206	30	224	/sprites/567.SMIV/0
line	14	204	35	204	489048
			14	205	
	35		35		
	14	225		225	
			14	224	
	35		35		
rect	42	206	49	207	003870
		207		224	0060c0
line	40	204	50	204	00488f
			40	205	
	50		50		
	40	225		225	
			40	224	
	50		50		
rect	55	206	62	207	707000
		207		224	c0c000
line	53	204	63	204	909000
			53	205	
	63		63		
	53	225		225	
			53	224	
	63		63		
crop	69	204	75	216	16	60	7fff7f	/fonts/computer
	75		81		40	48		
	81		87		0	60		
	87		93		40			
	93		99		96	48		
	99		105		24	60		
	105		111		40	48		
	111		117		16	60		
	12	228	18	240	24	48	ff0000	
	18		24		40	72		
	24		30		96			
	30		36					
	36		42		0	24		
	42		48		16	36		
line	12	263	12	252	007fff
		252	120		
	120			263	00488f
		263	12		
rect	13	253	120	263	0060c0
crop	15	252	21	264	32	60	000000	/fonts/computer
	21		27		8	48		
	27		33		16	60		
	33		39		56	48		
	39		45		40			
	45		51		32	60		
	15	264	21	276	24	48	7fff7f	
	21		27		40	72		
	27		33		96			
	33		39					
	39		45		0	24		
	45		51		16	36		
draw	17	278	34	296	/sprites/595.SMIV/0
line	14	276	35	276	489048
			14	277	
	35		35		
	14	297		297	
			14	296	
	35		35		
rect	42	278	49	278	003870
				296	0060c0
line	40	276	50	276	00488f
			40	277	
	50		50		
	40	297		297	
			40	296	
	50		50		
