point	457	156	808080
	382	331	
	226	86	d0d0d0
	518	184	
	524	100	b0b0b0
	235	268	
	299	416	d0d0d0
	455	254	808080
	431	174	
	235	326	d0d0d0
	433	455	
	156	396	808080
	565	67	d0d0d0
	137	383	b0b0b0
	565	10	808080
	134	436	b0b0b0
	351	380	808080
	152	17	
	481	45	
	548	153	b0b0b0
	445	0	808080
	606	393	
	559	201	d0d0d0
	519	283	808080
	492	322	
	416	257	b0b0b0
	280	41	
	544	353	
	486	101	d0d0d0
	584	130	
	355	290	808080
	242	282	
	353	460	d0d0d0
	515	391	808080
	263	318	
	217	286	b0b0b0
	405	358	808080
	169	197	
	412	3	d0d0d0
	224	29	b0b0b0
	448	337	d0d0d0
	267	40	b0b0b0
	561	203	808080
	171	398	
	408	366	b0b0b0
	274	98	
	555	389	808080
	328	100	b0b0b0
	399	257	808080
	222	439	
	184	454	d0d0d0
	428	33	
	418	90	808080
	243	164	b0b0b0
	375	207	d0d0d0
	148	119	808080
	238	433	d0d0d0
	409	24	b0b0b0
	592	225	
	136	14	808080
	518	152	
	530	88	
	184	465	d0d0d0
	452	3	808080
	501	6	
	347	251	
	274	104	b0b0b0
	238	385	
	248	471	
	140	258	808080
	299	231	b0b0b0
	535	242	
	548	393	808080
	259	366	
	415	155	
	145	161	
	521	225	d0d0d0
	395	104	
	538	267	808080
	322	144	d0d0d0
	309	266	
	217	155	b0b0b0
	293	256	
	523	0	808080
	402	465	
	569	470	
	136	31	
	134	226	
	387	464	b0b0b0
	305	124	808080
	347	372	d0d0d0
	358	404	
	207	268	b0b0b0
	206	139	d0d0d0
	511	453	b0b0b0
	294	363	d0d0d0
	565	211	808080
	468	81	
	588	141	
	491	110	b0b0b0
	196	473	808080
	342	254	
	368	149	b0b0b0
	167		808080
	399	18	
	313	0	d0d0d0
	267	314	808080
	415	221	
	387	421	b0b0b0
	567	355	
	452	450	808080
	400	154	b0b0b0
	544	444	
	439	320	808080
	457	358	d0d0d0
	598	270	
	538	260	808080
	165	317	
	387	314	
	509	411	b0b0b0
	345	79	
	439	265	808080
	190	171	
	493	353	b0b0b0
	336	167	
line	342	0	342	480	002850
	598		598		
	128	13	608	13	
		269		269	
rect	349	292	361	304	900000
triangle	364	236	372	244	00c000
	394	327	402	335	c00000
	272	222	280	230	
rect	160	104	162	106	c00000
	248	237	250	239	
line	549	324	540	311	489048
			534	325	
	540	311			204020
draw	0	0	128	480	/pictures/501.png
	608		640		/pictures/512.png
crop	29	159	35	171	0	36	ff0000	/fonts/computer
	35		41		40			
	41		47		24			
	102		108		0		ff7f00	
	108		114					
	114		120		40			
line	614	384	614	359	00488f
		359	622		
	622			384	002850
		384	614		
rect	615	360	622	384	003870
line	614	456	614	385	007fff
		385	622		
	622			456	00488f
		456	614		
rect	615	386	622	456	0070e0
line	614	231	614	231	909048
			622		
	622				505028
			614		
	614	328		232	ffff7f
		232	622		
	622			328	909048
		328	614		
rect	615	233	622	328	e0e070
line	614	131	614	103	904848
		103	622		
	622			131	502828
		131	614		
rect	615	104	622	131	703838
line	614	200	614	132	ff7f7f
		132	622		
	622			200	904848
		200	614		
rect	615	133	622	200	e07070
	634	49	636	52	7fff7f
		53		56	60c060
		57		60	
		61		64	
		65		68	
		69		72	7fff7f
		73		76	60c060
		77		80	
		81		84	
		85		88	
		89		92	7fff7f
		93		96	60c060
		97		100	
		101		104	
		105		108	
		109		112	7fff7f
		113		116	60c060
		117		120	
		121		124	
		125		128	
		129		132	7fff7f
		133		136	60c060
		137		140	
		141		144	
		145		148	
		149		152	183018
		153		156	
		157		160	
		161		164	
		165		168	
		169		172	
		173		176	
		177		180	
		181		184	
		185		188	
		189		192	
		193		196	
		197		200	
		201		204	
		205		208	
		209		212	
		213		216	
		217		220	
		221		224	
		225		228	
		229		232	
		233		236	
		237		240	
		241		244	
		245		248	
		249		252	
		253		256	
		257		260	
		261		264	
		265		268	
		269		272	
		273		276	
		277		280	
		281		284	
		285		288	
		289		292	
		293		296	
		297		300	
		301		304	
		305		308	
		309		312	
		313		316	
		317		320	
		321		324	
		325		328	
		329		332	
		333		336	
		337		340	
		341		344	
		345		348	
		349		352	
		353		356	
		357		360	
		361		364	
		365		368	
		369		372	
		373		376	
		377		380	
		381		384	
		385		388	
		389		392	
		393		396	
		397		400	
		401		404	
		405		408	
		409		412	
		413		416	
		417		420	
		421		424	
		425		428	
		429		432	
		433		436	
		437		440	
		441		444	
		445		448	
	621	52	631	56	303000
		57		61	
		62		66	
		67		71	
		72		76	
		77		81	
		82		86	
	7	7	115	115	00ff00
	8	8	114	114	001000
	23	23	99	99	003000
point	60	70	00e000
	65	75	
	47	59	
	28	40	
	43	61	
rect	12	320	121	440	001000
line	12	330	119	330	009000
crop	15	320	21	332	104	48	00ff00	/fonts/computer
	21		27		72			
	27		33		24	60		
	33		39					
	39		45		72	48		
	45		51		120			
	51		57		112			
	57		63		0	24		
	63		69		24	60		
	69		75		32			
	75		81		8	48		
	81		87		32	60		
	87		93		40			
	93		99		24			
	15	332	21	344	16			
	21		27		40	72		
	27		33		24	84		
	33		39			72		
	39		45		40	84		
	45		51			72		
	51		57		0	24		
	57		63		8	36		
	63		69					
line	12	354	119	354	009000
crop	15	344	21	356	120	48	00ff00	/fonts/computer
	21		27		16	72		
	27		33		72			
	33		39		8			
	39		45		16	84		
	45		51		32	72		
	51		57		24	84		
	15	356	21	368	72	48		
	21		27		112	72		
	27		33		0	24		
	33		39		32	84		
	39		45		16			
	45		51		8	72		
	51		57		112			
	57		63		24	84		
	63		69		0			
	69		75		120	72		
	75		81		16	84		
	81		87		32			
	87		93		80	36		
	93		99		0	24		
	99		105			36		
	105		111		120	24		
	111		117		40	36		
	15	368	21	380	16	60		
	21		27		40	72		
	27		33		24	84		
	33		39			72		
	39		45		40	84		
	45		51			72		
	51		57		32			
	57		63		80	36		
	63		69		0	24		
	69		75		16	36		
	75		81		120	24		
	81		87		8	36		
	87		93					
line	12	438	119	438	009000
rect	16	450	114	475	001010
line	17	473	17	462	00c0c0
		462	43		
	43			473	007070
		473	17		
rect	18	463	43	473	009090
crop	19	462	25	474	96	48	00ffff	/fonts/computer
	25		31		40			
	31		37		48			
	37		43		32	60		
	43		49		0	24		
	49		55		104	48		
	55		61		8	72		
	61		67		72			
	67		73		112			
	73		79		0	24		
	79		85		104	48		
	85		91		40	72		
	91		97		112			
	97		103		40	84		
line	12	191	12	180	ffff00
		180	120		
	120			191	909000
		191	12		
rect	13	181	120	191	c0c000
crop	15	180	21	192	24	48	000000	/fonts/computer
	21		27		120			
	27		33		112			
	33		39		32	60		
	39		45		16			
	45		51		120	48		
	51		57		96			
	15	192	21	204	32	60	7fff7f	
	21		27		16			
	27		33		8	48		
	33		39		112			
	39		45		24	60		
	45		51		0			
	51		57		16			
	57		63		32			
draw	20	206	30	224	/sprites/567.SMIV/0
line	14	204	35	204	489048
			14	205	
	35		35		
	14	225		225	
			14	224	
	35		35		
rect	42	206	49	207	003870
		207		224	0060c0
line	40	204	50	204	00488f
			40	205	
	50		50		
	40	225		225	
			40	224	
	50		50		
rect	55	206	62	207	707000
		207		224	c0c000
line	53	204	63	204	909000
			53	205	
	63		63		
	53	225		225	
			53	224	
	63		63		
crop	69	204	75	216	16	60	7fff7f	/fonts/computer
	75		81		40	48		
	81		87		0	60		
	87		93		40			
	93		99		96	48		
	99		105		24	60		
	105		111		40	48		
	111		117		16	60		
	12	228	18	240	24	48	ff0000	
	18		24		40	72		
	24		30		96			
	30		36					
	36		42		0	24		
	42		48		16	36		
line	12	263	12	252	007fff
		252	120		
	120			263	00488f
		263	12		
rect	13	253	120	263	0060c0
crop	15	252	21	264	32	60	000000	/fonts/computer
	21		27		8	48		
	27		33		16	60		
	33		39		56	48		
	39		45		40			
	45		51		32	60		
	15	264	21	276	96	48	7fff7f	
	21		27		72			
	27		33		112			
	33		39		40			
	39		45		16	60		
draw	21	278	29	296	/sprites/565.SMIV/0
line	14	276	35	276	489048
			14	277	
	35		35		
	14	297		297	
			14	296	
	35		35		
rect	42	278	49	278	003870
				296	0060c0
line	40	276	50	276	00488f
			40	277	
	50		50		
	40	297		297	
			40	296	
	50		50		
