point	405	424	b0b0b0
	564	194	808080
	201	123	
	372	257	b0b0b0
	314	287	
	559	114	808080
	343	62	b0b0b0
	582	449	
	397	293	
	441	46	
	391	440	d0d0d0
	444	253	808080
	201	399	
	150	170	d0d0d0
	246	314	808080
	206	255	d0d0d0
	499	4	b0b0b0
	366	364	808080
	606	148	
	488	447	d0d0d0
	249	256	808080
	182	88	b0b0b0
	241	15	808080
	585	151	b0b0b0
	417	128	808080
	189	263	
	532	148	d0d0d0
	389	113	808080
	521	250	b0b0b0
	336	398	
	565	21	d0d0d0
	391	155	808080
	238	197	d0d0d0
	135	350	808080
	362	219	b0b0b0
	341	20	d0d0d0
	519	43	808080
	209	5	
	277	130	
	577	211	d0d0d0
	449	220	
	338	111	808080
	481	80	
	540	90	
	313	266	
	400	22	b0b0b0
	566	309	808080
	508	87	
	580	102	d0d0d0
	269	264	
	241	380	b0b0b0
	544	285	d0d0d0
	389	451	808080
	365	357	
	240	380	d0d0d0
	312	246	808080
	273	389	
	341	461	b0b0b0
	503	440	808080
	144	283	b0b0b0
	412	1	808080
	391	120	b0b0b0
	281	142	
	333	461	d0d0d0
	424	231	808080
	387	237	
	133	472	b0b0b0
	446	58	d0d0d0
	209		808080
	419	132	b0b0b0
	345	368	
	593	387	d0d0d0
	227	256	808080
	584	349	d0d0d0
	442	406	b0b0b0
	288	178	d0d0d0
	198	131	b0b0b0
	376	71	d0d0d0
	599	33	b0b0b0
	379	371	d0d0d0
	414	94	808080
	517	270	d0d0d0
	595	34	
	558	154	808080
	178	436	
	194	334	b0b0b0
	136	368	d0d0d0
	445	295	b0b0b0
	539	470	808080
	502	3	b0b0b0
	146	66	d0d0d0
	262	196	808080
	529	15	d0d0d0
	199	397	808080
	591	54	b0b0b0
	409	373	
	139	154	808080
	354	420	b0b0b0
	544	36	808080
	234	442	b0b0b0
	137	28	
	562	338	d0d0d0
	546	292	808080
	401	65	
	357	470	
	138	351	d0d0d0
	379	71	808080
	388	399	
	293	270	d0d0d0
	216	334	808080
	380	211	b0b0b0
	420	443	d0d0d0
	208	273	808080
	589	460	b0b0b0
	471	49	
	552	311	
	440	314	
	538	294	d0d0d0
	456	405	
	370	49	
	556	433	808080
	289	11	b0b0b0
	559	131	808080
	435	376	
	577	194	
rect	319	0	320	481	002850
	575		576		000050
	128	202	609	203	
		458		459	005000
line	322	266	331	262	00ff00
	259	278	268	274	
draw	360	230	380	245	/sprites/ish/hvc%16
	256	209	270	226	/sprites/gai/cruiser%19
	326	253	332	256	/sprites/dev/fusion%16
	280	232	286	235	/sprites/dev/fusion%17
line	187	324	202	325	489048
			196	311	
	202	325			204020
draw	0	-144	128	624	/interfaces/instruments/left.png
	608		640		/interfaces/instruments/right.png
crop	29	159	35	171	0	36	ff0000	/fonts/computer.png
	35		41		8			
	41		47		64			
	102		108		0		ff7f00	
	108		114					
	114		120		40			
rect	614	359	615	385	00488f
			623	360	
	622			385	002850
	614	384			
	615	360	622	384	003870
	614	385	615	457	007fff
			623	386	
	622			457	00488f
	614	456			
	615	386	622	456	0070e0
	614	231	615	232	909048
			623		
	622				505028
	614				
		232	615	329	ffff7f
			623	233	
	622			329	909048
	614	328			
	615	233	622	328	e0e070
	614	103	615	143	904848
			623	104	
	622			143	502828
	614	142			
	615	104	622	142	703838
	614	143	615	201	ff7f7f
			623	144	
	622			201	904848
	614	200			
	615	144	622	200	e07070
	634	49	636	52	7fff7f
		53		56	60c060
		57		60	
		61		64	
		65		68	
		69		72	7fff7f
		73		76	60c060
		77		80	
		81		84	
		85		88	
		89		92	7fff7f
		93		96	60c060
		97		100	
		101		104	
		105		108	
		109		112	7fff7f
		113		116	60c060
		117		120	
		121		124	
		125		128	
		129		132	7fff7f
		133		136	60c060
		137		140	
		141		144	
		145		148	
		149		152	183018
		153		156	
		157		160	
		161		164	
		165		168	
		169		172	
		173		176	
		177		180	
		181		184	
		185		188	
		189		192	
		193		196	
		197		200	
		201		204	
		205		208	
		209		212	
		213		216	
		217		220	
		221		224	
		225		228	
		229		232	
		233		236	
		237		240	
		241		244	
		245		248	
		249		252	
		253		256	
		257		260	
		261		264	
		265		268	
		269		272	
		273		276	
		277		280	
		281		284	
		285		288	
		289		292	
		293		296	
		297		300	
		301		304	
		305		308	
		309		312	
		313		316	
		317		320	
		321		324	
		325		328	
		329		332	
		333		336	
		337		340	
		341		344	
		345		348	
		349		352	
		353		356	
		357		360	
		361		364	
		365		368	
		369		372	
		373		376	
		377		380	
		381		384	
		385		388	
		389		392	
		393		396	
		397		400	
		401		404	
		405		408	
		409		412	
		413		416	
		417		420	
		421		424	
		425		428	
		429		432	
		433		436	
		437		440	
		441		444	
		445		448	
	621	52	631	56	303000
		57		61	
		62		66	
		67		71	
		72		76	
		77		81	
		82		86	
	7	7	115	115	00ff00
	8	8	114	114	001000
	53	53	71	71	003000
point	61	34	00e000
	57	62	
	60	61	
	57		
	60		
	58		
rect	12	320	121	440	001000
		330	120	331	009000
		354		355	
		438		439	
	16	450	114	475	001010
	17	462	18	474	00c0c0
			44	463	
	43			474	007070
	17	473			
	18	463	43	473	009090
crop	15	320	21	332	104	48	00ff00	/fonts/computer.png
	21		27		72			
	27		33		24	60		
	33		39					
	39		45		72	48		
	45		51		120			
	51		57		112			
	57		63		0	24		
	63		69		24	60		
	69		75		32			
	75		81		8	48		
	81		87		32	60		
	87		93		40			
	93		99		24			
	15	332	21	344	16			
	21		27		40	72		
	27		33		24	84		
	33		39			72		
	39		45		40	84		
	45		51			72		
	51		57		0	24		
	57		63		8	36		
	63		69					
	15	344	21	356	120	48		
	21		27		16	72		
	27		33		72			
	33		39		8			
	39		45		16	84		
	45		51		32	72		
	51		57		24	84		
	15	356	21	368	72	48		
	21		27		112	72		
	27		33		0	24		
	33		39		32	84		
	39		45		16			
	45		51		8	72		
	51		57		112			
	57		63		24	84		
	63		69		0			
	69		75		120	72		
	75		81		16	84		
	81		87		32			
	87		93		80	36		
	93		99		0	24		
	99		105			36		
	105		111		120	24		
	111		117		40	36		
	15	368	21	380	16	60		
	21		27		40	72		
	27		33		24	84		
	33		39			72		
	39		45		40	84		
	45		51			72		
	51		57		32			
	57		63		80	36		
	63		69		0	24		
	69		75		40	36		
	75		81		120	24		
	81		87		8	36		
	87		93					
	19	462	25	474	96	48	00ffff	
	25		31		40			
	31		37		48			
	37		43		32	60		
	43		49		0	24		
	49		55		104	48		
	55		61		8	72		
	61		67		72			
	67		73		112			
	73		79		0	24		
	79		85		104	48		
	85		91		40	72		
	91		97		112			
	97		103		40	84		
rect	12	180	13	192	ffff00
			121	181	
	120			192	909000
	12	191			
	13	181	120	191	c0c000
crop	15	180	21	192	24	48	000000	/fonts/computer.png
	21		27		120			
	27		33		112			
	33		39		32	60		
	39		45		16			
	45		51		120	48		
	51		57		96			
	15	192	21	204	32	60	7fff7f	
	21		27		16			
	27		33		8	48		
	33		39		112			
	39		45		24	60		
	45		51		0			
	51		57		16			
	57		63		32			
draw	20	206	30	224	/sprites/obi/transprt%0
rect	14	204	36	205	489048
			15	206	
	35		36		
	14	225		226	
		224	15		
	35		36		
	42	206	49	207	003870
		207		224	0060c0
	40	204	51	205	00488f
			41	206	
	50		51		
	40	225		226	
		224	41		
	50		51		
	55	206	62	207	707000
		207		224	c0c000
	53	204	64	205	909000
			54	206	
	63		64		
	53	225		226	
		224	54		
	63		64		
crop	69	204	75	216	16	60	7fff7f	/fonts/computer.png
	75		81		40	48		
	81		87		0	60		
	87		93		40			
	93		99		96	48		
	99		105		24	60		
	105		111		40	48		
	111		117		16	60		
	12	228	18	240	24	48	ff0000	
	18		24		40	72		
	24		30		96			
	30		36					
	36		42		0	24		
	42		48		16	36		
rect	12	252	13	264	007fff
			121	253	
	120			264	00488f
	12	263			
	13	253	120	263	0060c0
crop	15	252	21	264	32	60	000000	/fonts/computer.png
	21		27		8	48		
	27		33		16	60		
	33		39		56	48		
	39		45		40			
	45		51		32	60		
	15	264	21	276	96	48	7fff7f	
	21		27		72			
	27		33		112			
	33		39		40			
	39		45		16	60		
draw	21	278	29	296	/sprites/obi/etc/liner%0
rect	14	276	36	277	489048
			15	278	
	35		36		
	14	297		298	
		296	15		
	35		36		
	42	278	49	278	003870
				296	0060c0
	40	276	51	277	00488f
			41	278	
	50		51		
	40	297		298	
		296	41		
	50		51		
