point	214	264	d0d0d0
	496	222	808080
	134	51	
	272	149	b0b0b0
	213	179	
	433	199	
	462	434	
	463	125	
	297	185	
	193	418	
	401	344	
	377	181	808080
	156	174	d0d0d0
	250	408	808080
	180	242	
	592	380	d0d0d0
	132	341	
	299	292	808080
	470	69	d0d0d0
	167	386	
	182	184	808080
	546	117	d0d0d0
	254	394	b0b0b0
	443	305	808080
	351	56	
	598	346	b0b0b0
	345	167	d0d0d0
	322	41	808080
	189	227	b0b0b0
	538	353	808080
	468	348	
	324	83	
	595	61	
	518	36	b0b0b0
	262	111	
	438	385	
	356	311	808080
	198	380	b0b0b0
	210	58	808080
	245	257	d0d0d0
	387	93	b0b0b0
	271	39	808080
	414	8	
	354	469	
	247	194	
	348	421	
	399	356	
	182	478	
	464	283	b0b0b0
	351	210	
	164	352	808080
	485	329	
	165		b0b0b0
	298	285	808080
	154	339	
	246	174	
	305	314	
	428	313	d0d0d0
	534	16	b0b0b0
	496	163	d0d0d0
	532	181	808080
	291	12	b0b0b0
	181	34	
	198	395	808080
	357	159	
	321	165	
	318	402	
	325	266	b0b0b0
	161	453	d0d0d0
	319	24	b0b0b0
	365	332	808080
	495	111	b0b0b0
	160	184	808080
	293	186	d0d0d0
	366	358	808080
	155	34	d0d0d0
	576	354	b0b0b0
	318	406	d0d0d0
	532	173	808080
	447	292	b0b0b0
	347	22	808080
	495	24	
	139	466	d0d0d0
	278	340	b0b0b0
	502	346	808080
	533	340	
	484	352	
	345	186	b0b0b0
	330	358	
	441	376	
	263	357	808080
	195	124	
	405	334	
	553	185	d0d0d0
	360	179	b0b0b0
	529	173	
	134	387	d0d0d0
	253	368	808080
	572	411	b0b0b0
	141	370	
	516	239	
	347	456	808080
	193	261	b0b0b0
	384	467	d0d0d0
	381	316	
	261	427	808080
	464	477	d0d0d0
	475	173	
	261	459	
	149	262	808080
	280	103	b0b0b0
	601	54	d0d0d0
	142	201	808080
	528	292	
	294	33	d0d0d0
	398	85	
	511	296	808080
	504	91	
	255	479	d0d0d0
	585	429	808080
	488	90	
	331	350	d0d0d0
	364	431	
	605	212	808080
	534	405	
rect	148	0	149	481	005000
	312		313		
	476		477		
	128	87	609	88	
		251		252	
		415		416	
	325	345	337	357	900000
	481	245	493	257	
	350	209	362	221	
plus	469	408	483	422	00c000
	483	248	493	258	
triangle	363	235	371	243	00c000
	485	252	493	260	
rect	351	240	353	242	c00000
	344	230	346	232	
triangle	320	82	328	90	c00000
	317	76	325	84	
	325	84	331	90	
	329	86	335	92	
	320	88	326	94	
dither	488	263	557	280	303000
crop	492	267	499	278	32	55	000000	/fonts/tactical.png
	499		506		16	77		
	506		513		8	66		
	513		520		112			
	520		527		24	77		
	527		534		0			
	534		541		120	66		
	541		548		16	77		
	548		555		32			
	491	266	498	277		55	ffff00	
	498		505		16	77		
	505		512		8	66		
	512		519		112			
	519		526		24	77		
	526		533		0			
	533		540		120	66		
	540		547		16	77		
	547		554		32			
dither	476	395	587	412	001830
crop	480	399	487	410	0	55	000000	/fonts/tactical.png
	487		494		8	66		
	494		501		24	77		
	501		508					
	508		515		40	66		
	515		522		112			
	522		529		56			
	529		536		40			
	536		543		16	77		
	543		550		0	22		
	550		557		96	44		
	557		564		72	66		
	564		571		112			
	571		578		40			
	578		585		16	77		
	479	398	486	409	0	55	007fff	
	486		493		8	66		
	493		500		24	77		
	500		507					
	507		514		40	66		
	514		521		112			
	521		528		56			
	528		535		40			
	535		542		16	77		
	542		549		0	22		
	549		556		96	44		
	556		563		72	66		
	563		570		112			
	570		577		40			
	577		584		16	77		
line	323	45	319	60	489048
			333	56	
	319	60			204020
draw	0	0	128	480	/pictures/501.png
	608		640		/pictures/512.png
crop	29	159	35	171	0	36	ff0000	/fonts/computer.png
	35		41					
	41		47		32			
	102		108		0		ff7f00	
	108		114					
	114		120		40			
rect	614	359	615	385	00488f
			623	360	
	622			385	002850
	614	384			
	615	360	622	384	003870
	614	385	615	457	007fff
			623	386	
	622			457	00488f
	614	456			
	615	386	622	456	0070e0
	614	231	615	232	909048
			623		
	622				505028
	614				
		232	615	329	ffff7f
			623	233	
	622			329	909048
	614	328			
	615	233	622	328	e0e070
	614	103	615	144	904848
			623	104	
	622			144	502828
	614	143			
	615	104	622	143	703838
	614	144	615	201	ff7f7f
			623	145	
	622			201	904848
	614	200			
	615	145	622	200	e07070
	634	49	636	52	7fff7f
		53		56	60c060
		57		60	
		61		64	
		65		68	
		69		72	7fff7f
		73		76	60c060
		77		80	
		81		84	
		85		88	
		89		92	7fff7f
		93		96	60c060
		97		100	
		101		104	
		105		108	
		109		112	7fff7f
		113		116	60c060
		117		120	
		121		124	
		125		128	
		129		132	7fff7f
		133		136	60c060
		137		140	
		141		144	
		145		148	
		149		152	183018
		153		156	
		157		160	
		161		164	
		165		168	
		169		172	
		173		176	
		177		180	
		181		184	
		185		188	
		189		192	
		193		196	
		197		200	
		201		204	
		205		208	
		209		212	
		213		216	
		217		220	
		221		224	
		225		228	
		229		232	
		233		236	
		237		240	
		241		244	
		245		248	
		249		252	
		253		256	
		257		260	
		261		264	
		265		268	
		269		272	
		273		276	
		277		280	
		281		284	
		285		288	
		289		292	
		293		296	
		297		300	
		301		304	
		305		308	
		309		312	
		313		316	
		317		320	
		321		324	
		325		328	
		329		332	
		333		336	
		337		340	
		341		344	
		345		348	
		349		352	
		353		356	
		357		360	
		361		364	
		365		368	
		369		372	
		373		376	
		377		380	
		381		384	
		385		388	
		389		392	
		393		396	
		397		400	
		401		404	
		405		408	
		409		412	
		413		416	
		417		420	
		421		424	
		425		428	
		429		432	
		433		436	
		437		440	
		441		444	
		445		448	
	621	52	631	56	303000
		57		61	
		62		66	
		67		71	
		72		76	
		77		81	
		82		86	
	7	7	115	115	00ff00
	8	8	114	114	001000
					003000
point	50	37	00e000
	46	62	
	39	53	
rect	12	320	121	440	001000
		330	120	331	009000
		354		355	
		438		439	
	16	450	114	475	001010
	17	462	18	474	00c0c0
			44	463	
	43			474	007070
	17	473			
	18	463	43	473	009090
crop	15	320	21	332	104	48	00ff00	/fonts/computer.png
	21		27		72			
	27		33		24	60		
	33		39					
	39		45		72	48		
	45		51		120			
	51		57		112			
	57		63		0	24		
	63		69		24	60		
	69		75		32			
	75		81		8	48		
	81		87		32	60		
	87		93		40			
	93		99		24			
	15	332	21	344	16			
	21		27		40	72		
	27		33		24	84		
	33		39			72		
	39		45		40	84		
	45		51			72		
	51		57		0	24		
	57		63		8	36		
	63		69					
	15	344	21	356	120	48		
	21		27		16	72		
	27		33		72			
	33		39		8			
	39		45		16	84		
	45		51		32	72		
	51		57		24	84		
	15	356	21	368	72	48		
	21		27		112	72		
	27		33		0	24		
	33		39		32	84		
	39		45		16			
	45		51		8	72		
	51		57		112			
	57		63		24	84		
	63		69		0			
	69		75		120	72		
	75		81		16	84		
	81		87		32			
	87		93		80	36		
	93		99		0	24		
	99		105		32	36		
	105		111		120	24		
	111		117		40	36		
	15	368	21	380	16	60		
	21		27		40	72		
	27		33		24	84		
	33		39			72		
	39		45		40	84		
	45		51			72		
	51		57		32			
	57		63		80	36		
	63		69		0	24		
	69		75		40	36		
	75		81		120	24		
	81		87		8	36		
	87		93					
	19	462	25	474	96	48	00ffff	
	25		31		40			
	31		37		48			
	37		43		32	60		
	43		49		0	24		
	49		55		104	48		
	55		61		8	72		
	61		67		72			
	67		73		112			
	73		79		0	24		
	79		85		104	48		
	85		91		40	72		
	91		97		112			
	97		103		40	84		
rect	12	180	13	192	ffff00
			121	181	
	120			192	909000
	12	191			
	13	181	120	191	c0c000
crop	15	180	21	192	24	48	000000	/fonts/computer.png
	21		27		120			
	27		33		112			
	33		39		32	60		
	39		45		16			
	45		51		120	48		
	51		57		96			
	15	192	21	204	32	60	7fff7f	
	21		27		16			
	27		33		8	48		
	33		39		112			
	39		45		24	60		
	45		51		0			
	51		57		16			
	57		63		32			
draw	20	206	30	224	/sprites/567.SMIV/0
rect	14	204	36	205	489048
			15	206	
	35		36		
	14	225		226	
		224	15		
	35		36		
	42	206	49	207	003870
		207		224	0060c0
	40	204	51	205	00488f
			41	206	
	50		51		
	40	225		226	
		224	41		
	50		51		
	55	206	62	207	707000
		207		224	c0c000
	53	204	64	205	909000
			54	206	
	63		64		
	53	225		226	
		224	54		
	63		64		
crop	69	204	75	216	16	60	7fff7f	/fonts/computer.png
	75		81		40	48		
	81		87		0	60		
	87		93		40			
	93		99		96	48		
	99		105		24	60		
	105		111		40	48		
	111		117		16	60		
	12	228	18	240	24	48	ff0000	
	18		24		40	72		
	24		30		96			
	30		36					
	36		42		0	24		
	42		48		16	36		
rect	12	252	13	264	007fff
			121	253	
	120			264	00488f
	12	263			
	13	253	120	263	0060c0
crop	15	252	21	264	32	60	000000	/fonts/computer.png
	21		27		8	48		
	27		33		16	60		
	33		39		56	48		
	39		45		40			
	45		51		32	60		
	15	264	21	276	96	48	7fff7f	
	21		27		72			
	27		33		112			
	33		39		40			
	39		45		16	60		
draw	21	278	29	296	/sprites/565.SMIV/0
rect	14	276	36	277	489048
			15	278	
	35		36		
	14	297		298	
		296	15		
	35		36		
	42	278	49	278	003870
				296	0060c0
	40	276	51	277	00488f
			41	278	
	50		51		
	40	297		298	
		296	41		
	50		51		
