line	213	278	213	278	d0d0d0
	495	229	495	229	808080
	133	58	133	58	
	271	159	271	159	b0b0b0
	212	190	212	190	
	432	210	432	210	
	461	444	461	444	
	462	136	462	136	
	296	195	296	195	
	191	428	191	428	
	399	354	400	354	
	376	188	376	188	808080
	154		154		d0d0d0
	249	414	249	414	808080
	179	249	179	249	
	591	394	591	394	d0d0d0
	130	355	130	355	
	299	299	299	299	808080
	469	83	469	83	d0d0d0
	166	400	166	400	
	181	190	181	190	808080
	545	131	545	131	d0d0d0
	253	405	253	405	b0b0b0
	442	312	442	312	808080
	350	63	350	63	
	597	357	597	357	b0b0b0
	343	181	343	181	d0d0d0
	321	48	321	48	808080
	188	237	188	237	b0b0b0
	537	360	537	360	808080
	467	355	467	355	
	323	90	323	90	
	594	68	594	68	
	517	46	517	46	b0b0b0
	261	121	261	121	
	437	395	437	395	
	355	318	355	318	808080
	196	390	196	390	b0b0b0
	209	65	209	65	808080
	243	271	243	271	d0d0d0
	385	104	385	104	b0b0b0
	270	46	270	46	808080
	413	15	413	15	
	353	476	353	476	
	246	201	246	201	
	347	428	347	428	
	398	362	398	362	
	505	12	505	12	d0d0d0
	463	293	463	293	b0b0b0
	350	220	350	220	
	163	359	163	359	808080
	485	336	485	336	
	164	339	164	339	b0b0b0
	297	292	297	292	808080
	153	346	153	346	
	245	181	245	181	
	304	321	304	321	
	427	327	427	327	d0d0d0
	533	27	533	27	b0b0b0
	494	177	494	177	d0d0d0
	531	188	531	188	808080
	290	22	290	22	b0b0b0
	179	45	179	45	
	197	402	197	402	808080
	356	166	356	166	
	320	172	320	172	
	317	409	317	409	
	323	277	324	277	b0b0b0
	159	467	159	467	d0d0d0
	318	35	318	35	b0b0b0
	364	339	364	339	808080
	494	121	494	121	b0b0b0
	159	191	159	191	808080
	291	200	291	200	d0d0d0
	365	364	365	364	808080
	153	48	153	48	d0d0d0
	575	365	575	365	b0b0b0
	316	420	316	420	d0d0d0
	531	180	532	180	808080
	446	303	446	303	b0b0b0
	346	29	346	29	808080
	494	31	494	31	
	423	0	423	0	
	277	351	277	351	b0b0b0
	501	353	501	353	808080
	532	346	532	346	
	483	359	483	359	
	344	197	344	197	b0b0b0
	328	368	328	368	
	440	386	440	386	
	262	363	262	363	808080
	194	131	194	131	
	404	341	404	341	
	551	199	551	199	d0d0d0
	359	189	359	189	b0b0b0
	528	183	528	183	
	133	401	133	401	d0d0d0
	252	375	252	375	808080
	571	421	571	421	b0b0b0
	140	381	140	381	
	515	250	515	250	
	346	463	346	463	808080
	191	271	191	271	b0b0b0
	539	1	539	1	
	379	330	379	330	d0d0d0
	260	434	260	434	808080
	414	6	414	6	
	473	187	473	187	d0d0d0
	259	473	259	473	
	148	269	148	269	808080
	279	114	279	114	b0b0b0
	599	68	599	68	d0d0d0
	141	208	141	208	808080
	527	299	528	299	
	292	47	292	47	d0d0d0
	396	99	397	99	
	510	303	510	303	808080
	503	98	503	98	
	153	13	153	13	d0d0d0
	584	436	584	436	808080
	487	97	487	97	
	329	364	330	364	d0d0d0
	363	445	363	445	
	604	219	604	219	808080
	533	412	533	412	
	291	0	291	480	005000
	515		515		
	128	49	608	49	
		273		273	
rect	310	402	322	414	900000
	524	267	536	279	
	344	217	356	229	
plus	526	270	536	280	00c000
triangle	363	235	371	243	00c000
	528	275	536	283	
rect	340	257	342	259	c00000
	326	239	328	241	
triangle	394	217	402	225	c00000
	390	208	398	216	
	316	69	322	75	
	325	70	331	76	
	314	73	320	79	
dither	531	285	600	302	303000
crop	535	289	542	300	32	55	000000	/fonts/tactical
	542		549		16	77		
	549		556		8	66		
	556		563		112			
	563		570		24	77		
	570		577		0			
	577		584		120	66		
	584		591		16	77		
	591		598		32			
	534	288	541	299		55	ffff00	
	541		548		16	77		
	548		555		8	66		
	555		562		112			
	562		569		24	77		
	569		576		0			
	576		583		120	66		
	583		590		16	77		
	590		597		32			
line	487	398	486	383	489048
			473	392	
	486	383			204020
draw	0	0	128	480	/pictures/501.png
	608		640		/pictures/512.png
crop	29	159	35	171	0	36	ff0000	/fonts/computer
	35		41					
	41		47		40			
	102		108		0		ff7f00	
	108		114					
	114		120		40			
line	614	384	614	359	00488f
		359	622		
	622			384	002850
		384	614		
rect	615	360	622	384	003870
line	614	456	614	385	007fff
		385	622		
	622			456	00488f
		456	614		
rect	615	386	622	456	0070e0
line	614	231	614	231	909048
			622		
	622				505028
			614		
	614	328		232	ffff7f
		232	622		
	622			328	909048
		328	614		
rect	615	233	622	328	e0e070
line	614	144	614	103	904848
		103	622		
	622			144	502828
		144	614		
rect	615	104	622	144	703838
line	614	200	614	145	ff7f7f
		145	622		
	622			200	904848
		200	614		
rect	615	146	622	200	e07070
	634	49	636	52	7fff7f
		53		56	60c060
		57		60	
		61		64	
		65		68	
		69		72	7fff7f
		73		76	60c060
		77		80	
		81		84	
		85		88	
		89		92	7fff7f
		93		96	60c060
		97		100	
		101		104	
		105		108	
		109		112	7fff7f
		113		116	60c060
		117		120	
		121		124	
		125		128	
		129		132	7fff7f
		133		136	60c060
		137		140	
		141		144	
		145		148	
		149		152	183018
		153		156	
		157		160	
		161		164	
		165		168	
		169		172	
		173		176	
		177		180	
		181		184	
		185		188	
		189		192	
		193		196	
		197		200	
		201		204	
		205		208	
		209		212	
		213		216	
		217		220	
		221		224	
		225		228	
		229		232	
		233		236	
		237		240	
		241		244	
		245		248	
		249		252	
		253		256	
		257		260	
		261		264	
		265		268	
		269		272	
		273		276	
		277		280	
		281		284	
		285		288	
		289		292	
		293		296	
		297		300	
		301		304	
		305		308	
		309		312	
		313		316	
		317		320	
		321		324	
		325		328	
		329		332	
		333		336	
		337		340	
		341		344	
		345		348	
		349		352	
		353		356	
		357		360	
		361		364	
		365		368	
		369		372	
		373		376	
		377		380	
		381		384	
		385		388	
		389		392	
		393		396	
		397		400	
		401		404	
		405		408	
		409		412	
		413		416	
		417		420	
		421		424	
		425		428	
		429		432	
		433		436	
		437		440	
		441		444	
		445		448	
	621	52	631	56	303000
		57		61	
		62		66	
		67		71	
		72		76	
		77		81	
		82		86	
	7	7	115	115	00ff00
	8	8	114	114	001000
					003000
point	49	49	00e000
	42	74	
	32	61	
	83	47	
	80	41	
rect	12	320	121	440	001000
line	12	330	119	330	009000
crop	15	320	21	332	104	48	00ff00	/fonts/computer
	21		27		72			
	27		33		24	60		
	33		39					
	39		45		72	48		
	45		51		120			
	51		57		112			
	57		63		0	24		
	63		69		24	60		
	69		75		32			
	75		81		8	48		
	81		87		32	60		
	87		93		40			
	93		99		24			
	15	332	21	344	16			
	21		27		40	72		
	27		33		24	84		
	33		39			72		
	39		45		40	84		
	45		51			72		
	51		57		0	24		
	57		63		8	36		
	63		69					
line	12	354	119	354	009000
crop	15	344	21	356	120	48	00ff00	/fonts/computer
	21		27		16	72		
	27		33		72			
	33		39		8			
	39		45		16	84		
	45		51		32	72		
	51		57		24	84		
	15	356	21	368	72	48		
	21		27		112	72		
	27		33		0	24		
	33		39		32	84		
	39		45		16			
	45		51		8	72		
	51		57		112			
	57		63		24	84		
	63		69		0			
	69		75		120	72		
	75		81		16	84		
	81		87		32			
	87		93		80	36		
	93		99		0	24		
	99		105		40	36		
	105		111		120	24		
	111		117		40	36		
	15	368	21	380	16	60		
	21		27		40	72		
	27		33		24	84		
	33		39			72		
	39		45		40	84		
	45		51			72		
	51		57		32			
	57		63		80	36		
	63		69		0	24		
	69		75		40	36		
	75		81		120	24		
	81		87		8	36		
	87		93					
line	12	438	119	438	009000
rect	16	450	114	475	001010
line	17	473	17	462	00c0c0
		462	43		
	43			473	007070
		473	17		
rect	18	463	43	473	009090
crop	19	462	25	474	96	48	00ffff	/fonts/computer
	25		31		40			
	31		37		48			
	37		43		32	60		
	43		49		0	24		
	49		55		104	48		
	55		61		8	72		
	61		67		72			
	67		73		112			
	73		79		0	24		
	79		85		104	48		
	85		91		40	72		
	91		97		112			
	97		103		40	84		
line	12	191	12	180	ffff00
		180	120		
	120			191	909000
		191	12		
rect	13	181	120	191	c0c000
crop	15	180	21	192	24	48	000000	/fonts/computer
	21		27		120			
	27		33		112			
	33		39		32	60		
	39		45		16			
	45		51		120	48		
	51		57		96			
	15	192	21	204	32	60	7fff7f	
	21		27		16			
	27		33		8	48		
	33		39		112			
	39		45		24	60		
	45		51		0			
	51		57		16			
	57		63		32			
draw	20	206	30	224	/sprites/567.SMIV/0
line	14	204	35	204	489048
			14	205	
	35		35		
	14	225		225	
			14	224	
	35		35		
rect	42	206	49	207	003870
		207		224	0060c0
line	40	204	50	204	00488f
			40	205	
	50		50		
	40	225		225	
			40	224	
	50		50		
rect	55	206	62	207	707000
		207		224	c0c000
line	53	204	63	204	909000
			53	205	
	63		63		
	53	225		225	
			53	224	
	63		63		
crop	69	204	75	216	16	60	7fff7f	/fonts/computer
	75		81		40	48		
	81		87		0	60		
	87		93		40			
	93		99		96	48		
	99		105		24	60		
	105		111		40	48		
	111		117		16	60		
	12	228	18	240	24	48	ff0000	
	18		24		40	72		
	24		30		96			
	30		36					
	36		42		0	24		
	42		48		16	36		
line	12	263	12	252	007fff
		252	120		
	120			263	00488f
		263	12		
rect	13	253	120	263	0060c0
crop	15	252	21	264	32	60	000000	/fonts/computer
	21		27		8	48		
	27		33		16	60		
	33		39		56	48		
	39		45		40			
	45		51		32	60		
	15	264	21	276	96	48	7fff7f	
	21		27		72			
	27		33		112			
	33		39		40			
	39		45		16	60		
draw	21	278	29	296	/sprites/565.SMIV/0
line	14	276	35	276	489048
			14	277	
	35		35		
	14	297		297	
			14	296	
	35		35		
rect	42	278	49	278	003870
				296	0060c0
line	40	276	50	276	00488f
			40	277	
	50		50		
	40	297		297	
			40	296	
	50		50		
