point	128	444	b0b0b0
	419	92	808080
	579	420	d0d0d0
	539	417	
	567	126	
	318	4	b0b0b0
	347	239	
	481	432	808080
	212	472	
	573	277	
	285	149	b0b0b0
	301	51	808080
	465	257	d0d0d0
	173	278	808080
	557	45	d0d0d0
	439	119	
	457	114	
	223	162	808080
	334	382	
	464	459	
	584	393	
	368	407	
	139	199	b0b0b0
	366	175	808080
	149	368	b0b0b0
	483	151	
	397	408	
	409	301	d0d0d0
	364	366	b0b0b0
	462	223	808080
	391	218	
	248	432	
	540	376	b0b0b0
	405	266	d0d0d0
	581	394	b0b0b0
	323	190	
	280	181	808080
	561	36	b0b0b0
	448	407	808080
	570	64	d0d0d0
	299	343	
	478		b0b0b0
	146	236	d0d0d0
	278	339	808080
	170	64	
	272	291	
	323	226	
	526	71	d0d0d0
	349	88	b0b0b0
	236	15	
	567	203	808080
	409	199	
	454	341	d0d0d0
	222	155	808080
	275	470	
	169	44	
	228	184	
	275	52	d0d0d0
	406	300	b0b0b0
	577	406	
	456	51	808080
	294	356	
	328	318	b0b0b0
	597	87	
	281	29	808080
	244	35	
	242	272	
	209	71	b0b0b0
	547	303	808080
	197	251	d0d0d0
	289	202	808080
	238	423	
	540	145	b0b0b0
	195	423	
	289	228	808080
	544	175	
	461	159	b0b0b0
	164	146	d0d0d0
	456	44	808080
	332	97	b0b0b0
	434	371	808080
	156	267	d0d0d0
	594	280	
	163	145	b0b0b0
	425	216	808080
	457	210	
	407	222	
	414	473	
	214	163	b0b0b0
	326	181	
	187	227	808080
	598	284	
	329	204	
	206	441	
	345	458	d0d0d0
	484	457	b0b0b0
	533	116	808080
	177	238	
	457	216	b0b0b0
	471	174	d0d0d0
	401	44	b0b0b0
	271	326	808080
	573	230	
	587	325	
	227	55	d0d0d0
	185	297	808080
	500	348	
	436	435	
	591	395	b0b0b0
	347	270	d0d0d0
	303	418	808080
	433	324	b0b0b0
	482	18	d0d0d0
	452	162	808080
	351	251	d0d0d0
	273	304	
	435	166	808080
	452	421	b0b0b0
	594	12	808080
	508	299	
	561	439	
	177	89	d0d0d0
	211	170	
	528	82	808080
	457	275	
rect	373	0	374	481	005000
	128	133	609	134	002850
		407		408	005000
plus	366	400	380	414	00c000
triangle	363	235	371	243	00c000
	369	401	377	409	c00000
	368	397	376	405	
dither	132	4	180	21	001830
crop	136	8	143	19	24	44	000000	/fonts/tactical.png
	143		150		40	66		
	150		157		96			
	157		164					
	164		171		0	22		
	171		178		24	33		
	135	7	142	18		44	007fff	
	142		149		40	66		
	149		156		96			
	156		163					
	163		170		0	22		
	170		177		24	33		
line	283	58	282	73	489048
			296	67	
	282	73			204020
draw	0	0	128	480	/pictures/501.png
	608		640		/pictures/512.png
crop	29	159	35	171	0	36	ff0000	/fonts/computer.png
	35		41					
	41		47		48			
	102		108		0		ff7f00	
	108		114					
	114		120		40			
rect	614	359	615	385	00488f
			623	360	
	622			385	002850
	614	384			
	615	360	622	384	003870
	614	385	615	457	007fff
			623	386	
	622			457	00488f
	614	456			
	615	386	622	456	0070e0
	614	231	615	233	909048
			623	232	
	622			233	505028
	614	232			
		233	615	329	ffff7f
			623	234	
	622			329	909048
	614	328			
	615	234	622	328	e0e070
	614	103	615	145	904848
			623	104	
	622			145	502828
	614	144			
	615	104	622	144	703838
	614	145	615	201	ff7f7f
			623	146	
	622			201	904848
	614	200			
	615	146	622	200	e07070
	634	49	636	52	7fff7f
		53		56	60c060
		57		60	
		61		64	
		65		68	
		69		72	7fff7f
		73		76	60c060
		77		80	
		81		84	
		85		88	
		89		92	7fff7f
		93		96	60c060
		97		100	
		101		104	
		105		108	
		109		112	7fff7f
		113		116	60c060
		117		120	
		121		124	
		125		128	
		129		132	7fff7f
		133		136	60c060
		137		140	
		141		144	
		145		148	
		149		152	183018
		153		156	
		157		160	
		161		164	
		165		168	
		169		172	
		173		176	
		177		180	
		181		184	
		185		188	
		189		192	
		193		196	
		197		200	
		201		204	
		205		208	
		209		212	
		213		216	
		217		220	
		221		224	
		225		228	
		229		232	
		233		236	
		237		240	
		241		244	
		245		248	
		249		252	
		253		256	
		257		260	
		261		264	
		265		268	
		269		272	
		273		276	
		277		280	
		281		284	
		285		288	
		289		292	
		293		296	
		297		300	
		301		304	
		305		308	
		309		312	
		313		316	
		317		320	
		321		324	
		325		328	
		329		332	
		333		336	
		337		340	
		341		344	
		345		348	
		349		352	
		353		356	
		357		360	
		361		364	
		365		368	
		369		372	
		373		376	
		377		380	
		381		384	
		385		388	
		389		392	
		393		396	
		397		400	
		401		404	
		405		408	
		409		412	
		413		416	
		417		420	
		421		424	
		425		428	
		429		432	
		433		436	
		437		440	
		441		444	
		445		448	
	621	52	631	56	303000
		57		61	
		62		66	
		67		71	
		72		76	
		77		81	
		82		86	
	7	7	115	115	00ff00
	8	8	114	114	001000
	26	26	96	96	003000
point	61	86	00e000
		85	
			
rect	12	320	121	440	001000
		330	120	331	009000
		354		355	
		438		439	
	16	450	114	475	001010
	17	462	18	474	00c0c0
			44	463	
	43			474	007070
	17	473			
	18	463	43	473	009090
crop	15	320	21	332	104	48	00ff00	/fonts/computer.png
	21		27		72			
	27		33		24	60		
	33		39					
	39		45		72	48		
	45		51		120			
	51		57		112			
	57		63		0	24		
	63		69		24	60		
	69		75		32			
	75		81		8	48		
	81		87		32	60		
	87		93		40			
	93		99		24			
	15	332	21	344	16			
	21		27		40	72		
	27		33		24	84		
	33		39			72		
	39		45		40	84		
	45		51			72		
	51		57		0	24		
	57		63		8	36		
	63		69					
	15	344	21	356	120	48		
	21		27		16	72		
	27		33		72			
	33		39		8			
	39		45		16	84		
	45		51		32	72		
	51		57		24	84		
	15	356	21	368	72	48		
	21		27		112	72		
	27		33		0	24		
	33		39		32	84		
	39		45		16			
	45		51		8	72		
	51		57		112			
	57		63		24	84		
	63		69		0			
	69		75		120	72		
	75		81		16	84		
	81		87		32			
	87		93		80	36		
	93		99		0	24		
	99		105		40	36		
	105		111		120	24		
	111		117		40	36		
	15	368	21	380	16	60		
	21		27		40	72		
	27		33		24	84		
	33		39			72		
	39		45		40	84		
	45		51			72		
	51		57		32			
	57		63		80	36		
	63		69		0	24		
	69		75		40	36		
	75		81		120	24		
	81		87		8	36		
	87		93					
	19	462	25	474	96	48	00ffff	
	25		31		40			
	31		37		48			
	37		43		32	60		
	43		49		0	24		
	49		55		104	48		
	55		61		8	72		
	61		67		72			
	67		73		112			
	73		79		0	24		
	79		85		104	48		
	85		91		40	72		
	91		97		112			
	97		103		40	84		
rect	12	180	13	192	ffff00
			121	181	
	120			192	909000
	12	191			
	13	181	120	191	c0c000
crop	15	180	21	192	24	48	000000	/fonts/computer.png
	21		27		120			
	27		33		112			
	33		39		32	60		
	39		45		16			
	45		51		120	48		
	51		57		96			
	15	192	21	204	32	60	7fff7f	
	21		27		16			
	27		33		8	48		
	33		39		112			
	39		45		24	60		
	45		51		0			
	51		57		16			
	57		63		32			
	20	206	30	224	11	1	ffffff	/sprites/...
rect	14	204	36	205	489048
			15	206	
	35		36		
	14	225		226	
		224	15		
	35		36		
	42	206	49	207	003870
		207		224	0060c0
	40	204	51	205	00488f
			41	206	
	50		51		
	40	225		226	
		224	41		
	50		51		
	55	206	62	207	707000
		207		224	c0c000
	53	204	64	205	909000
			54	206	
	63		64		
	53	225		226	
		224	54		
	63		64		
crop	69	204	75	216	16	60	7fff7f	/fonts/computer.png
	75		81		40	48		
	81		87		0	60		
	87		93		40			
	93		99		96	48		
	99		105		24	60		
	105		111		40	48		
	111		117		16	60		
	12	228	18	240	0		00ff00	
	18		24		8	72		
	24		30		24	84		
	30		36					
	36		42		40	72		
	42		48		112			
	48		54		56			
	54		60		40			
	60		66		16	84		
	66		72		0	24		
	72		78		96	48		
	78		84		72	72		
	84		90		112			
	90		96		40			
	96		102		16	84		
rect	12	252	13	264	007fff
			121	253	
	120			264	00488f
	12	263			
	13	253	120	263	0060c0
crop	15	252	21	264	32	60	000000	/fonts/computer.png
	21		27		8	48		
	27		33		16	60		
	33		39		56	48		
	39		45		40			
	45		51		32	60		
	15	264	21	276	96	48	7fff7f	
	21		27		72			
	27		33		112			
	33		39		40			
	39		45		16	60		
	21	278	29	296		1	ffffff	/sprites/...
rect	14	276	36	277	489048
			15	278	
	35		36		
	14	297		298	
		296	15		
	35		36		
	42	278	49	278	003870
				296	0060c0
	40	276	51	277	00488f
			41	278	
	50		51		
	40	297		298	
		296	41		
	50		51		
