point	146	17	b0b0b0
	440	90	d0d0d0
	181	308	808080
	406	327	
	493	257	d0d0d0
	411	307	b0b0b0
	258	260	808080
	512	5	b0b0b0
	129	8	d0d0d0
	261	68	
	534	356	b0b0b0
	446	92	
	486	387	
	320	310	d0d0d0
	453	399	808080
	543	462	
	516	237	d0d0d0
		226	808080
	170	372	b0b0b0
	302	323	808080
	427	122	d0d0d0
	285	339	
	437	346	
	429	93	
	420	452	b0b0b0
	321	299	808080
	287	59	b0b0b0
	357	121	808080
	311	478	b0b0b0
	295	177	
	531	219	
	157	361	
	329	459	808080
	484	327	b0b0b0
	166	463	d0d0d0
	169	252	
	377	186	808080
	158	239	
	287	189	
	407	12	
	491	235	
	470	452	d0d0d0
	279	369	b0b0b0
	394	131	d0d0d0
	558	461	b0b0b0
	282	138	
	173	457	808080
	391	422	
	313	436	b0b0b0
	603	310	
	206	12	d0d0d0
	560	252	808080
	346	165	d0d0d0
	476	461	808080
	588	135	b0b0b0
	143	169	
	158	293	
	500	376	808080
	497	472	
	408	284	b0b0b0
	160	131	d0d0d0
	241	35	
	367	7	808080
	349	131	d0d0d0
	167	134	b0b0b0
	342	232	
	434	37	808080
	379	163	b0b0b0
	372	370	
	576	131	
	141	414	
	293	312	d0d0d0
	420	347	808080
	446	399	d0d0d0
	285	424	
	222	202	b0b0b0
	288	122	808080
	262	332	d0d0d0
	235	247	b0b0b0
	390	91	
	244	160	
	182	275	
	545	94	808080
	548	422	b0b0b0
	589	286	
	349	122	d0d0d0
	359	299	b0b0b0
	252	368	808080
	206	384	d0d0d0
	177	433	808080
	381	40	
	134	397	d0d0d0
	589	376	808080
	376	104	
	520	84	d0d0d0
	302	479	808080
	306	359	
	488	206	d0d0d0
	548	22	
	432	338	808080
	358	77	
	403	35	b0b0b0
	232	355	808080
	526	132	d0d0d0
	569	142	b0b0b0
	308	44	d0d0d0
	512	303	
	420	401	
	561	335	808080
	550	388	b0b0b0
	204	38	808080
	211	141	
	173	191	b0b0b0
	234	294	d0d0d0
	399	144	808080
	224	3	
	286	402	b0b0b0
	567	205	d0d0d0
	418	203	b0b0b0
	267	206	808080
	421	141	d0d0d0
	335	454	808080
	142	122	b0b0b0
	423	190	
	248	9	d0d0d0
rect	206	0	207	481	000050
	462		463		
	128	67	609	68	
		323		324	
line	348	286	350	281	00ff00
draw	363	230	377	248	/sprites/521.SMIV/13
	227	403	231	405	/sprites/513.SMIV/21
	320	426	338	442	/sprites/550.SMIV/3
line	331	436	341	424	489048
			326	421	
	341	424			204020
draw	0	0	128	480	/pictures/501.png
	608		640		/pictures/512.png
crop	29	159	35	171	0	36	ff0000	/fonts/computer
	35		41					
	41		47		16			
	102		108		0		ff7f00	
	108		114					
	114		120		40			
rect	614	359	615	391	00488f
			623	360	
	622			391	002850
	614	390			
	615	360	622	390	003870
	614	391	615	457	007fff
			623	392	
	622			457	00488f
	614	456			
	615	392	622	456	0070e0
	614	231	615	232	909048
			623		
	622				505028
	614				
		232	615	329	ffff7f
			623	233	
	622			329	909048
	614	328			
	615	233	622	328	e0e070
	614	103	615	160	904848
			623	104	
	622			160	502828
	614	159			
	615	104	622	159	703838
	614	160	615	201	ff7f7f
			623	161	
	622			201	904848
	614	200			
	615	161	622	200	e07070
	634	49	636	52	7fff7f
		53		56	60c060
		57		60	
		61		64	
		65		68	
		69		72	7fff7f
		73		76	60c060
		77		80	
		81		84	
		85		88	
		89		92	7fff7f
		93		96	60c060
		97		100	
		101		104	
		105		108	
		109		112	7fff7f
		113		116	60c060
		117		120	
		121		124	
		125		128	
		129		132	7fff7f
		133		136	60c060
		137		140	
		141		144	
		145		148	
		149		152	183018
		153		156	
		157		160	
		161		164	
		165		168	
		169		172	
		173		176	
		177		180	
		181		184	
		185		188	
		189		192	
		193		196	
		197		200	
		201		204	
		205		208	
		209		212	
		213		216	
		217		220	
		221		224	
		225		228	
		229		232	
		233		236	
		237		240	
		241		244	
		245		248	
		249		252	
		253		256	
		257		260	
		261		264	
		265		268	
		269		272	
		273		276	
		277		280	
		281		284	
		285		288	
		289		292	
		293		296	
		297		300	
		301		304	
		305		308	
		309		312	
		313		316	
		317		320	
		321		324	
		325		328	
		329		332	
		333		336	
		337		340	
		341		344	
		345		348	
		349		352	
		353		356	
		357		360	
		361		364	
		365		368	
		369		372	
		373		376	
		377		380	
		381		384	
		385		388	
		389		392	
		393		396	
		397		400	
		401		404	
		405		408	
		409		412	
		413		416	
		417		420	
		421		424	
		425		428	
		429		432	
		433		436	
		437		440	
		441		444	
		445		448	
	621	52	631	56	303000
		57		61	
		62		66	
		67		71	
		72		76	
		77		81	
		82		86	
	7	7	115	115	00ff00
	8	8	114	114	001000
	52	52	70	70	003000
point	85	74	00e000
	86	39	
	89	36	
	61	62	
	56	67	
	54	73	
	60	68	
rect	12	320	121	440	001000
		330	120	331	009000
crop	15	320	21	332	104	48	00ff00	/fonts/computer
	21		27		72			
	27		33		24	60		
	33		39					
	39		45		72	48		
	45		51		120			
	51		57		112			
	57		63		0	24		
	63		69		24	60		
	69		75		32			
	75		81		8	48		
	81		87		32	60		
	87		93		40			
	93		99		24			
	15	332	21	344	16			
	21		27		40	72		
	27		33		24	84		
	33		39			72		
	39		45		40	84		
	45		51			72		
	51		57		0	24		
	57		63		8	36		
	63		69					
rect	12	354	120	355	009000
crop	15	344	21	356	120	48	00ff00	/fonts/computer
	21		27		16	72		
	27		33		72			
	33		39		8			
	39		45		16	84		
	45		51		32	72		
	51		57		24	84		
	15	356	21	368	72	48		
	21		27		112	72		
	27		33		0	24		
	33		39		32	84		
	39		45		16			
	45		51		8	72		
	51		57		112			
	57		63		24	84		
	63		69		0			
	69		75		120	72		
	75		81		16	84		
	81		87		32			
	87		93		80	36		
	93		99		0	24		
	99		105		40	36		
	105		111		120	24		
	111		117		40	36		
	15	368	21	380	16	60		
	21		27		40	72		
	27		33		24	84		
	33		39			72		
	39		45		40	84		
	45		51			72		
	51		57		32			
	57		63		80	36		
	63		69		0	24		
	69		75		40	36		
	75		81		120	24		
	81		87		8	36		
	87		93					
rect	12	438	120	439	009000
	16	450	114	475	001010
	17	462	18	474	00c0c0
			44	463	
	43			474	007070
	17	473			
	18	463	43	473	009090
crop	19	462	25	474	96	48	00ffff	/fonts/computer
	25		31		40			
	31		37		48			
	37		43		32	60		
	43		49		0	24		
	49		55		104	48		
	55		61		8	72		
	61		67		72			
	67		73		112			
	73		79		0	24		
	79		85		104	48		
	85		91		40	72		
	91		97		112			
	97		103		40	84		
rect	12	180	13	192	ffff00
			121	181	
	120			192	909000
	12	191			
	13	181	120	191	c0c000
crop	15	180	21	192	24	48	000000	/fonts/computer
	21		27		120			
	27		33		112			
	33		39		32	60		
	39		45		16			
	45		51		120	48		
	51		57		96			
	15	192	21	204	32	60	7fff7f	
	21		27		16			
	27		33		8	48		
	33		39		112			
	39		45		24	60		
	45		51		0			
	51		57		16			
	57		63		32			
draw	20	206	30	224	/sprites/567.SMIV/0
rect	14	204	36	205	489048
			15	206	
	35		36		
	14	225		226	
		224	15		
	35		36		
	42	206	49	207	003870
		207		224	0060c0
	40	204	51	205	00488f
			41	206	
	50		51		
	40	225		226	
		224	41		
	50		51		
	55	206	62	207	707000
		207		224	c0c000
	53	204	64	205	909000
			54	206	
	63		64		
	53	225		226	
		224	54		
	63		64		
crop	69	204	75	216	16	60	7fff7f	/fonts/computer
	75		81		40	48		
	81		87		0	60		
	87		93		40			
	93		99		96	48		
	99		105		24	60		
	105		111		40	48		
	111		117		16	60		
	12	228	18	240	0		00ff00	
	18		24		8	72		
	24		30		24	84		
	30		36					
	36		42		40	72		
	42		48		112			
	48		54		56			
	54		60		40			
	60		66		16	84		
	66		72		0	24		
	72		78		96	48		
	78		84		72	72		
	84		90		112			
	90		96		40			
	96		102		16	84		
rect	12	252	13	264	007fff
			121	253	
	120			264	00488f
	12	263			
	13	253	120	263	0060c0
crop	15	252	21	264	32	60	000000	/fonts/computer
	21		27		8	48		
	27		33		16	60		
	33		39		56	48		
	39		45		40			
	45		51		32	60		
	15	264	21	276	24	48	7fff7f	
	21		27		40	72		
	27		33		96			
	33		39					
	39		45		0	24		
	45		51		24	36		
draw	17	278	34	296	/sprites/595.SMIV/0
rect	14	276	36	277	489048
			15	278	
	35		36		
	14	297		298	
		296	15		
	35		36		
	42	278	49	278	003870
				296	0060c0
	40	276	51	277	00488f
			41	278	
	50		51		
	40	297		298	
		296	41		
	50		51		
