point	458	277	d0d0d0
	583	180	808080
	405	349	b0b0b0
	446	369	d0d0d0
	497	279	808080
	518	377	
	302	40	
	472	298	
	215	398	b0b0b0
	411	156	
	578	440	
	410	428	808080
	135	119	d0d0d0
	282	416	808080
	324	180	
	358	120	d0d0d0
	429	93	b0b0b0
	201	444	
	154	415	
	411	104	808080
	398	323	
	506	302	
	400	101	b0b0b0
	209	307	808080
	428	312	d0d0d0
	480	7	
	144	302	808080
	145	466	b0b0b0
	573	174	808080
	568	326	
	390	178	
	210	300	b0b0b0
	522	259	808080
	165	295	b0b0b0
	148	100	
	602	346	808080
	154	410	d0d0d0
	265	28	808080
	188	261	d0d0d0
	206	316	
	432	184	808080
	508	87	b0b0b0
	391	415	
	444	83	808080
	306	239	
	490	153	
	391	238	
	358	194	b0b0b0
	549	141	
	546	119	
	550	28	
	601	9	
	173	3	d0d0d0
	152	241	808080
	560	368	d0d0d0
	523	64	b0b0b0
	151	261	808080
	504	58	d0d0d0
	451	54	808080
	190	111	b0b0b0
	333	313	808080
	403	279	
	163	401	b0b0b0
	128	273	808080
	564	261	b0b0b0
	298	64	808080
	203	444	
	478	319	b0b0b0
	255	281	
	474	315	d0d0d0
	313	399	808080
	443	21	d0d0d0
	145	191	b0b0b0
	374	304	808080
	225	234	
	531	412	
	458	39	b0b0b0
	502	466	d0d0d0
	255	186	808080
	315	322	
	426	424	d0d0d0
	385	107	b0b0b0
	353	406	d0d0d0
	462	15	b0b0b0
	487	47	
	532	284	
	298	325	d0d0d0
	279	149	808080
	201	88	b0b0b0
	204	213	808080
	393	262	d0d0d0
	395	370	808080
	329	142	b0b0b0
	143	423	808080
	171	128	b0b0b0
	438	319	808080
	422	217	d0d0d0
	156	85	
	560	114	
	149	177	b0b0b0
	534	-1	
	544	258	d0d0d0
	586	395	b0b0b0
	166	171	d0d0d0
	546	381	
	281	447	808080
	573	212	
	562	133	d0d0d0
	343	471	b0b0b0
	591	176	
	250	171	808080
	275	289	
	370	374	
	554	467	
	227	406	
	557	15	
	402	108	b0b0b0
	467	147	
	343	445	
	384	464	808080
	337	259	
	204	473	
	234	281	d0d0d0
	459	319	808080
	334	127	
rect	348	0	349	481	000050
	604		605		
	128	75	609	76	002850
		331		332	000050
line	449	390	445	382	00ff00
	751	941	760	942	7fff7f
draw	357	231	377	244	/sprites/ish/hvc%7
	424	206	427	209	/sprites/sfx/crew%5
static	404	148	414	155	f0eac3	140	/sprites/gai/fighter%17
draw	375	192	435	235	/sprites/sfx/explosion/energy%15
line	560	291	549	280	489048
			545	295	
	549	280			204020
draw	0	-144	128	624	/pictures/gui/instruments/left.png
	608		640		/pictures/gui/instruments/right.png
crop	29	159	35	171	0	36	ff0000	/fonts/computer.png
	35		41					
	41		47		8			
	102		108		0		ff7f00	
	108		114					
	114		120		40			
rect	614	359	615	394	00488f
			623	360	
	622			394	002850
	614	393			
	615	360	622	393	003870
	614	394	615	457	007fff
			623	395	
	622			457	00488f
	614	456			
	615	395	622	456	0070e0
	614	231	615	233	909048
			623	232	
	622			233	505028
	614	232			
		233	615	329	ffff7f
			623	234	
	622			329	909048
	614	328			
	615	234	622	328	e0e070
	614	103	615	173	904848
			623	104	
	622			173	502828
	614	172			
	615	104	622	172	703838
	614	173	615	201	ff7f7f
			623	174	
	622			201	904848
	614	200			
	615	174	622	200	e07070
	634	49	636	52	7fff7f
		53		56	60c060
		57		60	
		61		64	
		65		68	
		69		72	7fff7f
		73		76	60c060
		77		80	
		81		84	
		85		88	
		89		92	7fff7f
		93		96	60c060
		97		100	
		101		104	
		105		108	
		109		112	7fff7f
		113		116	60c060
		117		120	
		121		124	
		125		128	
		129		132	7fff7f
		133		136	60c060
		137		140	
		141		144	
		145		148	
		149		152	183018
		153		156	
		157		160	
		161		164	
		165		168	
		169		172	
		173		176	
		177		180	
		181		184	
		185		188	
		189		192	
		193		196	
		197		200	
		201		204	
		205		208	
		209		212	
		213		216	
		217		220	
		221		224	
		225		228	
		229		232	
		233		236	
		237		240	
		241		244	
		245		248	
		249		252	
		253		256	
		257		260	
		261		264	
		265		268	
		269		272	
		273		276	
		277		280	
		281		284	
		285		288	
		289		292	
		293		296	
		297		300	
		301		304	
		305		308	
		309		312	
		313		316	
		317		320	
		321		324	
		325		328	
		329		332	
		333		336	
		337		340	
		341		344	
		345		348	
		349		352	
		353		356	
		357		360	
		361		364	
		365		368	
		369		372	
		373		376	
		377		380	
		381		384	
		385		388	
		389		392	
		393		396	
		397		400	
		401		404	
		405		408	
		409		412	
		413		416	
		417		420	
		421		424	
		425		428	
		429		432	
		433		436	
		437		440	
		441		444	
		445		448	
	621	52	631	56	303000
		57		61	
		62		66	
		67		71	
		72		76	
		77		81	
		82		86	
	7	7	115	115	00ff00
	8	8	114	114	001000
	53	53	71	71	003000
point	80	95	00e000
	74	87	
	73	94	
	64	66	
	81	90	
	62	61	
	76	89	
	19	113	
	63	60	
	78	89	
	62	58	
rect	12	320	121	440	001000
		330	120	331	009000
		354		355	
		438		439	
	16	450	114	475	001010
	17	462	18	474	00c0c0
			44	463	
	43			474	007070
	17	473			
	18	463	43	473	009090
crop	15	320	21	332	104	48	00ff00	/fonts/computer.png
	21		27		72			
	27		33		24	60		
	33		39					
	39		45		72	48		
	45		51		120			
	51		57		112			
	57		63		0	24		
	63		69		24	60		
	69		75		32			
	75		81		8	48		
	81		87		32	60		
	87		93		40			
	93		99		24			
	15	332	21	344	16			
	21		27		40	72		
	27		33		24	84		
	33		39			72		
	39		45		40	84		
	45		51			72		
	51		57		0	24		
	57		63		8	36		
	63		69					
	15	344	21	356	120	48		
	21		27		16	72		
	27		33		72			
	33		39		8			
	39		45		16	84		
	45		51		32	72		
	51		57		24	84		
	15	356	21	368	72	48		
	21		27		112	72		
	27		33		0	24		
	33		39		32	84		
	39		45		16			
	45		51		8	72		
	51		57		112			
	57		63		24	84		
	63		69		0			
	69		75		120	72		
	75		81		16	84		
	81		87		32			
	87		93		80	36		
	93		99		0	24		
	99		105			36		
	105		111		120	24		
	111		117		40	36		
	15	368	21	380	16	60		
	21		27		40	72		
	27		33		24	84		
	33		39			72		
	39		45		40	84		
	45		51			72		
	51		57		32			
	57		63		80	36		
	63		69		0	24		
	69		75		72	36		
	75		81		120	24		
	81		87		8	36		
	87		93					
	19	462	25	474	96	48	00ffff	
	25		31		40			
	31		37		48			
	37		43		32	60		
	43		49		0	24		
	49		55		104	48		
	55		61		8	72		
	61		67		72			
	67		73		112			
	73		79		0	24		
	79		85		104	48		
	85		91		40	72		
	91		97		112			
	97		103		40	84		
rect	12	180	13	192	ffff00
			121	181	
	120			192	909000
	12	191			
	13	181	120	191	c0c000
crop	15	180	21	192	24	48	000000	/fonts/computer.png
	21		27		120			
	27		33		112			
	33		39		32	60		
	39		45		16			
	45		51		120	48		
	51		57		96			
	15	192	21	204	32	60	7fff7f	
	21		27		16			
	27		33		8	48		
	33		39		112			
	39		45		24	60		
	45		51		0			
	51		57		16			
	57		63		32			
draw	20	206	30	224	/sprites/obi/transport%0
rect	14	204	36	205	489048
			15	206	
	35		36		
	14	225		226	
		224	15		
	35		36		
	42	206	49	207	003870
		207		224	0060c0
	40	204	51	205	00488f
			41	206	
	50		51		
	40	225		226	
		224	41		
	50		51		
	55	206	62	206	707000
				224	c0c000
	53	204	64	205	909000
			54	206	
	63		64		
	53	225		226	
		224	54		
	63		64		
crop	69	204	75	216	16	60	7fff7f	/fonts/computer.png
	75		81		40	48		
	81		87		0	60		
	87		93		40			
	93		99		96	48		
	99		105		24	60		
	105		111		40	48		
	111		117		16	60		
	12	228	18	240	24	48	ff0000	
	18		24		40	72		
	24		30		96			
	30		36					
	36		42		0	24		
	42		48		24	36		
rect	12	252	13	264	007fff
			121	253	
	120			264	00488f
	12	263			
	13	253	120	263	0060c0
crop	15	252	21	264	32	60	000000	/fonts/computer.png
	21		27		8	48		
	27		33		16	60		
	33		39		56	48		
	39		45		40			
	45		51		32	60		
	15	264	21	276	24	48	7fff7f	
	21		27		40	72		
	27		33		96			
	33		39					
	39		45		0	24		
	45		51		24	36		
draw	16	278	33	296	/sprites/gai/etc/lab%0
rect	14	276	36	277	489048
			15	278	
	35		36		
	14	297		298	
		296	15		
	35		36		
	42	278	49	278	003870
				296	0060c0
	40	276	51	277	00488f
			41	278	
	50		51		
	40	297		298	
		296	41		
	50		51		
