point	279	232	b0b0b0
	499	297	
	355	374	808080
	378	441	
	218	456	
	442	75	
	202	432	d0d0d0
	275	475	
	340	123	808080
	239	181	b0b0b0
	403	150	808080
	447	155	
	600	184	
	476	143	b0b0b0
	598	283	808080
	383	374	b0b0b0
	244	238	808080
	214	295	b0b0b0
	133	107	808080
	147	83	d0d0d0
	321	20	808080
	430	0	
	259	276	b0b0b0
	547	299	
	324	457	808080
	553	294	
	581	105	
	152	377	
	201	226	d0d0d0
	492	24	808080
	451	234	d0d0d0
	422	187	808080
	597	397	d0d0d0
	552	325	808080
	532	333	b0b0b0
	526	44	808080
	230	187	
	189	38	
	426	343	
	218	430	
	352	361	
	375	469	d0d0d0
	295	133	808080
	460	260	
	200	355	d0d0d0
	148	184	
	484	414	808080
	192	197	
	368	63	d0d0d0
	194	144	b0b0b0
	229	195	808080
	555	392	b0b0b0
	471	120	d0d0d0
	601	139	808080
	576	259	b0b0b0
	349	447	
	551	222	d0d0d0
	445	204	808080
	307	107	b0b0b0
	146	20	808080
	257	11	
	191	446	b0b0b0
	245	465	808080
	358	476	b0b0b0
	495	223	d0d0d0
	536	305	808080
	592	212	d0d0d0
	464	302	
	346	421	b0b0b0
	504	339	808080
	290	351	d0d0d0
	501	187	808080
	275	395	b0b0b0
	297	2	808080
	548	39	b0b0b0
	157	417	
	418	202	808080
	469	392	
	179	217	
	238	19	
	171	395	b0b0b0
	341	17	d0d0d0
	567	100	b0b0b0
	446	198	
	270	62	d0d0d0
	473	364	808080
	290	100	
	387	398	
	564	238	b0b0b0
	513	346	d0d0d0
	448	106	b0b0b0
	319	68	808080
	361	416	b0b0b0
	551	262	808080
	591	353	b0b0b0
	361	17	808080
	535	403	b0b0b0
	589	105	
	534	233	808080
	275	103	b0b0b0
	233	298	
	475	216	
	246	121	808080
	353	131	
	602	117	
	449	144	
	402	346	b0b0b0
	147	142	808080
	592	20	
	348	292	
	575	476	b0b0b0
	154	213	
	294	71	808080
	525	377	
	502	271	b0b0b0
	513	191	808080
	556	309	
	458	273	
	189	415	d0d0d0
	147	404	808080
	233	397	d0d0d0
	191	410	b0b0b0
	560	290	d0d0d0
	382	16	808080
	601	289	
line	602	0	602	480	000050
	128	25	608	25	005000
	383	524	382	504	00ff00
	381	251	375	232	
	353	390	353	370	
	413	274	419	286	7fff7f
draw	351	220	379	257	/sprites/521.SMIV/11
	568	106	608	139	/sprites/532.SMIV/22
	439	365	455	383	/sprites/551.SMIV/0
line	439	425	441	410	489048
			427	415	
	441	410			204020
draw	0	0	128	480	/pictures/501.png
	608		640		/pictures/512.png
crop	29	159	35	171	0	36	ff0000	/fonts/computer
	35		41					
	41		47		56			
	102		108		0		ff7f00	
	108		114					
	114		120		40			
line	614	393	614	359	00488f
		359	622		
	622			393	002850
		393	614		
rect	615	360	622	393	003870
line	614	456	614	394	007fff
		394	622		
	622			456	00488f
		456	614		
rect	615	395	622	456	0070e0
line	614	232	614	231	909048
		231	622		
	622			232	505028
		232	614		
	614	328		233	ffff7f
		233	622		
	622			328	909048
		328	614		
rect	615	234	622	328	e0e070
line	614	175	614	103	904848
		103	622		
	622			175	502828
		175	614		
rect	615	104	622	175	703838
line	614	200	614	176	ff7f7f
		176	622		
	622			200	904848
		200	614		
rect	615	177	622	200	e07070
	634	49	636	52	7fff7f
		53		56	60c060
		57		60	
		61		64	
		65		68	
		69		72	7fff7f
		73		76	60c060
		77		80	
		81		84	
		85		88	
		89		92	7fff7f
		93		96	60c060
		97		100	
		101		104	
		105		108	
		109		112	7fff7f
		113		116	60c060
		117		120	
		121		124	
		125		128	
		129		132	7fff7f
		133		136	60c060
		137		140	
		141		144	
		145		148	
		149		152	183018
		153		156	
		157		160	
		161		164	
		165		168	
		169		172	
		173		176	
		177		180	
		181		184	
		185		188	
		189		192	
		193		196	
		197		200	
		201		204	
		205		208	
		209		212	
		213		216	
		217		220	
		221		224	
		225		228	
		229		232	
		233		236	
		237		240	
		241		244	
		245		248	
		249		252	
		253		256	
		257		260	
		261		264	
		265		268	
		269		272	
		273		276	
		277		280	
		281		284	
		285		288	
		289		292	
		293		296	
		297		300	
		301		304	
		305		308	
		309		312	
		313		316	
		317		320	
		321		324	
		325		328	
		329		332	
		333		336	
		337		340	
		341		344	
		345		348	
		349		352	
		353		356	
		357		360	
		361		364	
		365		368	
		369		372	
		373		376	
		377		380	
		381		384	
		385		388	
		389		392	
		393		396	
		397		400	
		401		404	
		405		408	
		409		412	
		413		416	
		417		420	
		421		424	
		425		428	
		429		432	
		433		436	
		437		440	
		441		444	
		445		448	
	621	52	631	56	303000
		57		61	
		62		66	
		67		71	
		72		76	
		77		81	
		82		86	
	7	7	115	115	00ff00
	8	8	114	114	001000
	57	57	65	65	003000
point	75	57	00e000
	65	59	
	61	63	
		61	
	60	53	
	61	66	
	62	62	
	68	19	
	62	63	
rect	12	320	121	440	001000
line	12	330	119	330	009000
crop	15	320	21	332	104	48	00ff00	/fonts/computer
	21		27		72			
	27		33		24	60		
	33		39					
	39		45		72	48		
	45		51		120			
	51		57		112			
	57		63		0	24		
	63		69		24	60		
	69		75		32			
	75		81		8	48		
	81		87		32	60		
	87		93		40			
	93		99		24			
	15	332	21	344	16			
	21		27		40	72		
	27		33		24	84		
	33		39			72		
	39		45		40	84		
	45		51			72		
	51		57		0	24		
	57		63		8	36		
	63		69					
line	12	354	119	354	009000
crop	15	344	21	356	120	48	00ff00	/fonts/computer
	21		27		16	72		
	27		33		72			
	33		39		8			
	39		45		16	84		
	45		51		32	72		
	51		57		24	84		
	15	356	21	368	72	48		
	21		27		112	72		
	27		33		0	24		
	33		39		32	84		
	39		45		16			
	45		51		8	72		
	51		57		112			
	57		63		24	84		
	63		69		0			
	69		75		120	72		
	75		81		16	84		
	81		87		32			
	87		93		80	36		
	93		99		0	24		
	99		105			36		
	105		111		120	24		
	111		117		40	36		
	15	368	21	380	16	60		
	21		27		40	72		
	27		33		24	84		
	33		39			72		
	39		45		40	84		
	45		51			72		
	51		57		32			
	57		63		80	36		
	63		69		0	24		
	69		75		72	36		
	75		81		120	24		
	81		87		8	36		
	87		93					
line	12	438	119	438	009000
rect	16	450	114	475	001010
line	17	473	17	462	00c0c0
		462	43		
	43			473	007070
		473	17		
rect	18	463	43	473	009090
crop	19	462	25	474	96	48	00ffff	/fonts/computer
	25		31		40			
	31		37		48			
	37		43		32	60		
	43		49		0	24		
	49		55		104	48		
	55		61		8	72		
	61		67		72			
	67		73		112			
	73		79		0	24		
	79		85		104	48		
	85		91		40	72		
	91		97		112			
	97		103		40	84		
line	12	191	12	180	ffff00
		180	120		
	120			191	909000
		191	12		
rect	13	181	120	191	c0c000
crop	15	180	21	192	24	48	000000	/fonts/computer
	21		27		120			
	27		33		112			
	33		39		32	60		
	39		45		16			
	45		51		120	48		
	51		57		96			
	15	192	21	204	32	60	7fff7f	
	21		27		16			
	27		33		8	48		
	33		39		112			
	39		45		24	60		
	45		51		0			
	51		57		16			
	57		63		32			
draw	20	206	30	224	/sprites/567.SMIV/0
line	14	204	35	204	489048
			14	205	
	35		35		
	14	225		225	
			14	224	
	35		35		
rect	42	206	49	207	003870
		207		224	0060c0
line	40	204	50	204	00488f
			40	205	
	50		50		
	40	225		225	
			40	224	
	50		50		
rect	55	206	62	207	707000
		207		224	c0c000
line	53	204	63	204	909000
			53	205	
	63		63		
	53	225		225	
			53	224	
	63		63		
crop	69	204	75	216	16	60	7fff7f	/fonts/computer
	75		81		40	48		
	81		87		0	60		
	87		93		40			
	93		99		96	48		
	99		105		24	60		
	105		111		40	48		
	111		117		16	60		
	12	228	18	240	24	48	ff0000	
	18		24		40	72		
	24		30		96			
	30		36					
	36		42		0	24		
	42		48		24	36		
line	12	263	12	252	007fff
		252	120		
	120			263	00488f
		263	12		
rect	13	253	120	263	0060c0
crop	15	252	21	264	32	60	000000	/fonts/computer
	21		27		8	48		
	27		33		16	60		
	33		39		56	48		
	39		45		40			
	45		51		32	60		
	15	264	21	276	24	48	7fff7f	
	21		27		40	72		
	27		33		96			
	33		39					
	39		45		0	24		
	45		51		24	36		
draw	17	278	34	296	/sprites/595.SMIV/0
line	14	276	35	276	489048
			14	277	
	35		35		
	14	297		297	
			14	296	
	35		35		
rect	42	278	49	278	003870
				296	0060c0
line	40	276	50	276	00488f
			40	277	
	50		50		
	40	297		297	
			40	296	
	50		50		
