line	242	111	242	110	d0d0d0
	433	356	433	356	b0b0b0
	312	413	312	413	808080
	223	106	223	105	d0d0d0
	285	169	285	168	b0b0b0
	304	165	303	164	
	172	76	172	76	
	296	162	296	162	808080
	188	426	188	425	d0d0d0
	359	189	359	189	808080
	403	195	403	194	
	556	223	556	223	
	531	270	531	270	d0d0d0
	554	322	554	322	808080
	317	433	317	433	b0b0b0
	200	277	200	277	808080
	313	62	313	62	
	550	251	549	251	b0b0b0
	572	201	572	201	808080
	176	124	176	123	b0b0b0
	166	38	166	38	808080
	180	47	180	46	d0d0d0
	482	358	481	358	b0b0b0
	248	17	248	17	808080
	509	333	509	333	
	214	131	214	131	d0d0d0
	580	446	580	445	b0b0b0
	357	62	357	61	
	291	122	291	121	d0d0d0
	364	313	363	312	
	379	226	378	226	808080
	510	476	510	475	d0d0d0
	509	364	508	364	808080
	466	392	466	392	b0b0b0
	353	123	353	122	
	185	219	185	219	808080
	329	81	329	81	
	382	382	382	382	
	223	341	223	340	d0d0d0
	308	400	308	400	808080
	188	52	188	51	b0b0b0
	252	172	251	172	808080
	416	300	416	299	
	596	178	595	177	b0b0b0
	574	10	574	9	d0d0d0
	440	454	440	453	808080
	159	375	159	374	b0b0b0
	174	421	173	421	d0d0d0
	401	137	401	137	808080
	587	75	586	75	
	490	451	489	450	b0b0b0
	371	103	371	103	808080
	558	178	557	178	
	510	318	510	317	b0b0b0
	137	18	137	17	808080
	464	301	463	301	d0d0d0
	402	243	401	243	808080
	448	223	448	222	d0d0d0
	470	183	470	182	b0b0b0
	579	76	579	76	
	373	7	373	6	
	224	48	224	47	d0d0d0
	484	38	484	38	808080
	408	302	408	301	d0d0d0
	492	345	492	344	808080
	354	143	354	143	
	377	381	377	381	d0d0d0
	280	480	280	479	b0b0b0
	460	378	460	378	808080
	167	127	167	127	
	457	226	457	226	
	159	13	159	13	
	550	87	550	86	d0d0d0
	141	313	141	313	808080
	560	368	559	367	d0d0d0
	374	241	374	240	808080
	425	431	425	431	
	142	176	142	175	d0d0d0
	449	57	449	57	808080
	234	78	234	78	
	142	36	142	36	
	354	214	354	213	d0d0d0
	380	257	380	257	b0b0b0
	349	65	349	65	808080
	430	404	430	403	
	507	139	507	138	
	343	437	343	437	
	498	297	498	297	b0b0b0
	426	426	426	425	d0d0d0
	405	220	404	220	
	285	156	285	156	b0b0b0
	295	475	295	475	
	507	301	507	301	808080
	526	412	525	411	b0b0b0
	308	82	307	81	
	469	463	469	462	
		106	468	105	808080
	491	272	490	272	
	249	109	248	108	
	152	453	152	453	
	410	275	409	275	b0b0b0
	202	160	202	160	808080
	309	170	309	170	
	558	156	558	156	
	405	183	405	183	
	336	405	336	405	b0b0b0
	512	144	512	144	
	210	30	209	29	
	304	331	304	331	808080
	161	23	161	23	
	580	377	580	377	
	201	357	201	356	d0d0d0
	482	416	482	416	808080
	436	330	436	329	b0b0b0
	469	231	469	230	808080
	512	348	512	348	
	414	312	414	312	
	591	365	591	365	
	598	426	598	425	b0b0b0
	141	450	140	450	
	605	266	604	266	
	473	369	473	369	d0d0d0
	579	341	579	340	b0b0b0
	557	329	557	328	808080
rect	256	0	257	481	005000
	396		397		
	536		537		
	128	135	609	136	
		275		276	
		415		416	
	266	214	278	226	900000
	399	129	411	141	
	287	97	299	109	
plus	389	268	403	282	00c000
	332	177	342	187	
triangle	363	235	371	243	00c000
	337	185	345	193	
dither	337	192	406	209	303000
crop	341	196	348	207	32	55	000000	/fonts/tactical.png
	348		355		16	77		
	355		362		8	66		
	362		369		112			
	369		376		24	77		
	376		383		0			
	383		390		120	66		
	390		397		16	77		
	397		404		32			
	340	195	347	206		55	ffff00	
	347		354		16	77		
	354		361		8	66		
	361		368		112			
	368		375		24	77		
	375		382		0			
	382		389		120	66		
	389		396		16	77		
	396		403		32			
dither	396	255	507	272	001830
crop	400	259	407	270	0	55	000000	/fonts/tactical.png
	407		414		8	66		
	414		421		24	77		
	421		428					
	428		435		40	66		
	435		442		112			
	442		449		56			
	449		456		40			
	456		463		16	77		
	463		470		0	22		
	470		477		96	44		
	477		484		72	66		
	484		491		112			
	491		498		40			
	498		505		16	77		
	399	258	406	269	0	55	007fff	
	406		413		8	66		
	413		420		24	77		
	420		427					
	427		434		40	66		
	434		441		112			
	441		448		56			
	448		455		40			
	455		462		16	77		
	462		469		0	22		
	469		476		96	44		
	476		483		72	66		
	483		490		112			
	490		497		40			
	497		504		16	77		
line	283	58	282	73	489048
			296	67	
	282	73			204020
draw	0	0	128	480	/pictures/501.png
	608		640		/pictures/512.png
crop	29	159	35	171	0	36	ff0000	/fonts/computer.png
	35		41		8			
	41		47					
	102		108		0		ff7f00	
	108		114					
	114		120		40			
rect	614	359	615	397	00488f
			623	360	
	622			397	002850
	614	396			
	615	360	622	396	003870
	614	397	615	457	007fff
			623	398	
	622			457	00488f
	614	456			
	615	398	622	456	0070e0
	614	231	615	245	909048
			623	232	
	622			245	505028
	614	244			
	615	232	622	244	707038
	614	245	615	329	ffff7f
			623	246	
	622			329	909048
	614	328			
	615	246	622	328	e0e070
	614	103	615	177	904848
			623	104	
	622			177	502828
	614	176			
	615	104	622	176	703838
	614	177	615	201	ff7f7f
			623	178	
	622			201	904848
	614	200			
	615	178	622	200	e07070
	634	49	636	52	7fff7f
		53		56	60c060
		57		60	
		61		64	
		65		68	
		69		72	7fff7f
		73		76	60c060
		77		80	
		81		84	
		85		88	
		89		92	7fff7f
		93		96	60c060
		97		100	
		101		104	
		105		108	
		109		112	7fff7f
		113		116	60c060
		117		120	
		121		124	
		125		128	
		129		132	7fff7f
		133		136	60c060
		137		140	
		141		144	
		145		148	
		149		152	183018
		153		156	
		157		160	
		161		164	
		165		168	
		169		172	
		173		176	
		177		180	
		181		184	
		185		188	
		189		192	
		193		196	
		197		200	
		201		204	
		205		208	
		209		212	
		213		216	
		217		220	
		221		224	
		225		228	
		229		232	
		233		236	
		237		240	
		241		244	
		245		248	
		249		252	
		253		256	
		257		260	
		261		264	
		265		268	
		269		272	
		273		276	
		277		280	
		281		284	
		285		288	
		289		292	
		293		296	
		297		300	
		301		304	
		305		308	
		309		312	
		313		316	
		317		320	
		321		324	
		325		328	
		329		332	
		333		336	
		337		340	
		341		344	
		345		348	
		349		352	
		353		356	
		357		360	
		361		364	
		365		368	
		369		372	
		373		376	
		377		380	
		381		384	
		385		388	
		389		392	
		393		396	
		397		400	
		401		404	
		405		408	
		409		412	
		413		416	
		417		420	
		421		424	
		425		428	
		429		432	
		433		436	
		437		440	
		441		444	
		445		448	
	621	52	631	56	303000
		57		61	
		62		66	
		67		71	
		72		76	
		77		81	
		82		86	
	7	7	115	115	00ff00
	8	8	114	114	001000
					003000
point	94	101	00e000
rect	12	320	121	440	001000
		330	120	331	009000
		354		355	
		438		439	
	16	450	114	475	001010
	17	462	18	474	00c0c0
			44	463	
	43			474	007070
	17	473			
	18	463	43	473	009090
crop	15	320	21	332	104	48	00ff00	/fonts/computer.png
	21		27		72			
	27		33		24	60		
	33		39					
	39		45		72	48		
	45		51		120			
	51		57		112			
	57		63		0	24		
	63		69		24	60		
	69		75		32			
	75		81		8	48		
	81		87		32	60		
	87		93		40			
	93		99		24			
	15	332	21	344	16			
	21		27		40	72		
	27		33		24	84		
	33		39			72		
	39		45		40	84		
	45		51			72		
	51		57		0	24		
	57		63		8	36		
	63		69					
	15	344	21	356	120	48		
	21		27		16	72		
	27		33		72			
	33		39		8			
	39		45		16	84		
	45		51		32	72		
	51		57		24	84		
	15	356	21	368	72	48		
	21		27		112	72		
	27		33		0	24		
	33		39		32	84		
	39		45		16			
	45		51		8	72		
	51		57		112			
	57		63		24	84		
	63		69		0			
	69		75		120	72		
	75		81		16	84		
	81		87		32			
	87		93		80	36		
	93		99		0	24		
	99		105			36		
	105		111		120	24		
	111		117		40	36		
	15	368	21	380	16	60		
	21		27		40	72		
	27		33		24	84		
	33		39			72		
	39		45		40	84		
	45		51			72		
	51		57		32			
	57		63		80	36		
	63		69		0	24		
	69		75		8	36		
	75		81		0			
	81		87		120	24		
	87		93		8	36		
	93		99					
	19	462	25	474	96	48	00ffff	
	25		31		40			
	31		37		48			
	37		43		32	60		
	43		49		0	24		
	49		55		104	48		
	55		61		8	72		
	61		67		72			
	67		73		112			
	73		79		0	24		
	79		85		104	48		
	85		91		40	72		
	91		97		112			
	97		103		40	84		
rect	12	180	13	192	ffff00
			121	181	
	120			192	909000
	12	191			
	13	181	120	191	c0c000
crop	15	180	21	192	24	48	000000	/fonts/computer.png
	21		27		120			
	27		33		112			
	33		39		32	60		
	39		45		16			
	45		51		120	48		
	51		57		96			
	15	192	21	204	32	60	7fff7f	
	21		27		16			
	27		33		8	48		
	33		39		112			
	39		45		24	60		
	45		51		0			
	51		57		16			
	57		63		32			
draw	20	206	30	224	/sprites/567.SMIV/0
rect	14	204	36	205	489048
			15	206	
	35		36		
	14	225		226	
		224	15		
	35		36		
	42	206	49	207	003870
		207		224	0060c0
	40	204	51	205	00488f
			41	206	
	50		51		
	40	225		226	
		224	41		
	50		51		
	55	206	62	207	707000
		207		224	c0c000
	53	204	64	205	909000
			54	206	
	63		64		
	53	225		226	
		224	54		
	63		64		
crop	69	204	75	216	16	60	7fff7f	/fonts/computer.png
	75		81		40	48		
	81		87		0	60		
	87		93		40			
	93		99		96	48		
	99		105		24	60		
	105		111		40	48		
	111		117		16	60		
	12	228	18	240	24	48	ff0000	
	18		24		40	72		
	24		30		96			
	30		36					
	36		42		0	24		
	42		48		24	36		
rect	12	252	13	264	007fff
			121	253	
	120			264	00488f
	12	263			
	13	253	120	263	0060c0
crop	15	252	21	264	32	60	000000	/fonts/computer.png
	21		27		8	48		
	27		33		16	60		
	33		39		56	48		
	39		45		40			
	45		51		32	60		
	15	264	21	276	96	48	7fff7f	
	21		27		72			
	27		33		112			
	33		39		40			
	39		45		16	60		
draw	21	278	29	296	/sprites/565.SMIV/0
rect	14	276	36	277	489048
			15	278	
	35		36		
	14	297		298	
		296	15		
	35		36		
	42	278	49	278	003870
				296	0060c0
	40	276	51	277	00488f
			41	278	
	50		51		
	40	297		298	
		296	41		
	50		51		
