point	346	331	d0d0d0
	376	27	808080
	400	43	
	569	110	
	327	326	d0d0d0
	363	334	b0b0b0
	381	330	
	250	241	
	347	272	808080
	462	125	b0b0b0
	411	299	808080
	455	304	
	128	420	d0d0d0
	141	358	808080
	606	432	
	455	79	
	252	387	
	365	172	
	141	50	
	151	102	b0b0b0
	254	289	
	217	148	808080
	284	267	d0d0d0
	320	57	
	299	127	808080
	561	443	
	318	352	d0d0d0
	345	87	808080
	435	226	b0b0b0
	395	342	d0d0d0
	174	27	808080
	430	336	
	268	162	b0b0b0
	560	474	808080
	163	52	
	431	288	b0b0b0
	237	329	808080
	380	191	
	429	18	b0b0b0
	340	61	
	315	29	808080
	266	217	b0b0b0
	303	282	808080
	468	409	
	193	276	b0b0b0
	181	435	
	332	125	
	150	193	
	555	162	d0d0d0
	452	247	808080
	528	115	d0d0d0
	532	91	808080
	422	213	
	130	124	b0b0b0
	274	4	d0d0d0
	189	127	808080
	356	21	
	453	353	
	552	443	d0d0d0
	548	348	b0b0b0
	580	37	
	451	172	
	328	268	d0d0d0
	536	148	808080
	153	31	b0b0b0
	544	454	808080
	405	253	
	384	57	
	471	219	d0d0d0
	503	8	808080
	219	237	
	509	336	
	211	123	
	151	289	
	193	423	
	155	395	
	426	351	
	359	121	d0d0d0
	246	396	
	501	167	808080
	285	188	
	194	146	
	458	434	d0d0d0
		422	b0b0b0
	401	175	808080
	429	33	
	559	248	
	208	101	b0b0b0
	576	462	
	139	323	808080
	509	440	d0d0d0
	363	321	b0b0b0
	414	160	
	558	411	808080
	585	128	d0d0d0
	385	247	b0b0b0
	286	98	808080
	520	215	
	542	382	
	300	218	
	519	124	b0b0b0
	487	440	
	253	270	808080
	361	280	
	133	416	d0d0d0
	457	293	808080
	196	90	b0b0b0
	590	309	
	287	194	
	356	441	808080
	212	133	
	163	303	b0b0b0
	559	73	
	424	46	808080
	333	15	b0b0b0
	521	340	808080
	564	458	
	466	422	
	163	76	
	173	192	
	458	180	d0d0d0
	408	470	
	444	82	b0b0b0
	352	13	d0d0d0
	130	291	
line	299	0	299	480	005000
	503		503		
	128	81	608	81	
		285		285	
rect	316	402	328	414	900000
	511	279	523	291	
	347	233	359	245	
plus	358	253	368	263	00c000
triangle	363	235	371	243	00c000
	356	253	364	261	
plus	354	246	356	248	0060c0
	355		357		
	354	237	356	239	
	351	245	353	247	
triangle	358	212	366	220	c00000
	316	96	322	102	
	322	109	328	115	
	314	100	320	106	
dither	363	268	432	285	303000
crop	367	272	374	283	32	55	000000	/fonts/tactical
	374		381		16	77		
	381		388		8	66		
	388		395		112			
	395		402		24	77		
	402		409		0			
	409		416		120	66		
	416		423		16	77		
	423		430		32			
	366	271	373	282		55	ffff00	
	373		380		16	77		
	380		387		8	66		
	387		394		112			
	394		401		24	77		
	401		408		0			
	408		415		120	66		
	415		422		16	77		
	422		429		32			
dither	493	459	604	476	001830
crop	497	463	504	474	0	55	000000	/fonts/tactical
	504		511		8	66		
	511		518		24	77		
	518		525					
	525		532		40	66		
	532		539		112			
	539		546		56			
	546		553		40			
	553		560		16	77		
	560		567		0	22		
	567		574		96	44		
	574		581		72	66		
	581		588		112			
	588		595		40			
	595		602		16	77		
	496	462	503	473	0	55	007fff	
	503		510		8	66		
	510		517		24	77		
	517		524					
	524		531		40	66		
	531		538		112			
	538		545		56			
	545		552		40			
	552		559		16	77		
	559		566		0	22		
	566		573		96	44		
	573		580		72	66		
	580		587		112			
	587		594		40			
	594		601		16	77		
line	502	385	499	370	489048
			487	381	
	499	370			204020
draw	0	0	128	480	/pictures/501.png
	608		640		/pictures/512.png
crop	29	159	35	171	0	36	ff0000	/fonts/computer
	35		41		16			
	41		47		40			
	102		108		0		ff7f00	
	108		114					
	114		120		40			
line	614	396	614	359	00488f
		359	622		
	622			396	002850
		396	614		
rect	615	360	622	396	003870
line	614	456	614	397	007fff
		397	622		
	622			456	00488f
		456	614		
rect	615	398	622	456	0070e0
line	614	232	614	231	909048
		231	622		
	622			232	505028
		232	614		
	614	328		233	ffff7f
		233	622		
	622			328	909048
		328	614		
rect	615	234	622	328	e0e070
line	614	183	614	103	904848
		103	622		
	622			183	502828
		183	614		
rect	615	104	622	183	703838
line	614	200	614	184	ff7f7f
		184	622		
	622			200	904848
		200	614		
rect	615	185	622	200	e07070
	634	49	636	52	7fff7f
		53		56	60c060
		57		60	
		61		64	
		65		68	
		69		72	7fff7f
		73		76	60c060
		77		80	
		81		84	
		85		88	
		89		92	7fff7f
		93		96	60c060
		97		100	
		101		104	
		105		108	
		109		112	7fff7f
		113		116	60c060
		117		120	
		121		124	
		125		128	
		129		132	7fff7f
		133		136	60c060
		137		140	
		141		144	
		145		148	
		149		152	183018
		153		156	
		157		160	
		161		164	
		165		168	
		169		172	
		173		176	
		177		180	
		181		184	
		185		188	
		189		192	
		193		196	
		197		200	
		201		204	
		205		208	
		209		212	
		213		216	
		217		220	
		221		224	
		225		228	
		229		232	
		233		236	
		237		240	
		241		244	
		245		248	
		249		252	
		253		256	
		257		260	
		261		264	
		265		268	
		269		272	
		273		276	
		277		280	
		281		284	
		285		288	
		289		292	
		293		296	
		297		300	
		301		304	
		305		308	
		309		312	
		313		316	
		317		320	
		321		324	
		325		328	
		329		332	
		333		336	
		337		340	
		341		344	
		345		348	
		349		352	
		353		356	
		357		360	
		361		364	
		365		368	
		369		372	
		373		376	
		377		380	
		381		384	
		385		388	
		389		392	
		393		396	
		397		400	
		401		404	
		405		408	
		409		412	
		413		416	
		417		420	
		421		424	
		425		428	
		429		432	
		433		436	
		437		440	
		441		444	
		445		448	
	621	52	631	56	303000
		57		61	
		62		66	
		67		71	
		72		76	
		77		81	
		82		86	
	7	7	115	115	00ff00
	8	8	114	114	001000
					003000
point	58	76	00e000
	50	61	
	56	75	
	57	42	
	52	66	
			
		61	
	49	66	
	57	43	
rect	12	320	121	440	001000
line	12	330	119	330	009000
crop	15	320	21	332	104	48	00ff00	/fonts/computer
	21		27		72			
	27		33		24	60		
	33		39					
	39		45		72	48		
	45		51		120			
	51		57		112			
	57		63		0	24		
	63		69		24	60		
	69		75		32			
	75		81		8	48		
	81		87		32	60		
	87		93		40			
	93		99		24			
	15	332	21	344	16			
	21		27		40	72		
	27		33		24	84		
	33		39			72		
	39		45		40	84		
	45		51			72		
	51		57		0	24		
	57		63		8	36		
	63		69					
line	12	354	119	354	009000
crop	15	344	21	356	120	48	00ff00	/fonts/computer
	21		27		16	72		
	27		33		72			
	33		39		8			
	39		45		16	84		
	45		51		32	72		
	51		57		24	84		
	15	356	21	368	72	48		
	21		27		112	72		
	27		33		0	24		
	33		39		32	84		
	39		45		16			
	45		51		8	72		
	51		57		112			
	57		63		24	84		
	63		69		0			
	69		75		120	72		
	75		81		16	84		
	81		87		32			
	87		93		80	36		
	93		99		0	24		
	99		105			36		
	105		111		120	24		
	111		117		40	36		
	15	368	21	380	16	60		
	21		27		40	72		
	27		33		24	84		
	33		39			72		
	39		45		40	84		
	45		51			72		
	51		57		32			
	57		63		80	36		
	63		69		0	24		
	69		75		8	36		
	75		81		0			
	81		87		120	24		
	87		93		8	36		
	93		99					
line	12	438	119	438	009000
rect	16	450	114	475	001010
line	17	473	17	462	00c0c0
		462	43		
	43			473	007070
		473	17		
rect	18	463	43	473	009090
crop	19	462	25	474	96	48	00ffff	/fonts/computer
	25		31		40			
	31		37		48			
	37		43		32	60		
	43		49		0	24		
	49		55		104	48		
	55		61		8	72		
	61		67		72			
	67		73		112			
	73		79		0	24		
	79		85		104	48		
	85		91		40	72		
	91		97		112			
	97		103		40	84		
line	12	191	12	180	ffff00
		180	120		
	120			191	909000
		191	12		
rect	13	181	120	191	c0c000
crop	15	180	21	192	24	48	000000	/fonts/computer
	21		27		120			
	27		33		112			
	33		39		32	60		
	39		45		16			
	45		51		120	48		
	51		57		96			
	15	192	21	204	32	60	7fff7f	
	21		27		16			
	27		33		8	48		
	33		39		112			
	39		45		24	60		
	45		51		0			
	51		57		16			
	57		63		32			
draw	20	206	30	224	/sprites/567.SMIV/0
line	14	204	35	204	489048
			14	205	
	35		35		
	14	225		225	
			14	224	
	35		35		
rect	42	206	49	207	003870
		207		224	0060c0
line	40	204	50	204	00488f
			40	205	
	50		50		
	40	225		225	
			40	224	
	50		50		
rect	55	206	62	210	707000
		210		224	c0c000
line	53	204	63	204	909000
			53	205	
	63		63		
	53	225		225	
			53	224	
	63		63		
crop	69	204	75	216	16	60	7fff7f	/fonts/computer
	75		81		40	48		
	81		87		0	60		
	87		93		40			
	93		99		96	48		
	99		105		24	60		
	105		111		40	48		
	111		117		16	60		
	12	228	18	240	24	48	ff0000	
	18		24		40	72		
	24		30		96			
	30		36					
	36		42		0	24		
	42		48		24	36		
line	12	263	12	252	007fff
		252	120		
	120			263	00488f
		263	12		
rect	13	253	120	263	0060c0
crop	15	252	21	264	32	60	000000	/fonts/computer
	21		27		8	48		
	27		33		16	60		
	33		39		56	48		
	39		45		40			
	45		51		32	60		
	15	264	21	276	24	48	7fff7f	
	21		27		40	72		
	27		33		96			
	33		39					
	39		45		0	24		
	45		51		24	36		
draw	19	278	31	296	/sprites/595.SMIV/1
line	14	276	35	276	489048
			14	277	
	35		35		
	14	297		297	
			14	296	
	35		35		
