point	152	4	808080
	412	103	
	436	119	
	603	289	
	280	1	
	417	448	b0b0b0
	435	444	
	304	356	
	383	348	808080
	515	239	b0b0b0
	447	375	808080
	490	381	
	180	279	b0b0b0
	177	435	808080
	179	132	b0b0b0
	491	156	808080
	287	464	
	401	248	
	177	126	
	205	216	b0b0b0
	307	403	
	253	224	808080
	356	420	d0d0d0
	392	209	
	335	203	808080
	285	77	d0d0d0
	515	13	808080
	381	163	
	488	341	b0b0b0
	590	12	
	210	103	808080
	466	412	
	322	276	b0b0b0
	192	105	
	199	128	808080
	484	402	b0b0b0
	273	405	808080
	416	268	
	483	132	b0b0b0
	393	176	
	351	106	808080
	319	331	b0b0b0
	339	358	808080
	570	5	
	247	391	b0b0b0
	207	46	808080
	386	240	b0b0b0
	203	308	
	147	333	d0d0d0
	488	323	808080
	602	423	d0d0d0
	568	167	808080
	458	289	
	184	239	b0b0b0
	268	77	808080
	225	204	
	392	98	
	489	429	
	218	115	d0d0d0
	603	319	808080
	162	282	d0d0d0
	505	286	b0b0b0
	400	420	d0d0d0
	572	224	808080
	207	146	b0b0b0
	517	76	
	441	329	808080
	419	133	
	543	372	d0d0d0
	539	84	808080
	254	313	
	545	412	
	247	199	
	187	365	
	304	19	
	306	463	d0d0d0
	462	427	808080
	431	274	d0d0d0
	560	68	
	537	243	808080
	321	265	
	230	222	
	129	98	
	571	38	
	437	251	
	465	109	
	595	325	
	261	215	b0b0b0
	160	65	808080
	175	399	
	280	113	d0d0d0
	417	436	b0b0b0
	468	274	
	458	14	d0d0d0
	178	121	
	439	361	b0b0b0
	322	174	808080
	556	292	
	578	459	
	336	295	
	573	239	b0b0b0
	195	50	808080
	289	346	
	397	356	
	440	46	
	493	369	
	249	204	b0b0b0
	163	351	
	341	309	
	527	55	
	248	209	808080
	217	417	b0b0b0
	132	29	
	460	122	808080
	387	129	b0b0b0
	557	417	808080
	603	45	b0b0b0
	269	36	d0d0d0
	198	152	808080
	209	268	
	529	333	d0d0d0
	256	73	808080
	498	196	b0b0b0
	424	166	d0d0d0
	202	444	
	372	227	a05000
	366	307	
	374	283	
	391	212	
	383	293	
	322	276	
	339	245	
	382	270	
	371	316	
	356	274	
rect	306	0	307	480	000050
	128	218	608	219	002850
line	175	316	187	311	00ff00
	277	271	289	264	
static	352	221	388	249	ffffff	7	/sprites/ish/hvc%16
draw	79	370	84	374	/sprites/obi/etc/obiard/waving%8
static	288	196	317	227	f0eac3	3	/sprites/gai/cruiser%7
draw	296	205	310	220	/sprites/sfx/explosion/large-hit%9
	219	405	233	422	/sprites/dev/pp%0
	302	207	316	222	/sprites/sfx/explosion/large-hit%6
	323	255	333	261	/sprites/dev/fusion%16
dither	132	459	201	476	303000
crop	136	463	143	474	32	55	000000	/fonts/tactical.png
	143		150		16	77		
	150		157		8	66		
	157		164		112			
	164		171		24	77		
	171		178		0			
	178		185		120	66		
	185		192		16	77		
	192		199		32			
	135	462	142	473		55	ffff00	
	142		149		16	77		
	149		156		8	66		
	156		163		112			
	163		170		24	77		
	170		177		0			
	177		184		120	66		
	184		191		16	77		
	191		198		32			
line	186	323	201	324	489048
			195	310	
	201	324			204020
draw	0	-144	128	624	/pictures/gui/instruments/left.png
	608		640		/pictures/gui/instruments/right.png
crop	29	159	35	171	0	36	ff0000	/fonts/computer.png
	35		41		16			
	41		47					
	102		108		0		ff7f00	
	108		114					
	114		120		40			
rect	614	359	615	397	00488f
			623	360	
	622			397	002850
	614	396			
	615	360	622	396	003870
	614	397	615	457	007fff
			623	398	
	622			457	00488f
	614	456			
	615	398	622	456	0070e0
	614	231	615	232	909048
			623		
	622				505028
	614				
		232	615	329	ffff7f
			623	233	
	622			329	909048
	614	328			
	615	233	622	328	e0e070
	614	103	615	185	904848
			623	104	
	622			185	502828
	614	184			
	615	104	622	184	703838
	614	185	615	201	ff7f7f
			623	186	
	622			201	904848
	614	200			
	615	186	622	200	e07070
	634	49	636	52	7fff7f
		53		56	60c060
		57		60	
		61		64	
		65		68	
		69		72	7fff7f
		73		76	60c060
		77		80	
		81		84	
		85		88	
		89		92	7fff7f
		93		96	60c060
		97		100	
		101		104	
		105		108	
		109		112	7fff7f
		113		116	60c060
		117		120	
		121		124	
		125		128	
		129		132	7fff7f
		133		136	60c060
		137		140	
		141		144	
		145		148	
		149		152	183018
		153		156	
		157		160	
		161		164	
		165		168	
		169		172	
		173		176	
		177		180	
		181		184	
		185		188	
		189		192	
		193		196	
		197		200	
		201		204	
		205		208	
		209		212	
		213		216	
		217		220	
		221		224	
		225		228	
		229		232	
		233		236	
		237		240	
		241		244	
		245		248	
		249		252	
		253		256	
		257		260	
		261		264	
		265		268	
		269		272	
		273		276	
		277		280	
		281		284	
		285		288	
		289		292	
		293		296	
		297		300	
		301		304	
		305		308	
		309		312	
		313		316	
		317		320	
		321		324	
		325		328	
		329		332	
		333		336	
		337		340	
		341		344	
		345		348	
		349		352	
		353		356	
		357		360	
		361		364	
		365		368	
		369		372	
		373		376	
		377		380	
		381		384	
		385		388	
		389		392	
		393		396	
		397		400	
		401		404	
		405		408	
		409		412	
		413		416	
		417		420	
		421		424	
		425		428	
		429		432	
		433		436	
		437		440	
		441		444	
		445		448	
	621	52	631	56	303000
		57		61	
		62		66	
		67		71	
		72		76	
		77		81	
		82		86	
	7	7	115	115	00ff00
	8	8	114	114	001000
	57	57	67	67	003000
point	54	68	00e000
	52	65	
	57	68	
	60	61	
			
	58	62	
		65	
	61	61	
	54	71	
	55	63	
	61	61	
	53	72	
	60	61	
			
rect	12	320	121	440	001000
		330	120	331	009000
		354		355	
		438		439	
	16	450	114	475	001010
	17	462	18	474	00c0c0
			44	463	
	43			474	007070
	17	473			
	18	463	43	473	009090
crop	15	320	21	332	104	48	00ff00	/fonts/computer.png
	21		27		72			
	27		33		24	60		
	33		39					
	39		45		72	48		
	45		51		120			
	51		57		112			
	57		63		0	24		
	63		69		24	60		
	69		75		32			
	75		81		8	48		
	81		87		32	60		
	87		93		40			
	93		99		24			
	15	332	21	344	16			
	21		27		40	72		
	27		33		24	84		
	33		39			72		
	39		45		40	84		
	45		51			72		
	51		57		0	24		
	57		63		8	36		
	63		69					
	15	344	21	356	120	48		
	21		27		16	72		
	27		33		72			
	33		39		8			
	39		45		16	84		
	45		51		32	72		
	51		57		24	84		
	15	356	21	368	72	48		
	21		27		112	72		
	27		33		0	24		
	33		39		32	84		
	39		45		16			
	45		51		8	72		
	51		57		112			
	57		63		24	84		
	63		69		0			
	69		75		120	72		
	75		81		16	84		
	81		87		32			
	87		93		80	36		
	93		99		0	24		
	99		105		8	36		
	105		111		120	24		
	111		117		40	36		
	15	368	21	380	16	60		
	21		27		40	72		
	27		33		24	84		
	33		39			72		
	39		45		40	84		
	45		51			72		
	51		57		32			
	57		63		80	36		
	63		69		0	24		
	69		75		8	36		
	75		81		0			
	81		87		120	24		
	87		93		8	36		
	93		99					
	19	462	25	474	96	48	00ffff	
	25		31		40			
	31		37		48			
	37		43		32	60		
	43		49		0	24		
	49		55		104	48		
	55		61		8	72		
	61		67		72			
	67		73		112			
	73		79		0	24		
	79		85		104	48		
	85		91		40	72		
	91		97		112			
	97		103		40	84		
rect	12	180	13	192	ffff00
			121	181	
	120			192	909000
	12	191			
	13	181	120	191	c0c000
crop	15	180	21	192	24	48	000000	/fonts/computer.png
	21		27		120			
	27		33		112			
	33		39		32	60		
	39		45		16			
	45		51		120	48		
	51		57		96			
	15	192	21	204	32	60	7fff7f	
	21		27		16			
	27		33		8	48		
	33		39		112			
	39		45		24	60		
	45		51		0			
	51		57		16			
	57		63		32			
draw	20	206	30	224	/sprites/obi/transport%0
rect	14	204	36	205	489048
			15	206	
	35		36		
	14	225		226	
		224	15		
	35		36		
	42	206	49	207	003870
		207		224	0060c0
	40	204	51	205	00488f
			41	206	
	50		51		
	40	225		226	
		224	41		
	50		51		
	55	206	62	207	707000
		207		224	c0c000
	53	204	64	205	909000
			54	206	
	63		64		
	53	225		226	
		224	54		
	63		64		
crop	69	204	75	216	16	60	7fff7f	/fonts/computer.png
	75		81		40	48		
	81		87		0	60		
	87		93		40			
	93		99		96	48		
	99		105		24	60		
	105		111		40	48		
	111		117		16	60		
	12	228	18	240	24	48	ff0000	
	18		24		40	72		
	24		30		96			
	30		36					
	36		42		0	24		
	42		48		24	36		
rect	12	252	13	264	007fff
			121	253	
	120			264	00488f
	12	263			
	13	253	120	263	0060c0
crop	15	252	21	264	32	60	000000	/fonts/computer.png
	21		27		8	48		
	27		33		16	60		
	33		39		56	48		
	39		45		40			
	45		51		32	60		
	15	264	21	276	96	48	7fff7f	
	21		27		72			
	27		33		112			
	33		39		40			
	39		45		16	60		
draw	21	278	29	296	/sprites/obi/etc/liner%0
rect	14	276	36	277	489048
			15	278	
	35		36		
	14	297		298	
		296	15		
	35		36		
	42	278	49	278	003870
				296	0060c0
	40	276	51	277	00488f
			41	278	
	50		51		
	40	297		298	
		296	41		
	50		51		
