point	542	431	808080
	461	160	d0d0d0
	271	401	b0b0b0
	191	65	808080
	208	288	d0d0d0
	309	85	808080
	511	205	d0d0d0
	336	293	
	291	167	
	375	226	808080
	417	332	d0d0d0
	318	93	808080
	171	123	d0d0d0
	484	305	808080
	280	201	b0b0b0
	318	275	808080
	595	334	
	228	443	
	482	315	d0d0d0
	205	12	808080
	288	341	b0b0b0
	560	94	808080
	311	208	
	332	450	
	194	224	d0d0d0
	487	170	
	381	146	808080
	247	274	b0b0b0
	469	263	
	415	86	
	495	452	808080
	375	288	b0b0b0
	246	36	808080
	193	282	d0d0d0
	593	479	
	466	65	b0b0b0
	580	275	808080
	358	454	d0d0d0
	576	109	
	221	171	808080
	519	420	d0d0d0
	356	233	
	166	294	808080
	170	479	d0d0d0
	261	425	
	492	396	808080
	446	242	d0d0d0
	166	208	808080
	205	123	
	177	152	
	435	343	
	528	59	b0b0b0
	442	227	d0d0d0
	495	6	
	287	333	b0b0b0
	532	74	808080
	529	446	
	501	418	d0d0d0
	196	440	808080
	430	30	
	188	89	b0b0b0
	485	176	
	333	304	808080
	148	216	d0d0d0
	287	341	b0b0b0
	133	106	808080
	338	468	b0b0b0
	222	4	d0d0d0
	197	38	
	484	365	b0b0b0
	562	183	808080
	134	448	d0d0d0
	554	69	808080
	494	235	
	457	337	
	441	293	d0d0d0
	448	355	
	566	389	
	542	402	808080
	364	178	
	158	250	b0b0b0
	537	92	808080
	589	171	b0b0b0
	385	251	808080
	398	170	d0d0d0
	279	325	808080
	411	127	b0b0b0
	424	64	d0d0d0
	222	189	b0b0b0
	482	269	808080
	557	367	b0b0b0
	309	185	808080
	449	367	b0b0b0
	473	458	d0d0d0
	207	305	b0b0b0
	323	87	808080
	159	59	b0b0b0
	510	372	
	406	43	808080
	197	224	d0d0d0
	173	280	808080
	334	188	b0b0b0
	597	216	808080
	318	134	d0d0d0
	231	200	
	509	115	
	256	8	b0b0b0
	218	164	808080
	258	374	
	414	161	b0b0b0
	556	79	808080
	221	220	d0d0d0
	412	1	808080
	219	257	d0d0d0
	409	473	
	511	121	b0b0b0
	389	179	d0d0d0
	450	175	808080
	270	387	d0d0d0
	516	138	808080
	159	82	
	193	127	
	594	129	d0d0d0
	310	370	
	163	207	b0b0b0
	260	287	703800
	229	279	
	309	165	
	183	291	
	380	327	
	349	326	
	263	284	
	332	206	
	370	168	
	355	374	
rect	407	0	408	481	002850
	128	471	609	472	000050
line	358	-74	365	-61	ff007f
draw	495	140	535	206	/sprites/595.SMIV/5
	548	266	588	311	/sprites/567.SMIV/22
	350	223	390	249	/sprites/521.SMIV/17
	272	172	308	205	/sprites/532.SMIV/14
	295	213	307	225	/sprites/507.SMIV/7
	352	248	360	253	/sprites/513.SMIV/7
	302	204	326	225	/sprites/517.SMIV/0
	287	212	367	286	/sprites/504.SMIV/4
	-18	434	2	448	/sprites/547.SMIV/4
dither	535	299	604	316	303000
crop	539	303	546	314	32	55	000000	/fonts/tactical.png
	546		553		16	77		
	553		560		8	66		
	560		567		112			
	567		574		24	77		
	574		581		0			
	581		588		120	66		
	588		595		16	77		
	595		602		32			
	538	302	545	313		55	ffff00	
	545		552		16	77		
	552		559		8	66		
	559		566		112			
	566		573		24	77		
	573		580		0			
	580		587		120	66		
	587		594		16	77		
	594		601		32			
line	172	271	186	276	489048
			184	261	
	186	276			204020
draw	0	-144	128	624	/pictures/501.png
	608		640		/pictures/512.png
crop	29	159	35	171	0	36	ff0000	/fonts/computer.png
	35		41		8			
	41		47		16			
	102		108		0		ff7f00	
	108		114					
	114		120		40			
rect	614	359	615	403	00488f
			623	360	
	622			403	002850
	614	402			
	615	360	622	402	003870
	614	403	615	457	007fff
			623	404	
	622			457	00488f
	614	456			
	615	404	622	456	0070e0
	614	231	615	232	909048
			623		
	622				505028
	614				
		232	615	329	ffff7f
			623	233	
	622			329	909048
	614	328			
	615	233	622	328	e0e070
	614	103	615	189	904848
			623	104	
	622			189	502828
	614	188			
	615	104	622	188	703838
	614	189	615	201	ff7f7f
			623	190	
	622			201	904848
	614	200			
	615	190	622	200	e07070
	634	49	636	52	7fff7f
		53		56	60c060
		57		60	
		61		64	
		65		68	
		69		72	7fff7f
		73		76	60c060
		77		80	
		81		84	
		85		88	
		89		92	7fff7f
		93		96	60c060
		97		100	
		101		104	
		105		108	
		109		112	7fff7f
		113		116	60c060
		117		120	
		121		124	
		125		128	
		129		132	7fff7f
		133		136	60c060
		137		140	
		141		144	
		145		148	
		149		152	183018
		153		156	
		157		160	
		161		164	
		165		168	
		169		172	
		173		176	
		177		180	
		181		184	
		185		188	
		189		192	
		193		196	
		197		200	
		201		204	
		205		208	
		209		212	
		213		216	
		217		220	
		221		224	
		225		228	
		229		232	
		233		236	
		237		240	
		241		244	
		245		248	
		249		252	
		253		256	
		257		260	
		261		264	
		265		268	
		269		272	
		273		276	
		277		280	
		281		284	
		285		288	
		289		292	
		293		296	
		297		300	
		301		304	
		305		308	
		309		312	
		313		316	
		317		320	
		321		324	
		325		328	
		329		332	
		333		336	
		337		340	
		341		344	
		345		348	
		349		352	
		353		356	
		357		360	
		361		364	
		365		368	
		369		372	
		373		376	
		377		380	
		381		384	
		385		388	
		389		392	
		393		396	
		397		400	
		401		404	
		405		408	
		409		412	
		413		416	
		417		420	
		421		424	
		425		428	
		429		432	
		433		436	
		437		440	
		441		444	
		445		448	
	621	52	631	56	303000
		57		61	
		62		66	
		67		71	
		72		76	
		77		81	
		82		86	
	7	7	115	115	00ff00
	8	8	114	114	001000
	57	57	65	65	003000
point	64	61	00e000
	63	60	
	60		
		61	
	54	64	
	61	61	
	60		
	61		
		55	
	60	15	
rect	12	320	121	440	001000
		330	120	331	009000
		354		355	
		438		439	
	16	450	114	475	001010
	17	462	18	474	00c0c0
			44	463	
	43			474	007070
	17	473			
	18	463	43	473	009090
crop	15	320	21	332	104	48	00ff00	/fonts/computer.png
	21		27		72			
	27		33		24	60		
	33		39					
	39		45		72	48		
	45		51		120			
	51		57		112			
	57		63		0	24		
	63		69		24	60		
	69		75		32			
	75		81		8	48		
	81		87		32	60		
	87		93		40			
	93		99		24			
	15	332	21	344	16			
	21		27		40	72		
	27		33		24	84		
	33		39			72		
	39		45		40	84		
	45		51			72		
	51		57		0	24		
	57		63		8	36		
	63		69					
	15	344	21	356	120	48		
	21		27		16	72		
	27		33		72			
	33		39		8			
	39		45		16	84		
	45		51		32	72		
	51		57		24	84		
	15	356	21	368	72	48		
	21		27		112	72		
	27		33		0	24		
	33		39		32	84		
	39		45		16			
	45		51		8	72		
	51		57		112			
	57		63		24	84		
	63		69		0			
	69		75		120	72		
	75		81		16	84		
	81		87		32			
	87		93		80	36		
	93		99		0	24		
	99		105		32	36		
	105		111		120	24		
	111		117		40	36		
	15	368	21	380	16	60		
	21		27		40	72		
	27		33		24	84		
	33		39			72		
	39		45		40	84		
	45		51			72		
	51		57		32			
	57		63		80	36		
	63		69		0	24		
	69		75		8	36		
	75		81		0			
	81		87		120	24		
	87		93		8	36		
	93		99					
	19	462	25	474	96	48	00ffff	
	25		31		40			
	31		37		48			
	37		43		32	60		
	43		49		0	24		
	49		55		104	48		
	55		61		8	72		
	61		67		72			
	67		73		112			
	73		79		0	24		
	79		85		104	48		
	85		91		40	72		
	91		97		112			
	97		103		40	84		
rect	12	180	13	192	ffff00
			121	181	
	120			192	909000
	12	191			
	13	181	120	191	c0c000
crop	15	180	21	192	24	48	000000	/fonts/computer.png
	21		27		120			
	27		33		112			
	33		39		32	60		
	39		45		16			
	45		51		120	48		
	51		57		96			
	15	192	21	204	32	60	7fff7f	
	21		27		16			
	27		33		8	48		
	33		39		112			
	39		45		24	60		
	45		51		0			
	51		57		16			
	57		63		32			
draw	20	206	30	224	/sprites/567.SMIV/0
rect	14	204	36	205	489048
			15	206	
	35		36		
	14	225		226	
		224	15		
	35		36		
	42	206	49	207	003870
		207		224	0060c0
	40	204	51	205	00488f
			41	206	
	50		51		
	40	225		226	
		224	41		
	50		51		
	55	206	62	209	707000
		209		224	c0c000
	53	204	64	205	909000
			54	206	
	63		64		
	53	225		226	
		224	54		
	63		64		
crop	69	204	75	216	16	60	7fff7f	/fonts/computer.png
	75		81		40	48		
	81		87		0	60		
	87		93		40			
	93		99		96	48		
	99		105		24	60		
	105		111		40	48		
	111		117		16	60		
	12	228	18	240	24	48	ff0000	
	18		24		40	72		
	24		30		96			
	30		36					
	36		42		0	24		
	42		48		24	36		
rect	12	252	13	264	007fff
			121	253	
	120			264	00488f
	12	263			
	13	253	120	263	0060c0
crop	15	252	21	264	32	60	000000	/fonts/computer.png
	21		27		8	48		
	27		33		16	60		
	33		39		56	48		
	39		45		40			
	45		51		32	60		
	15	264	21	276	96	48	7fff7f	
	21		27		72			
	27		33		112			
	33		39		40			
	39		45		16	60		
draw	21	278	29	296	/sprites/565.SMIV/0
rect	14	276	36	277	489048
			15	278	
	35		36		
	14	297		298	
		296	15		
	35		36		
	42	278	49	278	003870
				296	0060c0
	40	276	51	277	00488f
			41	278	
	50		51		
	40	297		298	
		296	41		
	50		51		
