point	580	231	808080
	196	140	b0b0b0
	363	278	
	288	441	d0d0d0
	264	47	808080
	195	228	
	448	128	
	356	137	
	541	94	d0d0d0
	260	368	808080
	293	417	b0b0b0
	204	235	808080
	466	118	b0b0b0
	368	357	808080
	583	398	d0d0d0
	204	417	808080
	413	298	b0b0b0
	253	235	
	153	228	808080
	552	264	b0b0b0
	515	165	808080
	281	315	d0d0d0
	197	351	808080
	138	87	b0b0b0
	522	190	808080
	387	174	b0b0b0
	267	288	808080
	555	81	b0b0b0
	198	223	d0d0d0
	379	40	b0b0b0
	380	437	808080
	533	15	
	136	289	d0d0d0
	148	21	b0b0b0
	171	215	d0d0d0
	396	107	808080
	461	194	
	238	30	d0d0d0
	478	408	808080
	566	169	d0d0d0
	445	259	808080
	521	1	d0d0d0
	531	456	808080
	426	146	
	279	115	
	263	289	b0b0b0
	219	271	d0d0d0
	531	294	808080
	553	136	b0b0b0
	481	187	d0d0d0
	327	6	808080
	277	206	d0d0d0
	214	294	
	368	96	b0b0b0
	585	317	d0d0d0
	416	237	808080
	277	14	
	439	382	
	548	197	
	316	173	
	460	62	d0d0d0
	312	342	b0b0b0
	218	447	808080
	500	449	
	291	51	
	499	192	
	137	339	
	472	400	d0d0d0
	448	216	
	310	169	b0b0b0
	364	303	
	264	127	808080
	219	25	d0d0d0
	136	444	808080
	350	-1	b0b0b0
	407	161	808080
	347	229	d0d0d0
	475	420	808080
	566	291	
	250	321	
	465	309	b0b0b0
	202	51	
	480	148	808080
	271	394	
	278	242	b0b0b0
	209	460	
	401	9	808080
	299	341	b0b0b0
	554	95	808080
	142	12	d0d0d0
	277	48	808080
	195	328	
	575	462	
	315	126	b0b0b0
	489	26	808080
	209	229	
	421	214	d0d0d0
	428	420	808080
	291	186	
	516	464	
	504	345	b0b0b0
	161	97	
	416	301	
	568	127	d0d0d0
	542	138	808080
	565	450	b0b0b0
	293	0	808080
	571	344	b0b0b0
	575	368	808080
	274	37	
	517	446	
	471	139	d0d0d0
	298	144	808080
	283	32	
	565	269	b0b0b0
	586	224	
	199	48	d0d0d0
	335	318	808080
	568	128	
	460	249	b0b0b0
	179	13	808080
	235	18	b0b0b0
	485	338	808080
	148	279	
	514	326	
	269	335	a05000
	235	342	
	261	374	
	282	319	
	302	331	
	211	328	
	227	340	
	299	319	
	234	274	
	249	296	
rect	311	0	312	481	000050
	128	57	609	58	
		394		395	002850
line	259	341	267	333	00ff00
	313	282	324	275	
draw	356	228	382	245	/sprites/521.SMIV/17
	231	278	244	289	/sprites/551.SMIV/2
line	177	296	192	299	489048
			187	285	
	192	299			204020
draw	0	0	128	480	/pictures/501.png
	608		640		/pictures/512.png
crop	29	159	35	171	0	36	ff0000	/fonts/computer
	35		41		8			
	41		47		40			
	102		108		0		ff7f00	
	108		114					
	114		120		40			
rect	614	359	615	403	00488f
			623	360	
	622			403	002850
	614	402			
	615	360	622	402	003870
	614	403	615	457	007fff
			623	404	
	622			457	00488f
	614	456			
	615	404	622	456	0070e0
	614	231	615	232	909048
			623		
	622				505028
	614				
		232	615	329	ffff7f
			623	233	
	622			329	909048
	614	328			
	615	233	622	328	e0e070
	614	103	615	191	904848
			623	104	
	622			191	502828
	614	190			
	615	104	622	190	703838
	614	191	615	201	ff7f7f
			623	192	
	622			201	904848
	614	200			
	615	192	622	200	e07070
	634	49	636	52	7fff7f
		53		56	60c060
		57		60	
		61		64	
		65		68	
		69		72	7fff7f
		73		76	60c060
		77		80	
		81		84	
		85		88	
		89		92	7fff7f
		93		96	60c060
		97		100	
		101		104	
		105		108	
		109		112	7fff7f
		113		116	60c060
		117		120	
		121		124	
		125		128	
		129		132	7fff7f
		133		136	60c060
		137		140	
		141		144	
		145		148	
		149		152	183018
		153		156	
		157		160	
		161		164	
		165		168	
		169		172	
		173		176	
		177		180	
		181		184	
		185		188	
		189		192	
		193		196	
		197		200	
		201		204	
		205		208	
		209		212	
		213		216	
		217		220	
		221		224	
		225		228	
		229		232	
		233		236	
		237		240	
		241		244	
		245		248	
		249		252	
		253		256	
		257		260	
		261		264	
		265		268	
		269		272	
		273		276	
		277		280	
		281		284	
		285		288	
		289		292	
		293		296	
		297		300	
		301		304	
		305		308	
		309		312	
		313		316	
		317		320	
		321		324	
		325		328	
		329		332	
		333		336	
		337		340	
		341		344	
		345		348	
		349		352	
		353		356	
		357		360	
		361		364	
		365		368	
		369		372	
		373		376	
		377		380	
		381		384	
		385		388	
		389		392	
		393		396	
		397		400	
		401		404	
		405		408	
		409		412	
		413		416	
		417		420	
		421		424	
		425		428	
		429		432	
		433		436	
		437		440	
		441		444	
		445		448	
	621	52	631	56	303000
		57		61	
		62		66	
		67		71	
		72		76	
		77		81	
		82		86	
	7	7	115	115	00ff00
	8	8	114	114	001000
	54	54	68	68	003000
point	63	88	00e000
	52	70	
	62	85	
	58	63	
	60	62	
	58	73	
	53	51	
	57	62	
	58	52	
rect	12	320	121	440	001000
		330	120	331	009000
crop	15	320	21	332	104	48	00ff00	/fonts/computer
	21		27		72			
	27		33		24	60		
	33		39					
	39		45		72	48		
	45		51		120			
	51		57		112			
	57		63		0	24		
	63		69		24	60		
	69		75		32			
	75		81		8	48		
	81		87		32	60		
	87		93		40			
	93		99		24			
	15	332	21	344	16			
	21		27		40	72		
	27		33		24	84		
	33		39			72		
	39		45		40	84		
	45		51			72		
	51		57		0	24		
	57		63		8	36		
	63		69					
rect	12	354	120	355	009000
crop	15	344	21	356	120	48	00ff00	/fonts/computer
	21		27		16	72		
	27		33		72			
	33		39		8			
	39		45		16	84		
	45		51		32	72		
	51		57		24	84		
	15	356	21	368	72	48		
	21		27		112	72		
	27		33		0	24		
	33		39		32	84		
	39		45		16			
	45		51		8	72		
	51		57		112			
	57		63		24	84		
	63		69		0			
	69		75		120	72		
	75		81		16	84		
	81		87		32			
	87		93		80	36		
	93		99		0	24		
	99		105		32	36		
	105		111		120	24		
	111		117		40	36		
	15	368	21	380	16	60		
	21		27		40	72		
	27		33		24	84		
	33		39			72		
	39		45		40	84		
	45		51			72		
	51		57		32			
	57		63		80	36		
	63		69		0	24		
	69		75		8	36		
	75		81		0			
	81		87		120	24		
	87		93		8	36		
	93		99					
rect	12	438	120	439	009000
	16	450	114	475	001010
	17	462	18	474	00c0c0
			44	463	
	43			474	007070
	17	473			
	18	463	43	473	009090
crop	19	462	25	474	96	48	00ffff	/fonts/computer
	25		31		40			
	31		37		48			
	37		43		32	60		
	43		49		0	24		
	49		55		104	48		
	55		61		8	72		
	61		67		72			
	67		73		112			
	73		79		0	24		
	79		85		104	48		
	85		91		40	72		
	91		97		112			
	97		103		40	84		
rect	12	180	13	192	ffff00
			121	181	
	120			192	909000
	12	191			
	13	181	120	191	c0c000
crop	15	180	21	192	24	48	000000	/fonts/computer
	21		27		120			
	27		33		112			
	33		39		32	60		
	39		45		16			
	45		51		120	48		
	51		57		96			
	15	192	21	204	32	60	7fff7f	
	21		27		16			
	27		33		8	48		
	33		39		112			
	39		45		24	60		
	45		51		0			
	51		57		16			
	57		63		32			
draw	20	206	30	224	/sprites/567.SMIV/0
rect	14	204	36	205	489048
			15	206	
	35		36		
	14	225		226	
		224	15		
	35		36		
	42	206	49	207	003870
		207		224	0060c0
	40	204	51	205	00488f
			41	206	
	50		51		
	40	225		226	
		224	41		
	50		51		
	55	206	62	207	707000
		207		224	c0c000
	53	204	64	205	909000
			54	206	
	63		64		
	53	225		226	
		224	54		
	63		64		
crop	69	204	75	216	16	60	7fff7f	/fonts/computer
	75		81		40	48		
	81		87		0	60		
	87		93		40			
	93		99		96	48		
	99		105		24	60		
	105		111		40	48		
	111		117		16	60		
	12	228	18	240	0		00ff00	
	18		24		8	72		
	24		30		24	84		
	30		36					
	36		42		40	72		
	42		48		112			
	48		54		56			
	54		60		40			
	60		66		16	84		
	66		72		0	24		
	72		78		96	48		
	78		84		72	72		
	84		90		112			
	90		96		40			
	96		102		16	84		
rect	12	252	13	264	007fff
			121	253	
	120			264	00488f
	12	263			
	13	253	120	263	0060c0
crop	15	252	21	264	32	60	000000	/fonts/computer
	21		27		8	48		
	27		33		16	60		
	33		39		56	48		
	39		45		40			
	45		51		32	60		
	15	264	21	276	96	48	7fff7f	
	21		27		72			
	27		33		112			
	33		39		40			
	39		45		16	60		
draw	21	278	29	296	/sprites/565.SMIV/0
rect	14	276	36	277	489048
			15	278	
	35		36		
	14	297		298	
		296	15		
	35		36		
	42	278	49	278	003870
				296	0060c0
	40	276	51	277	00488f
			41	278	
	50		51		
	40	297		298	
		296	41		
	50		51		
