point	142	190	d0d0d0
	301	414	b0b0b0
	517	97	d0d0d0
	212	166	808080
	334	230	
	265	410	
	518	311	
	426	320	
	178	70	b0b0b0
	187	72	808080
	221	211	b0b0b0
	274	418	808080
	573	243	b0b0b0
	398	119	d0d0d0
	282	263	
	550	240	
	515	352	b0b0b0
	467	29	
	223	410	808080
	225	151	b0b0b0
	574	353	
	330	201	d0d0d0
	134	42	
	244	361	b0b0b0
	237	-2	
	230	439	d0d0d0
	411	462	
	520	67	b0b0b0
	463	55	808080
	229	446	
	327	208	b0b0b0
	465	41	
	590	132	
	602	213	808080
	387	76	b0b0b0
	466	289	808080
	531	377	
	223	297	b0b0b0
	177	351	808080
	434	380	d0d0d0
	261	440	808080
	354	277	b0b0b0
	515	12	808080
	496	329	
	349	298	
	253	84	b0b0b0
	305	158	d0d0d0
	301	15	808080
	195	256	d0d0d0
	144	206	b0b0b0
	439	373	d0d0d0
	167	50	b0b0b0
	587	181	d0d0d0
	473	370	b0b0b0
	493	66	d0d0d0
	487	420	808080
	452	295	b0b0b0
	592	126	
	487	459	808080
	386	356	
	411	95	
	241	181	d0d0d0
	355	111	808080
	514	444	
	361	233	
	563	239	
	286	42	
	395	47	b0b0b0
	558	454	808080
	401		
	202	65	
	334	310	
	508	21	b0b0b0
	159	181	808080
	552	15	b0b0b0
	477	344	808080
	398	453	b0b0b0
	336	162	808080
	492	381	d0d0d0
	510	24	808080
	534	190	
	308	325	b0b0b0
	385	237	
	442	96	808080
	474	47	d0d0d0
	418	337	
	280	92	
	391	136	b0b0b0
	146	280	808080
	506	279	b0b0b0
	347	231	808080
	319	441	b0b0b0
	373	152	
	421	400	
	501	207	808080
	279	412	
	570	207	b0b0b0
	480	244	d0d0d0
	361	368	808080
	308	142	
	129		
	266	371	b0b0b0
	388	163	
	437	48	
	479	350	d0d0d0
	171	384	808080
	291	465	b0b0b0
	175	123	808080
	144	227	b0b0b0
	344	220	808080
	564	322	d0d0d0
	132	42	b0b0b0
	368	327	808080
	222	453	
	268	353	d0d0d0
	421	213	808080
	305	308	b0b0b0
	462	30	
	160	449	d0d0d0
	550	393	
	143	206	808080
	287	194	
	525	240	b0b0b0
	351	450	
	233	318	
line	579	0	579	480	000050
	128	475	608	475	
	382	431	380	413	00ff00
	365	298	367	281	
	514	531	508	515	
draw	358	220	385	256	/sprites/521.SMIV/13
	230	219	245	237	/sprites/551.SMIV/11
line	303	428	315	418	489048
			301	413	
	315	418			204020
draw	0	0	128	480	/pictures/501.png
	608		640		/pictures/512.png
crop	29	159	35	171	0	36	ff0000	/fonts/computer
	35		41		8			
	41		47		64			
	102		108		0		ff7f00	
	108		114					
	114		120		40			
line	614	402	614	359	00488f
		359	622		
	622			402	002850
		402	614		
rect	615	360	622	402	003870
line	614	456	614	403	007fff
		403	622		
	622			456	00488f
		456	614		
rect	615	404	622	456	0070e0
line	614	231	614	231	909048
			622		
	622				505028
			614		
	614	328		232	ffff7f
		232	622		
	622			328	909048
		328	614		
rect	615	233	622	328	e0e070
line	614	192	614	103	904848
		103	622		
	622			192	502828
		192	614		
rect	615	104	622	192	703838
line	614	200	614	193	ff7f7f
		193	622		
	622			200	904848
		200	614		
rect	615	194	622	200	e07070
	634	49	636	52	7fff7f
		53		56	60c060
		57		60	
		61		64	
		65		68	
		69		72	7fff7f
		73		76	60c060
		77		80	
		81		84	
		85		88	
		89		92	7fff7f
		93		96	60c060
		97		100	
		101		104	
		105		108	
		109		112	7fff7f
		113		116	60c060
		117		120	
		121		124	
		125		128	
		129		132	7fff7f
		133		136	60c060
		137		140	
		141		144	
		145		148	
		149		152	183018
		153		156	
		157		160	
		161		164	
		165		168	
		169		172	
		173		176	
		177		180	
		181		184	
		185		188	
		189		192	
		193		196	
		197		200	
		201		204	
		205		208	
		209		212	
		213		216	
		217		220	
		221		224	
		225		228	
		229		232	
		233		236	
		237		240	
		241		244	
		245		248	
		249		252	
		253		256	
		257		260	
		261		264	
		265		268	
		269		272	
		273		276	
		277		280	
		281		284	
		285		288	
		289		292	
		293		296	
		297		300	
		301		304	
		305		308	
		309		312	
		313		316	
		317		320	
		321		324	
		325		328	
		329		332	
		333		336	
		337		340	
		341		344	
		345		348	
		349		352	
		353		356	
		357		360	
		361		364	
		365		368	
		369		372	
		373		376	
		377		380	
		381		384	
		385		388	
		389		392	
		393		396	
		397		400	
		401		404	
		405		408	
		409		412	
		413		416	
		417		420	
		421		424	
		425		428	
		429		432	
		433		436	
		437		440	
		441		444	
		445		448	
	621	52	631	56	303000
		57		61	
		62		66	
		67		71	
		72		76	
		77		81	
		82		86	
	7	7	115	115	00ff00
	8	8	114	114	001000
	57	57	65	65	003000
point	58	80	00e000
	61	64	
		61	
	63	66	
	73	85	
	59	61	
		55	
rect	12	320	121	440	001000
line	12	330	119	330	009000
crop	15	320	21	332	104	48	00ff00	/fonts/computer
	21		27		72			
	27		33		24	60		
	33		39					
	39		45		72	48		
	45		51		120			
	51		57		112			
	57		63		0	24		
	63		69		24	60		
	69		75		32			
	75		81		8	48		
	81		87		32	60		
	87		93		40			
	93		99		24			
	15	332	21	344	16			
	21		27		40	72		
	27		33		24	84		
	33		39			72		
	39		45		40	84		
	45		51			72		
	51		57		0	24		
	57		63		8	36		
	63		69					
line	12	354	119	354	009000
crop	15	344	21	356	120	48	00ff00	/fonts/computer
	21		27		16	72		
	27		33		72			
	33		39		8			
	39		45		16	84		
	45		51		32	72		
	51		57		24	84		
	15	356	21	368	72	48		
	21		27		112	72		
	27		33		0	24		
	33		39		32	84		
	39		45		16			
	45		51		8	72		
	51		57		112			
	57		63		24	84		
	63		69		0			
	69		75		120	72		
	75		81		16	84		
	81		87		32			
	87		93		80	36		
	93		99		0	24		
	99		105		32	36		
	105		111		120	24		
	111		117		40	36		
	15	368	21	380	16	60		
	21		27		40	72		
	27		33		24	84		
	33		39			72		
	39		45		40	84		
	45		51			72		
	51		57		32			
	57		63		80	36		
	63		69		0	24		
	69		75		8	36		
	75		81		0			
	81		87		120	24		
	87		93		8	36		
	93		99					
line	12	438	119	438	009000
rect	16	450	114	475	001010
line	17	473	17	462	00c0c0
		462	43		
	43			473	007070
		473	17		
rect	18	463	43	473	009090
crop	19	462	25	474	96	48	00ffff	/fonts/computer
	25		31		40			
	31		37		48			
	37		43		32	60		
	43		49		0	24		
	49		55		104	48		
	55		61		8	72		
	61		67		72			
	67		73		112			
	73		79		0	24		
	79		85		104	48		
	85		91		40	72		
	91		97		112			
	97		103		40	84		
line	12	191	12	180	ffff00
		180	120		
	120			191	909000
		191	12		
rect	13	181	120	191	c0c000
crop	15	180	21	192	24	48	000000	/fonts/computer
	21		27		120			
	27		33		112			
	33		39		32	60		
	39		45		16			
	45		51		120	48		
	51		57		96			
	15	192	21	204	32	60	7fff7f	
	21		27		16			
	27		33		8	48		
	33		39		112			
	39		45		24	60		
	45		51		0			
	51		57		16			
	57		63		32			
draw	20	206	30	224	/sprites/567.SMIV/0
line	14	204	35	204	489048
			14	205	
	35		35		
	14	225		225	
			14	224	
	35		35		
rect	42	206	49	207	003870
		207		224	0060c0
line	40	204	50	204	00488f
			40	205	
	50		50		
	40	225		225	
			40	224	
	50		50		
rect	55	206	62	207	707000
		207		224	c0c000
line	53	204	63	204	909000
			53	205	
	63		63		
	53	225		225	
			53	224	
	63		63		
crop	69	204	75	216	16	60	7fff7f	/fonts/computer
	75		81		40	48		
	81		87		0	60		
	87		93		40			
	93		99		96	48		
	99		105		24	60		
	105		111		40	48		
	111		117		16	60		
	12	228	18	240	0		00ff00	
	18		24		8	72		
	24		30		24	84		
	30		36					
	36		42		40	72		
	42		48		112			
	48		54		56			
	54		60		40			
	60		66		16	84		
	66		72		0	24		
	72		78		96	48		
	78		84		72	72		
	84		90		112			
	90		96		40			
	96		102		16	84		
line	12	263	12	252	007fff
		252	120		
	120			263	00488f
		263	12		
rect	13	253	120	263	0060c0
crop	15	252	21	264	32	60	000000	/fonts/computer
	21		27		8	48		
	27		33		16	60		
	33		39		56	48		
	39		45		40			
	45		51		32	60		
	15	264	21	276	96	48	7fff7f	
	21		27		72			
	27		33		112			
	33		39		40			
	39		45		16	60		
draw	21	278	29	296	/sprites/565.SMIV/0
line	14	276	35	276	489048
			14	277	
	35		35		
	14	297		297	
			14	296	
	35		35		
rect	42	278	49	278	003870
				296	0060c0
line	40	276	50	276	00488f
			40	277	
	50		50		
	40	297		297	
			40	296	
	50		50		
