point	247	52	808080
	421	293	d0d0d0
	351	12	808080
	477	80	d0d0d0
	449	99	808080
	252	146	
	444	102	
	488	430	b0b0b0
	571	351	d0d0d0
	130	179	808080
	526	187	d0d0d0
	252	110	b0b0b0
	345	267	808080
	300	283	
	357	476	b0b0b0
	143	103	808080
	192	41	b0b0b0
	503	154	808080
	258	57	b0b0b0
	556	80	808080
	260	368	
	384	100	d0d0d0
	590	423	
	324	312	808080
	563	311	
	476	90	
	499	120	
	482	202	
	151	352	
	436	348	
	435	38	d0d0d0
	182	188	b0b0b0
	459	238	
	546	209	
	186	309	808080
	406	193	b0b0b0
	458	202	808080
	504	38	
	594	458	b0b0b0
	542	147	808080
	259	341	d0d0d0
	307	475	b0b0b0
	502	37	d0d0d0
	470	281	
	338	474	808080
	479	168	d0d0d0
	576	418	b0b0b0
	212	456	
	356	368	808080
	558	279	
	152	274	
	262	417	b0b0b0
	470	137	808080
	514	211	b0b0b0
	377		d0d0d0
	553	308	808080
	250	413	
	332	107	b0b0b0
	426	113	808080
	176	133	d0d0d0
	283	422	808080
	141	384	
	242	14	d0d0d0
	449	69	b0b0b0
	142	122	
	577	182	
	518	467	d0d0d0
	339	422	808080
	235	391	d0d0d0
	576	425	808080
	605	361	b0b0b0
	454	281	808080
	407	81	d0d0d0
	432	66	
	491	254	
	495	339	808080
	167	350	d0d0d0
	141	355	b0b0b0
	157	472	
	294	263	d0d0d0
	419	77	
	577	97	b0b0b0
	271	279	808080
	503	93	b0b0b0
	446	260	
	222	313	
	310	258	
	551	362	
	525	197	808080
	324	451	
	222	308	b0b0b0
	258	409	808080
		355	
	323	334	
	274	462	
	364	170	b0b0b0
	575	349	808080
	408	248	
	326	323	b0b0b0
	132	248	
	224	401	808080
	538	60	
	568	141	d0d0d0
	224	229	808080
	595	344	b0b0b0
	452	432	
	166	36	
	185	438	808080
	190	42	
	191	85	
	592	41	d0d0d0
	515	377	808080
	557	261	b0b0b0
	221	289	808080
	295	103	
	405	206	
	379	322	d0d0d0
	371	105	808080
	532	28	
	326	300	d0d0d0
	221	363	808080
	596	36	b0b0b0
	155	318	d0d0d0
	352	45	
	255	68	808080
	406	390	703800
	443	408	
	410	429	
	405	377	
	430	380	
	401	411	
	415	369	
	455	402	
	406	429	
	439	399	
	394	242	b0b000
	365	250	
	401	249	c0c000
	408	230	
	430	380	c06000
	428	393	
	426	376	
	430	380	
	431	382	
	435	376	
	422	373	
	427	388	
	417	389	
	430	385	
	381	245	d0d000
	390	240	
	389	346	f07800
	384	345	
	389	352	
	383	347	
	388	351	
	385	349	
	384	347	
	390	346	
	386	348	
		351	
	387	349	
	390	343	
	389	346	
	391	345	
	392	349	
		345	
	390	342	
	388	344	
	389	346	
	394	350	
	412	368	
	413	371	
	411	366	
	414	368	
	417	372	
	415	366	
	413	373	
	415	371	
		370	
	418		
line	256	0	256	480	000050
	384		384		
	512		512		002850
	128	106	608	106	000050
		234		234	
		362		362	
	413	355	414	359	00ff00
	355	257	358	255	ffff7f
	368	242	369	241	
	325	272	329	270	
static	362	234	376	245	ffffff	98	/sprites/646.SMIV/14
	412	368	420	376		51	/sprites/521.SMIV/23
draw	537	428	547	435	/sprites/521.SMIV/6
	426	151	454	192	/sprites/560.SMIV/11
	516	129	532	144	/sprites/553.SMIV/15
	562	293	579	306	/sprites/553.SMIV/16
	457	286	474	296	/sprites/553.SMIV/19
	288	289	305	302	/sprites/553.SMIV/16
	312	306	329	315	/sprites/553.SMIV/18
	351	202	368	214	/sprites/553.SMIV/4
	246	291	255	297	/sprites/550.SMIV/12
	314	239	331	249	/sprites/553.SMIV/5
static	370	247	386	260	f0eac3	49	/sprites/553.SMIV/3
draw	482	179	486	183	/sprites/548.SMIV/3
	506	333	511	337	/sprites/548.SMIV/2
	371	318	374	320	/sprites/655.SMIV/3
	250	256	257	263	/sprites/522.SMIV/1
	321	242	326	244	/sprites/645.SMIV/5
	335	307	337	309	/sprites/655.SMIV/2
	315	287	317	288	/sprites/655.SMIV/5
	364	311	366	313	/sprites/655.SMIV/4
	324	298	327	300	/sprites/655.SMIV/3
	357	325	362	329	/sprites/548.SMIV/2
	327	292	330	294	/sprites/655.SMIV/3
	471	361	474	363	
	438	386	442	390	/sprites/548.SMIV/0
	412	362	414	364	/sprites/503.SMIV/23
	455	372	457	374	/sprites/655.SMIV/2
	459	371	461	373	
	529	318	531	320	
	383	335	385	337	
	379	330	381	332	
	412	356	414	358	
		353		355	
	371	317	374	319	/sprites/655.SMIV/3
	466	358	469	360	
	542	313	545	315	
	543	315	546	317	
	348	319	350	320	/sprites/655.SMIV/1
	402	335	405	337	/sprites/655.SMIV/3
	425	362	428	364	
	350	318	352	319	/sprites/655.SMIV/1
	449	385	451	386	
	420	380	422	382	/sprites/655.SMIV/2
	390	346	391	346	/sprites/655.SMIV/0
	208	273	215	278	/sprites/522.SMIV/2
	486	160	488	162	/sprites/655.SMIV/2
	422	386	424	387	/sprites/655.SMIV/5
	475	347	477	348	
	425	362	428	364	/sprites/655.SMIV/3
	479	351	481	352	/sprites/655.SMIV/5
	559	306	561	307	
	400	321	402	323	/sprites/655.SMIV/4
	430	343	432	345	
	498	146	501	148	/sprites/655.SMIV/3
	359	257	362	260	/sprites/554.SMIV/4
	496	126	498	128	/sprites/655.SMIV/4
	418	373	427	383	/sprites/554.SMIV/3
	448	380	450	381	/sprites/655.SMIV/1
	523	333	525	334	
	521	330	523	331	
	392	344	393	344	/sprites/655.SMIV/0
	411	370	412	370	
	415	369	416	369	
	490	172	491	172	
	364	250	366	252	/sprites/554.SMIV/1
	386	348	388	349	/sprites/504.SMIV/18
	497	128	499	130	/sprites/655.SMIV/4
	424	387	437	400	/sprites/554.SMIV/7
	495	145	498	147	/sprites/655.SMIV/3
	387	343	393	349	/sprites/554.SMIV/0
	411	365	417	371	
line	290	423	302	414	489048
			289	408	
	302	414			204020
draw	0	0	128	480	/pictures/501.png
	608		640		/pictures/512.png
tint	29	159	37	172	ff0000	/font/5001/31
	35		43			/font/5001/34
	41		49			/font/5001/32
	102		110		ff7f00	/font/5001/31
	108		116			/font/5001/35
	114		122			/font/5001/30
line	614	363	614	359	00488f
		359	622		
	622			363	002850
		363	614		
rect	615	360	622	363	003870
line	614	456	614	364	007fff
		364	622		
	622			456	00488f
		456	614		
rect	615	365	622	456	0070e0
line	614	245	614	231	909048
		231	622		
	622			245	505028
		245	614		
rect	615	232	622	245	707038
line	614	328	614	246	ffff7f
		246	622		
	622			328	909048
		328	614		
rect	615	247	622	328	e0e070
line	614	103	614	103	904848
			622		
	622				502828
			614		
	614	200		104	ff7f7f
		104	622		
	622			200	904848
		200	614		
rect	615	105	622	200	e07070
	634	49	636	52	7fff7f
		53		56	60c060
		57		60	
		61		64	
		65		68	
		69		72	7fff7f
		73		76	60c060
		77		80	
		81		84	
		85		88	
		89		92	7fff7f
		93		96	60c060
		97		100	
		101		104	
		105		108	
		109		112	7fff7f
		113		116	60c060
		117		120	
		121		124	
		125		128	
		129		132	7fff7f
		133		136	60c060
		137		140	
		141		144	
		145		148	
		149		152	183018
		153		156	
		157		160	
		161		164	
		165		168	
		169		172	
		173		176	
		177		180	
		181		184	
		185		188	
		189		192	
		193		196	
		197		200	
		201		204	
		205		208	
		209		212	
		213		216	
		217		220	
		221		224	
		225		228	
		229		232	
		233		236	
		237		240	
		241		244	
		245		248	
		249		252	
		253		256	
		257		260	
		261		264	
		265		268	
		269		272	
		273		276	
		277		280	
		281		284	
		285		288	
		289		292	
		293		296	
		297		300	
		301		304	
		305		308	
		309		312	
		313		316	
		317		320	
		321		324	
		325		328	
		329		332	
		333		336	
		337		340	
		341		344	
		345		348	
		349		352	
		353		356	
		357		360	
		361		364	
		365		368	
		369		372	
		373		376	
		377		380	
		381		384	
		385		388	
		389		392	
		393		396	
		397		400	
		401		404	
		405		408	
		409		412	
		413		416	
		417		420	
		421		424	
		425		428	
		429		432	
		433		436	
		437		440	
		441		444	
		445		448	
	621	52	631	56	303000
		57		61	
		62		66	
		67		71	
		72		76	
		77		81	
		82		86	
	7	7	115	115	00ff00
	8	8	114	114	001000
	42	42	80	80	003000
point	52	38	00e000
	103	83	
	95	36	
	78	90	
	100	33	
	64	71	
	74	76	
	50	28	
	54	26	
	64	37	
	66	56	
	67	15	
	85	40	
	87	53	
	98	55	
	54	18	
	66	32	
	59	29	
	60	32	
	59	37	
	58	26	
	56	22	
	73	53	
	77	65	
	68		
	56		
	58	66	
	61	59	
	52	65	
	58	61	
	61	62	
	70	57	
	63	30	
	72	68	
	58	61	
	57	64	
	83	41	
	72	38	
	58	61	
	63	60	
	50	28	
	61	36	
	49	63	
	61	62	
		61	
	84	45	
	69	69	
	53	62	
	61	66	
		67	
rect	12	320	121	440	001000
line	12	330	119	330	009000
tint	15	320	23	333	00ff00	/font/5001/4d
	21		29			/font/5001/41
	27		35			/font/5001/49
	33		41			/font/5001/4e
	39		47			/font/5001/20
	45		53			/font/5001/4d
	51		59			/font/5001/45
	57		65			/font/5001/4e
	63		71			/font/5001/55
line	12	343	12	332	009000
		332	120		
	120			343	005000
		343	12		
rect	13	333	120	343	007000
tint	15	332	23	345	00ff00	/font/5001/3c
	21		29			/font/5001/42
	27		35			/font/5001/75
	33		41			/font/5001/69
	39		47			/font/5001/6c
	45		53			/font/5001/64
	51		59			/font/5001/3e
	15	344	23	357		/font/5001/3c
	21		29			/font/5001/53
	27		35			/font/5001/70
	33		41			/font/5001/65
	39		47			/font/5001/63
	45		53			/font/5001/69
	51		59			/font/5001/61
	57		65			/font/5001/6c
	63		71			/font/5001/20
	69		77			/font/5001/4f
	75		83			/font/5001/72
	81		89			/font/5001/64
	87		95			/font/5001/65
	93		101			/font/5001/72
	99		107			/font/5001/73
	105		113			/font/5001/3e
	15	356	23	369		/font/5001/3c
	21		29			/font/5001/4d
	27		35			/font/5001/65
	33		41			/font/5001/73
	39		47			
	45		53			/font/5001/61
	51		59			/font/5001/67
	57		65			/font/5001/65
	63		71			/font/5001/3e
	15	368	23	381		/font/5001/3c
	21		29			/font/5001/4d
	27		35			/font/5001/69
	33		41			/font/5001/73
	39		47			
	45		53			/font/5001/69
	51		59			/font/5001/6f
	57		65			/font/5001/6e
	63		71			/font/5001/20
	69		77			/font/5001/53
	75		83			/font/5001/74
	81		89			/font/5001/61
	87		95			/font/5001/74
	93		101			/font/5001/75
	99		107			/font/5001/73
	105		113			/font/5001/3e
line	12	438	119	438	009000
rect	16	450	114	475	001010
line	17	461	17	450	00c0c0
		450	43		
	43			461	007070
		461	17		
rect	18	451	43	461	009090
tint	19	450	27	463	00ffff	/font/5001/52
	25		33			/font/5001/47
	31		39			/font/5001/48
	37		45			/font/5001/54
	43		51			/font/5001/20
	49		57			/font/5001/53
	55		63			/font/5001/65
	61		69			/font/5001/6c
	67		75			/font/5001/65
	73		81			/font/5001/63
	79		87			/font/5001/74
line	12	191	12	180	ffff00
		180	119		
	119			191	909000
		191	12		
rect	13	181	119	191	c0c000
tint	15	180	23	193	000000	/font/5001/43
	21		29			/font/5001/4f
	27		35			/font/5001/4e
	33		41			/font/5001/54
	39		47			/font/5001/52
	45		53			/font/5001/4f
	51		59			/font/5001/4c
line	14	204	35	204	489048
			14	205	
	35		35		
	14	225		225	
			14	224	
	35		35		
	12	263	12	252	007fff
		252	119		
	119			263	00488f
		263	12		
rect	13	253	119	263	0060c0
tint	15	252	23	265	000000	/font/5001/54
	21		29			/font/5001/41
	27		35			/font/5001/52
	33		41			/font/5001/47
	39		47			/font/5001/45
	45		53			/font/5001/54
	15	264	23	277	7fff7f	/font/5001/46
	21		29			/font/5001/49
	27		35			/font/5001/47
	33		41			/font/5001/48
	39		47			/font/5001/54
	45		53			/font/5001/45
	51		59			/font/5001/52
draw	17	281	33	294	/sprites/510.SMIV/0
line	14	276	35	276	489048
			14	277	
	35		35		
	14	297		297	
			14	296	
	35		35		
rect	42	278	49	278	003870
				296	0060c0
line	40	276	50	276	00488f
			40	277	
	50		50		
	40	297		297	
			40	296	
	50		50		
rect	55	278	62	278	707000
				296	c0c000
line	53	276	63	276	909000
			53	277	
	63		63		
	53	297		297	
			53	296	
	63		63		
tint	69	276	77	289	7fff7f	/font/5001/50
	75		83			/font/5001/4b
	81		89			/font/5001/42
	87		95			/font/5001/45
	93		101			/font/5001/41
	99		107			/font/5001/4d
	105		113			/font/5001/20
	111		119			/font/5001/31
	12	300	20	313	00ff00	/font/5001/46
	18		26			/font/5001/69
	24		32			/font/5001/67
	30		38			/font/5001/68
	36		44			/font/5001/74
	42		50			/font/5001/65
	48		56			/font/5001/72
