point	276	69	808080
	479	327	d0d0d0
	380	29	808080
	535	114	d0d0d0
	478	116	808080
	281	163	
	473	119	
	531	456	b0b0b0
	139	242	808080
	159	196	
	583	221	d0d0d0
	295	135	b0b0b0
	374	284	808080
	329	300	
	271	21	b0b0b0
	172	120	808080
	235	67	b0b0b0
	532	171	808080
	301	83	b0b0b0
	585	97	808080
	289	385	
	442	134	d0d0d0
	167	258	
	352	329	808080
	592	328	
	505	107	
	528	137	
	511	219	
	180	369	
	465	365	
	493	72	d0d0d0
	225	214	b0b0b0
	503	264	
	589	235	
	215	326	808080
	449	218	b0b0b0
	487	219	808080
	533	55	
	158	131	b0b0b0
	570	164	808080
	316	376	d0d0d0
	465	21	b0b0b0
	559	71	d0d0d0
	528	315	
	466	22	
	537	202	
	260	2	b0b0b0
	573	1	
	385	385	808080
	587	297	
	181	291	
	305	442	b0b0b0
	498	154	808080
	557	237	b0b0b0
	434	245	d0d0d0
	581	325	808080
	279	430	
	375	133	b0b0b0
	454	130	808080
	234	167	d0d0d0
	312	440	808080
	169	401	
	300	49	d0d0d0
	492	95	b0b0b0
	185	148	
	144	39	d0d0d0
	333	16	b0b0b0
	368	439	808080
	293	425	d0d0d0
	605	443	808080
	182	248	d0d0d0
	483	298	808080
	465	115	d0d0d0
	490	100	
	549	288	
	524	356	808080
	225	384	d0d0d0
	184	381	b0b0b0
	596	23	d0d0d0
	352	297	
	477	111	
	144	200	
	300	296	808080
	546	119	b0b0b0
	489	286	
	265	339	
	354	284	
	594	388	
	554	214	808080
	353	468	
	265	334	b0b0b0
	287	426	808080
		372	
	352	351	
	303	479	
	408	195	b0b0b0
	604	366	808080
	436	265	
	369	349	b0b0b0
	175	274	
	253	418	808080
	566	77	
	146	68	d0d0d0
	253	246	808080
	157	471	b0b0b0
	496	457	
	209	62	
	214	455	808080
	219	59	
	220	102	
	170	90	d0d0d0
	544	394	808080
	600	287	b0b0b0
	250	306	808080
	324	120	
	433	223	
	436	356	d0d0d0
	399	122	808080
	561	45	
	384	334	d0d0d0
	250	380	808080
	159	223	b0b0b0
	213	353	d0d0d0
	410	80	
	284	85	808080
	391	299	603000
	406	305	
	403	264	
	379	273	
	384	305	
	403	293	
	439	281	
	395	308	
	433	288	
	375	296	
	387	-175	c06000
	389	-176	
	392	-172	
	382	-179	
	374	-177	
	388	-157	
	380	-162	
		-153	
	391	-160	
	372	-169	
	293	-198	202000
	285	-132	
	414	254	301800
	394	294	
	405	280	
	386	291	
	409	311	
	441	252	
	365	318	
	434	254	
	427	313	
	366	332	
	409	-191	303000
	294	-134	
	417	-213	404000
	414	-104	
	342	-201	703800
	335	-187	
	357	-188	
	346	-189	
	322	-196	
	336	-157	
	364	-199	
	322	-174	
	329	-141	
	352	-168	
line	185	0	185	480	000050
	313		313		
	441		441		
	569		569		002850
	128	13	608	13	
		141		141	000050
		269		269	
		397		397	
	400	-176	396	-176	00ff00
	380	244	379	244	ffff7f
	430	296	427	293	
	399	267	397	266	
draw	359	235	376	244	/sprites/646.SMIV/7
	340	34	348	41	/sprites/501.SMIV/10
static	625	190	637	201	ffffff	8	/sprites/509.SMIV/15
draw	636	154	648	165	/sprites/509.SMIV/15
	442	344	451	353	/sprites/521.SMIV/22
	490	189	528	224	/sprites/560.SMIV/15
	532	201	549	214	/sprites/553.SMIV/16
	552	340	569	350	/sprites/553.SMIV/19
	456	312	473	321	/sprites/553.SMIV/18
	309	378	323	394	/sprites/553.SMIV/10
	317	338	327	351	/sprites/553.SMIV/0
	465	181	479	197	/sprites/553.SMIV/10
	272	359	279	367	/sprites/550.SMIV/18
	446	280	463	290	/sprites/553.SMIV/5
	464	225	480	238	/sprites/553.SMIV/21
	490	306	495	310	/sprites/548.SMIV/2
	464	375	469	378	/sprites/548.SMIV/1
	582	352	585	354	/sprites/655.SMIV/3
	532	227	537	230	/sprites/548.SMIV/4
	562	364	566	368	/sprites/548.SMIV/3
	515	269	517	271	/sprites/655.SMIV/4
	567	195	569	196	/sprites/655.SMIV/5
	310	25	313	27	/sprites/528.SMIV/15
	546	215	548	217	/sprites/655.SMIV/2
	551	208	553	210	
	456	321	461	325	/sprites/548.SMIV/2
	576	357	578	359	/sprites/655.SMIV/2
	389	249	396	255	/sprites/522.SMIV/4
	467	324	469	325	/sprites/655.SMIV/1
	499	401	504	404	/sprites/548.SMIV/1
	432	433	436	437	/sprites/548.SMIV/3
	581	356	584	358	/sprites/655.SMIV/3
	577	359	579	361	/sprites/655.SMIV/2
	432	333	439	339	/sprites/522.SMIV/4
	456	384	458	386	/sprites/655.SMIV/4
	463	441	465	443	
	460	434	462	436	
	558	199	561	201	/sprites/655.SMIV/3
	519	379	521	381	/sprites/655.SMIV/4
	567	366	568	366	/sprites/655.SMIV/0
	516	384	518	386	/sprites/655.SMIV/4
	538	219	540	220	/sprites/655.SMIV/1
	571	368	572	368	/sprites/655.SMIV/0
	526	257	528	258	/sprites/655.SMIV/5
	473	393	476	395	/sprites/655.SMIV/3
	453	436	456	438	
	498	382	501	384	
	417	284	424	291	/sprites/522.SMIV/1
	515	281	517	283	/sprites/655.SMIV/2
	509	278	511	280	
	484	394	486	396	
	446	434	448	436	
	487	384	489	386	
	482		484		
	327	440	334	446	/sprites/522.SMIV/4
	503	298	505	299	/sprites/655.SMIV/1
	491	404	492	404	/sprites/655.SMIV/0
	433	440	434	440	
	435	438	436	438	
	470	374	471	374	
	469	379	470	379	
	314	385	319	388	/sprites/548.SMIV/1
	493	309	494	309	/sprites/655.SMIV/0
line	562	284	551	274	489048
			547	288	
	551	274			204020
draw	0	0	128	480	/pictures/501.png
	608		640		/pictures/512.png
tint	29	159	37	172	ff0000	/font/5001/31
	35		43			/font/5001/33
	41		49			/font/5001/37
	102		110		ff7f00	/font/5001/31
	108		116			/font/5001/35
	114		122			/font/5001/30
line	614	364	614	359	00488f
		359	622		
	622			364	002850
		364	614		
rect	615	360	622	364	003870
line	614	456	614	365	007fff
		365	622		
	622			456	00488f
		456	614		
rect	615	366	622	456	0070e0
line	614	245	614	231	909048
		231	622		
	622			245	505028
		245	614		
rect	615	232	622	245	707038
line	614	328	614	246	ffff7f
		246	622		
	622			328	909048
		328	614		
rect	615	247	622	328	e0e070
line	614	104	614	103	904848
		103	622		
	622			104	502828
		104	614		
	614	200		105	ff7f7f
		105	622		
	622			200	904848
		200	614		
rect	615	106	622	200	e07070
	634	49	636	52	7fff7f
		53		56	60c060
		57		60	
		61		64	
		65		68	
		69		72	7fff7f
		73		76	60c060
		77		80	
		81		84	
		85		88	
		89		92	7fff7f
		93		96	60c060
		97		100	
		101		104	
		105		108	
		109		112	7fff7f
		113		116	60c060
		117		120	
		121		124	
		125		128	
		129		132	7fff7f
		133		136	60c060
		137		140	
		141		144	
		145		148	
		149		152	183018
		153		156	
		157		160	
		161		164	
		165		168	
		169		172	
		173		176	
		177		180	
		181		184	
		185		188	
		189		192	
		193		196	
		197		200	
		201		204	
		205		208	
		209		212	
		213		216	
		217		220	
		221		224	
		225		228	
		229		232	
		233		236	
		237		240	
		241		244	
		245		248	
		249		252	
		253		256	
		257		260	
		261		264	
		265		268	
		269		272	
		273		276	
		277		280	
		281		284	
		285		288	
		289		292	
		293		296	
		297		300	
		301		304	
		305		308	
		309		312	
		313		316	
		317		320	
		321		324	
		325		328	
		329		332	
		333		336	
		337		340	
		341		344	
		345		348	
		349		352	
		353		356	
		357		360	
		361		364	
		365		368	
		369		372	
		373		376	
		377		380	
		381		384	
		385		388	
		389		392	
		393		396	
		397		400	
		401		404	
		405		408	
		409		412	
		413		416	
		417		420	
		421		424	
		425		428	
		429		432	
		433		436	
		437		440	
		441		444	
		445		448	
	621	52	631	56	303000
		57		61	
		62		66	
		67		71	
		72		76	
		77		81	
		82		86	
	7	7	115	115	00ff00
	8	8	114	114	001000
	42	42	80	80	003000
point	59	45	00e000
	102	83	
	100	27	
	82	58	
	80	95	
	82	55	
	67	69	
	84	77	
	56	27	
	60	28	
	68	39	
	72	59	
	73	18	
	89	42	
	93	59	
	101	60	
	54	20	
	66	36	
	61	28	
		37	
	59	39	
	61	30	
	57	28	
	74	59	
	76	69	
	68	67	
	57	72	
	58	69	
	69	58	
	54	70	
	67	64	
	69	61	
	70	66	
	61	33	
	68	71	
	74	60	
	90	42	
	66		
	64	64	
	76	71	
	78	70	
	57	44	
	68	67	
	90	53	
	62	61	
	72	63	
	61	61	
	71	73	
	91	41	
	63	28	
rect	12	320	121	440	001000
line	12	330	119	330	009000
tint	15	320	23	333	00ff00	/font/5001/4d
	21		29			/font/5001/41
	27		35			/font/5001/49
	33		41			/font/5001/4e
	39		47			/font/5001/20
	45		53			/font/5001/4d
	51		59			/font/5001/45
	57		65			/font/5001/4e
	63		71			/font/5001/55
line	12	343	12	332	009000
		332	120		
	120			343	005000
		343	12		
rect	13	333	120	343	007000
tint	15	332	23	345	00ff00	/font/5001/3c
	21		29			/font/5001/42
	27		35			/font/5001/75
	33		41			/font/5001/69
	39		47			/font/5001/6c
	45		53			/font/5001/64
	51		59			/font/5001/3e
	15	344	23	357		/font/5001/3c
	21		29			/font/5001/53
	27		35			/font/5001/70
	33		41			/font/5001/65
	39		47			/font/5001/63
	45		53			/font/5001/69
	51		59			/font/5001/61
	57		65			/font/5001/6c
	63		71			/font/5001/20
	69		77			/font/5001/4f
	75		83			/font/5001/72
	81		89			/font/5001/64
	87		95			/font/5001/65
	93		101			/font/5001/72
	99		107			/font/5001/73
	105		113			/font/5001/3e
	15	356	23	369		/font/5001/3c
	21		29			/font/5001/4d
	27		35			/font/5001/65
	33		41			/font/5001/73
	39		47			
	45		53			/font/5001/61
	51		59			/font/5001/67
	57		65			/font/5001/65
	63		71			/font/5001/3e
	15	368	23	381		/font/5001/3c
	21		29			/font/5001/4d
	27		35			/font/5001/69
	33		41			/font/5001/73
	39		47			
	45		53			/font/5001/69
	51		59			/font/5001/6f
	57		65			/font/5001/6e
	63		71			/font/5001/20
	69		77			/font/5001/53
	75		83			/font/5001/74
	81		89			/font/5001/61
	87		95			/font/5001/74
	93		101			/font/5001/75
	99		107			/font/5001/73
	105		113			/font/5001/3e
line	12	438	119	438	009000
rect	16	450	114	475	001010
line	17	461	17	450	00c0c0
		450	43		
	43			461	007070
		461	17		
rect	18	451	43	461	009090
tint	19	450	27	463	00ffff	/font/5001/52
	25		33			/font/5001/47
	31		39			/font/5001/48
	37		45			/font/5001/54
	43		51			/font/5001/20
	49		57			/font/5001/53
	55		63			/font/5001/65
	61		69			/font/5001/6c
	67		75			/font/5001/65
	73		81			/font/5001/63
	79		87			/font/5001/74
rect	12	180	120	192	000000
line	12	191	12	180	ffff00
		180	119		
	119			191	909000
		191	12		
rect	13	181	119	191	c0c000
tint	15	180	23	193	000000	/font/5001/43
	21		29			/font/5001/4f
	27		35			/font/5001/4e
	33		41			/font/5001/54
	39		47			/font/5001/52
	45		53			/font/5001/4f
	51		59			/font/5001/4c
rect	12	192	120	204	000000
	14	204	36	226	
line	14	204	35	204	489048
			14	205	
	35		35		
	14	225		225	
			14	224	
	35		35		
rect	40	204	51	226	000000
	53		64		
	69		120	216	
		216		228	
		192		204	
	12	228		240	
		252		264	
line	12	263	12	252	007fff
		252	119		
	119			263	00488f
		263	12		
rect	13	253	119	263	0060c0
tint	15	252	23	265	000000	/font/5001/54
	21		29			/font/5001/41
	27		35			/font/5001/52
	33		41			/font/5001/47
	39		47			/font/5001/45
	45		53			/font/5001/54
rect	12	264	120	276	000000
tint	15	264	23	277	7fff7f	/font/5001/46
	21		29			/font/5001/49
	27		35			/font/5001/47
	33		41			/font/5001/48
	39		47			/font/5001/54
	45		53			/font/5001/45
	51		59			/font/5001/52
rect	14	276	36	298	000000
draw	17	281	33	294	/sprites/510.SMIV/0
line	14	276	35	276	489048
			14	277	
	35		35		
	14	297		297	
			14	296	
	35		35		
rect	40	276	51	298	000000
	42	278	49	278	003870
				296	0060c0
line	40	276	50	276	00488f
			40	277	
	50		50		
	40	297		297	
			40	296	
	50		50		
rect	53	276	64	298	000000
	55	278	62	278	707000
				296	c0c000
line	53	276	63	276	909000
			53	277	
	63		63		
	53	297		297	
			53	296	
	63		63		
rect	69	276	120	288	000000
tint	69	276	77	289	7fff7f	/font/5001/50
	75		83			/font/5001/4b
	81		89			/font/5001/42
	87		95			/font/5001/45
	93		101			/font/5001/41
	99		107			/font/5001/4d
	105		113			/font/5001/20
	111		119			/font/5001/31
rect	69	288	120	300	000000
		264		276	
	12	300		312	
tint	12	300	20	313	00ff00	/font/5001/46
	18		26			/font/5001/69
	24		32			/font/5001/67
	30		38			/font/5001/68
	36		44			/font/5001/74
	42		50			/font/5001/65
	48		56			/font/5001/72
