point	293	208	808080
	239	125	d0d0d0
	398	168	808080
	570	392	d0d0d0
	496	255	808080
	298	302	
	490	258	
	186	246	d0d0d0
	156	380	808080
	176	335	
	163	15	b0b0b0
	321	343	
	391	423	808080
	346	438	
	297	230	b0b0b0
	190	258	808080
	261	275	b0b0b0
	549	310	808080
	328	291	b0b0b0
	599	282	d0d0d0
	247	63	b0b0b0
	477	412	d0d0d0
	139	55	
	370	468	808080
	130	351	
	522	246	
	545	275	
	528	358	
	595	355	b0b0b0
	356	34	
	529	350	d0d0d0
	251	422	b0b0b0
	529	472	
	356	121	
	233	465	808080
	476	427	b0b0b0
	505	358	808080
	551	194	
	184	339	b0b0b0
	588	302	808080
	495	174	d0d0d0
	491	229	b0b0b0
	597	348	d0d0d0
	179	60	808080
	502	300	d0d0d0
	389	1	b0b0b0
	286	210	
	217	77	
	533	65	
	603	58	808080
	198	430	
	303	114	
	516	292	
	583	445	b0b0b0
	524	33	
	597	88	808080
	451	175	d0d0d0
	401	341	b0b0b0
	472	269	808080
	269	445	d0d0d0
	257	147	b0b0b0
	466	88	
	335	327	d0d0d0
	518	303	b0b0b0
	211	356	
	180	317	d0d0d0
	359	225	b0b0b0
	357	194	d0d0d0
	566	223	
	142	403	808080
	282	24	
	500	437	
		393	d0d0d0
	525	378	
	590	100	b0b0b0
	278	27	d0d0d0
	493	92	808080
	445	74	
	146	470	b0b0b0
	230	95	d0d0d0
	512	389	
	429	-1	b0b0b0
	318	435	808080
	573	327	b0b0b0
	562	14	
	169	88	d0d0d0
	248	9	808080
	164	104	b0b0b0
	572	352	808080
	325	127	
	198	81	d0d0d0
	535	169	
	184	31	808080
	162	10	
	251	207	b0b0b0
	434	403	
	154	414	d0d0d0
	454	403	808080
	223	77	b0b0b0
	320	2	
	399	152	d0d0d0
	584	216	808080
	182	346	d0d0d0
	270	385	808080
	395	132	
	155	185	b0b0b0
	236	270	
	490	114	808080
	237	197	
		241	
	206	367	d0d0d0
	140	78	b0b0b0
	322	73	
	267	444	808080
	342	258	
	451	361	
	271	154	d0d0d0
	417	261	808080
	579	184	
	252	132	d0d0d0
	478	38	808080
	186	431	b0b0b0
	571	77	808080
	445	358	d0d0d0
	301	223	808080
	503	180	b05800
	580	143	
	569	218	
	565	225	
	538	164	
	496	248	
	512	166	
	505	265	
	526	178	
	532	263	
	463	330	b0b000
	316	245	
	357	208	d0d000
	433	212	
	373	195	f0f000
	359	209	
	391	240	ffff00
	399	236	
	306	-790	402000
	400	-563	
	416	-626	
	277	-666	
	374	-592	
	319	-730	
	321	-710	
	468	-713	
	527	-613	
	273	-705	
	362	67	703800
	353	228	
	523	85	
	452	271	
	372	47	
	522	174	
	504	164	
	512	208	
	457	64	
	488	57	
rect	322	0	323	480	000050
	128	372	608	373	
line	472	169	458	176	ffff7f
	293	-778	282	-787	00ff00
	394	234	385	234	ffff7f
	615	132	596	139	
	377	-669	369	-682	00ff00
static	336	222	400	257	ffffff	99	/sprites/ish/hvd%6
draw	93	162	121	189	/sprites/ish/cruiser%5
	507	3	543	36	/sprites/gai/cruiser%15
	326	74	362	107	
static	287	174	323	207	f0eac3	60	/sprites/gai/cruiser%16
draw	393	328	441	386	/sprites/gai/gunship%23
	459	225	475	241	/sprites/sfx/debris%5
	441	221	457	235	/sprites/sfx/debris%4
	447	188	455	195	/sprites/sfx/crew%23
	484	211	490	217	/sprites/sfx/crew%6
	518	108	546	131	/sprites/dev/fullerene%2
	340	251	356	270	/sprites/dev/atomic%0
	416	91	432	96	/sprites/dev/cm%17
	526	416	534	424	/sprites/sfx/sparkle%2
	489	371	493	373	/sprites/sfx/sparkle%0
	573	458	585	468	/sprites/sfx/sparkle%3
	425	441	433	447	/sprites/sfx/sparkle%5
	406	425	414	431	
	372	227	400	253	/sprites/dev/fullerene%4
	214	352	234	364	/sprites/dev/atomic%1
	262	381	270	387	/sprites/sfx/sparkle%1
	302	410	310	418	/sprites/sfx/sparkle%2
	251	389	259	395	/sprites/sfx/sparkle%1
	215	365	219	367	/sprites/sfx/sparkle%0
	450	343	466	362	/sprites/dev/atomic%3
	613	474	621	482	/sprites/sfx/sparkle%4
	350	427	358	435	
	383	407	395	417	/sprites/sfx/sparkle%3
	368	425	380	435	
	351	366	359	374	/sprites/sfx/sparkle%2
	361	374	369	382	
	423	186	495	250	/sprites/sfx/explosion/energy%2
	361	296	369	302	/sprites/sfx/sparkle%1
	221	350	225	352	/sprites/sfx/sparkle%0
	318	389	354	418	/sprites/sfx/explosion/gas%13
	458	192	474	208	/sprites/sfx/explosion/large-hit%5
dither	200	50	367	67	003030
crop	204	54	211	65	80	55	000000	/fonts/tactical.png
	211		218		120	66		
	218		225					
	225		232		104			
	232		239		0	22		
	239		246		32	77		
	246		253		120	66		
	253		260		0	22		
	260		267		24	44		
	267		274		96	66		
	274		281		120			
	281		288		24	77		
	288		295		40	66		
	295		302		24	77		
	302		309		32			
	309		316		0	22		
	316		323		64	44		
	323		330		120	66		
	330		337		24	77		
	337		344		32			
	344		351		72	66		
	351		358		96			
	358		365		40			
	203	53	210	64	80	55	00ffff	
	210		217		120	66		
	217		224					
	224		231		104			
	231		238		0	22		
	238		245		32	77		
	245		252		120	66		
	252		259		0	22		
	259		266		24	44		
	266		273		96	66		
	273		280		120			
	280		287		24	77		
	287		294		40	66		
	294		301		24	77		
	301		308		32			
	308		315		0	22		
	315		322		64	44		
	322		329		120	66		
	329		336		24	77		
	336		343		32			
	343		350		72	66		
	350		357		96			
	357		364		40			
line	567	230	553	223	489048
			554	238	
	553	223			204020
draw	0	-144	128	624	/pictures/gui/instruments/left.png
	608		640		/pictures/gui/instruments/right.png
crop	29	159	35	171	8	36	ff0000	/fonts/computer.png
	35		41		16			
	41		47		64			
	102		108		8		ff7f00	
	108		114		40			
	114		120		0			
rect	614	359	615	391	00488f
			623	360	
	622			391	002850
	614	390			
	615	360	622	390	003870
	614	391	615	457	007fff
			623	392	
	622			457	00488f
	614	456			
	615	392	622	456	0070e0
	614	231	615	238	909048
			623	232	
	622			238	505028
	614	237			
	615	232	622	237	707038
	614	238	615	329	ffff7f
			623	239	
	622			329	909048
	614	328			
	615	239	622	328	e0e070
	614	103	615	106	904848
			623	104	
	622			106	502828
	614	105			
	615	104	622	105	703838
	614	106	615	201	ff7f7f
			623	107	
	622			201	904848
	614	200			
	615	107	622	200	e07070
	634	49	636	52	7fff7f
		53		56	60c060
		57		60	
		61		64	
		65		68	
		69		72	7fff7f
		73		76	60c060
		77		80	
		81		84	
		85		88	
		89		92	7fff7f
		93		96	60c060
		97		100	
		101		104	
		105		108	
		109		112	7fff7f
		113		116	60c060
		117		120	
		121		124	
		125		128	
		129		132	7fff7f
		133		136	60c060
		137		140	
		141		144	
		145		148	
		149		152	183018
		153		156	
		157		160	
		161		164	
		165		168	
		169		172	
		173		176	
		177		180	
		181		184	
		185		188	
		189		192	
		193		196	
		197		200	
		201		204	
		205		208	
		209		212	
		213		216	
		217		220	
		221		224	
		225		228	
		229		232	
		233		236	
		237		240	
		241		244	
		245		248	
		249		252	
		253		256	
		257		260	
		261		264	
		265		268	
		269		272	
		273		276	
		277		280	
		281		284	
		285		288	
		289		292	
		293		296	
		297		300	
		301		304	
		305		308	
		309		312	
		313		316	
		317		320	
		321		324	
		325		328	
		329		332	
		333		336	
		337		340	
		341		344	
		345		348	
		349		352	
		353		356	
		357		360	
		361		364	
		365		368	
		369		372	
		373		376	
		377		380	
		381		384	
		385		388	
		389		392	
		393		396	
		397		400	
		401		404	
		405		408	
		409		412	
		413		416	
		417		420	
		421		424	
		425		428	
		429		432	
		433		436	
		437		440	
		441		444	
		445		448	
	621	52	631	56	303000
		57		61	
		62		66	
		67		71	
		72		76	
		77		81	
		82		86	
	7	7	115	115	00ff00
	8	8	114	114	001000
	58	58	66	66	003000
point	56	60	00e000
	75	71	
	90	87	
	98	65	
	94	54	
	74	78	
	76	98	
	72	75	
	67	67	
	92	82	
	58	40	
	67	36	
	68	53	
	76	71	
	78	33	
	90	52	
	97	76	
	105	61	
	64	29	
		57	
	62	38	
	61	59	
	60	61	
	63	54	
	57	49	
	83	79	
	69	72	
	68		
	69	80	
	62	63	
	78	75	
	60	73	
	70	66	
	64	59	
	69	68	
	61	42	
	69	67	
	61	61	
	59	63	
	62	59	
	70	66	
	81	84	
	61	62	
	70	66	
	104	57	
	62	60	
	80	70	
	58	40	
	64	64	
	73	78	
rect	12	320	121	440	001000
		330	120	331	009000
		332	13	344	
			121	333	
	120			344	005000
	12	343			
	13	333	120	343	007000
	12	438		439	009000
	16	450	114	475	001010
	17		18	462	00c0c0
			44	451	
	43			462	007070
	17	461			
	18	451	43	461	009090
crop	15	320	21	332	104	48	00ff00	/fonts/computer.png
	21		27		8			
	27		33		72			
	33		39		112			
	39		45		0	24		
	45		51		104	48		
	51		57		40			
	57		63		112			
	63		69		40	60		
	15	332	21	344	96	36		
	21		27		16	48		
	27		33		40	84		
	33		39		72	72		
	39		45		96			
	45		51		32			
	51		57		112	36		
	15	344	21	356	96			
	21		27		24	60		
	27		33		0	84		
	33		39		40	72		
	39		45		24			
	45		51		72			
	51		57		8			
	57		63		96			
	63		69		0	24		
	69		75		120	48		
	75		81		16	84		
	81		87		32	72		
	87		93		40			
	93		99		16	84		
	99		105		24			
	105		111		112	36		
	15	356	21	368	96			
	21		27		104	48		
	27		33		40	72		
	33		39		24	84		
	39		45					
	45		51		8	72		
	51		57		56			
	57		63		40			
	63		69		112	36		
	15	368	21	380	96			
	21		27		104	48		
	27		33		72	72		
	33		39		24	84		
	39		45					
	45		51		72	72		
	51		57		120			
	57		63		112			
	63		69		0	24		
	69		75		24	60		
	75		81		32	84		
	81		87		8	72		
	87		93		32	84		
	93		99		40			
	99		105		24			
	105		111		112	36		
	19	450	25	462	16	60	00ffff	
	25		31		56	48		
	31		37		64			
	37		43		32	60		
	43		49		0	24		
	49		55		24	60		
	55		61		40	72		
	61		67		96			
	67		73		40			
	73		79		24			
	79		85		32	84		
rect	12	180	13	192	ffff00
			121	181	
	120			192	909000
	12	191			
	13	181	120	191	c0c000
crop	15	180	21	192	24	48	000000	/fonts/computer.png
	21		27		120			
	27		33		112			
	33		39		32	60		
	39		45		16			
	45		51		120	48		
	51		57		96			
rect	14	204	36	205	489048
			15	206	
	35		36		
	14	225		226	
		224	15		
	35		36		
	12	252	13	264	007fff
			121	253	
	120			264	00488f
	12	263			
	13	253	120	263	0060c0
crop	15	252	21	264	32	60	000000	/fonts/computer.png
	21		27		8	48		
	27		33		16	60		
	33		39		56	48		
	39		45		40			
	45		51		32	60		
	15	264	21	276	48	48	7fff7f	
	21		27		72			
	27		33		56			
	33		39		64			
	39		45		32	60		
	45		51		40	48		
	51		57		16	60		
draw	17	280	33	293	/sprites/ish/fighter%0
rect	14	276	36	277	489048
			15	278	
	35		36		
	14	297		298	
		296	15		
	35		36		
	42	278	49	278	003870
				296	0060c0
	40	276	51	277	00488f
			41	278	
	50		51		
	40	297		298	
		296	41		
	50		51		
	55	278	62	278	707000
				296	c0c000
	53	276	64	277	909000
			54	278	
	63		64		
	53	297		298	
		296	54		
	63		64		
crop	69	276	75	288	0	60	7fff7f	/fonts/computer.png
	75		81		88	48		
	81		87		16			
	87		93		40			
	93		99		8			
	99		105		104			
	105		111		0	24		
	111		117		8	36		
	12	300	18	312	48	48	00ff00	
	18		24		72	72		
	24		30		56			
	30		36		64			
	36		42		32	84		
	42		48		40	72		
	48		54		16	84		
rect	0	0	640	480	ffffff7f
