point	400	62	b0b0b0
	416	280	808080
	535	316	
	147	236	d0d0d0
	564	227	808080
	267	438	b0b0b0
	378	110	808080
	329	283	b0b0b0
	533	171	
	254	156	808080
	415	217	b0b0b0
	591	61	d0d0d0
	316	188	808080
	162	431	d0d0d0
	349	31	808080
	295	464	
	190	8	
	141	381	b0b0b0
	500	185	
	202	451	
	323	304	
	351	378	808080
	519	135	
	487	60	b0b0b0
	192	293	d0d0d0
	575	473	808080
	256	185	b0b0b0
	579	348	
	321	89	
	361	15	808080
	396	179	d0d0d0
	172	60	808080
	450	283	
	391	197	
	487	131	b0b0b0
	243	50	
	323	39	d0d0d0
	212	46	
	418	336	b0b0b0
	228	366	
	592	225	
	353	143	d0d0d0
	196	136	808080
	340	32	
	282	128	d0d0d0
	362	300	b0b0b0
	540	351	808080
	450	374	b0b0b0
	129	177	d0d0d0
	575	25	b0b0b0
	549	92	
	170	404	d0d0d0
	523	257	b0b0b0
	481	306	
	256	378	
	548	332	
	435	214	
	227	472	
	608	199	
	322	375	d0d0d0
	568	180	b0b0b0
	384	308	d0d0d0
	257	172	
	309	253	808080
	602	438	b0b0b0
	314	308	d0d0d0
	162	418	b0b0b0
	286	47	
	213	377	808080
	528	392	b0b0b0
	430	301	808080
	180	116	b0b0b0
	390	325	
	349	137	
	608	126	808080
	368	53	d0d0d0
	359	370	808080
	275	216	
	551	251	
	335	384	
	390	334	
	443	455	
	363	123	
	552	106	d0d0d0
	395	273	b0b0b0
	471	460	
	569	339	d0d0d0
	450	334	
	170	414	808080
	227	61	
	257	4	
	210	378	
	272	393	
	201	335	b0b0b0
	362	41	
	559	103	
	173	220	
	196	436	
	582	338	d0d0d0
	313	94	808080
	380	426	
	512	10	d0d0d0
	277	117	
	129	268	b0b0b0
	597	95	808080
	161	12	b0b0b0
	140	332	
	238	143	808080
	307	313	
	506	240	d0d0d0
	435	149	b0b0b0
	217	337	808080
	580	294	d0d0d0
	339	212	
	585	88	b0b0b0
	371	209	
	298	382	808080
	162	99	d0d0d0
	286	245	
	265	114	b0b0b0
	369	20	d0d0d0
	264	355	
	260	287	808080
	292	444	b0b0b0
	468	126	808080
	515	305	201000
	699	339	
	680	216	
	723	80	
	509	180	
	694	224	
	428	208	
	392	139	
	678	128	
	519	112	
	580	296	
	486	225	
	377	218	
	632	73	
	494	248	
	736	106	
	437	217	
	394	243	
	631	134	
	493	220	
	846	260	301800
	923	0	
	806	229	
	754	189	
	909	-6	
	691	28	
	606	-4	
	614	46	
	898	161	
	923	252	
	686	245	
	603	147	
	695	163	
	467	75	
	555	-188	707000
	844	-109	
	543	269	703800
	351	148	
	452	57	
	374	62	
	491	51	
	345	46	
	451	259	
	366	170	
	555	6	a0a000
	594	-190	
	688	-199	c0c000
	694	-141	
	859	-935	c06000
	871	-945	
	888	-920	
	924	-894	
	851	-948	
	845	-980	
	892	-884	
	913	-941	
	899	-960	
	830	-981	
	940	-623	
	901	-627	
	952	-630	
	879	-608	
	900	-637	
	859	-660	
	878	-667	
	859	-569	
	929	-586	
	945	-594	
	513	18	301800
	533	224	
	453	77	
	511	261	
	963	-646	f07800
	948	-667	
	942	-651	
	940	-647	
	960	-657	
	952		
	934	-654	
	940	-648	
	958	-651	
	942	-652	
	2336	1117	ff7f00
	2335	1122	
	2332	1121	
	2339	1123	
	2338	1120	
	2333	1123	
	2338	1121	
	2336	1120	
	2334	1117	
	2337	1119	
	655	94	301800
	627	25	
	733	-3	
	582	216	
	500	220	
	618	325	
	604	2	
	438	21	
	497	130	
	610	174	
	489	183	
	501	108	
	914	676	402000
	875	440	
	683	696	
	719	640	
	775	437	
	772	665	
	841	469	
	763	525	
	689	561	
	902	712	
	370	185	502800
	654	139	
	485	40	
	456	201	
	465	202	
line	558	0	558	480	000050
	128	116	608	116	
	940	593	958	593	7fff7f
	2254	1522	2237	1511	00ff00
	729	321	740	337	ffff7f
	684	282	693	295	00ff00
	500	639	513	630	
	806	442	812	455	ffff7f
draw	630	-9	782	131	/sprites/560.SMIV/21
	528	129	568	183	/sprites/553.SMIV/0
	218	275	266	333	/sprites/553.SMIV/23
	435	249	455	265	/sprites/551.SMIV/5
	367	236	373	244	/sprites/513.SMIV/1
	491	24	507	38	/sprites/507.SMIV/15
	600	359	606	364	/sprites/513.SMIV/13
	530	-53	670	44	/sprites/504.SMIV/16
dither	518	4	573	21	303000
tint	522	8	530	20	000000	/font/5000/43
	529		537			/font/5000/72
	536		544			/font/5000/75
	543		551			/font/5000/69
	550		558			/font/5000/73
	557		565			/font/5000/65
	564		572			/font/5000/72
	521	7	529	19	ffff00	/font/5000/43
	528		536			/font/5000/72
	535		543			/font/5000/75
	542		550			/font/5000/69
	549		557			/font/5000/73
	556		564			/font/5000/65
	563		571			/font/5000/72
dither	200	466	500	480	300000
tint	204	470	212	482	000000	/font/5000/20
	211		219			/font/5000/48
	218		226			/font/5000/65
	225		233			/font/5000/61
	232		240			/font/5000/76
	239		247			/font/5000/79
	246		254			/font/5000/20
	253		261			/font/5000/44
	260		268			/font/5000/65
	267		275			/font/5000/73
	274		282			/font/5000/74
	281		289			/font/5000/72
	288		296			/font/5000/6f
	295		303			/font/5000/79
	302		310			/font/5000/65
	309		317			/font/5000/72
	316		324			/font/5000/20
	323		331			/font/5000/64
	330		338			/font/5000/65
	337		345			/font/5000/73
	344		352			/font/5000/74
	351		359			/font/5000/72
	358		366			/font/5000/6f
	365		373			/font/5000/79
	372		380			/font/5000/65
	379		387			/font/5000/64
	386		394			/font/5000/2e
	393		401			/font/5000/20
	400		408			
	407		415			/font/5000/30
	414		422			/font/5000/20
	421		429			/font/5000/72
	428		436			/font/5000/65
	435		443			/font/5000/6d
	442		450			/font/5000/61
	449		457			/font/5000/69
	456		464			/font/5000/6e
	463		471			/font/5000/69
	470		478			/font/5000/6e
	477		485			/font/5000/67
	484		492			/font/5000/2e
	491		499			/font/5000/20
	203	469	211	481	ff0000	
	210		218			/font/5000/48
	217		225			/font/5000/65
	224		232			/font/5000/61
	231		239			/font/5000/76
	238		246			/font/5000/79
	245		253			/font/5000/20
	252		260			/font/5000/44
	259		267			/font/5000/65
	266		274			/font/5000/73
	273		281			/font/5000/74
	280		288			/font/5000/72
	287		295			/font/5000/6f
	294		302			/font/5000/79
	301		309			/font/5000/65
	308		316			/font/5000/72
	315		323			/font/5000/20
	322		330			/font/5000/64
	329		337			/font/5000/65
	336		344			/font/5000/73
	343		351			/font/5000/74
	350		358			/font/5000/72
	357		365			/font/5000/6f
	364		372			/font/5000/79
	371		379			/font/5000/65
	378		386			/font/5000/64
	385		393			/font/5000/2e
	392		400			/font/5000/20
	399		407			
	406		414			/font/5000/30
	413		421			/font/5000/20
	420		428			/font/5000/72
	427		435			/font/5000/65
	434		442			/font/5000/6d
	441		449			/font/5000/61
	448		456			/font/5000/69
	455		463			/font/5000/6e
	462		470			/font/5000/69
	469		477			/font/5000/6e
	476		484			/font/5000/67
	483		491			/font/5000/2e
	490		498			/font/5000/20
line	429	51	418	61	489048
			432	66	
	418	61			204020
draw	0	0	128	480	/pictures/501.png
	608		640		/pictures/512.png
line	614	456	614	359	007fff
		359	622		
	622			456	00488f
		456	614		
rect	615	360	622	456	0070e0
line	614	328	614	231	909048
		231	622		
	622			328	505028
		328	614		
rect	615	232	622	328	707038
line	614	200	614	103	904848
		103	622		
	622			200	502828
		200	614		
rect	615	104	622	200	703838
	634	49	636	52	7fff7f
		53		56	60c060
		57		60	
		61		64	
		65		68	
		69		72	7fff7f
		73		76	60c060
		77		80	
		81		84	
		85		88	
		89		92	7fff7f
		93		96	60c060
		97		100	
		101		104	
		105		108	
		109		112	7fff7f
		113		116	60c060
		117		120	
		121		124	
		125		128	
		129		132	7fff7f
		133		136	60c060
		137		140	
		141		144	
		145		148	
		149		152	183018
		153		156	
		157		160	
		161		164	
		165		168	
		169		172	
		173		176	
		177		180	
		181		184	
		185		188	
		189		192	
		193		196	
		197		200	
		201		204	
		205		208	
		209		212	
		213		216	
		217		220	
		221		224	
		225		228	
		229		232	
		233		236	
		237		240	
		241		244	
		245		248	
		249		252	
		253		256	
		257		260	
		261		264	
		265		268	
		269		272	
		273		276	
		277		280	
		281		284	
		285		288	
		289		292	
		293		296	
		297		300	
		301		304	
		305		308	
		309		312	
		313		316	
		317		320	
		321		324	
		325		328	
		329		332	
		333		336	
		337		340	
		341		344	
		345		348	
		349		352	
		353		356	
		357		360	
		361		364	
		365		368	
		369		372	
		373		376	
		377		380	
		381		384	
		385		388	
		389		392	
		393		396	
		397		400	
		401		404	
		405		408	
		409		412	
		413		416	
		417		420	
		421		424	
		425		428	
		429		432	
		433		436	
		437		440	
		441		444	
		445		448	
	621	52	631	56	303000
		57		61	
		62		66	
		67		71	
		72		76	
		77		81	
		82		86	
	7	7	115	115	00ff00
	8	8	114	114	001000
	57	57	65	65	003000
point	82	77	00e000
	101	79	
	64	53	
	68	65	
	96	84	
	99	69	
	92	60	
	78	75	
	71	81	
	70	67	
	64	54	
	102	78	
	100	84	
	72	37	
	70	42	
	67	58	
	79	70	
	78	32	
	94	47	
	99	77	
	66	39	
		55	
	72	44	
	65	56	
			
	64	60	
	61	43	
	79	80	
	59	62	
	61	56	
	90	72	
	72	68	
	67	67	
	71	70	
	72	45	
	71	70	
	66	56	
	100	78	
	67	58	
	66	64	
	67	58	
	73	70	
	96	85	
	99	79	
	71	70	
	98	86	
	65	53	
	64	54	
	72	68	
	76	67	
rect	12	320	121	440	001000
line	12	330	119	330	009000
tint	15	320	23	333	00ff00	/font/5001/4d
	21		29			/font/5001/41
	27		35			/font/5001/49
	33		41			/font/5001/4e
	39		47			/font/5001/20
	45		53			/font/5001/4d
	51		59			/font/5001/45
	57		65			/font/5001/4e
	63		71			/font/5001/55
line	12	343	12	332	009000
		332	120		
	120			343	005000
		343	12		
rect	13	333	120	343	007000
tint	15	332	23	345	00ff00	/font/5001/3c
	21		29			/font/5001/42
	27		35			/font/5001/75
	33		41			/font/5001/69
	39		47			/font/5001/6c
	45		53			/font/5001/64
	51		59			/font/5001/3e
	15	344	23	357		/font/5001/3c
	21		29			/font/5001/53
	27		35			/font/5001/70
	33		41			/font/5001/65
	39		47			/font/5001/63
	45		53			/font/5001/69
	51		59			/font/5001/61
	57		65			/font/5001/6c
	63		71			/font/5001/20
	69		77			/font/5001/4f
	75		83			/font/5001/72
	81		89			/font/5001/64
	87		95			/font/5001/65
	93		101			/font/5001/72
	99		107			/font/5001/73
	105		113			/font/5001/3e
	15	356	23	369		/font/5001/3c
	21		29			/font/5001/4d
	27		35			/font/5001/65
	33		41			/font/5001/73
	39		47			
	45		53			/font/5001/61
	51		59			/font/5001/67
	57		65			/font/5001/65
	63		71			/font/5001/3e
	15	368	23	381		/font/5001/3c
	21		29			/font/5001/4d
	27		35			/font/5001/69
	33		41			/font/5001/73
	39		47			
	45		53			/font/5001/69
	51		59			/font/5001/6f
	57		65			/font/5001/6e
	63		71			/font/5001/20
	69		77			/font/5001/53
	75		83			/font/5001/74
	81		89			/font/5001/61
	87		95			/font/5001/74
	93		101			/font/5001/75
	99		107			/font/5001/73
	105		113			/font/5001/3e
line	12	438	119	438	009000
rect	16	450	114	475	001010
line	17	461	17	450	00c0c0
		450	43		
	43			461	007070
		461	17		
rect	18	451	43	461	009090
tint	19	450	27	463	00ffff	/font/5001/52
	25		33			/font/5001/47
	31		39			/font/5001/48
	37		45			/font/5001/54
	43		51			/font/5001/20
	49		57			/font/5001/53
	55		63			/font/5001/65
	61		69			/font/5001/6c
	67		75			/font/5001/65
	73		81			/font/5001/63
	79		87			/font/5001/74
rect	12	180	120	192	000000
line	12	191	12	180	ffff00
		180	119		
	119			191	909000
		191	12		
rect	13	181	119	191	c0c000
tint	15	180	23	193	000000	/font/5001/43
	21		29			/font/5001/4f
	27		35			/font/5001/4e
	33		41			/font/5001/54
	39		47			/font/5001/52
	45		53			/font/5001/4f
	51		59			/font/5001/4c
rect	12	192	120	204	000000
tint	15	192	23	205	7fff7f	/font/5001/43
	21		29			/font/5001/52
	27		35			/font/5001/55
	33		41			/font/5001/49
	39		47			/font/5001/53
	45		53			/font/5001/45
	51		59			/font/5001/52
rect	14	204	36	226	000000
draw	16	208	34	222	/sprites/501.SMIV/0
line	14	204	35	204	489048
			14	205	
	35		35		
	14	225		225	
			14	224	
	35		35		
rect	40	204	51	226	000000
	42	206	49	218	003870
		218		224	0060c0
line	40	204	50	204	00488f
			40	205	
	50		50		
	40	225		225	
			40	224	
	50		50		
rect	53	204	64	226	000000
	55	206	62	207	707000
		207		224	c0c000
line	53	204	63	204	909000
			53	205	
	63		63		
	53	225		225	
			53	224	
	63		63		
rect	69	204	120	216	000000
tint	69	204	77	217	7fff7f	/font/5001/50
	75		83			/font/5001/4b
	81		89			/font/5001/42
	87		95			/font/5001/45
	93		101			/font/5001/41
	99		107			/font/5001/4d
	105		113			/font/5001/20
	111		119			/font/5001/31
rect	69	216	120	228	000000
tint	69	216	77	229	7fff7f	/font/5001/46
	75		83			/font/5001/20
	81		89			/font/5001/50
	87		95			/font/5001/55
	93		101			/font/5001/4c
	99		107			/font/5001/53
	105		113			/font/5001/45
rect	69	192	120	204	000000
	12	228		240	
		252		264	
line	12	263	12	252	007fff
		252	119		
	119			263	00488f
		263	12		
rect	13	253	119	263	0060c0
tint	15	252	23	265	000000	/font/5001/54
	21		29			/font/5001/41
	27		35			/font/5001/52
	33		41			/font/5001/47
	39		47			/font/5001/45
	45		53			/font/5001/54
rect	12	264	120	276	000000
tint	15	264	23	277	7fff7f	/font/5001/46
	21		29			/font/5001/49
	27		35			/font/5001/47
	33		41			/font/5001/48
	39		47			/font/5001/54
	45		53			/font/5001/45
	51		59			/font/5001/52
rect	14	276	36	298	000000
draw	17	281	33	294	/sprites/510.SMIV/0
line	14	276	35	276	489048
			14	277	
	35		35		
	14	297		297	
			14	296	
	35		35		
rect	40	276	51	298	000000
	42	278	49	278	003870
				296	0060c0
line	40	276	50	276	00488f
			40	277	
	50		50		
	40	297		297	
			40	296	
	50		50		
rect	53	276	64	298	000000
	55	278	62	278	707000
				296	c0c000
line	53	276	63	276	909000
			53	277	
	63		63		
	53	297		297	
			53	296	
	63		63		
rect	69	276	120	288	000000
tint	69	276	77	289	7fff7f	/font/5001/50
	75		83			/font/5001/4b
	81		89			/font/5001/42
	87		95			/font/5001/45
	93		101			/font/5001/41
	99		107			/font/5001/4d
	105		113			/font/5001/20
	111		119			/font/5001/31
rect	69	288	120	300	000000
		264		276	
	12	300		312	
tint	12	300	20	313	00ff00	/font/5001/46
	18		26			/font/5001/69
	24		32			/font/5001/67
	30		38			/font/5001/68
	36		44			/font/5001/74
	42		50			/font/5001/65
	48		56			/font/5001/72
