point	275	348	808080
	133	10	d0d0d0
	319	13	808080
	564	398	d0d0d0
	351	296	808080
	365	460	b0b0b0
	241	311	808080
	285	216	b0b0b0
	155	328	
	322	120	d0d0d0
	229	308	808080
	563	450	d0d0d0
	226	129	b0b0b0
	197	251	
	574	58	d0d0d0
	295	105	
	430	88	808080
	258	12	
	209	220	d0d0d0
	604	364	b0b0b0
	457	78	
	325	248	d0d0d0
	372	124	
	480	260	808080
	588	241	b0b0b0
	383	70	d0d0d0
	559	305	
	588	26	808080
	446	23	
	561	309	b0b0b0
	495	397	
	398	134	d0d0d0
	442	91	b0b0b0
	449	117	808080
	234	227	d0d0d0
	464	300	
	154	332	b0b0b0
	397	343	d0d0d0
	413	298	
	231	28	808080
	354	476	
	339	94	d0d0d0
	513	407	808080
	434	52	
	282	419	
	604	209	d0d0d0
	371	150	808080
	472	344	
	268	341	b0b0b0
	254	307	
	451	291	d0d0d0
	557	183	
	394	158	
	559	259	808080
	409	366	d0d0d0
	477	470	808080
	502	29	d0d0d0
	176	222	b0b0b0
	228	179	808080
	579	48	d0d0d0
	216	358	b0b0b0
	255	410	
	225	286	808080
	171	319	d0d0d0
	408	366	b0b0b0
	412	84	
	589	3	
	273	12	808080
	178	442	
	466	39	d0d0d0
	315	314	808080
	304	162	d0d0d0
	416	294	b0b0b0
	392	360	
	145	114	d0d0d0
	409	449	808080
	203	305	b0b0b0
	568	460	d0d0d0
	513	316	808080
	320	434	d0d0d0
	361	158	808080
	489	422	d0d0d0
	511	345	
	524	288	b0b0b0
	607	290	d0d0d0
	440	112	b0b0b0
	243	180	
	557	27	
	184	261	
	513	129	
	265	136	
	561	348	
	264	266	
	512	338	d0d0d0
	299	250	b0b0b0
	484	284	d0d0d0
	176	121	808080
	392	334	
	353	335	d0d0d0
	444	44	
	541	124	808080
	572	28	b0b0b0
	562	405	808080
	391	102	d0d0d0
	277	164	b0b0b0
	551	460	d0d0d0
	564	313	b0b0b0
	489	201	d0d0d0
	379	234	808080
	568	44	b0b0b0
	520	78	d0d0d0
	152	25	808080
	319	51	b0b0b0
	257	343	
	345	444	808080
	552	212	
	136	394	
	382	265	d0d0d0
	423	69	
	173	349	808080
	223	249	d0d0d0
	462	379	
	557	137	808080
	141	75	
	591	226	
rect	160	0	161	480	000050
	128	136	608	137	002850
line	2176	1554	2171	1537	00ff00
	1121	66	1119	46	
draw	356	224	388	251	/sprites/ish/cruiser%16
	566	399	594	432	/sprites/gai/cruiser%18
	626	421	662	456	/sprites/gai/cruiser%20
	611	370	639	405	/sprites/gai/cruiser%19
	610	424	658	482	/sprites/gai/gunship%23
	498	412	550	470	/sprites/gai/gunship%1
	638	25	646	32	/sprites/sfx/crew%23
	507	410	523	429	/sprites/dev/atomic%0
	533	391	553	403	/sprites/dev/atomic%1
	518	431	526	437	/sprites/sfx/sparkle%1
	588	326	624	355	/sprites/sfx/explosion/gas%13
	569	464	577	470	/sprites/sfx/sparkle%1
	562	443	570	449	
	545	387	549	389	/sprites/sfx/sparkle%0
	541	392	545	394	
dither	368	250	423	267	303000
crop	372	254	379	265	24	44	000000	/fonts/tactical.png
	379		386		16	77		
	386		393		40			
	393		400		72	66		
	400		407		24	77		
	407		414		40	66		
	414		421		16	77		
	371	253	378	264	24	44	ffff00	
	378		385		16	77		
	385		392		40			
	392		399		72	66		
	399		406		24	77		
	406		413		40	66		
	413		420		16	77		
dither	200	451	486	468	300000
crop	204	455	211	466	0	22	000000	/fonts/tactical.png
	211		218		64	44		
	218		225		40	66		
	225		232		8			
	232		239		48	77		
	239		246		72			
	246		253		0	22		
	253		260		24	44		
	260		267		16	77		
	267		274		40			
	274		281		72	66		
	281		288		24	77		
	288		295		40	66		
	295		302		16	77		
	302		309		0	22		
	309		316		32	66		
	316		323		40			
	323		330		24	77		
	330		337		32			
	337		344		16			
	344		351		120	66		
	351		358		72	77		
	358		365		40	66		
	365		372		32			
	372		379		112	22		
	379		386		0			
	386		393					
	393		400		32	33		
	400		407		0	22		
	407		414		16	77		
	414		421		40	66		
	421		428		104			
	428		435		8			
	435		442		72			
	442		449		112			
	449		456		72			
	456		463		112			
	463		470		56			
	470		477		112	22		
	477		484		0			
	203	454	210	465			ff0000	
	210		217		64	44		
	217		224		40	66		
	224		231		8			
	231		238		48	77		
	238		245		72			
	245		252		0	22		
	252		259		24	44		
	259		266		16	77		
	266		273		40			
	273		280		72	66		
	280		287		24	77		
	287		294		40	66		
	294		301		16	77		
	301		308		0	22		
	308		315		32	66		
	315		322		40			
	322		329		24	77		
	329		336		32			
	336		343		16			
	343		350		120	66		
	350		357		72	77		
	357		364		40	66		
	364		371		32			
	371		378		112	22		
	378		385		0			
	385		392					
	392		399		32	33		
	399		406		0	22		
	406		413		16	77		
	413		420		40	66		
	420		427		104			
	427		434		8			
	434		441		72			
	441		448		112			
	448		455		72			
	455		462		112			
	462		469		56			
	469		476		112	22		
	476		483		0			
dither	200	50	346	67	300018
crop	204	54	211	65	56	55	000000	/fonts/tactical.png
	211		218		8	44		
	218		225		16	55		
	225		232		112	44		
	232		239		72			
	239		246		112			
	246		253		56			
	253		260		80	33		
	260		267		0	22		
	267		274		24	55		
	274		281		64	66		
	281		288		72			
	288		295		40			
	295		302		96			
	302		309		32			
	309		316		24	77		
	316		323		0	22		
	323		330		96	44		
	330		337		120	66		
	337		344		56	77		
	203	53	210	64		55	ff007f	
	210		217		8	44		
	217		224		16	55		
	224		231		112	44		
	231		238		72			
	238		245		112			
	245		252		56			
	252		259		80	33		
	259		266		0	22		
	266		273		24	55		
	273		280		64	66		
	280		287		72			
	287		294		40			
	294		301		96			
	301		308		32			
	308		315		24	77		
	315		322		0	22		
	322		329		96	44		
	329		336		120	66		
	336		343		56	77		
line	203	351	218	350	489048
			210	337	
	218	350			204020
draw	0	-144	128	624	/pictures/gui/instruments/left.png
	608		640		/pictures/gui/instruments/right.png
crop	29	159	35	171	0	36	ff0000	/fonts/computer.png
	35		41		32			
	41		47		72			
rect	614	359	615	446	00488f
			623	360	
	622			446	002850
	614	445			
	615	360	622	445	003870
	614	446	615	457	007fff
			623	447	
	622			457	00488f
	614	456			
	615	447	622	456	0070e0
	614	231	615	232	909048
			623		
	622				505028
	614				
		232	615	329	ffff7f
			623	233	
	622			329	909048
	614	328			
	615	233	622	328	e0e070
	614	103	615	104	904848
			623		
	622				502828
	614				
		104	615	201	ff7f7f
			623	105	
	622			201	904848
	614	200			
	615	105	622	200	e07070
	634	49	636	52	7fff7f
		53		56	60c060
		57		60	
		61		64	
		65		68	
		69		72	7fff7f
		73		76	60c060
		77		80	
		81		84	
		85		88	
		89		92	7fff7f
		93		96	60c060
		97		100	
		101		104	
		105		108	
		109		112	7fff7f
		113		116	60c060
		117		120	
		121		124	
		125		128	
		129		132	7fff7f
		133		136	60c060
		137		140	
		141		144	
		145		148	
		149		152	183018
		153		156	
		157		160	
		161		164	
		165		168	
		169		172	
		173		176	
		177		180	
		181		184	
		185		188	
		189		192	
		193		196	
		197		200	
		201		204	
		205		208	
		209		212	
		213		216	
		217		220	
		221		224	
		225		228	
		229		232	
		233		236	
		237		240	
		241		244	
		245		248	
		249		252	
		253		256	
		257		260	
		261		264	
		265		268	
		269		272	
		273		276	
		277		280	
		281		284	
		285		288	
		289		292	
		293		296	
		297		300	
		301		304	
		305		308	
		309		312	
		313		316	
		317		320	
		321		324	
		325		328	
		329		332	
		333		336	
		337		340	
		341		344	
		345		348	
		349		352	
		353		356	
		357		360	
		361		364	
		365		368	
		369		372	
		373		376	
		377		380	
		381		384	
		385		388	
		389		392	
		393		396	
		397		400	
		401		404	
		405		408	
		409		412	
		413		416	
		417		420	
		421		424	
		425		428	
		429		432	
		433		436	
		437		440	
		441		444	
		445		448	
	621	52	631	56	303000
		57		61	
		62		66	
		67		71	
		72		76	
		77		81	
		82		86	
	7	7	115	115	00ff00
	8	8	114	114	001000
	58	58	66	66	003000
point	82	85	00e000
	102	90	
	67	75	
	100	92	
	101	82	
	94	72	
	79	83	
	69	90	
	71	75	
	96	86	
	100	89	
	99	97	
	75	51	
	76	49	
	68	69	
	81	81	
	79	44	
	97	59	
	101	86	
	72	50	
	65	64	
	75	52	
	66	64	
		63	
		65	
	69	54	
	78	95	
	61	67	
	64	64	
	98	82	
	74	51	
	70	76	
	75	80	
	63	64	
	80	92	
	76	51	
	61	68	
	98	82	
	69	75	
	61	69	
	74	78	
	97	97	
	101	99	
	78	94	
	71	53	
	64	64	
	102	87	
	61	68	
	71	82	
	79	93	
rect	12	320	121	440	001000
		330	120	331	009000
		332	13	344	
			121	333	
	120			344	005000
	12	343			
	13	333	120	343	007000
	12	438		439	009000
	16	450	114	475	001010
	17		18	462	00c0c0
			44	451	
	43			462	007070
	17	461			
	18	451	43	461	009090
	17	462	18	474	00c0c0
			44	463	
	43			474	007070
	17	473			
	18	463	43	473	009090
crop	15	320	21	332	24	60	00ff00	/fonts/computer.png
	21		27		0			
	27		33		40	48		
	33		39		24			
	39		45		72			
	45		51		8			
	51		57		96			
	57		63		0	24		
	63		69		120	48		
	69		75		16	60		
	75		81		32	48		
	81		87		40			
	87		93		16	60		
	93		99		24			
	15	332	21	344	32			
	21		27		16	84		
	27		33		8	72		
	33		39		112			
	39		45		24	84		
	45		51		48	72		
	51		57		40			
	57		63		16	84		
	63		69		0	24		
	69		75		24	48		
	75		81		120	72		
	81		87		112			
	87		93		32	84		
	93		99		16			
	99		105		120	72		
	105		111		96			
	15	344	21	356	64	48		
	21		27		120	72		
	27		33		96			
	33		39		32			
	39		45		0	24		
	45		51			60		
	51		57		120	72		
	57		63		24	84		
	63		69		72	72		
	69		75		32	84		
	75		81		72	72		
	81		87		120			
	87		93		112			
	15	356	21	368	56	48		
	21		27		120	72		
	27		33		0	24		
	33		39		32	60		
	39		45		120	72		
	45		51		0	24		
	51		57		104	48		
	57		63		72	84		
	63		69		0	24		
	69		75			60		
	75		81		120	72		
	81		87		24	84		
	87		93		72	72		
	93		99		32	84		
	99		105		72	72		
	105		111		120			
	111		117		112			
	15	368	21	380	48	48		
	21		27		72	72		
	27		33		16	84		
	33		39		40	72		
	39		45		0	24		
	45		51		56	60		
	51		57		40	72		
	57		63		8			
	63		69		0	84		
	69		75		120	72		
	75		81		112			
	81		87		0	24		
	87		93		8	36		
	15	380	21	392	48	48		
	21		27		72	72		
	27		33		16	84		
	33		39		40	72		
	39		45		0	24		
	45		51		56	60		
	51		57		40	72		
	57		63		8			
	63		69		0	84		
	69		75		120	72		
	75		81		112			
	81		87		0	24		
	87		93		16	36		
	15	392	21	404	48	48		
	21		27		72	72		
	27		33		16	84		
	33		39		40	72		
	39		45		0	24		
	45		51		24	60		
	51		57		0	84		
	57		63		40	72		
	63		69		24			
	69		75		72			
	75		81		8			
	81		87		96			
	19	450	25	462	16	60	00ffff	
	25		31		56	48		
	31		37		64			
	37		43		32	60		
	43		49		0	24		
	49		55		40	48		
	55		61		64	84		
	61		67		40	72		
	67		73		24			
	73		79		40	84		
	79		85		32			
	85		91		40	72		
	19	462	25	474	96	48		
	25		31		40			
	31		37		48			
	37		43		32	60		
	43		49		0	24		
	49		55		104	48		
	55		61		8	72		
	61		67		72			
	67		73		112			
	73		79		0	24		
	79		85		104	48		
	85		91		40	72		
	91		97		112			
	97		103		40	84		
rect	12	180	13	192	ffff00
			121	181	
	120			192	909000
	12	191			
	13	181	120	191	c0c000
crop	15	180	21	192	24	48	000000	/fonts/computer.png
	21		27		120			
	27		33		112			
	33		39		32	60		
	39		45		16			
	45		51		120	48		
	51		57		96			
	15	192	21	204	24		7fff7f	
	21		27		16	60		
	27		33		40			
	33		39		72	48		
	39		45		24	60		
	45		51		40	48		
	51		57		16	60		
draw	16	208	34	222	/sprites/ish/cruiser%0
rect	14	204	36	205	489048
			15	206	
	35		36		
	14	225		226	
		224	15		
	35		36		
	42	206	49	222	003870
		222		224	0060c0
	40	204	51	205	00488f
			41	206	
	50		51		
	40	225		226	
		224	41		
	50		51		
	55	206	62	207	707000
		207		224	c0c000
	53	204	64	205	909000
			54	206	
	63		64		
	53	225		226	
		224	54		
	63		64		
crop	69	204	75	216	0	60	7fff7f	/fonts/computer.png
	75		81		88	48		
	81		87		16			
	87		93		40			
	93		99		8			
	99		105		104			
	105		111		0	24		
	111		117		8	36		
	69	216	75	228	48	48		
	75		81		0	24		
	81		87			60		
	87		93		40			
	93		99		96	48		
	99		105		24	60		
	105		111		40	48		
rect	12	252	13	264	007fff
			121	253	
	120			264	00488f
	12	263			
	13	253	120	263	0060c0
crop	15	252	21	264	32	60	000000	/fonts/computer.png
	21		27		8	48		
	27		33		16	60		
	33		39		56	48		
	39		45		40			
	45		51		32	60		
	15	264	21	276	48	48	7fff7f	
	21		27		72			
	27		33		56			
	33		39		64			
	39		45		32	60		
	45		51		40	48		
	51		57		16	60		
draw	17	280	33	293	/sprites/ish/fighter%0
rect	14	276	36	277	489048
			15	278	
	35		36		
	14	297		298	
		296	15		
	35		36		
	42	278	49	278	003870
				296	0060c0
	40	276	51	277	00488f
			41	278	
	50		51		
	40	297		298	
		296	41		
	50		51		
	55	278	62	278	707000
				296	c0c000
	53	276	64	277	909000
			54	278	
	63		64		
	53	297		298	
		296	54		
	63		64		
crop	69	276	75	288	0	60	7fff7f	/fonts/computer.png
	75		81		88	48		
	81		87		16			
	87		93		40			
	93		99		8			
	99		105		104			
	105		111		0	24		
	111		117		8	36		
	12	300	18	312	48	48	00ff00	
	18		24		72	72		
	24		30		56			
	30		36		64			
	36		42		32	84		
	42		48		40	72		
	48		54		16	84		
