point	600	113	808080
	266	130	
	601	477	b0b0b0
	527	395	d0d0d0
	260	238	
	328	409	808080
	215	143	
	452	363	d0d0d0
	300	193	808080
	326	200	
	166	286	b0b0b0
	260	470	
	502	260	808080
	351	101	
	335	97	d0d0d0
	481	47	808080
	306	233	b0b0b0
	360	10	
	210	83	d0d0d0
	280	89	
	198	434	808080
	378	338	
	540	231	d0d0d0
	591	124	808080
	484	42	b0b0b0
	370	356	808080
	194	133	
	296	159	d0d0d0
	312	470	808080
	174	145	d0d0d0
	335	428	b0b0b0
	359	322	d0d0d0
	553	25	b0b0b0
	547	114	808080
	605	29	
	179	457	
	350	236	b0b0b0
	560	304	808080
	430	424	
	472	234	
	512	212	
	482	421	b0b0b0
	407	211	808080
	324	141	d0d0d0
	484	339	808080
	563	349	b0b0b0
	311	476	808080
	139	35	d0d0d0
	298	167	b0b0b0
	602	49	d0d0d0
	542	349	
	449	38	808080
	521	266	d0d0d0
	188	83	
	251	184	b0b0b0
	354	205	
	591	170	d0d0d0
	264	154	b0b0b0
	159	456	
	428	399	d0d0d0
	558	228	
	203	224	808080
	295	117	d0d0d0
	443	112	
	305	427	808080
	491	199	b0b0b0
	221	353	808080
	169	305	
	348	147	
	344	319	b0b0b0
	478	332	808080
	350	249	b0b0b0
	522	203	808080
	599	327	
	536	431	d0d0d0
	402	363	808080
	413	288	b0b0b0
	585	28	808080
	571	30	
	367	220	
	597	307	b0b0b0
	344	162	d0d0d0
	554	50	808080
	135	211	b0b0b0
	495	174	d0d0d0
	607	413	b0b0b0
	281	256	d0d0d0
	261	81	
	397	333	b0b0b0
	578	260	
	202	426	
	563	120	808080
	357	366	b0b0b0
	389	361	808080
	168	267	
	159	204	b0b0b0
	523	200	
	436	151	
	510	291	808080
	301	49	b0b0b0
	342	307	808080
	572	357	b0b0b0
	595	125	d0d0d0
	291	241	808080
	241	226	
	487	250	d0d0d0
	272	221	808080
	180	446	b0b0b0
	438	66	
	161	230	d0d0d0
	349	324	808080
	278	393	
	147	124	d0d0d0
	366	45	
	290	360	808080
	588	357	b0b0b0
	425	409	
	409	279	808080
	526	299	d0d0d0
	484	226	
	437	33	808080
	435	408	b0b0b0
	565	162	808080
	216	21	b0b0b0
	563	230	d0d0d0
	-425	169	e07000
	-427	136	
	-397	156	
	-405	175	
	-120	88	201000
	-108	298	
	-131	273	
	-300	166	
	-246	172	
	-135	328	
	-324	303	
	-215	285	
	-392	173	e07000
	-437	183	
	-409	188	
	-396	139	
	-418	138	
	-406	165	
	-354	233	201000
	-193	215	
	-97	312	
	-32	265	
	1781	500	303000
	2033	365	
	762	589	
	831	682	
	1535	630	
	1454	558	
	-212	243	402000
	-162	299	
	-118	213	
	-173	342	
	-344	437	
	-255	223	
	-104	243	
	-337	369	
	-296	383	
	-217	302	
	-188	334	502800
	-270	437	
	-343	356	
	-121	311	
	-173	57	703800
	-151	161	
	-168	291	909000
	-332	24	
	-445	280	a05000
	-407	169	
	-458	231	
	-375	277	
	-358		
	-474	225	
	-440	187	
	-441	170	
	-398	162	
	-443	180	
	753	826	b0b000
	668	897	
	-414	120	c0c000
	-351	144	
	-7	171	201000
	-119	404	
	-116	431	
	-146	236	
	-144	388	
	-37	211	
	-218	289	
	-123	370	
	-245	435	502800
	-227	340	
	-134	424	
	-271	438	
	-128	297	
	-307	393	
	796	762	505000
	728	708	
	-250	183	603000
	-91	95	
	-140	110	
	-101	251	
	-148	162	
	-151	120	
	-89	139	
	-234	35	
	-134	196	
line	273	0	273	480	002850
	128	131	608	131	000050
	979	769	991	774	00ff00
	-349	-55	-342	-68	7fff7f
draw	320	204	408	282	/sprites/525.SMIV/2
	639	393	775	551	/sprites/560.SMIV/14
	11	189	47	219	/sprites/550.SMIV/13
	521	341	589	396	/sprites/553.SMIV/16
	60	370	108	428	/sprites/553.SMIV/23
	28	401	44	420	/sprites/548.SMIV/0
	159	422	167	430	/sprites/655.SMIV/4
	563	138	575	148	/sprites/655.SMIV/3
	530	133	538	141	/sprites/655.SMIV/4
	132	423	140	431	/sprites/655.SMIV/2
	637	169	645	177	
	117	409	125	417	
	218	393	226	399	/sprites/655.SMIV/5
	25	421	29	423	/sprites/655.SMIV/0
	40	414	44	416	
	75	430	83	436	/sprites/655.SMIV/1
	14	379	22	385	/sprites/655.SMIV/5
dither	200	458	444	475	300000
tint	204	462	212	474	000000	/font/5000/20
	211		219			/font/5000/43
	218		226			/font/5000/72
	225		233			/font/5000/75
	232		240			/font/5000/69
	239		247			/font/5000/73
	246		254			/font/5000/65
	253		261			/font/5000/72
	260		268			/font/5000/20
	267		275			/font/5000/64
	274		282			/font/5000/65
	281		289			/font/5000/73
	288		296			/font/5000/74
	295		303			/font/5000/72
	302		310			/font/5000/6f
	309		317			/font/5000/79
	316		324			/font/5000/65
	323		331			/font/5000/64
	330		338			/font/5000/2e
	337		345			/font/5000/20
	344		352			
	351		359			/font/5000/33
	358		366			/font/5000/20
	365		373			/font/5000/72
	372		380			/font/5000/65
	379		387			/font/5000/6d
	386		394			/font/5000/61
	393		401			/font/5000/69
	400		408			/font/5000/6e
	407		415			/font/5000/69
	414		422			/font/5000/6e
	421		429			/font/5000/67
	428		436			/font/5000/2e
	435		443			/font/5000/20
	203	461	211	473	ff0000	
	210		218			/font/5000/43
	217		225			/font/5000/72
	224		232			/font/5000/75
	231		239			/font/5000/69
	238		246			/font/5000/73
	245		253			/font/5000/65
	252		260			/font/5000/72
	259		267			/font/5000/20
	266		274			/font/5000/64
	273		281			/font/5000/65
	280		288			/font/5000/73
	287		295			/font/5000/74
	294		302			/font/5000/72
	301		309			/font/5000/6f
	308		316			/font/5000/79
	315		323			/font/5000/65
	322		330			/font/5000/64
	329		337			/font/5000/2e
	336		344			/font/5000/20
	343		351			
	350		358			/font/5000/33
	357		365			/font/5000/20
	364		372			/font/5000/72
	371		379			/font/5000/65
	378		386			/font/5000/6d
	385		393			/font/5000/61
	392		400			/font/5000/69
	399		407			/font/5000/6e
	406		414			/font/5000/69
	413		421			/font/5000/6e
	420		428			/font/5000/67
	427		435			/font/5000/2e
	434		442			/font/5000/20
line	458	62	445	70	489048
			458	77	
	445	70			204020
draw	0	0	128	480	/pictures/501.png
	608		640		/pictures/512.png
tint	29	159	37	172	ff0000	/font/5001/30
	35		43			/font/5001/39
	41		49			/font/5001/30
	66		74		7fff7f	/font/5001/31
	72		80			/font/5001/34
	78		86			/font/5001/35
	102		110		ff7f00	/font/5001/30
	108		116			
	114		122			/font/5001/35
line	614	374	614	359	00488f
		359	622		
	622			374	002850
		374	614		
rect	615	360	622	374	003870
line	614	456	614	375	007fff
		375	622		
	622			456	00488f
		456	614		
rect	615	376	622	456	0070e0
line	614	242	614	231	909048
		231	622		
	622			242	505028
		242	614		
rect	615	232	622	242	707038
line	614	328	614	243	ffff7f
		243	622		
	622			328	909048
		328	614		
rect	615	244	622	328	e0e070
line	614	103	614	103	904848
			622		
	622				502828
			614		
	614	200		104	ff7f7f
		104	622		
	622			200	904848
		200	614		
rect	615	105	622	200	e07070
	634	49	636	52	7fff7f
		53		56	60c060
		57		60	
		61		64	
		65		68	
		69		72	7fff7f
		73		76	60c060
		77		80	
		81		84	
		85		88	
		89		92	7fff7f
		93		96	60c060
		97		100	
		101		104	
		105		108	
		109		112	7fff7f
		113		116	60c060
		117		120	
		121		124	
		125		128	
		129		132	7fff7f
		133		136	60c060
		137		140	
		141		144	
		145		148	
		149		152	183018
		153		156	
		157		160	
		161		164	
		165		168	
		169		172	
		173		176	
		177		180	
		181		184	
		185		188	
		189		192	
		193		196	
		197		200	
		201		204	
		205		208	
		209		212	
		213		216	
		217		220	
		221		224	
		225		228	
		229		232	
		233		236	
		237		240	
		241		244	
		245		248	
		249		252	
		253		256	
		257		260	
		261		264	
		265		268	
		269		272	
		273		276	
		277		280	
		281		284	
		285		288	
		289		292	
		293		296	
		297		300	
		301		304	
		305		308	
		309		312	
		313		316	
		317		320	
		321		324	
		325		328	
		329		332	
		333		336	
		337		340	
		341		344	
		345		348	
		349		352	
		353		356	
		357		360	
		361		364	
		365		368	
		369		372	
		373		376	
		377		380	
		381		384	
		385		388	
		389		392	
		393		396	
		397		400	
		401		404	
		405		408	
		409		412	
		413		416	
		417		420	
		421		424	
		425		428	
		429		432	
		433		436	
		437		440	
		441		444	
		445		448	
	621	52	631	56	303000
		57		61	
		62		66	
		67		71	
		72		76	
		77		81	
		82		86	
	7	7	115	115	00ff00
	8	8	114	114	001000
	57	57	65	65	003000
point	51	65	00e000
	62	80	
	75	86	
	47	61	
	73	71	
	87	64	
	73	71	
	45	61	
	46	59	
	75	53	
	74	72	
	68		
	98	73	
	69	77	
	74	53	
	46	59	
	95	68	
	37	61	
	67	65	
	71	70	
	94	71	
	60	72	
	96	64	
	47	45	
	46	61	
	55		
	47	57	
	42	63	
	73	56	
	57	48	
	64	63	
	56	64	
	45	61	
	48	59	
	55	53	
	51	61	
	63	85	
	55	53	
		64	
	45	62	
	89	74	
	88	89	
	46	61	
	88	65	
	92	73	
	47	55	
	68	71	
	57	52	
	65	71	
	69		
rect	12	320	121	440	001000
line	12	330	119	330	009000
tint	15	320	23	333	00ff00	/font/5001/53
	21		29			/font/5001/50
	27		35			/font/5001/45
	33		41			/font/5001/43
	39		47			/font/5001/49
	45		53			/font/5001/41
	51		59			/font/5001/4c
	57		65			/font/5001/20
	63		71			/font/5001/4f
	69		77			/font/5001/52
	75		83			/font/5001/44
	81		89			/font/5001/45
	87		95			/font/5001/52
	93		101			/font/5001/53
line	12	343	12	332	009000
		332	120		
	120			343	005000
		343	12		
rect	13	333	120	343	007000
tint	15	332	23	345	00ff00	/font/5001/54
	21		29			/font/5001/72
	27		35			/font/5001/61
	33		41			/font/5001/6e
	39		47			/font/5001/73
	45		53			/font/5001/66
	51		59			/font/5001/65
	57		65			/font/5001/72
	63		71			/font/5001/20
	69		77			/font/5001/43
	75		83			/font/5001/6f
	81		89			/font/5001/6e
	87		95			/font/5001/74
	93		101			/font/5001/72
	99		107			/font/5001/6f
	105		113			/font/5001/6c
	15	344	23	357		/font/5001/48
	21		29			/font/5001/6f
	27		35			/font/5001/6c
	33		41			/font/5001/64
	39		47			/font/5001/20
	45		53			/font/5001/50
	51		59			/font/5001/6f
	57		65			/font/5001/73
	63		71			/font/5001/69
	69		77			/font/5001/74
	75		83			/font/5001/69
	81		89			/font/5001/6f
	87		95			/font/5001/6e
	15	356	23	369		/font/5001/47
	21		29			/font/5001/6f
	27		35			/font/5001/20
	33		41			/font/5001/54
	39		47			/font/5001/6f
	45		53			/font/5001/20
	51		59			/font/5001/4d
	57		65			/font/5001/79
	63		71			/font/5001/20
	69		77			/font/5001/50
	75		83			/font/5001/6f
	81		89			/font/5001/73
	87		95			/font/5001/69
	93		101			/font/5001/74
	99		107			/font/5001/69
	105		113			/font/5001/6f
	111		119			/font/5001/6e
	15	368	23	381		/font/5001/46
	21		29			/font/5001/69
	27		35			/font/5001/72
	33		41			/font/5001/65
	39		47			/font/5001/20
	45		53			/font/5001/57
	51		59			/font/5001/65
	57		65			/font/5001/61
	63		71			/font/5001/70
	69		77			/font/5001/6f
	75		83			/font/5001/6e
	81		89			/font/5001/20
	87		95			/font/5001/31
	15	380	23	393		/font/5001/46
	21		29			/font/5001/69
	27		35			/font/5001/72
	33		41			/font/5001/65
	39		47			/font/5001/20
	45		53			/font/5001/57
	51		59			/font/5001/65
	57		65			/font/5001/61
	63		71			/font/5001/70
	69		77			/font/5001/6f
	75		83			/font/5001/6e
	81		89			/font/5001/20
	87		95			/font/5001/32
	15	392	23	405		/font/5001/46
	21		29			/font/5001/69
	27		35			/font/5001/72
	33		41			/font/5001/65
	39		47			/font/5001/20
	45		53			/font/5001/53
	51		59			/font/5001/70
	57		65			/font/5001/65
	63		71			/font/5001/63
	69		77			/font/5001/69
	75		83			/font/5001/61
	81		89			/font/5001/6c
line	12	438	119	438	009000
rect	16	450	114	475	001010
line	17	461	17	450	00c0c0
		450	43		
	43			461	007070
		461	17		
rect	18	451	43	461	009090
tint	19	450	27	463	00ffff	/font/5001/52
	25		33			/font/5001/47
	31		39			/font/5001/48
	37		45			/font/5001/54
	43		51			/font/5001/20
	49		57			/font/5001/45
	55		63			/font/5001/78
	61		69			/font/5001/65
	67		75			/font/5001/63
	73		81			/font/5001/75
	79		87			/font/5001/74
	85		93			/font/5001/65
line	17	473	17	462	00c0c0
		462	43		
	43			473	007070
		473	17		
rect	18	463	43	473	009090
tint	19	462	27	475	00ffff	/font/5001/4c
	25		33			/font/5001/45
	31		39			/font/5001/46
	37		45			/font/5001/54
	43		51			/font/5001/20
	49		57			/font/5001/4d
	55		63			/font/5001/61
	61		69			/font/5001/69
	67		75			/font/5001/6e
	73		81			/font/5001/20
	79		87			/font/5001/4d
	85		93			/font/5001/65
	91		99			/font/5001/6e
	97		105			/font/5001/75
rect	12	180	120	192	000000
line	12	191	12	180	ffff00
		180	119		
	119			191	909000
		191	12		
rect	13	181	119	191	c0c000
tint	15	180	23	193	000000	/font/5001/43
	21		29			/font/5001/4f
	27		35			/font/5001/4e
	33		41			/font/5001/54
	39		47			/font/5001/52
	45		53			/font/5001/4f
	51		59			/font/5001/4c
rect	12	192	120	204	000000
tint	15	192	23	205	7fff7f	/font/5001/43
	21		29			/font/5001/41
	27		35			/font/5001/52
	33		41			
	39		47			/font/5001/49
	45		53			/font/5001/45
	51		59			/font/5001/52
rect	14	204	36	226	000000
draw	19	206	32	224	/sprites/525.SMIV/0
line	14	204	35	204	489048
			14	205	
	35		35		
	14	225		225	
			14	224	
	35		35		
rect	40	204	51	226	000000
	42	206	49	209	003870
		209		224	0060c0
line	40	204	50	204	00488f
			40	205	
	50		50		
	40	225		225	
			40	224	
	50		50		
rect	53	204	64	226	000000
	55	206	62	209	707000
		209		224	c0c000
line	53	204	63	204	909000
			53	205	
	63		63		
	53	225		225	
			53	224	
	63		63		
rect	69	204	120	216	000000
tint	69	204	77	217	7fff7f	/font/5001/43
	75		83			/font/5001/4d
	81		89			/font/5001/49
	87		95			/font/5001/53
	93		101			
	99		107			/font/5001/49
	105		113			/font/5001/4c
	111		119			/font/5001/45
rect	69	216	120	228	000000
tint	69	216	77	229	7fff7f	/font/5001/54
	75		83			/font/5001/57
	81		89			/font/5001/4e
	87		95			/font/5001/50
	93		101			
	99		107			/font/5001/55
	105		113			/font/5001/4c
	111		119			/font/5001/53
rect	69	192	120	204	000000
tint	69	192	77	205	7fff7f	/font/5001/4c
	75		83			/font/5001/41
	81		89			/font/5001/4e
	87		95			/font/5001/43
	93		101			/font/5001/48
	99		107			/font/5001/42
	105		113			/font/5001/41
	111		119			/font/5001/59
rect	12	228	120	240	000000
		252		264	
line	12	263	12	252	007fff
		252	119		
	119			263	00488f
		263	12		
rect	13	253	119	263	0060c0
tint	15	252	23	265	000000	/font/5001/54
	21		29			/font/5001/41
	27		35			/font/5001/52
	33		41			/font/5001/47
	39		47			/font/5001/45
	45		53			/font/5001/54
rect	12	264	120	276	000000
	14	276	36	298	
line	14	276	35	276	489048
			14	277	
	35		35		
	14	297		297	
			14	296	
	35		35		
rect	40	276	51	298	000000
	53		64		
	69		120	288	
		288		300	
		264		276	
	12	300		312	
