point	514	56	808080
	275	144	d0d0d0
	376	150	b0b0b0
	271	381	808080
	167	123	d0d0d0
	211	224	
	307	86	808080
	208	67	b0b0b0
	559	203	
	449	284	d0d0d0
	460	54	808080
	261	192	d0d0d0
	370	423	b0b0b0
	526	65	
	500	287	d0d0d0
	369	468	808080
	574	267	
	585	150	b0b0b0
	476	226	808080
	288	228	
	259	112	d0d0d0
	236	80	
	509	299	808080
	282	67	
	512	195	b0b0b0
	187	446	
	563	75	808080
	260	393	b0b0b0
	358	413	808080
	296	256	
	457	296	d0d0d0
	252	207	
	545	179	b0b0b0
	372	57	808080
	482	29	
	314	80	
	225	30	b0b0b0
	240	8	808080
	185	367	
	412	177	
	510	230	b0b0b0
	507	384	808080
	197	229	b0b0b0
	495	380	
	520	43	808080
	206	336	
	503	418	
	577	294	
	403	215	
	288	181	
	312	118	
	498	440	d0d0d0
	490	152	
	596	457	b0b0b0
	555	337	
	407	358	
	463	268	808080
	442	437	
	157	466	b0b0b0
	276	143	808080
	325	444	b0b0b0
	473	332	d0d0d0
	180	3	b0b0b0
	151	-1	
	360	369	808080
	453	468	d0d0d0
	454	111	
	604	159	808080
	445	179	d0d0d0
	266	151	
	210	69	
	171	427	808080
	411	146	
	549	31	
	422	237	b0b0b0
	554	305	808080
	531	427	d0d0d0
	599	120	808080
	311	438	b0b0b0
	139	244	
	371	452	d0d0d0
	219	25	808080
	443	466	d0d0d0
	551	243	808080
	287	403	b0b0b0
	446	287	d0d0d0
	555	312	808080
	193	335	b0b0b0
	216	168	d0d0d0
	388	412	b0b0b0
	606	124	
	388	125	d0d0d0
	471	347	808080
	233	127	d0d0d0
	469	432	b0b0b0
	510	239	808080
	309	236	
	289	305	b0b0b0
	214	349	
	453	203	
	449	249	808080
	582	260	d0d0d0
	142	7	808080
	580	184	
	399	169	
	160	461	b0b0b0
	501	328	d0d0d0
	173	401	808080
	421	292	d0d0d0
	169	446	b0b0b0
	524	27	808080
	152	23	b0b0b0
	252	208	
	435	307	
	588	274	d0d0d0
	526	201	
	362	110	
	407	330	b0b0b0
	340	140	
	556	430	d0d0d0
	512	454	808080
	238	82	b0b0b0
	280	209	d0d0d0
	179	173	b0b0b0
	314	299	808080
	1703	1336	d06800
	1678	1331	
	1688	1309	
	1669	1311	
	1693	1303	
	1676	1341	
	1690	1332	
	1680	1347	
	1673	1334	
	1691	1330	
	1033	777	201000
	1002	765	
	1030	729	
	1060	796	
	1078	793	
	1033	715	
	974	753	
	1076	771	
	1010	776	
	1068	721	
	1625	1275	c06000
	1591	1288	
	1608	1271	
	1638	1279	
	1621	1280	
	1615	1288	
	1627	1259	
	1625	1287	
	1619	1255	
	1615	1277	
	347	267	d06800
	374	261	
	389	284	
	370	253	
	353	291	
	345	278	
	385	277	
	358	287	
	355	258	
	390	256	
rect	191	0	192	481	002850
	524		525		000050
	128	312	609	313	002850
static	352	210	383	269	ffffff	51	/sprites/525.SMIV/12
draw	344	359	349	363	/sprites/513.SMIV/0
	380	215	385	219	
	336	282	341	287	/sprites/655.SMIV/2
	334	373	339	376	/sprites/655.SMIV/5
	332	337	337	342	/sprites/655.SMIV/4
	324	329	329	334	
	350	250	355	253	/sprites/655.SMIV/1
	348	254	353	257	
		243	367	264	/sprites/554.SMIV/2
dither	200	451	444	468	300000
crop	204	455	211	466	0	22	000000	/fonts/tactical
	211		218		56	44		
	218		225		40	77		
	225		232		112	66		
	232		239		24	77		
	239		246		64	66		
	246		253		72			
	253		260		0	77		
	260		267			22		
	267		274		32	66		
	274		281		40			
	281		288		24	77		
	288		295		32			
	295		302		16			
	302		309		120	66		
	309		316		72	77		
	316		323		40	66		
	323		330		32			
	330		337		112	22		
	337		344		0			
	344		351					
	351		358		8	33		
	358		365		0	22		
	365		372		16	77		
	372		379		40	66		
	379		386		104			
	386		393		8			
	393		400		72			
	400		407		112			
	407		414		72			
	414		421		112			
	421		428		56			
	428		435		112	22		
	435		442		0			
	203	454	210	465			ff0000	
	210		217		56	44		
	217		224		40	77		
	224		231		112	66		
	231		238		24	77		
	238		245		64	66		
	245		252		72			
	252		259		0	77		
	259		266			22		
	266		273		32	66		
	273		280		40			
	280		287		24	77		
	287		294		32			
	294		301		16			
	301		308		120	66		
	308		315		72	77		
	315		322		40	66		
	322		329		32			
	329		336		112	22		
	336		343		0			
	343		350					
	350		357		8	33		
	357		364		0	22		
	364		371		16	77		
	371		378		40	66		
	378		385		104			
	385		392		8			
	392		399		72			
	399		406		112			
	406		413		72			
	413		420		112			
	420		427		56			
	427		434		112	22		
	434		441		0			
line	370	438	377	425	489048
			362		
	377	425			204020
draw	0	0	128	480	/pictures/501.png
	608		640		/pictures/512.png
crop	29	159	35	171	0	36	ff0000	/fonts/computer
	35		41		56			
	41		47		72			
	66		72		8		7fff7f	
	72		78		24			
	78		84		72			
	102		108		0		ff7f00	
	108		114					
	114		120		24			
rect	614	359	615	400	00488f
			623	360	
	622			400	002850
	614	399			
	615	360	622	399	003870
	614	400	615	457	007fff
			623	401	
	622			457	00488f
	614	456			
	615	401	622	456	0070e0
	614	231	615	232	909048
			623		
	622				505028
	614				
		232	615	329	ffff7f
			623	233	
	622			329	909048
	614	328			
	615	233	622	328	e0e070
	614	103	615	106	904848
			623	104	
	622			106	502828
	614	105			
	615	104	622	105	703838
	614	106	615	201	ff7f7f
			623	107	
	622			201	904848
	614	200			
	615	107	622	200	e07070
	634	49	636	52	7fff7f
		53		56	60c060
		57		60	
		61		64	
		65		68	
		69		72	7fff7f
		73		76	60c060
		77		80	
		81		84	
		85		88	
		89		92	7fff7f
		93		96	60c060
		97		100	
		101		104	
		105		108	
		109		112	7fff7f
		113		116	60c060
		117		120	
		121		124	
		125		128	
		129		132	7fff7f
		133		136	60c060
		137		140	
		141		144	
		145		148	
		149		152	183018
		153		156	
		157		160	
		161		164	
		165		168	
		169		172	
		173		176	
		177		180	
		181		184	
		185		188	
		189		192	
		193		196	
		197		200	
		201		204	
		205		208	
		209		212	
		213		216	
		217		220	
		221		224	
		225		228	
		229		232	
		233		236	
		237		240	
		241		244	
		245		248	
		249		252	
		253		256	
		257		260	
		261		264	
		265		268	
		269		272	
		273		276	
		277		280	
		281		284	
		285		288	
		289		292	
		293		296	
		297		300	
		301		304	
		305		308	
		309		312	
		313		316	
		317		320	
		321		324	
		325		328	
		329		332	
		333		336	
		337		340	
		341		344	
		345		348	
		349		352	
		353		356	
		357		360	
		361		364	
		365		368	
		369		372	
		373		376	
		377		380	
		381		384	
		385		388	
		389		392	
		393		396	
		397		400	
		401		404	
		405		408	
		409		412	
		413		416	
		417		420	
		421		424	
		425		428	
		429		432	
		433		436	
		437		440	
		441		444	
		445		448	
	621	52	631	56	303000
		57		61	
		62		66	
		67		71	
		72		76	
		77		81	
		82		86	
	7	7	115	115	00ff00
	8	8	114	114	001000
	54	54	68	68	003000
point	72	99	00e000
	59	88	
	69	90	
	62	84	
	105	94	
	64	82	
		83	
	72	85	
		93	
	61	62	
	59	88	
	71	89	
	68	94	
	83	91	
	57	87	
	103	103	
	71	84	
	62	86	
	74	94	
	70	87	
	63	85	
	57	87	
	62		
	63	76	
	65	85	
	66	82	
	65	85	
	67		
	57	86	
	58	87	
	59	88	
	56	86	
	71	88	
	70	87	
	66	82	
	102	94	
	71	88	
	68	87	
	66	83	
	65	82	
	71	90	
	56	86	
	61	61	
	74	63	
	103	95	
	70	87	
	67	71	
	66	88	
	64	83	
	73	89	
rect	12	320	121	440	001000
		330	120	331	009000
crop	15	320	21	332	24	60	00ff00	/fonts/computer
	21		27		0			
	27		33		40	48		
	33		39		24			
	39		45		72			
	45		51		8			
	51		57		96			
	57		63		0	24		
	63		69		120	48		
	69		75		16	60		
	75		81		32	48		
	81		87		40			
	87		93		16	60		
	93		99		24			
rect	12	332	13	344	009000
			121	333	
	120			344	005000
	12	343			
	13	333	120	343	007000
crop	15	332	21	344	32	60	00ff00	/fonts/computer
	21		27		16	84		
	27		33		8	72		
	33		39		112			
	39		45		24	84		
	45		51		48	72		
	51		57		40			
	57		63		16	84		
	63		69		0	24		
	69		75		24	48		
	75		81		120	72		
	81		87		112			
	87		93		32	84		
	93		99		16			
	99		105		120	72		
	105		111		96			
	15	344	21	356	64	48		
	21		27		120	72		
	27		33		96			
	33		39		32			
	39		45		0	24		
	45		51			60		
	51		57		120	72		
	57		63		24	84		
	63		69		72	72		
	69		75		32	84		
	75		81		72	72		
	81		87		120			
	87		93		112			
	15	356	21	368	56	48		
	21		27		120	72		
	27		33		0	24		
	33		39		32	60		
	39		45		120	72		
	45		51		0	24		
	51		57		104	48		
	57		63		72	84		
	63		69		0	24		
	69		75			60		
	75		81		120	72		
	81		87		24	84		
	87		93		72	72		
	93		99		32	84		
	99		105		72	72		
	105		111		120			
	111		117		112			
	15	368	21	380	48	48		
	21		27		72	72		
	27		33		16	84		
	33		39		40	72		
	39		45		0	24		
	45		51		56	60		
	51		57		40	72		
	57		63		8			
	63		69		0	84		
	69		75		120	72		
	75		81		112			
	81		87		0	24		
	87		93		8	36		
	15	380	21	392	48	48		
	21		27		72	72		
	27		33		16	84		
	33		39		40	72		
	39		45		0	24		
	45		51		56	60		
	51		57		40	72		
	57		63		8			
	63		69		0	84		
	69		75		120	72		
	75		81		112			
	81		87		0	24		
	87		93		16	36		
	15	392	21	404	48	48		
	21		27		72	72		
	27		33		16	84		
	33		39		40	72		
	39		45		0	24		
	45		51		24	60		
	51		57		0	84		
	57		63		40	72		
	63		69		24			
	69		75		72			
	75		81		8			
	81		87		96			
rect	12	438	120	439	009000
	16	450	114	475	001010
	17		18	462	00c0c0
			44	451	
	43			462	007070
	17	461			
	18	451	43	461	009090
crop	19	450	25	462	16	60	00ffff	/fonts/computer
	25		31		56	48		
	31		37		64			
	37		43		32	60		
	43		49		0	24		
	49		55		40	48		
	55		61		64	84		
	61		67		40	72		
	67		73		24			
	73		79		40	84		
	79		85		32			
	85		91		40	72		
rect	17	462	18	474	00c0c0
			44	463	
	43			474	007070
	17	473			
	18	463	43	473	009090
crop	19	462	25	474	96	48	00ffff	/fonts/computer
	25		31		40			
	31		37		48			
	37		43		32	60		
	43		49		0	24		
	49		55		104	48		
	55		61		8	72		
	61		67		72			
	67		73		112			
	73		79		0	24		
	79		85		104	48		
	85		91		40	72		
	91		97		112			
	97		103		40	84		
rect	12	180	13	192	ffff00
			121	181	
	120			192	909000
	12	191			
	13	181	120	191	c0c000
crop	15	180	21	192	24	48	000000	/fonts/computer
	21		27		120			
	27		33		112			
	33		39		32	60		
	39		45		16			
	45		51		120	48		
	51		57		96			
	15	192	21	204	24		7fff7f	
	21		27		8			
	27		33		16	60		
	33		39					
	39		45		72	48		
	45		51		40			
	51		57		16	60		
draw	19	206	32	224	/sprites/525.SMIV/0
rect	14	204	36	205	489048
			15	206	
	35		36		
	14	225		226	
		224	15		
	35		36		
	42	206	49	214	003870
		214		224	0060c0
	40	204	51	205	00488f
			41	206	
	50		51		
	40	225		226	
		224	41		
	50		51		
	55	206	62	207	707000
		207		224	c0c000
	53	204	64	205	909000
			54	206	
	63		64		
	53	225		226	
		224	54		
	63		64		
crop	69	204	75	216	24	48	7fff7f	/fonts/computer
	75		81		104			
	81		87		72			
	87		93		24	60		
	93		99					
	99		105		72	48		
	105		111		96			
	111		117		40			
	69	216	75	228	32	60		
	75		81		56			
	81		87		112	48		
	87		93		0	60		
	93		99					
	99		105		40			
	105		111		96	48		
	111		117		24	60		
	69	192	75	204	96	48		
	75		81		8			
	81		87		112			
	87		93		24			
	93		99		64			
	99		105		16			
	105		111		8			
	111		117		72	60		
rect	12	252	13	264	007fff
			121	253	
	120			264	00488f
	12	263			
	13	253	120	263	0060c0
crop	15	252	21	264	32	60	000000	/fonts/computer
	21		27		8	48		
	27		33		16	60		
	33		39		56	48		
	39		45		40			
	45		51		32	60		
rect	14	276	36	277	489048
			15	278	
	35		36		
	14	297		298	
		296	15		
	35		36		
