point	452	291	d0d0d0
	151	160	808080
	388	151	d0d0d0
	440	169	
	475	424	b0b0b0
	354		
	425	382	
	137	268	d0d0d0
	536	96	
	489	257	
	561	301	b0b0b0
	501	397	
	458	264	d0d0d0
	354	133	808080
	481	87	
	142	79	
	525	266	b0b0b0
	583	96	808080
	193	235	b0b0b0
	295	364	d0d0d0
	409	376	808080
	591	42	
	129	345	b0b0b0
	424	82	d0d0d0
	515	458	808080
	298	264	b0b0b0
	159	409	
	328	38	d0d0d0
	131	24	808080
	136	347	
	331	357	
	396	386	d0d0d0
	450	418	
	571	429	b0b0b0
	414	119	808080
	368	154	b0b0b0
	204	404	
	186	238	
	522	250	808080
	195	267	
	556	379	
	211	472	b0b0b0
	425	52	808080
	327	274	b0b0b0
	350	425	d0d0d0
	384	10	b0b0b0
	276	29	808080
	499	338	b0b0b0
	376	435	
	271	271	808080
	587	372	b0b0b0
	413	308	808080
	291	165	
	166	351	b0b0b0
	464	15	
	273	178	d0d0d0
	312	239	
	215	48	808080
	334	175	b0b0b0
	416	469	
	328	411	
	180	254	808080
	153	92	
	566	59	
	383	450	b0b0b0
	196	323	808080
	599	128	b0b0b0
	361	2	d0d0d0
	362	178	808080
	268	329	d0d0d0
	369	124	808080
	395	259	b0b0b0
	235	236	808080
	141	49	d0d0d0
	600	99	
	476	455	808080
	448	199	b0b0b0
	165	417	808080
	549	193	d0d0d0
	386	78	808080
	326	233	b0b0b0
	213	416	d0d0d0
	464	321	808080
	147	333	
	285	286	b0b0b0
	384	232	808080
	224	364	b0b0b0
	395	403	
	181	407	
	286	363	808080
	484	64	b0b0b0
	531	221	d0d0d0
	409	417	b0b0b0
	384	153	808080
	501	376	
	358	255	b0b0b0
	240	326	808080
	434	292	
	351	419	
	178	456	b0b0b0
	210	201	d0d0d0
	271	218	808080
	501	38	b0b0b0
	301	343	
	253	469	d0d0d0
	560	473	
	177	139	b0b0b0
	527	243	808080
	230	235	
	215	323	
	172	394	d0d0d0
	210	71	b0b0b0
	414	23	d0d0d0
	236	294	808080
	216	315	d0d0d0
	459	75	b0b0b0
	427	119	d0d0d0
	202	225	b0b0b0
	546	244	
	296	130	d0d0d0
	285	65	808080
	463	420	b0b0b0
	281	193	808080
	526	329	
	510	345	b0b0b0
rect	287	0	288	480	000050
	478		479		
	128	169	608	170	
		360		361	002850
draw	353	223	385	255	/sprites/ish/carrier%14
	593	441	655	482	/sprites/gai/carrier%7
	386	188	391	193	/sprites/ish/fighter%15
	615	419	626	432	/sprites/gai/cruiser%5
	162	403	175	414	/sprites/gai/cruiser%10
	609	440	616	445	/sprites/gai/fighter%6
	284	66	289	71	/sprites/ish/fighter%8
	236	352	241	357	/sprites/gai/fighter%21
	562	429	567	436	/sprites/gai/fighter%10
	314	315	321	320	/sprites/dev/pp%2
	304	305	309	312	/sprites/dev/pp%3
	353	264	355	268	/sprites/dev/cm%14
	522	351	526	354	/sprites/dev/cm%9
dither	200	451	444	468	300000
crop	211	455	218	466	48	44	000000	/fonts/tactical.png
	218		225		72	66		
	225		232		56			
	232		239		64			
	239		246		32	77		
	246		253		40	66		
	253		260		16	77		
	267		274		32	66		
	274		281		40			
	281		288		24	77		
	288		295		32			
	295		302		16			
	302		309		120	66		
	309		316		72	77		
	316		323		40	66		
	323		330		32			
	330		337		112	22		
	351		358		56	33		
	365		372		16	77		
	372		379		40	66		
	379		386		104			
	386		393		8			
	393		400		72			
	400		407		112			
	407		414		72			
	414		421		112			
	421		428		56			
	428		435		112	22		
	210	454	217	465	48	44	ff0000	
	217		224		72	66		
	224		231		56			
	231		238		64			
	238		245		32	77		
	245		252		40	66		
	252		259		16	77		
	266		273		32	66		
	273		280		40			
	280		287		24	77		
	287		294		32			
	294		301		16			
	301		308		120	66		
	308		315		72	77		
	315		322		40	66		
	322		329		32			
	329		336		112	22		
	350		357		56	33		
	364		371		16	77		
	371		378		40	66		
	378		385		104			
	385		392		8			
	392		399		72			
	399		406		112			
	406		413		72			
	413		420		112			
	420		427		56			
	427		434		112	22		
line	289	422	301	413	489048
			288	407	
	301	413			204020
draw	0	-144	128	624	/pictures/gui/instruments/left.png
	608		640		/pictures/gui/instruments/right.png
crop	29	159	35	171	0	36	ff0000	/fonts/computer.png
	35		41		56			
	41		47		24			
	66		72		8		7fff7f	
	72		78		24			
	78		84		8			
	102		108		0		ff7f00	
	108		114					
	114		120		8			
rect	614	359	615	400	00488f
			623	360	
	622			400	002850
	614	399			
	615	360	622	399	003870
	614	400	615	457	007fff
			623	401	
	622			457	00488f
	614	456			
	615	401	622	456	0070e0
	614	231	615	232	909048
			623		
	622				505028
	614				
		232	615	329	ffff7f
			623	233	
	622			329	909048
	614	328			
	615	233	622	328	e0e070
	614	103	615	107	904848
			623	104	
	622			107	502828
	614	106			
	615	104	622	106	703838
	614	107	615	201	ff7f7f
			623	108	
	622			201	904848
	614	200			
	615	108	622	200	e07070
	634	49	636	52	7fff7f
		53		56	60c060
		57		60	
		61		64	
		65		68	
		69		72	7fff7f
		73		76	60c060
		77		80	
		81		84	
		85		88	
		89		92	7fff7f
		93		96	60c060
		97		100	
		101		104	
		105		108	
		109		112	7fff7f
		113		116	60c060
		117		120	
		121		124	
		125		128	
		129		132	7fff7f
		133		136	60c060
		137		140	
		141		144	
		145		148	
		149		152	183018
		153		156	
		157		160	
		161		164	
		165		168	
		169		172	
		173		176	
		177		180	
		181		184	
		185		188	
		189		192	
		193		196	
		197		200	
		201		204	
		205		208	
		209		212	
		213		216	
		217		220	
		221		224	
		225		228	
		229		232	
		233		236	
		237		240	
		241		244	
		245		248	
		249		252	
		253		256	
		257		260	
		261		264	
		265		268	
		269		272	
		273		276	
		277		280	
		281		284	
		285		288	
		289		292	
		293		296	
		297		300	
		301		304	
		305		308	
		309		312	
		313		316	
		317		320	
		321		324	
		325		328	
		329		332	
		333		336	
		337		340	
		341		344	
		345		348	
		349		352	
		353		356	
		357		360	
		361		364	
		365		368	
		369		372	
		373		376	
		377		380	
		381		384	
		385		388	
		389		392	
		393		396	
		397		400	
		401		404	
		405		408	
		409		412	
		413		416	
		417		420	
		421		424	
		425		428	
		429		432	
		433		436	
		437		440	
		441		444	
		445		448	
	621	52	631	56	303000
		57		61	
		62		66	
		67		71	
		72		76	
		77		81	
		82		86	
	7	7	115	115	00ff00
	8	8	114	114	001000
	50	50	74	74	003000
point	49	87	00e000
	38	83	
	36	82	
	89	66	
	73	77	
	100	79	
	61	62	
	38	83	
	82	82	
	79	74	
	38	83	
	59	64	
	38	82	
	52	83	
	57	52	
	38	83	
	102	77	
	88		
	74	73	
	56	95	
	36	82	
	51	88	
	38	82	
	46	81	
	74	71	
	79	72	
	51	70	
	80	73	
	36	86	
	38	83	
		87	
	58	64	
	38	83	
			
	47	79	
	37	84	
	89	77	
	74	71	
	62	59	
	92	77	
	69	66	
	76	26	
	94	76	
	77	57	
	78	70	
	55	67	
	39	88	
	97	75	
	49	80	
	41	84	
rect	12	320	121	440	001000
		330	120	331	009000
		332	13	344	
			121	333	
	120			344	005000
	12	343			
	13	333	120	343	007000
	12	438		439	009000
	16	450	114	475	001010
	17		18	462	00c0c0
			44	451	
	43			462	007070
	17	461			
	18	451	43	461	009090
	17	462	18	474	00c0c0
			44	463	
	43			474	007070
	17	473			
	18	463	43	473	009090
crop	15	320	21	332	24	60	00ff00	/fonts/computer.png
	21		27		0			
	27		33		40	48		
	33		39		24			
	39		45		72			
	45		51		8			
	51		57		96			
	63		69		120			
	69		75		16	60		
	75		81		32	48		
	81		87		40			
	87		93		16	60		
	93		99		24			
	15	332	21	344	32			
	21		27		16	84		
	27		33		8	72		
	33		39		112			
	39		45		24	84		
	45		51		48	72		
	51		57		40			
	57		63		16	84		
	69		75		24	48		
	75		81		120	72		
	81		87		112			
	87		93		32	84		
	93		99		16			
	99		105		120	72		
	105		111		96			
	15	344	21	356	64	48		
	21		27		120	72		
	27		33		96			
	33		39		32			
	45		51		0	60		
	51		57		120	72		
	57		63		24	84		
	63		69		72	72		
	69		75		32	84		
	75		81		72	72		
	81		87		120			
	87		93		112			
	15	356	21	368	56	48		
	21		27		120	72		
	33		39		32	60		
	39		45		120	72		
	51		57		104	48		
	57		63		72	84		
	69		75		0	60		
	75		81		120	72		
	81		87		24	84		
	87		93		72	72		
	93		99		32	84		
	99		105		72	72		
	105		111		120			
	111		117		112			
	15	368	21	380	48	48		
	21		27		72	72		
	27		33		16	84		
	33		39		40	72		
	45		51		56	60		
	51		57		40	72		
	57		63		8			
	63		69		0	84		
	69		75		120	72		
	75		81		112			
	87		93		8	36		
	15	380	21	392	48	48		
	21		27		72	72		
	27		33		16	84		
	33		39		40	72		
	45		51		56	60		
	51		57		40	72		
	57		63		8			
	63		69		0	84		
	69		75		120	72		
	75		81		112			
	87		93		16	36		
	15	392	21	404	48	48		
	21		27		72	72		
	27		33		16	84		
	33		39		40	72		
	45		51		24	60		
	51		57		0	84		
	57		63		40	72		
	63		69		24			
	69		75		72			
	75		81		8			
	81		87		96			
	19	450	25	462	16	60	00ffff	
	25		31		56	48		
	31		37		64			
	37		43		32	60		
	49		55		40	48		
	55		61		64	84		
	61		67		40	72		
	67		73		24			
	73		79		40	84		
	79		85		32			
	85		91		40	72		
	19	462	25	474	96	48		
	25		31		40			
	31		37		48			
	37		43		32	60		
	49		55		104	48		
	55		61		8	72		
	61		67		72			
	67		73		112			
	79		85		104	48		
	85		91		40	72		
	91		97		112			
	97		103		40	84		
rect	12	180	13	192	ffff00
			121	181	
	120			192	909000
	12	191			
	13	181	120	191	c0c000
crop	15	180	21	192	24	48	000000	/fonts/computer.png
	21		27		120			
	27		33		112			
	33		39		32	60		
	39		45		16			
	45		51		120	48		
	51		57		96			
	15	192	21	204	24		7fff7f	
	21		27		8			
	27		33		16	60		
	33		39					
	39		45		72	48		
	45		51		40			
	51		57		16	60		
draw	18	206	31	224	/sprites/ish/carrier%0
rect	14	204	36	205	489048
			15	206	
	35		36		
	14	225		226	
		224	15		
	35		36		
	42	206	49	214	003870
		214		224	0060c0
	40	204	51	205	00488f
			41	206	
	50		51		
	40	225		226	
		224	41		
	50		51		
	55	206	62	207	707000
		207		224	c0c000
	53	204	64	205	909000
			54	206	
	63		64		
	53	225		226	
		224	54		
	63		64		
crop	69	204	75	216	24	48	7fff7f	/fonts/computer.png
	75		81		104			
	81		87		72			
	87		93		24	60		
	93		99					
	99		105		72	48		
	105		111		96			
	111		117		40			
	69	216	75	228	32	60		
	75		81		56			
	81		87		112	48		
	87		93		0	60		
	93		99					
	99		105		40			
	105		111		96	48		
	111		117		24	60		
	69	192	75	204	96	48		
	75		81		8			
	81		87		112			
	87		93		24			
	93		99		64			
	99		105		16			
	105		111		8			
	111		117		72	60		
rect	12	252	13	264	007fff
			121	253	
	120			264	00488f
	12	263			
	13	253	120	263	0060c0
crop	15	252	21	264	32	60	000000	/fonts/computer.png
	21		27		8	48		
	27		33		16	60		
	33		39		56	48		
	39		45		40			
	45		51		32	60		
rect	14	276	36	277	489048
			15	278	
	35		36		
	14	297		298	
		296	15		
	35		36		
