point	384	172	d0d0d0
	166	454	b0b0b0
	320	31	d0d0d0
	372	49	
	424	334	b0b0b0
	303		
	373	293	
	548	164	d0d0d0
	221	466	808080
	421	137	d0d0d0
	510	211	b0b0b0
	450	307	
	390	145	d0d0d0
	320	73	808080
	447	27	
	465	439	b0b0b0
	474	176	
	549	37	808080
	142	145	b0b0b0
	227	244	d0d0d0
	375	316	808080
	553	454	b0b0b0
	542	330	d0d0d0
	267	459	808080
	481	398	
	247	175	b0b0b0
	594	313	808080
	519	396	d0d0d0
	545	200	
	555	325	
	297	298	808080
	328	266	d0d0d0
	381	298	
	520	339	b0b0b0
	380	59	808080
	317	64	b0b0b0
	153	314	
	134	148	
	488	190	808080
	161	207	
	522	319	
	160	383	b0b0b0
	395	471	808080
	276	184	b0b0b0
	282	305	d0d0d0
	261	373	
	438	448	808080
	447	248	b0b0b0
	325	345	
	237	211	808080
	536	282	b0b0b0
	379	248	808080
	257	105	
	598	441	
	237	429	
	205	58	d0d0d0
	244	119	
	548	457	
	283	85	b0b0b0
	365	379	
	277	322	
	146	194	808080
	590	423	d0d0d0
	532	-1	808080
	332	360	b0b0b0
	162	263	808080
	548	38	b0b0b0
	464	361	d0d0d0
	328	118	808080
	200	209	d0d0d0
	335	64	808080
	344	169	b0b0b0
	201	176	808080
	160	433	
	195	467	
	442	395	
	397	109	b0b0b0
	131	357	808080
	481	73	d0d0d0
	352	18	808080
	274	143	b0b0b0
	145	297	d0d0d0
	430	261	808080
	593	297	
	234	196	b0b0b0
	350	172	808080
	172	274	b0b0b0
	344	313	
	130	317	
	252	303	808080
	534	444	d0d0d0
	463	101	
	358	327	b0b0b0
	350	93	808080
	467	316	
	307	165	b0b0b0
	206	266	808080
	400	232	
	317	360	
	127	366	b0b0b0
	141	81	d0d0d0
	237	158	808080
	354	444	
	250	253	b0b0b0
	185	349	d0d0d0
	492	353	
	604	168	
	493	183	808080
	196	175	
	182	264	
	595	25	
	561	454	d0d0d0
	196	382	
	202	234	808080
	148	196	d0d0d0
	309	468	808080
	359	-1	d0d0d0
	151	135	b0b0b0
	494	154	
	228	10	d0d0d0
	251	5	808080
	412	331	b0b0b0
	247	133	808080
	492	269	
	459	255	b0b0b0
	920	495	e07000
	926	479	
	922	489	
	920	495	
	927	492	
	930	483	
	924	482	
	912	485	
	915	488	
	912	496	
	174	348	f07800
	171	343	
	174	348	
	166	346	
	171	348	
	170	354	
	166	352	
	173	350	
	164	349	
	174		
line	221	0	221	480	000050
	409		409		
	597		597		005000
	128	52	608	52	000050
		240		240	002850
		428		428	000050
draw	348	227	389	252	/sprites/525.SMIV/8
	170	269	175	274	/sprites/510.SMIV/10
	125	394	136	406	/sprites/550.SMIV/17
	275	67	280	72	/sprites/510.SMIV/22
	199	182	204	187	/sprites/510.SMIV/15
	483	80	490	86	/sprites/551.SMIV/14
	515	293	522	298	/sprites/551.SMIV/8
	394	254	401	258	/sprites/547.SMIV/1
	521	281	528	285	
	395	251	402	256	/sprites/547.SMIV/4
	526	248	533	253	
	13	360	14	360	/sprites/655.SMIV/0
	418	333	423	335	/sprites/528.SMIV/8
	15	347	22	351	/sprites/548.SMIV/1
	7	408	11	411	/sprites/655.SMIV/3
	11	380	13	382	/sprites/655.SMIV/2
	20	357	21	357	/sprites/655.SMIV/0
	164	329	172	336	/sprites/517.SMIV/0
	0	422	2	424	/sprites/655.SMIV/4
	5	424	7	426	
	167	326	171	330	/sprites/504.SMIV/0
	162	342	164	344	/sprites/504.SMIV/18
dither	200	453	444	470	300000
tint	204	457	212	469	000000	/font/5000/20
	211		219			/font/5000/46
	218		226			/font/5000/69
	225		233			/font/5000/67
	232		240			/font/5000/68
	239		247			/font/5000/74
	246		254			/font/5000/65
	253		261			/font/5000/72
	260		268			/font/5000/20
	267		275			/font/5000/64
	274		282			/font/5000/65
	281		289			/font/5000/73
	288		296			/font/5000/74
	295		303			/font/5000/72
	302		310			/font/5000/6f
	309		317			/font/5000/79
	316		324			/font/5000/65
	323		331			/font/5000/64
	330		338			/font/5000/2e
	337		345			/font/5000/20
	344		352			
	351		359			/font/5000/37
	358		366			/font/5000/20
	365		373			/font/5000/72
	372		380			/font/5000/65
	379		387			/font/5000/6d
	386		394			/font/5000/61
	393		401			/font/5000/69
	400		408			/font/5000/6e
	407		415			/font/5000/69
	414		422			/font/5000/6e
	421		429			/font/5000/67
	428		436			/font/5000/2e
	435		443			/font/5000/20
	203	456	211	468	ff0000	
	210		218			/font/5000/46
	217		225			/font/5000/69
	224		232			/font/5000/67
	231		239			/font/5000/68
	238		246			/font/5000/74
	245		253			/font/5000/65
	252		260			/font/5000/72
	259		267			/font/5000/20
	266		274			/font/5000/64
	273		281			/font/5000/65
	280		288			/font/5000/73
	287		295			/font/5000/74
	294		302			/font/5000/72
	301		309			/font/5000/6f
	308		316			/font/5000/79
	315		323			/font/5000/65
	322		330			/font/5000/64
	329		337			/font/5000/2e
	336		344			/font/5000/20
	343		351			
	350		358			/font/5000/37
	357		365			/font/5000/20
	364		372			/font/5000/72
	371		379			/font/5000/65
	378		386			/font/5000/6d
	385		393			/font/5000/61
	392		400			/font/5000/69
	399		407			/font/5000/6e
	406		414			/font/5000/69
	413		421			/font/5000/6e
	420		428			/font/5000/67
	427		435			/font/5000/2e
	434		442			/font/5000/20
line	526	359	520	345	489048
			511	358	
	520	345			204020
draw	0	0	128	480	/pictures/501.png
	608		640		/pictures/512.png
tint	29	159	37	172	ff0000	/font/5001/30
	35		43			/font/5001/36
	41		49			/font/5001/39
	66		74		7fff7f	/font/5001/31
	72		80			/font/5001/33
	78		86			/font/5001/30
	102		110		ff7f00	
	108		116			
	114		122			
line	614	399	614	359	00488f
		359	622		
	622			399	002850
		399	614		
rect	615	360	622	399	003870
line	614	456	614	400	007fff
		400	622		
	622			456	00488f
		456	614		
rect	615	401	622	456	0070e0
line	614	231	614	231	909048
			622		
	622				505028
			614		
	614	328		232	ffff7f
		232	622		
	622			328	909048
		328	614		
rect	615	233	622	328	e0e070
line	614	106	614	103	904848
		103	622		
	622			106	502828
		106	614		
rect	615	104	622	106	703838
line	614	200	614	107	ff7f7f
		107	622		
	622			200	904848
		200	614		
rect	615	108	622	200	e07070
	634	49	636	52	7fff7f
		53		56	60c060
		57		60	
		61		64	
		65		68	
		69		72	7fff7f
		73		76	60c060
		77		80	
		81		84	
		85		88	
		89		92	7fff7f
		93		96	60c060
		97		100	
		101		104	
		105		108	
		109		112	7fff7f
		113		116	60c060
		117		120	
		121		124	
		125		128	
		129		132	7fff7f
		133		136	60c060
		137		140	
		141		144	
		145		148	
		149		152	183018
		153		156	
		157		160	
		161		164	
		165		168	
		169		172	
		173		176	
		177		180	
		181		184	
		185		188	
		189		192	
		193		196	
		197		200	
		201		204	
		205		208	
		209		212	
		213		216	
		217		220	
		221		224	
		225		228	
		229		232	
		233		236	
		237		240	
		241		244	
		245		248	
		249		252	
		253		256	
		257		260	
		261		264	
		265		268	
		269		272	
		273		276	
		277		280	
		281		284	
		285		288	
		289		292	
		293		296	
		297		300	
		301		304	
		305		308	
		309		312	
		313		316	
		317		320	
		321		324	
		325		328	
		329		332	
		333		336	
		337		340	
		341		344	
		345		348	
		349		352	
		353		356	
		357		360	
		361		364	
		365		368	
		369		372	
		373		376	
		377		380	
		381		384	
		385		388	
		389		392	
		393		396	
		397		400	
		401		404	
		405		408	
		409		412	
		413		416	
		417		420	
		421		424	
		425		428	
		429		432	
		433		436	
		437		440	
		441		444	
		445		448	
	621	52	631	56	303000
		57		61	
		62		66	
		67		71	
		72		76	
		77		81	
		82		86	
	7	7	115	115	00ff00
	8	8	114	114	001000
	48	48	74	74	003000
point	40	84	00e000
	69	63	
	39	73	
	81	71	
	95	74	
	39	63	
	69	61	
	82	79	
	80	69	
	33	85	
	63	66	
	46	81	
	57	52	
	40	70	
	98	74	
	91	73	
	78	68	
	50	94	
	39	74	
	41	84	
	42	67	
	36	80	
	77	64	
	81	72	
	49	69	
	85	66	
	42	79	
	45	75	
	38	74	
	62	61	
	45	80	
	41		
	105	65	
	40	73	
	43	67	
	78	66	
	62	61	
	51	62	
	94	74	
	39	71	
	43	67	
	91	74	
	96	70	
	42		
	93	73	
	53	59	
	40	74	
	67	53	
	39	76	
		72	
rect	12	320	121	440	001000
line	12	330	119	330	009000
tint	15	320	23	333	00ff00	/font/5001/53
	21		29			/font/5001/50
	27		35			/font/5001/45
	33		41			/font/5001/43
	39		47			/font/5001/49
	45		53			/font/5001/41
	51		59			/font/5001/4c
	57		65			/font/5001/20
	63		71			/font/5001/4f
	69		77			/font/5001/52
	75		83			/font/5001/44
	81		89			/font/5001/45
	87		95			/font/5001/52
	93		101			/font/5001/53
line	12	343	12	332	009000
		332	120		
	120			343	005000
		343	12		
rect	13	333	120	343	007000
tint	15	332	23	345	00ff00	/font/5001/54
	21		29			/font/5001/72
	27		35			/font/5001/61
	33		41			/font/5001/6e
	39		47			/font/5001/73
	45		53			/font/5001/66
	51		59			/font/5001/65
	57		65			/font/5001/72
	63		71			/font/5001/20
	69		77			/font/5001/43
	75		83			/font/5001/6f
	81		89			/font/5001/6e
	87		95			/font/5001/74
	93		101			/font/5001/72
	99		107			/font/5001/6f
	105		113			/font/5001/6c
	15	344	23	357		/font/5001/48
	21		29			/font/5001/6f
	27		35			/font/5001/6c
	33		41			/font/5001/64
	39		47			/font/5001/20
	45		53			/font/5001/50
	51		59			/font/5001/6f
	57		65			/font/5001/73
	63		71			/font/5001/69
	69		77			/font/5001/74
	75		83			/font/5001/69
	81		89			/font/5001/6f
	87		95			/font/5001/6e
	15	356	23	369		/font/5001/47
	21		29			/font/5001/6f
	27		35			/font/5001/20
	33		41			/font/5001/54
	39		47			/font/5001/6f
	45		53			/font/5001/20
	51		59			/font/5001/4d
	57		65			/font/5001/79
	63		71			/font/5001/20
	69		77			/font/5001/50
	75		83			/font/5001/6f
	81		89			/font/5001/73
	87		95			/font/5001/69
	93		101			/font/5001/74
	99		107			/font/5001/69
	105		113			/font/5001/6f
	111		119			/font/5001/6e
	15	368	23	381		/font/5001/46
	21		29			/font/5001/69
	27		35			/font/5001/72
	33		41			/font/5001/65
	39		47			/font/5001/20
	45		53			/font/5001/57
	51		59			/font/5001/65
	57		65			/font/5001/61
	63		71			/font/5001/70
	69		77			/font/5001/6f
	75		83			/font/5001/6e
	81		89			/font/5001/20
	87		95			/font/5001/31
	15	380	23	393		/font/5001/46
	21		29			/font/5001/69
	27		35			/font/5001/72
	33		41			/font/5001/65
	39		47			/font/5001/20
	45		53			/font/5001/57
	51		59			/font/5001/65
	57		65			/font/5001/61
	63		71			/font/5001/70
	69		77			/font/5001/6f
	75		83			/font/5001/6e
	81		89			/font/5001/20
	87		95			/font/5001/32
	15	392	23	405		/font/5001/46
	21		29			/font/5001/69
	27		35			/font/5001/72
	33		41			/font/5001/65
	39		47			/font/5001/20
	45		53			/font/5001/53
	51		59			/font/5001/70
	57		65			/font/5001/65
	63		71			/font/5001/63
	69		77			/font/5001/69
	75		83			/font/5001/61
	81		89			/font/5001/6c
line	12	438	119	438	009000
rect	16	450	114	475	001010
line	17	461	17	450	00c0c0
		450	43		
	43			461	007070
		461	17		
rect	18	451	43	461	009090
tint	19	450	27	463	00ffff	/font/5001/52
	25		33			/font/5001/47
	31		39			/font/5001/48
	37		45			/font/5001/54
	43		51			/font/5001/20
	49		57			/font/5001/45
	55		63			/font/5001/78
	61		69			/font/5001/65
	67		75			/font/5001/63
	73		81			/font/5001/75
	79		87			/font/5001/74
	85		93			/font/5001/65
line	17	473	17	462	00c0c0
		462	43		
	43			473	007070
		473	17		
rect	18	463	43	473	009090
tint	19	462	27	475	00ffff	/font/5001/4c
	25		33			/font/5001/45
	31		39			/font/5001/46
	37		45			/font/5001/54
	43		51			/font/5001/20
	49		57			/font/5001/4d
	55		63			/font/5001/61
	61		69			/font/5001/69
	67		75			/font/5001/6e
	73		81			/font/5001/20
	79		87			/font/5001/4d
	85		93			/font/5001/65
	91		99			/font/5001/6e
	97		105			/font/5001/75
line	12	191	12	180	ffff00
		180	120		
	120			191	909000
		191	12		
rect	13	181	120	191	c0c000
tint	15	180	23	193	000000	/font/5001/43
	21		29			/font/5001/4f
	27		35			/font/5001/4e
	33		41			/font/5001/54
	39		47			/font/5001/52
	45		53			/font/5001/4f
	51		59			/font/5001/4c
	15	192	23	205	7fff7f	/font/5001/43
	21		29			/font/5001/41
	27		35			/font/5001/52
	33		41			
	39		47			/font/5001/49
	45		53			/font/5001/45
	51		59			/font/5001/52
draw	19	206	32	224	/sprites/525.SMIV/0
line	14	204	35	204	489048
			14	205	
	35		35		
	14	225		225	
			14	224	
	35		35		
rect	42	206	49	214	003870
		214		224	0060c0
line	40	204	50	204	00488f
			40	205	
	50		50		
	40	225		225	
			40	224	
	50		50		
rect	55	206	62	207	707000
		207		224	c0c000
line	53	204	63	204	909000
			53	205	
	63		63		
	53	225		225	
			53	224	
	63		63		
tint	69	204	77	217	7fff7f	/font/5001/43
	75		83			/font/5001/4d
	81		89			/font/5001/49
	87		95			/font/5001/53
	93		101			
	99		107			/font/5001/49
	105		113			/font/5001/4c
	111		119			/font/5001/45
	69	216	77	229		/font/5001/54
	75		83			/font/5001/57
	81		89			/font/5001/4e
	87		95			/font/5001/50
	93		101			
	99		107			/font/5001/55
	105		113			/font/5001/4c
	111		119			/font/5001/53
	69	192	77	205		/font/5001/4c
	75		83			/font/5001/41
	81		89			/font/5001/4e
	87		95			/font/5001/43
	93		101			/font/5001/48
	99		107			/font/5001/42
	105		113			/font/5001/41
	111		119			/font/5001/59
line	12	263	12	252	007fff
		252	120		
	120			263	00488f
		263	12		
rect	13	253	120	263	0060c0
tint	15	252	23	265	000000	/font/5001/54
	21		29			/font/5001/41
	27		35			/font/5001/52
	33		41			/font/5001/47
	39		47			/font/5001/45
	45		53			/font/5001/54
line	14	276	35	276	489048
			14	277	
	35		35		
	14	297		297	
			14	296	
	35		35		
