point	134	476	b0b0b0
	508	315	d0d0d0
	203	406	808080
	270	384	b0b0b0
	310	202	
	189		
	260	161	
	153	471	
	146	379	808080
	213	459	
	396	80	b0b0b0
	337	176	
	317	448	d0d0d0
	329	465	808080
	388	390	b0b0b0
	352	308	
	361	45	
	540	136	d0d0d0
	541	223	808080
	180	451	b0b0b0
	300	229	808080
	440	323	b0b0b0
	391	155	d0d0d0
	191	372	808080
	406	311	
	134	43	b0b0b0
	518	225	808080
	368	222	d0d0d0
	394	25	
	404	150	
	222	210	808080
	177	92	d0d0d0
	230	123	
	406	208	b0b0b0
	231	437	
	259	391	d0d0d0
	519	219	b0b0b0
	569	415	
	412	103	808080
	565	278	
	447	231	
	352	429	b0b0b0
	320	384	808080
	163	53	b0b0b0
	131	130	d0d0d0
	593	299	b0b0b0
	363	361	808080
	334	117	b0b0b0
	212	214	
	162	124	808080
	423	151	b0b0b0
	304	161	808080
	182	18	
	523	354	
	162	342	
	308	420	
	541	450	
	397	282	d0d0d0
	267	448	808080
	251	248	b0b0b0
	164	190	
	550	209	808080
	439	248	d0d0d0
	139	348	b0b0b0
	219	228	
	545	167	
	377	386	
	313	186	d0d0d0
	253	30	808080
	548	208	b0b0b0
	346	434	d0d0d0
	231	38	b0b0b0
	604	131	808080
	564	429	
	595	310	b0b0b0
	366	307	808080
	392	474	
	534	146	
	596	322	
	425	443	
	161	12	b0b0b0
	505	259	
	355	174	808080
	517	210	
	598	364	d0d0d0
	275	85	808080
	516	383	d0d0d0
	231	182	b0b0b0
	533	326	808080
	176	216	
	384	269	d0d0d0
	225	442	808080
	245	196	b0b0b0
	275	6	808080
	391	229	
	193	34	b0b0b0
	131	179	808080
	325	145	
	242	272	
	531	334	
	364	460	
	162	71	
	279	357	
	137	122	b0b0b0
	536	90	d0d0d0
	341	179	
	459	472	
	417	96	808080
	595	324	d0d0d0
	585	65	808080
	453	354	d0d0d0
	410	279	
	565	114	808080
	127	147	
	508	151	b0b0b0
	234	381	808080
	476	347	b0b0b0
	547	82	808080
	381	23	b0b0b0
	206	396	808080
	414	397	
	299	199	b0b0b0
	172	46	808080
	416	182	
	346	124	b0b0b0
	-193	398	d0d000
	-174	403	
	-160	431	b0b000
	-198	367	
line	223	0	223	480	000050
	526		526		005000
	128	296	608	296	000050
	-275	364	-270	369	7fff7f
	-194	432	-193	440	
draw	330	226	406	252	/sprites/525.SMIV/6
	320	98	329	109	/sprites/551.SMIV/10
	419	238	428	240	/sprites/528.SMIV/7
dither	200	454	486	471	300000
tint	204	458	212	470	000000	/font/5000/20
	211		219			/font/5000/48
	218		226			/font/5000/65
	225		233			/font/5000/61
	232		240			/font/5000/76
	239		247			/font/5000/79
	246		254			/font/5000/20
	253		261			/font/5000/43
	260		268			/font/5000/72
	267		275			/font/5000/75
	274		282			/font/5000/69
	281		289			/font/5000/73
	288		296			/font/5000/65
	295		303			/font/5000/72
	302		310			/font/5000/20
	309		317			/font/5000/64
	316		324			/font/5000/65
	323		331			/font/5000/73
	330		338			/font/5000/74
	337		345			/font/5000/72
	344		352			/font/5000/6f
	351		359			/font/5000/79
	358		366			/font/5000/65
	365		373			/font/5000/64
	372		380			/font/5000/2e
	379		387			/font/5000/20
	386		394			
	393		401			/font/5000/31
	400		408			/font/5000/20
	407		415			/font/5000/72
	414		422			/font/5000/65
	421		429			/font/5000/6d
	428		436			/font/5000/61
	435		443			/font/5000/69
	442		450			/font/5000/6e
	449		457			/font/5000/69
	456		464			/font/5000/6e
	463		471			/font/5000/67
	470		478			/font/5000/2e
	477		485			/font/5000/20
	203	457	211	469	ff0000	
	210		218			/font/5000/48
	217		225			/font/5000/65
	224		232			/font/5000/61
	231		239			/font/5000/76
	238		246			/font/5000/79
	245		253			/font/5000/20
	252		260			/font/5000/43
	259		267			/font/5000/72
	266		274			/font/5000/75
	273		281			/font/5000/69
	280		288			/font/5000/73
	287		295			/font/5000/65
	294		302			/font/5000/72
	301		309			/font/5000/20
	308		316			/font/5000/64
	315		323			/font/5000/65
	322		330			/font/5000/73
	329		337			/font/5000/74
	336		344			/font/5000/72
	343		351			/font/5000/6f
	350		358			/font/5000/79
	357		365			/font/5000/65
	364		372			/font/5000/64
	371		379			/font/5000/2e
	378		386			/font/5000/20
	385		393			
	392		400			/font/5000/31
	399		407			/font/5000/20
	406		414			/font/5000/72
	413		421			/font/5000/65
	420		428			/font/5000/6d
	427		435			/font/5000/61
	434		442			/font/5000/69
	441		449			/font/5000/6e
	448		456			/font/5000/69
	455		463			/font/5000/6e
	462		470			/font/5000/67
	469		477			/font/5000/2e
	476		484			/font/5000/20
line	566	236	553	229	489048
				244	
	553	229			204020
draw	0	0	128	480	/pictures/501.png
	608		640		/pictures/512.png
tint	29	159	37	172	ff0000	/font/5001/30
	35		43			/font/5001/36
	41		49			/font/5001/34
	66		74		7fff7f	/font/5001/31
	72		80			/font/5001/32
	78		86			/font/5001/37
	102		110		ff7f00	/font/5001/30
	108		116			
	114		122			
line	614	399	614	359	00488f
		359	622		
	622			399	002850
		399	614		
rect	615	360	622	399	003870
line	614	456	614	400	007fff
		400	622		
	622			456	00488f
		456	614		
rect	615	401	622	456	0070e0
line	614	231	614	231	909048
			622		
	622				505028
			614		
	614	328		232	ffff7f
		232	622		
	622			328	909048
		328	614		
rect	615	233	622	328	e0e070
line	614	106	614	103	904848
		103	622		
	622			106	502828
		106	614		
rect	615	104	622	106	703838
line	614	200	614	107	ff7f7f
		107	622		
	622			200	904848
		200	614		
rect	615	108	622	200	e07070
	634	49	636	52	7fff7f
		53		56	60c060
		57		60	
		61		64	
		65		68	
		69		72	7fff7f
		73		76	60c060
		77		80	
		81		84	
		85		88	
		89		92	7fff7f
		93		96	60c060
		97		100	
		101		104	
		105		108	
		109		112	7fff7f
		113		116	60c060
		117		120	
		121		124	
		125		128	
		129		132	7fff7f
		133		136	60c060
		137		140	
		141		144	
		145		148	
		149		152	183018
		153		156	
		157		160	
		161		164	
		165		168	
		169		172	
		173		176	
		177		180	
		181		184	
		185		188	
		189		192	
		193		196	
		197		200	
		201		204	
		205		208	
		209		212	
		213		216	
		217		220	
		221		224	
		225		228	
		229		232	
		233		236	
		237		240	
		241		244	
		245		248	
		249		252	
		253		256	
		257		260	
		261		264	
		265		268	
		269		272	
		273		276	
		277		280	
		281		284	
		285		288	
		289		292	
		293		296	
		297		300	
		301		304	
		305		308	
		309		312	
		313		316	
		317		320	
		321		324	
		325		328	
		329		332	
		333		336	
		337		340	
		341		344	
		345		348	
		349		352	
		353		356	
		357		360	
		361		364	
		365		368	
		369		372	
		373		376	
		377		380	
		381		384	
		385		388	
		389		392	
		393		396	
		397		400	
		401		404	
		405		408	
		409		412	
		413		416	
		417		420	
		421		424	
		425		428	
		429		432	
		433		436	
		437		440	
		441		444	
		445		448	
	621	52	631	56	303000
		57		61	
		62		66	
		67		71	
		72		76	
		77		81	
		82		86	
	7	7	115	115	00ff00
	8	8	114	114	001000
	53	53	69	69	003000
point	43	77	00e000
	40	65	
	46	60	
	41	65	
	87	71	
	92	66	
	41	65	
	42		
	82	66	
	83	70	
	42	66	
	74	61	
	47	60	
	40	67	
	56	43	
	39	61	
	92	64	
	80	65	
	81	63	
	41	92	
	89	64	
	43	78	
	46	60	
	35	71	
	78	63	
	81	66	
	41	56	
	85	57	
	43	66	
	46	60	
		59	
	44	80	
	72	60	
	42	73	
	39	64	
	43	67	
	41	62	
	39	60	
	83		
	46		
	42	65	
	40	64	
		65	
	39	59	
	42	66	
	88	69	
	38	57	
	86	78	
	44	55	
	39	59	
rect	12	320	121	440	001000
line	12	330	119	330	009000
tint	15	320	23	333	00ff00	/font/5001/53
	21		29			/font/5001/50
	27		35			/font/5001/45
	33		41			/font/5001/43
	39		47			/font/5001/49
	45		53			/font/5001/41
	51		59			/font/5001/4c
	57		65			/font/5001/20
	63		71			/font/5001/4f
	69		77			/font/5001/52
	75		83			/font/5001/44
	81		89			/font/5001/45
	87		95			/font/5001/52
	93		101			/font/5001/53
line	12	343	12	332	009000
		332	120		
	120			343	005000
		343	12		
rect	13	333	120	343	007000
tint	15	332	23	345	00ff00	/font/5001/54
	21		29			/font/5001/72
	27		35			/font/5001/61
	33		41			/font/5001/6e
	39		47			/font/5001/73
	45		53			/font/5001/66
	51		59			/font/5001/65
	57		65			/font/5001/72
	63		71			/font/5001/20
	69		77			/font/5001/43
	75		83			/font/5001/6f
	81		89			/font/5001/6e
	87		95			/font/5001/74
	93		101			/font/5001/72
	99		107			/font/5001/6f
	105		113			/font/5001/6c
	15	344	23	357		/font/5001/48
	21		29			/font/5001/6f
	27		35			/font/5001/6c
	33		41			/font/5001/64
	39		47			/font/5001/20
	45		53			/font/5001/50
	51		59			/font/5001/6f
	57		65			/font/5001/73
	63		71			/font/5001/69
	69		77			/font/5001/74
	75		83			/font/5001/69
	81		89			/font/5001/6f
	87		95			/font/5001/6e
	15	356	23	369		/font/5001/47
	21		29			/font/5001/6f
	27		35			/font/5001/20
	33		41			/font/5001/54
	39		47			/font/5001/6f
	45		53			/font/5001/20
	51		59			/font/5001/4d
	57		65			/font/5001/79
	63		71			/font/5001/20
	69		77			/font/5001/50
	75		83			/font/5001/6f
	81		89			/font/5001/73
	87		95			/font/5001/69
	93		101			/font/5001/74
	99		107			/font/5001/69
	105		113			/font/5001/6f
	111		119			/font/5001/6e
	15	368	23	381		/font/5001/46
	21		29			/font/5001/69
	27		35			/font/5001/72
	33		41			/font/5001/65
	39		47			/font/5001/20
	45		53			/font/5001/57
	51		59			/font/5001/65
	57		65			/font/5001/61
	63		71			/font/5001/70
	69		77			/font/5001/6f
	75		83			/font/5001/6e
	81		89			/font/5001/20
	87		95			/font/5001/31
	15	380	23	393		/font/5001/46
	21		29			/font/5001/69
	27		35			/font/5001/72
	33		41			/font/5001/65
	39		47			/font/5001/20
	45		53			/font/5001/57
	51		59			/font/5001/65
	57		65			/font/5001/61
	63		71			/font/5001/70
	69		77			/font/5001/6f
	75		83			/font/5001/6e
	81		89			/font/5001/20
	87		95			/font/5001/32
	15	392	23	405		/font/5001/46
	21		29			/font/5001/69
	27		35			/font/5001/72
	33		41			/font/5001/65
	39		47			/font/5001/20
	45		53			/font/5001/53
	51		59			/font/5001/70
	57		65			/font/5001/65
	63		71			/font/5001/63
	69		77			/font/5001/69
	75		83			/font/5001/61
	81		89			/font/5001/6c
line	12	438	119	438	009000
rect	16	450	114	475	001010
line	17	461	17	450	00c0c0
		450	43		
	43			461	007070
		461	17		
rect	18	451	43	461	009090
tint	19	450	27	463	00ffff	/font/5001/52
	25		33			/font/5001/47
	31		39			/font/5001/48
	37		45			/font/5001/54
	43		51			/font/5001/20
	49		57			/font/5001/45
	55		63			/font/5001/78
	61		69			/font/5001/65
	67		75			/font/5001/63
	73		81			/font/5001/75
	79		87			/font/5001/74
	85		93			/font/5001/65
line	17	473	17	462	00c0c0
		462	43		
	43			473	007070
		473	17		
rect	18	463	43	473	009090
tint	19	462	27	475	00ffff	/font/5001/4c
	25		33			/font/5001/45
	31		39			/font/5001/46
	37		45			/font/5001/54
	43		51			/font/5001/20
	49		57			/font/5001/4d
	55		63			/font/5001/61
	61		69			/font/5001/69
	67		75			/font/5001/6e
	73		81			/font/5001/20
	79		87			/font/5001/4d
	85		93			/font/5001/65
	91		99			/font/5001/6e
	97		105			/font/5001/75
line	12	191	12	180	ffff00
		180	120		
	120			191	909000
		191	12		
rect	13	181	120	191	c0c000
tint	15	180	23	193	000000	/font/5001/43
	21		29			/font/5001/4f
	27		35			/font/5001/4e
	33		41			/font/5001/54
	39		47			/font/5001/52
	45		53			/font/5001/4f
	51		59			/font/5001/4c
	15	192	23	205	7fff7f	/font/5001/43
	21		29			/font/5001/41
	27		35			/font/5001/52
	33		41			
	39		47			/font/5001/49
	45		53			/font/5001/45
	51		59			/font/5001/52
draw	19	206	32	224	/sprites/525.SMIV/0
line	14	204	35	204	489048
			14	205	
	35		35		
	14	225		225	
			14	224	
	35		35		
rect	42	206	49	214	003870
		214		224	0060c0
line	40	204	50	204	00488f
			40	205	
	50		50		
	40	225		225	
			40	224	
	50		50		
rect	55	206	62	207	707000
		207		224	c0c000
line	53	204	63	204	909000
			53	205	
	63		63		
	53	225		225	
			53	224	
	63		63		
tint	69	204	77	217	7fff7f	/font/5001/43
	75		83			/font/5001/4d
	81		89			/font/5001/49
	87		95			/font/5001/53
	93		101			
	99		107			/font/5001/49
	105		113			/font/5001/4c
	111		119			/font/5001/45
	69	216	77	229		/font/5001/54
	75		83			/font/5001/57
	81		89			/font/5001/4e
	87		95			/font/5001/50
	93		101			
	99		107			/font/5001/55
	105		113			/font/5001/4c
	111		119			/font/5001/53
	69	192	77	205		/font/5001/4c
	75		83			/font/5001/41
	81		89			/font/5001/4e
	87		95			/font/5001/43
	93		101			/font/5001/48
	99		107			/font/5001/42
	105		113			/font/5001/41
	111		119			/font/5001/59
line	12	263	12	252	007fff
		252	120		
	120			263	00488f
		263	12		
rect	13	253	120	263	0060c0
tint	15	252	23	265	000000	/font/5001/54
	21		29			/font/5001/41
	27		35			/font/5001/52
	33		41			/font/5001/47
	39		47			/font/5001/45
	45		53			/font/5001/54
line	14	276	35	276	489048
			14	277	
	35		35		
	14	297		297	
			14	296	
	35		35		
