point	387	190	d0d0d0
	472	477	808080
	175	27	
	522	250	
	588	223	
	134	15	d0d0d0
	450	166	808080
	411	215	
	170	12	
	412	368	
	300	426	d0d0d0
	422	249	b0b0b0
	323	48	808080
	530	310	
	447	458	b0b0b0
	314	66	808080
	456		
	395	259	b0b0b0
	247	422	
	385	269	808080
	274	70	b0b0b0
	503	186	808080
	254	123	
	478	427	
	267	223	b0b0b0
	202	453	
	459	291	808080
	465	294	d0d0d0
	478	229	
	318	12	
	145	298	808080
	402	48	b0b0b0
	248	36	808080
	498	237	d0d0d0
	470	233	808080
	342	381	b0b0b0
	406	420	808080
	446	103	d0d0d0
	404	249	808080
	576	351	d0d0d0
	273	100	808080
	353	133	
	244	343	d0d0d0
	213	16	b0b0b0
	412	196	
	266	421	d0d0d0
	596	148	808080
	319	119	
	416	118	
	466	219	
	474	218	
	444	132	d0d0d0
	389	30	b0b0b0
	127	190	808080
	260	240	
	168	5	d0d0d0
	456	252	808080
	317	429	
	585	63	b0b0b0
	534	322	d0d0d0
	239	172	808080
	581	401	
	424	157	d0d0d0
	133	150	
	468	240	
	189	201	b0b0b0
	191	237	808080
	147	157	
	145	41	
	464	317	b0b0b0
	474	53	
	173	292	d0d0d0
	294	131	808080
	253	187	d0d0d0
	520	392	
	450	412	808080
	265	158	
	381	186	
	292	199	b0b0b0
	512	339	808080
	265	356	b0b0b0
	149	63	
	456	115	
	154	34	
	390	406	808080
	520	299	
	470	457	
	262	426	
	407	389	b0b0b0
	148	305	
	307	9	d0d0d0
	529	130	808080
	544	325	b0b0b0
	467	122	808080
	400	313	d0d0d0
	416	472	b0b0b0
	483	323	808080
	553	341	
	491	31	
	321	182	
	469	418	b0b0b0
	226	172	
	302	176	808080
	254	297	d0d0d0
	184	21	808080
	384	13	
	514	98	
	366	107	
	197	262	b0b0b0
	276	254	808080
	345	235	d0d0d0
	299	472	
	184	438	808080
	345	67	b0b0b0
	402	390	808080
	416	370	
	442	459	b0b0b0
	285	168	808080
	435	23	d0d0d0
	549	437	808080
	329	348	
	479	24	
	307	215	
	595	440	
	414	144	b0b0b0
	570	623	303000
	514	423	
	208	216	404000
	618	343	
	263	436	606000
	517	265	
	318	258	808000
	480	182	
	448	395	a0a000
	428	412	
	454	292	c0c000
	321	378	
line	135	0	135	480	000050
	128	22	608	22	
static	344	194	392	286	ffffff	6	/sprites/525.SMIV/12
draw	283	359	299	375	/sprites/507.SMIV/3
	284	362	300	377	/sprites/507.SMIV/6
	279	357	295	370	/sprites/507.SMIV/1
	282	356	294	368	/sprites/507.SMIV/7
	283	354	299	369	/sprites/507.SMIV/6
	279	357	295	373	/sprites/507.SMIV/5
	286	360	302	374	/sprites/507.SMIV/4
	283	358	299		/sprites/507.SMIV/2
	189	138	225	171	/sprites/550.SMIV/8
	285	356	301	369	/sprites/507.SMIV/1
	289	362		374	/sprites/507.SMIV/7
	279	352	295	368	/sprites/507.SMIV/2
	282	354	298		/sprites/507.SMIV/15
		356		370	/sprites/507.SMIV/13
	287	359	303	373	/sprites/507.SMIV/14
	280	362	296	376	/sprites/507.SMIV/15
	282	359	294	373	/sprites/507.SMIV/12
	287	361	299	375	
	286	360	302	374	/sprites/507.SMIV/13
	285	362	301	376	/sprites/507.SMIV/9
	281	354	297	368	/sprites/507.SMIV/15
		353		367	
	283	362	299	376	/sprites/507.SMIV/13
	285	363	297	377	/sprites/507.SMIV/16
	279	355	295	369	/sprites/507.SMIV/15
	283	353		367	/sprites/507.SMIV/11
	285	356	297	370	/sprites/507.SMIV/16
	283	358	295	372	/sprites/507.SMIV/20
					
	284	356	296		/sprites/507.SMIV/19
					
	285		301		/sprites/507.SMIV/18
	282	358	298	371	/sprites/507.SMIV/21
	283		295	372	/sprites/507.SMIV/20
	284	356	296		/sprites/507.SMIV/19
	285		301		/sprites/507.SMIV/18
	283	358	295		/sprites/507.SMIV/20
	212	147	232	158	/sprites/645.SMIV/8
	209	251	229	266	/sprites/541.SMIV/26
	276	358	300	379	/sprites/517.SMIV/0
	250	260	286	293	/sprites/541.SMIV/11
	274	355	294	374	/sprites/517.SMIV/1
	278	359	298	378	
	275	358	299	379	/sprites/517.SMIV/0
	277	354	301	375	
	278	353	298	372	/sprites/517.SMIV/1
		360	302	381	/sprites/517.SMIV/0
	283		307		
	278	356	298	375	/sprites/517.SMIV/1
	264	337	324	402	/sprites/504.SMIV/0
	328	293	348	307	/sprites/541.SMIV/1
dither	200	50	346	67	300018
tint	204	54	212	66	000000	/font/5000/57
	211		219			/font/5000/41
	218		226			/font/5000/52
	225		233			/font/5000/4e
	232		240			/font/5000/49
	239		247			/font/5000/4e
	246		254			/font/5000/47
	253		261			/font/5000/3a
	260		268			/font/5000/20
	267		275			/font/5000/53
	274		282			/font/5000/68
	281		289			/font/5000/69
	288		296			/font/5000/65
	295		303			/font/5000/6c
	302		310			/font/5000/64
	309		317			/font/5000/73
	316		324			/font/5000/20
	323		331			/font/5000/4c
	330		338			/font/5000/6f
	337		345			/font/5000/77
	203	53	211	65	ff007f	/font/5000/57
	210		218			/font/5000/41
	217		225			/font/5000/52
	224		232			/font/5000/4e
	231		239			/font/5000/49
	238		246			/font/5000/4e
	245		253			/font/5000/47
	252		260			/font/5000/3a
	259		267			/font/5000/20
	266		274			/font/5000/53
	273		281			/font/5000/68
	280		288			/font/5000/69
	287		295			/font/5000/65
	294		302			/font/5000/6c
	301		309			/font/5000/64
	308		316			/font/5000/73
	315		323			/font/5000/20
	322		330			/font/5000/4c
	329		337			/font/5000/6f
	336		344			/font/5000/77
line	351	439	360	426	489048
			345	425	
	360	426			204020
draw	0	0	128	480	/pictures/501.png
	608		640		/pictures/512.png
tint	29	159	37	172	ff0000	/font/5001/30
	35		43			
	41		49			
	66		74		7fff7f	
	72		80			/font/5001/39
	78		86			/font/5001/37
	102		110		ff7f00	/font/5001/30
	108		116			
	114		122			
line	614	451	614	359	00488f
		359	622		
	622			451	002850
		451	614		
rect	615	360	622	451	003870
line	614	456	614	452	007fff
		452	622		
	622			456	00488f
		456	614		
rect	615	453	622	456	0070e0
line	614	240	614	231	909048
		231	622		
	622			240	505028
		240	614		
rect	615	232	622	240	707038
line	614	328	614	241	ffff7f
		241	622		
	622			328	909048
		328	614		
rect	615	242	622	328	e0e070
line	614	108	614	103	904848
		103	622		
	622			108	502828
		108	614		
rect	615	104	622	108	703838
line	614	200	614	109	ff7f7f
		109	622		
	622			200	904848
		200	614		
rect	615	110	622	200	e07070
	634	49	636	52	7fff7f
		53		56	60c060
		57		60	
		61		64	
		65		68	
		69		72	7fff7f
		73		76	60c060
		77		80	
		81		84	
		85		88	
		89		92	7fff7f
		93		96	60c060
		97		100	
		101		104	
		105		108	
		109		112	7fff7f
		113		116	60c060
		117		120	
		121		124	
		125		128	
		129		132	7fff7f
		133		136	60c060
		137		140	
		141		144	
		145		148	
		149		152	183018
		153		156	
		157		160	
		161		164	
		165		168	
		169		172	
		173		176	
		177		180	
		181		184	
		185		188	
		189		192	
		193		196	
		197		200	
		201		204	
		205		208	
		209		212	
		213		216	
		217		220	
		221		224	
		225		228	
		229		232	
		233		236	
		237		240	
		241		244	
		245		248	
		249		252	
		253		256	
		257		260	
		261		264	
		265		268	
		269		272	
		273		276	
		277		280	
		281		284	
		285		288	
		289		292	
		293		296	
		297		300	
		301		304	
		305		308	
		309		312	
		313		316	
		317		320	
		321		324	
		325		328	
		329		332	
		333		336	
		337		340	
		341		344	
		345		348	
		349		352	
		353		356	
		357		360	
		361		364	
		365		368	
		369		372	
		373		376	
		377		380	
		381		384	
		385		388	
		389		392	
		393		396	
		397		400	
		401		404	
		405		408	
		409		412	
		413		416	
		417		420	
		421		424	
		425		428	
		429		432	
		433		436	
		437		440	
		441		444	
		445		448	
	621	52	631	56	303000
		57		61	
		62		66	
		67		71	
		72		76	
		77		81	
		82		86	
	7	7	115	115	00ff00
	8	8	114	114	001000
	57	57	65	65	003000
point	58	61	00e000
	60	63	
		61	
	58	60	
	60	63	
	58	60	
	61	61	
	60		
		63	
			
			
			
			
			
			
			
			
			
			
			
			
	58	60	
	86	74	
	60	63	
			
			
			
			
			
			
			
			
			
			
			
			
			
			
			
			
			
			
			
			
			
			
			
			
			
			
rect	12	320	121	440	001000
line	12	330	119	330	009000
tint	15	320	23	333	00ff00	/font/5001/53
	21		29			/font/5001/50
	27		35			/font/5001/45
	33		41			/font/5001/43
	39		47			/font/5001/49
	45		53			/font/5001/41
	51		59			/font/5001/4c
	57		65			/font/5001/20
	63		71			/font/5001/4f
	69		77			/font/5001/52
	75		83			/font/5001/44
	81		89			/font/5001/45
	87		95			/font/5001/52
	93		101			/font/5001/53
line	12	343	12	332	009000
		332	120		
	120			343	005000
		343	12		
rect	13	333	120	343	007000
tint	15	332	23	345	00ff00	/font/5001/54
	21		29			/font/5001/72
	27		35			/font/5001/61
	33		41			/font/5001/6e
	39		47			/font/5001/73
	45		53			/font/5001/66
	51		59			/font/5001/65
	57		65			/font/5001/72
	63		71			/font/5001/20
	69		77			/font/5001/43
	75		83			/font/5001/6f
	81		89			/font/5001/6e
	87		95			/font/5001/74
	93		101			/font/5001/72
	99		107			/font/5001/6f
	105		113			/font/5001/6c
	15	344	23	357		/font/5001/48
	21		29			/font/5001/6f
	27		35			/font/5001/6c
	33		41			/font/5001/64
	39		47			/font/5001/20
	45		53			/font/5001/50
	51		59			/font/5001/6f
	57		65			/font/5001/73
	63		71			/font/5001/69
	69		77			/font/5001/74
	75		83			/font/5001/69
	81		89			/font/5001/6f
	87		95			/font/5001/6e
	15	356	23	369		/font/5001/47
	21		29			/font/5001/6f
	27		35			/font/5001/20
	33		41			/font/5001/54
	39		47			/font/5001/6f
	45		53			/font/5001/20
	51		59			/font/5001/4d
	57		65			/font/5001/79
	63		71			/font/5001/20
	69		77			/font/5001/50
	75		83			/font/5001/6f
	81		89			/font/5001/73
	87		95			/font/5001/69
	93		101			/font/5001/74
	99		107			/font/5001/69
	105		113			/font/5001/6f
	111		119			/font/5001/6e
	15	368	23	381		/font/5001/46
	21		29			/font/5001/69
	27		35			/font/5001/72
	33		41			/font/5001/65
	39		47			/font/5001/20
	45		53			/font/5001/57
	51		59			/font/5001/65
	57		65			/font/5001/61
	63		71			/font/5001/70
	69		77			/font/5001/6f
	75		83			/font/5001/6e
	81		89			/font/5001/20
	87		95			/font/5001/31
	15	380	23	393		/font/5001/46
	21		29			/font/5001/69
	27		35			/font/5001/72
	33		41			/font/5001/65
	39		47			/font/5001/20
	45		53			/font/5001/57
	51		59			/font/5001/65
	57		65			/font/5001/61
	63		71			/font/5001/70
	69		77			/font/5001/6f
	75		83			/font/5001/6e
	81		89			/font/5001/20
	87		95			/font/5001/32
	15	392	23	405		/font/5001/46
	21		29			/font/5001/69
	27		35			/font/5001/72
	33		41			/font/5001/65
	39		47			/font/5001/20
	45		53			/font/5001/53
	51		59			/font/5001/70
	57		65			/font/5001/65
	63		71			/font/5001/63
	69		77			/font/5001/69
	75		83			/font/5001/61
	81		89			/font/5001/6c
line	12	438	119	438	009000
rect	16	450	114	475	001010
line	17	461	17	450	00c0c0
		450	43		
	43			461	007070
		461	17		
rect	18	451	43	461	009090
tint	19	450	27	463	00ffff	/font/5001/52
	25		33			/font/5001/47
	31		39			/font/5001/48
	37		45			/font/5001/54
	43		51			/font/5001/20
	49		57			/font/5001/45
	55		63			/font/5001/78
	61		69			/font/5001/65
	67		75			/font/5001/63
	73		81			/font/5001/75
	79		87			/font/5001/74
	85		93			/font/5001/65
line	17	473	17	462	00c0c0
		462	43		
	43			473	007070
		473	17		
rect	18	463	43	473	009090
tint	19	462	27	475	00ffff	/font/5001/4c
	25		33			/font/5001/45
	31		39			/font/5001/46
	37		45			/font/5001/54
	43		51			/font/5001/20
	49		57			/font/5001/4d
	55		63			/font/5001/61
	61		69			/font/5001/69
	67		75			/font/5001/6e
	73		81			/font/5001/20
	79		87			/font/5001/4d
	85		93			/font/5001/65
	91		99			/font/5001/6e
	97		105			/font/5001/75
line	12	191	12	180	ffff00
		180	120		
	120			191	909000
		191	12		
rect	13	181	120	191	c0c000
tint	15	180	23	193	000000	/font/5001/43
	21		29			/font/5001/4f
	27		35			/font/5001/4e
	33		41			/font/5001/54
	39		47			/font/5001/52
	45		53			/font/5001/4f
	51		59			/font/5001/4c
	15	192	23	205	7fff7f	/font/5001/43
	21		29			/font/5001/41
	27		35			/font/5001/52
	33		41			
	39		47			/font/5001/49
	45		53			/font/5001/45
	51		59			/font/5001/52
draw	19	206	32	224	/sprites/525.SMIV/0
line	14	204	35	204	489048
			14	205	
	35		35		
	14	225		225	
			14	224	
	35		35		
rect	42	206	49	223	003870
		223		224	0060c0
line	40	204	50	204	00488f
			40	205	
	50		50		
	40	225		225	
			40	224	
	50		50		
rect	55	206	62	208	707000
		208		224	c0c000
line	53	204	63	204	909000
			53	205	
	63		63		
	53	225		225	
			53	224	
	63		63		
tint	69	204	77	217	7fff7f	/font/5001/43
	75		83			/font/5001/4d
	81		89			/font/5001/49
	87		95			/font/5001/53
	93		101			
	99		107			/font/5001/49
	105		113			/font/5001/4c
	111		119			/font/5001/45
	69	216	77	229		/font/5001/54
	75		83			/font/5001/57
	81		89			/font/5001/4e
	87		95			/font/5001/50
	93		101			
	99		107			/font/5001/55
	105		113			/font/5001/4c
	111		119			/font/5001/53
	69	192	77	205		/font/5001/4c
	75		83			/font/5001/41
	81		89			/font/5001/4e
	87		95			/font/5001/43
	93		101			/font/5001/48
	99		107			/font/5001/42
	105		113			/font/5001/41
	111		119			/font/5001/59
line	12	263	12	252	007fff
		252	120		
	120			263	00488f
		263	12		
rect	13	253	120	263	0060c0
tint	15	252	23	265	000000	/font/5001/54
	21		29			/font/5001/41
	27		35			/font/5001/52
	33		41			/font/5001/47
	39		47			/font/5001/45
	45		53			/font/5001/54
line	14	276	35	276	489048
			14	277	
	35		35		
	14	297		297	
			14	296	
	35		35		
