rect	0	0	640	480	000000
	431	430	444	433	489048
	589		602		
	444		589	432	
	431	433	445	434	387038
	444	432	589	433	
	588	433	602	434	
	601	431		433	
	431	430	432		58b058
			602	431	
		448	444	451	489048
	589		602		
	444	449	589		
	431	447	432		58b058
			445	448	
	444	448	589	449	
	588	447	602	448	
	432	450		451	387038
	601	447			
	431	435	445	446	50a050
			432		60c060
			444	436	
	444		445	446	408040
	432	445			
	588	435	602		50a050
			589		60c060
			601	436	
	601		602	446	408040
	589	445			
	446	435	509		60c060
			447		70e070
			508	436	
	508		509	446	50a050
	447	445			
	510	435	587		387038
tint	462	435	470	447	081008	/fonts/button/52
	470		477			/fonts/button/54
	477		485			/fonts/button/52
	485		493			/fonts/button/4e
	533		541		70e070	/fonts/button/44
	541		549			/fonts/button/6f
	549		556			/fonts/button/6e
	556		564			/fonts/button/65
rect	39	430	52	433	202020
	197		210		
	52		197	432	
	39	433	53	434	080808
	52	432	197	433	
	196	433	210	434	
	209	431		433	
	39	430	40		404040
			210	431	
		448	52	451	202020
	197		210		
	52	449	197		
	39	447	40		404040
			53	448	
	52	448	197	449	
	196	447	210	448	
	40	450		451	080808
	209	447			
	39	435	53	446	202020
			40		404040
			52	436	
	52		53	446	080808
	40	445			
	196	435	210		202020
			197		404040
			209	436	
	209		210	446	080808
	197	445			
	54	435	117		202020
			55		404040
			116	436	
	116		117	446	080808
	55	445			
	118	435	195		606060
tint	73	435	79	447	202020	/fonts/button/4c
	79		85			/fonts/button/45
	85		91			/fonts/button/46
	91		98			/fonts/button/54
	131		138		101010	/fonts/button/50
	138		142			/fonts/button/72
	142		150			/fonts/button/65
	150		157			/fonts/button/76
	157		160			/fonts/button/69
	160		168			/fonts/button/6f
	168		175			/fonts/button/75
	175		181			/fonts/button/73
rect	219	430	232	433	808080
	377		390		
	232		377	432	
	219	433	233	434	606060
	232	432	377	433	
	376	433	390	434	
	389	431		433	
	219	430	220		a0a0a0
			390	431	
		448	232	451	808080
	377		390		
	232	449	377		
	219	447	220		a0a0a0
			233	448	
	232	448	377	449	
	376	447	390	448	
	220	450		451	606060
	389	447			
	219	435	233	446	909090
			220		b0b0b0
			232	436	
	232		233	446	707070
	220	445			
	376	435	390		909090
			377		b0b0b0
			389	436	
	389		390	446	707070
	377	445			
	234	435	297		b0b0b0
			235		d0d0d0
			296	436	
	296		297	446	909090
	235	445			
	298	435	375		606060
tint	249	435	257	447	080808	/fonts/button/52
	257		266			/fonts/button/47
	266		274			/fonts/button/48
	274		281			/fonts/button/54
	323		331		d0d0d0	/fonts/button/4e
	331		339			/fonts/button/65
	339		346			/fonts/button/78
	346		350			/fonts/button/74
draw	2	0	35	476	/pictures/504.png
	35		607	28	/pictures/505.png
	607		642	476	/pictures/506.png
	35	456	607		/pictures/507.png
rect	39	31	52	34	787561
	590		603		
	52		590	33	
	39	34	53	35	5a5849
	52	33	590	34	
	589	34	603	35	
	602	32		34	
	39	31	40		96927a
			603	32	
		422	52	425	787561
	590		603		
	52	423	590		
	39	421	40		96927a
			53	422	
	52	422	590	423	
	589	421	603	422	
	40	424		425	5a5849
	602	421			
	54	36	152	48	3c3a30
tint	55	36	66	48	c3be9f	/fonts/button/4d
	66		69			/fonts/button/69
	69		75			/fonts/button/73
	75		81			
	81		84			/fonts/button/69
	84		92			/fonts/button/6f
	92		99			/fonts/button/6e
	99		102			/fonts/button/20
	102		111			/fonts/button/41
	111		118			/fonts/button/6e
	118		126			/fonts/button/61
	126		129			/fonts/button/6c
	129		136			/fonts/button/79
	136		142			/fonts/button/73
	142		145			/fonts/button/69
	145		151			/fonts/button/73
rect	39	36	53	49	96927a
			40		b4b092
			52	37	
	52		53	49	787561
	40	48			
	154	36	587		96927a
			155		b4b092
			586	37	
	586		587	49	787561
	155	48			
	589	36	603		96927a
			590		b4b092
			602	37	
	602		603	49	787561
	590	48			
	39	50	53	57	
	589		603		
	52	51	590	56	
	39	50	40	57	96927a
			53	51	
	52	51	590	52	
	589	50	602	51	
	40	56	53	57	5a5849
	52	55	590	56	
	589	56	603	57	
	602	50			
	39	58	53	238	
			40		787561
			52	59	
	52		53	238	3c3a30
	40	237			
	39	240		420	
			40		5a5849
			52	241	
	52		53	420	1e1d18
	40	419			
	589	58	603	238	5a5849
			590		787561
			602	59	
	602		603	238	3c3a30
	590	237			
	589	240		420	
			590		5a5849
			602	241	
	602		603	420	1e1d18
	590	419			
crop	54	58	587	419	0	2	/pictures/8000.png
line	279	99	310	99	ffff7f
			279	100	
	310		310		
	279	122		122	
			279	121	
	310		310		
	295	58	295	99	
		123		419	
	54	111	279	111	
	310		587		
