rect	0	0	640	480	000000
	192	253	205	256	909048
	430		443		
	205		430	255	
	192	256	206	257	707038
	205	255	430	256	
	429	256	443	257	
	442	254		256	
	192	253	193		b0b058
			443	254	
		271	205	274	909048
	430		443		
	205	272	430		
	192	270	193		b0b058
			206	271	
	205	271	430	272	
	429	270	443	271	
	193	273		274	707038
	442	270			
	192	258	206	269	a0a050
			193		c0c060
			205	259	
	205		206	269	808040
	193	268			
	429	258	443		a0a050
			430		c0c060
			442	259	
	442		443	269	808040
	430	268			
	207	258	270		c0c060
			208		e0e070
			269	259	
	269		270	269	a0a050
	208	268			
	271	258	428		707038
tint	235	258	251	271	101008	/font/5002/53
	302		318		e0e070	
	309		325			/font/5002/74
	313		329			/font/5002/61
	321		337			/font/5002/72
	325		341			/font/5002/74
	329		345			/font/5002/20
	332		348			/font/5002/4e
	340		356			/font/5002/65
	348		364			/font/5002/77
	357		373			/font/5002/20
	360		376			/font/5002/47
	369		385			/font/5002/61
	377		393			/font/5002/6d
	388		404			/font/5002/65
rect	192	279	205	282	003000
	430		443		
	205		430	281	
	192	282	206	283	001000
	205	281	430	282	
	429	282	443	283	
	442	280		282	
	192	279	193		005000
			443	280	
		297	205	300	003000
	430		443		
	205	298	430		
	192	296	193		005000
			206	297	
	205	297	430	298	
	429	296	443	297	
	193	299		300	001000
	442	296			
	192	284	206	295	003000
			193		005000
			205	285	
	205		206	295	001000
	193	294			
	429	284	443		003000
			430		005000
			442	285	
	442		443	295	001000
	430	294			
	207	284	270		003000
			208		005000
			269	285	
	269		270	295	001000
	208	294			
	271	284	428		007000
tint	234	284	250	297	003000	/font/5002/4e
	291		307		002000	/font/5002/53
	298		314			/font/5002/74
	302		318			/font/5002/61
	310		326			/font/5002/72
	314		330			/font/5002/74
	318		334			/font/5002/20
	321		337			/font/5002/4e
	329		345			/font/5002/65
	337		353			/font/5002/74
	341		357			/font/5002/77
	350		366			/font/5002/6f
	358		374			/font/5002/72
	362		378			/font/5002/6b
	368		384			/font/5002/20
	371		387			/font/5002/47
	380		396			/font/5002/61
	388		404			/font/5002/6d
	399		415			/font/5002/65
rect	192	368	205	371	489048
	430		443		
	205		430	370	
	192	371	206	372	387038
	205	370	430	371	
	429	371	443	372	
	442	369		371	
	192	368	193		58b058
			443	369	
		386	205	389	489048
	430		443		
	205	387	430		
	192	385	193		58b058
			206	386	
	205	386	430	387	
	429	385	443	386	
	193	388		389	387038
	442	385			
	192	373	206	384	60c060
			193		70e070
			205	374	
	205		206	384	50a050
	193	383			
	429	373	443		60c060
			430		70e070
			442	374	
	442		443	384	50a050
	430	383			
	207	373	270		60c060
			208		70e070
			269	374	
	269		270	384	50a050
	208	383			
	271	373	428		60c060
tint	234	373	250	386	081008	/font/5002/4f
	327		343			
	336		352			/font/5002/70
	344		360			/font/5002/74
	348		364			/font/5002/69
	351		367			/font/5002/6f
	359		375			/font/5002/6e
	366		382			/font/5002/73
rect	192	428	205	431	904848
	430		443		
	205		430	430	
	192	431	206	432	703838
	205	430	430	431	
	429	431	443	432	
	442	429		431	
	192	428	193		b05858
			443	429	
		446	205	449	904848
	430		443		
	205	447	430		
	192	445	193		b05858
			206	446	
	205	446	430	447	
	429	445	443	446	
	193	448		449	703838
	442	445			
	192	433	206	444	a05050
			193		c06060
			205	434	
	205		206	444	804040
	193	443			
	429	433	443		a05050
			430		c06060
			442	434	
	442		443	444	804040
	430	443			
	207	433	270		c06060
			208		e07070
			269	434	
	269		270	444	a05050
	208	443			
	271	433	428		703838
tint	234	433	250	446	100808	/font/5002/51
	338		354		e07070	
	347		363			/font/5002/75
	354		370			/font/5002/69
	357		373			/font/5002/74
rect	192	394	205	397	96927a
	430		443		
	205		430	396	
	192	397	206	398	787561
	205	396	430	397	
	429	397	443	398	
	442	395		397	
	192	394	193		b4b092
			443	395	
		412	205	415	96927a
	430		443		
	205	413	430		
	192	411	193		b4b092
			206	412	
	205	412	430	413	
	429	411	443	412	
	193	414		415	787561
	442	411			
	192	399	206	410	a5a186
			193		c3be9f
			205	400	
	205		206	410	87846e
	193	409			
	429	399	443		a5a186
			430		c3be9f
			442	400	
	442		443	410	87846e
	430	409			
	207	399	270		c3be9f
			208		e1dcb7
			269	400	
	269		270	410	a5a186
	208	409			
	271	399	428		787561
tint	234	399	250	412	1e1d18	/font/5002/41
	316		332		e1dcb7	
	325		341			/font/5002/62
	333		349			/font/5002/6f
	341		357			/font/5002/75
	348		364			/font/5002/74
	352		368			/font/5002/20
	355		371			/font/5002/41
	364		380			/font/5002/72
	368		384			/font/5002/65
	376		392			/font/5002/73
rect	192	331	205	334	96927a
	430		443		
	205		430	333	
	192	334	206	335	787561
	205	333	430	334	
	429	334	443	335	
	442	332		334	
	192	331	193		b4b092
			443	332	
		349	205	352	96927a
	430		443		
	205	350	430		
	192	348	193		b4b092
			206	349	
	205	349	430	350	
	429	348	443	349	
	193	351		352	787561
	442	348			
	192	336	206	347	a5a186
			193		c3be9f
			205	337	
	205		206	347	87846e
	193	346			
	429	336	443		a5a186
			430		c3be9f
			442	337	
	442		443	347	87846e
	430	346			
	207	336	270		c3be9f
			208		e1dcb7
			269	337	
	269		270	347	a5a186
	208	346			
	271	336	428		787561
tint	234	336	250	349	1e1d18	/font/5002/44
	332		348		e1dcb7	
	340		356			/font/5002/65
	348		364			/font/5002/6d
	359		375			/font/5002/6f
rect	192	305	205	308	808080
	430		443		
	205		430	307	
	192	308	206	309	606060
	205	307	430	308	
	429	308	443	309	
	442	306		308	
	192	305	193		a0a0a0
			443	306	
		323	205	326	808080
	430		443		
	205	324	430		
	192	322	193		a0a0a0
			206	323	
	205	323	430	324	
	429	322	443	323	
	193	325		326	606060
	442	322			
	192	310	206	321	909090
			193		b0b0b0
			205	311	
	205		206	321	707070
	193	320			
	429	310	443		909090
			430		b0b0b0
			442	311	
	442		443	321	707070
	430	320			
	207	310	270		b0b0b0
			208		d0d0d0
			269	311	
	269		270	321	909090
	208	320			
	271	310	428		606060
tint	234	310	250	323	080808	/font/5002/52
	314		330		d0d0d0	
	322		338			/font/5002/65
	330		346			/font/5002/70
	338		354			/font/5002/6c
	341		357			/font/5002/61
	349		365			/font/5002/79
	356		372			/font/5002/20
	359		375			/font/5002/49
	362		378			/font/5002/6e
	369		385			/font/5002/74
	373		389			/font/5002/72
	377		393			/font/5002/6f
draw	0	245	178	456	/pict/508
		0	640	245	/pict/509
	460	245		456	/pict/511
	0	456		480	/pict/510
