rect	0	0	640	480	000000
	41	422	44	425	909000
	129		132		
	44		129	424	
	41	425	45	426	707000
	44	424	129	425	
	128	425	132	426	
	131	423		425	
	41	422	42		b0b000
			132	423	
		440	44	443	909000
	129		132		
	44	441	129		
	41	439	42		b0b000
			45	440	
	44	440	129	441	
	128	439	132	440	
	42	442		443	707000
	131	439			
	41	427	45	438	a0a000
			42		c0c000
			44	428	
	44		45	438	808000
	42	437			
	128	427	132		a0a000
			129		c0c000
			131	428	
	131		132	438	808000
	129	437			
	46	427	127		707000
tint	65	427	81	440	e0e000	/font/5005/43
	72		88			/font/5005/61
	79		95			/font/5005/6e
	86		102			/font/5005/63
	93		109			/font/5005/65
	100		116			/font/5005/6c
rect	511	422	514	425	009000
	599		602		
	514		599	424	
	511	425	515	426	007000
	514	424	599	425	
	598	425	602	426	
	601	423		425	
	511	422	512		00b000
			602	423	
		440	514	443	009000
	599		602		
	514	441	599		
	511	439	512		00b000
			515	440	
	514	440	599	441	
	598	439	602	440	
	512	442		443	007000
	601	439			
	511	427	515	438	00a000
			512		00c000
			514	428	
	514		515	438	008000
	512	437			
	598	427	602		00a000
			599		00c000
			601	428	
	601		602	438	008000
	599	437			
	516	427	597		007000
tint	542	427	558	440	00e000	/font/5005/44
	549		565			/font/5005/6f
	556		572			/font/5005/6e
	563		579			/font/5005/65
rect	402	422	405	425	009000
	490		493		
	405		490	424	
	402	425	406	426	007000
	405	424	490	425	
	489	425	493	426	
	492	423		425	
	402	422	403		00b000
			493	423	
		440	405	443	009000
	490		493		
	405	441	490		
	402	439	403		00b000
			406	440	
	405	440	490	441	
	489	439	493	440	
	403	442		443	007000
	492	439			
	402	427	406	438	00a000
			403		00c000
			405	428	
	405		406	438	008000
	403	437			
	489	427	493		00a000
			490		00c000
			492	428	
	492		493	438	008000
	490	437			
	407	427	488		007000
tint	423	427	439	440	00e000	/font/5005/4f
	430		446			/font/5005/70
	437		453			/font/5005/74
	444		460			/font/5005/69
	451		467			/font/5005/6f
	458		474			/font/5005/6e
	465		481			/font/5005/73
rect	63	37	76	40	009090
	120		133		
	76		120	39	
	63	40	77	41	007070
	76	39	120	40	
	119	40	133	41	
	132	38		40	
	63	37	64		00b0b0
			133	38	
		42	77	53	007070
			64		009090
			76	43	
	76		77	53	005050
	64	52			
	119	42	133		007070
			120		009090
			132	43	
	132		133	53	005050
	120	52			
	63	53	77	56	000000
	119		133		
	60	56	136	59	009090
		55		56	00b0b0
		59		60	007070
	78	42	118	53	005050
tint	85	42	101	55	00c0c0	/font/5002/53
	92		108			/font/5002/68
	99		115			/font/5002/69
	102		118			/font/5002/70
rect	139	37	152	40	009090
	229		242		
	152		229	39	
	139	40	153	41	007070
	152	39	229	40	
	228	40	242	41	
	241	38		40	
	139	37	140		00b0b0
			242	38	
		42	153	53	007070
			140		009090
			152	43	
	152		153	53	005050
	140	52			
	228	42	242		007070
			229		009090
			241	43	
	241		242	53	005050
	229	52			
	139	53	153	56	000000
	228		242		
	136	56	245	59	009090
		55		56	00b0b0
		59		60	007070
	154	42	227	53	005050
tint	160	42	176	55	00c0c0	/font/5002/43
	168		184			/font/5002/6f
	176		192			/font/5002/6d
	187		203			
	198		214			/font/5002/61
	206		222			/font/5002/6e
	213		229			/font/5002/64
rect	248	37	261	40	009090
	338		351		
	261		338	39	
	248	40	262	41	007070
	261	39	338	40	
	337	40	351	41	
	350	38		40	
	248	37	249		00b0b0
			351	38	
		42	262	60	009090
	337		351		
	248		261	43	00b0b0
			249	55	
	245	55		56	
	337	42	350	43	
	351	55	354	56	
	337	42	338	59	
	245	59	262	60	007070
	261	42			
	350		351	56	
	337	59	354	60	
	245	56	261	59	009090
	338		354		
	262	55	337	60	000000
	263	42	336	53	009090
tint	272	42	288	55	00ffff	/font/5002/53
	279		295			/font/5002/68
	286		302			/font/5002/6f
	294		310			/font/5002/72
	298		314			/font/5002/74
	302		318			/font/5002/63
	310		326			/font/5002/75
	317		333			/font/5002/74
	321		337			/font/5002/73
rect	357	37	370	40	009090
	447		460		
	370		447	39	
	357	40	371	41	007070
	370	39	447	40	
	446	40	460	41	
	459	38		40	
	357	37	358		00b0b0
			460	38	
		42	371	53	00c0c0
			358		00e0e0
			370	43	
	370		371	53	00a0a0
	358	52			
	446	42	460		00c0c0
			447		00e0e0
			459	43	
	459		460	53	00a0a0
	447	52			
	357	53	371	56	000000
	446		460		
	354	56	463	59	009090
		55		56	00b0b0
		59		60	007070
	372	42	445	53	00c0c0
tint	393	42	409	55	001010	/font/5002/55
	400		416			/font/5002/74
	404		420			/font/5002/69
	407		423			/font/5002/6c
	410		426			/font/5002/69
	413		429			/font/5002/74
	417		433			/font/5002/79
rect	466	37	479	40	009090
	552		565		
	479		552	39	
	466	40	480	41	007070
	479	39	552	40	
	551	40	565	41	
	564	38		40	
	466	37	467		00b0b0
			565	38	
		42	480	53	007070
			467		009090
			479	43	
	479		480	53	005050
	467	52			
	551	42	565		007070
			552		009090
			564	43	
	564		565	53	005050
	552	52			
	466	53	480	56	000000
	551		565		
	463	56	568	59	009090
		55		56	00b0b0
		59		60	007070
	481	42	550	53	005050
tint	489	42	505	55	00c0c0	/font/5002/48
	497		513			/font/5002/6f
	505		521			/font/5002/74
	509		525			/font/5002/20
	512		528			/font/5002/4b
	520		536			/font/5002/65
	528		544			/font/5002/79
	535		551			/font/5002/73
rect	41	55	54	60	009090
	586		599		
	54		60	59	
	568		586		
	41	60	55	61	007070
	54	59	60	60	
	568		587		
	586	60	600	61	
	599	55		60	
	41		42		00b0b0
			60	56	
	568		600		
	41	299	54	302	007070
	587		600		
	54	300	587		
	41	298	42		009090
			55	299	
	54	299	587	300	
	586	298	600	299	
	42	301		302	005050
	599	298			
	41	62	55	179	
			42		007070
			54	63	
	54		55	179	003030
	42	178			
	41	180		297	
			42		005050
			54	181	
	54		55	297	001010
	42	296			
	586	62	600	179	005050
			587		007070
			599	63	
	599		600	179	003030
	587	178			
	586	180		297	
			587		005050
			599	181	
	599		600	297	001010
	587	296			
tint	47	351	63	364	fff9cf	/font/5005/54
	54		70			/font/5005/6f
	61		77			/font/5005/20
	68		84			/font/5005/63
	75		91			/font/5005/68
	82		98			/font/5005/61
	89		105			/font/5005/6e
	96		112			/font/5005/67
	103		119			/font/5005/65
	110		126			/font/5005/20
	117		133			/font/5005/61
	124		140			/font/5005/20
	131		147			/font/5005/6b
	138		154			/font/5005/65
	145		161			/font/5005/79
	152		168			/font/5005/20
	159		175			/font/5005/63
	166		182			/font/5005/6f
	173		189			/font/5005/6e
	180		196			/font/5005/74
	187		203			/font/5005/72
	194		210			/font/5005/6f
	201		217			/font/5005/6c
	208		224			/font/5005/2c
	215		231			/font/5005/20
	222		238			/font/5005/63
	229		245			/font/5005/6c
	236		252			/font/5005/69
	243		259			/font/5005/63
	250		266			/font/5005/6b
	257		273			/font/5005/20
	264		280			/font/5005/6f
	271		287			/font/5005/6e
	278		294			/font/5005/20
	285		301			/font/5005/69
	292		308			/font/5005/74
	299		315			/font/5005/73
	306		322			/font/5005/20
	313		329			/font/5005/62
	320		336			/font/5005/75
	327		343			/font/5005/74
	334		350			
	341		357			/font/5005/6f
	348		364			/font/5005/6e
	355		371			/font/5005/2e
	362		378			/font/5005/20
	369		385			/font/5005/41
	376		392			/font/5005/6e
	383		399			/font/5005/79
	390		406			/font/5005/20
	397		413			/font/5005/6b
	404		420			/font/5005/65
	411		427			/font/5005/79
	418		434			/font/5005/20
	425		441			/font/5005/79
	432		448			/font/5005/6f
	439		455			/font/5005/75
	446		462			/font/5005/20
	453		469			/font/5005/74
	460		476			/font/5005/68
	467		483			/font/5005/65
	474		490			/font/5005/6e
	481		497			/font/5005/20
	488		504			/font/5005/70
	495		511			/font/5005/72
	502		518			/font/5005/65
	509		525			/font/5005/73
	516		532			
	523		539			/font/5005/20
	530		546			/font/5005/77
	537		553			/font/5005/69
	544		560			/font/5005/6c
	551		567			
	558		574			/font/5005/20
	565		581			/font/5005/62
	572		588			/font/5005/65
	579		595			/font/5005/20
	47	365	63	378		/font/5005/61
	54		70			/font/5005/73
	61		77			
	68		84			/font/5005/69
	75		91			/font/5005/67
	82		98			/font/5005/6e
	89		105			/font/5005/65
	96		112			/font/5005/64
	103		119			/font/5005/20
	110		126			/font/5005/74
	117		133			/font/5005/6f
	124		140			/font/5005/20
	131		147			/font/5005/74
	138		154			/font/5005/68
	145		161			/font/5005/61
	152		168			/font/5005/74
	159		175			/font/5005/20
	166		182			/font/5005/66
	173		189			/font/5005/75
	180		196			/font/5005/6e
	187		203			/font/5005/63
	194		210			/font/5005/74
	201		217			/font/5005/69
	208		224			/font/5005/6f
	215		231			/font/5005/6e
	222		238			/font/5005/2e
	229		245			/font/5005/20
	236		252			/font/5005/54
	243		259			/font/5005/68
	250		266			/font/5005/65
	257		273			/font/5005/20
	264		280			/font/5005/6e
	271		287			/font/5005/65
	278		294			/font/5005/78
	285		301			/font/5005/74
	292		308			/font/5005/20
	299		315			/font/5005/62
	306		322			/font/5005/75
	313		329			/font/5005/74
	320		336			
	327		343			/font/5005/6f
	334		350			/font/5005/6e
	341		357			/font/5005/20
	348		364			/font/5005/77
	355		371			/font/5005/69
	362		378			/font/5005/6c
	369		385			
	376		392			/font/5005/20
	383		399			/font/5005/61
	390		406			/font/5005/75
	397		413			/font/5005/74
	404		420			/font/5005/6f
	411		427			/font/5005/6d
	418		434			/font/5005/61
	425		441			/font/5005/74
	432		448			/font/5005/69
	439		455			/font/5005/63
	446		462			/font/5005/61
	453		469			/font/5005/6c
	460		476			
	467		483			/font/5005/79
	474		490			/font/5005/20
	481		497			/font/5005/62
	488		504			/font/5005/65
	495		511			/font/5005/20
	502		518			/font/5005/73
	509		525			/font/5005/65
	516		532			/font/5005/6c
	523		539			/font/5005/65
	530		546			/font/5005/63
	537		553			/font/5005/74
	544		560			/font/5005/65
	551		567			/font/5005/64
	558		574			/font/5005/2e
	565		581			/font/5005/20
	47	379	63	392		/font/5005/3c
	54		70			/font/5005/45
	61		77			/font/5005/53
	68		84			/font/5005/43
	75		91			/font/5005/3e
	82		98			/font/5005/2c
	89		105			/font/5005/20
	96		112			/font/5005/3c
	103		119			/font/5005/52
	110		126			/font/5005/45
	117		133			/font/5005/54
	124		140			/font/5005/55
	131		147			/font/5005/52
	138		154			/font/5005/4e
	145		161			/font/5005/3e
	152		168			/font/5005/2c
	159		175			/font/5005/20
	166		182			/font/5005/61
	173		189			/font/5005/6e
	180		196			/font/5005/64
	187		203			/font/5005/20
	194		210			/font/5005/3c
	201		217			/font/5005/43
	208		224			/font/5005/41
	215		231			/font/5005/50
	222		238			/font/5005/53
	229		245			/font/5005/20
	236		252			/font/5005/4c
	243		259			/font/5005/4f
	250		266			/font/5005/43
	257		273			/font/5005/4b
	264		280			/font/5005/3e
	271		287			/font/5005/20
	278		294			/font/5005/61
	285		301			/font/5005/72
	292		308			/font/5005/65
	299		315			/font/5005/20
	306		322			/font/5005/70
	313		329			/font/5005/72
	320		336			/font/5005/65
	327		343			/font/5005/2d
	334		350			/font/5005/61
	341		357			/font/5005/73
	348		364			
	355		371			/font/5005/69
	362		378			/font/5005/67
	369		385			/font/5005/6e
	376		392			/font/5005/65
	383		399			/font/5005/64
	390		406			/font/5005/20
	397		413			/font/5005/61
	404		420			/font/5005/6e
	411		427			/font/5005/64
	418		434			/font/5005/20
	425		441			/font/5005/63
	432		448			/font/5005/61
	439		455			/font/5005/6e
	446		462			
	453		469			/font/5005/6f
	460		476			/font/5005/74
	467		483			/font/5005/20
	474		490			/font/5005/62
	481		497			/font/5005/65
	488		504			/font/5005/20
	495		511			/font/5005/75
	502		518			/font/5005/73
	509		525			/font/5005/65
	516		532			/font/5005/64
	523		539			/font/5005/2e
	49	313	65	326	ff7f00	/font/5005/20
draw	2	0	35	476	/pict/504
	35		607	28	/pict/505
	607		642	476	/pict/506
	35	456	607		/pict/507
rect	66	90	69	93	009090
	294		297		
	69		294	92	
	66	93	70	94	007070
	69	92	294	93	
	293	93	297	94	
	296	91		93	
	66	90	67		00b0b0
			297	91	
		108	69	111	009090
	294		297		
	69	109	294		
	66	107	67		00b0b0
			70	108	
	69	108	294	109	
	293	107	297	108	
	67	110		111	007070
	296	107			
	66	95	70	106	00a0a0
			67		00c0c0
			69	96	
	69		70	106	008080
	67	105			
	293	95	297		00a0a0
			294		00c0c0
			296	96	
	296		297	106	008080
	294	105			
	71	95	114		00c0c0
			72		00e0e0
			113	96	
	113		114	106	00a0a0
	72	105			
	115	95	292		007070
tint	85	95	101	108	001010	/font/5005/46
	92		108			/font/5005/38
	147		163		00e0e0	/font/5005/54
	154		170			/font/5005/72
	161		177			/font/5005/61
	168		184			/font/5005/6e
	175		191			/font/5005/73
	182		198			/font/5005/66
	189		205			/font/5005/65
	196		212			/font/5005/72
	203		219			/font/5005/20
	210		226			/font/5005/43
	217		233			/font/5005/6f
	224		240			/font/5005/6e
	231		247			/font/5005/74
	238		254			/font/5005/72
	245		261			/font/5005/6f
	252		268			/font/5005/6c
rect	66	130	69	133	009090
	294		297		
	69		294	132	
	66	133	70	134	007070
	69	132	294	133	
	293	133	297	134	
	296	131		133	
	66	130	67		00b0b0
			297	131	
		148	69	151	009090
	294		297		
	69	149	294		
	66	147	67		00b0b0
			70	148	
	69	148	294	149	
	293	147	297	148	
	67	150		151	007070
	296	147			
	66	135	70	146	00a0a0
			67		00c0c0
			69	136	
	69		70	146	008080
	67	145			
	293	135	297		00a0a0
			294		00c0c0
			296	136	
	296		297	146	008080
	294	145			
	71	135	114		00c0c0
			72		00e0e0
			113	136	
	113		114	146	00a0a0
	72	145			
	115	135	292		007070
tint	85	135	101	148	001010	/font/5005/46
	92		108			/font/5005/39
	165		181		00e0e0	/font/5005/5a
	172		188			/font/5005/6f
	179		195			
	186		202			/font/5005/6d
	193		209			/font/5005/20
	200		216			/font/5005/74
	207		223			/font/5005/6f
	214		230			/font/5005/20
	221		237			/font/5005/31
	228		244			/font/5005/3a
	235		251			/font/5005/31
rect	66	170	69	173	009090
	294		297		
	69		294	172	
	66	173	70	174	007070
	69	172	294	173	
	293	173	297	174	
	296	171		173	
	66	170	67		00b0b0
			297	171	
		188	69	191	009090
	294		297		
	69	189	294		
	66	187	67		00b0b0
			70	188	
	69	188	294	189	
	293	187	297	188	
	67	190		191	007070
	296	187			
	66	175	70	186	00a0a0
			67		00c0c0
			69	176	
	69		70	186	008080
	67	185			
	293	175	297		00a0a0
			294		00c0c0
			296	176	
	296		297	186	008080
	294	185			
	71	175	114		00c0c0
			72		00e0e0
			113	176	
	113		114	186	00a0a0
	72	185			
	115	175	292		007070
tint	82	175	98	188	001010	/font/5005/46
	89		105			/font/5005/31
	96		112			/font/5005/30
	165		181		00e0e0	/font/5005/5a
	172		188			/font/5005/6f
	179		195			
	186		202			/font/5005/6d
	193		209			/font/5005/20
	200		216			/font/5005/74
	207		223			/font/5005/6f
	214		230			/font/5005/20
	221		237			/font/5005/31
	228		244			/font/5005/3a
	235		251			/font/5005/32
rect	66	210	69	213	009090
	294		297		
	69		294	212	
	66	213	70	214	007070
	69	212	294	213	
	293	213	297	214	
	296	211		213	
	66	210	67		00b0b0
			297	211	
		228	69	231	009090
	294		297		
	69	229	294		
	66	227	67		00b0b0
			70	228	
	69	228	294	229	
	293	227	297	228	
	67	230		231	007070
	296	227			
	66	215	70	226	00a0a0
			67		00c0c0
			69	216	
	69		70	226	008080
	67	225			
	293	215	297		00a0a0
			294		00c0c0
			296	216	
	296		297	226	008080
	294	225			
	71	215	114		00c0c0
			72		00e0e0
			113	216	
	113		114	226	00a0a0
	72	225			
	115	215	292		007070
tint	82	215	98	228	001010	/font/5005/46
	89		105			/font/5005/31
	96		112			
	165		181		00e0e0	/font/5005/5a
	172		188			/font/5005/6f
	179		195			
	186		202			/font/5005/6d
	193		209			/font/5005/20
	200		216			/font/5005/74
	207		223			/font/5005/6f
	214		230			/font/5005/20
	221		237			/font/5005/31
	228		244			/font/5005/3a
	235		251			/font/5005/34
rect	66	250	69	253	009090
	294		297		
	69		294	252	
	66	253	70	254	007070
	69	252	294	253	
	293	253	297	254	
	296	251		253	
	66	250	67		00b0b0
			297	251	
		268	69	271	009090
	294		297		
	69	269	294		
	66	267	67		00b0b0
			70	268	
	69	268	294	269	
	293	267	297	268	
	67	270		271	007070
	296	267			
	66	255	70	266	00a0a0
			67		00c0c0
			69	256	
	69		70	266	008080
	67	265			
	293	255	297		00a0a0
			294		00c0c0
			296	256	
	296		297	266	008080
	294	265			
	71	255	114		00c0c0
			72		00e0e0
			113	256	
	113		114	266	00a0a0
	72	265			
	115	255	292		007070
tint	82	255	98	268	001010	/font/5005/46
	89		105			/font/5005/31
	96		112			/font/5005/32
	161		177		00e0e0	/font/5005/5a
	168		184			/font/5005/6f
	175		191			
	182		198			/font/5005/6d
	189		205			/font/5005/20
	196		212			/font/5005/74
	203		219			/font/5005/6f
	210		226			/font/5005/20
	217		233			/font/5005/31
	224		240			/font/5005/3a
	231		247			/font/5005/31
	238		254			/font/5005/36
rect	326	90	329	93	009090
	574		577		
	329		574	92	
	326	93	330	94	007070
	329	92	574	93	
	573	93	577	94	
	576	91		93	
	326	90	327		00b0b0
			577	91	
		108	329	111	009090
	574		577		
	329	109	574		
	326	107	327		00b0b0
			330	108	
	329	108	574	109	
	573	107	577	108	
	327	110		111	007070
	576	107			
	326	95	330	106	00a0a0
			327		00c0c0
			329	96	
	329		330	106	008080
	327	105			
	573	95	577		00a0a0
			574		00c0c0
			576	96	
	576		577	106	008080
	574	105			
	331	95	374		00c0c0
			332		00e0e0
			373	96	
	373		374	106	00a0a0
	332	105			
	375	95	572		007070
tint	338	95	354	108	001010	/font/5005/48
	345		361			/font/5005/45
	352		368			/font/5005/4c
	359		375			/font/5005/50
	393		409		00e0e0	/font/5005/5a
	400		416			/font/5005/6f
	407		423			
	414		430			/font/5005/6d
	421		437			/font/5005/20
	428		444			/font/5005/74
	435		451			/font/5005/6f
	442		458			/font/5005/20
	449		465			/font/5005/43
	456		472			/font/5005/6c
	463		479			/font/5005/6f
	470		486			/font/5005/73
	477		493			/font/5005/65
	484		500			/font/5005/73
	491		507			/font/5005/74
	498		514			/font/5005/20
	505		521			/font/5005/48
	512		528			/font/5005/6f
	519		535			/font/5005/73
	526		542			/font/5005/74
	533		549			/font/5005/69
	540		556			/font/5005/6c
	547		563			/font/5005/65
rect	326	130	329	133	009090
	574		577		
	329		574	132	
	326	133	330	134	007070
	329	132	574	133	
	573	133	577	134	
	576	131		133	
	326	130	327		00b0b0
			577	131	
		148	329	151	009090
	574		577		
	329	149	574		
	326	147	327		00b0b0
			330	148	
	329	148	574	149	
	573	147	577	148	
	327	150		151	007070
	576	147			
	326	135	330	146	00a0a0
			327		00c0c0
			329	136	
	329		330	146	008080
	327	145			
	573	135	577		00a0a0
			574		00c0c0
			576	136	
	576		577	146	008080
	574	145			
	331	135	374		00c0c0
			332		00e0e0
			373	136	
	373		374	146	00a0a0
	332	145			
	375	135	572		007070
tint	338	135	354	148	001010	/font/5005/48
	345		361			/font/5005/4f
	352		368			/font/5005/4d
	359		375			/font/5005/45
	396		412		00e0e0	/font/5005/5a
	403		419			/font/5005/6f
	410		426			
	417		433			/font/5005/6d
	424		440			/font/5005/20
	431		447			/font/5005/74
	438		454			/font/5005/6f
	445		461			/font/5005/20
	452		468			/font/5005/43
	459		475			/font/5005/6c
	466		482			/font/5005/6f
	473		489			/font/5005/73
	480		496			/font/5005/65
	487		503			/font/5005/73
	494		510			/font/5005/74
	501		517			/font/5005/20
	508		524			/font/5005/4f
	515		531			/font/5005/62
	522		538			/font/5005/6a
	529		545			/font/5005/65
	536		552			/font/5005/63
	543		559			/font/5005/74
rect	326	170	329	173	009090
	574		577		
	329		574	172	
	326	173	330	174	007070
	329	172	574	173	
	573	173	577	174	
	576	171		173	
	326	170	327		00b0b0
			577	171	
		188	329	191	009090
	574		577		
	329	189	574		
	326	187	327		00b0b0
			330	188	
	329	188	574	189	
	573	187	577	188	
	327	190		191	007070
	576	187			
	326	175	330	186	00a0a0
			327		00c0c0
			329	176	
	329		330	186	008080
	327	185			
	573	175	577		00a0a0
			574		00c0c0
			576	176	
	576		577	186	008080
	574	185			
	331	175	374		00c0c0
			332		00e0e0
			373	176	
	373		374	186	00a0a0
	332	185			
	375	175	572		007070
tint	338	175	354	188	001010	/font/5005/50
	345		361			/font/5005/47
	352		368			/font/5005/55
	359		375			/font/5005/50
	435		451		00e0e0	/font/5005/5a
	442		458			/font/5005/6f
	449		465			
	456		472			/font/5005/6d
	463		479			/font/5005/20
	470		486			/font/5005/74
	477		493			/font/5005/6f
	484		500			/font/5005/20
	491		507			/font/5005/41
	498		514			/font/5005/6c
	505		521			
rect	326	210	329	213	009090
	574		577		
	329		574	212	
	326	213	330	214	007070
	329	212	574	213	
	573	213	577	214	
	576	211		213	
	326	210	327		00b0b0
			577	211	
		228	329	231	009090
	574		577		
	329	229	574		
	326	227	327		00b0b0
			330	228	
	329	228	574	229	
	573	227	577	228	
	327	230		231	007070
	576	227			
	326	215	330	226	00a0a0
			327		00c0c0
			329	216	
	329		330	226	008080
	327	225			
	573	215	577		00a0a0
			574		00c0c0
			576	216	
	576		577	226	008080
	574	225			
	331	215	374		00c0c0
			332		00e0e0
			373	216	
	373		374	226	00a0a0
	332	225			
	375	215	572		007070
tint	342	215	358	228	001010	/font/5005/44
	349		365			/font/5005/45
	356		372			/font/5005/4c
	393		409		00e0e0	/font/5005/4d
	400		416			/font/5005/65
	407		423			/font/5005/73
	414		430			
	421		437			/font/5005/61
	428		444			/font/5005/67
	435		451			/font/5005/65
	442		458			/font/5005/20
	449		465			/font/5005/4e
	456		472			/font/5005/65
	463		479			/font/5005/78
	470		486			/font/5005/74
	477		493			/font/5005/20
	484		500			/font/5005/50
	491		507			/font/5005/61
	498		514			/font/5005/67
	505		521			/font/5005/65
	512		528			/font/5005/2f
	519		535			/font/5005/43
	526		542			/font/5005/6c
	533		549			/font/5005/65
	540		556			/font/5005/61
	547		563			/font/5005/72
