rect	0	0	640	480	000000
	41	422	44	425	909000
	129		132		
	44		129	424	
	41	425	45	426	707000
	44	424	129	425	
	128	425	132	426	
	131	423		425	
	41	422	42		b0b000
			132	423	
		440	44	443	909000
	129		132		
	44	441	129		
	41	439	42		b0b000
			45	440	
	44	440	129	441	
	128	439	132	440	
	42	442		443	707000
	131	439			
	41	427	45	438	a0a000
			42		c0c000
			44	428	
	44		45	438	808000
	42	437			
	128	427	132		a0a000
			129		c0c000
			131	428	
	131		132	438	808000
	129	437			
	46	427	127		707000
crop	65	427	72	439	48	48	e0e000	/fonts/button-small
	72		79		16	72		
	79		86		224			
	86		93		48			
	93		100		80			
	100		107		192			
rect	511	422	514	425	009000
	599		602		
	514		599	424	
	511	425	515	426	007000
	514	424	599	425	
	598	425	602	426	
	601	423		425	
	511	422	512		00b000
			602	423	
		440	514	443	009000
	599		602		
	514	441	599		
	511	439	512		00b000
			515	440	
	514	440	599	441	
	598	439	602	440	
	512	442		443	007000
	601	439			
	511	427	515	438	00c000
			512		00e000
			514	428	
	514		515	438	00a000
	512	437			
	598	427	602		00c000
			599		00e000
			601	428	
	601		602	438	00a000
	599	437			
	516	427	597		00c000
crop	542	427	549	439	64	48	001000	/fonts/button-small
	549		556		240	72		
	556		563		224			
	563		570		80			
rect	402	422	405	425	009000
	490		493		
	405		490	424	
	402	425	406	426	007000
	405	424	490	425	
	489	425	493	426	
	492	423		425	
	402	422	403		00b000
			493	423	
		440	405	443	009000
	490		493		
	405	441	490		
	402	439	403		00b000
			406	440	
	405	440	490	441	
	489	439	493	440	
	403	442		443	007000
	492	439			
	402	427	406	438	00a000
			403		00c000
			405	428	
	405		406	438	008000
	403	437			
	489	427	493		00a000
			490		00c000
			492	428	
	492		493	438	008000
	490	437			
	407	427	488		007000
crop	423	427	430	439	240	48	00e000	/fonts/button-small
	430		437		0	84		
	437		444		64			
	444		451		144	72		
	451		458		240			
	458		465		224			
	465		472		48	84		
rect	63	37	76	40	009090
	120		133		
	76		120	39	
	63	40	77	41	007070
	76	39	120	40	
	119	40	133	41	
	132	38		40	
	63	37	64		00b0b0
			133	38	
		42	77	53	007070
			64		009090
			76	43	
	76		77	53	005050
	64	52			
	119	42	133		007070
			120		009090
			132	43	
	132		133	53	005050
	120	52			
	63	53	77	56	000000
	119		133		
	60	56	136	59	009090
		55		56	00b0b0
		59		60	007070
	78	42	118	53	005050
crop	85	42	92	54	48	60	00c0c0	/fonts/button
	92		99		128	72		
	99		102		144			
	102		110		0	84		
rect	139	37	152	40	009090
	229		242		
	152		229	39	
	139	40	153	41	007070
	152	39	229	40	
	228	40	242	41	
	241	38		40	
	139	37	140		00b0b0
			242	38	
		42	153	53	007070
			140		009090
			152	43	
	152		153	53	005050
	140	52			
	228	42	242		007070
			229		009090
			241	43	
	241		242	53	005050
	229	52			
	139	53	153	56	000000
	228		242		
	136	56	245	59	009090
		55		56	00b0b0
		59		60	007070
	154	42	227	53	005050
crop	160	42	168	54	48	48	00c0c0	/fonts/button
	168		176		240	72		
	176		187		208			
	187		198					
	198		206		16			
	206		213		224			
	213		221		64			
rect	248	37	261	40	009090
	338		351		
	261		338	39	
	248	40	262	41	007070
	261	39	338	40	
	337	40	351	41	
	350	38		40	
	248	37	249		00b0b0
			351	38	
		42	262	53	007070
			249		009090
			261	43	
	261		262	53	005050
	249	52			
	337	42	351		007070
			338		009090
			350	43	
	350		351	53	005050
	338	52			
	248	53	262	56	000000
	337		351		
	245	56	354	59	009090
		55		56	00b0b0
		59		60	007070
	263	42	336	53	005050
crop	272	42	279	54	48	60	00c0c0	/fonts/button
	279		286		128	72		
	286		294		240			
	294		298		32	84		
	298		302		64			
	302		310		48	72		
	310		317		80	84		
	317		321		64			
	321		327		48			
rect	357	37	370	40	009090
	447		460		
	370		447	39	
	357	40	371	41	007070
	370	39	447	40	
	446	40	460	41	
	459	38		40	
	357	37	358		00b0b0
			460	38	
		42	371	53	007070
			358		009090
			370	43	
	370		371	53	005050
	358	52			
	446	42	460		007070
			447		009090
			459	43	
	459		460	53	005050
	447	52			
	357	53	371	56	000000
	446		460		
	354	56	463	59	009090
		55		56	00b0b0
		59		60	007070
	372	42	445	53	005050
crop	393	42	400	54	80	60	00c0c0	/fonts/button
	400		404		64	84		
	404		407		144	72		
	407		410		192			
	410		413		144			
	413		417		64	84		
	417		424		144			
rect	466	37	479	40	009090
	552		565		
	479		552	39	
	466	40	480	41	007070
	479	39	552	40	
	551	40	565	41	
	564	38		40	
	466	37	467		00b0b0
			565	38	
		42	480	60	009090
	551		565		
	466		479	43	00b0b0
			467	55	
	463	55		56	
	551	42	564	43	
	565	55	568	56	
	551	42	552	59	
	463	59	480	60	007070
	479	42			
	564		565	56	
	551	59	568	60	
	463	56	479	59	009090
	552		568		
	480	55	551	60	000000
	481	42	550	53	009090
crop	489	42	497	54	128	48	00ffff	/fonts/button
	497		505		240	72		
	505		509		64	84		
	509		512		0	24		
	512		520		176	48		
	520		528		80	72		
	528		535		144	84		
	535		541		48			
rect	41	55	54	60	009090
	586		599		
	54		60	59	
	568		586		
	41	60	55	61	007070
	54	59	60	60	
	568		587		
	586	60	600	61	
	599	55		60	
	41		42		00b0b0
			60	56	
	568		600		
	41	299	54	302	007070
	587		600		
	54	300	587		
	41	298	42		009090
			55	299	
	54	299	587	300	
	586	298	600	299	
	42	301		302	005050
	599	298			
	41	62	55	179	
			42		007070
			54	63	
	54		55	179	003030
	42	178			
	41	180		297	
			42		005050
			54	181	
	54		55	297	001010
	42	296			
	586	62	600	179	005050
			587		007070
			599	63	
	599		600	179	003030
	587	178			
	586	180		297	
			587		005050
			599	181	
	599		600	297	001010
	587	296			
crop	47	351	54	363	64	60	fff9cf	/fonts/button-small
	54		61		240	72		
	68		75		48			
	75		82		128			
	82		89		16			
	89		96		224			
	96		103		112			
	103		110		80			
	117		124		16			
	131		138		176			
	138		145		80			
	145		152		144	84		
	159		166		48	72		
	166		173		240			
	173		180		224			
	180		187		64	84		
	187		194		32			
	194		201		240	72		
	201		208		192			
	208		215			24		
	222		229		48	72		
	229		236		192			
	236		243		144			
	243		250		48			
	250		257		176			
	264		271		240			
	271		278		224			
	285		292		144			
	292		299		64	84		
	299		306		48			
	313		320		32	72		
	320		327		80	84		
	327		334		64			
	334		341					
	341		348		240	72		
	348		355		224			
	355		362			24		
	369		376		16	48		
	376		383		224	72		
	383		390		144	84		
	397		404		176	72		
	404		411		80			
	411		418		144	84		
	425		432					
	432		439		240	72		
	439		446		80	84		
	453		460		64			
	460		467		128	72		
	467		474		80			
	474		481		224			
	488		495		0	84		
	495		502		32			
	502		509		80	72		
	509		516		48	84		
	516		523					
	530		537		112			
	537		544		144	72		
	544		551		192			
	551		558					
	565		572		32			
	572		579		80			
	47	365	54	377	16			
	54		61		48	84		
	61		68					
	68		75		144	72		
	75		82		112			
	82		89		224			
	89		96		80			
	96		103		64			
	110		117			84		
	117		124		240	72		
	131		138		64	84		
	138		145		128	72		
	145		152		16			
	152		159		64	84		
	166		173		96	72		
	173		180		80	84		
	180		187		224	72		
	187		194		48			
	194		201		64	84		
	201		208		144	72		
	208		215		240			
	215		222		224			
	222		229			24		
	236		243		64	60		
	243		250		128	72		
	250		257		80			
	264		271		224			
	271		278		80			
	278		285		128	84		
	285		292		64			
	299		306		32	72		
	306		313		80	84		
	313		320		64			
	320		327					
	327		334		240	72		
	334		341		224			
	348		355		112	84		
	355		362		144	72		
	362		369		192			
	369		376					
	383		390		16			
	390		397		80	84		
	397		404		64			
	404		411		240	72		
	411		418		208			
	418		425		16			
	425		432		64	84		
	432		439		144	72		
	439		446		48			
	446		453		16			
	453		460		192			
	460		467					
	467		474		144	84		
	481		488		32	72		
	488		495		80			
	502		509		48	84		
	509		516		80	72		
	516		523		192			
	523		530		80			
	530		537		48			
	537		544		64	84		
	544		551		80	72		
	551		558		64			
	558		565		224	24		
	47	379	54	391	192	36		
	54		61		80	48		
	61		68		48	60		
	68		75			48		
	75		82		224	36		
	82		89		192	24		
	96		103			36		
	103		110		32	60		
	110		117		80	48		
	117		124		64	60		
	124		131		80			
	131		138		32			
	138		145		224	48		
	145		152			36		
	152		159		192	24		
	166		173		16	72		
	173		180		224			
	180		187		64			
	194		201		192	36		
	201		208		48	48		
	208		215		16			
	215		222		0	60		
	222		229		48			
	236		243		192	48		
	243		250		240			
	250		257		48			
	257		264		176			
	264		271		224	36		
	278		285		16	72		
	285		292		32	84		
	292		299		80	72		
	306		313		0	84		
	313		320		32			
	320		327		80	72		
	327		334		208	24		
	334		341		16	72		
	341		348		48	84		
	348		355					
	355		362		144	72		
	362		369		112			
	369		376		224			
	376		383		80			
	383		390		64			
	397		404		16			
	404		411		224			
	411		418		64			
	425		432		48			
	432		439		16			
	439		446		224			
	446		453					
	453		460		240			
	460		467		64	84		
	474		481		32	72		
	481		488		80			
	495		502			84		
	502		509		48			
	509		516		80	72		
	516		523		64			
	523		530		224	24		
draw	2	0	35	476	/pictures/504.png
	35		607	28	/pictures/505.png
	607		642	476	/pictures/506.png
	35	456	607		/pictures/507.png
rect	95	89	98	92	009090
	303		306		
	98		303	91	
	95	92	99	93	007070
	98	91	303	92	
	302	92	306	93	
	305	90		92	
	95	89	96		00b0b0
			306	90	
		107	98	110	009090
	303		306		
	98	108	303		
	95	106	96		00b0b0
			99	107	
	98	107	303	108	
	302	106	306	107	
	96	109		110	007070
	305	106			
	95	94	99	105	00a0a0
			96		00c0c0
			98	95	
	98		99	105	008080
	96	104			
	302	94	306		00a0a0
			303		00c0c0
			305	95	
	305		306	105	008080
	303	104			
	100	94	143		00c0c0
			101		00e0e0
			142	95	
	142		143	105	00a0a0
	101	104			
	144	94	301		007070
crop	118	94	125	106	16	36	001010	/fonts/button-small
	194		201		128	48	00e0e0	
	201		208		240	72		
	208		215		64	84		
	215		222		176	72		
	222		229		80			
	229		236		144	84		
	236		243		0	24		
	243		250		16	36		
rect	95	129	98	132	009090
	303		306		
	98		303	131	
	95	132	99	133	007070
	98	131	303	132	
	302	132	306	133	
	305	130		132	
	95	129	96		00b0b0
			306	130	
		147	98	150	009090
	303		306		
	98	148	303		
	95	146	96		00b0b0
			99	147	
	98	147	303	148	
	302	146	306	147	
	96	149		150	007070
	305	146			
	95	134	99	145	00a0a0
			96		00c0c0
			98	135	
	98		99	145	008080
	96	144			
	302	134	306		00a0a0
			303		00c0c0
			305	135	
	305		306	145	008080
	303	144			
	100	134	143		00c0c0
			101		00e0e0
			142	135	
	142		143	145	00a0a0
	101	144			
	144	134	301		007070
crop	118	134	125	146	32	36	001010	/fonts/button-small
	194		201		128	48	00e0e0	
	201		208		240	72		
	208		215		64	84		
	215		222		176	72		
	222		229		80			
	229		236		144	84		
	236		243		0	24		
	243		250		32	36		
rect	95	169	98	172	009090
	303		306		
	98		303	171	
	95	172	99	173	007070
	98	171	303	172	
	302	172	306	173	
	305	170		172	
	95	169	96		00b0b0
			306	170	
		187	98	190	009090
	303		306		
	98	188	303		
	95	186	96		00b0b0
			99	187	
	98	187	303	188	
	302	186	306	187	
	96	189		190	007070
	305	186			
	95	174	99	185	00a0a0
			96		00c0c0
			98	175	
	98		99	185	008080
	96	184			
	302	174	306		00a0a0
			303		00c0c0
			305	175	
	305		306	185	008080
	303	184			
	100	174	143		00c0c0
			101		00e0e0
			142	175	
	142		143	185	00a0a0
	101	184			
	144	174	301		007070
crop	118	174	125	186	48	36	001010	/fonts/button-small
	194		201		128	48	00e0e0	
	201		208		240	72		
	208		215		64	84		
	215		222		176	72		
	222		229		80			
	229		236		144	84		
	236		243		0	24		
	243		250		48	36		
rect	95	209	98	212	009090
	303		306		
	98		303	211	
	95	212	99	213	007070
	98	211	303	212	
	302	212	306	213	
	305	210		212	
	95	209	96		00b0b0
			306	210	
		227	98	230	009090
	303		306		
	98	228	303		
	95	226	96		00b0b0
			99	227	
	98	227	303	228	
	302	226	306	227	
	96	229		230	007070
	305	226			
	95	214	99	225	00a0a0
			96		00c0c0
			98	215	
	98		99	225	008080
	96	224			
	302	214	306		00a0a0
			303		00c0c0
			305	215	
	305		306	225	008080
	303	224			
	100	214	143		00c0c0
			101		00e0e0
			142	215	
	142		143	225	00a0a0
	101	224			
	144	214	301		007070
crop	118	214	125	226	64	36	001010	/fonts/button-small
	194		201		128	48	00e0e0	
	201		208		240	72		
	208		215		64	84		
	215		222		176	72		
	222		229		80			
	229		236		144	84		
	236		243		0	24		
	243		250		64	36		
rect	95	249	98	252	009090
	303		306		
	98		303	251	
	95	252	99	253	007070
	98	251	303	252	
	302	252	306	253	
	305	250		252	
	95	249	96		00b0b0
			306	250	
		267	98	270	009090
	303		306		
	98	268	303		
	95	266	96		00b0b0
			99	267	
	98	267	303	268	
	302	266	306	267	
	96	269		270	007070
	305	266			
	95	254	99	265	00a0a0
			96		00c0c0
			98	255	
	98		99	265	008080
	96	264			
	302	254	306		00a0a0
			303		00c0c0
			305	255	
	305		306	265	008080
	303	264			
	100	254	143		00c0c0
			101		00e0e0
			142	255	
	142		143	265	00a0a0
	101	264			
	144	254	301		007070
crop	118	254	125	266	80	36	001010	/fonts/button-small
	194		201		128	48	00e0e0	
	201		208		240	72		
	208		215		64	84		
	215		222		176	72		
	222		229		80			
	229		236		144	84		
	236		243		0	24		
	243		250		80	36		
rect	335	89	338	92	009090
	543		546		
	338		543	91	
	335	92	339	93	007070
	338	91	543	92	
	542	92	546	93	
	545	90		92	
	335	89	336		00b0b0
			546	90	
		107	338	110	009090
	543		546		
	338	108	543		
	335	106	336		00b0b0
			339	107	
	338	107	543	108	
	542	106	546	107	
	336	109		110	007070
	545	106			
	335	94	339	105	00a0a0
			336		00c0c0
			338	95	
	338		339	105	008080
	336	104			
	542	94	546		00a0a0
			543		00c0c0
			545	95	
	545		546	105	008080
	543	104			
	340	94	383		00c0c0
			341		00e0e0
			382	95	
	382		383	105	00a0a0
	341	104			
	384	94	541		007070
crop	358	94	365	106	96	36	001010	/fonts/button-small
	434		441		128	48	00e0e0	
	441		448		240	72		
	448		455		64	84		
	455		462		176	72		
	462		469		80			
	469		476		144	84		
	476		483		0	24		
	483		490		96	36		
rect	335	129	338	132	009090
	543		546		
	338		543	131	
	335	132	339	133	007070
	338	131	543	132	
	542	132	546	133	
	545	130		132	
	335	129	336		00b0b0
			546	130	
		147	338	150	009090
	543		546		
	338	148	543		
	335	146	336		00b0b0
			339	147	
	338	147	543	148	
	542	146	546	147	
	336	149		150	007070
	545	146			
	335	134	339	145	00a0a0
			336		00c0c0
			338	135	
	338		339	145	008080
	336	144			
	542	134	546		00a0a0
			543		00c0c0
			545	135	
	545		546	145	008080
	543	144			
	340	134	383		00c0c0
			341		00e0e0
			382	135	
	382		383	145	00a0a0
	341	144			
	384	134	541		007070
crop	358	134	365	146	112	36	001010	/fonts/button-small
	434		441		128	48	00e0e0	
	441		448		240	72		
	448		455		64	84		
	455		462		176	72		
	462		469		80			
	469		476		144	84		
	476		483		0	24		
	483		490		112	36		
rect	335	169	338	172	009090
	543		546		
	338		543	171	
	335	172	339	173	007070
	338	171	543	172	
	542	172	546	173	
	545	170		172	
	335	169	336		00b0b0
			546	170	
		187	338	190	009090
	543		546		
	338	188	543		
	335	186	336		00b0b0
			339	187	
	338	187	543	188	
	542	186	546	187	
	336	189		190	007070
	545	186			
	335	174	339	185	00a0a0
			336		00c0c0
			338	175	
	338		339	185	008080
	336	184			
	542	174	546		00a0a0
			543		00c0c0
			545	175	
	545		546	185	008080
	543	184			
	340	174	383		00c0c0
			341		00e0e0
			382	175	
	382		383	185	00a0a0
	341	184			
	384	174	541		007070
crop	358	174	365	186	128	36	001010	/fonts/button-small
	434		441			48	00e0e0	
	441		448		240	72		
	448		455		64	84		
	455		462		176	72		
	462		469		80			
	469		476		144	84		
	476		483		0	24		
	483		490		128	36		
rect	335	209	338	212	009090
	543		546		
	338		543	211	
	335	212	339	213	007070
	338	211	543	212	
	542	212	546	213	
	545	210		212	
	335	209	336		00b0b0
			546	210	
		227	338	230	009090
	543		546		
	338	228	543		
	335	226	336		00b0b0
			339	227	
	338	227	543	228	
	542	226	546	227	
	336	229		230	007070
	545	226			
	335	214	339	225	00a0a0
			336		00c0c0
			338	215	
	338		339	225	008080
	336	224			
	542	214	546		00a0a0
			543		00c0c0
			545	215	
	545		546	225	008080
	543	224			
	340	214	383		00c0c0
			341		00e0e0
			382	215	
	382		383	225	00a0a0
	341	224			
	384	214	541		007070
crop	358	214	365	226	144	36	001010	/fonts/button-small
	434		441		128	48	00e0e0	
	441		448		240	72		
	448		455		64	84		
	455		462		176	72		
	462		469		80			
	469		476		144	84		
	476		483		0	24		
	483		490		144	36		
rect	335	249	338	252	009090
	543		546		
	338		543	251	
	335	252	339	253	007070
	338	251	543	252	
	542	252	546	253	
	545	250		252	
	335	249	336		00b0b0
			546	250	
		267	338	270	009090
	543		546		
	338	268	543		
	335	266	336		00b0b0
			339	267	
	338	267	543	268	
	542	266	546	267	
	336	269		270	007070
	545	266			
	335	254	339	265	00a0a0
			336		00c0c0
			338	255	
	338		339	265	008080
	336	264			
	542	254	546		00a0a0
			543		00c0c0
			545	255	
	545		546	265	008080
	543	264			
	340	254	383		00c0c0
			341		00e0e0
			382	255	
	382		383	265	00a0a0
	341	264			
	384	254	541		007070
crop	358	254	365	266	0	36	001010	/fonts/button-small
	431		438		128	48	00e0e0	
	438		445		240	72		
	445		452		64	84		
	452		459		176	72		
	459		466		80			
	466		473		144	84		
	473		480		0	24		
	480		487		16	36		
	487		494		0			
draw	550	430	562	440	/sprites/500.SMIV/0
