point	184	292	b0b0b0
	469	151	
	412	220	d0d0d0
	239	409	b0b0b0
	367	310	d0d0d0
	173		
	242	192	b0b0b0
	279	11	d0d0d0
	244	180	
	282	411	b0b0b0
	480	160	808080
	269	152	d0d0d0
	367	5	b0b0b0
	295	273	d0d0d0
	323	359	
	396	279	
	459	140	b0b0b0
	443	406	
	186	280	d0d0d0
	498	77	
	168	201	808080
	227	146	b0b0b0
	229	153	d0d0d0
	200	430	
	229	59	808080
	355	12	
	378	443	d0d0d0
	328	62	b0b0b0
	206	300	
	325		d0d0d0
	319	412	b0b0b0
	503	345	d0d0d0
	390	300	808080
	370	80	d0d0d0
	457	49	808080
	594	477	d0d0d0
	339	175	b0b0b0
	476	118	808080
	472	64	b0b0b0
	224	384	d0d0d0
	343	265	
	378	476	
	294	435	
	220	229	b0b0b0
	446	189	
	551	459	
	571	420	808080
	207	421	
	453	301	b0b0b0
	255	123	
	259	22	
	524	172	d0d0d0
	409	219	808080
	436	230	b0b0b0
	492	409	808080
	326	347	
	598	295	
	360	346	b0b0b0
	229	137	808080
	430	169	
	581	156	d0d0d0
	490	278	
	594	389	b0b0b0
	464	37	808080
	174	131	
	575	60	
	560	183	
	289	122	d0d0d0
	370	347	
	596	472	808080
	282	239	d0d0d0
	500	331	808080
	501	171	d0d0d0
	296	114	b0b0b0
	172	45	d0d0d0
	471	370	b0b0b0
	135	190	808080
	144	230	d0d0d0
	395	310	b0b0b0
	316	148	808080
	507	282	b0b0b0
	366	382	d0d0d0
	394	63	808080
	371	324	b0b0b0
	231	57	808080
	465	377	d0d0d0
	332	11	808080
	268	333	b0b0b0
	546	351	808080
	186	261	d0d0d0
	133	142	
	351	339	808080
	539	307	b0b0b0
	477	311	808080
	450	187	b0b0b0
	239	281	d0d0d0
	498	261	808080
	594	113	d0d0d0
	241	141	b0b0b0
	288	301	808080
	461	335	d0d0d0
	535	406	808080
	155	225	
	591	349	d0d0d0
	240	377	
	515	293	808080
	590	434	d0d0d0
	542	90	b0b0b0
	358	19	d0d0d0
	520	56	b0b0b0
	282	15	808080
	244	416	
	140	82	b0b0b0
	298	218	d0d0d0
	584	414	
	516	62	
	590	198	b0b0b0
	314	101	d0d0d0
	229	399	
	513	372	808080
	555	226	
	314	229	b0b0b0
	582	439	
	569	95	d0d0d0
	555	280	b0b0b0
rect	254	0	255	481	005000
	598		599		
	128	292	609	293	
	316	231	328	243	900000
	200	288	214	302	
	245	283	263	301	00488f
	278	261	290	273	900000
	243	263	255	275	
	208	262	220	274	
triangle	363	235	371	243	00c000
	317	233	325	241	c00000
	280	262	288	270	
		263		271	
	233	274	243	284	
	231	285	239	293	
	229	274	237	282	
	200	277	210	287	
		290	208	298	
	205	284	213	292	
	198	279	206	287	
dither	284	247	374	264	001830
crop	288	251	295	262	16	55	000000	/fonts/tactical.png
	295		302		40	66		
	302		309		96			
	309		316		8			
	316		323		72	77		
	323		330		0	22		
	330		337		32	44		
	337		344		72	66		
	344		351		24	77		
	351		358		64	66		
	358		365		0	22		
	365		372		16	33		
	287	250	294	261		55	007fff	
	294		301		40	66		
	301		308		96			
	308		315		8			
	315		322		72	77		
	322		329		0	22		
	329		336		32	44		
	336		343		72	66		
	343		350		24	77		
	350		357		64	66		
	357		364		0	22		
	364		371		16	33		
line	171	270	185	275	489048
			183	260	
	185	275			204020
draw	0	0	128	480	/pictures/501.png
	608		640		/pictures/512.png
crop	29	159	35	171	8	36	ff0000	/fonts/computer.png
	35		41		40			
	41		47		0			
	102		108				ff7f00	
	108		114					
	114		120		40			
rect	614	359	615	457	007fff
			623	360	
	622			457	00488f
	614	456			
	615	360	622	456	0070e0
	614	231	615	329	ffff7f
			623	232	
	622			329	909048
	614	328			
	615	232	622	328	e0e070
	614	103	615	201	ff7f7f
			623	104	
	622			201	904848
	614	200			
	615	104	622	200	e07070
	634	49	636	52	183018
		53		56	
		57		60	
		61		64	
		65		68	
		69		72	
		73		76	
		77		80	
		81		84	
		85		88	
		89		92	
		93		96	
		97		100	
		101		104	
		105		108	
		109		112	
		113		116	
		117		120	
		121		124	
		125		128	
		129		132	
		133		136	
		137		140	
		141		144	
		145		148	
		149		152	
		153		156	
		157		160	
		161		164	
		165		168	
		169		172	
		173		176	
		177		180	
		181		184	
		185		188	
		189		192	
		193		196	
		197		200	
		201		204	
		205		208	
		209		212	
		213		216	
		217		220	
		221		224	
		225		228	
		229		232	
		233		236	
		237		240	
		241		244	
		245		248	
		249		252	
		253		256	
		257		260	
		261		264	
		265		268	
		269		272	
		273		276	
		277		280	
		281		284	
		285		288	
		289		292	
		293		296	
		297		300	
		301		304	
		305		308	
		309		312	
		313		316	
		317		320	
		321		324	
		325		328	
		329		332	
		333		336	
		337		340	
		341		344	
		345		348	
		349		352	
		353		356	
		357		360	
		361		364	
		365		368	
		369		372	
		373		376	
		377		380	
		381		384	
		385		388	
		389		392	
		393		396	
		397		400	
		401		404	
		405		408	
		409		412	
		413		416	
		417		420	
		421		424	
		425		428	
		429		432	
		433		436	
		437		440	
		441		444	
		445		448	
	621	52	631	56	303000
		57		61	
		62		66	
		67		71	
		72		76	
		77		81	
		82		86	
	7	7	115	115	00ff00
	8	8	114	114	001000
					003000
	12	320	121	440	001000
		330	120	331	009000
		332	13	344	
			121	333	
	120			344	005000
	12	343			
	13	333	120	343	007000
	12	438		439	009000
	16	450	114	475	001010
	17		18	462	00c0c0
			44	451	
	43			462	007070
	17	461			
	18	451	43	461	009090
crop	15	320	21	332	104	48	00ff00	/fonts/computer.png
	21		27		8			
	27		33		72			
	33		39		112			
	39		45		0	24		
	45		51		104	48		
	51		57		40			
	57		63		112			
	63		69		40	60		
	15	332	21	344	96	36		
	21		27		16	48		
	27		33		40	84		
	33		39		72	72		
	39		45		96			
	45		51		32			
	51		57		112	36		
	15	344	21	356	96			
	21		27		24	60		
	27		33		0	84		
	33		39		40	72		
	39		45		24			
	45		51		72			
	51		57		8			
	57		63		96			
	63		69		0	24		
	69		75		120	48		
	75		81		16	84		
	81		87		32	72		
	87		93		40			
	93		99		16	84		
	99		105		24			
	105		111		112	36		
	15	356	21	368	96			
	21		27		104	48		
	27		33		40	72		
	33		39		24	84		
	39		45					
	45		51		8	72		
	51		57		56			
	57		63		40			
	63		69		112	36		
	15	368	21	380	96			
	21		27		104	48		
	27		33		72	72		
	33		39		24	84		
	39		45					
	45		51		72	72		
	51		57		120			
	57		63		112			
	63		69		0	24		
	69		75		24	60		
	75		81		32	84		
	81		87		8	72		
	87		93		32	84		
	93		99		40			
	99		105		24			
	105		111		112	36		
	19	450	25	462	16	60	00ffff	
	25		31		56	48		
	31		37		64			
	37		43		32	60		
	43		49		0	24		
	49		55		24	60		
	55		61		40	72		
	61		67		96			
	67		73		40			
	73		79		24			
	79		85		32	84		
rect	12	180	13	192	ffff00
			121	181	
	120			192	909000
	12	191			
	13	181	120	191	c0c000
crop	15	180	21	192	24	48	000000	/fonts/computer.png
	21		27		120			
	27		33		112			
	33		39		32	60		
	39		45		16			
	45		51		120	48		
	51		57		96			
rect	14	204	36	205	489048
			15	206	
	35		36		
	14	225		226	
		224	15		
	35		36		
	12	252	13	264	007fff
			121	253	
	120			264	00488f
	12	263			
	13	253	120	263	0060c0
crop	15	252	21	264	32	60	000000	/fonts/computer.png
	21		27		8	48		
	27		33		16	60		
	33		39		56	48		
	39		45		40			
	45		51		32	60		
	15	264	21	276	24	48	7fff7f	
	21		27		16	60		
	27		33		40			
	33		39		72	48		
	39		45		24	60		
	45		51		40	48		
	51		57		16	60		
	16	282	34	292	2	7	ffffff	/sprites/...
rect	14	276	36	277	489048
			15	278	
	35		36		
	14	297		298	
		296	15		
	35		36		
	42	278	49	278	003870
				296	0060c0
	40	276	51	277	00488f
			41	278	
	50		51		
	40	297		298	
		296	41		
	50		51		
	55	278	62	278	707000
				296	c0c000
	53	276	64	277	909000
			54	278	
	63		64		
	53	297		298	
		296	54		
	63		64		
crop	69	276	75	288	24	48	7fff7f	/fonts/computer.png
	75		81					
	81		87		0	60		
	87		93		96	48		
	93		99		32	60		
	99		105		56	48		
	105		111		40	60		
	111		117		112	48		
	12	300	18	312	16	60	ff0000	
	18		24		40	72		
	24		30		96			
	30		36		8			
	36		42		72	84		
	42		48		0	24		
	48		54		32	48		
	54		60		72	72		
	60		66		24	84		
	66		72		64	72		
	72		78		0	24		
	78		84		8	36		
