line	293	297	292	297	b0b0b0
	578	156	577	156	
	557	227	556	227	d0d0d0
	348	414	347	414	b0b0b0
	512	317	511	317	d0d0d0
	318		317		
	351	197	350	197	b0b0b0
	425	18	423	18	d0d0d0
	389	187	388	187	
	391	416	390	416	b0b0b0
	553	163	552	163	808080
	414	159	413	159	d0d0d0
	476	10	475	10	b0b0b0
	440	280	439	280	d0d0d0
	468	366	467	366	
	541	286	540	286	
	568	145	567	145	b0b0b0
	552	411	551	411	
	331	287	330	287	d0d0d0
	154	348	153	348	b0b0b0
	241	204	240	204	808080
	336	151	335	151	b0b0b0
	374	160	373	160	d0d0d0
	345	437	344	437	
	302	62	301	62	808080
	428	15	427	15	
	523	450	522	450	d0d0d0
	437	67	436	67	b0b0b0
	315	305	314	305	
	470	307	469	307	d0d0d0
	428	417	427	417	b0b0b0
	167	113	166	113	d0d0d0
	463	303	462	303	808080
	515	87	514	87	d0d0d0
	530	52	529	52	808080
	226	280	225	280	b0b0b0
	448	180	447	180	
	549	121	548	121	808080
	581	69	580	69	b0b0b0
	369	391	368	391	d0d0d0
	488	272	487	272	
	408	3	407	3	
	439	442	438	442	
	329	234	328	234	b0b0b0
	555	194	554	194	
	163	429	162	429	808080
	164	393	163	393	
	280	424	279	424	
	562	306	561	306	b0b0b0
	364	128	363	128	
	368	27	367	27	
	188	25	187	25	d0d0d0
	482	222	481	222	808080
	545	235	544	235	b0b0b0
	565	412	564	412	808080
	399	350	398	350	
	252	115	250	115	d0d0d0
	469	351	468	351	b0b0b0
	302	140	301	140	808080
	503	172	502	172	
	189	134	188	134	
	154	175	152	175	d0d0d0
	222	267	221	267	b0b0b0
	537	40	536	40	808080
	247	134	246	134	
	186	34	185	34	b0b0b0
	175	132	174	132	d0d0d0
	434	129	433	129	
	515	354	514	354	
	247	393	246	393	
	427	246	426	246	
	573	334	572	334	808080
	166	18	164	18	d0d0d0
	405	119	404	119	b0b0b0
	317	52	316	52	d0d0d0
	580	375	579	375	b0b0b0
	208	193	207	193	808080
	289	237	288	237	d0d0d0
	504	315	503	315	b0b0b0
	389	151	388	151	808080
	135	313	134	313	b0b0b0
	511	389	510	389	d0d0d0
	467	66	466	66	808080
	480	329	479	329	b0b0b0
	304	60	303	60	808080
	129	86	128	86	d0d0d0
	405	14	404	14	808080
	377	338	376	338	b0b0b0
	138	408	138	408	808080
	331	268	330	268	d0d0d0
	278	149	277	149	
	424	342	423	342	808080
	180	313	179	312	d0d0d0
	550	314	549	314	808080
	559	192	558	192	b0b0b0
	384	288	383	288	d0d0d0
	571	264	570	264	808080
	194	199	194	199	
	350	146	349	146	b0b0b0
	361	304	360	304	808080
	606	342	605	342	d0d0d0
	608	409	607	409	808080
	228	228	227	228	
	224	211	223	211	b0b0b0
	385	384	384	384	d0d0d0
	588	296	587	296	808080
	223	320	222	320	b0b0b0
	157	153	156	153	808080
	503	26	502	26	d0d0d0
	148	210	147	210	b0b0b0
	355	18	354	18	808080
	317	419	316	419	
	249	87	248	87	b0b0b0
	443	225	442	225	d0d0d0
	189	196	189	196	808080
	156	63	155	63	
	189	462	188	462	
	459	108	458	108	d0d0d0
	374	406	373	406	
	586	375	585	375	808080
	148	39	147	39	
	423	234	422	234	b0b0b0
	238	175	236	175	d0d0d0
	234	165	232	165	
	201	386	200	386	
rect	216	0	217	481	002850
	386		387		005000
	556		557		002850
	128	158	609	159	
		328		329	
	236	222	248	234	900000
triangle	363	235	371	243	00c000
	238	225	246	233	c00000
dither	242	208	332	225	001830
crop	246	212	253	223	16	55	000000	/fonts/tactical.png
	253		260		40	66		
	260		267		96			
	267		274		8			
	274		281		72	77		
	281		288		0	22		
	288		295		32	44		
	295		302		72	66		
	302		309		24	77		
	309		316		64	66		
	316		323		0	22		
	323		330		8	33		
	245	211	252	222	16	55	007fff	
	252		259		40	66		
	259		266		96			
	266		273		8			
	273		280		72	77		
	280		287		0	22		
	287		294		32	44		
	294		301		72	66		
	301		308		24	77		
	308		315		64	66		
	315		322		0	22		
	322		329		8	33		
line	168	229	181	237	489048
			182	222	
	181	237			204020
draw	0	-144	128	624	/interfaces/instruments/left.png
	608		640		/interfaces/instruments/right.png
crop	29	159	35	171	8	36	ff0000	/fonts/computer.png
	35		41		40			
	41		47		0			
	102		108				ff7f00	
	108		114					
	114		120		40			
rect	614	359	615	457	007fff
			623	360	
	622			457	00488f
	614	456			
	615	360	622	456	0070e0
	614	231	615	244	909048
			623	232	
	622			244	505028
	614	243			
	615	232	622	243	707038
	614	244	615	329	ffff7f
			623	245	
	622			329	909048
	614	328			
	615	245	622	328	e0e070
	614	103	615	201	ff7f7f
			623	104	
	622			201	904848
	614	200			
	615	104	622	200	e07070
	634	49	636	52	183018
		53		56	
		57		60	
		61		64	
		65		68	
		69		72	
		73		76	
		77		80	
		81		84	
		85		88	
		89		92	
		93		96	
		97		100	
		101		104	
		105		108	
		109		112	
		113		116	
		117		120	
		121		124	
		125		128	
		129		132	
		133		136	
		137		140	
		141		144	
		145		148	
		149		152	
		153		156	
		157		160	
		161		164	
		165		168	
		169		172	
		173		176	
		177		180	
		181		184	
		185		188	
		189		192	
		193		196	
		197		200	
		201		204	
		205		208	
		209		212	
		213		216	
		217		220	
		221		224	
		225		228	
		229		232	
		233		236	
		237		240	
		241		244	
		245		248	
		249		252	
		253		256	
		257		260	
		261		264	
		265		268	
		269		272	
		273		276	
		277		280	
		281		284	
		285		288	
		289		292	
		293		296	
		297		300	
		301		304	
		305		308	
		309		312	
		313		316	
		317		320	
		321		324	
		325		328	
		329		332	
		333		336	
		337		340	
		341		344	
		345		348	
		349		352	
		353		356	
		357		360	
		361		364	
		365		368	
		369		372	
		373		376	
		377		380	
		381		384	
		385		388	
		389		392	
		393		396	
		397		400	
		401		404	
		405		408	
		409		412	
		413		416	
		417		420	
		421		424	
		425		428	
		429		432	
		433		436	
		437		440	
		441		444	
		445		448	
	621	52	631	56	303000
		57		61	
		62		66	
		67		71	
		72		76	
		77		81	
		82		86	
	7	7	115	115	00ff00
	8	8	114	114	001000
					003000
point	31	59	00e000
			
rect	12	320	121	440	001000
		330	120	331	009000
		332	13	344	
			121	333	
	120			344	005000
	12	343			
	13	333	120	343	007000
	12	438		439	009000
	16	450	114	475	001010
	17		18	462	00c0c0
			44	451	
	43			462	007070
	17	461			
	18	451	43	461	009090
crop	15	320	21	332	104	48	00ff00	/fonts/computer.png
	21		27		8			
	27		33		72			
	33		39		112			
	39		45		0	24		
	45		51		104	48		
	51		57		40			
	57		63		112			
	63		69		40	60		
	15	332	21	344	96	36		
	21		27		16	48		
	27		33		40	84		
	33		39		72	72		
	39		45		96			
	45		51		32			
	51		57		112	36		
	15	344	21	356	96			
	21		27		24	60		
	27		33		0	84		
	33		39		40	72		
	39		45		24			
	45		51		72			
	51		57		8			
	57		63		96			
	63		69		0	24		
	69		75		120	48		
	75		81		16	84		
	81		87		32	72		
	87		93		40			
	93		99		16	84		
	99		105		24			
	105		111		112	36		
	15	356	21	368	96			
	21		27		104	48		
	27		33		40	72		
	33		39		24	84		
	39		45					
	45		51		8	72		
	51		57		56			
	57		63		40			
	63		69		112	36		
	15	368	21	380	96			
	21		27		104	48		
	27		33		72	72		
	33		39		24	84		
	39		45					
	45		51		72	72		
	51		57		120			
	57		63		112			
	63		69		0	24		
	69		75		24	60		
	75		81		32	84		
	81		87		8	72		
	87		93		32	84		
	93		99		40			
	99		105		24			
	105		111		112	36		
	19	450	25	462	16	60	00ffff	
	25		31		56	48		
	31		37		64			
	37		43		32	60		
	43		49		0	24		
	49		55		24	60		
	55		61		40	72		
	61		67		96			
	67		73		40			
	73		79		24			
	79		85		32	84		
rect	12	180	13	192	ffff00
			121	181	
	120			192	909000
	12	191			
	13	181	120	191	c0c000
crop	15	180	21	192	24	48	000000	/fonts/computer.png
	21		27		120			
	27		33		112			
	33		39		32	60		
	39		45		16			
	45		51		120	48		
	51		57		96			
rect	14	204	36	205	489048
			15	206	
	35		36		
	14	225		226	
		224	15		
	35		36		
	12	252	13	264	007fff
			121	253	
	120			264	00488f
	12	263			
	13	253	120	263	0060c0
crop	15	252	21	264	32	60	000000	/fonts/computer.png
	21		27		8	48		
	27		33		16	60		
	33		39		56	48		
	39		45		40			
	45		51		32	60		
	15	264	21	276	16		7fff7f	
	21		27		40	72		
	27		33		96			
	33		39		8			
	39		45		72	84		
	45		51		0	24		
	51		57		32	48		
	57		63		72	72		
	63		69		24	84		
	69		75		64	72		
	75		81		0	24		
	81		87		8	36		
draw	16	278	33	296	/sprites/loc/relay%0
rect	14	276	36	277	489048
			15	278	
	35		36		
	14	297		298	
		296	15		
	35		36		
	42	278	49	278	003870
				296	0060c0
	40	276	51	277	00488f
			41	278	
	50		51		
	40	297		298	
		296	41		
	50		51		
