point	156	426	808080
	229	261	d0d0d0
	175	116	808080
	455	461	
	532	105	b0b0b0
	498	142	
	479	223	808080
	270	327	
	537	236	d0d0d0
	598	357	808080
	388	105	
	575	22	b0b0b0
	355	202	808080
	428	42	d0d0d0
	129	438	808080
	590	20	b0b0b0
	492	252	808080
	228	51	b0b0b0
	387	182	
	342	91	808080
	549	259	
	500	391	
	364	61	
	362	459	b0b0b0
	352	26	d0d0d0
	487	319	
	463	239	
	188	51	808080
	322	247	d0d0d0
	425	203	
	397	284	808080
	265	375	
	296	188	
	382	173	d0d0d0
	584	193	808080
	424	389	
	317	233	b0b0b0
	310	306	d0d0d0
	347	2	b0b0b0
	242	311	808080
	383	346	
	576	219	
	464	223	
	175	383	
	304	176	b0b0b0
	512	23	d0d0d0
	236	222	808080
	351	410	
	331	355	
	311	3	
	217	118	b0b0b0
	406	436	
	286	325	
	489	335	808080
	172	159	b0b0b0
	203	476	
	499	457	
	297	89	808080
	493	239	b0b0b0
	543	274	808080
	290	45	b0b0b0
	304	436	d0d0d0
	210	459	b0b0b0
	525	127	808080
	318	269	
	534	394	b0b0b0
	286	244	d0d0d0
	135	80	808080
	271	87	
	552	343	
	254	65	b0b0b0
	180	421	
	525	280	808080
	484	157	d0d0d0
	217	192	808080
	151	156	d0d0d0
	519	363	808080
		400	
	131	438	
	140	168	
	367	437	
	172	247	d0d0d0
	501	447	b0b0b0
	155	385	808080
	460	443	d0d0d0
	360	212	b0b0b0
	157	372	808080
	491	65	
	130	237	
	319	141	d0d0d0
	249	357	
	316	129	b0b0b0
	398	224	
	302	174	808080
	167	225	
	566	261	
	203	475	b0b0b0
	481	168	808080
	218	232	b0b0b0
	453	304	
	526	120	
	146	142	d0d0d0
	299	255	808080
	308	12	b0b0b0
	565	418	808080
	604	168	
	415	8	b0b0b0
	396	54	
	162	55	d0d0d0
	374	401	808080
	384	49	
	518	53	b0b0b0
	242	98	
	585	49	d0d0d0
	419	432	808080
	327	92	d0d0d0
	477	291	
	287	284	808080
	467	142	d0d0d0
	400	125	
	264	323	b0b0b0
	498	94	
	343	30	
	428	453	808080
	509	111	b0b0b0
	574	424	808000
	351	280	
	313	396	a0a000
	377	200	
	332	353	b0b000
	433	244	
	401	208	d0d000
	377	210	
	378	252	f0f000
	385	224	
line	128	238	608	238	000050
	393	141	391	154	00ff00
static	353	223	385	257	ffffff	108	/sprites/521.SMIV/0
draw	373	176	385	188	/sprites/507.SMIV/7
	372	175	388	189	/sprites/507.SMIV/0
	377	178	383	184	/sprites/513.SMIV/18
		177	385		/sprites/513.SMIV/23
	361	174	373	192	/sprites/645.SMIV/14
	368	169	392	190	/sprites/517.SMIV/0
	359	159	407	211	/sprites/504.SMIV/0
	370	196	379	204	/sprites/554.SMIV/0
line	378	41	370	54	489048
			385	55	
	370	54			204020
draw	0	0	128	480	/pictures/501.png
	608		640		/pictures/512.png
tint	29	159	37	172	ff0000	/font/5001/31
	35		43			/font/5001/33
	41		49			/font/5001/39
	102		110		ff7f00	/font/5001/30
	108		116			
	114		122			/font/5001/32
line	614	373	614	359	00488f
		359	622		
	622			373	002850
		373	614		
rect	615	360	622	373	003870
line	614	456	614	374	007fff
		374	622		
	622			456	00488f
		456	614		
rect	615	375	622	456	0070e0
line	614	231	614	231	909048
			622		
	622				505028
			614		
	614	328		232	ffff7f
		232	622		
	622			328	909048
		328	614		
rect	615	233	622	328	e0e070
line	614	106	614	103	904848
		103	622		
	622			106	502828
		106	614		
rect	615	104	622	106	703838
line	614	200	614	107	ff7f7f
		107	622		
	622			200	904848
		200	614		
rect	615	108	622	200	e07070
	634	49	636	52	183018
		53		56	
		57		60	
		61		64	
		65		68	
		69		72	
		73		76	
		77		80	
		81		84	
		85		88	
		89		92	
		93		96	
		97		100	
		101		104	
		105		108	
		109		112	
		113		116	
		117		120	
		121		124	
		125		128	
		129		132	
		133		136	
		137		140	
		141		144	
		145		148	
		149		152	
		153		156	
		157		160	
		161		164	
		165		168	
		169		172	
		173		176	
		177		180	
		181		184	
		185		188	
		189		192	
		193		196	
		197		200	
		201		204	
		205		208	
		209		212	
		213		216	
		217		220	
		221		224	
		225		228	
		229		232	
		233		236	
		237		240	
		241		244	
		245		248	
		249		252	
		253		256	
		257		260	
		261		264	
		265		268	
		269		272	
		273		276	
		277		280	
		281		284	
		285		288	
		289		292	
		293		296	
		297		300	
		301		304	
		305		308	
		309		312	
		313		316	
		317		320	
		321		324	
		325		328	
		329		332	
		333		336	
		337		340	
		341		344	
		345		348	
		349		352	
		353		356	
		357		360	
		361		364	
		365		368	
		369		372	
		373		376	
		377		380	
		381		384	
		385		388	
		389		392	
		393		396	
		397		400	
		401		404	
		405		408	
		409		412	
		413		416	
		417		420	
		421		424	
		425		428	
		429		432	
		433		436	
		437		440	
		441		444	
		445		448	
	621	52	631	56	303000
		57		61	
		62		66	
		67		71	
		72		76	
		77		81	
		82		86	
	7	7	115	115	00ff00
	8	8	114	114	001000
	57	57	65	65	003000
point	72	67	00e000
	61	60	
	67	55	
	61	60	
			
			
			
			
			
			
			
		61	
rect	12	320	121	440	001000
line	12	330	119	330	009000
tint	15	320	23	333	00ff00	/font/5001/4d
	21		29			/font/5001/41
	27		35			/font/5001/49
	33		41			/font/5001/4e
	39		47			/font/5001/20
	45		53			/font/5001/4d
	51		59			/font/5001/45
	57		65			/font/5001/4e
	63		71			/font/5001/55
line	12	343	12	332	009000
		332	120		
	120			343	005000
		343	12		
rect	13	333	120	343	007000
tint	15	332	23	345	00ff00	/font/5001/3c
	21		29			/font/5001/42
	27		35			/font/5001/75
	33		41			/font/5001/69
	39		47			/font/5001/6c
	45		53			/font/5001/64
	51		59			/font/5001/3e
	15	344	23	357		/font/5001/3c
	21		29			/font/5001/53
	27		35			/font/5001/70
	33		41			/font/5001/65
	39		47			/font/5001/63
	45		53			/font/5001/69
	51		59			/font/5001/61
	57		65			/font/5001/6c
	63		71			/font/5001/20
	69		77			/font/5001/4f
	75		83			/font/5001/72
	81		89			/font/5001/64
	87		95			/font/5001/65
	93		101			/font/5001/72
	99		107			/font/5001/73
	105		113			/font/5001/3e
	15	356	23	369		/font/5001/3c
	21		29			/font/5001/4d
	27		35			/font/5001/65
	33		41			/font/5001/73
	39		47			
	45		53			/font/5001/61
	51		59			/font/5001/67
	57		65			/font/5001/65
	63		71			/font/5001/3e
	15	368	23	381		/font/5001/3c
	21		29			/font/5001/4d
	27		35			/font/5001/69
	33		41			/font/5001/73
	39		47			
	45		53			/font/5001/69
	51		59			/font/5001/6f
	57		65			/font/5001/6e
	63		71			/font/5001/20
	69		77			/font/5001/53
	75		83			/font/5001/74
	81		89			/font/5001/61
	87		95			/font/5001/74
	93		101			/font/5001/75
	99		107			/font/5001/73
	105		113			/font/5001/3e
line	12	438	119	438	009000
rect	16	450	114	475	001010
line	17	461	17	450	00c0c0
		450	43		
	43			461	007070
		461	17		
rect	18	451	43	461	009090
tint	19	450	27	463	00ffff	/font/5001/52
	25		33			/font/5001/47
	31		39			/font/5001/48
	37		45			/font/5001/54
	43		51			/font/5001/20
	49		57			/font/5001/53
	55		63			/font/5001/65
	61		69			/font/5001/6c
	67		75			/font/5001/65
	73		81			/font/5001/63
	79		87			/font/5001/74
rect	12	180	120	192	000000
line	12	191	12	180	ffff00
		180	119		
	119			191	909000
		191	12		
rect	13	181	119	191	c0c000
tint	15	180	23	193	000000	/font/5001/43
	21		29			/font/5001/4f
	27		35			/font/5001/4e
	33		41			/font/5001/54
	39		47			/font/5001/52
	45		53			/font/5001/4f
	51		59			/font/5001/4c
rect	12	192	120	204	000000
	14	204	36	226	
line	14	204	35	204	489048
			14	205	
	35		35		
	14	225		225	
			14	224	
	35		35		
rect	40	204	51	226	000000
	53		64		
	69		120	216	
		216		228	
		192		204	
	12	228		240	
		252		264	
line	12	263	12	252	007fff
		252	119		
	119			263	00488f
		263	12		
rect	13	253	119	263	0060c0
tint	15	252	23	265	000000	/font/5001/54
	21		29			/font/5001/41
	27		35			/font/5001/52
	33		41			/font/5001/47
	39		47			/font/5001/45
	45		53			/font/5001/54
rect	12	264	120	276	000000
tint	15	264	23	277	7fff7f	/font/5001/52
	21		29			/font/5001/65
	27		35			/font/5001/6c
	33		41			/font/5001/61
	39		47			/font/5001/79
	45		53			/font/5001/20
	51		59			/font/5001/44
	57		65			/font/5001/69
	63		71			/font/5001/73
	69		77			/font/5001/68
	75		83			/font/5001/20
	81		89			/font/5001/31
rect	14	276	36	298	000000
draw	17	278	34	296	/sprites/552.SMIV/0
line	14	276	35	276	489048
			14	277	
	35		35		
	14	297		297	
			14	296	
	35		35		
rect	40	276	51	298	000000
	42	278	49	278	003870
				296	0060c0
line	40	276	50	276	00488f
			40	277	
	50		50		
	40	297		297	
			40	296	
	50		50		
rect	53	276	64	298	000000
	69		120	288	
		288		300	
	12	300		312	
