point	322	67	d0d0d0
	426	417	b0b0b0
	556	332	d0d0d0
	284	267	808080
	225	294	b0b0b0
	186	379	808080
	307	30	
	577	278	
	220	364	b0b0b0
	426	163	808080
	512	391	
	521	28	b0b0b0
	184	8	808080
	553	61	
	404	273	b0b0b0
	552	313	808080
	320	59	
	288	443	b0b0b0
	467	405	808080
	215	376	
	377	66	
	328	197	
	442	36	d0d0d0
	576	153	
	323	298	808080
	600	441	b0b0b0
	391	366	
	561	282	
	494	240	
	301	340	
	225	90	808080
	573	294	
	603	240	
	245	318	b0b0b0
	412	0	808080
	252	195	
	560	367	
	446	156	d0d0d0
	515	24	808080
	549	149	
	211	153	
	404	25	
	292	29	
	544	37	d0d0d0
	551	299	808080
	467	428	b0b0b0
	481	222	d0d0d0
	180	216	808080
	159	162	
	211	318	d0d0d0
	382	133	
	148	146	b0b0b0
	198	359	d0d0d0
	317	141	808080
	463	98	
	352	384	d0d0d0
	241	166	b0b0b0
	591	130	
	427	428	
	371	80	808080
	523	178	b0b0b0
	221	439	d0d0d0
	431	105	b0b0b0
	145	412	808080
	146	76	
	276	104	b0b0b0
	452	469	808080
	517	397	d0d0d0
	409	269	
	380	149	808080
	358	253	b0b0b0
	469	276	808080
	353	87	
	429	305	b0b0b0
	437	384	d0d0d0
	357	370	808080
	347	169	
		207	
	438	253	
	552	337	b0b0b0
	195	243	808080
	336	466	b0b0b0
	243	156	
	319	27	d0d0d0
	595	151	
	529	401	b0b0b0
	462	460	808080
	575	204	b0b0b0
	366	276	
	584	448	
	181	327	
	552	81	808080
	366	393	d0d0d0
	410	443	
	233	266	b0b0b0
	394	67	808080
	385	398	
	162	432	d0d0d0
	439	104	b0b0b0
	195	14	
	484	308	
	277	419	808080
	606	258	b0b0b0
	466	87	d0d0d0
	393	224	808080
	175	243	d0d0d0
	586	52	b0b0b0
	158	166	d0d0d0
	528	405	808080
	202	208	
	527	360	
	403	320	
	246	327	b0b0b0
	561	255	808080
	248	239	
	393	330	
	243	406	b0b0b0
	583	352	d0d0d0
	573	157	808080
	554	348	
	486	288	b0b0b0
	527	194	d0d0d0
	570	410	b0b0b0
	256	260	808080
	500	358	
	315	44	100800
	165	296	
	198	68	
	548	346	
	336	270	
	506	360	
	398	271	
	198	57	
	250	278	
	371	134	
	315	279	402000
	362	282	
	480	166	
	240	116	
	464	249	
	421	51	
	475	58	
	236	336	
	245	242	
	453	102	
line	155	0	155	480	002850
	405		405		000050
	128	245	608	245	
draw	361	233	378	249	/sprites/521.SMIV/21
	329	156	336	163	/sprites/507.SMIV/2
	308	188	310	190	/sprites/513.SMIV/13
	318	186	321	188	/sprites/513.SMIV/11
	300	156	305	160	/sprites/503.SMIV/21
	294	145	328	176	/sprites/504.SMIV/5
line	242	85	244	100	489048
			256	90	
	244	100			204020
draw	0	0	128	480	/pictures/501.png
	608		640		/pictures/512.png
tint	29	159	35	171	ff0000	/fonts/computer/31
	35		41			/fonts/computer/32
	41		47			/fonts/computer/39
	102		108		ff7f00	/fonts/computer/30
	108		114			
	114		120			/fonts/computer/32
line	614	373	614	359	00488f
		359	622		
	622			373	002850
		373	614		
rect	615	360	622	373	003870
line	614	456	614	374	007fff
		374	622		
	622			456	00488f
		456	614		
rect	615	375	622	456	0070e0
line	614	231	614	231	909048
			622		
	622				505028
			614		
	614	328		232	ffff7f
		232	622		
	622			328	909048
		328	614		
rect	615	233	622	328	e0e070
line	614	105	614	103	904848
		103	622		
	622			105	502828
		105	614		
rect	615	104	622	105	703838
line	614	200	614	106	ff7f7f
		106	622		
	622			200	904848
		200	614		
rect	615	107	622	200	e07070
	634	49	636	52	183018
		53		56	
		57		60	
		61		64	
		65		68	
		69		72	
		73		76	
		77		80	
		81		84	
		85		88	
		89		92	
		93		96	
		97		100	
		101		104	
		105		108	
		109		112	
		113		116	
		117		120	
		121		124	
		125		128	
		129		132	
		133		136	
		137		140	
		141		144	
		145		148	
		149		152	
		153		156	
		157		160	
		161		164	
		165		168	
		169		172	
		173		176	
		177		180	
		181		184	
		185		188	
		189		192	
		193		196	
		197		200	
		201		204	
		205		208	
		209		212	
		213		216	
		217		220	
		221		224	
		225		228	
		229		232	
		233		236	
		237		240	
		241		244	
		245		248	
		249		252	
		253		256	
		257		260	
		261		264	
		265		268	
		269		272	
		273		276	
		277		280	
		281		284	
		285		288	
		289		292	
		293		296	
		297		300	
		301		304	
		305		308	
		309		312	
		313		316	
		317		320	
		321		324	
		325		328	
		329		332	
		333		336	
		337		340	
		341		344	
		345		348	
		349		352	
		353		356	
		357		360	
		361		364	
		365		368	
		369		372	
		373		376	
		377		380	
		381		384	
		385		388	
		389		392	
		393		396	
		397		400	
		401		404	
		405		408	
		409		412	
		413		416	
		417		420	
		421		424	
		425		428	
		429		432	
		433		436	
		437		440	
		441		444	
		445		448	
	621	52	631	56	303000
		57		61	
		62		66	
		67		71	
		72		76	
		77		81	
		82		86	
	7	7	115	115	00ff00
	8	8	114	114	001000
	52	52	70	70	003000
point	59	58	00e000
			
	60		
	59	59	
	38	51	
	45	41	
	60	59	
rect	12	320	121	440	001000
line	12	330	119	330	009000
tint	15	320	21	332	00ff00	/fonts/computer/4d
	21		27			/fonts/computer/41
	27		33			/fonts/computer/49
	33		39			/fonts/computer/4e
	39		45			/fonts/computer/20
	45		51			/fonts/computer/4d
	51		57			/fonts/computer/45
	57		63			/fonts/computer/4e
	63		69			/fonts/computer/55
line	12	343	12	332	009000
		332	120		
	120			343	005000
		343	12		
rect	13	333	120	343	007000
tint	15	332	21	344	00ff00	/fonts/computer/3c
	21		27			/fonts/computer/42
	27		33			/fonts/computer/75
	33		39			/fonts/computer/69
	39		45			/fonts/computer/6c
	45		51			/fonts/computer/64
	51		57			/fonts/computer/3e
	15	344	21	356		/fonts/computer/3c
	21		27			/fonts/computer/53
	27		33			/fonts/computer/70
	33		39			/fonts/computer/65
	39		45			/fonts/computer/63
	45		51			/fonts/computer/69
	51		57			/fonts/computer/61
	57		63			/fonts/computer/6c
	63		69			/fonts/computer/20
	69		75			/fonts/computer/4f
	75		81			/fonts/computer/72
	81		87			/fonts/computer/64
	87		93			/fonts/computer/65
	93		99			/fonts/computer/72
	99		105			/fonts/computer/73
	105		111			/fonts/computer/3e
	15	356	21	368		/fonts/computer/3c
	21		27			/fonts/computer/4d
	27		33			/fonts/computer/65
	33		39			/fonts/computer/73
	39		45			
	45		51			/fonts/computer/61
	51		57			/fonts/computer/67
	57		63			/fonts/computer/65
	63		69			/fonts/computer/3e
	15	368	21	380		/fonts/computer/3c
	21		27			/fonts/computer/4d
	27		33			/fonts/computer/69
	33		39			/fonts/computer/73
	39		45			
	45		51			/fonts/computer/69
	51		57			/fonts/computer/6f
	57		63			/fonts/computer/6e
	63		69			/fonts/computer/20
	69		75			/fonts/computer/53
	75		81			/fonts/computer/74
	81		87			/fonts/computer/61
	87		93			/fonts/computer/74
	93		99			/fonts/computer/75
	99		105			/fonts/computer/73
	105		111			/fonts/computer/3e
line	12	438	119	438	009000
rect	16	450	114	475	001010
line	17	461	17	450	00c0c0
		450	43		
	43			461	007070
		461	17		
rect	18	451	43	461	009090
tint	19	450	25	462	00ffff	/fonts/computer/52
	25		31			/fonts/computer/47
	31		37			/fonts/computer/48
	37		43			/fonts/computer/54
	43		49			/fonts/computer/20
	49		55			/fonts/computer/53
	55		61			/fonts/computer/65
	61		67			/fonts/computer/6c
	67		73			/fonts/computer/65
	73		79			/fonts/computer/63
	79		85			/fonts/computer/74
line	12	191	12	180	ffff00
		180	120		
	120			191	909000
		191	12		
rect	13	181	120	191	c0c000
tint	15	180	21	192	000000	/fonts/computer/43
	21		27			/fonts/computer/4f
	27		33			/fonts/computer/4e
	33		39			/fonts/computer/54
	39		45			/fonts/computer/52
	45		51			/fonts/computer/4f
	51		57			/fonts/computer/4c
line	14	204	35	204	489048
			14	205	
	35		35		
	14	225		225	
			14	224	
	35		35		
	12	263	12	252	007fff
		252	120		
	120			263	00488f
		263	12		
rect	13	253	120	263	0060c0
tint	15	252	21	264	000000	/fonts/computer/54
	21		27			/fonts/computer/41
	27		33			/fonts/computer/52
	33		39			/fonts/computer/47
	39		45			/fonts/computer/45
	45		51			/fonts/computer/54
line	14	276	35	276	489048
			14	277	
	35		35		
	14	297		297	
			14	296	
	35		35		
