	332	79	332	79	d0d0d0
	433	426	433	426	b0b0b0
	566	343	566	343	d0d0d0
	289	273	289	273	808080
	233	302	233	302	b0b0b0
	192	384	191	384	808080
	312	35	312	35	
	582	283	582	283	
	227	373	227	373	b0b0b0
	431	169	431	169	808080
	518	396	518	396	
	529	36	529	36	b0b0b0
	189	14	189	14	808080
	559	67	558	67	
	412	281	412	281	b0b0b0
	558	319	557	319	808080
	326	64	326	64	
	296	451	296	451	b0b0b0
	472	411	472	411	808080
	220	382	220	382	
	382	71	382	71	
	333	202	333	202	
	453	47	453	47	d0d0d0
	586	164	586	164	
	328	304	328	304	808080
	129	315	129	315	d0d0d0
	398	375	398	375	b0b0b0
	568	290	568	290	
	501	248	501	248	
	309	348	309	348	
	230	96	230	96	808080
	578	300	578	300	
	130	353	129	353	b0b0b0
	252	326	252	326	
	417	5	417	5	808080
	257	201	257	201	
	565	373	565	373	
	456	167	456	167	d0d0d0
	520	30	520	30	808080
	555	154	555	154	
	217	158	217	158	
	409	31	409	31	
	297	35	297	35	
	554	48	554	48	d0d0d0
	556	305	556	305	808080
	474	436	474	436	b0b0b0
	492	233	492	233	d0d0d0
	185	222	185	222	808080
	165	167	164	167	
	222	329	222	329	d0d0d0
	392	144	392	144	
	155	154	155	154	b0b0b0
	208	371	208	371	d0d0d0
	322	147	322	147	808080
	468	103	468	103	
	363	395	363	395	d0d0d0
	249	175	249	175	b0b0b0
	599	138	599	138	
	434	436	434	436	
	376	86	376	86	808080
	531	186	531	186	b0b0b0
	231	450	231	450	d0d0d0
	439	113	439	113	b0b0b0
	150	418	150	418	808080
	151	81	151	81	
	283	112	283	112	b0b0b0
	457	474	457	474	808080
	527	408	527	408	d0d0d0
	419	280	419	280	
	385	155	385	155	808080
	366	262	366	262	b0b0b0
	474	281	474	281	808080
	358	92	358	92	
	437	313	437	313	b0b0b0
	448	395	448	395	d0d0d0
	362	376	362	376	808080
	352	175	352	175	
	353	212		212	
	443	258	443	258	
	560	345	560	345	b0b0b0
	200	249	200	249	808080
	344	474	343	474	b0b0b0
	251	165	251	165	
	329	38	329	38	d0d0d0
	605	162	605	162	
	537	409	537	409	b0b0b0
	467	466	467	466	808080
	582	212	582	212	b0b0b0
	373	284	373	284	
	592	456	592	456	
	189	335	189	335	
	557	87	557	87	808080
	377	404	376	404	d0d0d0
	420	454	420	454	
	241	274	241	274	b0b0b0
	399	72	399	72	808080
	390	404	390	404	
	172	443	172	443	d0d0d0
	447	112	447	112	b0b0b0
	203	22	203	22	
	492	316	492	316	
	282	425	282	425	808080
	136	209	136	209	d0d0d0
	476	98	476	98	
	398	230	398	230	808080
	185	254	185	254	d0d0d0
	594	61	593	61	b0b0b0
	169	177	169	177	d0d0d0
	533	411	533	411	808080
	207	213	207	213	
	533	365	532	365	
	409	326	409	326	
	254	335	254	335	b0b0b0
	566	261	566	261	808080
	253	244	253	244	
	398	336	398	336	
	251	414	251	414	b0b0b0
	593	363	593	363	d0d0d0
	578	162	578	162	808080
	559	354	559	354	
	493	296	493	296	b0b0b0
	537	205	537	205	d0d0d0
	577	418	577	418	b0b0b0
	261	265	261	265	808080
	506	363	505	363	
	441	0	441	480	005000
	128	131	608	131	
		451		451	
rect	112	442	130	460	00488f
	228	350	240	362	900000
	97	357	109	369	
triangle	364	236	372	244	00c000
	230	352	238	360	c00000
					
	105	354	115	364	
	99	359	107	367	
					
rect	326	229	328	231	c00000
	343	204	345	206	
	371	253	373	255	
	375	252	377	254	
line	172	277	187	282	489048
			184	267	
	187	282			204020
draw	0	0	128	480	/pictures/501.png
	608		640		/pictures/512.png
tint	29	159	37	172	ff0000	/font/5001/31
	35		43			/font/5001/32
	41		49			/font/5001/39
	102		110		ff7f00	/font/5001/30
	108		116			
	114		122			/font/5001/32
line	614	373	614	359	00488f
		359	622		
	622			373	002850
		373	614		
rect	615	360	622	373	003870
line	614	456	614	374	007fff
		374	622		
	622			456	00488f
		456	614		
rect	615	375	622	456	0070e0
line	614	231	614	231	909048
			622		
	622				505028
			614		
	614	328		232	ffff7f
		232	622		
	622			328	909048
		328	614		
rect	615	233	622	328	e0e070
line	614	105	614	103	904848
		103	622		
	622			105	502828
		105	614		
rect	615	104	622	105	703838
line	614	200	614	106	ff7f7f
		106	622		
	622			200	904848
		200	614		
rect	615	107	622	200	e07070
	634	49	636	52	183018
		53		56	
		57		60	
		61		64	
		65		68	
		69		72	
		73		76	
		77		80	
		81		84	
		85		88	
		89		92	
		93		96	
		97		100	
		101		104	
		105		108	
		109		112	
		113		116	
		117		120	
		121		124	
		125		128	
		129		132	
		133		136	
		137		140	
		141		144	
		145		148	
		149		152	
		153		156	
		157		160	
		161		164	
		165		168	
		169		172	
		173		176	
		177		180	
		181		184	
		185		188	
		189		192	
		193		196	
		197		200	
		201		204	
		205		208	
		209		212	
		213		216	
		217		220	
		221		224	
		225		228	
		229		232	
		233		236	
		237		240	
		241		244	
		245		248	
		249		252	
		253		256	
		257		260	
		261		264	
		265		268	
		269		272	
		273		276	
		277		280	
		281		284	
		285		288	
		289		292	
		293		296	
		297		300	
		301		304	
		305		308	
		309		312	
		313		316	
		317		320	
		321		324	
		325		328	
		329		332	
		333		336	
		337		340	
		341		344	
		345		348	
		349		352	
		353		356	
		357		360	
		361		364	
		365		368	
		369		372	
		373		376	
		377		380	
		381		384	
		385		388	
		389		392	
		393		396	
		397		400	
		401		404	
		405		408	
		409		412	
		413		416	
		417		420	
		421		424	
		425		428	
		429		432	
		433		436	
		437		440	
		441		444	
		445		448	
	621	52	631	56	303000
		57		61	
		62		66	
		67		71	
		72		76	
		77		81	
		82		86	
	7	7	115	115	00ff00
	8	8	114	114	001000
					003000
point	67	63	00e000
	63	68	
	41	57	
	49	44	
	65	67	
rect	12	320	121	440	001000
line	12	330	119	330	009000
tint	15	320	23	333	00ff00	/font/5001/4d
	21		29			/font/5001/41
	27		35			/font/5001/49
	33		41			/font/5001/4e
	39		47			/font/5001/20
	45		53			/font/5001/4d
	51		59			/font/5001/45
	57		65			/font/5001/4e
	63		71			/font/5001/55
line	12	343	12	332	009000
		332	120		
	120			343	005000
		343	12		
rect	13	333	120	343	007000
tint	15	332	23	345	00ff00	/font/5001/3c
	21		29			/font/5001/42
	27		35			/font/5001/75
	33		41			/font/5001/69
	39		47			/font/5001/6c
	45		53			/font/5001/64
	51		59			/font/5001/3e
	15	344	23	357		/font/5001/3c
	21		29			/font/5001/53
	27		35			/font/5001/70
	33		41			/font/5001/65
	39		47			/font/5001/63
	45		53			/font/5001/69
	51		59			/font/5001/61
	57		65			/font/5001/6c
	63		71			/font/5001/20
	69		77			/font/5001/4f
	75		83			/font/5001/72
	81		89			/font/5001/64
	87		95			/font/5001/65
	93		101			/font/5001/72
	99		107			/font/5001/73
	105		113			/font/5001/3e
	15	356	23	369		/font/5001/3c
	21		29			/font/5001/4d
	27		35			/font/5001/65
	33		41			/font/5001/73
	39		47			
	45		53			/font/5001/61
	51		59			/font/5001/67
	57		65			/font/5001/65
	63		71			/font/5001/3e
	15	368	23	381		/font/5001/3c
	21		29			/font/5001/4d
	27		35			/font/5001/69
	33		41			/font/5001/73
	39		47			
	45		53			/font/5001/69
	51		59			/font/5001/6f
	57		65			/font/5001/6e
	63		71			/font/5001/20
	69		77			/font/5001/53
	75		83			/font/5001/74
	81		89			/font/5001/61
	87		95			/font/5001/74
	93		101			/font/5001/75
	99		107			/font/5001/73
	105		113			/font/5001/3e
line	12	438	119	438	009000
rect	16	450	114	475	001010
line	17	461	17	450	00c0c0
		450	43		
	43			461	007070
		461	17		
rect	18	451	43	461	009090
tint	19	450	27	463	00ffff	/font/5001/52
	25		33			/font/5001/47
	31		39			/font/5001/48
	37		45			/font/5001/54
	43		51			/font/5001/20
	49		57			/font/5001/53
	55		63			/font/5001/65
	61		69			/font/5001/6c
	67		75			/font/5001/65
	73		81			/font/5001/63
	79		87			/font/5001/74
line	12	191	12	180	ffff00
		180	119		
	119			191	909000
		191	12		
rect	13	181	119	191	c0c000
tint	15	180	23	193	000000	/font/5001/43
	21		29			/font/5001/4f
	27		35			/font/5001/4e
	33		41			/font/5001/54
	39		47			/font/5001/52
	45		53			/font/5001/4f
	51		59			/font/5001/4c
line	14	204	35	204	489048
			14	205	
	35		35		
	14	225		225	
			14	224	
	35		35		
	12	263	12	252	007fff
		252	119		
	119			263	00488f
		263	12		
rect	13	253	119	263	0060c0
tint	15	252	23	265	000000	/font/5001/54
	21		29			/font/5001/41
	27		35			/font/5001/52
	33		41			/font/5001/47
	39		47			/font/5001/45
	45		53			/font/5001/54
line	14	276	35	276	489048
			14	277	
	35		35		
	14	297		297	
			14	296	
	35		35		
