point	151	379	808080
	414	267	b0b0b0
	366	97	
	323	419	808080
	359	237	d0d0d0
	281	22	808080
	436	442	b0b0b0
	278	82	808080
	528	153	
	604	151	
	597	110	b0b0b0
	469	146	d0d0d0
	245	393	808080
	510	254	b0b0b0
	469	389	d0d0d0
	602	258	808080
	557	118	b0b0b0
	291	173	808080
	170	57	
	137	352	
	136	295	
	598	122	
	239	225	
	492	85	
	260	56	b0b0b0
	327	469	808080
	307	331	b0b0b0
	159	116	808080
	416	22	
	359	475	d0d0d0
	185	37	808080
	180	111	
	276	391	b0b0b0
	503	121	d0d0d0
	427	322	b0b0b0
	404	197	
	605	308	808080
	197	100	
	189	279	d0d0d0
	424	87	808080
	149	288	
	164	16	b0b0b0
	151	294	d0d0d0
	193	301	b0b0b0
	325	288	d0d0d0
	579	324	b0b0b0
	137	9	808080
	366	229	d0d0d0
	176	137	b0b0b0
	421	271	
	404	369	808080
	308	227	
	575	95	
	267	24	b0b0b0
	552	397	808080
	200	422	b0b0b0
	145	364	808080
	400	446	d0d0d0
	289	202	808080
	565	306	
	327	111	
	406	340	b0b0b0
	479	302	
	481	199	
	482	355	d0d0d0
	256	157	b0b0b0
	142	92	808080
	327	43	d0d0d0
	538	455	b0b0b0
	383	251	
	293	344	d0d0d0
	491	277	808080
	499	245	b0b0b0
	157	260	808080
	220	339	
	316	6	
	237	111	
	514	74	b0b0b0
	292	66	
	195	78	808080
	417	292	
	427	249	b0b0b0
	418	264	
	435	17	808080
	194	207	
	421	475	d0d0d0
	293	46	808080
	470	129	
	429	165	
	324	310	b0b0b0
	522	39	d0d0d0
	219	277	b0b0b0
	193	298	808080
	335	224	d0d0d0
	357	378	808080
	418	16	d0d0d0
	260	454	b0b0b0
	231	64	
	335	131	d0d0d0
	338	281	808080
	154	327	
	480	445	b0b0b0
	424	419	808080
	344	447	
	334	194	
	454	209	
	350	402	
	162	348	d0d0d0
	267	213	808080
	536	435	b0b0b0
	598	359	
	560	20	
	154	260	d0d0d0
	399	256	
	487	64	808080
	464	189	
	569	82	b0b0b0
	292	293	808080
	462	449	b0b0b0
	399	302	808080
	259	375	
	240	85	
	236	398	
	536	365	d0d0d0
	393	178	808080
line	284	0	284	480	005000
	128	186	608	186	000050
draw	352	226	387	250	/sprites/521.SMIV/18
	471	104	478	111	/sprites/655.SMIV/2
	484	122	487	123	/sprites/655.SMIV/0
	492	130	506	146	/sprites/548.SMIV/3
	419	93	426	100	/sprites/655.SMIV/4
	448	76	458	84	/sprites/655.SMIV/3
	440	100	450	108	
line	168	229	181	237	489048
			182	222	
	181	237			204020
draw	0	0	128	480	/pictures/501.png
	608		640		/pictures/512.png
tint	29	159	37	172	ff0000	/font/5001/30
	35		43			/font/5001/39
	41		49			
	102		110		ff7f00	/font/5001/30
	108		116			
	114		122			/font/5001/32
line	614	374	614	359	00488f
		359	622		
	622			374	002850
		374	614		
rect	615	360	622	374	003870
line	614	456	614	375	007fff
		375	622		
	622			456	00488f
		456	614		
rect	615	376	622	456	0070e0
line	614	231	614	231	909048
			622		
	622				505028
			614		
	614	328		232	ffff7f
		232	622		
	622			328	909048
		328	614		
rect	615	233	622	328	e0e070
line	614	109	614	103	904848
		103	622		
	622			109	502828
		109	614		
rect	615	104	622	109	703838
line	614	200	614	110	ff7f7f
		110	622		
	622			200	904848
		200	614		
rect	615	111	622	200	e07070
	634	49	636	52	183018
		53		56	
		57		60	
		61		64	
		65		68	
		69		72	
		73		76	
		77		80	
		81		84	
		85		88	
		89		92	
		93		96	
		97		100	
		101		104	
		105		108	
		109		112	
		113		116	
		117		120	
		121		124	
		125		128	
		129		132	
		133		136	
		137		140	
		141		144	
		145		148	
		149		152	
		153		156	
		157		160	
		161		164	
		165		168	
		169		172	
		173		176	
		177		180	
		181		184	
		185		188	
		189		192	
		193		196	
		197		200	
		201		204	
		205		208	
		209		212	
		213		216	
		217		220	
		221		224	
		225		228	
		229		232	
		233		236	
		237		240	
		241		244	
		245		248	
		249		252	
		253		256	
		257		260	
		261		264	
		265		268	
		269		272	
		273		276	
		277		280	
		281		284	
		285		288	
		289		292	
		293		296	
		297		300	
		301		304	
		305		308	
		309		312	
		313		316	
		317		320	
		321		324	
		325		328	
		329		332	
		333		336	
		337		340	
		341		344	
		345		348	
		349		352	
		353		356	
		357		360	
		361		364	
		365		368	
		369		372	
		373		376	
		377		380	
		381		384	
		385		388	
		389		392	
		393		396	
		397		400	
		401		404	
		405		408	
		409		412	
		413		416	
		417		420	
		421		424	
		425		428	
		429		432	
		433		436	
		437		440	
		441		444	
		445		448	
	621	52	631	56	303000
		57		61	
		62		66	
		67		71	
		72		76	
		77		81	
		82		86	
	7	7	115	115	00ff00
	8	8	114	114	001000
	56	56	66	66	003000
point	63	58	00e000
		59	
	51	58	
	46	66	
	50	70	
	59	110	
	63	59	
	50	66	
	62	58	
			
			
rect	12	320	121	440	001000
line	12	330	119	330	009000
tint	15	320	23	333	00ff00	/font/5001/4d
	21		29			/font/5001/41
	27		35			/font/5001/49
	33		41			/font/5001/4e
	39		47			/font/5001/20
	45		53			/font/5001/4d
	51		59			/font/5001/45
	57		65			/font/5001/4e
	63		71			/font/5001/55
line	12	343	12	332	009000
		332	120		
	120			343	005000
		343	12		
rect	13	333	120	343	007000
tint	15	332	23	345	00ff00	/font/5001/3c
	21		29			/font/5001/42
	27		35			/font/5001/75
	33		41			/font/5001/69
	39		47			/font/5001/6c
	45		53			/font/5001/64
	51		59			/font/5001/3e
	15	344	23	357		/font/5001/3c
	21		29			/font/5001/53
	27		35			/font/5001/70
	33		41			/font/5001/65
	39		47			/font/5001/63
	45		53			/font/5001/69
	51		59			/font/5001/61
	57		65			/font/5001/6c
	63		71			/font/5001/20
	69		77			/font/5001/4f
	75		83			/font/5001/72
	81		89			/font/5001/64
	87		95			/font/5001/65
	93		101			/font/5001/72
	99		107			/font/5001/73
	105		113			/font/5001/3e
	15	356	23	369		/font/5001/3c
	21		29			/font/5001/4d
	27		35			/font/5001/65
	33		41			/font/5001/73
	39		47			
	45		53			/font/5001/61
	51		59			/font/5001/67
	57		65			/font/5001/65
	63		71			/font/5001/3e
	15	368	23	381		/font/5001/3c
	21		29			/font/5001/4d
	27		35			/font/5001/69
	33		41			/font/5001/73
	39		47			
	45		53			/font/5001/69
	51		59			/font/5001/6f
	57		65			/font/5001/6e
	63		71			/font/5001/20
	69		77			/font/5001/53
	75		83			/font/5001/74
	81		89			/font/5001/61
	87		95			/font/5001/74
	93		101			/font/5001/75
	99		107			/font/5001/73
	105		113			/font/5001/3e
line	12	438	119	438	009000
rect	16	450	114	475	001010
line	17	461	17	450	00c0c0
		450	43		
	43			461	007070
		461	17		
rect	18	451	43	461	009090
tint	19	450	27	463	00ffff	/font/5001/52
	25		33			/font/5001/47
	31		39			/font/5001/48
	37		45			/font/5001/54
	43		51			/font/5001/20
	49		57			/font/5001/53
	55		63			/font/5001/65
	61		69			/font/5001/6c
	67		75			/font/5001/65
	73		81			/font/5001/63
	79		87			/font/5001/74
line	12	191	12	180	ffff00
		180	119		
	119			191	909000
		191	12		
rect	13	181	119	191	c0c000
tint	15	180	23	193	000000	/font/5001/43
	21		29			/font/5001/4f
	27		35			/font/5001/4e
	33		41			/font/5001/54
	39		47			/font/5001/52
	45		53			/font/5001/4f
	51		59			/font/5001/4c
line	14	204	35	204	489048
			14	205	
	35		35		
	14	225		225	
			14	224	
	35		35		
	12	263	12	252	007fff
		252	119		
	119			263	00488f
		263	12		
rect	13	253	119	263	0060c0
tint	15	252	23	265	000000	/font/5001/54
	21		29			/font/5001/41
	27		35			/font/5001/52
	33		41			/font/5001/47
	39		47			/font/5001/45
	45		53			/font/5001/54
line	14	276	35	276	489048
			14	277	
	35		35		
	14	297		297	
			14	296	
	35		35		
