line	427	450	427	450	808080
	441	280	440	280	
	301	353	300	352	d0d0d0
	260	201	259	200	808080
	565	299	564	298	
	262	112	261	112	
	524	181	524	180	
	573	35	572	35	b0b0b0
	571	118	571	117	808080
	191	439	190	439	b0b0b0
	512	238	512	237	
	576	316	576	316	
	391	213	391	212	d0d0d0
	215	123	215	122	b0b0b0
	568	452	568	452	808080
	269	418	269	417	
	443	287	442	287	
	575	204	575	203	
	364	155	364	154	
	370	311	370	310	
	359	429	358	429	
	201	245	201	245	
	565	468	564	467	d0d0d0
	453	15	453	14	808080
	486	367	485	366	b0b0b0
	469	39	469	38	808080
	318	159	317	158	
	135	105	134	104	
	402	76	402	76	
	509	155	508	154	b0b0b0
	204	338	204	337	808080
	409	207	409	206	
	489	283	489	283	
	357	199	357	199	
	567	91	566	90	d0d0d0
	144	115	144	114	b0b0b0
	517	124	516	123	d0d0d0
	478	143	478	143	b0b0b0
	427	191	426	190	
	177	155	176	154	808080
	215	453	214	452	b0b0b0
	165	13	164	12	d0d0d0
	304	130	303	129	b0b0b0
	363	235	362	234	808080
	561	51	560	50	
	305	176	305	175	
	307	406	306	405	
	606	232	605	231	
	297	345	296	344	d0d0d0
	247	25	247	25	808080
	348	368	347	367	b0b0b0
	210	58	209	57	808080
	200	228	200	228	
	513	107	513	106	d0d0d0
	425	357	425	357	808080
	180	302	179	301	
	224	121	223	120	
	328	374	327	374	
	246	71	246	70	
	441	460	440	459	d0d0d0
	574	79	573	78	808080
	287	390	287	390	
	178	267	177	266	
	389	213	388	212	b0b0b0
	514	324	513	324	
	190	68	189	67	
	317	303	316	302	d0d0d0
	235	14	234	13	
	198	361	197	360	
	135	195	134	195	b0b0b0
	433	10	432	10	808080
	495	428	494	427	b0b0b0
	132	239	131	239	
	254	444	253	444	808080
	457	226	456	225	b0b0b0
	431	76	431	75	808080
	201	112	201	112	
	567	314	567	314	
	605	365	604	364	d0d0d0
	589	414	588	413	b0b0b0
	388	6	387	5	d0d0d0
	255	234	254	233	808080
	552	311	551	310	
	545	261	544	260	
	269	103	268	102	
	552	91	551	90	b0b0b0
	496	123	495	122	d0d0d0
	190	254	189	254	b0b0b0
	437	255	436		
	559	88	559	87	808080
	530	129	529	128	b0b0b0
	492	44	492	43	
	266	416	265	416	808080
	531	168	530	167	b0b0b0
	505	462	505	462	808080
	356	355	355	354	b0b0b0
	567	10	566	10	808080
	341	213	341	212	
	385	479	384	479	
	394	303	394	302	
	496	90	495	89	
	177	8	176	8	b0b0b0
	333	386	332	386	808080
	527	269	526	268	
	491	57	490	56	
	313	101	313	101	b0b0b0
	393	368	392	368	808080
	420	7	420	7	
	356	460	355	459	b0b0b0
	288	108	287	108	808080
	553	450	552	449	d0d0d0
	217	74	216	73	
	209	196	208	195	
	286	180	285	179	b0b0b0
	259	128	258	127	d0d0d0
	165	133	164	133	b0b0b0
	515	201	514	200	d0d0d0
	297	46	296	45	808080
	354	348	353	348	
	263	110	262	109	
	296	308	296	307	
	220	239	220	238	
	154	171	153	170	b0b0b0
	356	78	355	77	d0d0d0
	174	0	174	480	005000
	450		450		
	128	35	608	35	
		311		311	
rect	571	394	587	410	009000
	371	396	389	414	00488f
	237	158	253	174	900000
triangle	363	235	371	243	00c000
	245	166	253	174	c00000
plus	242	163	252	173	c00000
triangle	575	398	583	406	00c000
	241	162	249	170	c00000
	247	163	253	169	
	435	302	443	310	00c000
	237	155	247	165	c00000
	435	302	443	310	00c000
plus	467	312	477	322	00c000
triangle	489	327	497	335	00c000
diamond	196	131	212	147	c00000
triangle	564	375	572	383	00c000
dither	472	297	541	314	001830
tint	476	301	484	313	000000	/font/5000/54
	483		491			/font/5000/72
	490		498			/font/5000/61
	497		505			/font/5000/6e
	504		512			/font/5000/73
	511		519			/font/5000/70
	518		526			/font/5000/6f
	525		533			/font/5000/72
	532		540			/font/5000/74
	475	300	483	312	007fff	/font/5000/54
	482		490			/font/5000/72
	489		497			/font/5000/61
	496		504			/font/5000/6e
	503		511			/font/5000/73
	510		518			/font/5000/70
	517		525			/font/5000/6f
	524		532			/font/5000/72
	531		539			/font/5000/74
dither	200	50	367	67	003030
tint	204	54	212	66	000000	/font/5000/5a
	211		219			/font/5000/6f
	218		226			
	225		233			/font/5000/6d
	232		240			/font/5000/20
	239		247			/font/5000/74
	246		254			/font/5000/6f
	253		261			/font/5000/20
	260		268			/font/5000/43
	267		275			/font/5000/6c
	274		282			/font/5000/6f
	281		289			/font/5000/73
	288		296			/font/5000/65
	295		303			/font/5000/73
	302		310			/font/5000/74
	309		317			/font/5000/20
	316		324			/font/5000/48
	323		331			/font/5000/6f
	330		338			/font/5000/73
	337		345			/font/5000/74
	344		352			/font/5000/69
	351		359			/font/5000/6c
	358		366			/font/5000/65
	203	53	211	65	00ffff	/font/5000/5a
	210		218			/font/5000/6f
	217		225			
	224		232			/font/5000/6d
	231		239			/font/5000/20
	238		246			/font/5000/74
	245		253			/font/5000/6f
	252		260			/font/5000/20
	259		267			/font/5000/43
	266		274			/font/5000/6c
	273		281			/font/5000/6f
	280		288			/font/5000/73
	287		295			/font/5000/65
	294		302			/font/5000/73
	301		309			/font/5000/74
	308		316			/font/5000/20
	315		323			/font/5000/48
	322		330			/font/5000/6f
	329		337			/font/5000/73
	336		344			/font/5000/74
	343		351			/font/5000/69
	350		358			/font/5000/6c
	357		365			/font/5000/65
line	224	101	228	116	489048
			239	104	
	228	116			204020
draw	0	0	128	480	/pictures/501.png
	608		640		/pictures/512.png
tint	29	159	37	172	ff0000	/font/5001/30
	35		43			/font/5001/34
	41		49			
line	614	359	614	359	00488f
			622		
	622				002850
			614		
	614	456		360	007fff
		360	622		
	622			456	00488f
		456	614		
rect	615	361	622	456	0070e0
line	614	243	614	231	909048
		231	622		
	622			243	505028
		243	614		
rect	615	232	622	243	707038
line	614	328	614	244	ffff7f
		244	622		
	622			328	909048
		328	614		
rect	615	245	622	328	e0e070
line	614	200	614	103	ff7f7f
		103	622		
	622			200	904848
		200	614		
rect	615	104	622	200	e07070
line	618	8	629	8	90488f
			618	9	
	629		629		
	618	36		36	
			618	35	
	629		629		
rect	620	10	628	35	703870
		35			c060c0
	634	49	636	52	7fff7f
		53		56	60c060
		57		60	
		61		64	183018
		65		68	
		69		72	
		73		76	
		77		80	
		81		84	
		85		88	
		89		92	
		93		96	
		97		100	
		101		104	
		105		108	
		109		112	
		113		116	
		117		120	
		121		124	
		125		128	
		129		132	
		133		136	
		137		140	
		141		144	
		145		148	
		149		152	
		153		156	
		157		160	
		161		164	
		165		168	
		169		172	
		173		176	
		177		180	
		181		184	
		185		188	
		189		192	
		193		196	
		197		200	
		201		204	
		205		208	
		209		212	
		213		216	
		217		220	
		221		224	
		225		228	
		229		232	
		233		236	
		237		240	
		241		244	
		245		248	
		249		252	
		253		256	
		257		260	
		261		264	
		265		268	
		269		272	
		273		276	
		277		280	
		281		284	
		285		288	
		289		292	
		293		296	
		297		300	
		301		304	
		305		308	
		309		312	
		313		316	
		317		320	
		321		324	
		325		328	
		329		332	
		333		336	
		337		340	
		341		344	
		345		348	
		349		352	
		353		356	
		357		360	
		361		364	
		365		368	
		369		372	
		373		376	
		377		380	
		381		384	
		385		388	
		389		392	
		393		396	
		397		400	
		401		404	
		405		408	
		409		412	
		413		416	
		417		420	
		421		424	
		425		428	
		429		432	
		433		436	
		437		440	
		441		444	
		445		448	
	621	52	631	56	303000
		57		61	
		62		66	
		67		71	
		72		76	
		77		81	
		82		86	
	7	7	115	115	00ff00
	8	8	114	114	001000
					003000
point	102	100	00e000
	103	99	
rect	12	320	121	440	001000
line	12	330	119	330	009000
tint	15	320	23	333	00ff00	/font/5001/4d
	21		29			/font/5001/45
	27		35			/font/5001/53
	33		41			
	39		47			/font/5001/41
	45		53			/font/5001/47
	51		59			/font/5001/45
	57		65			/font/5001/53
line	12	343	12	332	009000
		332	120		
	120			343	005000
		343	12		
rect	13	333	120	343	007000
tint	15	332	23	345	00ff00	/font/5001/4e
	21		29			/font/5001/65
	27		35			/font/5001/78
	33		41			/font/5001/74
	39		47			/font/5001/20
	45		53			/font/5001/50
	51		59			/font/5001/61
	57		65			/font/5001/67
	63		71			/font/5001/65
	69		77			/font/5001/2f
	75		83			/font/5001/43
	81		89			/font/5001/6c
	87		95			/font/5001/65
	93		101			/font/5001/61
	99		107			/font/5001/72
	15	344	23	357		/font/5001/50
	21		29			/font/5001/72
	27		35			/font/5001/65
	33		41			/font/5001/76
	39		47			/font/5001/69
	45		53			/font/5001/6f
	51		59			/font/5001/75
	57		65			/font/5001/73
	63		71			/font/5001/20
	69		77			/font/5001/50
	75		83			/font/5001/61
	81		89			/font/5001/67
	87		95			/font/5001/65
	15	356	23	369		/font/5001/4c
	21		29			/font/5001/61
	27		35			/font/5001/73
	33		41			/font/5001/74
	39		47			/font/5001/20
	45		53			/font/5001/4d
	51		59			/font/5001/65
	57		65			/font/5001/73
	63		71			
	69		77			/font/5001/61
	75		83			/font/5001/67
	81		89			/font/5001/65
line	12	438	119	438	009000
rect	16	450	114	475	001010
line	17	461	17	450	00c0c0
		450	43		
	43			461	007070
		461	17		
rect	18	451	43	461	009090
tint	19	450	27	463	00ffff	/font/5001/52
	25		33			/font/5001/47
	31		39			/font/5001/48
	37		45			/font/5001/54
	43		51			/font/5001/20
	49		57			/font/5001/45
	55		63			/font/5001/78
	61		69			/font/5001/65
	67		75			/font/5001/63
	73		81			/font/5001/75
	79		87			/font/5001/74
	85		93			/font/5001/65
line	17	473	17	462	00c0c0
		462	43		
	43			473	007070
		473	17		
rect	18	463	43	473	009090
tint	19	462	27	475	00ffff	/font/5001/4c
	25		33			/font/5001/45
	31		39			/font/5001/46
	37		45			/font/5001/54
	43		51			/font/5001/20
	49		57			/font/5001/4d
	55		63			/font/5001/61
	61		69			/font/5001/69
	67		75			/font/5001/6e
	73		81			/font/5001/20
	79		87			/font/5001/4d
	85		93			/font/5001/65
	91		99			/font/5001/6e
	97		105			/font/5001/75
line	12	191	12	180	ffff00
		180	120		
	120			191	909000
		191	12		
rect	13	181	120	191	c0c000
tint	15	180	23	193	000000	/font/5001/43
	21		29			/font/5001/4f
	27		35			/font/5001/4e
	33		41			/font/5001/54
	39		47			/font/5001/52
	45		53			/font/5001/4f
	51		59			/font/5001/4c
	15	192	23	205	7fff7f	/font/5001/44
	21		29			/font/5001/65
	27		35			/font/5001/6d
	33		41			/font/5001/65
	39		47			/font/5001/74
	45		53			/font/5001/65
	51		59			/font/5001/72
	57		65			/font/5001/20
	63		71			/font/5001/41
	69		77			/font/5001/6c
	75		83			/font/5001/70
	81		89			/font/5001/68
	87		95			/font/5001/61
draw	16	206	34	224	/sprites/1009.SMIV/0
line	14	204	35	204	489048
			14	205	
	35		35		
	14	225		225	
			14	224	
	35		35		
	12	263	12	252	007fff
		252	120		
	120			263	00488f
		263	12		
rect	13	253	120	263	0060c0
tint	15	252	23	265	000000	/font/5001/54
	21		29			/font/5001/41
	27		35			/font/5001/52
	33		41			/font/5001/47
	39		47			/font/5001/45
	45		53			/font/5001/54
	15	264	23	277	7fff7f	
	21		29			/font/5001/52
	27		35			/font/5001/41
	33		41			/font/5001/4e
	39		47			/font/5001/53
	45		53			/font/5001/50
	51		59			/font/5001/52
	57		65			/font/5001/54
draw	20	278	31	296	/sprites/515.SMIV/0
line	14	276	35	276	489048
			14	277	
	35		35		
	14	297		297	
			14	296	
	35		35		
rect	42	278	49	278	003870
				296	0060c0
line	40	276	50	276	00488f
			40	277	
	50		50		
	40	297		297	
			40	296	
	50		50		
rect	55	278	62	278	707000
				296	c0c000
line	53	276	63	276	909000
			53	277	
	63		63		
	53	297		297	
			53	296	
	63		63		
tint	12	300	20	313	ff0000	/font/5001/44
	18		26			/font/5001/65
	24		32			/font/5001/6d
	30		38			/font/5001/65
	36		44			/font/5001/74
	42		50			/font/5001/65
	48		56			/font/5001/72
	54		62			/font/5001/20
	60		68			/font/5001/42
	66		74			/font/5001/65
	72		80			/font/5001/74
	78		86			/font/5001/61
