point	569	32	808080
	194	88	d0d0d0
	247	349	
	187	179	
	399	83	808080
	215	320	d0d0d0
	593	119	808080
	196	56	b0b0b0
	531	349	
	473	195	808080
	588	410	
	337	129	d0d0d0
	570	300	808080
	415	375	b0b0b0
	453	395	d0d0d0
	380	91	808080
	604	449	
	343	240	d0d0d0
	385	414	
	178	19	808080
	428	264	
	272	163	
	580	449	d0d0d0
	131	141	
	224	214	b0b0b0
	499	27	
	601	432	808080
	205	22	
	425	208	
	257	118	b0b0b0
	351	108	d0d0d0
	529	154	b0b0b0
	533	150	
	422	141	808080
	279	455	
	249	115	b0b0b0
	282	355	808080
	470	107	b0b0b0
	394	321	
	440	431	808080
	247	73	
	236	272	
	452	236	
	468	144	
	336	293	b0b0b0
	437	345	808080
	398	22	
	316	37	b0b0b0
	224	216	
	134		
	315	24	808080
	223	49	b0b0b0
	598	443	
	271	146	808080
	216	300	b0b0b0
	380	287	
	250	219	808080
	294	39	
	435	42	
	155	70	
	403	342	b0b0b0
	317	386	d0d0d0
	201	233	b0b0b0
	248	184	808080
	285	213	b0b0b0
	276	456	808080
	393	107	
	296	390	
	435	70	b0b0b0
	606	326	808080
	362	359	
	499	180	
	582	337	
	408	135	
	540	412	b0b0b0
	576	46	808080
	439	134	
	272	30	
	599	406	
	331	398	
	466	262	d0d0d0
	532	399	b0b0b0
	472	126	808080
	507	340	d0d0d0
	274	117	
	398	417	
	381	280	808080
	539	112	d0d0d0
	255	468	
	447	132	808080
	388	130	
	377	229	
	300	433	d0d0d0
	187	332	808080
	545	461	
	338	339	
	396	338	b0b0b0
	569	341	d0d0d0
	207	359	
	531	226	
	384	261	b0b0b0
	178	354	
	210	255	808080
	434	107	b0b0b0
	599	42	
	532	36	
	473	19	808080
	162	224	
	363	140	d0d0d0
	139	73	808080
	585	46	b0b0b0
	527	4	
	484	314	808080
	349	200	d0d0d0
	457	318	808080
	273	232	b0b0b0
	139	284	808080
	591	180	
	238	450	d0d0d0
	571	326	808080
	331	16	
	471	416	b0b0b0
	291	157	808080
	253	114	b0b0b0
	551	80	808080
	458	234	703800
	398	344	
	527	364	
	403	267	
	431	344	
	433	275	
	458	181	
	342	190	
	522	254	
	354	207	
rect	530	0	531	481	000050
	128	90	609	91	
line	369	257	378	242	00ff00
	159	493	170	480	
static	358	223	390	253	ffffff	1	/sprites/501.SMIV/14
draw	629	306	661	340	/sprites/550.SMIV/17
	536	88	556	104	/sprites/551.SMIV/8
	157	169	185	195	/sprites/501.SMIV/6
	262	417	422	513	/sprites/560.SMIV/6
	511	451	531	467	/sprites/551.SMIV/4
	352	260	360	270	/sprites/503.SMIV/14
	206	232	226	248	/sprites/548.SMIV/2
	183	251	191	257	/sprites/655.SMIV/1
	55	242	63	248	/sprites/655.SMIV/5
	414	169	446	201	/sprites/541.SMIV/7
	108	227	116	235	/sprites/655.SMIV/2
	164	249	172	255	/sprites/655.SMIV/1
	80	230	92	240	/sprites/655.SMIV/3
	48	219	56	225	/sprites/655.SMIV/5
	73	243	85	253	/sprites/655.SMIV/3
line	281	419	294	411	489048
			280	404	
	294	411			204020
draw	0	0	128	480	/pictures/501.png
	608		640		/pictures/512.png
crop	29	159	35	171	0	36	ff0000	/fonts/computer
	35		41		24			
	41		47		56			
rect	614	359	615	383	00488f
			623	360	
	622			383	002850
	614	382			
	615	360	622	382	003870
	614	383	615	457	007fff
			623	384	
	622			457	00488f
	614	456			
	615	384	622	456	0070e0
	614	231	615	233	909048
			623	232	
	622			233	505028
	614	232			
		233	615	329	ffff7f
			623	234	
	622			329	909048
	614	328			
	615	234	622	328	e0e070
	614	103	615	108	904848
			623	104	
	622			108	502828
	614	107			
	615	104	622	107	703838
	614	108	615	201	ff7f7f
			623	109	
	622			201	904848
	614	200			
	615	109	622	200	e07070
	618	8	630	9	90488f
			619	10	
	629		630		
	618	36		37	
		35	619		
	629		630		
	620	10	628	35	703870
		35			c060c0
	634	49	636	52	7fff7f
		53		56	60c060
		57		60	
		61		64	
		65		68	183018
		69		72	
		73		76	
		77		80	
		81		84	
		85		88	
		89		92	
		93		96	
		97		100	
		101		104	
		105		108	
		109		112	
		113		116	
		117		120	
		121		124	
		125		128	
		129		132	
		133		136	
		137		140	
		141		144	
		145		148	
		149		152	
		153		156	
		157		160	
		161		164	
		165		168	
		169		172	
		173		176	
		177		180	
		181		184	
		185		188	
		189		192	
		193		196	
		197		200	
		201		204	
		205		208	
		209		212	
		213		216	
		217		220	
		221		224	
		225		228	
		229		232	
		233		236	
		237		240	
		241		244	
		245		248	
		249		252	
		253		256	
		257		260	
		261		264	
		265		268	
		269		272	
		273		276	
		277		280	
		281		284	
		285		288	
		289		292	
		293		296	
		297		300	
		301		304	
		305		308	
		309		312	
		313		316	
		317		320	
		321		324	
		325		328	
		329		332	
		333		336	
		337		340	
		341		344	
		345		348	
		349		352	
		353		356	
		357		360	
		361		364	
		365		368	
		369		372	
		373		376	
		377		380	
		381		384	
		385		388	
		389		392	
		393		396	
		397		400	
		401		404	
		405		408	
		409		412	
		413		416	
		417		420	
		421		424	
		425		428	
		429		432	
		433		436	
		437		440	
		441		444	
		445		448	
	621	52	631	56	303000
		57		61	
		62		66	
		67		71	
		72		76	
		77		81	
		82		86	
	7	7	115	115	00ff00
	8	8	114	114	001000
	57	57	65	65	003000
point	66	61	00e000
	75	63	
	77	65	
	66	62	
	64	59	
	57	60	
	55	52	
	59	55	
	61	65	
		61	
	57	67	
	58	61	
	56		
	58		
	63	65	
	55	61	
			
	57		
	56		
	70	45	
	61	61	
	62	60	
	56	61	
	57	65	
rect	12	320	121	440	001000
		330	120	331	009000
		332	13	344	
			121	333	
	120			344	005000
	12	343			
	13	333	120	343	007000
	12	438		439	009000
	16	450	114	475	001010
	17		18	462	00c0c0
			44	451	
	43			462	007070
	17	461			
	18	451	43	461	009090
	17	462	18	474	00c0c0
			44	463	
	43			474	007070
	17	473			
	18	463	43	473	009090
crop	15	320	21	332	104	48	00ff00	/fonts/computer
	21		27		40			
	27		33		24	60		
	33		39					
	39		45		8	48		
	45		51		56			
	51		57		40			
	57		63		24	60		
	15	332	21	344	112	48		
	21		27		40	72		
	27		33		64	84		
	33		39		32			
	39		45		0	24		
	45		51			60		
	51		57		8	72		
	57		63		56			
	63		69		40			
	69		75		120	24		
	75		81		24	48		
	81		87		96	72		
	87		93		40			
	93		99		8			
	99		105		16	84		
	15	344	21	356	0	60		
	21		27		16	84		
	27		33		40	72		
	33		39		48	84		
	39		45		72	72		
	45		51		120			
	51		57		40	84		
	57		63		24			
	63		69		0	24		
	69		75			60		
	75		81		8	72		
	81		87		56			
	87		93		40			
	15	356	21	368	96	48		
	21		27		8	72		
	27		33		24	84		
	33		39		32			
	39		45		0	24		
	45		51		104	48		
	51		57		40	72		
	57		63		24	84		
	63		69					
	69		75		8	72		
	75		81		56			
	81		87		40			
	19	450	25	462	16	60	00ffff	
	25		31		56	48		
	31		37		64			
	37		43		32	60		
	43		49		0	24		
	49		55		40	48		
	55		61		64	84		
	61		67		40	72		
	67		73		24			
	73		79		40	84		
	79		85		32			
	85		91		40	72		
	19	462	25	474	96	48		
	25		31		40			
	31		37		48			
	37		43		32	60		
	43		49		0	24		
	49		55		104	48		
	55		61		8	72		
	61		67		72			
	67		73		112			
	73		79		0	24		
	79		85		104	48		
	85		91		40	72		
	91		97		112			
	97		103		40	84		
rect	12	180	13	192	ffff00
			121	181	
	120			192	909000
	12	191			
	13	181	120	191	c0c000
crop	15	180	21	192	24	48	000000	/fonts/computer
	21		27		120			
	27		33		112			
	33		39		32	60		
	39		45		16			
	45		51		120	48		
	51		57		96			
	15	192	21	204	32		7fff7f	
	21		27		40	72		
	27		33		104			
	33		39		40			
	39		45		32	84		
	45		51		40	72		
	51		57		16	84		
	57		63		0	24		
	63		69		8	48		
	69		75		96	72		
	75		81		0	84		
	81		87		64	72		
	87		93		8			
draw	16	206	34	224	/sprites/1009.SMIV/0
rect	14	204	36	205	489048
			15	206	
	35		36		
	14	225		226	
		224	15		
	35		36		
	12	252	13	264	007fff
			121	253	
	120			264	00488f
	12	263			
	13	253	120	263	0060c0
crop	15	252	21	264	32	60	000000	/fonts/computer
	21		27		8	48		
	27		33		16	60		
	33		39		56	48		
	39		45		40			
	45		51		32	60		
	15	264	21	276			7fff7f	
	21		27		16			
	27		33		8	48		
	33		39		112			
	39		45		24	60		
	45		51		0			
	51		57		16			
	57		63		32			
draw	20	278	31	296	/sprites/515.SMIV/0
rect	14	276	36	277	489048
			15	278	
	35		36		
	14	297		298	
		296	15		
	35		36		
	42	278	49	278	003870
				296	0060c0
	40	276	51	277	00488f
			41	278	
	50		51		
	40	297		298	
		296	41		
	50		51		
	55	278	62	278	707000
				296	c0c000
	53	276	64	277	909000
			54	278	
	63		64		
	53	297		298	
		296	54		
	63		64		
crop	12	300	18	312	32	48	ff0000	/fonts/computer
	18		24		40	72		
	24		30		104			
	30		36		40			
	36		42		32	84		
	42		48		40	72		
	48		54		16	84		
	54		60		0	24		
	60		66		16	48		
	66		72		40	72		
	72		78		32	84		
	78		84		8	72		
