point	446	379	b0b0b0
	307	78	d0d0d0
	599	164	808080
	549	172	b0b0b0
	332	130	808080
	572	257	b0b0b0
	483	442	
	182	168	d0d0d0
	146	17	808080
	407	242	
	139	28	
	205	224	d0d0d0
	399	154	
	315	445	b0b0b0
	323	269	d0d0d0
	313	138	808080
	520	302	
	210	334	d0d0d0
	523	21	b0b0b0
	485	111	808080
	361	311	
	205	210	
	445	214	d0d0d0
	328	36	
	603	95	
	163	97	b0b0b0
	530	224	808080
	208	69	
	358	255	
	157	189	b0b0b0
	218	203	d0d0d0
	370	134	
	373	251	
	355	188	808080
	542	382	b0b0b0
	149	186	
	216	402	808080
	241	28	d0d0d0
	294	391	b0b0b0
	374	478	808080
	181	120	
	169	319	
	386	283	
	401	191	
	236	364	b0b0b0
	371	392	808080
	502	399	
	166	138	d0d0d0
	604	381	b0b0b0
	484	232	d0d0d0
	231	74	808080
	312	118	b0b0b0
	533	128	808080
	204	193	
	596	23	b0b0b0
	280	358	
	183	266	808080
	356	237	d0d0d0
	547	302	b0b0b0
	567	423	808080
	303	413	b0b0b0
	444	1	808080
	571	174	d0d0d0
	181	231	808080
	185	284	b0b0b0
	502	116	d0d0d0
	326	154	808080
	230	437	
	335	141	b0b0b0
	397	13	d0d0d0
	296	406	808080
	432	227	
	512	463	
	342	182	
	498	376	
	460	395	b0b0b0
	373	181	808080
	426	355	b0b0b0
	455	138	d0d0d0
	264	445	808080
	337	379	d0d0d0
	490	102	808080
	406	173	
	380	367	d0d0d0
	142	212	
	483	31	
	315	327	808080
	150	65	b0b0b0
	149	42	808080
	381	179	
	321	177	
	311	276	
	492	47	d0d0d0
	600	109	808080
	475	80	
	272	386	
	296	408	b0b0b0
	386	421	d0d0d0
	567	449	b0b0b0
	595	90	
	284	332	
	557	265	
	143	302	808080
	334	178	b0b0b0
	505	217	d0d0d0
	348	249	
	330	67	808080
	560	82	b0b0b0
	230	235	d0d0d0
	525	93	b0b0b0
	482	241	
	291	49	808080
	418	361	
	216	295	d0d0d0
	391	365	808080
	173	303	b0b0b0
	552	419	808080
	480	351	b0b0b0
	448	322	d0d0d0
	504	111	808080
	508	321	
	373	467	b0b0b0
	224	204	808080
	153	184	b0b0b0
	422	309	
rect	395	0	396	481	000050
	128	184	609	185	
line	178	336	163	340	00ff00
	241	386	250	376	
draw	358	225	386	253	/sprites/ish/cruiser%13
static	22	395	54	430	f0eac3	44	/sprites/gai/cruiser%5
draw	153	469	189	502	/sprites/gai/cruiser%8
	-24	465	44	503	/sprites/gai/gunship%18
	288	268	316	296	/sprites/ish/cruiser%13
	387	435	403	454	/sprites/gai/fighter%13
	108	46	116	52	/sprites/sfx/sparkle%1
	65	467	81	473	/sprites/dev/cm%19
	151	90	171	106	/sprites/dev/atomic%2
	29	384	41	391	/sprites/dev/fusion%5
	40	3	52	13	/sprites/sfx/sparkle%3
	24	-4	36	6	
	307	354	315	364	/sprites/dev/fusion%14
	66	36	74	44	/sprites/sfx/sparkle%2
		22		30	
	-21	383	1	401	/sprites/sfx/explosion/energy%8
line	307	429	318	419	489048
			304	414	
	318	419			204020
draw	0	-144	128	624	/pictures/gui/instruments/left.png
	608		640		/pictures/gui/instruments/right.png
crop	29	159	35	171	0	36	ff0000	/fonts/computer.png
	35		41		24			
	41		47					
rect	614	359	615	389	00488f
			623	360	
	622			389	002850
	614	388			
	615	360	622	388	003870
	614	389	615	457	007fff
			623	390	
	622			457	00488f
	614	456			
	615	390	622	456	0070e0
	614	231	615	232	909048
			623		
	622				505028
	614				
		232	615	329	ffff7f
			623	233	
	622			329	909048
	614	328			
	615	233	622	328	e0e070
	614	103	615	110	904848
			623	104	
	622			110	502828
	614	109			
	615	104	622	109	703838
	614	110	615	201	ff7f7f
			623	111	
	622			201	904848
	614	200			
	615	111	622	200	e07070
	618	8	630	9	90488f
			619	10	
	629		630		
	618	36		37	
		35	619		
	629		630		
	620	10	628	35	703870
		35			c060c0
	634	49	636	52	7fff7f
		53		56	60c060
		57		60	
		61		64	
		65		68	183018
		69		72	
		73		76	
		77		80	
		81		84	
		85		88	
		89		92	
		93		96	
		97		100	
		101		104	
		105		108	
		109		112	
		113		116	
		117		120	
		121		124	
		125		128	
		129		132	
		133		136	
		137		140	
		141		144	
		145		148	
		149		152	
		153		156	
		157		160	
		161		164	
		165		168	
		169		172	
		173		176	
		177		180	
		181		184	
		185		188	
		189		192	
		193		196	
		197		200	
		201		204	
		205		208	
		209		212	
		213		216	
		217		220	
		221		224	
		225		228	
		229		232	
		233		236	
		237		240	
		241		244	
		245		248	
		249		252	
		253		256	
		257		260	
		261		264	
		265		268	
		269		272	
		273		276	
		277		280	
		281		284	
		285		288	
		289		292	
		293		296	
		297		300	
		301		304	
		305		308	
		309		312	
		313		316	
		317		320	
		321		324	
		325		328	
		329		332	
		333		336	
		337		340	
		341		344	
		345		348	
		349		352	
		353		356	
		357		360	
		361		364	
		365		368	
		369		372	
		373		376	
		377		380	
		381		384	
		385		388	
		389		392	
		393		396	
		397		400	
		401		404	
		405		408	
		409		412	
		413		416	
		417		420	
		421		424	
		425		428	
		429		432	
		433		436	
		437		440	
		441		444	
		445		448	
	621	52	631	56	303000
		57		61	
		62		66	
		67		71	
		72		76	
		77		81	
		82		86	
	7	7	115	115	00ff00
	8	8	114	114	001000
	58	58	66	66	003000
point	55	64	00e000
	73	65	
	74	67	
	58	65	
	56	58	
	52	64	
	54	65	
	60	61	
	67	70	
	59	66	
	67	70	
	59	63	
	56	65	
	61		
	55	63	
	54	56	
	55	57	
			
	57	63	
	60		
	57	59	
	56	57	
			
	54	64	
rect	12	320	121	440	001000
		330	120	331	009000
		332	13	344	
			121	333	
	120			344	005000
	12	343			
	13	333	120	343	007000
	12	438		439	009000
	16	450	114	475	001010
	17		18	462	00c0c0
			44	451	
	43			462	007070
	17	461			
	18	451	43	461	009090
	17	462	18	474	00c0c0
			44	463	
	43			474	007070
	17	473			
	18	463	43	473	009090
crop	15	320	21	332	104	48	00ff00	/fonts/computer.png
	21		27		40			
	27		33		24	60		
	33		39					
	39		45		8	48		
	45		51		56			
	51		57		40			
	57		63		24	60		
	15	332	21	344	112	48		
	21		27		40	72		
	27		33		64	84		
	33		39		32			
	39		45		0	24		
	45		51			60		
	51		57		8	72		
	57		63		56			
	63		69		40			
	69		75		120	24		
	75		81		24	48		
	81		87		96	72		
	87		93		40			
	93		99		8			
	99		105		16	84		
	15	344	21	356	0	60		
	21		27		16	84		
	27		33		40	72		
	33		39		48	84		
	39		45		72	72		
	45		51		120			
	51		57		40	84		
	57		63		24			
	63		69		0	24		
	69		75			60		
	75		81		8	72		
	81		87		56			
	87		93		40			
	15	356	21	368	96	48		
	21		27		8	72		
	27		33		24	84		
	33		39		32			
	39		45		0	24		
	45		51		104	48		
	51		57		40	72		
	57		63		24	84		
	63		69					
	69		75		8	72		
	75		81		56			
	81		87		40			
	19	450	25	462	16	60	00ffff	
	25		31		56	48		
	31		37		64			
	37		43		32	60		
	43		49		0	24		
	49		55		40	48		
	55		61		64	84		
	61		67		40	72		
	67		73		24			
	73		79		40	84		
	79		85		32			
	85		91		40	72		
	19	462	25	474	96	48		
	25		31		40			
	31		37		48			
	37		43		32	60		
	43		49		0	24		
	49		55		104	48		
	55		61		8	72		
	61		67		72			
	67		73		112			
	73		79		0	24		
	79		85		104	48		
	85		91		40	72		
	91		97		112			
	97		103		40	84		
rect	12	180	13	192	ffff00
			121	181	
	120			192	909000
	12	191			
	13	181	120	191	c0c000
crop	15	180	21	192	24	48	000000	/fonts/computer.png
	21		27		120			
	27		33		112			
	33		39		32	60		
	39		45		16			
	45		51		120	48		
	51		57		96			
	15	192	21	204	32		7fff7f	
	21		27		40	72		
	27		33		104			
	33		39		40			
	39		45		32	84		
	45		51		40	72		
	51		57		16	84		
	57		63		0	24		
	63		69		8	48		
	69		75		96	72		
	75		81		0	84		
	81		87		64	72		
	87		93		8			
draw	16	206	34	224	/sprites/loc/planets/saturny%0
rect	14	204	36	205	489048
			15	206	
	35		36		
	14	225		226	
		224	15		
	35		36		
	12	252	13	264	007fff
			121	253	
	120			264	00488f
	12	263			
	13	253	120	263	0060c0
crop	15	252	21	264	32	60	000000	/fonts/computer.png
	21		27		8	48		
	27		33		16	60		
	33		39		56	48		
	39		45		40			
	45		51		32	60		
	15	264	21	276			7fff7f	
	21		27		16			
	27		33		8	48		
	33		39		112			
	39		45		24	60		
	45		51		0			
	51		57		16			
	57		63		32			
draw	19	278	30	296	/sprites/ish/transport%0
rect	14	276	36	277	489048
			15	278	
	35		36		
	14	297		298	
		296	15		
	35		36		
	42	278	49	278	003870
				296	0060c0
	40	276	51	277	00488f
			41	278	
	50		51		
	40	297		298	
		296	41		
	50		51		
	55	278	62	278	707000
				296	c0c000
	53	276	64	277	909000
			54	278	
	63		64		
	53	297		298	
		296	54		
	63		64		
crop	12	300	18	312	32	48	ff0000	/fonts/computer.png
	18		24		40	72		
	24		30		104			
	30		36		40			
	36		42		32	84		
	42		48		40	72		
	48		54		16	84		
	54		60		0	24		
	60		66		16	48		
	66		72		40	72		
	72		78		32	84		
	78		84		8	72		
