point	476	113	808080
	520	404	
	210	318	
	408	340	
	527	479	b0b0b0
	599	293	808080
	508	473	b0b0b0
	556	427	
	153	16	808080
	180	400	
	338	481	b0b0b0
	251	165	
	309	231	808080
	130	445	b0b0b0
	189	291	808080
	200	208	b0b0b0
	242	368	808080
	233	323	
	374	171	
	319	270	
	313	470	
	162	263	d0d0d0
	129	55	
	375	32	
	350	67	b0b0b0
	552	248	808080
	510	70	b0b0b0
	306	228	808080
	256	383	b0b0b0
	456	342	
	209	84	
	459	375	d0d0d0
	288	413	
	393	120	
	397	63	b0b0b0
	160	236	808080
	231	81	
	394	171	
	322	321	b0b0b0
	131	265	808080
	561	75	
	177	480	d0d0d0
	220	408	
	153	349	808080
	414	200	d0d0d0
	386	72	808080
	426	261	d0d0d0
	386	209	
	359	334	808080
	259	271	
	422	183	d0d0d0
	584	4	808080
	325	346	b0b0b0
	270	352	808080
	350	115	b0b0b0
	543	81	
	209	375	d0d0d0
	305	347	
	130	325	808080
	444	48	b0b0b0
	252	65	
	451	323	
	402	98	
	162	348	
	432	403	
	247	212	808080
	262	313	
	245	117	
	389	64	
	572	306	b0b0b0
	311	86	808080
	157	297	d0d0d0
	462	3	
	233	456	808080
	511	211	
	524	347	
	319	115	d0d0d0
	496	320	808080
	250	101	b0b0b0
	280	124	808080
		281	b0b0b0
	442	236	
	419	449	d0d0d0
	322	339	808080
	221	253	
	260	373	d0d0d0
	182	14	
	196	255	808080
	130	376	
	587	346	
	371	179	b0b0b0
	320	415	
	261	479	808080
	208	163	b0b0b0
	437	126	808080
	187	97	b0b0b0
	502	286	808080
	472	90	d0d0d0
	144	152	
	203	217	808080
	333	358	b0b0b0
	364	429	808080
	533	397	
	340	181	b0b0b0
	303	414	808080
	225	460	d0d0d0
	466	323	b0b0b0
	199	211	808080
	353	44	
	200	325	b0b0b0
	352	193	
	562	101	808080
	346	94	b0b0b0
	313	304	808080
	303	46	
	370	335	b0b0b0
	543	422	
	431	108	808080
	360	354	b0b0b0
	593	309	d0d0d0
	443	234	b0b0b0
	327	465	d0d0d0
	133	362	808080
	519	217	
	328	97	b0b0b0
	-68	165	404000
	247	184	
	200	150	606000
	-17	81	
rect	360	0	361	481	000050
	128	99	609	100	002850
draw	353	230	379	254	/sprites/501.SMIV/3
	50	142	83	166	/sprites/550.SMIV/22
	74	183	87	189	/sprites/528.SMIV/20
	593	355	606	359	/sprites/528.SMIV/19
	65	324	91	342	/sprites/541.SMIV/21
line	520	111	505	113	489048
			515	126	
	505	113			204020
draw	0	0	128	480	/pictures/501.png
	608		640		/pictures/512.png
crop	29	159	35	171	0	36	ff0000	/fonts/computer
	35		41		16			
	41		47		40			
rect	614	359	615	430	00488f
			623	360	
	622			430	002850
	614	429			
	615	360	622	429	003870
	614	430	615	457	007fff
			623	431	
	622			457	00488f
	614	456			
	615	431	622	456	0070e0
	614	231	615	232	909048
			623		
	622				505028
	614				
		232	615	329	ffff7f
			623	233	
	622			329	909048
	614	328			
	615	233	622	328	e0e070
	614	103	615	110	904848
			623	104	
	622			110	502828
	614	109			
	615	104	622	109	703838
	614	110	615	201	ff7f7f
			623	111	
	622			201	904848
	614	200			
	615	111	622	200	e07070
	618	8	630	9	90488f
			619	10	
	629		630		
	618	36		37	
		35	619		
	629		630		
	620	10	628	35	703870
		35			c060c0
	634	49	636	52	7fff7f
		53		56	60c060
		57		60	
		61		64	
		65		68	
		69		72	183018
		73		76	
		77		80	
		81		84	
		85		88	
		89		92	
		93		96	
		97		100	
		101		104	
		105		108	
		109		112	
		113		116	
		117		120	
		121		124	
		125		128	
		129		132	
		133		136	
		137		140	
		141		144	
		145		148	
		149		152	
		153		156	
		157		160	
		161		164	
		165		168	
		169		172	
		173		176	
		177		180	
		181		184	
		185		188	
		189		192	
		193		196	
		197		200	
		201		204	
		205		208	
		209		212	
		213		216	
		217		220	
		221		224	
		225		228	
		229		232	
		233		236	
		237		240	
		241		244	
		245		248	
		249		252	
		253		256	
		257		260	
		261		264	
		265		268	
		269		272	
		273		276	
		277		280	
		281		284	
		285		288	
		289		292	
		293		296	
		297		300	
		301		304	
		305		308	
		309		312	
		313		316	
		317		320	
		321		324	
		325		328	
		329		332	
		333		336	
		337		340	
		341		344	
		345		348	
		349		352	
		353		356	
		357		360	
		361		364	
		365		368	
		369		372	
		373		376	
		377		380	
		381		384	
		385		388	
		389		392	
		393		396	
		397		400	
		401		404	
		405		408	
		409		412	
		413		416	
		417		420	
		421		424	
		425		428	
		429		432	
		433		436	
		437		440	
		441		444	
		445		448	
	621	52	631	56	303000
		57		61	
		62		66	
		67		71	
		72		76	
		77		81	
		82		86	
	7	7	115	115	00ff00
	8	8	114	114	001000
	56	56	66	66	003000
point	54	59	00e000
	72	54	
	73	55	
	49	56	
	48	52	
	60	54	
	50	59	
	73	65	
	55	60	
	66	63	
	55		
rect	12	320	121	440	001000
		330	120	331	009000
crop	15	320	21	332	104	48	00ff00	/fonts/computer
	21		27		40			
	27		33		24	60		
	33		39					
	39		45		8	48		
	45		51		56			
	51		57		40			
	57		63		24	60		
rect	12	332	13	344	009000
			121	333	
	120			344	005000
	12	343			
	13	333	120	343	007000
crop	15	332	21	344	112	48	00ff00	/fonts/computer
	21		27		40	72		
	27		33		64	84		
	33		39		32			
	39		45		0	24		
	45		51			60		
	51		57		8	72		
	57		63		56			
	63		69		40			
	69		75		120	24		
	75		81		24	48		
	81		87		96	72		
	87		93		40			
	93		99		8			
	99		105		16	84		
	15	344	21	356	0	60		
	21		27		16	84		
	27		33		40	72		
	33		39		48	84		
	39		45		72	72		
	45		51		120			
	51		57		40	84		
	57		63		24			
	63		69		0	24		
	69		75			60		
	75		81		8	72		
	81		87		56			
	87		93		40			
	15	356	21	368	96	48		
	21		27		8	72		
	27		33		24	84		
	33		39		32			
	39		45		0	24		
	45		51		104	48		
	51		57		40	72		
	57		63		24	84		
	63		69					
	69		75		8	72		
	75		81		56			
	81		87		40			
rect	12	438	120	439	009000
	16	450	114	475	001010
	17		18	462	00c0c0
			44	451	
	43			462	007070
	17	461			
	18	451	43	461	009090
crop	19	450	25	462	16	60	00ffff	/fonts/computer
	25		31		56	48		
	31		37		64			
	37		43		32	60		
	43		49		0	24		
	49		55		40	48		
	55		61		64	84		
	61		67		40	72		
	67		73		24			
	73		79		40	84		
	79		85		32			
	85		91		40	72		
rect	17	462	18	474	00c0c0
			44	463	
	43			474	007070
	17	473			
	18	463	43	473	009090
crop	19	462	25	474	96	48	00ffff	/fonts/computer
	25		31		40			
	31		37		48			
	37		43		32	60		
	43		49		0	24		
	49		55		104	48		
	55		61		8	72		
	61		67		72			
	67		73		112			
	73		79		0	24		
	79		85		104	48		
	85		91		40	72		
	91		97		112			
	97		103		40	84		
rect	12	180	13	192	ffff00
			121	181	
	120			192	909000
	12	191			
	13	181	120	191	c0c000
crop	15	180	21	192	24	48	000000	/fonts/computer
	21		27		120			
	27		33		112			
	33		39		32	60		
	39		45		16			
	45		51		120	48		
	51		57		96			
	15	192	21	204	32		7fff7f	
	21		27		40	72		
	27		33		104			
	33		39		40			
	39		45		32	84		
	45		51		40	72		
	51		57		16	84		
	57		63		0	24		
	63		69		8	48		
	69		75		96	72		
	75		81		0	84		
	81		87		64	72		
	87		93		8			
draw	16	206	34	224	/sprites/1009.SMIV/0
rect	14	204	36	205	489048
			15	206	
	35		36		
	14	225		226	
		224	15		
	35		36		
	12	252	13	264	007fff
			121	253	
	120			264	00488f
	12	263			
	13	253	120	263	0060c0
crop	15	252	21	264	32	60	000000	/fonts/computer
	21		27		8	48		
	27		33		16	60		
	33		39		56	48		
	39		45		40			
	45		51		32	60		
	15	264	21	276			7fff7f	
	21		27		16			
	27		33		8	48		
	33		39		112			
	39		45		24	60		
	45		51		0			
	51		57		16			
	57		63		32			
draw	20	278	31	296	/sprites/515.SMIV/0
rect	14	276	36	277	489048
			15	278	
	35		36		
	14	297		298	
		296	15		
	35		36		
	42	278	49	278	003870
				296	0060c0
	40	276	51	277	00488f
			41	278	
	50		51		
	40	297		298	
		296	41		
	50		51		
	55	278	62	278	707000
				296	c0c000
	53	276	64	277	909000
			54	278	
	63		64		
	53	297		298	
		296	54		
	63		64		
crop	12	300	18	312	32	48	ff0000	/fonts/computer
	18		24		40	72		
	24		30		104			
	30		36		40			
	36		42		32	84		
	42		48		40	72		
	48		54		16	84		
	54		60		0	24		
	60		66		16	48		
	66		72		40	72		
	72		78		32	84		
	78		84		8	72		
