point	359	140	808080
	404	431	
	540	338	d0d0d0
	291	366	808080
	518	145	b0b0b0
	482	319	808080
	302	43	d0d0d0
	172	463	
	470	281	b0b0b0
	543	79	808080
	210	54	d0d0d0
	555	324	b0b0b0
	193	258	808080
	378	278	d0d0d0
	499	428	
	504	91	b0b0b0
	605	36	d0d0d0
	595	318	808080
	257	198	
	202	296	
	283	31	d0d0d0
	506	362	808080
	375	393	d0d0d0
	142	85	
	175	107	b0b0b0
	435	275	808080
	335	110	b0b0b0
	189	255	808080
	546	347	d0d0d0
	281	382	b0b0b0
	484	124	d0d0d0
	226	428	
	218	469	b0b0b0
	160	173	d0d0d0
	221	103	b0b0b0
	481	1	
	588	52	
	277	197	808080
	147	361	b0b0b0
	383	338	d0d0d0
	444	101	808080
	256	28	
	533	230	
	521	31	d0d0d0
	180	254	
	269	98	808080
	193	314	d0d0d0
	153	262	
	242	361	808080
	142	297	
	188	236	d0d0d0
	467	31	808080
	150	386	b0b0b0
	153	379	808080
	175	155	b0b0b0
	368	121	
	491	306	
	576	212	808080
	492	232	
	269	88	b0b0b0
	570	429	808080
	276	363	b0b0b0
	227	138	
	420	441	d0d0d0
	256	443	b0b0b0
	130	239	808080
	145	340	
	128	144	
	272	91	
	397	346	b0b0b0
	194	112	808080
	502	82	
	229	56	d0d0d0
	350	3	b0b0b0
	394	238	808080
	408	374	
	564	140	d0d0d0
	379	346	808080
	554	397	b0b0b0
	163	151	808080
	590	71	
	267	276	b0b0b0
	289	13	808080
	205	366	
	584	68	
	529	275	b0b0b0
	428	186	d0d0d0
	289	472	b0b0b0
	436	258	
	471	373	808080
	196	218	b0b0b0
	145	455	
	128	25	808080
	541	15	
	320	153	
	491	122	b0b0b0
	385	313	808080
	238	143	d0d0d0
	390	128	
	565	61	808080
	158	398	b0b0b0
	248	455	808080
	416	424	
	165	221	b0b0b0
	187	440	808080
	201	33	d0d0d0
	291	363	b0b0b0
	540	458	
	236	71	808080
	471	192	d0d0d0
	177	233	b0b0b0
	445	127	808080
	171	134	b0b0b0
	196	331	808080
	186	73	
	195	374	b0b0b0
	262	462	
	314	134	808080
	185	394	b0b0b0
	360	362	d0d0d0
	268	274	b0b0b0
	470	207	
	386	124	d0d0d0
	402	244	808080
	153	137	b0b0b0
line	138	0	138	480	000050
	571		571		002850
	128	143	608	143	
	-488	105	-496	94	00ff00
	382	242	369	231	
draw	567	-97	675	11	/sprites/1010.SMIV/0
	353	225	380	249	/sprites/501.SMIV/9
	503	412	513	420	/sprites/528.SMIV/21
	23	119	33	127	
	368	241	378	247	/sprites/503.SMIV/9
line	510	377	506	362	489048
			495	374	
	506	362			204020
draw	0	0	128	480	/pictures/501.png
	608		640		/pictures/512.png
crop	29	159	35	171	0	36	ff0000	/fonts/computer
	35		41		16			
	41		47		32			
line	614	429	614	359	00488f
		359	622		
	622			429	002850
		429	614		
rect	615	360	622	429	003870
line	614	456	614	430	007fff
		430	622		
	622			456	00488f
		456	614		
rect	615	431	622	456	0070e0
line	614	233	614	231	909048
		231	622		
	622			233	505028
		233	614		
rect	615	232	622	233	707038
line	614	328	614	234	ffff7f
		234	622		
	622			328	909048
		328	614		
rect	615	235	622	328	e0e070
line	614	109	614	103	904848
		103	622		
	622			109	502828
		109	614		
rect	615	104	622	109	703838
line	614	200	614	110	ff7f7f
		110	622		
	622			200	904848
		200	614		
rect	615	111	622	200	e07070
line	618	8	629	8	90488f
			618	9	
	629		629		
	618	36		36	
			618	35	
	629		629		
rect	620	10	628	35	703870
		35			c060c0
	634	49	636	52	7fff7f
		53		56	60c060
		57		60	
		61		64	
		65		68	
		69		72	183018
		73		76	
		77		80	
		81		84	
		85		88	
		89		92	
		93		96	
		97		100	
		101		104	
		105		108	
		109		112	
		113		116	
		117		120	
		121		124	
		125		128	
		129		132	
		133		136	
		137		140	
		141		144	
		145		148	
		149		152	
		153		156	
		157		160	
		161		164	
		165		168	
		169		172	
		173		176	
		177		180	
		181		184	
		185		188	
		189		192	
		193		196	
		197		200	
		201		204	
		205		208	
		209		212	
		213		216	
		217		220	
		221		224	
		225		228	
		229		232	
		233		236	
		237		240	
		241		244	
		245		248	
		249		252	
		253		256	
		257		260	
		261		264	
		265		268	
		269		272	
		273		276	
		277		280	
		281		284	
		285		288	
		289		292	
		293		296	
		297		300	
		301		304	
		305		308	
		309		312	
		313		316	
		317		320	
		321		324	
		325		328	
		329		332	
		333		336	
		337		340	
		341		344	
		345		348	
		349		352	
		353		356	
		357		360	
		361		364	
		365		368	
		369		372	
		373		376	
		377		380	
		381		384	
		385		388	
		389		392	
		393		396	
		397		400	
		401		404	
		405		408	
		409		412	
		413		416	
		417		420	
		421		424	
		425		428	
		429		432	
		433		436	
		437		440	
		441		444	
		445		448	
	621	52	631	56	303000
		57		61	
		62		66	
		67		71	
		72		76	
		77		81	
		82		86	
	7	7	115	115	00ff00
	8	8	114	114	001000
	56	56	66	66	003000
point	47	60	00e000
	67	55	
	68	56	
	43	60	
	64	65	
	41	57	
	51	56	
	48	62	
	68	68	
	41	58	
			
	61	61	
	54	59	
	61	61	
rect	12	320	121	440	001000
line	12	330	119	330	009000
crop	15	320	21	332	104	48	00ff00	/fonts/computer
	21		27		40			
	27		33		24	60		
	33		39					
	39		45		8	48		
	45		51		56			
	51		57		40			
	57		63		24	60		
line	12	343	12	332	009000
		332	120		
	120			343	005000
		343	12		
rect	13	333	120	343	007000
crop	15	332	21	344	112	48	00ff00	/fonts/computer
	21		27		40	72		
	27		33		64	84		
	33		39		32			
	39		45		0	24		
	45		51			60		
	51		57		8	72		
	57		63		56			
	63		69		40			
	69		75		120	24		
	75		81		24	48		
	81		87		96	72		
	87		93		40			
	93		99		8			
	99		105		16	84		
	15	344	21	356	0	60		
	21		27		16	84		
	27		33		40	72		
	33		39		48	84		
	39		45		72	72		
	45		51		120			
	51		57		40	84		
	57		63		24			
	63		69		0	24		
	69		75			60		
	75		81		8	72		
	81		87		56			
	87		93		40			
	15	356	21	368	96	48		
	21		27		8	72		
	27		33		24	84		
	33		39		32			
	39		45		0	24		
	45		51		104	48		
	51		57		40	72		
	57		63		24	84		
	63		69					
	69		75		8	72		
	75		81		56			
	81		87		40			
line	12	438	119	438	009000
rect	16	450	114	475	001010
line	17	461	17	450	00c0c0
		450	43		
	43			461	007070
		461	17		
rect	18	451	43	461	009090
crop	19	450	25	462	16	60	00ffff	/fonts/computer
	25		31		56	48		
	31		37		64			
	37		43		32	60		
	43		49		0	24		
	49		55		40	48		
	55		61		64	84		
	61		67		40	72		
	67		73		24			
	73		79		40	84		
	79		85		32			
	85		91		40	72		
line	17	473	17	462	00c0c0
		462	43		
	43			473	007070
		473	17		
rect	18	463	43	473	009090
crop	19	462	25	474	96	48	00ffff	/fonts/computer
	25		31		40			
	31		37		48			
	37		43		32	60		
	43		49		0	24		
	49		55		104	48		
	55		61		8	72		
	61		67		72			
	67		73		112			
	73		79		0	24		
	79		85		104	48		
	85		91		40	72		
	91		97		112			
	97		103		40	84		
line	12	191	12	180	ffff00
		180	120		
	120			191	909000
		191	12		
rect	13	181	120	191	c0c000
crop	15	180	21	192	24	48	000000	/fonts/computer
	21		27		120			
	27		33		112			
	33		39		32	60		
	39		45		16			
	45		51		120	48		
	51		57		96			
	15	192	21	204	32		7fff7f	
	21		27		40	72		
	27		33		104			
	33		39		40			
	39		45		32	84		
	45		51		40	72		
	51		57		16	84		
	57		63		0	24		
	63		69		8	48		
	69		75		96	72		
	75		81		0	84		
	81		87		64	72		
	87		93		8			
draw	16	206	34	224	/sprites/1009.SMIV/0
line	14	204	35	204	489048
			14	205	
	35		35		
	14	225		225	
			14	224	
	35		35		
	12	263	12	252	007fff
		252	120		
	120			263	00488f
		263	12		
rect	13	253	120	263	0060c0
crop	15	252	21	264	32	60	000000	/fonts/computer
	21		27		8	48		
	27		33		16	60		
	33		39		56	48		
	39		45		40			
	45		51		32	60		
	15	264	21	276			7fff7f	
	21		27		16			
	27		33		8	48		
	33		39		112			
	39		45		24	60		
	45		51		0			
	51		57		16			
	57		63		32			
draw	20	278	31	296	/sprites/515.SMIV/0
line	14	276	35	276	489048
			14	277	
	35		35		
	14	297		297	
			14	296	
	35		35		
rect	42	278	49	278	003870
				296	0060c0
line	40	276	50	276	00488f
			40	277	
	50		50		
	40	297		297	
			40	296	
	50		50		
rect	55	278	62	278	707000
				296	c0c000
line	53	276	63	276	909000
			53	277	
	63		63		
	53	297		297	
			53	296	
	63		63		
crop	12	300	18	312	32	48	ff0000	/fonts/computer
	18		24		40	72		
	24		30		104			
	30		36		40			
	36		42		32	84		
	42		48		40	72		
	48		54		16	84		
	54		60		0	24		
	60		66		16	48		
	66		72		40	72		
	72		78		32	84		
	78		84		8	72		
