point	348	152	d0d0d0
	268	183	b0b0b0
	209	339	808080
	402	13	d0d0d0
	483	412	808080
	201	466	
	473	237	
	268	36	b0b0b0
	581	322	808080
	531	395	
	219	351	
	343	166	
	282	110	
	147	259	b0b0b0
	363	180	808080
	202	276	d0d0d0
	268	442	808080
	204	114	d0d0d0
	539	65	b0b0b0
	313	69	
	250	196	808080
	395	98	b0b0b0
	264	95	
	534	90	808080
	204	477	
	485	76	d0d0d0
	215	230	
	424	411	
	495	178	808080
	149	331	
	588	157	
	425	364	
	497	395	b0b0b0
	564	394	808080
	313	126	d0d0d0
	551	433	808080
	442	411	
	460	250	b0b0b0
	515	86	
	559	306	808080
	225	327	b0b0b0
	348	220	d0d0d0
	274	8	808080
	595	15	
	475	30	
	500	23	
	577	377	
	313	193	
	197	112	
	579	81	d0d0d0
	496	317	808080
	562	181	b0b0b0
	603	461	d0d0d0
	557	120	
	391	42	808080
	516	4	d0d0d0
	378	338	808080
	128	66	
	549	323	d0d0d0
	377	58	808080
	509	316	
	149	450	b0b0b0
	161	342	d0d0d0
	530	220	b0b0b0
	505	295	
	512	459	808080
	178	261	b0b0b0
	377	341	808080
	586	203	b0b0b0
	475	409	808080
	585	110	
	247	121	d0d0d0
	481	77	808080
	223	42	b0b0b0
	224	429	808080
	513	210	
	545	76	b0b0b0
	468	432	
	488	117	808080
	374	418	b0b0b0
	353	48	808080
	400	212	d0d0d0
	329	50	808080
	367	464	d0d0d0
	589	315	b0b0b0
	514	52	808080
	248	375	b0b0b0
	362	403	808080
	228	96	
	438	369	
	220	51	b0b0b0
	307	56	d0d0d0
	377	3	808080
	399	257	
	543	303	
	422	230	d0d0d0
	235	139	808080
	504	315	
	534	42	b0b0b0
	461	95	808080
	328	174	
	450	44	
	181	381	b0b0b0
	359	292	808080
	531	71	d0d0d0
	436	198	
	195	84	808080
	390	103	
	499	328	
	593	103	
	227	149	
	358	285	d0d0d0
	243	329	b0b0b0
	502	327	808080
	293	199	
	352	148	
	212	436	b0b0b0
	478	358	d0d0d0
	570	353	808080
	548	151	d0d0d0
	409	419	b0b0b0
	208	59	808080
	543	280	
	471	244	
	472	395	b0b0b0
rect	211	0	212	481	000050
	305		306		002850
	399		400		000050
	493		494		
	587		588		
	128	87	609	88	
		181		182	002850
		275		276	000050
		369		370	
		463		464	
	366	238	368	240	00c000
triangle	195	15	203	23	00c000
diamond	259	65	275	81	c00000
triangle	213	29	219	35	c00000
	175	87	181	93	
rect	203	154	205	156	00c000
	37	78	39	80	c00000
	214	73	216	75	ff0000
	220	36	222	38	
dither	199	29	254	46	303000
crop	203	33	210	44	24	44	000000	/fonts/tactical.png
	210		217		16	77		
	217		224		40			
	224		231		72	66		
	231		238		24	77		
	238		245		40	66		
	245		252		16	77		
	202	32	209	43	24	44	ffff00	
	209		216		16	77		
	216		223		40			
	223		230		72	66		
	230		237		24	77		
	237		244		40	66		
	244		251		16	77		
dither	200	50	367	67	003030
crop	204	54	211	65	80	55	000000	/fonts/tactical.png
	211		218		120	66		
	218		225					
	225		232		104			
	232		239		0	22		
	239		246		32	77		
	246		253		120	66		
	253		260		0	22		
	260		267		24	44		
	267		274		96	66		
	274		281		120			
	281		288		24	77		
	288		295		40	66		
	295		302		24	77		
	302		309		32			
	309		316		0	22		
	316		323		64	44		
	323		330		120	66		
	330		337		24	77		
	337		344		32			
	344		351		72	66		
	351		358		96			
	358		365		40			
	203	53	210	64	80	55	00ffff	
	210		217		120	66		
	217		224					
	224		231		104			
	231		238		0	22		
	238		245		32	77		
	245		252		120	66		
	252		259		0	22		
	259		266		24	44		
	266		273		96	66		
	273		280		120			
	280		287		24	77		
	287		294		40	66		
	294		301		24	77		
	301		308		32			
	308		315		0	22		
	315		322		64	44		
	322		329		120	66		
	329		336		24	77		
	336		343		32			
	343		350		72	66		
	350		357		96			
	357		364		40			
line	245	82	247	97	489048
			259	87	
	247	97			204020
draw	0	0	128	480	/pictures/501.png
	608		640		/pictures/512.png
rect	614	359	615	457	007fff
			623	360	
	622			457	00488f
	614	456			
	615	360	622	456	0070e0
	614	231	615	329	909048
			623	232	
	622			329	505028
	614	328			
	615	232	622	328	707038
	614	103	615	201	904848
			623	104	
	622			201	502828
	614	200			
	615	104	622	200	703838
	618	8	630	9	90488f
			619	10	
	629		630		
	618	36		37	
		35	619		
	629		630		
	620	10	628	35	703870
		35			c060c0
	634	49	636	52	7fff7f
		53		56	60c060
		57		60	
		61		64	
		65		68	
		69		72	7fff7f
		73		76	60c060
		77		80	183018
		81		84	
		85		88	
		89		92	
		93		96	
		97		100	
		101		104	
		105		108	
		109		112	
		113		116	
		117		120	
		121		124	
		125		128	
		129		132	
		133		136	
		137		140	
		141		144	
		145		148	
		149		152	
		153		156	
		157		160	
		161		164	
		165		168	
		169		172	
		173		176	
		177		180	
		181		184	
		185		188	
		189		192	
		193		196	
		197		200	
		201		204	
		205		208	
		209		212	
		213		216	
		217		220	
		221		224	
		225		228	
		229		232	
		233		236	
		237		240	
		241		244	
		245		248	
		249		252	
		253		256	
		257		260	
		261		264	
		265		268	
		269		272	
		273		276	
		277		280	
		281		284	
		285		288	
		289		292	
		293		296	
		297		300	
		301		304	
		305		308	
		309		312	
		313		316	
		317		320	
		321		324	
		325		328	
		329		332	
		333		336	
		337		340	
		341		344	
		345		348	
		349		352	
		353		356	
		357		360	
		361		364	
		365		368	
		369		372	
		373		376	
		377		380	
		381		384	
		385		388	
		389		392	
		393		396	
		397		400	
		401		404	
		405		408	
		409		412	
		413		416	
		417		420	
		421		424	
		425		428	
		429		432	
		433		436	
		437		440	
		441		444	
		445		448	
	621	52	631	56	303000
		57		61	
		62		66	
		67		71	
		72		76	
		77		81	
		82		86	
	7	7	115	115	00ff00
	8	8	114	114	001000
	36	36	86	86	003000
point	41	23	00e000
	42	32	
	56	10	
	57	11	
	40	22	
	42	24	
	51	19	
	46	21	
	43	38	
	67	18	
	69	20	
	51	43	
	70	19	
	42	22	
	41	24	
		45	
	45	20	
		19	
	49		
	46	20	
	49	19	
	45	39	
	50	19	
	44	52	
	48	19	
	45	44	
	41	22	
	45	44	
	46	40	
	26	44	
	15	39	
	46	41	
	45	43	
	46	42	
			
rect	12	320	121	440	001000
		330	120	331	009000
		332	13	344	
			121	333	
	120			344	005000
	12	343			
	13	333	120	343	007000
	12	438		439	009000
	16	450	114	475	001010
	17		18	462	00c0c0
			44	451	
	43			462	007070
	17	461			
	18	451	43	461	009090
	17	462	18	474	00c0c0
			44	463	
	43			474	007070
	17	473			
	18	463	43	473	009090
crop	15	320	21	332	104	48	00ff00	/fonts/computer.png
	21		27		40			
	27		33		24	60		
	33		39					
	39		45		8	48		
	45		51		56			
	51		57		40			
	57		63		24	60		
	15	332	21	344	112	48		
	21		27		40	72		
	27		33		64	84		
	33		39		32			
	39		45		0	24		
	45		51			60		
	51		57		8	72		
	57		63		56			
	63		69		40			
	69		75		120	24		
	75		81		24	48		
	81		87		96	72		
	87		93		40			
	93		99		8			
	99		105		16	84		
	15	344	21	356	0	60		
	21		27		16	84		
	27		33		40	72		
	33		39		48	84		
	39		45		72	72		
	45		51		120			
	51		57		40	84		
	57		63		24			
	63		69		0	24		
	69		75			60		
	75		81		8	72		
	81		87		56			
	87		93		40			
	15	356	21	368	96	48		
	21		27		8	72		
	27		33		24	84		
	33		39		32			
	39		45		0	24		
	45		51		104	48		
	51		57		40	72		
	57		63		24	84		
	63		69					
	69		75		8	72		
	75		81		56			
	81		87		40			
	19	450	25	462	16	60	00ffff	
	25		31		56	48		
	31		37		64			
	37		43		32	60		
	43		49		0	24		
	49		55		40	48		
	55		61		64	84		
	61		67		40	72		
	67		73		24			
	73		79		40	84		
	79		85		32			
	85		91		40	72		
	19	462	25	474	96	48		
	25		31		40			
	31		37		48			
	37		43		32	60		
	43		49		0	24		
	49		55		104	48		
	55		61		8	72		
	61		67		72			
	67		73		112			
	73		79		0	24		
	79		85		104	48		
	85		91		40	72		
	91		97		112			
	97		103		40	84		
rect	12	180	13	192	ffff00
			121	181	
	120			192	909000
	12	191			
	13	181	120	191	c0c000
crop	15	180	21	192	24	48	000000	/fonts/computer.png
	21		27		120			
	27		33		112			
	33		39		32	60		
	39		45		16			
	45		51		120	48		
	51		57		96			
	15	192	21	204	24		7fff7f	
	21		27		16	60		
	27		33		40			
	33		39		72	48		
	39		45		24	60		
	45		51		40	48		
	51		57		16	60		
	16	208	34	222	3	5	ffffff	/sprites/...
rect	14	204	36	205	489048
			15	206	
	35		36		
	14	225		226	
		224	15		
	35		36		
	42	206	49	218	003870
		218		224	0060c0
	40	204	51	205	00488f
			41	206	
	50		51		
	40	225		226	
		224	41		
	50		51		
	55	206	62	207	707000
		207		224	c0c000
	53	204	64	205	909000
			54	206	
	63		64		
	53	225		226	
		224	54		
	63		64		
crop	69	204	75	216	0	60	7fff7f	/fonts/computer.png
	75		81		88	48		
	81		87		16			
	87		93		40			
	93		99		8			
	99		105		104			
	105		111		0	24		
	111		117		8	36		
	69	216	75	228	48	48		
	75		81		0	24		
	81		87			60		
	87		93		40			
	93		99		96	48		
	99		105		24	60		
	105		111		40	48		
	12	228	18	240	32	60	00ff00	
	18		24		16	84		
	24		30		8	72		
	30		36		112			
	36		42		24	84		
	42		48		0			
	48		54		120	72		
	54		60		16	84		
	60		66		32			
rect	12	252	13	264	007fff
			121	253	
	120			264	00488f
	12	263			
	13	253	120	263	0060c0
crop	15	252	21	264	32	60	000000	/fonts/computer.png
	21		27		8	48		
	27		33		16	60		
	33		39		56	48		
	39		45		40			
	45		51		32	60		
	15	264	21	276			7fff7f	
	21		27		16			
	27		33		8	48		
	33		39		112			
	39		45		24	60		
	45		51		0			
	51		57		16			
	57		63		32			
	20	278	31	296	13	3	ffffff	/sprites/...
rect	14	276	36	277	489048
			15	278	
	35		36		
	14	297		298	
		296	15		
	35		36		
	42	278	49	278	003870
				296	0060c0
	40	276	51	277	00488f
			41	278	
	50		51		
	40	297		298	
		296	41		
	50		51		
	55	278	62	278	707000
				296	c0c000
	53	276	64	277	909000
			54	278	
	63		64		
	53	297		298	
		296	54		
	63		64		
crop	12	300	18	312	32	48	ff0000	/fonts/computer.png
	18		24		40	72		
	24		30		104			
	30		36		40			
	36		42		32	84		
	42		48		40	72		
	48		54		16	84		
	54		60		0	24		
	60		66		16	48		
	66		72		40	72		
	72		78		32	84		
	78		84		8	72		
