point	254	62	b0b0b0
	320	16	d0d0d0
	602	223	808080
	135	325	d0d0d0
	565	151	808080
	334	251	
	197	305	d0d0d0
	575	63	
	334	373	b0b0b0
	498	396	d0d0d0
	390	274	b0b0b0
	240	213	808080
	412	220	d0d0d0
	479	17	
	533	181	b0b0b0
	519	474	d0d0d0
	504	1	
	313	104	808080
	219	313	d0d0d0
	308	195	808080
	459	117	b0b0b0
	355	168	808080
	375	338	d0d0d0
	527	67	
	383	27	808080
	317	34	
	136	460	b0b0b0
	218	15	808080
	421	38	d0d0d0
	181	456	
	349	21	b0b0b0
	390	398	808080
	565	347	b0b0b0
	442	193	
	363	387	d0d0d0
	545	178	808080
	569	252	b0b0b0
	356	348	
	368	74	808080
	444	127	d0d0d0
	348	322	b0b0b0
	222	16	
	558	118	808080
	357	267	d0d0d0
	203	91	808080
	139	477	b0b0b0
	308	317	
	542	348	d0d0d0
	294	393	b0b0b0
	548	237	808080
	137	408	b0b0b0
	366	326	d0d0d0
	596	231	808080
	188	122	
	224	105	
	140	96	
	444	191	
	205	215	b0b0b0
	335	398	
	317	205	d0d0d0
	478	195	b0b0b0
	428	58	
	158	455	d0d0d0
	590	126	
	566	49	
	152	121	b0b0b0
	507	100	d0d0d0
	428	249	b0b0b0
	578	194	808080
	155	199	b0b0b0
	464	35	
	173	371	d0d0d0
	219	263	808080
	578	100	b0b0b0
	201	110	808080
	389	6	
	175	101	
	508	290	b0b0b0
	358	300	d0d0d0
	603	238	b0b0b0
	562	148	
	336	45	808080
	420	82	
	387	5	
	554	415	b0b0b0
	540	192	
	354	47	808080
	403	39	
	189	470	
	265	320	d0d0d0
	318	464	
	397	457	808080
	474	8	
	517	409	
	394	400	d0d0d0
	366	141	b0b0b0
	494	30	
	339	285	808080
	320	216	
	442	147	
	514	231	b0b0b0
	171	347	
	301	350	808080
	230	298	
	317	399	b0b0b0
	155	204	
	445	162	
	605	357	
	403	161	808080
	501	318	
	299	207	b0b0b0
	401	129	
	138	329	d0d0d0
	467	265	
	360	365	808080
	453	258	d0d0d0
	222	81	
	318	406	808080
	404	96	b0b0b0
	152	31	808080
	162	464	d0d0d0
	415	144	
	376	41	
	468	315	
	145	349	b0b0b0
	328	337	b05800
	285	353	
	337	363	
	267	421	
	337	437	
	263	359	
	316	373	
	296	323	
	333	366	
	314	394	
line	454	0	454	480	002850
	128	365	608	365	000050
draw	270	317	310	343	/sprites/550.SMIV/1
	367	237	371	243	/sprites/513.SMIV/16
dither	200	454	444	471	300000
tint	204	458	212	470	000000	/font/5000/20
	211		219			/font/5000/43
	218		226			/font/5000/72
	225		233			/font/5000/75
	232		240			/font/5000/69
	239		247			/font/5000/73
	246		254			/font/5000/65
	253		261			/font/5000/72
	260		268			/font/5000/20
	267		275			/font/5000/64
	274		282			/font/5000/65
	281		289			/font/5000/73
	288		296			/font/5000/74
	295		303			/font/5000/72
	302		310			/font/5000/6f
	309		317			/font/5000/79
	316		324			/font/5000/65
	323		331			/font/5000/64
	330		338			/font/5000/2e
	337		345			/font/5000/20
	344		352			
	351		359			/font/5000/33
	358		366			/font/5000/20
	365		373			/font/5000/72
	372		380			/font/5000/65
	379		387			/font/5000/6d
	386		394			/font/5000/61
	393		401			/font/5000/69
	400		408			/font/5000/6e
	407		415			/font/5000/69
	414		422			/font/5000/6e
	421		429			/font/5000/67
	428		436			/font/5000/2e
	435		443			/font/5000/20
	203	457	211	469	ff0000	
	210		218			/font/5000/43
	217		225			/font/5000/72
	224		232			/font/5000/75
	231		239			/font/5000/69
	238		246			/font/5000/73
	245		253			/font/5000/65
	252		260			/font/5000/72
	259		267			/font/5000/20
	266		274			/font/5000/64
	273		281			/font/5000/65
	280		288			/font/5000/73
	287		295			/font/5000/74
	294		302			/font/5000/72
	301		309			/font/5000/6f
	308		316			/font/5000/79
	315		323			/font/5000/65
	322		330			/font/5000/64
	329		337			/font/5000/2e
	336		344			/font/5000/20
	343		351			
	350		358			/font/5000/33
	357		365			/font/5000/20
	364		372			/font/5000/72
	371		379			/font/5000/65
	378		386			/font/5000/6d
	385		393			/font/5000/61
	392		400			/font/5000/69
	399		407			/font/5000/6e
	406		414			/font/5000/69
	413		421			/font/5000/6e
	420		428			/font/5000/67
	427		435			/font/5000/2e
	434		442			/font/5000/20
line	194	336	209	336	489048
			202	323	
	209				204020
draw	0	0	128	480	/pictures/501.png
	608		640		/pictures/512.png
line	614	456	614	359	007fff
		359	622		
	622			456	00488f
		456	614		
rect	615	360	622	456	0070e0
line	614	328	614	231	909048
		231	622		
	622			328	505028
		328	614		
rect	615	232	622	328	707038
line	614	200	614	103	904848
		103	622		
	622			200	502828
		200	614		
rect	615	104	622	200	703838
line	618	8	629	8	90488f
			618	9	
	629		629		
	618	36		36	
			618	35	
	629		629		
rect	620	10	628	35	703870
		35			c060c0
	634	49	636	52	7fff7f
		53		56	60c060
		57		60	
		61		64	
		65		68	
		69		72	7fff7f
		73		76	60c060
		77		80	
		81		84	183018
		85		88	
		89		92	
		93		96	
		97		100	
		101		104	
		105		108	
		109		112	
		113		116	
		117		120	
		121		124	
		125		128	
		129		132	
		133		136	
		137		140	
		141		144	
		145		148	
		149		152	
		153		156	
		157		160	
		161		164	
		165		168	
		169		172	
		173		176	
		177		180	
		181		184	
		185		188	
		189		192	
		193		196	
		197		200	
		201		204	
		205		208	
		209		212	
		213		216	
		217		220	
		221		224	
		225		228	
		229		232	
		233		236	
		237		240	
		241		244	
		245		248	
		249		252	
		253		256	
		257		260	
		261		264	
		265		268	
		269		272	
		273		276	
		277		280	
		281		284	
		285		288	
		289		292	
		293		296	
		297		300	
		301		304	
		305		308	
		309		312	
		313		316	
		317		320	
		321		324	
		325		328	
		329		332	
		333		336	
		337		340	
		341		344	
		345		348	
		349		352	
		353		356	
		357		360	
		361		364	
		365		368	
		369		372	
		373		376	
		377		380	
		381		384	
		385		388	
		389		392	
		393		396	
		397		400	
		401		404	
		405		408	
		409		412	
		413		416	
		417		420	
		421		424	
		425		428	
		429		432	
		433		436	
		437		440	
		441		444	
		445		448	
	621	52	631	56	303000
		57		61	
		62		66	
		67		71	
		72		76	
		77		81	
		82		86	
	7	7	115	115	00ff00
	8	8	114	114	001000
	57	57	65	65	003000
point	74	39	00e000
	60	62	
	63	39	
	59	69	
	71	45	
	78	52	
	84	50	
	75	41	
	74	37	
	72	47	
	61	73	
	71	37	
	75	41	
	73	47	
	79	50	
	60	70	
	79	50	
	78	51	
	74	37	
	72	46	
	58	86	
	60	71	
	61	72	
	78	51	
	71	52	
	73	37	
	74	38	
			
	78	51	
		52	
	34	93	
	8	81	
	61	40	
	63	45	
	69	32	
	54	43	
	68	28	
	60	67	
rect	12	320	121	440	001000
line	12	330	119	330	009000
tint	15	320	23	333	00ff00	/font/5001/53
	21		29			/font/5001/50
	27		35			/font/5001/45
	33		41			/font/5001/43
	39		47			/font/5001/49
	45		53			/font/5001/41
	51		59			/font/5001/4c
	57		65			/font/5001/20
	63		71			/font/5001/4f
	69		77			/font/5001/52
	75		83			/font/5001/44
	81		89			/font/5001/45
	87		95			/font/5001/52
	93		101			/font/5001/53
line	12	343	12	332	009000
		332	120		
	120			343	005000
		343	12		
rect	13	333	120	343	007000
tint	15	332	23	345	00ff00	/font/5001/54
	21		29			/font/5001/72
	27		35			/font/5001/61
	33		41			/font/5001/6e
	39		47			/font/5001/73
	45		53			/font/5001/66
	51		59			/font/5001/65
	57		65			/font/5001/72
	63		71			/font/5001/20
	69		77			/font/5001/43
	75		83			/font/5001/6f
	81		89			/font/5001/6e
	87		95			/font/5001/74
	93		101			/font/5001/72
	99		107			/font/5001/6f
	105		113			/font/5001/6c
	15	344	23	357		/font/5001/48
	21		29			/font/5001/6f
	27		35			/font/5001/6c
	33		41			/font/5001/64
	39		47			/font/5001/20
	45		53			/font/5001/50
	51		59			/font/5001/6f
	57		65			/font/5001/73
	63		71			/font/5001/69
	69		77			/font/5001/74
	75		83			/font/5001/69
	81		89			/font/5001/6f
	87		95			/font/5001/6e
	15	356	23	369		/font/5001/47
	21		29			/font/5001/6f
	27		35			/font/5001/20
	33		41			/font/5001/54
	39		47			/font/5001/6f
	45		53			/font/5001/20
	51		59			/font/5001/4d
	57		65			/font/5001/79
	63		71			/font/5001/20
	69		77			/font/5001/50
	75		83			/font/5001/6f
	81		89			/font/5001/73
	87		95			/font/5001/69
	93		101			/font/5001/74
	99		107			/font/5001/69
	105		113			/font/5001/6f
	111		119			/font/5001/6e
	15	368	23	381		/font/5001/46
	21		29			/font/5001/69
	27		35			/font/5001/72
	33		41			/font/5001/65
	39		47			/font/5001/20
	45		53			/font/5001/57
	51		59			/font/5001/65
	57		65			/font/5001/61
	63		71			/font/5001/70
	69		77			/font/5001/6f
	75		83			/font/5001/6e
	81		89			/font/5001/20
	87		95			/font/5001/31
	15	380	23	393		/font/5001/46
	21		29			/font/5001/69
	27		35			/font/5001/72
	33		41			/font/5001/65
	39		47			/font/5001/20
	45		53			/font/5001/57
	51		59			/font/5001/65
	57		65			/font/5001/61
	63		71			/font/5001/70
	69		77			/font/5001/6f
	75		83			/font/5001/6e
	81		89			/font/5001/20
	87		95			/font/5001/32
	15	392	23	405		/font/5001/46
	21		29			/font/5001/69
	27		35			/font/5001/72
	33		41			/font/5001/65
	39		47			/font/5001/20
	45		53			/font/5001/53
	51		59			/font/5001/70
	57		65			/font/5001/65
	63		71			/font/5001/63
	69		77			/font/5001/69
	75		83			/font/5001/61
	81		89			/font/5001/6c
line	12	438	119	438	009000
rect	16	450	114	475	001010
line	17	461	17	450	00c0c0
		450	43		
	43			461	007070
		461	17		
rect	18	451	43	461	009090
tint	19	450	27	463	00ffff	/font/5001/52
	25		33			/font/5001/47
	31		39			/font/5001/48
	37		45			/font/5001/54
	43		51			/font/5001/20
	49		57			/font/5001/45
	55		63			/font/5001/78
	61		69			/font/5001/65
	67		75			/font/5001/63
	73		81			/font/5001/75
	79		87			/font/5001/74
	85		93			/font/5001/65
line	17	473	17	462	00c0c0
		462	43		
	43			473	007070
		473	17		
rect	18	463	43	473	009090
tint	19	462	27	475	00ffff	/font/5001/4c
	25		33			/font/5001/45
	31		39			/font/5001/46
	37		45			/font/5001/54
	43		51			/font/5001/20
	49		57			/font/5001/4d
	55		63			/font/5001/61
	61		69			/font/5001/69
	67		75			/font/5001/6e
	73		81			/font/5001/20
	79		87			/font/5001/4d
	85		93			/font/5001/65
	91		99			/font/5001/6e
	97		105			/font/5001/75
line	12	191	12	180	ffff00
		180	120		
	120			191	909000
		191	12		
rect	13	181	120	191	c0c000
tint	15	180	23	193	000000	/font/5001/43
	21		29			/font/5001/4f
	27		35			/font/5001/4e
	33		41			/font/5001/54
	39		47			/font/5001/52
	45		53			/font/5001/4f
	51		59			/font/5001/4c
line	14	204	35	204	489048
			14	205	
	35		35		
	14	225		225	
			14	224	
	35		35		
	12	263	12	252	007fff
		252	120		
	120			263	00488f
		263	12		
rect	13	253	120	263	0060c0
tint	15	252	23	265	000000	/font/5001/54
	21		29			/font/5001/41
	27		35			/font/5001/52
	33		41			/font/5001/47
	39		47			/font/5001/45
	45		53			/font/5001/54
line	14	276	35	276	489048
			14	277	
	35		35		
	14	297		297	
			14	296	
	35		35		
