point	433	301	d0d0d0
	293	372	
	151	146	b0b0b0
	215	269	d0d0d0
	167	377	808080
	412	271	b0b0b0
	606	229	808080
	402	355	
	231	390	b0b0b0
	322	333	
	447	1	
	317	210	d0d0d0
	366	380	b0b0b0
	428	63	
	575	103	d0d0d0
	476	410	808080
	558	153	
	415	164	b0b0b0
	534	458	808080
	210	347	
	554	236	b0b0b0
	207	142	808080
	381	279	d0d0d0
	523	124	808080
	337	433	d0d0d0
	453	225	
	216	443	
	261	88	
	131	443	
	592	393	b0b0b0
	386	158	d0d0d0
	425	338	b0b0b0
	400	143	808080
	313	394	d0d0d0
	514	308	b0b0b0
	342	263	808080
	414	468	
	499	211	b0b0b0
	467	99	808080
	538	448	
	156	130	d0d0d0
	358	71	
	352	418	b0b0b0
	338	279	808080
	329	128	d0d0d0
	289	436	808080
	510	467	b0b0b0
	269	340	d0d0d0
	439	269	
	464	95	808080
	569	173	d0d0d0
	130	424	808080
	232	119	d0d0d0
	327	474	
	391	178	b0b0b0
	449	367	808080
	170	441	b0b0b0
	518	352	d0d0d0
	564	410	b0b0b0
	553	306	808080
	482	322	b0b0b0
	485	198	d0d0d0
	472	73	
	485	415	808080
	190	46	
	392	234	
	218	52	d0d0d0
	533	80	
	483	142	
	167	450	b0b0b0
	150	31	d0d0d0
	255	362	808080
	379	407	
	452	107	b0b0b0
	371	417	d0d0d0
	424	171	
	589	412	808080
	214	153	d0d0d0
	266	412	b0b0b0
	599	88	
	137	441	808080
	576	330	d0d0d0
	421	424	808080
	588	459	
	209	60	d0d0d0
	502	141	808080
	221	137	
	437	432	b0b0b0
	304	29	808080
	163	299	d0d0d0
	253	438	
	429	349	
	173	398	808080
	436	301	
	377	48	d0d0d0
	129	378	
	280	11	b0b0b0
	533	377	
	220	333	808080
	301	195	b0b0b0
	370	353	d0d0d0
	374	30	b0b0b0
	131	108	d0d0d0
	512	96	b0b0b0
	425	268	d0d0d0
	608	445	
	209	475	
	567	361	b0b0b0
	191	279	808080
	197	167	d0d0d0
	321	417	808080
	510	135	
	138	197	d0d0d0
	266	382	
	574	256	808080
	147	245	
	484	59	
	262	113	d0d0d0
	352	157	808080
	484	316	d0d0d0
	258	158	808080
	348	66	d0d0d0
	240	45	b0b0b0
	362	209	
	165	54	808080
	-3383	-2325	100800
	-3288	-2361	
	-3712	-2628	301800
	-3648	-2601	
	-3245	-2388	100800
	-3274	-2344	
	-3295	-2383	
	-3243	-2394	
	-3325	-2413	
	-3245	-2432	
	-3349	-2365	
	-3258	-2454	
	-1983	-1926	202000
	-2018	-1979	
	-3656	-2683	301800
	-3698	-2690	
	-3647	-2645	
	-3669	-2603	
	-3627	-2615	
	-3610	-2691	
	-3611	-2625	
	-3640	-2666	
	-3695	-2610	
	-3679	-2569	
	-3725	-2650	
	-3680	-2588	
	-3656	-2539	
	-3704	-2621	
	-3643	-2592	
	-3728	-2666	
	-3628	-2627	
	-3661	-2646	
line	244	0	244	480	000050
	500		500		002850
	128	188	608	188	000050
		444		444	
draw	342	212	406	276	/sprites/1009.SMIV/0
	363	235	379	249	/sprites/501.SMIV/21
dither	200	451	444	468	300000
tint	204	455	212	467	000000	/font/5000/20
	211		219			/font/5000/43
	218		226			/font/5000/72
	225		233			/font/5000/75
	232		240			/font/5000/69
	239		247			/font/5000/73
	246		254			/font/5000/65
	253		261			/font/5000/72
	260		268			/font/5000/20
	267		275			/font/5000/64
	274		282			/font/5000/65
	281		289			/font/5000/73
	288		296			/font/5000/74
	295		303			/font/5000/72
	302		310			/font/5000/6f
	309		317			/font/5000/79
	316		324			/font/5000/65
	323		331			/font/5000/64
	330		338			/font/5000/2e
	337		345			/font/5000/20
	344		352			
	351		359			/font/5000/32
	358		366			/font/5000/20
	365		373			/font/5000/72
	372		380			/font/5000/65
	379		387			/font/5000/6d
	386		394			/font/5000/61
	393		401			/font/5000/69
	400		408			/font/5000/6e
	407		415			/font/5000/69
	414		422			/font/5000/6e
	421		429			/font/5000/67
	428		436			/font/5000/2e
	435		443			/font/5000/20
	203	454	211	466	ff0000	
	210		218			/font/5000/43
	217		225			/font/5000/72
	224		232			/font/5000/75
	231		239			/font/5000/69
	238		246			/font/5000/73
	245		253			/font/5000/65
	252		260			/font/5000/72
	259		267			/font/5000/20
	266		274			/font/5000/64
	273		281			/font/5000/65
	280		288			/font/5000/73
	287		295			/font/5000/74
	294		302			/font/5000/72
	301		309			/font/5000/6f
	308		316			/font/5000/79
	315		323			/font/5000/65
	322		330			/font/5000/64
	329		337			/font/5000/2e
	336		344			/font/5000/20
	343		351			
	350		358			/font/5000/32
	357		365			/font/5000/20
	364		372			/font/5000/72
	371		379			/font/5000/65
	378		386			/font/5000/6d
	385		393			/font/5000/61
	392		400			/font/5000/69
	399		407			/font/5000/6e
	406		414			/font/5000/69
	413		421			/font/5000/6e
	420		428			/font/5000/67
	427		435			/font/5000/2e
	434		442			/font/5000/20
dither	200	50	262	67	003030
tint	204	54	212	66	000000	/font/5000/31
	211		219			/font/5000/3a
	218		226			/font/5000/32
	225		233			/font/5000/20
	232		240			/font/5000/5a
	239		247			/font/5000/6f
	246		254			
	253		261			/font/5000/6d
	203	53	211	65	00ffff	/font/5000/31
	210		218			/font/5000/3a
	217		225			/font/5000/32
	224		232			/font/5000/20
	231		239			/font/5000/5a
	238		246			/font/5000/6f
	245		253			
	252		260			/font/5000/6d
line	238	90	241	105	489048
			253	95	
	241	105			204020
draw	0	0	128	480	/pictures/501.png
	608		640		/pictures/512.png
tint	29	159	37	172	ff0000	/font/5001/30
	35		43			/font/5001/35
	41		49			/font/5001/30
line	614	456	614	359	007fff
		359	622		
	622			456	00488f
		456	614		
rect	615	360	622	456	0070e0
line	614	328	614	231	ffff7f
		231	622		
	622			328	909048
		328	614		
rect	615	232	622	328	e0e070
line	614	200	614	103	ff7f7f
		103	622		
	622			200	904848
		200	614		
rect	615	104	622	200	e07070
line	618	8	629	8	90488f
			618	9	
	629		629		
	618	36		36	
			618	35	
	629		629		
rect	620	10	628	35	703870
		35			c060c0
	634	49	636	52	7fff7f
		53		56	60c060
		57		60	
		61		64	
		65		68	
		69		72	7fff7f
		73		76	60c060
		77		80	
		81		84	
		85		88	183018
		89		92	
		93		96	
		97		100	
		101		104	
		105		108	
		109		112	
		113		116	
		117		120	
		121		124	
		125		128	
		129		132	
		133		136	
		137		140	
		141		144	
		145		148	
		149		152	
		153		156	
		157		160	
		161		164	
		165		168	
		169		172	
		173		176	
		177		180	
		181		184	
		185		188	
		189		192	
		193		196	
		197		200	
		201		204	
		205		208	
		209		212	
		213		216	
		217		220	
		221		224	
		225		228	
		229		232	
		233		236	
		237		240	
		241		244	
		245		248	
		249		252	
		253		256	
		257		260	
		261		264	
		265		268	
		269		272	
		273		276	
		277		280	
		281		284	
		285		288	
		289		292	
		293		296	
		297		300	
		301		304	
		305		308	
		309		312	
		313		316	
		317		320	
		321		324	
		325		328	
		329		332	
		333		336	
		337		340	
		341		344	
		345		348	
		349		352	
		353		356	
		357		360	
		361		364	
		365		368	
		369		372	
		373		376	
		377		380	
		381		384	
		385		388	
		389		392	
		393		396	
		397		400	
		401		404	
		405		408	
		409		412	
		413		416	
		417		420	
		421		424	
		425		428	
		429		432	
		433		436	
		437		440	
		441		444	
		445		448	
	621	52	631	56	303000
		57		61	
		62		66	
		67		71	
		72		76	
		77		81	
		82		86	
	7	7	115	115	00ff00
	8	8	114	114	001000
	52	52	70	70	003000
point	61	61	00e000
rect	12	320	121	440	001000
line	12	330	119	330	009000
tint	15	320	23	333	00ff00	/font/5001/53
	21		29			/font/5001/50
	27		35			/font/5001/45
	33		41			/font/5001/43
	39		47			/font/5001/49
	45		53			/font/5001/41
	51		59			/font/5001/4c
	57		65			/font/5001/20
	63		71			/font/5001/4f
	69		77			/font/5001/52
	75		83			/font/5001/44
	81		89			/font/5001/45
	87		95			/font/5001/52
	93		101			/font/5001/53
line	12	343	12	332	009000
		332	120		
	120			343	005000
		343	12		
rect	13	333	120	343	007000
tint	15	332	23	345	00ff00	/font/5001/54
	21		29			/font/5001/72
	27		35			/font/5001/61
	33		41			/font/5001/6e
	39		47			/font/5001/73
	45		53			/font/5001/66
	51		59			/font/5001/65
	57		65			/font/5001/72
	63		71			/font/5001/20
	69		77			/font/5001/43
	75		83			/font/5001/6f
	81		89			/font/5001/6e
	87		95			/font/5001/74
	93		101			/font/5001/72
	99		107			/font/5001/6f
	105		113			/font/5001/6c
	15	344	23	357		/font/5001/48
	21		29			/font/5001/6f
	27		35			/font/5001/6c
	33		41			/font/5001/64
	39		47			/font/5001/20
	45		53			/font/5001/50
	51		59			/font/5001/6f
	57		65			/font/5001/73
	63		71			/font/5001/69
	69		77			/font/5001/74
	75		83			/font/5001/69
	81		89			/font/5001/6f
	87		95			/font/5001/6e
	15	356	23	369		/font/5001/47
	21		29			/font/5001/6f
	27		35			/font/5001/20
	33		41			/font/5001/54
	39		47			/font/5001/6f
	45		53			/font/5001/20
	51		59			/font/5001/4d
	57		65			/font/5001/79
	63		71			/font/5001/20
	69		77			/font/5001/50
	75		83			/font/5001/6f
	81		89			/font/5001/73
	87		95			/font/5001/69
	93		101			/font/5001/74
	99		107			/font/5001/69
	105		113			/font/5001/6f
	111		119			/font/5001/6e
	15	368	23	381		/font/5001/46
	21		29			/font/5001/69
	27		35			/font/5001/72
	33		41			/font/5001/65
	39		47			/font/5001/20
	45		53			/font/5001/57
	51		59			/font/5001/65
	57		65			/font/5001/61
	63		71			/font/5001/70
	69		77			/font/5001/6f
	75		83			/font/5001/6e
	81		89			/font/5001/20
	87		95			/font/5001/31
	15	380	23	393		/font/5001/46
	21		29			/font/5001/69
	27		35			/font/5001/72
	33		41			/font/5001/65
	39		47			/font/5001/20
	45		53			/font/5001/57
	51		59			/font/5001/65
	57		65			/font/5001/61
	63		71			/font/5001/70
	69		77			/font/5001/6f
	75		83			/font/5001/6e
	81		89			/font/5001/20
	87		95			/font/5001/32
	15	392	23	405		/font/5001/46
	21		29			/font/5001/69
	27		35			/font/5001/72
	33		41			/font/5001/65
	39		47			/font/5001/20
	45		53			/font/5001/53
	51		59			/font/5001/70
	57		65			/font/5001/65
	63		71			/font/5001/63
	69		77			/font/5001/69
	75		83			/font/5001/61
	81		89			/font/5001/6c
line	12	438	119	438	009000
rect	16	450	114	475	001010
line	17	461	17	450	00c0c0
		450	43		
	43			461	007070
		461	17		
rect	18	451	43	461	009090
tint	19	450	27	463	00ffff	/font/5001/52
	25		33			/font/5001/47
	31		39			/font/5001/48
	37		45			/font/5001/54
	43		51			/font/5001/20
	49		57			/font/5001/45
	55		63			/font/5001/78
	61		69			/font/5001/65
	67		75			/font/5001/63
	73		81			/font/5001/75
	79		87			/font/5001/74
	85		93			/font/5001/65
line	17	473	17	462	00c0c0
		462	43		
	43			473	007070
		473	17		
rect	18	463	43	473	009090
tint	19	462	27	475	00ffff	/font/5001/4c
	25		33			/font/5001/45
	31		39			/font/5001/46
	37		45			/font/5001/54
	43		51			/font/5001/20
	49		57			/font/5001/4d
	55		63			/font/5001/61
	61		69			/font/5001/69
	67		75			/font/5001/6e
	73		81			/font/5001/20
	79		87			/font/5001/4d
	85		93			/font/5001/65
	91		99			/font/5001/6e
	97		105			/font/5001/75
rect	12	180	120	192	000000
line	12	191	12	180	ffff00
		180	119		
	119			191	909000
		191	12		
rect	13	181	119	191	c0c000
tint	15	180	23	193	000000	/font/5001/43
	21		29			/font/5001/4f
	27		35			/font/5001/4e
	33		41			/font/5001/54
	39		47			/font/5001/52
	45		53			/font/5001/4f
	51		59			/font/5001/4c
rect	12	192	120	204	000000
tint	15	192	23	205	7fff7f	/font/5001/43
	21		29			/font/5001/52
	27		35			/font/5001/55
	33		41			/font/5001/49
	39		47			/font/5001/53
	45		53			/font/5001/45
	51		59			/font/5001/52
rect	14	204	36	226	000000
draw	16	208	34	222	/sprites/501.SMIV/0
line	14	204	35	204	489048
			14	205	
	35		35		
	14	225		225	
			14	224	
	35		35		
rect	40	204	51	226	000000
	42	206	49	206	003870
				224	0060c0
line	40	204	50	204	00488f
			40	205	
	50		50		
	40	225		225	
			40	224	
	50		50		
rect	53	204	64	226	000000
	55	206	62	206	707000
				224	c0c000
line	53	204	63	204	909000
			53	205	
	63		63		
	53	225		225	
			53	224	
	63		63		
rect	69	204	120	216	000000
tint	69	204	77	217	7fff7f	/font/5001/50
	75		83			/font/5001/4b
	81		89			/font/5001/42
	87		95			/font/5001/45
	93		101			/font/5001/41
	99		107			/font/5001/4d
	105		113			/font/5001/20
	111		119			/font/5001/31
rect	69	216	120	228	000000
tint	69	216	77	229	7fff7f	/font/5001/46
	75		83			/font/5001/20
	81		89			/font/5001/50
	87		95			/font/5001/55
	93		101			/font/5001/4c
	99		107			/font/5001/53
	105		113			/font/5001/45
rect	69	192	120	204	000000
	12	228		240	
tint	12	228	20	241	00ff00	/font/5001/44
	18		26			/font/5001/65
	24		32			/font/5001/6d
	30		38			/font/5001/65
	36		44			/font/5001/74
	42		50			/font/5001/65
	48		56			/font/5001/72
	54		62			/font/5001/20
	60		68			/font/5001/41
	66		74			/font/5001/6c
	72		80			/font/5001/70
	78		86			/font/5001/68
	84		92			/font/5001/61
rect	12	252	120	264	000000
line	12	263	12	252	007fff
		252	119		
	119			263	00488f
		263	12		
rect	13	253	119	263	0060c0
tint	15	252	23	265	000000	/font/5001/54
	21		29			/font/5001/41
	27		35			/font/5001/52
	33		41			/font/5001/47
	39		47			/font/5001/45
	45		53			/font/5001/54
rect	12	264	120	276	000000
	14	276	36	298	
line	14	276	35	276	489048
			14	277	
	35		35		
	14	297		297	
			14	296	
	35		35		
rect	40	276	51	298	000000
	53		64		
	69		120	288	
		288		300	
		264		276	
	12	300		312	
