line	464	4	464	6	b0b0b0
	165	298	165	299	808080
	153	91	154	93	d0d0d0
	498	303	498	305	b0b0b0
	265	172	265	174	
	229	385	229	387	
	249	229	249	231	
	523	268	523	269	
	293	208	293	210	
	216	346	217	347	808080
	538	277	538	278	b0b0b0
	217	463	217	465	808080
	368	40	368	42	d0d0d0
	170	87	170	88	808080
	551	343	551	345	b0b0b0
	241	326	241	327	808080
	242	460	242	462	d0d0d0
	594	83	594	84	808080
	568	140	568	142	b0b0b0
	298	458	298	461	d0d0d0
	328	175	328	176	808080
	417	197	418	200	d0d0d0
	166	325	167	326	b0b0b0
	163	404	163	405	
	419	32	420	34	d0d0d0
	257	217	257	218	808080
	601	382	602	383	b0b0b0
	214	166	215	168	
	371	44	371	46	d0d0d0
	173	266	173	268	b0b0b0
	470	213	470	214	808080
	410	221	410	223	b0b0b0
	567	43	567	45	
	419	387	420	389	
	579	43	579	44	808080
	364	388	364	389	
	378	71	378	73	b0b0b0
	219	416	219	417	808080
	300	125	300	126	
	362	371	363	373	d0d0d0
	129	359	129	361	
	296	360	297	362	b0b0b0
	258	242	258	244	
	428	16	428	18	
	265	108	265	110	
	588	449	588	451	d0d0d0
	542	158	542	159	808080
	284	187	284	189	b0b0b0
	349	415	349	417	808080
	503	199	503	200	
	196	275	196	276	
	249	64	249	66	b0b0b0
	314	31	314	33	
	559	369	559	371	
	263	409	263	410	808080
	348	397	348	399	b0b0b0
	452	124	452	125	808080
	455	301	455	303	b0b0b0
	427	423	428	425	
	136	99	136	101	d0d0d0
	286	373	286	375	b0b0b0
	466	317	466	319	d0d0d0
	484	417	484	418	b0b0b0
	219	357	219	359	
	226	322	226	325	d0d0d0
	309	84	309	86	
	416	201	417	203	
	565	359	565	361	
	457	178	457	180	808080
	416	199	417	202	d0d0d0
	473	411	473	413	808080
	558	372	558	374	b0b0b0
	595	228	595	230	d0d0d0
	264	83	264	84	808080
	168	190	168	193	d0d0d0
	597	364	597	365	808080
	367	445	367	446	b0b0b0
	329	321	329	323	d0d0d0
	363	54	363	56	
	553	4	553	5	808080
	192	332	192	335	d0d0d0
	548	367	548	369	
	223	185	223	187	
	422	106	422	107	808080
	347	11	347	13	d0d0d0
	174	72	175	74	b0b0b0
	213	70	213	71	808080
	489	9	489	10	
	581	353	581	355	b0b0b0
	131	52	131	54	
	529	466	529	468	d0d0d0
	190	360	190	363	
	320	305	320	307	b0b0b0
	170	411	170	412	808080
	271	10	272	12	d0d0d0
	517	176	517	178	
	471	14	471	15	808080
	314	27	314	28	
	223	322	223	324	b0b0b0
	466	456	466	457	808080
	600	310	600	312	b0b0b0
	214	19	214	21	
	156	38	156	39	808080
	392	414	393	416	d0d0d0
	418	371	419	373	
	443	258	443	259	808080
	488	102	489	103	b0b0b0
	215	380	216	381	808080
	369	24	369	25	b0b0b0
	203	368	203	370	
	607	132	607	134	808080
	313	156	313	157	
	566	363	567	365	b0b0b0
	228	295	229	296	808080
	407	335	407	337	
	255	425	255	427	d0d0d0
	456	188	456	189	808080
	243	1	244	3	d0d0d0
	154	445	154	447	b0b0b0
	234	97	234	98	808080
	331	86	331	87	
	559	92	560	94	d0d0d0
	440	79	440	80	808080
	245	362	245	364	d0d0d0
	480	140	480	141	808080
rect	162	0	163	481	000050
	329		330		
	496		497		
	128	127	609	128	
		294		295	002850
		461		462	000050
crop	364	235	372	243	5	74	ffffff	/sprites/...
	568	254	621	289	430	19		
	179	248	180	249	4	53		
dither	514	202	604	219	001830
crop	518	206	525	217	32	44	000000	/fonts/tactical.png
	525		532		40	66		
	532		539		104			
	539		546		40			
	546		553		32	77		
	553		560		40	66		
	560		567		16	77		
	567		574		0	22		
	574		581		16	44		
	581		588		40	66		
	588		595		32	77		
	595		602		8	66		
	517	205	524	216	32	44	007fff	
	524		531		40	66		
	531		538		104			
	538		545		40			
	545		552		32	77		
	552		559		40	66		
	559		566		16	77		
	566		573		0	22		
	573		580		16	44		
	580		587		40	66		
	587		594		32	77		
	594		601		8	66		
line	391	437	397	423	489048
			382	425	
	397	423			204020
draw	0	0	128	480	/pictures/501.png
	608		640		/pictures/512.png
crop	29	159	35	171	0	36	ff0000	/fonts/computer.png
	35		41		40			
	41		47		0			
rect	614	359	615	457	007fff
			623	360	
	622			457	00488f
	614	456			
	615	360	622	456	0070e0
	614	231	615	246	909048
			623	232	
	622			246	505028
	614	245			
	615	232	622	245	707038
	614	246	615	329	ffff7f
			623	247	
	622			329	909048
	614	328			
	615	247	622	328	e0e070
	614	103	615	201	ff7f7f
			623	104	
	622			201	904848
	614	200			
	615	104	622	200	e07070
	618	8	630	9	90488f
			619	10	
	629		630		
	618	36		37	
		35	619		
	629		630		
	620	10	628	35	703870
		28			c060c0
	634	49	636	52	7fff7f
		53		56	60c060
		57		60	703800
		61		64	
		65		68	183018
		69		72	
		73		76	
		77		80	
		81		84	
		85		88	
		89		92	
		93		96	
		97		100	
		101		104	
		105		108	
		109		112	
		113		116	
		117		120	
		121		124	
		125		128	
		129		132	
		133		136	
		137		140	
		141		144	
		145		148	
		149		152	
		153		156	
		157		160	
		161		164	
		165		168	
		169		172	
		173		176	
		177		180	
		181		184	
		185		188	
		189		192	
		193		196	
		197		200	
		201		204	
		205		208	
		209		212	
		213		216	
		217		220	
		221		224	
		225		228	
		229		232	
		233		236	
		237		240	
		241		244	
		245		248	
		249		252	
		253		256	
		257		260	
		261		264	
		265		268	
		269		272	
		273		276	
		277		280	
		281		284	
		285		288	
		289		292	
		293		296	
		297		300	
		301		304	
		305		308	
		309		312	
		313		316	
		317		320	
		321		324	
		325		328	
		329		332	
		333		336	
		337		340	
		341		344	
		345		348	
		349		352	
		353		356	
		357		360	
		361		364	
		365		368	
		369		372	
		373		376	
		377		380	
		381		384	
		385		388	
		389		392	
		393		396	
		397		400	
		401		404	
		405		408	
		409		412	
		413		416	
		417		420	
		421		424	
		425		428	
		429		432	
		433		436	
		437		440	
		441		444	
		445		448	
	621	52	631	56	303000
		57		61	
		62		66	
		67		71	
		72		76	
		77		81	
		82		86	
	7	7	115	115	00ff00
	8	8	114	114	001000
	47	47	75	75	003000
point	85	60	00e000
	78	59	
	80	61	
	82	58	
	85	61	
	84		
	83	62	
	84	61	
			
		58	
	74	62	
	83		
		61	
			
	84		
	79	62	
	61	46	
	79	64	
	95	67	
	50	61	
	61	41	
	78	50	
	97	58	
rect	12	320	121	440	001000
		342	120	343	009000
		368	13	380	
			121	369	
	120			380	005000
	12	379			
	13	369	120	379	007000
	12	438		439	009000
	16	450	114	475	001010
	17		18	462	00c0c0
			44	451	
	43			462	007070
	17	461			
	18	451	43	461	009090
	17	462	18	474	00c0c0
			44	463	
	43			474	007070
	17	473			
	18	463	43	473	009090
crop	15	320	21	332	16	48	00ff00	/fonts/computer.png
	21		27		40	60		
	27		33		72	48		
	33		39		96			
	39		45		32			
	45		51		0	24		
	51		57		24	60		
	57		63		64	48		
	63		69		72			
	69		75		0	60		
	75		81		24			
	15	332	21	344	32	48		
	21		27		40	72		
	27		33		104			
	33		39		40			
	39		45		32	84		
	45		51		40	72		
	51		57		16	84		
	57		63		0	24		
	63		69		8	48		
	69		75		96	72		
	75		81		0	84		
	81		87		64	72		
	87		93		8			
	15	344	21	356	48	48	009000	
	21		27		72	72		
	27		33		56			
	33		39		64			
	39		45		32	84		
	45		51		40	72		
	51		57		16	84		
	15	356	21	368	24	48		
	21		27		16	84		
	27		33		40			
	33		39		72	72		
	39		45		24	84		
	45		51		40	72		
	51		57		16	84		
	15	368	21	380	32	60	003000	
	21		27		16	84		
	27		33		8	72		
	33		39		112			
	39		45		24	84		
	45		51		0			
	51		57		120	72		
	57		63		16	84		
	63		69		32			
	19	450	25	462	16	60	00ffff	
	25		31		56	48		
	31		37		64			
	37		43		32	60		
	43		49		0	24		
	49		55		16	48		
	55		61		40	84		
	61		67		72	72		
	67		73		96			
	73		79		32			
	19	462	25	474	96	48		
	25		31		40			
	31		37		48			
	37		43		32	60		
	43		49		0	24		
	49		55		104	48		
	55		61		8	72		
	61		67		72			
	67		73		112			
	73		79		0	24		
	79		85		104	48		
	85		91		40	72		
	91		97		112			
	97		103		40	84		
rect	12	180	13	192	ffff00
			121	181	
	120			192	909000
	12	191			
	13	181	120	191	c0c000
crop	15	180	21	192	24	48	000000	/fonts/computer.png
	21		27		120			
	27		33		112			
	33		39		32	60		
	39		45		16			
	45		51		120	48		
	51		57		96			
	15	192	21	204	24		7fff7f	
	21		27		16	60		
	27		33		40			
	33		39		72	48		
	39		45		24	60		
	45		51		40	48		
	51		57		16	60		
	16	208	34	222	3	5	ffffff	/sprites/...
rect	14	204	36	205	489048
			15	206	
	35		36		
	14	225		226	
		224	15		
	35		36		
	42	206	49	206	003870
				224	0060c0
	40	204	51	205	00488f
			41	206	
	50		51		
	40	225		226	
		224	41		
	50		51		
	55	206	62	209	707000
		209		224	c0c000
	53	204	64	205	909000
			54	206	
	63		64		
	53	225		226	
		224	54		
	63		64		
crop	69	204	75	216	0	60	7fff7f	/fonts/computer.png
	75		81		88	48		
	81		87		16			
	87		93		40			
	93		99		8			
	99		105		104			
	105		111		0	24		
	111		117		8	36		
	69	216	75	228	48	48		
	75		81		0	24		
	81		87			60		
	87		93		40			
	93		99		96	48		
	99		105		24	60		
	105		111		40	48		
	12	228	18	240	32		ff0000	
	18		24		40	72		
	24		30		104			
	30		36		40			
	36		42		32	84		
	42		48		40	72		
	48		54		16	84		
	54		60		0	24		
	60		66		16	48		
	66		72		40	72		
	72		78		32	84		
	78		84		8	72		
rect	12	252	13	264	007fff
			121	253	
	120			264	00488f
	12	263			
	13	253	120	263	0060c0
crop	15	252	21	264	32	60	000000	/fonts/computer.png
	21		27		8	48		
	27		33		16	60		
	33		39		56	48		
	39		45		40			
	45		51		32	60		
	15	264	21	276		48	7fff7f	
	21		27		40	72		
	27		33		104			
	33		39		40			
	39		45		32	84		
	45		51		40	72		
	51		57		16	84		
	57		63		0	24		
	63		69		16	48		
	69		75		40	72		
	75		81		32	84		
	81		87		8	72		
	16	278	34	296	0	0	ffffff	/sprites/...
rect	14	276	36	277	489048
			15	278	
	35		36		
	14	297		298	
		296	15		
	35		36		
