point	418	340	808080
	373	457	
	287	351	b0b0b0
	357	447	808080
	497	475	d0d0d0
	438	166	808080
	590	201	b0b0b0
	518	103	808080
	435	464	
	242	318	b0b0b0
	395	417	808080
	344	91	
	413	194	
	299	137	
	385	244	b0b0b0
	507	429	
	344	395	
	559	19	808080
	520	456	
	546	375	d0d0d0
	310	31	
	196	225	
	232	223	
	600	385	808080
	298	434	b0b0b0
	441	457	
	567	362	
	232	451	
	142	68	d0d0d0
	127	243	b0b0b0
	597	479	
	363	372	
	327	227	808080
	250	106	d0d0d0
	220	382	b0b0b0
	438	211	
	447	20	808080
	464	71	
	341	160	b0b0b0
	417	243	
	553	91	d0d0d0
	250	146	b0b0b0
	323	421	808080
	368	283	
	423	26	
	540	323	b0b0b0
	191	106	808080
	591	372	d0d0d0
	513	103	808080
	153	146	
	526	0	d0d0d0
	313	151	b0b0b0
	356	422	d0d0d0
	489	417	
	229	197	808080
	246	415	
	580	113	
	408	233	b0b0b0
	453	220	808080
	247	321	b0b0b0
	552	62	808080
	135	279	b0b0b0
	515	379	d0d0d0
	328	132	808080
	153	14	b0b0b0
	278	152	d0d0d0
	199	461	
	300	2	
	576	325	b0b0b0
	518	239	808080
	506	178	b0b0b0
	542	4	808080
	549	382	b0b0b0
	182	137	d0d0d0
	423	272	
	132	432	808080
	216	136	d0d0d0
	355	305	808080
	310	103	d0d0d0
	368	256	b0b0b0
	323	352	
	568	405	808080
	492	454	b0b0b0
	550	411	808080
	180	297	b0b0b0
	540	280	
	304	434	d0d0d0
	577	19	808080
	398	28	
	340	100	
	213	205	
	437	51	d0d0d0
	382	356	808080
	586	130	d0d0d0
	411	126	
	209	470	808080
	489	149	d0d0d0
	421	410	b0b0b0
	472	336	d0d0d0
	307	83	b0b0b0
	532	364	808080
	442	305	
	206	94	b0b0b0
	384	398	808080
	132	44	b0b0b0
	572	357	808080
	389	96	d0d0d0
	305	472	b0b0b0
	291	115	d0d0d0
	335	68	b0b0b0
	241	316	808080
	442	300	
	330	57	d0d0d0
	243	272	
	468	8	
	163	435	b0b0b0
	585	44	808080
	545	443	
	272	232	
	530	358	b0b0b0
	387	94	
	339	277	808080
	552	345	b0b0b0
	212	403	d0d0d0
	129	87	808080
	538	347	301800
	522	388	
	488	444	
	570	217	
	315	320	
	479	303	
	373	457	
	346	182	
	502	479	
	439	253	
line	245	0	245	480	002850
	128	119	608	119	
	446	268	431	265	00ff00
draw	357	229	379	249	/sprites/501.SMIV/6
	4	333	19	346	/sprites/551.SMIV/2
	386	241	395	245	/sprites/503.SMIV/6
line	566	236	553	229	489048
				244	
	553	229			204020
draw	0	0	128	480	/pictures/501.png
	608		640		/pictures/512.png
crop	29	159	35	171	0	36	ff0000	/fonts/computer
	35		41		24			
	41		47		72			
line	614	456	614	359	007fff
		359	622		
	622			456	00488f
		456	614		
rect	615	360	622	456	0070e0
line	614	232	614	231	909048
		231	622		
	622			232	505028
		232	614		
	614	328		233	ffff7f
		233	622		
	622			328	909048
		328	614		
rect	615	234	622	328	e0e070
line	614	109	614	103	904848
		103	622		
	622			109	502828
		109	614		
rect	615	104	622	109	703838
line	614	200	614	110	ff7f7f
		110	622		
	622			200	904848
		200	614		
rect	615	111	622	200	e07070
line	618	8	629	8	90488f
			618	9	
	629		629		
	618	36		36	
			618	35	
	629		629		
rect	620	10	628	35	703870
		35			c060c0
	634	49	636	52	7fff7f
		53		56	60c060
		57		60	
		61		64	703800
		65		68	183018
		69		72	
		73		76	
		77		80	
		81		84	
		85		88	
		89		92	
		93		96	
		97		100	
		101		104	
		105		108	
		109		112	
		113		116	
		117		120	
		121		124	
		125		128	
		129		132	
		133		136	
		137		140	
		141		144	
		145		148	
		149		152	
		153		156	
		157		160	
		161		164	
		165		168	
		169		172	
		173		176	
		177		180	
		181		184	
		185		188	
		189		192	
		193		196	
		197		200	
		201		204	
		205		208	
		209		212	
		213		216	
		217		220	
		221		224	
		225		228	
		229		232	
		233		236	
		237		240	
		241		244	
		245		248	
		249		252	
		253		256	
		257		260	
		261		264	
		265		268	
		269		272	
		273		276	
		277		280	
		281		284	
		285		288	
		289		292	
		293		296	
		297		300	
		301		304	
		305		308	
		309		312	
		313		316	
		317		320	
		321		324	
		325		328	
		329		332	
		333		336	
		337		340	
		341		344	
		345		348	
		349		352	
		353		356	
		357		360	
		361		364	
		365		368	
		369		372	
		373		376	
		377		380	
		381		384	
		385		388	
		389		392	
		393		396	
		397		400	
		401		404	
		405		408	
		409		412	
		413		416	
		417		420	
		421		424	
		425		428	
		429		432	
		433		436	
		437		440	
		441		444	
		445		448	
	621	52	631	56	303000
		57		61	
		62		66	
		67		71	
		72		76	
		77		81	
		82		86	
	7	7	115	115	00ff00
	8	8	114	114	001000
	56	56	66	66	003000
point	47	57	00e000
	60	54	
	53	63	
	62	61	
	61		
	41	53	
	72	67	
	37	49	
	41	53	
	49	62	
	46	58	
	12	55	
rect	12	320	121	440	001000
crop	15	320	21	332	16	48	00ff00	/fonts/computer
	21		27		40	60		
	27		33		72	48		
	33		39		96			
	39		45		32			
	45		51		0	24		
	51		57		24	60		
	57		63		64	48		
	63		69		72			
	69		75		0	60		
	75		81		24			
line	12	342	119	342	009000
crop	15	332	21	344	32	48	00ff00	/fonts/computer
	21		27		40	72		
	27		33		104			
	33		39		40			
	39		45		32	84		
	45		51		40	72		
	51		57		16	84		
	57		63		0	24		
	63		69		8	48		
	69		75		96	72		
	75		81		0	84		
	81		87		64	72		
	87		93		8			
	15	344	21	356	48	48		
	21		27		72	72		
	27		33		56			
	33		39		64			
	39		45		32	84		
	45		51		40	72		
	51		57		16	84		
	15	356	21	368	24	48	009000	
	21		27		16	84		
	27		33		40			
	33		39		72	72		
	39		45		24	84		
	45		51		40	72		
	51		57		16	84		
line	12	379	12	368	009000
		368	120		
	120			379	005000
		379	12		
rect	13	369	120	379	007000
crop	15	368	21	380	32	60	003000	/fonts/computer
	21		27		16	84		
	27		33		8	72		
	33		39		112			
	39		45		24	84		
	45		51		0			
	51		57		120	72		
	57		63		16	84		
	63		69		32			
line	12	438	119	438	009000
rect	16	450	114	475	001010
line	17	461	17	450	00c0c0
		450	43		
	43			461	007070
		461	17		
rect	18	451	43	461	009090
crop	19	450	25	462	16	60	00ffff	/fonts/computer
	25		31		56	48		
	31		37		64			
	37		43		32	60		
	43		49		0	24		
	49		55		16	48		
	55		61		40	84		
	61		67		72	72		
	67		73		96			
	73		79		32			
line	17	473	17	462	00c0c0
		462	43		
	43			473	007070
		473	17		
rect	18	463	43	473	009090
crop	19	462	25	474	96	48	00ffff	/fonts/computer
	25		31		40			
	31		37		48			
	37		43		32	60		
	43		49		0	24		
	49		55		104	48		
	55		61		8	72		
	61		67		72			
	67		73		112			
	73		79		0	24		
	79		85		104	48		
	85		91		40	72		
	91		97		112			
	97		103		40	84		
line	12	191	12	180	ffff00
		180	120		
	120			191	909000
		191	12		
rect	13	181	120	191	c0c000
crop	15	180	21	192	24	48	000000	/fonts/computer
	21		27		120			
	27		33		112			
	33		39		32	60		
	39		45		16			
	45		51		120	48		
	51		57		96			
	15	192	21	204	24		7fff7f	
	21		27		16	60		
	27		33		40			
	33		39		72	48		
	39		45		24	60		
	45		51		40	48		
	51		57		16	60		
draw	16	208	34	222	/sprites/501.SMIV/0
line	14	204	35	204	489048
			14	205	
	35		35		
	14	225		225	
			14	224	
	35		35		
rect	42	206	49	206	003870
				224	0060c0
line	40	204	50	204	00488f
			40	205	
	50		50		
	40	225		225	
			40	224	
	50		50		
rect	55	206	62	207	707000
		207		224	c0c000
line	53	204	63	204	909000
			53	205	
	63		63		
	53	225		225	
			53	224	
	63		63		
crop	69	204	75	216	0	60	7fff7f	/fonts/computer
	75		81		88	48		
	81		87		16			
	87		93		40			
	93		99		8			
	99		105		104			
	105		111		0	24		
	111		117		8	36		
	69	216	75	228	48	48		
	75		81		0	24		
	81		87			60		
	87		93		40			
	93		99		96	48		
	99		105		24	60		
	105		111		40	48		
	12	228	18	240	32		ff0000	
	18		24		40	72		
	24		30		104			
	30		36		40			
	36		42		32	84		
	42		48		40	72		
	48		54		16	84		
	54		60		0	24		
	60		66		16	48		
	66		72		40	72		
	72		78		32	84		
	78		84		8	72		
line	12	263	12	252	007fff
		252	120		
	120			263	00488f
		263	12		
rect	13	253	120	263	0060c0
crop	15	252	21	264	32	60	000000	/fonts/computer
	21		27		8	48		
	27		33		16	60		
	33		39		56	48		
	39		45		40			
	45		51		32	60		
	15	264	21	276		48	7fff7f	
	21		27		40	72		
	27		33		104			
	33		39		40			
	39		45		32	84		
	45		51		40	72		
	51		57		16	84		
	57		63		0	24		
	63		69		16	48		
	69		75		40	72		
	75		81		32	84		
	81		87		8	72		
draw	16	278	34	296	/sprites/1010.SMIV/0
line	14	276	35	276	489048
			14	277	
	35		35		
	14	297		297	
			14	296	
	35		35		
