point	272	157	b0b0b0
	285	360	808080
	391	216	d0d0d0
	180	117	b0b0b0
	164	242	d0d0d0
	480	419	808080
	599	385	d0d0d0
	199	461	808080
	538	175	b0b0b0
	520	270	d0d0d0
	464	474	b0b0b0
	469	124	
	581	414	808080
	310	277	b0b0b0
	432	195	d0d0d0
	458	143	
	352	440	
	294	293	808080
	547	397	
	515	126	
	408	24	
	249	213	b0b0b0
	400	197	808080
	480	254	
	237	415	
	256	179	
	196	237	d0d0d0
	388	5	b0b0b0
	369	65	808080
	164	316	
	577	324	b0b0b0
	261	160	808080
	381	192	
	565	183	b0b0b0
	200	26	808080
	560	476	
	149	292	b0b0b0
	503	106	
	251	152	808080
	281	348	
	344	269	
	376	77	b0b0b0
	510	46	808080
	543	111	
	219	305	
	447	221	
	386	157	
	607	278	b0b0b0
	547	140	
	463	396	d0d0d0
	242	401	
	364	444	808080
	602	403	d0d0d0
	502	119	
	408	307	b0b0b0
	316	328	808080
	395	475	b0b0b0
	417	39	808080
	364	155	
	330	145	
	343	152	b0b0b0
	453	171	808080
	234	200	
	478	196	d0d0d0
	507	13	808080
	429	244	
	299	374	
	321	266	d0d0d0
	323	350	808080
	459	442	
	559	58	
	212	67	b0b0b0
	181	239	d0d0d0
	243	450	808080
	430	338	
	191	46	
	513	154	
	291	20	
	288	70	
	458	289	d0d0d0
	423	45	808080
	253	116	
	585	376	
	598	262	
	454	406	b0b0b0
	209	386	d0d0d0
	393	445	b0b0b0
	380	148	
	516	429	808080
	207	320	
	136	162	
	328	203	b0b0b0
	375	191	808080
	177	57	b0b0b0
	169	309	808080
	205	169	b0b0b0
	355	333	808080
	202	466	d0d0d0
	366	211	
	505	425	808080
	194	447	
	406	84	b0b0b0
	363	355	808080
	472	412	
	510	40	b0b0b0
	465	82	808080
	484	123	
	548	153	b0b0b0
	506	190	808080
	233	123	d0d0d0
	370	289	808080
	486	376	
	206	143	
	341	282	b0b0b0
	572	471	808080
	229	408	
	132	382	
	437	38	d0d0d0
	352	441	808080
	319	194	b0b0b0
	588	449	
	347	450	808080
	297	209	
	455	191	b0b0b0
	341	129	
	379	590	101000
	634	361	
	347	558	303000
	327	546	
	680	336	505000
	377	386	
	334	485	603000
	267	284	
	399	424	
	267	335	
	370	513	
	331	406	
	326	389	
	333	472	
	477	366	
	279	370	
line	451	0	451	480	002850
	128	201	608	201	000050
draw	134	250	262	378	/sprites/1009.SMIV/0
static	356	223	388	252	ffffff	17	/sprites/501.SMIV/15
draw	259	303	379	451	/sprites/560.SMIV/23
	339	259	359	273	/sprites/541.SMIV/1
	342	206	378	231	/sprites/541.SMIV/18
dither	200	50	346	67	300018
tint	204	54	212	66	000000	/font/5000/57
	211		219			/font/5000/41
	218		226			/font/5000/52
	225		233			/font/5000/4e
	232		240			/font/5000/49
	239		247			/font/5000/4e
	246		254			/font/5000/47
	253		261			/font/5000/3a
	260		268			/font/5000/20
	267		275			/font/5000/53
	274		282			/font/5000/68
	281		289			/font/5000/69
	288		296			/font/5000/65
	295		303			/font/5000/6c
	302		310			/font/5000/64
	309		317			/font/5000/73
	316		324			/font/5000/20
	323		331			/font/5000/4c
	330		338			/font/5000/6f
	337		345			/font/5000/77
	203	53	211	65	ff007f	/font/5000/57
	210		218			/font/5000/41
	217		225			/font/5000/52
	224		232			/font/5000/4e
	231		239			/font/5000/49
	238		246			/font/5000/4e
	245		253			/font/5000/47
	252		260			/font/5000/3a
	259		267			/font/5000/20
	266		274			/font/5000/53
	273		281			/font/5000/68
	280		288			/font/5000/69
	287		295			/font/5000/65
	294		302			/font/5000/6c
	301		309			/font/5000/64
	308		316			/font/5000/73
	315		323			/font/5000/20
	322		330			/font/5000/4c
	329		337			/font/5000/6f
	336		344			/font/5000/77
line	233	386	248	382	489048
			236	371	
	248	382			204020
draw	0	0	128	480	/pictures/501.png
	608		640		/pictures/512.png
tint	29	159	37	172	ff0000	/font/5001/30
	35		43			/font/5001/31
	41		49			/font/5001/38
line	614	443	614	359	00488f
		359	622		
	622			443	002850
		443	614		
rect	615	360	622	443	003870
line	614	456	614	444	007fff
		444	622		
	622			456	00488f
		456	614		
rect	615	445	622	456	0070e0
line	614	232	614	231	909048
		231	622		
	622			232	505028
		232	614		
	614	328		233	ffff7f
		233	622		
	622			328	909048
		328	614		
rect	615	234	622	328	e0e070
line	614	118	614	103	904848
		103	622		
	622			118	502828
		118	614		
rect	615	104	622	118	703838
line	614	200	614	119	ff7f7f
		119	622		
	622			200	904848
		200	614		
rect	615	120	622	200	e07070
line	618	8	629	8	90488f
			618	9	
	629		629		
	618	36		36	
			618	35	
	629		629		
rect	620	10	628	35	703870
		35			c060c0
	634	49	636	52	7fff7f
		53		56	0060c0
		57		60	
		61		64	
		65		68	
		69		72	183018
		73		76	
		77		80	
		81		84	
		85		88	
		89		92	
		93		96	
		97		100	
		101		104	
		105		108	
		109		112	
		113		116	
		117		120	
		121		124	
		125		128	
		129		132	
		133		136	
		137		140	
		141		144	
		145		148	
		149		152	
		153		156	
		157		160	
		161		164	
		165		168	
		169		172	
		173		176	
		177		180	
		181		184	
		185		188	
		189		192	
		193		196	
		197		200	
		201		204	
		205		208	
		209		212	
		213		216	
		217		220	
		221		224	
		225		228	
		229		232	
		233		236	
		237		240	
		241		244	
		245		248	
		249		252	
		253		256	
		257		260	
		261		264	
		265		268	
		269		272	
		273		276	
		277		280	
		281		284	
		285		288	
		289		292	
		293		296	
		297		300	
		301		304	
		305		308	
		309		312	
		313		316	
		317		320	
		321		324	
		325		328	
		329		332	
		333		336	
		337		340	
		341		344	
		345		348	
		349		352	
		353		356	
		357		360	
		361		364	
		365		368	
		369		372	
		373		376	
		377		380	
		381		384	
		385		388	
		389		392	
		393		396	
		397		400	
		401		404	
		405		408	
		409		412	
		413		416	
		417		420	
		421		424	
		425		428	
		429		432	
		433		436	
		437		440	
		441		444	
		445		448	
	621	52	631	56	303000
		57		61	
		62		66	
		67		71	
		72		76	
		77		81	
		82		86	
	7	7	115	115	00ff00
	8	8	114	114	001000
	57	57	65	65	003000
point	58	62	00e000
	61	61	
			
	60	63	
rect	12	320	121	440	001000
tint	15	320	23	333	00ff00	/font/5001/42
	21		29			/font/5001/55
	27		35			/font/5001/49
	33		41			/font/5001/4c
	39		47			/font/5001/44
	45		53			/font/5001/20
	51		59			/font/5001/53
	57		65			/font/5001/48
	63		71			/font/5001/49
	69		77			/font/5001/50
	75		83			/font/5001/53
line	12	342	119	342	009000
tint	15	332	23	345	00ff00	/font/5001/44
	21		29			/font/5001/65
	27		35			/font/5001/6d
	33		41			/font/5001/65
	39		47			/font/5001/74
	45		53			/font/5001/65
	51		59			/font/5001/72
	57		65			/font/5001/20
	63		71			/font/5001/41
	69		77			/font/5001/6c
	75		83			/font/5001/70
	81		89			/font/5001/68
	87		95			/font/5001/61
	15	344	23	357		/font/5001/46
	21		29			/font/5001/69
	27		35			/font/5001/67
	33		41			/font/5001/68
	39		47			/font/5001/74
	45		53			/font/5001/65
	51		59			/font/5001/72
	15	356	23	369		/font/5001/43
	21		29			/font/5001/72
	27		35			/font/5001/75
	33		41			/font/5001/69
	39		47			/font/5001/73
	45		53			/font/5001/65
	51		59			/font/5001/72
line	12	379	12	368	009000
		368	120		
	120			379	005000
		379	12		
rect	13	369	120	379	007000
tint	15	368	23	381	00ff00	/font/5001/54
	21		29			/font/5001/72
	27		35			/font/5001/61
	33		41			/font/5001/6e
	39		47			/font/5001/73
	45		53			/font/5001/70
	51		59			/font/5001/6f
	57		65			/font/5001/72
	63		71			/font/5001/74
line	12	438	119	438	009000
rect	16	450	114	475	001010
line	17	461	17	450	00c0c0
		450	43		
	43			461	007070
		461	17		
rect	18	451	43	461	009090
tint	19	450	27	463	00ffff	/font/5001/52
	25		33			/font/5001/47
	31		39			/font/5001/48
	37		45			/font/5001/54
	43		51			/font/5001/20
	49		57			/font/5001/42
	55		63			/font/5001/75
	61		69			/font/5001/69
	67		75			/font/5001/6c
	73		81			/font/5001/64
line	17	473	17	462	00c0c0
		462	43		
	43			473	007070
		473	17		
rect	18	463	43	473	009090
tint	19	462	27	475	00ffff	/font/5001/4c
	25		33			/font/5001/45
	31		39			/font/5001/46
	37		45			/font/5001/54
	43		51			/font/5001/20
	49		57			/font/5001/4d
	55		63			/font/5001/61
	61		69			/font/5001/69
	67		75			/font/5001/6e
	73		81			/font/5001/20
	79		87			/font/5001/4d
	85		93			/font/5001/65
	91		99			/font/5001/6e
	97		105			/font/5001/75
rect	12	180	120	192	000000
line	12	191	12	180	ffff00
		180	119		
	119			191	909000
		191	12		
rect	13	181	119	191	c0c000
tint	15	180	23	193	000000	/font/5001/43
	21		29			/font/5001/4f
	27		35			/font/5001/4e
	33		41			/font/5001/54
	39		47			/font/5001/52
	45		53			/font/5001/4f
	51		59			/font/5001/4c
rect	12	192	120	204	000000
tint	15	192	23	205	7fff7f	/font/5001/43
	21		29			/font/5001/52
	27		35			/font/5001/55
	33		41			/font/5001/49
	39		47			/font/5001/53
	45		53			/font/5001/45
	51		59			/font/5001/52
rect	14	204	36	226	000000
draw	16	208	34	222	/sprites/501.SMIV/0
line	14	204	35	204	489048
			14	205	
	35		35		
	14	225		225	
			14	224	
	35		35		
rect	40	204	51	226	000000
	42	206	49	217	003870
		217		224	0060c0
line	40	204	50	204	00488f
			40	205	
	50		50		
	40	225		225	
			40	224	
	50		50		
rect	53	204	64	226	000000
	55	206	62	207	707000
		207		224	c0c000
line	53	204	63	204	909000
			53	205	
	63		63		
	53	225		225	
			53	224	
	63		63		
rect	69	204	120	216	000000
tint	69	204	77	217	7fff7f	/font/5001/50
	75		83			/font/5001/4b
	81		89			/font/5001/42
	87		95			/font/5001/45
	93		101			/font/5001/41
	99		107			/font/5001/4d
	105		113			/font/5001/20
	111		119			/font/5001/31
rect	69	216	120	228	000000
tint	69	216	77	229	7fff7f	/font/5001/46
	75		83			/font/5001/20
	81		89			/font/5001/50
	87		95			/font/5001/55
	93		101			/font/5001/4c
	99		107			/font/5001/53
	105		113			/font/5001/45
rect	69	192	120	204	000000
	12	228		240	
tint	12	228	20	241	ff0000	/font/5001/44
	18		26			/font/5001/65
	24		32			/font/5001/6d
	30		38			/font/5001/65
	36		44			/font/5001/74
	42		50			/font/5001/65
	48		56			/font/5001/72
	54		62			/font/5001/20
	60		68			/font/5001/42
	66		74			/font/5001/65
	72		80			/font/5001/74
	78		86			/font/5001/61
rect	12	252	120	264	000000
line	12	263	12	252	007fff
		252	119		
	119			263	00488f
		263	12		
rect	13	253	119	263	0060c0
tint	15	252	23	265	000000	/font/5001/54
	21		29			/font/5001/41
	27		35			/font/5001/52
	33		41			/font/5001/47
	39		47			/font/5001/45
	45		53			/font/5001/54
rect	12	264	120	276	000000
tint	15	264	23	277	7fff7f	/font/5001/44
	21		29			/font/5001/65
	27		35			/font/5001/6d
	33		41			/font/5001/65
	39		47			/font/5001/74
	45		53			/font/5001/65
	51		59			/font/5001/72
	57		65			/font/5001/20
	63		71			/font/5001/42
	69		77			/font/5001/65
	75		83			/font/5001/74
	81		89			/font/5001/61
rect	14	276	36	298	000000
draw	16	278	34	296	/sprites/1010.SMIV/0
line	14	276	35	276	489048
			14	277	
	35		35		
	14	297		297	
			14	296	
	35		35		
rect	40	276	51	298	000000
	53		64		
	69		120	288	
		288		300	
	12	300		312	
