point	189	283	b0b0b0
	474	142	
	418	208	d0d0d0
	244	400	b0b0b0
	373	298	d0d0d0
	179		
	247	183	b0b0b0
	257	479	808080
	250	168	d0d0d0
	287	402	b0b0b0
	483	154	808080
	275	140	d0d0d0
	345	477	808080
	301	261	d0d0d0
	329	347	
	402	267	
	464	131	b0b0b0
	448	397	
	192	268	d0d0d0
	504	65	
	171	195	808080
	232	137	b0b0b0
	235	141	d0d0d0
	206	418	
	232	53	808080
	358	6	
	384	431	d0d0d0
	333	53	b0b0b0
	211	291	
	331	288	d0d0d0
	324	403	b0b0b0
	509	333	d0d0d0
	393	294	808080
	376	68	d0d0d0
	460	43	808080
	600	465	d0d0d0
	344	166	b0b0b0
	479	112	808080
	477	55	b0b0b0
	230	372	d0d0d0
	349	253	
	384	464	
	300	423	
	225	220	b0b0b0
	451	180	
	556	450	
	574	414	808080
	210	415	
	458	292	b0b0b0
	260	114	
	264	13	
	530	160	d0d0d0
	412	213	808080
	441	221	b0b0b0
	495	403	808080
	329	341	
	601	289	
	365	337	b0b0b0
	232	131	808080
	433	163	
	587	144	d0d0d0
	496	266	
	599	380	b0b0b0
	467	31	808080
	177	125	
	578	54	
	563	177	
	295	110	d0d0d0
	376	335	
	599	466	808080
	288	227	d0d0d0
	503	325	808080
	507	159	d0d0d0
	301	105	b0b0b0
	178	33	d0d0d0
	476	361	b0b0b0
	138	184	808080
	150	218	d0d0d0
	400	301	b0b0b0
	319	142	808080
	512	273	b0b0b0
	372	370	d0d0d0
	397	57	808080
	376	315	b0b0b0
	234	51	808080
	471	365	d0d0d0
	335	5	808080
	273	324	b0b0b0
	549	345	808080
	192	249	d0d0d0
	139	130	
	354	333	808080
	544	298	b0b0b0
	480	305	808080
	455	178	b0b0b0
	245	269	d0d0d0
	501	255	808080
	600	101	d0d0d0
	246	132	b0b0b0
	291	295	808080
	467	323	d0d0d0
	538	400	808080
	158	219	
	597	337	d0d0d0
	246	365	
	518	287	808080
	596	422	d0d0d0
	547	81	b0b0b0
	364	7	d0d0d0
	525	47	b0b0b0
	285	9	808080
	247	410	
	145	73	b0b0b0
	304	206	d0d0d0
	590	402	
	522	50	
	595	189	b0b0b0
	320	89	d0d0d0
	235	387	
	516	366	808080
	558	220	
	319		b0b0b0
	587	430	
	575	83	d0d0d0
	560	271	b0b0b0
rect	369	0	370	480	005000
	128	241	608	242	
draw	354	229	382	256	/sprites/ish/cruiser%5
dither	138	322	417	361	001830
crop	142	326	149	337	56	44	000000	/fonts/tactical.png
	149		156		120	66		
	156		163					
	163		170		32			
	170		177		112	22		
	140	324	147	335	56	44		
	147		154		120	66		
	154		161					
	161		168		32			
	168		175		112	22		
	141	325	148	336	56	44	007fff	
	148		155		120	66		
	155		162					
	162		169		32			
	169		176		112	22		
	142	337	149	348		44	000000	
	149		156		120	66		
	156		163		56	77		
	163		170		0	22		
	170		177		40	66		
	177		184		64	77		
	184		191		40	66		
	191		198		24			
	198		205		40	77		
	205		212		32			
	212		219		40	66		
	219		226		0	22		
	226		233		32	77		
	233		240		64	66		
	240		247		40			
	247		254		0	22		
	254		261		112	44		
	261		268		40	66		
	268		275		64	77		
	275		282		32			
	282		289		0	22		
	289		296			55		
	296		303		8	66		
	303		310		56			
	310		317		40			
	140	335	147	346	112	44		
	147		154		120	66		
	154		161		56	77		
	161		168		0	22		
	168		175		40	66		
	175		182		64	77		
	182		189		40	66		
	189		196		24			
	196		203		40	77		
	203		210		32			
	210		217		40	66		
	217		224		0	22		
	224		231		32	77		
	231		238		64	66		
	238		245		40			
	245		252		0	22		
	252		259		112	44		
	259		266		40	66		
	266		273		64	77		
	273		280		32			
	280		287		0	22		
	287		294			55		
	294		301		8	66		
	301		308		56			
	308		315		40			
	141	336	148	347	112	44	007fff	
	148		155		120	66		
	155		162		56	77		
	162		169		0	22		
	169		176		40	66		
	176		183		64	77		
	183		190		40	66		
	190		197		24			
	197		204		40	77		
	204		211		32			
	211		218		40	66		
	218		225		0	22		
	225		232		32	77		
	232		239		64	66		
	239		246		40			
	246		253		0	22		
	253		260		112	44		
	260		267		40	66		
	267		274		64	77		
	274		281		32			
	281		288		0	22		
	288		295			55		
	295		302		8	66		
	302		309		56			
	309		316		40			
line	565	213	551	208	489048
			553	222	
	551	208			204020
draw	0	-144	128	624	/pictures/gui/instruments/left.png
	608		640		/pictures/gui/instruments/right.png
crop	29	159	35	171	0	36	ff0000	/fonts/computer.png
	35		41		40			
	41		47		0			
rect	614	359	615	457	007fff
			623	360	
	622			457	00488f
	614	456			
	615	360	622	456	0070e0
	614	231	615	329	ffff7f
			623	232	
	622			329	909048
	614	328			
	615	232	622	328	e0e070
	614	103	615	201	ff7f7f
			623	104	
	622			201	904848
	614	200			
	615	104	622	200	e07070
	634	49	636	52	183018
		53		56	
		57		60	
		61		64	
		65		68	
		69		72	
		73		76	
		77		80	
		81		84	
		85		88	
		89		92	
		93		96	
		97		100	
		101		104	
		105		108	
		109		112	
		113		116	
		117		120	
		121		124	
		125		128	
		129		132	
		133		136	
		137		140	
		141		144	
		145		148	
		149		152	
		153		156	
		157		160	
		161		164	
		165		168	
		169		172	
		173		176	
		177		180	
		181		184	
		185		188	
		189		192	
		193		196	
		197		200	
		201		204	
		205		208	
		209		212	
		213		216	
		217		220	
		221		224	
		225		228	
		229		232	
		233		236	
		237		240	
		241		244	
		245		248	
		249		252	
		253		256	
		257		260	
		261		264	
		265		268	
		269		272	
		273		276	
		277		280	
		281		284	
		285		288	
		289		292	
		293		296	
		297		300	
		301		304	
		305		308	
		309		312	
		313		316	
		317		320	
		321		324	
		325		328	
		329		332	
		333		336	
		337		340	
		341		344	
		345		348	
		349		352	
		353		356	
		357		360	
		361		364	
		365		368	
		369		372	
		373		376	
		377		380	
		381		384	
		385		388	
		389		392	
		393		396	
		397		400	
		401		404	
		405		408	
		409		412	
		413		416	
		417		420	
		421		424	
		425		428	
		429		432	
		433		436	
		437		440	
		441		444	
		445		448	
	621	52	631	56	303000
		57		61	
		62		66	
		67		71	
		72		76	
		77		81	
		82		86	
	7	7	115	115	00ff00
	8	8	114	114	001000
	58	58	66	66	003000
	12	320	121	440	001000
		330	120	331	009000
		332	13	344	
			121	333	
	120			344	005000
	12	343			
	13	333	120	343	007000
	12	438		439	009000
	16	450	114	475	001010
	17		18	462	00c0c0
			44	451	
	43			462	007070
	17	461			
	18	451	43	461	009090
	17	462	18	474	00c0c0
			44	463	
	43			474	007070
	17	473			
	18	463	43	473	009090
crop	15	320	21	332	104	48	00ff00	/fonts/computer.png
	21		27		40			
	27		33		24	60		
	33		39					
	39		45		8	48		
	45		51		56			
	51		57		40			
	57		63		24	60		
	15	332	21	344	112	48		
	21		27		40	72		
	27		33		64	84		
	33		39		32			
	39		45		0	24		
	45		51			60		
	51		57		8	72		
	57		63		56			
	63		69		40			
	69		75		120	24		
	75		81		24	48		
	81		87		96	72		
	87		93		40			
	93		99		8			
	99		105		16	84		
	15	344	21	356	0	60		
	21		27		16	84		
	27		33		40	72		
	33		39		48	84		
	39		45		72	72		
	45		51		120			
	51		57		40	84		
	57		63		24			
	63		69		0	24		
	69		75			60		
	75		81		8	72		
	81		87		56			
	87		93		40			
	15	356	21	368	96	48		
	21		27		8	72		
	27		33		24	84		
	33		39		32			
	39		45		0	24		
	45		51		104	48		
	51		57		40	72		
	57		63		24	84		
	63		69					
	69		75		8	72		
	75		81		56			
	81		87		40			
	19	450	25	462	16	60	00ffff	
	25		31		56	48		
	31		37		64			
	37		43		32	60		
	43		49		0	24		
	49		55		40	48		
	55		61		64	84		
	61		67		40	72		
	67		73		24			
	73		79		40	84		
	79		85		32			
	85		91		40	72		
	19	462	25	474	96	48		
	25		31		40			
	31		37		48			
	37		43		32	60		
	43		49		0	24		
	49		55		104	48		
	55		61		8	72		
	61		67		72			
	67		73		112			
	73		79		0	24		
	79		85		104	48		
	85		91		40	72		
	91		97		112			
	97		103		40	84		
rect	12	180	13	192	ffff00
			121	181	
	120			192	909000
	12	191			
	13	181	120	191	c0c000
crop	15	180	21	192	24	48	000000	/fonts/computer.png
	21		27		120			
	27		33		112			
	33		39		32	60		
	39		45		16			
	45		51		120	48		
	51		57		96			
rect	14	204	36	205	489048
			15	206	
	35		36		
	14	225		226	
		224	15		
	35		36		
	12	252	13	264	007fff
			121	253	
	120			264	00488f
	12	263			
	13	253	120	263	0060c0
crop	15	252	21	264	32	60	000000	/fonts/computer.png
	21		27		8	48		
	27		33		16	60		
	33		39		56	48		
	39		45		40			
	45		51		32	60		
rect	14	276	36	277	489048
			15	278	
	35		36		
	14	297		298	
		296	15		
	35		36		
line	136	343	116	340	001830
		342		339	007fff
		341		338	
