point	189	283	b0b0b0
	474	142	
	418	208	d0d0d0
	244	400	b0b0b0
	373	298	d0d0d0
	179		
	247	183	b0b0b0
	257	479	808080
	250	168	d0d0d0
	287	402	b0b0b0
	483	154	808080
	275	140	d0d0d0
	345	477	808080
	301	261	d0d0d0
	329	347	
	402	267	
	464	131	b0b0b0
	448	397	
	192	268	d0d0d0
	504	65	
	171	195	808080
	232	137	b0b0b0
	235	141	d0d0d0
	206	418	
	232	53	808080
	358	6	
	384	431	d0d0d0
	333	53	b0b0b0
	211	291	
	331	288	d0d0d0
	324	403	b0b0b0
	509	333	d0d0d0
	393	294	808080
	376	68	d0d0d0
	460	43	808080
	600	465	d0d0d0
	344	166	b0b0b0
	479	112	808080
	477	55	b0b0b0
	230	372	d0d0d0
	349	253	
	384	464	
	300	423	
	225	220	b0b0b0
	451	180	
	556	450	
	574	414	808080
	210	415	
	458	292	b0b0b0
	260	114	
	264	13	
	530	160	d0d0d0
	412	213	808080
	441	221	b0b0b0
	495	403	808080
	329	341	
	601	289	
	365	337	b0b0b0
	232	131	808080
	433	163	
	587	144	d0d0d0
	496	266	
	599	380	b0b0b0
	467	31	808080
	177	125	
	578	54	
	563	177	
	295	110	d0d0d0
	376	335	
	599	466	808080
	288	227	d0d0d0
	503	325	808080
	507	159	d0d0d0
	301	105	b0b0b0
	178	33	d0d0d0
	476	361	b0b0b0
	138	184	808080
	150	218	d0d0d0
	400	301	b0b0b0
	319	142	808080
	512	273	b0b0b0
	372	370	d0d0d0
	397	57	808080
	376	315	b0b0b0
	234	51	808080
	471	365	d0d0d0
	335	5	808080
	273	324	b0b0b0
	549	345	808080
	192	249	d0d0d0
	139	130	
	354	333	808080
	544	298	b0b0b0
	480	305	808080
	455	178	b0b0b0
	245	269	d0d0d0
	501	255	808080
	600	101	d0d0d0
	246	132	b0b0b0
	291	295	808080
	467	323	d0d0d0
	538	400	808080
	158	219	
	597	337	d0d0d0
	246	365	
	518	287	808080
	596	422	d0d0d0
	547	81	b0b0b0
	364	7	d0d0d0
	525	47	b0b0b0
	285	9	808080
	247	410	
	145	73	b0b0b0
	304	206	d0d0d0
	590	402	
	522	50	
	595	189	b0b0b0
	320	89	d0d0d0
	235	387	
	516	366	808080
	558	220	
	319		b0b0b0
	587	430	
	575	83	d0d0d0
	560	271	b0b0b0
line	368	0	368	426	005000
	128	240	608	240	
rect	553	258	569	274	00488f
triangle	364	236	372	244	00c000
	229	337	237	345	
plus	348	351	358	361	00c000
diamond	466	341	482	357	00c000
dither	200	50	339	67	003030
crop	204	54	211	65	80	55	000000	/fonts/tactical
	211		218		120	66		
	218		225					
	225		232		104			
	232		239		0	22		
	239		246		32	77		
	246		253		120	66		
	253		260		0	22		
	260		267		8	44		
	267		274		96	66		
	274		281					
	281		288		0	22		
	288		295		120	44		
	295		302		16	66		
	302		309		80			
	309		316		40			
	316		323		24			
	323		330		32	77		
	330		337		24			
	203	53	210	64	80	55	00ffff	
	210		217		120	66		
	217		224					
	224		231		104			
	231		238		0	22		
	238		245		32	77		
	245		252		120	66		
	252		259		0	22		
	259		266		8	44		
	266		273		96	66		
	273		280					
	280		287		0	22		
	287		294		120	44		
	294		301		16	66		
	301		308		80			
	308		315		40			
	315		322		24			
	322		329		32	77		
	329		336		24			
rect	128	426	608	480	007fff
		427		479	000810
	132	431	139	442	
crop	132	431	139	442	112	44	007fff	/fonts/tactical
rect	139	431	146	442	000810
crop	139	431	146	442	120	66	007fff	/fonts/tactical
rect	146	431	153	442	000810
crop	146	431	153	442	56	77	007fff	/fonts/tactical
rect	153	431	160	442	000810
crop	153	431	160	442	0	22	007fff	/fonts/tactical
rect	160	431	167	442	000810
crop	160	431	167	442	80	55	007fff	/fonts/tactical
rect	167	431	174	442	000810
crop	167	431	174	442	120	66	007fff	/fonts/tactical
rect	174	431	181	442	000810
crop	174	431	181	442	120	66	007fff	/fonts/tactical
rect	181	431	188	442	000810
crop	181	431	188	442	104	66	007fff	/fonts/tactical
rect	188	431	195	442	000810
crop	188	431	195	442	0	22	007fff	/fonts/tactical
rect	195	431	202	442	000810
crop	195	431	202	442	8	66	007fff	/fonts/tactical
rect	202	431	209	442	000810
crop	202	431	209	442	96	66	007fff	/fonts/tactical
rect	209	431	216	442	000810
crop	209	431	216	442	96	66	007fff	/fonts/tactical
rect	216	431	223	442	000810
crop	216	431	223	442	0	22	007fff	/fonts/tactical
rect	223	431	230	442	000810
crop	223	431	230	442	32	77	007fff	/fonts/tactical
rect	230	431	237	442	000810
crop	230	431	237	442	64	66	007fff	/fonts/tactical
rect	237	431	244	442	000810
crop	237	431	244	442	40	66	007fff	/fonts/tactical
rect	244	431	251	442	000810
crop	244	431	251	442	0	22	007fff	/fonts/tactical
rect	251	431	258	442	000810
crop	251	431	258	442	56	77	007fff	/fonts/tactical
rect	258	431	265	442	000810
crop	258	431	265	442	8	66	007fff	/fonts/tactical
rect	265	431	272	442	000810
crop	265	431	272	442	72	77	007fff	/fonts/tactical
rect	272	431	279	442	000810
crop	272	431	279	442	0	22	007fff	/fonts/tactical
rect	279	431	286	442	000810
crop	279	431	286	442	120	66	007fff	/fonts/tactical
rect	286	431	293	442	000810
crop	286	431	293	442	40	77	007fff	/fonts/tactical
rect	293	431	300	442	000810
crop	293	431	300	442	32	77	007fff	/fonts/tactical
rect	300	431	307	442	000810
crop	300	431	307	442	0	22	007fff	/fonts/tactical
rect	307	431	314	442	000810
crop	307	431	314	442	32	77	007fff	/fonts/tactical
rect	314	431	321	442	000810
crop	314	431	321	442	120	66	007fff	/fonts/tactical
rect	321	431	328	442	000810
crop	321	431	328	442	0	22	007fff	/fonts/tactical
rect	328	431	335	442	000810
crop	328	431	335	442	32	77	007fff	/fonts/tactical
rect	335	431	342	442	000810
crop	335	431	342	442	64	66	007fff	/fonts/tactical
rect	342	431	349	442	000810
crop	342	431	349	442	40	66	007fff	/fonts/tactical
rect	349	431	356	442	000810
crop	349	431	356	442	0	22	007fff	/fonts/tactical
rect	356	431	363	442	000810
crop	356	431	363	442	80	55	b0b0b0	/fonts/tactical
rect	363	431	370	442	000810
crop	363	431	370	442	120	66	b0b0b0	/fonts/tactical
rect	370	431	377	442	000810
crop	370	431	377	442	120	66	b0b0b0	/fonts/tactical
rect	377	431	384	442	000810
crop	377	431	384	442	104	66	b0b0b0	/fonts/tactical
rect	384	431	391	442	000810
crop	384	431	391	442	0	22	b0b0b0	/fonts/tactical
rect	391	431	398	442	000810
crop	391	431	398	442	32	77	b0b0b0	/fonts/tactical
rect	398	431	405	442	000810
crop	398	431	405	442	120	66	b0b0b0	/fonts/tactical
rect	405	431	412	442	000810
crop	405	431	412	442	0	22	b0b0b0	/fonts/tactical
rect	412	431	419	442	000810
crop	412	431	419	442	8	44	b0b0b0	/fonts/tactical
rect	419	431	426	442	000810
crop	419	431	426	442	96	66	b0b0b0	/fonts/tactical
rect	426	431	433	442	000810
crop	426	431	433	442	96	66	b0b0b0	/fonts/tactical
rect	433	431	440	442	000810
crop	433	431	440	442	0	22	007fff	/fonts/tactical
rect	440	431	447	442	000810
crop	440	431	447	442	104	66	007fff	/fonts/tactical
rect	447	431	454	442	000810
crop	447	431	454	442	120	66	007fff	/fonts/tactical
rect	454	431	461	442	000810
crop	454	431	461	442	32	66	007fff	/fonts/tactical
rect	461	431	468	442	000810
crop	461	431	468	442	40	66	007fff	/fonts/tactical
rect	468	431	475	442	000810
crop	468	431	475	442	0	22	007fff	/fonts/tactical
rect	475	431	482	442	000810
crop	475	431	482	442	16	66	007fff	/fonts/tactical
rect	482	431	489	442	000810
crop	482	431	489	442	72	77	007fff	/fonts/tactical
rect	489	431	496	442	000810
crop	489	431	496	442	0	22	007fff	/fonts/tactical
rect	496	431	503	442	000810
crop	496	431	503	442	64	66	007fff	/fonts/tactical
rect	503	431	510	442	000810
crop	503	431	510	442	72	66	007fff	/fonts/tactical
rect	510	431	517	442	000810
crop	510	431	517	442	32	77	007fff	/fonts/tactical
rect	517	431	524	442	000810
crop	517	431	524	442	32	77	007fff	/fonts/tactical
rect	524	431	531	442	000810
crop	524	431	531	442	72	66	007fff	/fonts/tactical
rect	531	431	538	442	000810
crop	531	431	538	442	112	66	007fff	/fonts/tactical
rect	538	431	545	442	000810
crop	538	431	545	442	56	66	007fff	/fonts/tactical
rect	545	431	552	442	000810
crop	545	431	552	442	0	22	007fff	/fonts/tactical
rect	552	431	559	442	000810
crop	552	431	559	442	32	77	007fff	/fonts/tactical
rect	559	431	566	442	000810
crop	559	431	566	442	64	66	007fff	/fonts/tactical
rect	566	431	573	442	000810
crop	566	431	573	442	40	66	007fff	/fonts/tactical
rect	573	431	580	442	000810
crop	573	431	580	442	0	22	007fff	/fonts/tactical
rect	132	442	139	453	007fff
crop	132	442	139	453	0	22	000810	/fonts/tactical
rect	139	442	146	453	007fff
crop	139	442	146	453	88	44	000810	/fonts/tactical
rect	146	442	153	453	007fff
crop	146	442	153	453	40	44	000810	/fonts/tactical
rect	153	442	160	453	007fff
crop	153	442	160	453	72	55	000810	/fonts/tactical
rect	160	442	167	453	007fff
crop	160	442	167	453	0	55	000810	/fonts/tactical
rect	167	442	174	453	007fff
crop	167	442	174	453	8	44	000810	/fonts/tactical
rect	174	442	181	453	007fff
crop	174	442	181	453	32	44	000810	/fonts/tactical
rect	181	442	188	453	007fff
crop	181	442	188	453	0	22	000810	/fonts/tactical
rect	188	442	195	453	007fff
crop	188	442	195	453	104	22	000810	/fonts/tactical
rect	195	442	202	453	007fff
crop	195	442	202	453	0	22	000810	/fonts/tactical
rect	202	442	209	453	000810
crop	202	442	209	453	0	22	007fff	/fonts/tactical
rect	209	442	216	453	000810
crop	209	442	216	453	88	66	007fff	/fonts/tactical
rect	216	442	223	453	000810
crop	216	442	223	453	40	66	007fff	/fonts/tactical
rect	223	442	230	453	000810
crop	223	442	230	453	72	77	007fff	/fonts/tactical
rect	230	442	237	453	000810
crop	230	442	237	453	0	22	007fff	/fonts/tactical
rect	237	442	244	453	000810
crop	237	442	244	453	24	77	007fff	/fonts/tactical
rect	244	442	251	453	000810
crop	244	442	251	453	40	66	007fff	/fonts/tactical
rect	251	442	258	453	000810
crop	251	442	258	453	48	77	007fff	/fonts/tactical
rect	258	442	265	453	000810
crop	258	442	265	453	40	66	007fff	/fonts/tactical
rect	265	442	272	453	000810
crop	265	442	272	453	16	77	007fff	/fonts/tactical
rect	272	442	279	453	000810
crop	272	442	279	453	8	66	007fff	/fonts/tactical
rect	279	442	286	453	000810
crop	279	442	286	453	96	66	007fff	/fonts/tactical
rect	286	442	293	453	000810
crop	286	442	293	453	0	22	007fff	/fonts/tactical
rect	293	442	300	453	000810
crop	293	442	300	453	32	77	007fff	/fonts/tactical
rect	300	442	307	453	000810
crop	300	442	307	453	72	66	007fff	/fonts/tactical
rect	307	442	314	453	000810
crop	307	442	314	453	104	66	007fff	/fonts/tactical
rect	314	442	321	453	000810
crop	314	442	321	453	40	66	007fff	/fonts/tactical
rect	321	442	328	453	000810
crop	321	442	328	453	24	77	007fff	/fonts/tactical
rect	328	442	335	453	000810
crop	328	442	335	453	112	22	007fff	/fonts/tactical
rect	335	442	604	453	000810
	132	453		464	
		464	139	475	
crop	132	464	139	475	32	55	007fff	/fonts/tactical
rect	139	464	146	475	000810
crop	139	464	146	475	64	66	007fff	/fonts/tactical
rect	146	464	153	475	000810
crop	146	464	153	475	72	66	007fff	/fonts/tactical
rect	153	464	160	475	000810
crop	153	464	160	475	24	77	007fff	/fonts/tactical
rect	160	464	167	475	000810
crop	160	464	167	475	0	22	007fff	/fonts/tactical
rect	167	464	174	475	000810
crop	167	464	174	475	104	66	007fff	/fonts/tactical
rect	174	464	181	475	000810
crop	174	464	181	475	120	66	007fff	/fonts/tactical
rect	181	464	188	475	000810
crop	181	464	188	475	32	66	007fff	/fonts/tactical
rect	188	464	195	475	000810
crop	188	464	195	475	40	66	007fff	/fonts/tactical
rect	195	464	202	475	000810
crop	195	464	202	475	0	22	007fff	/fonts/tactical
rect	202	464	209	475	000810
crop	202	464	209	475	8	66	007fff	/fonts/tactical
rect	209	464	216	475	000810
crop	209	464	216	475	96	66	007fff	/fonts/tactical
rect	216	464	223	475	000810
crop	216	464	223	475	56	77	007fff	/fonts/tactical
rect	223	464	231	475	007fff
line	565	213	551	208	489048
			553	222	
	551	208			204020
draw	0	0	128	480	/pictures/501.png
	608		640		/pictures/512.png
crop	29	159	35	171	0	36	ff0000	/fonts/computer
	35		41		40			
	41		47		0			
line	614	456	614	359	007fff
		359	622		
	622			456	00488f
		456	614		
rect	615	360	622	456	0070e0
line	614	328	614	231	ffff7f
		231	622		
	622			328	909048
		328	614		
rect	615	232	622	328	e0e070
line	614	200	614	103	ff7f7f
		103	622		
	622			200	904848
		200	614		
rect	615	104	622	200	e07070
	634	49	636	52	183018
		53		56	
		57		60	
		61		64	
		65		68	
		69		72	
		73		76	
		77		80	
		81		84	
		85		88	
		89		92	
		93		96	
		97		100	
		101		104	
		105		108	
		109		112	
		113		116	
		117		120	
		121		124	
		125		128	
		129		132	
		133		136	
		137		140	
		141		144	
		145		148	
		149		152	
		153		156	
		157		160	
		161		164	
		165		168	
		169		172	
		173		176	
		177		180	
		181		184	
		185		188	
		189		192	
		193		196	
		197		200	
		201		204	
		205		208	
		209		212	
		213		216	
		217		220	
		221		224	
		225		228	
		229		232	
		233		236	
		237		240	
		241		244	
		245		248	
		249		252	
		253		256	
		257		260	
		261		264	
		265		268	
		269		272	
		273		276	
		277		280	
		281		284	
		285		288	
		289		292	
		293		296	
		297		300	
		301		304	
		305		308	
		309		312	
		313		316	
		317		320	
		321		324	
		325		328	
		329		332	
		333		336	
		337		340	
		341		344	
		345		348	
		349		352	
		353		356	
		357		360	
		361		364	
		365		368	
		369		372	
		373		376	
		377		380	
		381		384	
		385		388	
		389		392	
		393		396	
		397		400	
		401		404	
		405		408	
		409		412	
		413		416	
		417		420	
		421		424	
		425		428	
		429		432	
		433		436	
		437		440	
		441		444	
		445		448	
	621	52	631	56	303000
		57		61	
		62		66	
		67		71	
		72		76	
		77		81	
		82		86	
	7	7	115	115	00ff00
	8	8	114	114	001000
					003000
	12	320	121	440	001000
line	12	330	119	330	009000
crop	15	320	21	332	104	48	00ff00	/fonts/computer
	21		27		40			
	27		33		24	60		
	33		39					
	39		45		8	48		
	45		51		56			
	51		57		40			
	57		63		24	60		
line	12	343	12	332	009000
		332	120		
	120			343	005000
		343	12		
rect	13	333	120	343	007000
crop	15	332	21	344	112	48	00ff00	/fonts/computer
	21		27		40	72		
	27		33		64	84		
	33		39		32			
	39		45		0	24		
	45		51			60		
	51		57		8	72		
	57		63		56			
	63		69		40			
	69		75		120	24		
	75		81		24	48		
	81		87		96	72		
	87		93		40			
	93		99		8			
	99		105		16	84		
	15	344	21	356	0	60		
	21		27		16	84		
	27		33		40	72		
	33		39		48	84		
	39		45		72	72		
	45		51		120			
	51		57		40	84		
	57		63		24			
	63		69		0	24		
	69		75			60		
	75		81		8	72		
	81		87		56			
	87		93		40			
	15	356	21	368	96	48		
	21		27		8	72		
	27		33		24	84		
	33		39		32			
	39		45		0	24		
	45		51		104	48		
	51		57		40	72		
	57		63		24	84		
	63		69					
	69		75		8	72		
	75		81		56			
	81		87		40			
line	12	438	119	438	009000
rect	16	450	114	475	001010
line	17	461	17	450	00c0c0
		450	43		
	43			461	007070
		461	17		
rect	18	451	43	461	009090
crop	19	450	25	462	16	60	00ffff	/fonts/computer
	25		31		56	48		
	31		37		64			
	37		43		32	60		
	43		49		0	24		
	49		55		40	48		
	55		61		64	84		
	61		67		40	72		
	67		73		24			
	73		79		40	84		
	79		85		32			
	85		91		40	72		
line	17	473	17	462	00c0c0
		462	43		
	43			473	007070
		473	17		
rect	18	463	43	473	009090
crop	19	462	25	474	96	48	00ffff	/fonts/computer
	25		31		40			
	31		37		48			
	37		43		32	60		
	43		49		0	24		
	49		55		104	48		
	55		61		8	72		
	61		67		72			
	67		73		112			
	73		79		0	24		
	79		85		104	48		
	85		91		40	72		
	91		97		112			
	97		103		40	84		
line	12	191	12	180	ffff00
		180	120		
	120			191	909000
		191	12		
rect	13	181	120	191	c0c000
crop	15	180	21	192	24	48	000000	/fonts/computer
	21		27		120			
	27		33		112			
	33		39		32	60		
	39		45		16			
	45		51		120	48		
	51		57		96			
line	14	204	35	204	489048
			14	205	
	35		35		
	14	225		225	
			14	224	
	35		35		
	12	263	12	252	007fff
		252	120		
	120			263	00488f
		263	12		
rect	13	253	120	263	0060c0
crop	15	252	21	264	32	60	000000	/fonts/computer
	21		27		8	48		
	27		33		16	60		
	33		39		56	48		
	39		45		40			
	45		51		32	60		
line	14	276	35	276	489048
			14	277	
	35		35		
	14	297		297	
			14	296	
	35		35		
