line	342	71	313	66	b0b0b0
	191	55	161	50	
	384	321	345	315	d0d0d0
	539	7	500	0	
	373	237	344	232	b0b0b0
	483	416	463	413	808080
	364	60	325	53	d0d0d0
	600	454	571	449	b0b0b0
	542	135	522	131	808080
	614	409	595	406	
	506	331	486	327	
	569	381	549	377	
	193	297	174	293	
	471	198	432	191	d0d0d0
	577	461	547	456	b0b0b0
	606	413	577	408	
	556	360	536	357	808080
	485	109	455	104	b0b0b0
	473	154	453	150	808080
	404	226	365	220	d0d0d0
	402	481	373	475	b0b0b0
	246	237	226	234	808080
	356	191	317	184	d0d0d0
	549	117	510	110	
	213	31	174	24	
	519	467	479	460	
	386	348	357	343	b0b0b0
	296	424	267	419	
	315	287	295	284	808080
	290	151	250	144	d0d0d0
	266	293	246	290	808080
	363	307	324	300	d0d0d0
	526	348	507	345	808080
	343	362	323	359	
	573	124	533	117	d0d0d0
	440	175	420	172	808080
	222	410	192	405	b0b0b0
	386	63	357	58	
	280	108	260	105	808080
	563	326	543	322	
	618	36	598	33	
	432	437	392	430	d0d0d0
	158	293	119	286	
	507	475	487	471	808080
	631	74	602	69	b0b0b0
	539	354	519	351	808080
	627	186	607	183	
	360	58	341	55	
	271	253	251	250	
	450	127	430	124	
	562	313	542	309	
	280	76	260	73	
	202	153	163	146	d0d0d0
	540	215	520	211	808080
	354	468	325	463	b0b0b0
	314	46	274	39	d0d0d0
	297	340	278	337	808080
	279	266	259	263	
	282	258	263	255	
	502	324	483	321	
	551	172	531	169	
	203	462	183	459	
	306	396	277	391	b0b0b0
	226	440	187	433	d0d0d0
	328	377	288	370	
	519	417	479	410	
	566	258	527	251	
	437	341	417	338	808080
	342	65	323	62	
	266	299	246	296	
	466	149	427	142	d0d0d0
	537	160	517	156	808080
	214	241	184	235	b0b0b0
	249	149	219	144	
	596	169	557	162	d0d0d0
	408	129	369	123	
	461	461	422	454	
	427	267	407	264	808080
	204	275	165	268	d0d0d0
	254	310	234	306	808080
	457	301	437	298	
	317	12	297	9	
	330	389	311	386	
	541	180	511	175	b0b0b0
	562	472	542	469	808080
	186	254	156	249	b0b0b0
	343	103	314	98	
	621	411	602	408	808080
	440	199	420	196	
	396	168	376	164	
	564	146	544	143	
	269	30	240	25	b0b0b0
	193	336	163	331	
	394	354	355	347	d0d0d0
	474	109	435	102	
	480	367	460	364	808080
	453	201	433	198	
	602	203	582	200	
	299	323	270	318	b0b0b0
	454	412	415	405	d0d0d0
	279	48	250	43	b0b0b0
	263	394	224	387	d0d0d0
	425	188	405	184	808080
	313	250	294	247	
	595	226	565	221	b0b0b0
	181	2	142	-5	d0d0d0
	337	207	317	204	808080
	448	160	428	157	
	556	295	536	291	
	504	449	485	446	
	201	472	171	467	b0b0b0
	536	131	506	125	
	387	139	358	133	
	272	385	252	382	808080
	235	17	215	13	
	301	328	272	323	b0b0b0
rect	592	0	593	481	002850
	128	58	609	59	
draw	355	229	387	256	/sprites/501.SMIV/19
dither	277	231	598	325	001830
crop	281	235	288	246	56	55	000000	/fonts/tactical.png
	288		295		8	66		
	295		302		16	77		
	302		309		0			
	309		316		72	66		
	316		323		112			
	323		330		56			
	330		337		0	22		
	337		344		32	66		
	344		351		16	77		
	351		358		8	66		
	358		365		72			
	365		372		112			
	372		379		24	77		
	379		386		0	22		
	386		393		40	66		
	393		400		112			
	400		407		40			
	407		414		16	77		
	414		421		56	66		
	421		428		72	77		
	428		435		0	22		
	435		442		48	66		
	442		449		16	77		
	449		456		120	66		
	456		463		104			
	279	233	286	244	56	55		
	286		293		8	66		
	293		300		16	77		
	300		307		0			
	307		314		72	66		
	314		321		112			
	321		328		56			
	328		335		0	22		
	335		342		32	66		
	342		349		16	77		
	349		356		8	66		
	356		363		72			
	363		370		112			
	370		377		24	77		
	377		384		0	22		
	384		391		40	66		
	391		398		112			
	398		405		40			
	405		412		16	77		
	412		419		56	66		
	419		426		72	77		
	426		433		0	22		
	433		440		48	66		
	440		447		16	77		
	447		454		120	66		
	454		461		104			
	280	234	287	245	56	55	007fff	
	287		294		8	66		
	294		301		16	77		
	301		308		0			
	308		315		72	66		
	315		322		112			
	322		329		56			
	329		336		0	22		
	336		343		32	66		
	343		350		16	77		
	350		357		8	66		
	357		364		72			
	364		371		112			
	371		378		24	77		
	378		385		0	22		
	385		392		40	66		
	392		399		112			
	399		406		40			
	406		413		16	77		
	413		420		56	66		
	420		427		72	77		
	427		434		0	22		
	434		441		48	66		
	441		448		16	77		
	448		455		120	66		
	455		462		104			
	281	246	288	257	72	77	000000	
	279	244	286	255				
	280	245	287	256			007fff	
line	171	213	183	222	489048
			185	208	
	183	222			204020
draw	0	-144	128	624	/pictures/501.png
	608		640		/pictures/512.png
crop	29	159	35	171	0	36	ff0000	/fonts/computer.png
	35		41		40			
	41		47		0			
rect	614	359	615	457	007fff
			623	360	
	622			457	00488f
	614	456			
	615	360	622	456	0070e0
	614	231	615	245	909048
			623	232	
	622			245	505028
	614	244			
	615	232	622	244	707038
	614	245	615	329	ffff7f
			623	246	
	622			329	909048
	614	328			
	615	246	622	328	e0e070
	614	103	615	201	ff7f7f
			623	104	
	622			201	904848
	614	200			
	615	104	622	200	e07070
	634	49	636	52	183018
		53		56	
		57		60	
		61		64	
		65		68	
		69		72	
		73		76	
		77		80	
		81		84	
		85		88	
		89		92	
		93		96	
		97		100	
		101		104	
		105		108	
		109		112	
		113		116	
		117		120	
		121		124	
		125		128	
		129		132	
		133		136	
		137		140	
		141		144	
		145		148	
		149		152	
		153		156	
		157		160	
		161		164	
		165		168	
		169		172	
		173		176	
		177		180	
		181		184	
		185		188	
		189		192	
		193		196	
		197		200	
		201		204	
		205		208	
		209		212	
		213		216	
		217		220	
		221		224	
		225		228	
		229		232	
		233		236	
		237		240	
		241		244	
		245		248	
		249		252	
		253		256	
		257		260	
		261		264	
		265		268	
		269		272	
		273		276	
		277		280	
		281		284	
		285		288	
		289		292	
		293		296	
		297		300	
		301		304	
		305		308	
		309		312	
		313		316	
		317		320	
		321		324	
		325		328	
		329		332	
		333		336	
		337		340	
		341		344	
		345		348	
		349		352	
		353		356	
		357		360	
		361		364	
		365		368	
		369		372	
		373		376	
		377		380	
		381		384	
		385		388	
		389		392	
		393		396	
		397		400	
		401		404	
		405		408	
		409		412	
		413		416	
		417		420	
		421		424	
		425		428	
		429		432	
		433		436	
		437		440	
		441		444	
		445		448	
	621	52	631	56	303000
		57		61	
		62		66	
		67		71	
		72		76	
		77		81	
		82		86	
	7	7	115	115	00ff00
	8	8	114	114	001000
	57	57	65	65	003000
	12	320	121	440	001000
		330	120	331	009000
		332	13	344	
			121	333	
	120			344	005000
	12	343			
	13	333	120	343	007000
	12	438		439	009000
	16	450	114	475	001010
	17		18	462	00c0c0
			44	451	
	43			462	007070
	17	461			
	18	451	43	461	009090
	17	462	18	474	00c0c0
			44	463	
	43			474	007070
	17	473			
	18	463	43	473	009090
crop	15	320	21	332	104	48	00ff00	/fonts/computer.png
	21		27		40			
	27		33		24	60		
	33		39					
	39		45		8	48		
	45		51		56			
	51		57		40			
	57		63		24	60		
	15	332	21	344	112	48		
	21		27		40	72		
	27		33		64	84		
	33		39		32			
	39		45		0	24		
	45		51			60		
	51		57		8	72		
	57		63		56			
	63		69		40			
	69		75		120	24		
	75		81		24	48		
	81		87		96	72		
	87		93		40			
	93		99		8			
	99		105		16	84		
	15	344	21	356	0	60		
	21		27		16	84		
	27		33		40	72		
	33		39		48	84		
	39		45		72	72		
	45		51		120			
	51		57		40	84		
	57		63		24			
	63		69		0	24		
	69		75			60		
	75		81		8	72		
	81		87		56			
	87		93		40			
	15	356	21	368	96	48		
	21		27		8	72		
	27		33		24	84		
	33		39		32			
	39		45		0	24		
	45		51		104	48		
	51		57		40	72		
	57		63		24	84		
	63		69					
	69		75		8	72		
	75		81		56			
	81		87		40			
	19	450	25	462	16	60	00ffff	
	25		31		56	48		
	31		37		64			
	37		43		32	60		
	43		49		0	24		
	49		55		40	48		
	55		61		64	84		
	61		67		40	72		
	67		73		24			
	73		79		40	84		
	79		85		32			
	85		91		40	72		
	19	462	25	474	96	48		
	25		31		40			
	31		37		48			
	37		43		32	60		
	43		49		0	24		
	49		55		104	48		
	55		61		8	72		
	61		67		72			
	67		73		112			
	73		79		0	24		
	79		85		104	48		
	85		91		40	72		
	91		97		112			
	97		103		40	84		
rect	12	180	13	192	ffff00
			121	181	
	120			192	909000
	12	191			
	13	181	120	191	c0c000
crop	15	180	21	192	24	48	000000	/fonts/computer.png
	21		27		120			
	27		33		112			
	33		39		32	60		
	39		45		16			
	45		51		120	48		
	51		57		96			
rect	14	204	36	205	489048
			15	206	
	35		36		
	14	225		226	
		224	15		
	35		36		
	12	252	13	264	007fff
			121	253	
	120			264	00488f
	12	263			
	13	253	120	263	0060c0
crop	15	252	21	264	32	60	000000	/fonts/computer.png
	21		27		8	48		
	27		33		16	60		
	33		39		56	48		
	39		45		40			
	45		51		32	60		
rect	14	276	36	277	489048
			15	278	
	35		36		
	14	297		298	
		296	15		
	35		36		
line	600	280	613	280	001830
		279		279	007fff
		278		278	
