line	233	136	246	120	808080
	459	324	472	308	
	477	133	489	117	
	504	86	517	70	
	130	387	156	356	d0d0d0
	190	231	209	208	b0b0b0
	285	73	298	57	808080
	387	282	406	259	b0b0b0
	564	69	577	54	808080
	158	451	177	428	b0b0b0
	579	173	598	150	
	430	219	449	196	
	417	206	442	175	d0d0d0
	537	418	550	402	808080
	255	108	281	77	d0d0d0
	571	279	597	248	
	503	406	523	383	b0b0b0
	321	88	334	72	808080
	192	448	205	433	
	521	281	547	250	d0d0d0
	545	441	570	411	
	418	429	431	414	808080
	583	279	609	248	d0d0d0
	564	287	577	272	808080
	421	434	434	419	
	314	473	327	458	
	201	266	220	243	b0b0b0
	451	352	464	336	808080
	494	382	507	366	
	220	152	233	137	
	264	324	284	301	b0b0b0
	364	113	390	82	d0d0d0
	564	452	577	437	808080
	439	190	458	167	b0b0b0
	550	69	563	53	808080
	127	332	139	316	
	418	223	437	200	b0b0b0
	325	46	344	23	
	123	415	142	392	
	385	174	404	151	
	541	17	560	-6	
	281	271	307	241	d0d0d0
	557	462	576	439	b0b0b0
	179	279	192	263	808080
	288	347	300	332	
	410	450	423	435	
	214	323	240	292	d0d0d0
	483	440	502	417	b0b0b0
	244	451	264	428	
	235	83	255	60	
	420	370	433	355	808080
	573	219	586	204	
	227	176	247	153	b0b0b0
	132	462	145	447	808080
	265	203	277	188	
	329	252	348	229	b0b0b0
	482	102	495	86	808080
	186	453	199	438	
	260	151	273	135	
	119	408	131	392	
	371	464	384	449	
	422	253	447	222	d0d0d0
	515	224	541	193	
	119	399	145	368	
	235	264	261	234	
	484	58	497	43	808080
	392	175	405	160	
	410	28	429	5	b0b0b0
	200	255	213	240	808080
	383	324	396	309	
	523	18	549	-13	d0d0d0
	560	340	585	310	
	502	97	522	74	b0b0b0
	394	388	413	365	
	218	124	231	108	808080
	540	69	553	54	
	470	248	495	218	d0d0d0
	523	422	536	406	808080
	276	287	289	272	
	479	365	491	349	
	563	388	582	365	b0b0b0
	357	296	376	273	
	275	203	288	188	808080
	149	236	162	221	
	509	55	528	32	b0b0b0
	137	159	156	136	
	196	55	209	40	808080
	142	308	155	293	
	324	426	350	396	d0d0d0
	250	307	262	292	808080
	216	439	229	424	
	448	347	474	316	d0d0d0
	285	163	298	148	808080
	296	103	316	80	b0b0b0
	168	284	181	269	808080
	461	412	474	396	
	306	301	325	278	b0b0b0
	557	39	576	16	
	446	400	459	385	808080
	334	326	347	311	
	187	40	213	9	d0d0d0
	121	193	133	178	808080
	474	351	486	335	
	115	52	140	22	d0d0d0
	130	490	149	467	b0b0b0
	524	201	544	178	
	424	348	437	333	808080
	166	365	192	334	d0d0d0
	383	176	402	153	b0b0b0
	328	202	340	187	808080
	509	47	522	32	
	310	452	329	429	b0b0b0
	104	338	130	307	d0d0d0
	449	176	475	145	
	386	378	411	347	
	323	118	336	102	808080
rect	330	0	331	481	000050
	128	283	609	284	005000
draw	351	229	383	258	/sprites/501.SMIV/3
dither	305	102	598	163	001830
crop	309	106	316	117	32	55	000000	/fonts/tactical.png
	316		323		64	66		
	323		330		72			
	330		337		24	77		
	337		344		0	22		
	344		351		72	66		
	351		358		24	77		
	358		365		0	22		
	365		372		72	77		
	372		379		120	66		
	379		386		40	77		
	386		393		16			
	393		400		0	22		
	400		407		16	77		
	407		414		40	66		
	414		421		24	77		
	421		428		40	66		
	428		435		16	77		
	435		442		48			
	442		449		40	66		
	449		456		0	22		
	456		463			77		
	463		470		120	66		
	470		477		56	77		
	477		484		40	66		
	484		491		16	77		
	491		498		0	22		
	498		505		72	66		
	505		512		112			
	512		519		32			
	519		526		72			
	526		533		24			
	533		540		8			
	540		547		32	77		
	547		554		120	66		
	554		561		16	77		
	561		568		112	22		
	307	104	314	115	32	55		
	314		321		64	66		
	321		328		72			
	328		335		24	77		
	335		342		0	22		
	342		349		72	66		
	349		356		24	77		
	356		363		0	22		
	363		370		72	77		
	370		377		120	66		
	377		384		40	77		
	384		391		16			
	391		398		0	22		
	398		405		16	77		
	405		412		40	66		
	412		419		24	77		
	419		426		40	66		
	426		433		16	77		
	433		440		48			
	440		447		40	66		
	447		454		0	22		
	454		461			77		
	461		468		120	66		
	468		475		56	77		
	475		482		40	66		
	482		489		16	77		
	489		496		0	22		
	496		503		72	66		
	503		510		112			
	510		517		32			
	517		524		72			
	524		531		24			
	531		538		8			
	538		545		32	77		
	545		552		120	66		
	552		559		16	77		
	559		566		112	22		
	308	105	315	116	32	55	007fff	
	315		322		64	66		
	322		329		72			
	329		336		24	77		
	336		343		0	22		
	343		350		72	66		
	350		357		24	77		
	357		364		0	22		
	364		371		72	77		
	371		378		120	66		
	378		385		40	77		
	385		392		16			
	392		399		0	22		
	399		406		16	77		
	406		413		40	66		
	413		420		24	77		
	420		427		40	66		
	427		434		16	77		
	434		441		48			
	441		448		40	66		
	448		455		0	22		
	455		462			77		
	462		469		120	66		
	469		476		56	77		
	476		483		40	66		
	483		490		16	77		
	490		497		0	22		
	497		504		72	66		
	504		511		112			
	511		518		32			
	518		525		72			
	525		532		24			
	532		539		8			
	539		546		32	77		
	546		553		120	66		
	553		560		16	77		
	560		567		112	22		
	309	128	316	139	32	55	000000	
	316		323		64	66		
	323		330		72			
	330		337		24	77		
	337		344		0	22		
	344		351		16	77		
	351		358		40	66		
	358		365		0	77		
	365		372		16			
	372		379		40	66		
	379		386		24	77		
	386		393		40	66		
	393		400		112			
	400		407		32	77		
	407		414		24			
	414		421		0	22		
	421		428		64	66		
	428		435		120			
	435		442		56	77		
	442		449		0	22		
	449		456		104	66		
	456		463		40	77		
	463		470		24	66		
	470		477		64			
	477		484		0	22		
	484		491		32	77		
	491		498		120	66		
	498		505		32	77		
	505		512		8	66		
	512		519		96			
	519		526		0	22		
	526		533		40	66		
	533		540		112			
	540		547		40			
	307	126	314	137	32	55		
	314		321		64	66		
	321		328		72			
	328		335		24	77		
	335		342		0	22		
	342		349		16	77		
	349		356		40	66		
	356		363		0	77		
	363		370		16			
	370		377		40	66		
	377		384		24	77		
	384		391		40	66		
	391		398		112			
	398		405		32	77		
	405		412		24			
	412		419		0	22		
	419		426		64	66		
	426		433		120			
	433		440		56	77		
	440		447		0	22		
	447		454		104	66		
	454		461		40	77		
	461		468		24	66		
	468		475		64			
	475		482		0	22		
	482		489		32	77		
	489		496		120	66		
	496		503		32	77		
	503		510		8	66		
	510		517		96			
	517		524		0	22		
	524		531		40	66		
	531		538		112			
	538		545		40			
	308	127	315	138	32	55	007fff	
	315		322		64	66		
	322		329		72			
	329		336		24	77		
	336		343		0	22		
	343		350		16	77		
	350		357		40	66		
	357		364		0	77		
	364		371		16			
	371		378		40	66		
	378		385		24	77		
	385		392		40	66		
	392		399		112			
	399		406		32	77		
	406		413		24			
	413		420		0	22		
	420		427		64	66		
	427		434		120			
	434		441		56	77		
	441		448		0	22		
	448		455		104	66		
	455		462		40	77		
	462		469		24	66		
	469		476		64			
	476		483		0	22		
	483		490		32	77		
	490		497		120	66		
	497		504		32	77		
	504		511		8	66		
	511		518		96			
	518		525		0	22		
	525		532		40	66		
	532		539		112			
	539		546		40			
line	490	83	476	88	489048
			488	98	
	476	88			204020
draw	0	-144	128	624	/pictures/501.png
	608		640		/pictures/512.png
crop	29	159	35	171	0	36	ff0000	/fonts/computer.png
	35		41		40			
	41		47		0			
rect	614	359	615	457	007fff
			623	360	
	622			457	00488f
	614	456			
	615	360	622	456	0070e0
	614	231	615	245	909048
			623	232	
	622			245	505028
	614	244			
	615	232	622	244	707038
	614	245	615	329	ffff7f
			623	246	
	622			329	909048
	614	328			
	615	246	622	328	e0e070
	614	103	615	201	ff7f7f
			623	104	
	622			201	904848
	614	200			
	615	104	622	200	e07070
	634	49	636	52	183018
		53		56	
		57		60	
		61		64	
		65		68	
		69		72	
		73		76	
		77		80	
		81		84	
		85		88	
		89		92	
		93		96	
		97		100	
		101		104	
		105		108	
		109		112	
		113		116	
		117		120	
		121		124	
		125		128	
		129		132	
		133		136	
		137		140	
		141		144	
		145		148	
		149		152	
		153		156	
		157		160	
		161		164	
		165		168	
		169		172	
		173		176	
		177		180	
		181		184	
		185		188	
		189		192	
		193		196	
		197		200	
		201		204	
		205		208	
		209		212	
		213		216	
		217		220	
		221		224	
		225		228	
		229		232	
		233		236	
		237		240	
		241		244	
		245		248	
		249		252	
		253		256	
		257		260	
		261		264	
		265		268	
		269		272	
		273		276	
		277		280	
		281		284	
		285		288	
		289		292	
		293		296	
		297		300	
		301		304	
		305		308	
		309		312	
		313		316	
		317		320	
		321		324	
		325		328	
		329		332	
		333		336	
		337		340	
		341		344	
		345		348	
		349		352	
		353		356	
		357		360	
		361		364	
		365		368	
		369		372	
		373		376	
		377		380	
		381		384	
		385		388	
		389		392	
		393		396	
		397		400	
		401		404	
		405		408	
		409		412	
		413		416	
		417		420	
		421		424	
		425		428	
		429		432	
		433		436	
		437		440	
		441		444	
		445		448	
	621	52	631	56	303000
		57		61	
		62		66	
		67		71	
		72		76	
		77		81	
		82		86	
	7	7	115	115	00ff00
	8	8	114	114	001000
	57	57	65	65	003000
point	108	74	00e000
rect	12	320	121	440	001000
		330	120	331	009000
		332	13	344	
			121	333	
	120			344	005000
	12	343			
	13	333	120	343	007000
	12	438		439	009000
	16	450	114	475	001010
	17		18	462	00c0c0
			44	451	
	43			462	007070
	17	461			
	18	451	43	461	009090
	17	462	18	474	00c0c0
			44	463	
	43			474	007070
	17	473			
	18	463	43	473	009090
crop	15	320	21	332	104	48	00ff00	/fonts/computer.png
	21		27		40			
	27		33		24	60		
	33		39					
	39		45		8	48		
	45		51		56			
	51		57		40			
	57		63		24	60		
	15	332	21	344	112	48		
	21		27		40	72		
	27		33		64	84		
	33		39		32			
	39		45		0	24		
	45		51			60		
	51		57		8	72		
	57		63		56			
	63		69		40			
	69		75		120	24		
	75		81		24	48		
	81		87		96	72		
	87		93		40			
	93		99		8			
	99		105		16	84		
	15	344	21	356	0	60		
	21		27		16	84		
	27		33		40	72		
	33		39		48	84		
	39		45		72	72		
	45		51		120			
	51		57		40	84		
	57		63		24			
	63		69		0	24		
	69		75			60		
	75		81		8	72		
	81		87		56			
	87		93		40			
	15	356	21	368	96	48		
	21		27		8	72		
	27		33		24	84		
	33		39		32			
	39		45		0	24		
	45		51		104	48		
	51		57		40	72		
	57		63		24	84		
	63		69					
	69		75		8	72		
	75		81		56			
	81		87		40			
	19	450	25	462	16	60	00ffff	
	25		31		56	48		
	31		37		64			
	37		43		32	60		
	43		49		0	24		
	49		55		40	48		
	55		61		64	84		
	61		67		40	72		
	67		73		24			
	73		79		40	84		
	79		85		32			
	85		91		40	72		
	19	462	25	474	96	48		
	25		31		40			
	31		37		48			
	37		43		32	60		
	43		49		0	24		
	49		55		104	48		
	55		61		8	72		
	61		67		72			
	67		73		112			
	73		79		0	24		
	79		85		104	48		
	85		91		40	72		
	91		97		112			
	97		103		40	84		
rect	12	180	13	192	ffff00
			121	181	
	120			192	909000
	12	191			
	13	181	120	191	c0c000
crop	15	180	21	192	24	48	000000	/fonts/computer.png
	21		27		120			
	27		33		112			
	33		39		32	60		
	39		45		16			
	45		51		120	48		
	51		57		96			
rect	14	204	36	205	489048
			15	206	
	35		36		
	14	225		226	
		224	15		
	35		36		
	12	252	13	264	007fff
			121	253	
	120			264	00488f
	12	263			
	13	253	120	263	0060c0
crop	15	252	21	264	32	60	000000	/fonts/computer.png
	21		27		8	48		
	27		33		16	60		
	33		39		56	48		
	39		45		40			
	45		51		32	60		
rect	14	276	36	277	489048
			15	278	
	35		36		
	14	297		298	
		296	15		
	35		36		
line	600	134	609	143	001830
		133		142	007fff
		132		141	
