line	166	121	146	118	808080
	547	128	527	125	
	469	4	439	-1	b0b0b0
	496	141	476	138	808080
	187	310	148	303	d0d0d0
	351	232	312	225	
	486	410	467	407	808080
	355	216	326	211	b0b0b0
	377	223	357	219	808080
	431	123	411	119	
	312	287	272	280	d0d0d0
	504	174	474	169	b0b0b0
	339	402	319	399	808080
	434	191	414	187	
	200	66	181	62	
	194	134	174	131	
	359	338	339	334	
	477	12	438	5	d0d0d0
	547	173	508	166	
	382	85	362	81	808080
	411	474	382	468	b0b0b0
	444	143	404	136	d0d0d0
	621	195	582	188	
	457	131	428	126	b0b0b0
	504	460	474	455	
	566	351	546	347	808080
	470	17	440	12	b0b0b0
	446	384	416	378	
	225	33	195	27	
	591	401	572	398	808080
	270	274	250	270	
	567	264	548	261	
	512	466	493	463	
	224	413	194	407	b0b0b0
	277	125	247	120	
	207	136	187	133	808080
	492	125	452	118	d0d0d0
	347	237	327	234	808080
	233	246	213	243	
	392	75	353	69	d0d0d0
	434	60	415	57	808080
	348	394	309	387	d0d0d0
	455	331	435	328	808080
	521	278	501	275	
	636	236	607	231	b0b0b0
	507	86	478	81	
	427	45	407	41	808080
	208	17	188	13	
	568	42	528	35	d0d0d0
	390	466	351	459	
	528	268	509	265	808080
	501	254	472	249	b0b0b0
	280	54	240	47	d0d0d0
	436	118	416	114	808080
	404	406	384	403	
	415	330	395	327	
	580	209	550	204	b0b0b0
	328	281	288	274	d0d0d0
	393	373	364	367	b0b0b0
	505	148	475	143	
	506	423	487	420	808080
	594	385	575	382	
	159	334	139	331	
	446	444	406	437	d0d0d0
	228	461	208	458	808080
	318	22	298	19	
	465	234	426	227	d0d0d0
	257	29	237	26	808080
	199	69	169	64	b0b0b0
	400	446	380	442	808080
	242	208	203	201	d0d0d0
	598	65	559	58	
	238	135	218	131	808080
	267	155	247	152	
	422	141	402	137	
	570	131	550	127	
	201	22	171	17	b0b0b0
	625	73	586	67	d0d0d0
	242	74	222	70	808080
	307	333	278	328	b0b0b0
	240	138	220	135	808080
	328	334	308	331	
	345	285	306	278	d0d0d0
	186	86	156	81	b0b0b0
	584	33	555	28	
	270	77	240	72	
	605	235	575	230	
	156	72	136	69	808080
	494	453	475	450	
	607	312	587	309	
	255	137	235	133	
	389	358	369	355	
	548	269	529	266	
	601	230	571	225	b0b0b0
	428	89	408	86	808080
	174	390	144	385	b0b0b0
	173	276	153	273	808080
	527	133	498	128	b0b0b0
	384	236	364	232	808080
	310	410	281	405	b0b0b0
	389	380	360	374	
	326	147	297	142	
	285	317	265	314	808080
	197	31	178	27	
	503	37	464	30	d0d0d0
	211	107	191	104	808080
	314	316	295	313	
	160	361	121	354	d0d0d0
	320	54	291	49	b0b0b0
	459	485	420	478	d0d0d0
	194	32	175	28	808080
	545	188	515	183	b0b0b0
	394	49	354	42	d0d0d0
	168	394	129	387	
	600	443	570	438	b0b0b0
	523	477	494	472	
	281	424	241	417	d0d0d0
	206	49	186	46	808080
	320	410	301	407	
	233	45	203	39	b0b0b0
	592	0	592	480	002850
	128	58	608	58	
draw	355	229	387	256	/sprites/501.SMIV/19
dither	277	359	598	464	001830
crop	281	363	288	374	32	55	000000	/fonts/tactical
	288		295		64	66		
	295		302		72			
	302		309		24	77		
	309		316		0	22		
	316		323		72	66		
	323		330		24	77		
	330		337		0	22		
	337		344		72	77		
	344		351		120	66		
	351		358		40	77		
	358		365		16			
	365		372		0	22		
	372		379		24	77		
	379		386		64	66		
	386		393		72			
	393		400		40			
	400		407		96			
	407		414		32			
	414		421		0	22		
	421		428			77		
	428		435		120	66		
	435		442		56	77		
	442		449		40	66		
	449		456		16	77		
	456		463		112	22		
	463		470		0			
	470		477		56	55		
	477		484		64	66		
	484		491		40			
	491		498		112			
	498		505		0	22		
	505		512		72	77		
	512		519		120	66		
	519		526		40	77		
	526		533		16			
	533		540		0	22		
	540		547		24	77		
	547		554		64	66		
	554		561		72			
	561		568		0	77		
	279	361	286	372	32	55		
	286		293		64	66		
	293		300		72			
	300		307		24	77		
	307		314		0	22		
	314		321		72	66		
	321		328		24	77		
	328		335		0	22		
	335		342		72	77		
	342		349		120	66		
	349		356		40	77		
	356		363		16			
	363		370		0	22		
	370		377		24	77		
	377		384		64	66		
	384		391		72			
	391		398		40			
	398		405		96			
	405		412		32			
	412		419		0	22		
	419		426			77		
	426		433		120	66		
	433		440		56	77		
	440		447		40	66		
	447		454		16	77		
	454		461		112	22		
	461		468		0			
	468		475		56	55		
	475		482		64	66		
	482		489		40			
	489		496		112			
	496		503		0	22		
	503		510		72	77		
	510		517		120	66		
	517		524		40	77		
	524		531		16			
	531		538		0	22		
	538		545		24	77		
	545		552		64	66		
	552		559		72			
	559		566		0	77		
	280	362	287	373	32	55	007fff	
	287		294		64	66		
	294		301		72			
	301		308		24	77		
	308		315		0	22		
	315		322		72	66		
	322		329		24	77		
	329		336		0	22		
	336		343		72	77		
	343		350		120	66		
	350		357		40	77		
	357		364		16			
	364		371		0	22		
	371		378		24	77		
	378		385		64	66		
	385		392		72			
	392		399		40			
	399		406		96			
	406		413		32			
	413		420		0	22		
	420		427			77		
	427		434		120	66		
	434		441		56	77		
	441		448		40	66		
	448		455		16	77		
	455		462		112	22		
	462		469		0			
	469		476		56	55		
	476		483		64	66		
	483		490		40			
	490		497		112			
	497		504		0	22		
	504		511		72	77		
	511		518		120	66		
	518		525		40	77		
	525		532		16			
	532		539		0	22		
	539		546		24	77		
	546		553		64	66		
	553		560		72			
	560		567		0	77		
	281	374	288	385	32		000000	
	288		295		8	66		
	295		302		88			
	302		309		40			
	309		316		24	77		
	316		323		0	22		
	323		330		32	66		
	330		337		8			
	337		344		104			
	344		351		8			
	351		358		56			
	358		365		40			
	365		372		96	22		
	372		379		0			
	379		386		32	77		
	386		393		64	66		
	393		400		40			
	400		407		0	22		
	407		414		24	77		
	414		421		64	66		
	421		428		72			
	428		435		40			
	435		442		96			
	442		449		32			
	449		456		0	22		
	456		463			77		
	463		470		120	66		
	470		477		56	77		
	477		484		40	66		
	484		491		16	77		
	491		498		0	22		
	498		505		56	66		
	505		512		120			
	512		519		40			
	519		526		24	77		
	526		533		0	22		
	533		540		32	66		
	540		547		120			
	547		554		56	77		
	554		561		112	66		
	561		568			22		
	279	372	286	383	32	77		
	286		293		8	66		
	293		300		88			
	300		307		40			
	307		314		24	77		
	314		321		0	22		
	321		328		32	66		
	328		335		8			
	335		342		104			
	342		349		8			
	349		356		56			
	356		363		40			
	363		370		96	22		
	370		377		0			
	377		384		32	77		
	384		391		64	66		
	391		398		40			
	398		405		0	22		
	405		412		24	77		
	412		419		64	66		
	419		426		72			
	426		433		40			
	433		440		96			
	440		447		32			
	447		454		0	22		
	454		461			77		
	461		468		120	66		
	468		475		56	77		
	475		482		40	66		
	482		489		16	77		
	489		496		0	22		
	496		503		56	66		
	503		510		120			
	510		517		40			
	517		524		24	77		
	524		531		0	22		
	531		538		32	66		
	538		545		120			
	545		552		56	77		
	552		559		112	66		
	559		566			22		
	280	373	287	384	32	77	007fff	
	287		294		8	66		
	294		301		88			
	301		308		40			
	308		315		24	77		
	315		322		0	22		
	322		329		32	66		
	329		336		8			
	336		343		104			
	343		350		8			
	350		357		56			
	357		364		40			
	364		371		96	22		
	371		378		0			
	378		385		32	77		
	385		392		64	66		
	392		399		40			
	399		406		0	22		
	406		413		24	77		
	413		420		64	66		
	420		427		72			
	427		434		40			
	434		441		96			
	441		448		32			
	448		455		0	22		
	455		462			77		
	462		469		120	66		
	469		476		56	77		
	476		483		40	66		
	483		490		16	77		
	490		497		0	22		
	497		504		56	66		
	504		511		120			
	511		518		40			
	518		525		24	77		
	525		532		0	22		
	532		539		32	66		
	539		546		120			
	546		553		56	77		
	553		560		112	66		
	560		567			22		
	281	396	288	407	72	44	000000	
	288		295		48	66		
	295		302		0	22		
	302		309		32	77		
	309		316		64	66		
	316		323		40			
	323		330		0	22		
	330		337		24	77		
	337		344		64	66		
	279	394	286	405	72	44		
	286		293		48	66		
	293		300		0	22		
	300		307		32	77		
	307		314		64	66		
	314		321		40			
	321		328		0	22		
	328		335		24	77		
	335		342		64	66		
	280	395	287	406	72	44	007fff	
	287		294		48	66		
	294		301		0	22		
	301		308		32	77		
	308		315		64	66		
	315		322		40			
	322		329		0	22		
	329		336		24	77		
	336		343		64	66		
line	171	213	183	222	489048
			185	208	
	183	222			204020
draw	0	0	128	480	/pictures/501.png
	608		640		/pictures/512.png
crop	29	159	35	171	0	36	ff0000	/fonts/computer
	35		41		40			
	41		47		0			
line	614	456	614	359	007fff
		359	622		
	622			456	00488f
		456	614		
rect	615	360	622	456	0070e0
line	614	246	614	231	909048
		231	622		
	622			246	505028
		246	614		
rect	615	232	622	246	707038
line	614	328	614	247	ffff7f
		247	622		
	622			328	909048
		328	614		
rect	615	248	622	328	e0e070
line	614	200	614	103	ff7f7f
		103	622		
	622			200	904848
		200	614		
rect	615	104	622	200	e07070
	634	49	636	52	183018
		53		56	
		57		60	
		61		64	
		65		68	
		69		72	
		73		76	
		77		80	
		81		84	
		85		88	
		89		92	
		93		96	
		97		100	
		101		104	
		105		108	
		109		112	
		113		116	
		117		120	
		121		124	
		125		128	
		129		132	
		133		136	
		137		140	
		141		144	
		145		148	
		149		152	
		153		156	
		157		160	
		161		164	
		165		168	
		169		172	
		173		176	
		177		180	
		181		184	
		185		188	
		189		192	
		193		196	
		197		200	
		201		204	
		205		208	
		209		212	
		213		216	
		217		220	
		221		224	
		225		228	
		229		232	
		233		236	
		237		240	
		241		244	
		245		248	
		249		252	
		253		256	
		257		260	
		261		264	
		265		268	
		269		272	
		273		276	
		277		280	
		281		284	
		285		288	
		289		292	
		293		296	
		297		300	
		301		304	
		305		308	
		309		312	
		313		316	
		317		320	
		321		324	
		325		328	
		329		332	
		333		336	
		337		340	
		341		344	
		345		348	
		349		352	
		353		356	
		357		360	
		361		364	
		365		368	
		369		372	
		373		376	
		377		380	
		381		384	
		385		388	
		389		392	
		393		396	
		397		400	
		401		404	
		405		408	
		409		412	
		413		416	
		417		420	
		421		424	
		425		428	
		429		432	
		433		436	
		437		440	
		441		444	
		445		448	
	621	52	631	56	303000
		57		61	
		62		66	
		67		71	
		72		76	
		77		81	
		82		86	
	7	7	115	115	00ff00
	8	8	114	114	001000
	57	57	65	65	003000
	12	320	121	440	001000
line	12	330	119	330	009000
crop	15	320	21	332	104	48	00ff00	/fonts/computer
	21		27		40			
	27		33		24	60		
	33		39					
	39		45		8	48		
	45		51		56			
	51		57		40			
	57		63		24	60		
line	12	343	12	332	009000
		332	120		
	120			343	005000
		343	12		
rect	13	333	120	343	007000
crop	15	332	21	344	112	48	00ff00	/fonts/computer
	21		27		40	72		
	27		33		64	84		
	33		39		32			
	39		45		0	24		
	45		51			60		
	51		57		8	72		
	57		63		56			
	63		69		40			
	69		75		120	24		
	75		81		24	48		
	81		87		96	72		
	87		93		40			
	93		99		8			
	99		105		16	84		
	15	344	21	356	0	60		
	21		27		16	84		
	27		33		40	72		
	33		39		48	84		
	39		45		72	72		
	45		51		120			
	51		57		40	84		
	57		63		24			
	63		69		0	24		
	69		75			60		
	75		81		8	72		
	81		87		56			
	87		93		40			
	15	356	21	368	96	48		
	21		27		8	72		
	27		33		24	84		
	33		39		32			
	39		45		0	24		
	45		51		104	48		
	51		57		40	72		
	57		63		24	84		
	63		69					
	69		75		8	72		
	75		81		56			
	81		87		40			
line	12	438	119	438	009000
rect	16	450	114	475	001010
line	17	461	17	450	00c0c0
		450	43		
	43			461	007070
		461	17		
rect	18	451	43	461	009090
crop	19	450	25	462	16	60	00ffff	/fonts/computer
	25		31		56	48		
	31		37		64			
	37		43		32	60		
	43		49		0	24		
	49		55		40	48		
	55		61		64	84		
	61		67		40	72		
	67		73		24			
	73		79		40	84		
	79		85		32			
	85		91		40	72		
line	17	473	17	462	00c0c0
		462	43		
	43			473	007070
		473	17		
rect	18	463	43	473	009090
crop	19	462	25	474	96	48	00ffff	/fonts/computer
	25		31		40			
	31		37		48			
	37		43		32	60		
	43		49		0	24		
	49		55		104	48		
	55		61		8	72		
	61		67		72			
	67		73		112			
	73		79		0	24		
	79		85		104	48		
	85		91		40	72		
	91		97		112			
	97		103		40	84		
line	12	191	12	180	ffff00
		180	120		
	120			191	909000
		191	12		
rect	13	181	120	191	c0c000
crop	15	180	21	192	24	48	000000	/fonts/computer
	21		27		120			
	27		33		112			
	33		39		32	60		
	39		45		16			
	45		51		120	48		
	51		57		96			
line	14	204	35	204	489048
			14	205	
	35		35		
	14	225		225	
			14	224	
	35		35		
	12	263	12	252	007fff
		252	120		
	120			263	00488f
		263	12		
rect	13	253	120	263	0060c0
crop	15	252	21	264	32	60	000000	/fonts/computer
	21		27		8	48		
	27		33		16	60		
	33		39		56	48		
	39		45		40			
	45		51		32	60		
line	14	276	35	276	489048
			14	277	
	35		35		
	14	297		297	
			14	296	
	35		35		
	600	413	618	412	001830
		412		411	007fff
		411		410	
