line	462	225	442	222	808080
	635	177	605	172	b0b0b0
	276	256	256	253	808080
	583	37	554	32	b0b0b0
	192	12	172	9	808080
	401	135	372	129	b0b0b0
	302	83	273	78	
	360	218	340	215	808080
	400	367	371	361	b0b0b0
	266	407	246	403	808080
	553	446	533	443	
	533	265	513	262	
	471	409	451	406	
	525	243	505	240	
	359	76	339	72	
	499	218	459	211	d0d0d0
	581	268	542	261	
	545	445	515	440	b0b0b0
	226	19	196	13	
	290	335	261	330	
	523	229	503	225	808080
	596	326	567	321	b0b0b0
	329	355	300	350	
	165	402	126	395	d0d0d0
	515	219	475	212	
	233	157	213	153	808080
	625	365	596	360	b0b0b0
	388	217	359	211	
	394	317	374	313	808080
	316	365	297	362	
	422	69	403	66	
	286	75	266	72	
	452	124	432	121	
	461	261	441	258	
	590	478	551	471	d0d0d0
	419	339	379	332	
	315	59	286	54	b0b0b0
	476	195	456	192	808080
	300	159	271	154	b0b0b0
	627	438	588	431	d0d0d0
	305	357	265	350	
	325	391	305	388	808080
	250	79	230	75	
	411	175	381	170	b0b0b0
	553	373	533	370	808080
	317	253	298	250	
	377	320	348	315	b0b0b0
	391	93	371	89	808080
	410	402	390	398	
	289	475	270	472	
	315	319	296	316	
	545	261	506	254	d0d0d0
	429	197	399	192	b0b0b0
	559	260	540	257	808080
	554	85	515	79	d0d0d0
	257	95	218	88	
	327	402	298	397	b0b0b0
	556	168	517	161	d0d0d0
	395	180	366	175	b0b0b0
	565	320	545	316	808080
	488	335	449	328	d0d0d0
	578	96	558	92	808080
	205	228	166	221	d0d0d0
	596	254	577	251	808080
	392	328	372	324	
	451	105	412	98	d0d0d0
	268	165	248	161	808080
	363	400	343	396	
	616	359	577	352	d0d0d0
	506	235	487	232	808080
	241	35	211	29	b0b0b0
	298	456	258	449	d0d0d0
	303	295	284	292	808080
	315	57	275	50	d0d0d0
	393	476	373	472	808080
	607	263	588	260	
	532	275	512	272	
	296	42	267	37	b0b0b0
	153	50	114	43	d0d0d0
	268	317	248	313	808080
	529	56	500	51	b0b0b0
	518	119	488	114	
	249	427	210	420	d0d0d0
	320	72	280	65	
	519	399	499	396	808080
	415	374	395	370	
	350	35	310	28	d0d0d0
	570	303	540	298	b0b0b0
	277	364	247	359	
	225	188	205	185	808080
	483	251	444	244	d0d0d0
	404	39	384	36	808080
	447	205	427	201	
	261	249	241	245	
	479	97	459	94	
	393	313	364	307	b0b0b0
	475	39	455	36	808080
	174	67	155	63	
	628	170	589	163	d0d0d0
	335	69	296	62	
	257	51	227	46	b0b0b0
	262	445	232	440	
	454	35	434	31	808080
	402	468	363	462	d0d0d0
	247	34	217	29	b0b0b0
	205	109	166	102	d0d0d0
	304	266	275	261	b0b0b0
	618	371	598	368	808080
	506	440	487	437	
	221	256	202	252	
	393	442	373	438	
	282	188	263	185	
	487	105	467	102	
	187	22	168	18	
	621	59	602	56	
	439	90	419	86	
	229	153	199	147	b0b0b0
	370	36	350	32	808080
	592	0	592	393	002850
	128	58	608	58	
draw	355	229	387	256	/sprites/501.SMIV/19
rect	128	393	608	480	007fff
		394		479	000810
	132	398	139	409	
tint	132	398	139	409	007fff	/fonts/tactical/59
rect	139	398	146	409	000810
tint	139	398	146	409	007fff	/fonts/tactical/6f
rect	146	398	153	409	000810
tint	146	398	153	409	007fff	/fonts/tactical/75
rect	153	398	160	409	000810
tint	153	398	160	409	007fff	/fonts/tactical/72
rect	160	398	167	409	000810
tint	160	398	167	409	007fff	/fonts/tactical/20
rect	167	398	174	409	000810
tint	167	398	174	409	007fff	/fonts/tactical/77
rect	174	398	181	409	000810
tint	174	398	181	409	007fff	/fonts/tactical/65
rect	181	398	188	409	000810
tint	181	398	188	409	007fff	/fonts/tactical/61
rect	188	398	195	409	000810
tint	188	398	195	409	007fff	/fonts/tactical/70
rect	195	398	202	409	000810
tint	195	398	202	409	007fff	/fonts/tactical/6f
rect	202	398	209	409	000810
tint	202	398	209	409	007fff	/fonts/tactical/6e
rect	209	398	216	409	000810
tint	209	398	216	409	007fff	/fonts/tactical/73
rect	216	398	223	409	000810
tint	216	398	223	409	007fff	/fonts/tactical/20
rect	223	398	230	409	000810
tint	223	398	230	409	007fff	/fonts/tactical/61
rect	230	398	237	409	000810
tint	230	398	237	409	007fff	/fonts/tactical/72
rect	237	398	244	409	000810
tint	237	398	244	409	007fff	/fonts/tactical/65
rect	244	398	251	409	000810
tint	244	398	251	409	007fff	/fonts/tactical/20
rect	251	398	258	409	000810
tint	251	398	258	409	007fff	/fonts/tactical/6e
rect	258	398	265	409	000810
tint	258	398	265	409	007fff	/fonts/tactical/6f
rect	265	398	272	409	000810
tint	265	398	272	409	007fff	/fonts/tactical/77
rect	272	398	279	409	000810
tint	272	398	279	409	007fff	/fonts/tactical/20
rect	279	398	286	409	000810
tint	279	398	286	409	007fff	/fonts/tactical/65
rect	286	398	293	409	000810
tint	286	398	293	409	007fff	/fonts/tactical/6e
rect	293	398	300	409	000810
tint	293	398	300	409	007fff	/fonts/tactical/61
rect	300	398	307	409	000810
tint	300	398	307	409	007fff	/fonts/tactical/62
rect	307	398	314	409	000810
tint	307	398	314	409	007fff	/fonts/tactical/6c
rect	314	398	321	409	000810
tint	314	398	321	409	007fff	/fonts/tactical/65
rect	321	398	328	409	000810
tint	321	398	328	409	007fff	/fonts/tactical/64
rect	328	398	335	409	000810
tint	328	398	335	409	007fff	/fonts/tactical/2e
rect	335	398	604	409	000810
	132	409		420	
		420	139	431	
tint	132	420	139	431	007fff	/fonts/tactical/54
rect	139	420	146	431	000810
tint	139	420	146	431	007fff	/fonts/tactical/68
rect	146	420	153	431	000810
tint	146	420	153	431	007fff	/fonts/tactical/65
rect	153	420	160	431	000810
tint	153	420	160	431	007fff	/fonts/tactical/20
rect	160	420	167	431	007fff
tint	160	420	167	431	000810	/fonts/tactical/20
rect	167	420	174	431	007fff
tint	167	420	174	431	000810	/fonts/tactical/4c
rect	174	420	181	431	007fff
tint	174	420	181	431	000810	/fonts/tactical/45
rect	181	420	188	431	007fff
tint	181	420	188	431	000810	/fonts/tactical/46
rect	188	420	195	431	007fff
tint	188	420	195	431	000810	/fonts/tactical/54
rect	195	420	202	431	007fff
tint	195	420	202	431	000810	/fonts/tactical/20
rect	202	420	209	431	007fff
tint	202	420	209	431	000810	/fonts/tactical/4f
rect	209	420	216	431	007fff
tint	209	420	216	431	000810	/fonts/tactical/50
rect	216	420	223	431	007fff
tint	216	420	223	431	000810	/fonts/tactical/54
rect	223	420	230	431	007fff
tint	223	420	230	431	000810	/fonts/tactical/49
rect	230	420	237	431	007fff
tint	230	420	237	431	000810	/fonts/tactical/4f
rect	237	420	244	431	007fff
tint	237	420	244	431	000810	/fonts/tactical/4e
rect	244	420	251	431	007fff
tint	244	420	251	431	000810	/fonts/tactical/20
rect	251	420	258	431	000810
tint	251	420	258	431	007fff	/fonts/tactical/20
rect	258	420	265	431	000810
tint	258	420	265	431	007fff	/fonts/tactical/6b
rect	265	420	272	431	000810
tint	265	420	272	431	007fff	/fonts/tactical/65
rect	272	420	279	431	000810
tint	272	420	279	431	007fff	/fonts/tactical/79
rect	279	420	286	431	000810
tint	279	420	286	431	007fff	/fonts/tactical/20
rect	286	420	293	431	000810
tint	286	420	293	431	007fff	/fonts/tactical/77
rect	293	420	300	431	000810
tint	293	420	300	431	007fff	/fonts/tactical/69
rect	300	420	307	431	000810
tint	300	420	307	431	007fff	/fonts/tactical/6c
rect	307	420	314	431	000810
tint	307	420	314	431	007fff	/fonts/tactical/6c
rect	314	420	321	431	000810
tint	314	420	321	431	007fff	/fonts/tactical/20
rect	321	420	328	431	000810
tint	321	420	328	431	007fff	/fonts/tactical/66
rect	328	420	335	431	000810
tint	328	420	335	431	007fff	/fonts/tactical/69
rect	335	420	342	431	000810
tint	335	420	342	431	007fff	/fonts/tactical/72
rect	342	420	349	431	000810
tint	342	420	349	431	007fff	/fonts/tactical/65
rect	349	420	356	431	000810
tint	349	420	356	431	007fff	/fonts/tactical/20
rect	356	420	363	431	000810
tint	356	420	363	431	007fff	/fonts/tactical/79
rect	363	420	370	431	000810
tint	363	420	370	431	007fff	/fonts/tactical/6f
rect	370	420	377	431	000810
tint	370	420	377	431	007fff	/fonts/tactical/75
rect	377	420	384	431	000810
tint	377	420	384	431	007fff	/fonts/tactical/72
rect	384	420	391	431	000810
tint	384	420	391	431	007fff	/fonts/tactical/20
rect	391	420	398	431	000810
tint	391	420	398	431	007fff	/fonts/tactical/70
rect	398	420	405	431	000810
tint	398	420	405	431	007fff	/fonts/tactical/75
rect	405	420	412	431	000810
tint	405	420	412	431	007fff	/fonts/tactical/6c
rect	412	420	419	431	000810
tint	412	420	419	431	007fff	/fonts/tactical/73
rect	419	420	426	431	000810
tint	419	420	426	431	007fff	/fonts/tactical/65
rect	426	420	433	431	000810
tint	426	420	433	431	007fff	/fonts/tactical/20
rect	433	420	441	431	007fff
line	171	213	183	222	489048
			185	208	
	183	222			204020
draw	0	0	128	480	/pictures/501.png
	608		640		/pictures/512.png
tint	29	159	35	171	ff0000	/fonts/computer/30
	35		41			/fonts/computer/35
	41		47			/fonts/computer/30
line	614	456	614	359	007fff
		359	622		
	622			456	00488f
		456	614		
rect	615	360	622	456	0070e0
line	614	248	614	231	909048
		231	622		
	622			248	505028
		248	614		
rect	615	232	622	248	707038
line	614	328	614	249	ffff7f
		249	622		
	622			328	909048
		328	614		
rect	615	250	622	328	e0e070
line	614	200	614	103	ff7f7f
		103	622		
	622			200	904848
		200	614		
rect	615	104	622	200	e07070
	634	49	636	52	183018
		53		56	
		57		60	
		61		64	
		65		68	
		69		72	
		73		76	
		77		80	
		81		84	
		85		88	
		89		92	
		93		96	
		97		100	
		101		104	
		105		108	
		109		112	
		113		116	
		117		120	
		121		124	
		125		128	
		129		132	
		133		136	
		137		140	
		141		144	
		145		148	
		149		152	
		153		156	
		157		160	
		161		164	
		165		168	
		169		172	
		173		176	
		177		180	
		181		184	
		185		188	
		189		192	
		193		196	
		197		200	
		201		204	
		205		208	
		209		212	
		213		216	
		217		220	
		221		224	
		225		228	
		229		232	
		233		236	
		237		240	
		241		244	
		245		248	
		249		252	
		253		256	
		257		260	
		261		264	
		265		268	
		269		272	
		273		276	
		277		280	
		281		284	
		285		288	
		289		292	
		293		296	
		297		300	
		301		304	
		305		308	
		309		312	
		313		316	
		317		320	
		321		324	
		325		328	
		329		332	
		333		336	
		337		340	
		341		344	
		345		348	
		349		352	
		353		356	
		357		360	
		361		364	
		365		368	
		369		372	
		373		376	
		377		380	
		381		384	
		385		388	
		389		392	
		393		396	
		397		400	
		401		404	
		405		408	
		409		412	
		413		416	
		417		420	
		421		424	
		425		428	
		429		432	
		433		436	
		437		440	
		441		444	
		445		448	
	621	52	631	56	303000
		57		61	
		62		66	
		67		71	
		72		76	
		77		81	
		82		86	
	7	7	115	115	00ff00
	8	8	114	114	001000
	57	57	65	65	003000
	12	320	121	440	001000
line	12	330	119	330	009000
tint	15	320	21	332	00ff00	/fonts/computer/4d
	21		27			/fonts/computer/45
	27		33			/fonts/computer/53
	33		39			
	39		45			/fonts/computer/41
	45		51			/fonts/computer/47
	51		57			/fonts/computer/45
	57		63			/fonts/computer/53
line	12	343	12	332	009000
		332	120		
	120			343	005000
		343	12		
rect	13	333	120	343	007000
tint	15	332	21	344	00ff00	/fonts/computer/4e
	21		27			/fonts/computer/65
	27		33			/fonts/computer/78
	33		39			/fonts/computer/74
	39		45			/fonts/computer/20
	45		51			/fonts/computer/50
	51		57			/fonts/computer/61
	57		63			/fonts/computer/67
	63		69			/fonts/computer/65
	69		75			/fonts/computer/2f
	75		81			/fonts/computer/43
	81		87			/fonts/computer/6c
	87		93			/fonts/computer/65
	93		99			/fonts/computer/61
	99		105			/fonts/computer/72
	15	344	21	356		/fonts/computer/50
	21		27			/fonts/computer/72
	27		33			/fonts/computer/65
	33		39			/fonts/computer/76
	39		45			/fonts/computer/69
	45		51			/fonts/computer/6f
	51		57			/fonts/computer/75
	57		63			/fonts/computer/73
	63		69			/fonts/computer/20
	69		75			/fonts/computer/50
	75		81			/fonts/computer/61
	81		87			/fonts/computer/67
	87		93			/fonts/computer/65
	15	356	21	368		/fonts/computer/4c
	21		27			/fonts/computer/61
	27		33			/fonts/computer/73
	33		39			/fonts/computer/74
	39		45			/fonts/computer/20
	45		51			/fonts/computer/4d
	51		57			/fonts/computer/65
	57		63			/fonts/computer/73
	63		69			
	69		75			/fonts/computer/61
	75		81			/fonts/computer/67
	81		87			/fonts/computer/65
line	12	438	119	438	009000
rect	16	450	114	475	001010
line	17	461	17	450	00c0c0
		450	43		
	43			461	007070
		461	17		
rect	18	451	43	461	009090
tint	19	450	25	462	00ffff	/fonts/computer/52
	25		31			/fonts/computer/47
	31		37			/fonts/computer/48
	37		43			/fonts/computer/54
	43		49			/fonts/computer/20
	49		55			/fonts/computer/45
	55		61			/fonts/computer/78
	61		67			/fonts/computer/65
	67		73			/fonts/computer/63
	73		79			/fonts/computer/75
	79		85			/fonts/computer/74
	85		91			/fonts/computer/65
line	17	473	17	462	00c0c0
		462	43		
	43			473	007070
		473	17		
rect	18	463	43	473	009090
tint	19	462	25	474	00ffff	/fonts/computer/4c
	25		31			/fonts/computer/45
	31		37			/fonts/computer/46
	37		43			/fonts/computer/54
	43		49			/fonts/computer/20
	49		55			/fonts/computer/4d
	55		61			/fonts/computer/61
	61		67			/fonts/computer/69
	67		73			/fonts/computer/6e
	73		79			/fonts/computer/20
	79		85			/fonts/computer/4d
	85		91			/fonts/computer/65
	91		97			/fonts/computer/6e
	97		103			/fonts/computer/75
line	12	191	12	180	ffff00
		180	120		
	120			191	909000
		191	12		
rect	13	181	120	191	c0c000
tint	15	180	21	192	000000	/fonts/computer/43
	21		27			/fonts/computer/4f
	27		33			/fonts/computer/4e
	33		39			/fonts/computer/54
	39		45			/fonts/computer/52
	45		51			/fonts/computer/4f
	51		57			/fonts/computer/4c
line	14	204	35	204	489048
			14	205	
	35		35		
	14	225		225	
			14	224	
	35		35		
	12	263	12	252	007fff
		252	120		
	120			263	00488f
		263	12		
rect	13	253	120	263	0060c0
tint	15	252	21	264	000000	/fonts/computer/54
	21		27			/fonts/computer/41
	27		33			/fonts/computer/52
	33		39			/fonts/computer/47
	39		45			/fonts/computer/45
	45		51			/fonts/computer/54
line	14	276	35	276	489048
			14	277	
	35		35		
	14	297		297	
			14	296	
	35		35		
