line	251	62	261	90	b0b0b0
	509	405	523	442	d0d0d0
	232	-8	242	20	b0b0b0
	144	153	158	190	d0d0d0
	228	37	235	56	808080
	268	283	278	311	b0b0b0
	171	267	177	286	808080
	267	391	274	409	
	313	126	320	145	
	499	413	509	442	b0b0b0
	162	67	172	95	
	293	296	300	314	808080
	409	294	416	313	
	433	158	443	186	b0b0b0
	493	320	503	348	
	360	63	374	101	d0d0d0
	160	263	167	282	808080
	228	388	234	407	
	240	83	250	111	b0b0b0
	165	204	172	223	808080
	513	364	527	402	d0d0d0
	557	169	564	187	808080
	485	40	495	68	b0b0b0
	170	247	184	284	d0d0d0
	284	248	298	285	
	550	79	560	107	b0b0b0
	366	7	372	26	808080
	551	207	558	226	
	217	81	227	109	b0b0b0
	296	326	306	354	
	537	215	544	234	808080
	164	258	170	277	
	447	-9	457	19	b0b0b0
	300	201	314	239	d0d0d0
	203	174	213	202	b0b0b0
	379	420	389	449	
	199	66	206	85	808080
	184	-16	190	3	
	235	360	245	388	b0b0b0
	577	124	584	142	808080
	412	223	426	261	d0d0d0
	409	232	416	251	808080
	391	300	398	318	
	376	154	383	172	
	279	7	293	45	d0d0d0
	349	304	356	323	808080
	450	115	457	134	
	369	206	379	235	b0b0b0
	406	11	420	49	d0d0d0
	590	364	597	383	808080
	252	319	259	337	
	211	241	217	260	
	547	153	554	172	
	510	378	524	416	d0d0d0
	309	125	319	153	b0b0b0
	329	377	343	415	d0d0d0
	405	319	415	347	b0b0b0
	466	298	480	336	d0d0d0
	138	248	144	267	808080
	531	455	538	474	
	365	264	371	283	
	420	316	430	344	b0b0b0
	523	248	529	267	808080
	401	431	408	450	
	375	140	389	177	d0d0d0
	475	263	481	282	808080
	557	211	564	230	
	434	207	441	226	
	497	167	504	186	
	236	227	242	246	
	118	-17	128	12	b0b0b0
	246	161	253	180	808080
	274	170	281	188	
	567	250	573	269	
	306	254	313	273	
	291	49	298	68	
	321	13	327	32	
	480	-9	486	9	
	532	387	539	405	
	452	126	462	154	b0b0b0
	177	-11	183	8	808080
	147	19	154	38	
	413	388	424	416	b0b0b0
	560	111	566	130	808080
	180	375	191	403	b0b0b0
	584	355	595	383	
	366	390	377	418	
	418	233	425	252	808080
	163	14	170	33	
	175	166	182	185	
	549	245	563	282	d0d0d0
	230	355	237	374	808080
	547	111	557	139	b0b0b0
	593	66	607	103	d0d0d0
	463	203	469	222	808080
	310	149	320	177	b0b0b0
	191	44	198	63	808080
	389	385	403	422	d0d0d0
	539	317	546	335	808080
	221	50	228	68	
	287	198	294	217	
	162	-25	172	3	b0b0b0
	382	239	392	267	
	143	413	153	442	
	204	12	210	31	808080
	244	93	254	121	b0b0b0
	132	400	146	437	d0d0d0
	488	51	502	89	
	167	341	177	369	b0b0b0
	291	177	305	214	d0d0d0
	560	140	570	168	b0b0b0
	531	94	545	132	d0d0d0
	554	410	568	447	
	415	118	421	137	808080
	293	256	299	275	
	297	214	304	233	
	347	-26	361	12	d0d0d0
	239	129	249	157	b0b0b0
	128	304	135	322	808080
	187	33	194	52	
	264	124	274	152	b0b0b0
	335	261	345	289	
	374	203	381	222	808080
	248	0	248	448	000050
	128	12	608	12	
	131	479	140	425	00ff00
draw	353	225	381	253	/sprites/501.SMIV/11
rect	128	448	608	480	007fff
		449		479	000810
	132	453	139	464	
tint	132	453	139	464	007fff	/fonts/tactical/4e
rect	139	453	146	464	000810
tint	139	453	146	464	007fff	/fonts/tactical/6f
rect	146	453	153	464	000810
tint	146	453	153	464	007fff	/fonts/tactical/77
rect	153	453	160	464	000810
tint	153	453	160	464	007fff	/fonts/tactical/20
rect	160	453	167	464	000810
tint	160	453	167	464	007fff	/fonts/tactical/74
rect	167	453	174	464	000810
tint	167	453	174	464	007fff	/fonts/tactical/72
rect	174	453	181	464	000810
tint	174	453	181	464	007fff	/fonts/tactical/79
rect	181	453	188	464	000810
tint	181	453	188	464	007fff	/fonts/tactical/20
rect	188	453	195	464	000810
tint	188	453	195	464	007fff	/fonts/tactical/74
rect	195	453	202	464	000810
tint	195	453	202	464	007fff	/fonts/tactical/68
rect	202	453	209	464	000810
tint	202	453	209	464	007fff	/fonts/tactical/65
rect	209	453	216	464	000810
tint	209	453	216	464	007fff	/fonts/tactical/20
rect	216	453	223	464	000810
tint	216	453	223	464	007fff	/fonts/tactical/62
rect	223	453	230	464	000810
tint	223	453	230	464	007fff	/fonts/tactical/65
rect	230	453	237	464	000810
tint	230	453	237	464	007fff	/fonts/tactical/61
rect	237	453	244	464	000810
tint	237	453	244	464	007fff	/fonts/tactical/6d
rect	244	453	251	464	000810
tint	244	453	251	464	007fff	/fonts/tactical/20
rect	251	453	258	464	000810
tint	251	453	258	464	007fff	/fonts/tactical/63
rect	258	453	265	464	000810
tint	258	453	265	464	007fff	/fonts/tactical/61
rect	265	453	272	464	000810
tint	265	453	272	464	007fff	/fonts/tactical/6e
rect	272	453	279	464	000810
tint	272	453	279	464	007fff	/fonts/tactical/6e
rect	279	453	286	464	000810
tint	279	453	286	464	007fff	/fonts/tactical/6f
rect	286	453	293	464	000810
tint	286	453	293	464	007fff	/fonts/tactical/6e
rect	293	453	300	464	000810
tint	293	453	300	464	007fff	/fonts/tactical/20
rect	300	453	307	464	000810
tint	300	453	307	464	007fff	/fonts/tactical/75
rect	307	453	314	464	000810
tint	307	453	314	464	007fff	/fonts/tactical/73
rect	314	453	321	464	000810
tint	314	453	321	464	007fff	/fonts/tactical/69
rect	321	453	328	464	000810
tint	321	453	328	464	007fff	/fonts/tactical/6e
rect	328	453	335	464	000810
tint	328	453	335	464	007fff	/fonts/tactical/67
rect	335	453	342	464	000810
tint	335	453	342	464	007fff	/fonts/tactical/20
rect	342	453	349	464	000810
tint	342	453	349	464	007fff	/fonts/tactical/74
rect	349	453	356	464	000810
tint	349	453	356	464	007fff	/fonts/tactical/68
rect	356	453	363	464	000810
tint	356	453	363	464	007fff	/fonts/tactical/65
rect	363	453	370	464	000810
tint	363	453	370	464	007fff	/fonts/tactical/20
rect	370	453	377	464	007fff
tint	370	453	377	464	000810	/fonts/tactical/20
rect	377	453	384	464	007fff
tint	377	453	384	464	000810	/fonts/tactical/4c
rect	384	453	391	464	007fff
tint	384	453	391	464	000810	/fonts/tactical/45
rect	391	453	398	464	007fff
tint	391	453	398	464	000810	/fonts/tactical/46
rect	398	453	405	464	007fff
tint	398	453	405	464	000810	/fonts/tactical/54
rect	405	453	412	464	007fff
tint	405	453	412	464	000810	/fonts/tactical/20
rect	412	453	419	464	007fff
tint	412	453	419	464	000810	/fonts/tactical/43
rect	419	453	426	464	007fff
tint	419	453	426	464	000810	/fonts/tactical/4f
rect	426	453	433	464	007fff
tint	426	453	433	464	000810	/fonts/tactical/4d
rect	433	453	440	464	007fff
tint	433	453	440	464	000810	/fonts/tactical/4d
rect	440	453	447	464	007fff
tint	440	453	447	464	000810	/fonts/tactical/41
rect	447	453	454	464	007fff
tint	447	453	454	464	000810	/fonts/tactical/4e
rect	454	453	461	464	007fff
tint	454	453	461	464	000810	/fonts/tactical/44
rect	461	453	468	464	007fff
tint	461	453	468	464	000810	/fonts/tactical/20
rect	468	453	475	464	000810
tint	468	453	475	464	007fff	/fonts/tactical/20
rect	475	453	482	464	000810
tint	475	453	482	464	007fff	/fonts/tactical/6b
rect	482	453	489	464	000810
tint	482	453	489	464	007fff	/fonts/tactical/65
rect	489	453	496	464	000810
tint	489	453	496	464	007fff	/fonts/tactical/79
rect	496	453	503	464	000810
tint	496	453	503	464	007fff	/fonts/tactical/2e
rect	503	453	604	464	000810
	132	464	139	475	007fff
tint	132	464	139	475	000810	/fonts/tactical/20
rect	139	464	146	475	007fff
tint	139	464	146	475	000810	/fonts/tactical/5b
rect	146	464	153	475	007fff
tint	146	464	153	475	000810	/fonts/tactical/6d
rect	153	464	160	475	007fff
tint	153	464	160	475	000810	/fonts/tactical/6f
rect	160	464	167	475	007fff
tint	160	464	167	475	000810	/fonts/tactical/72
rect	167	464	174	475	007fff
tint	167	464	174	475	000810	/fonts/tactical/65
rect	174	464	181	475	007fff
tint	174	464	181	475	000810	/fonts/tactical/5d
rect	181	464	188	475	007fff
tint	181	464	188	475	000810	/fonts/tactical/20
rect	188	464	195	475	000810
tint	188	464	195	475	007fff	/fonts/tactical/20
rect	195	464	604	475	000810
line	442	425	444	410	489048
			430	416	
	444	410			204020
draw	0	0	128	480	/pictures/501.png
	608		640		/pictures/512.png
tint	29	159	35	171	ff0000	/fonts/computer/30
	35		41			/fonts/computer/34
	41		47			/fonts/computer/36
line	614	456	614	359	007fff
		359	622		
	622			456	00488f
		456	614		
rect	615	360	622	456	0070e0
line	614	258	614	231	909048
		231	622		
	622			258	505028
		258	614		
rect	615	232	622	258	707038
line	614	328	614	259	ffff7f
		259	622		
	622			328	909048
		328	614		
rect	615	260	622	328	e0e070
line	614	200	614	103	ff7f7f
		103	622		
	622			200	904848
		200	614		
rect	615	104	622	200	e07070
	634	49	636	52	183018
		53		56	
		57		60	
		61		64	
		65		68	
		69		72	
		73		76	
		77		80	
		81		84	
		85		88	
		89		92	
		93		96	
		97		100	
		101		104	
		105		108	
		109		112	
		113		116	
		117		120	
		121		124	
		125		128	
		129		132	
		133		136	
		137		140	
		141		144	
		145		148	
		149		152	
		153		156	
		157		160	
		161		164	
		165		168	
		169		172	
		173		176	
		177		180	
		181		184	
		185		188	
		189		192	
		193		196	
		197		200	
		201		204	
		205		208	
		209		212	
		213		216	
		217		220	
		221		224	
		225		228	
		229		232	
		233		236	
		237		240	
		241		244	
		245		248	
		249		252	
		253		256	
		257		260	
		261		264	
		265		268	
		269		272	
		273		276	
		277		280	
		281		284	
		285		288	
		289		292	
		293		296	
		297		300	
		301		304	
		305		308	
		309		312	
		313		316	
		317		320	
		321		324	
		325		328	
		329		332	
		333		336	
		337		340	
		341		344	
		345		348	
		349		352	
		353		356	
		357		360	
		361		364	
		365		368	
		369		372	
		373		376	
		377		380	
		381		384	
		385		388	
		389		392	
		393		396	
		397		400	
		401		404	
		405		408	
		409		412	
		413		416	
		417		420	
		421		424	
		425		428	
		429		432	
		433		436	
		437		440	
		441		444	
		445		448	
	621	52	631	56	303000
		57		61	
		62		66	
		67		71	
		72		76	
		77		81	
		82		86	
	7	7	115	115	00ff00
	8	8	114	114	001000
	57	57	65	65	003000
point	57	65	00e000
rect	12	320	121	440	001000
line	12	330	119	330	009000
tint	15	320	21	332	00ff00	/fonts/computer/4d
	21		27			/fonts/computer/45
	27		33			/fonts/computer/53
	33		39			
	39		45			/fonts/computer/41
	45		51			/fonts/computer/47
	51		57			/fonts/computer/45
	57		63			/fonts/computer/53
line	12	343	12	332	009000
		332	120		
	120			343	005000
		343	12		
rect	13	333	120	343	007000
tint	15	332	21	344	00ff00	/fonts/computer/4e
	21		27			/fonts/computer/65
	27		33			/fonts/computer/78
	33		39			/fonts/computer/74
	39		45			/fonts/computer/20
	45		51			/fonts/computer/50
	51		57			/fonts/computer/61
	57		63			/fonts/computer/67
	63		69			/fonts/computer/65
	69		75			/fonts/computer/2f
	75		81			/fonts/computer/43
	81		87			/fonts/computer/6c
	87		93			/fonts/computer/65
	93		99			/fonts/computer/61
	99		105			/fonts/computer/72
	15	344	21	356		/fonts/computer/50
	21		27			/fonts/computer/72
	27		33			/fonts/computer/65
	33		39			/fonts/computer/76
	39		45			/fonts/computer/69
	45		51			/fonts/computer/6f
	51		57			/fonts/computer/75
	57		63			/fonts/computer/73
	63		69			/fonts/computer/20
	69		75			/fonts/computer/50
	75		81			/fonts/computer/61
	81		87			/fonts/computer/67
	87		93			/fonts/computer/65
	15	356	21	368		/fonts/computer/4c
	21		27			/fonts/computer/61
	27		33			/fonts/computer/73
	33		39			/fonts/computer/74
	39		45			/fonts/computer/20
	45		51			/fonts/computer/4d
	51		57			/fonts/computer/65
	57		63			/fonts/computer/73
	63		69			
	69		75			/fonts/computer/61
	75		81			/fonts/computer/67
	81		87			/fonts/computer/65
line	12	438	119	438	009000
rect	16	450	114	475	001010
line	17	461	17	450	00c0c0
		450	43		
	43			461	007070
		461	17		
rect	18	451	43	461	009090
tint	19	450	25	462	00ffff	/fonts/computer/52
	25		31			/fonts/computer/47
	31		37			/fonts/computer/48
	37		43			/fonts/computer/54
	43		49			/fonts/computer/20
	49		55			/fonts/computer/45
	55		61			/fonts/computer/78
	61		67			/fonts/computer/65
	67		73			/fonts/computer/63
	73		79			/fonts/computer/75
	79		85			/fonts/computer/74
	85		91			/fonts/computer/65
line	17	473	17	462	00c0c0
		462	43		
	43			473	007070
		473	17		
rect	18	463	43	473	009090
tint	19	462	25	474	00ffff	/fonts/computer/4c
	25		31			/fonts/computer/45
	31		37			/fonts/computer/46
	37		43			/fonts/computer/54
	43		49			/fonts/computer/20
	49		55			/fonts/computer/4d
	55		61			/fonts/computer/61
	61		67			/fonts/computer/69
	67		73			/fonts/computer/6e
	73		79			/fonts/computer/20
	79		85			/fonts/computer/4d
	85		91			/fonts/computer/65
	91		97			/fonts/computer/6e
	97		103			/fonts/computer/75
line	12	191	12	180	ffff00
		180	120		
	120			191	909000
		191	12		
rect	13	181	120	191	c0c000
tint	15	180	21	192	000000	/fonts/computer/43
	21		27			/fonts/computer/4f
	27		33			/fonts/computer/4e
	33		39			/fonts/computer/54
	39		45			/fonts/computer/52
	45		51			/fonts/computer/4f
	51		57			/fonts/computer/4c
line	14	204	35	204	489048
			14	205	
	35		35		
	14	225		225	
			14	224	
	35		35		
	12	263	12	252	007fff
		252	120		
	120			263	00488f
		263	12		
rect	13	253	120	263	0060c0
tint	15	252	21	264	000000	/fonts/computer/54
	21		27			/fonts/computer/41
	27		33			/fonts/computer/52
	33		39			/fonts/computer/47
	39		45			/fonts/computer/45
	45		51			/fonts/computer/54
line	14	276	35	276	489048
			14	277	
	35		35		
	14	297		297	
			14	296	
	35		35		
