line	130	334	142	318	808080
	154	178	167	163	
	176	67	201	37	d0d0d0
	302	439	321	416	b0b0b0
	417	477	436	454	
	114	78	139	48	d0d0d0
	285	146	298	131	808080
	446	168	459	152	
	335	428	348	413	
	180	264	193	248	
	220	103	233	87	
	225	486	238	470	
	358	324	377	301	b0b0b0
	521	196	533	181	808080
	252	490	264	475	
	159	63	178	40	b0b0b0
	439	190	459	167	
	556	227	569	211	808080
	359	167	385	136	d0d0d0
	150	353	169	330	b0b0b0
	389	144	402	129	808080
	281	360	293	345	
	349	286	368	263	b0b0b0
	220	44	239	21	
	326	186	339	170	808080
	247	172	266	149	b0b0b0
	359	419	378	396	
	589	273	615	242	d0d0d0
	180	365	193	349	808080
	526	72	551	42	d0d0d0
	282	460	295	445	808080
	323	360	336	344	
	511	314	530	291	b0b0b0
	468	357	487	334	
	489	451	508	428	
	492	129	505	113	808080
	438	398	457	375	b0b0b0
	294	281	306	266	808080
	323	193	348	162	d0d0d0
	295	265	314	242	b0b0b0
	414	403	427	388	808080
	321	465	334	450	
	383	398	396	383	
	251	454	271	431	b0b0b0
	205	346	231	316	d0d0d0
	120	150	145	120	
	237	437	250	421	808080
	512	131	525	115	
	210	68	222	53	
	243	76	255	61	
	219	377	232	361	
	390	473	415	442	d0d0d0
	195	353	214	330	b0b0b0
	197	354	223	323	d0d0d0
	523	401	549	370	
	377	470	402	439	
	435	30	461	-1	
	415	368	428	352	808080
	115	165	140	135	d0d0d0
	118	375	130	359	808080
	421	485	447	454	d0d0d0
	121	438	133	422	808080
	307	178	326	155	b0b0b0
	199	261	218	238	
	503	246	516	230	808080
	323	353	349	323	d0d0d0
	403	323	416	307	808080
	414	213	427	197	
	293	241	312	218	b0b0b0
	554	384	580	353	d0d0d0
	272	185	298	154	
	433	419	459	388	
	505	167	531	136	
	356	178	369	163	808080
	125	346	144	323	b0b0b0
	563	34	589	3	d0d0d0
	384	94	397	78	808080
	335	243	354	220	b0b0b0
	275	487	300	457	d0d0d0
	137	350	156	327	b0b0b0
	424	298	437	283	808080
	230	62	242	47	
	292	190	318	159	d0d0d0
	157	238	170	223	808080
	127	108	140	92	
	319	22	338	-1	b0b0b0
	401	350	421	327	
	461	445	486	415	d0d0d0
	204	376	217	361	808080
	506	46	519	31	
	337	504	363	474	d0d0d0
	257	489	282	459	
	508	131	520	116	808080
	421	437	441	414	b0b0b0
	417	295	430	279	808080
	144	425	157	410	
	546	286	565	263	b0b0b0
	567	424	593	393	d0d0d0
	204	490	217	475	808080
	139	45	158	22	b0b0b0
	449	428	475	397	d0d0d0
	375	294	401	263	
	311	335	330	312	b0b0b0
	107	373	133	343	d0d0d0
	147	244	160	229	808080
	176	389	195	366	b0b0b0
	311	206	330	183	
	370	412	389	389	
	471	376	490	353	
	480	402	499	379	
	244	240	263	217	
	303	470	315	455	808080
	392	448	417	417	d0d0d0
	566	472	585	449	b0b0b0
	358	216	377	193	
	330	0	330	480	000050
	128	283	608	283	005000
	612	250	563	274	00ff00
draw	351	229	383	258	/sprites/501.SMIV/3
dither	138	159	431	242	001830
tint	142	163	149	174	000000	/fonts/tactical/54
	140	161	147	172		
	141	162	148	173	007fff	
line	490	83	476	88	489048
			488	98	
	476	88			204020
draw	0	0	128	480	/pictures/501.png
	608		640		/pictures/512.png
tint	29	159	35	171	ff0000	/fonts/computer/30
	35		41			/fonts/computer/34
	41		47			/fonts/computer/36
line	614	456	614	359	007fff
		359	622		
	622			456	00488f
		456	614		
rect	615	360	622	456	0070e0
line	614	261	614	231	909048
		231	622		
	622			261	505028
		261	614		
rect	615	232	622	261	707038
line	614	328	614	262	ffff7f
		262	622		
	622			328	909048
		328	614		
rect	615	263	622	328	e0e070
line	614	200	614	103	ff7f7f
		103	622		
	622			200	904848
		200	614		
rect	615	104	622	200	e07070
	634	49	636	52	183018
		53		56	
		57		60	
		61		64	
		65		68	
		69		72	
		73		76	
		77		80	
		81		84	
		85		88	
		89		92	
		93		96	
		97		100	
		101		104	
		105		108	
		109		112	
		113		116	
		117		120	
		121		124	
		125		128	
		129		132	
		133		136	
		137		140	
		141		144	
		145		148	
		149		152	
		153		156	
		157		160	
		161		164	
		165		168	
		169		172	
		173		176	
		177		180	
		181		184	
		185		188	
		189		192	
		193		196	
		197		200	
		201		204	
		205		208	
		209		212	
		213		216	
		217		220	
		221		224	
		225		228	
		229		232	
		233		236	
		237		240	
		241		244	
		245		248	
		249		252	
		253		256	
		257		260	
		261		264	
		265		268	
		269		272	
		273		276	
		277		280	
		281		284	
		285		288	
		289		292	
		293		296	
		297		300	
		301		304	
		305		308	
		309		312	
		313		316	
		317		320	
		321		324	
		325		328	
		329		332	
		333		336	
		337		340	
		341		344	
		345		348	
		349		352	
		353		356	
		357		360	
		361		364	
		365		368	
		369		372	
		373		376	
		377		380	
		381		384	
		385		388	
		389		392	
		393		396	
		397		400	
		401		404	
		405		408	
		409		412	
		413		416	
		417		420	
		421		424	
		425		428	
		429		432	
		433		436	
		437		440	
		441		444	
		445		448	
	621	52	631	56	303000
		57		61	
		62		66	
		67		71	
		72		76	
		77		81	
		82		86	
	7	7	115	115	00ff00
	8	8	114	114	001000
	57	57	65	65	003000
point	108	74	00e000
	65	61	
rect	12	320	121	440	001000
line	12	330	119	330	009000
tint	15	320	21	332	00ff00	/fonts/computer/4d
	21		27			/fonts/computer/45
	27		33			/fonts/computer/53
	33		39			
	39		45			/fonts/computer/41
	45		51			/fonts/computer/47
	51		57			/fonts/computer/45
	57		63			/fonts/computer/53
line	12	343	12	332	009000
		332	120		
	120			343	005000
		343	12		
rect	13	333	120	343	007000
tint	15	332	21	344	00ff00	/fonts/computer/4e
	21		27			/fonts/computer/65
	27		33			/fonts/computer/78
	33		39			/fonts/computer/74
	39		45			/fonts/computer/20
	45		51			/fonts/computer/50
	51		57			/fonts/computer/61
	57		63			/fonts/computer/67
	63		69			/fonts/computer/65
	69		75			/fonts/computer/2f
	75		81			/fonts/computer/43
	81		87			/fonts/computer/6c
	87		93			/fonts/computer/65
	93		99			/fonts/computer/61
	99		105			/fonts/computer/72
	15	344	21	356		/fonts/computer/50
	21		27			/fonts/computer/72
	27		33			/fonts/computer/65
	33		39			/fonts/computer/76
	39		45			/fonts/computer/69
	45		51			/fonts/computer/6f
	51		57			/fonts/computer/75
	57		63			/fonts/computer/73
	63		69			/fonts/computer/20
	69		75			/fonts/computer/50
	75		81			/fonts/computer/61
	81		87			/fonts/computer/67
	87		93			/fonts/computer/65
	15	356	21	368		/fonts/computer/4c
	21		27			/fonts/computer/61
	27		33			/fonts/computer/73
	33		39			/fonts/computer/74
	39		45			/fonts/computer/20
	45		51			/fonts/computer/4d
	51		57			/fonts/computer/65
	57		63			/fonts/computer/73
	63		69			
	69		75			/fonts/computer/61
	75		81			/fonts/computer/67
	81		87			/fonts/computer/65
line	12	438	119	438	009000
rect	16	450	114	475	001010
line	17	461	17	450	00c0c0
		450	43		
	43			461	007070
		461	17		
rect	18	451	43	461	009090
tint	19	450	25	462	00ffff	/fonts/computer/52
	25		31			/fonts/computer/47
	31		37			/fonts/computer/48
	37		43			/fonts/computer/54
	43		49			/fonts/computer/20
	49		55			/fonts/computer/45
	55		61			/fonts/computer/78
	61		67			/fonts/computer/65
	67		73			/fonts/computer/63
	73		79			/fonts/computer/75
	79		85			/fonts/computer/74
	85		91			/fonts/computer/65
line	17	473	17	462	00c0c0
		462	43		
	43			473	007070
		473	17		
rect	18	463	43	473	009090
tint	19	462	25	474	00ffff	/fonts/computer/4c
	25		31			/fonts/computer/45
	31		37			/fonts/computer/46
	37		43			/fonts/computer/54
	43		49			/fonts/computer/20
	49		55			/fonts/computer/4d
	55		61			/fonts/computer/61
	61		67			/fonts/computer/69
	67		73			/fonts/computer/6e
	73		79			/fonts/computer/20
	79		85			/fonts/computer/4d
	85		91			/fonts/computer/65
	91		97			/fonts/computer/6e
	97		103			/fonts/computer/75
line	12	191	12	180	ffff00
		180	120		
	120			191	909000
		191	12		
rect	13	181	120	191	c0c000
tint	15	180	21	192	000000	/fonts/computer/43
	21		27			/fonts/computer/4f
	27		33			/fonts/computer/4e
	33		39			/fonts/computer/54
	39		45			/fonts/computer/52
	45		51			/fonts/computer/4f
	51		57			/fonts/computer/4c
line	14	204	35	204	489048
			14	205	
	35		35		
	14	225		225	
			14	224	
	35		35		
	12	263	12	252	007fff
		252	120		
	120			263	00488f
		263	12		
rect	13	253	120	263	0060c0
tint	15	252	21	264	000000	/fonts/computer/54
	21		27			/fonts/computer/41
	27		33			/fonts/computer/52
	33		39			/fonts/computer/47
	39		45			/fonts/computer/45
	45		51			/fonts/computer/54
line	14	276	35	276	489048
			14	277	
	35		35		
	14	297		297	
			14	296	
	35		35		
	136	202	74	163	001830
		201		162	007fff
		200		161	
