line	272	331	285	369	d0d0d0
	386	427	393	446	808080
	142	276	156	314	d0d0d0
	162	412	172	441	b0b0b0
	366	302	376	330	
	130	365	136	384	808080
	473	59	480	77	
	142	434	149	453	
	346	148	352	167	
	170	281	176	300	
	468	208	478	237	b0b0b0
	537	-14	543	4	808080
	430	32	437	51	
	562	175	569	193	
	402	-13	408	5	
	296	284	310	322	d0d0d0
	339	180	349	208	b0b0b0
	211	334	225	372	d0d0d0
	137	160	144	178	808080
	513	226	523	254	b0b0b0
	203	66	210	85	808080
	144	407	151	426	
	419	249	433	286	d0d0d0
	570	87	577	105	808080
	540	312	550	340	b0b0b0
	482	280	489	299	808080
	151	323	158	342	
	510	117	520	145	b0b0b0
	313	399	323	428	
	188	360	202	398	d0d0d0
	489	368	500	396	b0b0b0
	282	404	289	423	808080
	207	259	221	296	d0d0d0
	235	40	249	78	
	125	324	138	362	
	282	408	289	427	808080
	547	440	557	468	b0b0b0
	545	374	559	411	d0d0d0
	135	-30	149	8	
	283	21	293	49	b0b0b0
	273	408	283	437	
	444	192	451	211	808080
	252	267	258	286	
	167	185	177	213	b0b0b0
	166	300	180	338	d0d0d0
	526	370	540	408	
	517	-6	524	13	808080
	505	328	518	366	d0d0d0
	359	164	365	183	808080
	539	128	545	147	
	117	251	131	289	d0d0d0
	400	433	407	452	808080
	578	424	592	461	d0d0d0
	287	340	300	378	
	399	355	405	374	808080
	571	234	578	253	
	234	344	244	372	b0b0b0
	252	201	259	220	808080
	218	299	225	318	
	319	-16	329	13	b0b0b0
	322	376	328	395	808080
	514	70	521	89	
	497	25	504	44	
	336	433	346	461	b0b0b0
	413	328	423	356	
	487	364	501	402	d0d0d0
	298	75	305	94	808080
	433	210	440	229	
	233	420	240	439	
	547	288	557	316	b0b0b0
	176	26	183	45	808080
	203	364	210	382	
	437	455	444	474	
	128	176	142	214	d0d0d0
	534	120	541	139	808080
	236	362	246	390	b0b0b0
	505	263	511	282	808080
	470	158	480	186	b0b0b0
	367	-15	374	4	808080
	272	140	279	159	
	239	104	245	123	
	561	214	568	233	
	587	411	597	440	b0b0b0
	404	453	411	472	808080
	252	256	258	275	
	553	424	567	461	d0d0d0
	523	228	530	247	808080
	485	236	495	264	b0b0b0
	403	270	410	289	808080
	333	239	343	267	b0b0b0
	224	161	238	198	d0d0d0
	465	143	471	162	808080
	213	-8	219	10	
	262	146	276	183	d0d0d0
	166	9	176	37	b0b0b0
	553	82	560	101	808080
	453	115	459	134	
	199	403	209	431	b0b0b0
	501	279	507	298	808080
	598	39	612	76	d0d0d0
	201	162	211	190	b0b0b0
	387	406	397	435	
	214	41	221	60	808080
	469	161	475	180	
	548	25	554	44	
	133	208	140	227	
	361	421	375	458	d0d0d0
	259	354	269	382	b0b0b0
	264	92	274	120	
	128	-6	135	13	808080
	572	22	579	40	
	266	273	276	301	b0b0b0
	465	296	475	324	
	168	236	178	264	
	522	288	529	307	808080
rect	248	0	249	481	000050
	128	12	609	13	
draw	353	225	381	253	/sprites/501.SMIV/11
dither	138	159	431	242	001830
crop	142	163	149	174	32	55	000000	/fonts/tactical.png
	149		156		64	66		
	156		163		40			
	163		170		0	22		
	170		177		16	66		
	177		184		40			
	184		191		8			
	191		198		104			
	198		205		0	22		
	205		212		24	66		
	212		219		8			
	219		226		112			
	226		233					
	233		240		120			
	240		247		112			
	247		254		0	22		
	254		261		72	66		
	261		268		24	77		
	268		275		0	22		
	275		282		8	66		
	282		289		112			
	289		296		0	22		
	296		303		40	66		
	303		310		112			
	310		317		40			
	317		324		16	77		
	324		331		56	66		
	331		338		72	77		
	338		345		0	22		
	345		352		56	77		
	352		359		40	66		
	359		366		8			
	366		373		0	77		
	373		380		120	66		
	380		387		112			
	387		394		96	22		
	394		401		0			
	401		408		8	66		
	408		415		112			
	415		422		32			
	140	161	147	172		55		
	147		154		64	66		
	154		161		40			
	161		168		0	22		
	168		175		16	66		
	175		182		40			
	182		189		8			
	189		196		104			
	196		203		0	22		
	203		210		24	66		
	210		217		8			
	217		224		112			
	224		231					
	231		238		120			
	238		245		112			
	245		252		0	22		
	252		259		72	66		
	259		266		24	77		
	266		273		0	22		
	273		280		8	66		
	280		287		112			
	287		294		0	22		
	294		301		40	66		
	301		308		112			
	308		315		40			
	315		322		16	77		
	322		329		56	66		
	329		336		72	77		
	336		343		0	22		
	343		350		56	77		
	350		357		40	66		
	357		364		8			
	364		371		0	77		
	371		378		120	66		
	378		385		112			
	385		392		96	22		
	392		399		0			
	399		406		8	66		
	406		413		112			
	413		420		32			
	141	162	148	173		55	007fff	
	148		155		64	66		
	155		162		40			
	162		169		0	22		
	169		176		16	66		
	176		183		40			
	183		190		8			
	190		197		104			
	197		204		0	22		
	204		211		24	66		
	211		218		8			
	218		225		112			
	225		232					
	232		239		120			
	239		246		112			
	246		253		0	22		
	253		260		72	66		
	260		267		24	77		
	267		274		0	22		
	274		281		8	66		
	281		288		112			
	288		295		0	22		
	295		302		40	66		
	302		309		112			
	309		316		40			
	316		323		16	77		
	323		330		56	66		
	330		337		72	77		
	337		344		0	22		
	344		351		56	77		
	351		358		40	66		
	358		365		8			
	365		372		0	77		
	372		379		120	66		
	379		386		112			
	386		393		96	22		
	393		400		0			
	400		407		8	66		
	407		414		112			
	414		421		32			
	142	174	149	185		77	000000	
	149		156		64	66		
	156		163		40			
	163		170		16	77		
	170		177		40	66		
	177		184		48			
	184		191		120			
	191		198		16	77		
	198		205		40	66		
	205		212		0	22		
	212		219		32	66		
	219		226		120			
	226		233		40			
	233		240		24	77		
	240		247		0	22		
	247		254		112	66		
	254		261		120			
	261		268		32	77		
	268		275		0	22		
	275		282		64	66		
	282		289		8			
	289		296		48	77		
	296		303		40	66		
	303		310		0	22		
	310		317		8	66		
	317		324		112			
	324		331		0	22		
	331		338		8	66		
	338		345		104			
	345		352					
	352		359		120			
	359		366		0	22		
	366		373		24	66		
	373		380		120			
	380		387		40	77		
	387		394		112	66		
	394		401		32	77		
	401		408		112	22		
	140	172	147	183	32	77		
	147		154		64	66		
	154		161		40			
	161		168		16	77		
	168		175		40	66		
	175		182		48			
	182		189		120			
	189		196		16	77		
	196		203		40	66		
	203		210		0	22		
	210		217		32	66		
	217		224		120			
	224		231		40			
	231		238		24	77		
	238		245		0	22		
	245		252		112	66		
	252		259		120			
	259		266		32	77		
	266		273		0	22		
	273		280		64	66		
	280		287		8			
	287		294		48	77		
	294		301		40	66		
	301		308		0	22		
	308		315		8	66		
	315		322		112			
	322		329		0	22		
	329		336		8	66		
	336		343		104			
	343		350					
	350		357		120			
	357		364		0	22		
	364		371		24	66		
	371		378		120			
	378		385		40	77		
	385		392		112	66		
	392		399		32	77		
	399		406		112	22		
	141	173	148	184	32	77	007fff	
	148		155		64	66		
	155		162		40			
	162		169		16	77		
	169		176		40	66		
	176		183		48			
	183		190		120			
	190		197		16	77		
	197		204		40	66		
	204		211		0	22		
	211		218		32	66		
	218		225		120			
	225		232		40			
	232		239		24	77		
	239		246		0	22		
	246		253		112	66		
	253		260		120			
	260		267		32	77		
	267		274		0	22		
	274		281		64	66		
	281		288		8			
	288		295		48	77		
	295		302		40	66		
	302		309		0	22		
	309		316		8	66		
	316		323		112			
	323		330		0	22		
	330		337		8	66		
	337		344		104			
	344		351					
	351		358		120			
	358		365		0	22		
	365		372		24	66		
	372		379		120			
	379		386		40	77		
	386		393		112	66		
	393		400		32	77		
	400		407		112	22		
	142	196	149	207	24	55	000000	
	149		156		120	66		
	156		163		104			
	163		170		40			
	170		177		0	22		
	177		184		24	77		
	184		191		40	66		
	191		198		24			
	198		205		120			
	205		212		112			
	212		219		32			
	219		226		8			
	226		233		16	77		
	233		240		72			
	240		247		0	22		
	247		254		56	77		
	254		261		40	66		
	261		268		8			
	268		275		0	77		
	275		282		120	66		
	282		289		112			
	289		296		24	77		
	296		303		0	22		
	303		310		32	66		
	310		317		120			
	317		324		0	22		
	324		331		64	66		
	331		338		8			
	338		345		48	77		
	345		352		40	66		
	352		359		0	22		
	359		366		8	66		
	366		373		0	22		
	373		380		96	66		
	380		387		72			
	387		394		104			
	394		401		72			
	401		408		32	77		
	408		415		40	66		
	415		422		32			
	140	194	147	205	24	55		
	147		154		120	66		
	154		161		104			
	161		168		40			
	168		175		0	22		
	175		182		24	77		
	182		189		40	66		
	189		196		24			
	196		203		120			
	203		210		112			
	210		217		32			
	217		224		8			
	224		231		16	77		
	231		238		72			
	238		245		0	22		
	245		252		56	77		
	252		259		40	66		
	259		266		8			
	266		273		0	77		
	273		280		120	66		
	280		287		112			
	287		294		24	77		
	294		301		0	22		
	301		308		32	66		
	308		315		120			
	315		322		0	22		
	322		329		64	66		
	329		336		8			
	336		343		48	77		
	343		350		40	66		
	350		357		0	22		
	357		364		8	66		
	364		371		0	22		
	371		378		96	66		
	378		385		72			
	385		392		104			
	392		399		72			
	399		406		32	77		
	406		413		40	66		
	413		420		32			
	141	195	148	206	24	55	007fff	
	148		155		120	66		
	155		162		104			
	162		169		40			
	169		176		0	22		
	176		183		24	77		
	183		190		40	66		
	190		197		24			
	197		204		120			
	204		211		112			
	211		218		32			
	218		225		8			
	225		232		16	77		
	232		239		72			
	239		246		0	22		
	246		253		56	77		
	253		260		40	66		
	260		267		8			
	267		274		0	77		
	274		281		120	66		
	281		288		112			
	288		295		24	77		
	295		302		0	22		
	302		309		32	66		
	309		316		120			
	316		323		0	22		
	323		330		64	66		
	330		337		8			
	337		344		48	77		
	344		351		40	66		
	351		358		0	22		
	358		365		8	66		
	365		372		0	22		
	372		379		96	66		
	379		386		72			
	386		393		104			
	393		400		72			
	400		407		32	77		
	407		414		40	66		
	414		421		32			
line	442	425	444	410	489048
			430	416	
	444	410			204020
draw	0	-144	128	624	/pictures/501.png
	608		640		/pictures/512.png
crop	29	159	35	171	0	36	ff0000	/fonts/computer.png
	35		41		32			
	41		47		48			
rect	614	359	615	457	007fff
			623	360	
	622			457	00488f
	614	456			
	615	360	622	456	0070e0
	614	231	615	263	909048
			623	232	
	622			263	505028
	614	262			
	615	232	622	262	707038
	614	263	615	329	ffff7f
			623	264	
	622			329	909048
	614	328			
	615	264	622	328	e0e070
	614	103	615	201	ff7f7f
			623	104	
	622			201	904848
	614	200			
	615	104	622	200	e07070
	634	49	636	52	183018
		53		56	
		57		60	
		61		64	
		65		68	
		69		72	
		73		76	
		77		80	
		81		84	
		85		88	
		89		92	
		93		96	
		97		100	
		101		104	
		105		108	
		109		112	
		113		116	
		117		120	
		121		124	
		125		128	
		129		132	
		133		136	
		137		140	
		141		144	
		145		148	
		149		152	
		153		156	
		157		160	
		161		164	
		165		168	
		169		172	
		173		176	
		177		180	
		181		184	
		185		188	
		189		192	
		193		196	
		197		200	
		201		204	
		205		208	
		209		212	
		213		216	
		217		220	
		221		224	
		225		228	
		229		232	
		233		236	
		237		240	
		241		244	
		245		248	
		249		252	
		253		256	
		257		260	
		261		264	
		265		268	
		269		272	
		273		276	
		277		280	
		281		284	
		285		288	
		289		292	
		293		296	
		297		300	
		301		304	
		305		308	
		309		312	
		313		316	
		317		320	
		321		324	
		325		328	
		329		332	
		333		336	
		337		340	
		341		344	
		345		348	
		349		352	
		353		356	
		357		360	
		361		364	
		365		368	
		369		372	
		373		376	
		377		380	
		381		384	
		385		388	
		389		392	
		393		396	
		397		400	
		401		404	
		405		408	
		409		412	
		413		416	
		417		420	
		421		424	
		425		428	
		429		432	
		433		436	
		437		440	
		441		444	
		445		448	
	621	52	631	56	303000
		57		61	
		62		66	
		67		71	
		72		76	
		77		81	
		82		86	
	7	7	115	115	00ff00
	8	8	114	114	001000
	58	58	66	66	003000
	12	320	121	440	001000
		330	120	331	009000
		332	13	344	
			121	333	
	120			344	005000
	12	343			
	13	333	120	343	007000
	12	438		439	009000
	16	450	114	475	001010
	17		18	462	00c0c0
			44	451	
	43			462	007070
	17	461			
	18	451	43	461	009090
	17	462	18	474	00c0c0
			44	463	
	43			474	007070
	17	473			
	18	463	43	473	009090
crop	15	320	21	332	104	48	00ff00	/fonts/computer.png
	21		27		40			
	27		33		24	60		
	33		39					
	39		45		8	48		
	45		51		56			
	51		57		40			
	57		63		24	60		
	15	332	21	344	112	48		
	21		27		40	72		
	27		33		64	84		
	33		39		32			
	39		45		0	24		
	45		51			60		
	51		57		8	72		
	57		63		56			
	63		69		40			
	69		75		120	24		
	75		81		24	48		
	81		87		96	72		
	87		93		40			
	93		99		8			
	99		105		16	84		
	15	344	21	356	0	60		
	21		27		16	84		
	27		33		40	72		
	33		39		48	84		
	39		45		72	72		
	45		51		120			
	51		57		40	84		
	57		63		24			
	63		69		0	24		
	69		75			60		
	75		81		8	72		
	81		87		56			
	87		93		40			
	15	356	21	368	96	48		
	21		27		8	72		
	27		33		24	84		
	33		39		32			
	39		45		0	24		
	45		51		104	48		
	51		57		40	72		
	57		63		24	84		
	63		69					
	69		75		8	72		
	75		81		56			
	81		87		40			
	19	450	25	462	16	60	00ffff	
	25		31		56	48		
	31		37		64			
	37		43		32	60		
	43		49		0	24		
	49		55		40	48		
	55		61		64	84		
	61		67		40	72		
	67		73		24			
	73		79		40	84		
	79		85		32			
	85		91		40	72		
	19	462	25	474	96	48		
	25		31		40			
	31		37		48			
	37		43		32	60		
	43		49		0	24		
	49		55		104	48		
	55		61		8	72		
	61		67		72			
	67		73		112			
	73		79		0	24		
	79		85		104	48		
	85		91		40	72		
	91		97		112			
	97		103		40	84		
rect	12	180	13	192	ffff00
			121	181	
	120			192	909000
	12	191			
	13	181	120	191	c0c000
crop	15	180	21	192	24	48	000000	/fonts/computer.png
	21		27		120			
	27		33		112			
	33		39		32	60		
	39		45		16			
	45		51		120	48		
	51		57		96			
rect	14	204	36	205	489048
			15	206	
	35		36		
	14	225		226	
		224	15		
	35		36		
	12	252	13	264	007fff
			121	253	
	120			264	00488f
	12	263			
	13	253	120	263	0060c0
crop	15	252	21	264	32	60	000000	/fonts/computer.png
	21		27		8	48		
	27		33		16	60		
	33		39		56	48		
	39		45		40			
	45		51		32	60		
rect	14	276	36	277	489048
			15	278	
	35		36		
	14	297		298	
		296	15		
	35		36		
line	136	202	89	172	001830
		201		171	007fff
		200		170	
