line	310	409	320	438	b0b0b0
	575	109	589	146	d0d0d0
	290	390	301	418	b0b0b0
	241	84	255	122	d0d0d0
	161	23	168	42	808080
	222	387	228	406	
	144	300	154	328	b0b0b0
	402	315	412	343	
	428	338	442	376	d0d0d0
	443	400	454	428	b0b0b0
	292	375	298	394	808080
	466	66	476	94	b0b0b0
	599	154	606	173	808080
	490	-20	500	8	b0b0b0
	196	361	210	399	d0d0d0
	472	249	482	277	b0b0b0
	361	448	368	467	808080
	160	263	166	282	
	129	190	136	209	
	213	280	223	308	b0b0b0
	209	82	219	110	
	341	212	355	250	d0d0d0
	323	86	333	114	b0b0b0
	546	317	553	336	808080
	434	200	448	238	d0d0d0
	441	-28	451	1	b0b0b0
	464	338	474	366	
	279	308	292	346	d0d0d0
	556	287	570	325	
	508	90	515	109	808080
	529	251	539	279	b0b0b0
	275	402	286	430	
	132	102	142	130	
	245	-13	259	25	d0d0d0
	580	403	594	440	
	247	157	261	194	
	240	165	250	193	b0b0b0
	528	168	535	186	808080
	179	174	186	193	
	273	305	283	333	b0b0b0
	245	57	252	76	808080
	244	171	251	189	
	133	53	143	81	b0b0b0
	132	238	146	275	d0d0d0
	532	290	546	328	
	562	273	572	301	b0b0b0
	194	149	204	177	
	222	85	236	123	d0d0d0
	375	164	385	192	b0b0b0
	437	264	443	283	808080
	156	194	163	213	
	504	182	518	219	d0d0d0
	374	328	384	356	b0b0b0
	539	322	546	341	808080
	290	13	300	41	b0b0b0
	165	444	175	472	
	466	53	480	91	d0d0d0
	399	147	413	184	
	562	323	572	351	b0b0b0
	336	351	342	370	808080
	386	431	400	468	d0d0d0
	357	260	363	279	808080
	524	353	538	391	d0d0d0
	396	408	410	445	
	256	35	270	73	
	145	301	152	320	808080
	494	190	508	228	d0d0d0
	455	11	465	39	b0b0b0
	452	295	462	323	
	145	0	152	19	808080
	566	363	573	381	
	319	308	329	336	b0b0b0
	352	402	359	421	808080
	508	194	515	213	
	241	130	251	158	b0b0b0
	119	393	130	421	
	262	238	272	266	
	201	134	215	171	d0d0d0
	334	55	348	93	
	159	421	166	440	808080
	181	148	191	176	b0b0b0
	211	187	218	206	808080
	215	381	222	399	
	181	302	188	321	
	311	281	318	300	
	192	92	198	111	
	523	342	533	370	b0b0b0
	154	296	168	334	d0d0d0
	194	65	204	93	b0b0b0
	174	128	188	165	d0d0d0
	463	248	469	267	808080
	495	405	509	442	d0d0d0
	203	111	210	130	808080
	148	90	162	128	d0d0d0
	536	393	543	411	808080
	510	119	520	147	b0b0b0
	153	283	160	302	808080
	496	396	503	414	
	245	165	252	184	
	207	349	217	377	b0b0b0
	419	186	433	224	d0d0d0
	143	423	153	452	b0b0b0
	535	325	545	353	
	286	246	292	265	808080
	520	-7	526	11	
	445	192	452	211	
	295	82	305	110	b0b0b0
	346	169	353	187	808080
	254	231	264	259	b0b0b0
	374	260	380	279	808080
	500	130	514	167	d0d0d0
	118	288	131	326	
	375	26	385	54	b0b0b0
	147	296	160	334	d0d0d0
rect	248	0	249	480	000050
	128	12	608	13	
line	223	445	226	390	00ff00
draw	353	225	381	253	/sprites/ish/cruiser%11
dither	319	231	598	314	001830
crop	322	234	329	245	40	44	007fff	/fonts/tactical.png
	329		336		48	77		
	336		343		40	66		
	343		350		16	77		
	350		357		72			
	364		371		32			
	371		378		72	66		
	378		385		104			
	385		392		40			
	399		406		32	77		
	406		413		64	66		
	413		420		40			
	427		434		16			
	434		441		40			
	441		448		8			
	448		455		104			
	462		469		56	77		
	469		476		40	66		
	476		483		8			
	483		490		0	77		
	490		497		120	66		
	497		504		112			
	511		518		72			
	518		525		24	77		
	532		539		48	66		
	539		546		72			
	546		553		16	77		
	553		560		40	66		
	560		567		32			
	567		574		96	22		
	581		588		8	66		
	322	245	329	256	24	77		
	329		336		104	66		
	336		343		8			
	343		350		96			
	350		357					
	364		371		8			
	371		378		104			
	378		385		120			
	385		392		40	77		
	392		399		112	66		
	399		406		32	77		
	413		420		120	66		
	420		427		48			
	434		441		72	77		
	441		448		120	66		
	448		455		40	77		
	455		462		16			
	469		476		8	66		
	476		483		48	77		
	483		490		8	66		
	490		497		72			
	497		504		96			
	504		511		8			
	511		518		16			
	518		525		96			
	525		532		40			
	539		546		0	77		
	546		553		120	66		
	553		560		56	77		
	560		567		40	66		
	567		574		16	77		
	581		588		72	66		
	588		595		24	77		
	322	256	329	267	40			
	329		336		24			
	336		343		40	66		
	343		350		32			
	350		357		112	22		
	322	278	329	289	32	55		
	329		336		64	66		
	336		343		40			
	350		357		8			
	357		364		48	77		
	364		371		8	66		
	371		378		72			
	378		385		96			
	385		392		8			
	392		399		16			
	399		406		96			
	406		413		40			
	420		427		0	77		
	427		434		120	66		
	434		441		56	77		
	441		448		40	66		
	448		455		16	77		
	462		469		56	66		
	469		476		40			
	476		483		32	77		
	483		490		24			
	497		504		8	66		
	504		511		40	77		
	511		518		32			
	518		525		120	66		
	525		532		104			
	532		539		8			
	539		546		32	77		
	546		553		72	66		
	553		560		24			
	560		567		8			
	567		574		96			
	574		581					
	581		588		72	77		
	322	289	329	300	16			
	329		336		40	66		
	336		343		0	77		
	343		350		96	66		
	350		357		40			
line	442	425	444	410	489048
			430	416	
	444	410			204020
draw	0	-144	128	624	/pictures/gui/instruments/left.png
	608		640		/pictures/gui/instruments/right.png
crop	29	159	35	171	0	36	ff0000	/fonts/computer.png
	35		41		32			
	41		47		48			
rect	614	359	615	457	007fff
			623	360	
	622			457	00488f
	614	456			
	615	360	622	456	0070e0
	614	231	615	271	909048
			623	232	
	622			271	505028
	614	270			
	615	232	622	270	707038
	614	271	615	329	ffff7f
			623	272	
	622			329	909048
	614	328			
	615	272	622	328	e0e070
	614	103	615	201	ff7f7f
			623	104	
	622			201	904848
	614	200			
	615	104	622	200	e07070
	634	49	636	52	183018
		53		56	
		57		60	
		61		64	
		65		68	
		69		72	
		73		76	
		77		80	
		81		84	
		85		88	
		89		92	
		93		96	
		97		100	
		101		104	
		105		108	
		109		112	
		113		116	
		117		120	
		121		124	
		125		128	
		129		132	
		133		136	
		137		140	
		141		144	
		145		148	
		149		152	
		153		156	
		157		160	
		161		164	
		165		168	
		169		172	
		173		176	
		177		180	
		181		184	
		185		188	
		189		192	
		193		196	
		197		200	
		201		204	
		205		208	
		209		212	
		213		216	
		217		220	
		221		224	
		225		228	
		229		232	
		233		236	
		237		240	
		241		244	
		245		248	
		249		252	
		253		256	
		257		260	
		261		264	
		265		268	
		269		272	
		273		276	
		277		280	
		281		284	
		285		288	
		289		292	
		293		296	
		297		300	
		301		304	
		305		308	
		309		312	
		313		316	
		317		320	
		321		324	
		325		328	
		329		332	
		333		336	
		337		340	
		341		344	
		345		348	
		349		352	
		353		356	
		357		360	
		361		364	
		365		368	
		369		372	
		373		376	
		377		380	
		381		384	
		385		388	
		389		392	
		393		396	
		397		400	
		401		404	
		405		408	
		409		412	
		413		416	
		417		420	
		421		424	
		425		428	
		429		432	
		433		436	
		437		440	
		441		444	
		445		448	
	621	52	631	56	303000
		57		61	
		62		66	
		67		71	
		72		76	
		77		81	
		82		86	
	7	7	115	115	00ff00
	8	8	114	114	001000
	58	58	66	66	003000
point	59	64	00e000
rect	12	320	121	440	001000
		330	120	331	009000
		332	13	344	
			121	333	
	120			344	005000
	12	343			
	13	333	120	343	007000
	12	438		439	009000
	16	450	114	475	001010
	17		18	462	00c0c0
			44	451	
	43			462	007070
	17	461			
	18	451	43	461	009090
	17	462	18	474	00c0c0
			44	463	
	43			474	007070
	17	473			
	18	463	43	473	009090
crop	15	320	21	332	104	48	00ff00	/fonts/computer.png
	21		27		40			
	27		33		24	60		
	33		39					
	39		45		8	48		
	45		51		56			
	51		57		40			
	57		63		24	60		
	15	332	21	344	112	48		
	21		27		40	72		
	27		33		64	84		
	33		39		32			
	45		51		0	60		
	51		57		8	72		
	57		63		56			
	63		69		40			
	69		75		120	24		
	75		81		24	48		
	81		87		96	72		
	87		93		40			
	93		99		8			
	99		105		16	84		
	15	344	21	356	0	60		
	21		27		16	84		
	27		33		40	72		
	33		39		48	84		
	39		45		72	72		
	45		51		120			
	51		57		40	84		
	57		63		24			
	69		75		0	60		
	75		81		8	72		
	81		87		56			
	87		93		40			
	15	356	21	368	96	48		
	21		27		8	72		
	27		33		24	84		
	33		39		32			
	45		51		104	48		
	51		57		40	72		
	57		63		24	84		
	63		69					
	69		75		8	72		
	75		81		56			
	81		87		40			
	19	450	25	462	16	60	00ffff	
	25		31		56	48		
	31		37		64			
	37		43		32	60		
	49		55		40	48		
	55		61		64	84		
	61		67		40	72		
	67		73		24			
	73		79		40	84		
	79		85		32			
	85		91		40	72		
	19	462	25	474	96	48		
	25		31		40			
	31		37		48			
	37		43		32	60		
	49		55		104	48		
	55		61		8	72		
	61		67		72			
	67		73		112			
	79		85		104	48		
	85		91		40	72		
	91		97		112			
	97		103		40	84		
rect	12	180	13	192	ffff00
			121	181	
	120			192	909000
	12	191			
	13	181	120	191	c0c000
crop	15	180	21	192	24	48	000000	/fonts/computer.png
	21		27		120			
	27		33		112			
	33		39		32	60		
	39		45		16			
	45		51		120	48		
	51		57		96			
rect	14	204	36	205	489048
			15	206	
	35		36		
	14	225		226	
		224	15		
	35		36		
	12	252	13	264	007fff
			121	253	
	120			264	00488f
	12	263			
	13	253	120	263	0060c0
crop	15	252	21	264	32	60	000000	/fonts/computer.png
	21		27		8	48		
	27		33		16	60		
	33		39		56	48		
	39		45		40			
	45		51		32	60		
rect	14	276	36	277	489048
			15	278	
	35		36		
	14	297		298	
		296	15		
	35		36		
line	600	274	604	275	001830
		273		274	007fff
		272		273	
