line	379	185	392	170	808080
	517	262	537	239	b0b0b0
	227	228	246	205	
	592	325	605	310	808080
	313	223	326	208	
	489	68	502	52	
	547	299	559	284	
	433	126	452	103	b0b0b0
	596	51	622	20	d0d0d0
	335	396	354	373	b0b0b0
	283	383	296	368	808080
	435	82	461	51	d0d0d0
	509	66	528	43	b0b0b0
	412	224	437	193	d0d0d0
	536	369	549	353	808080
	353	303	372	280	b0b0b0
	135	235	161	205	d0d0d0
	518	119	538	96	b0b0b0
	555	51	568	35	808080
	429	315	442	300	
	369	294	388	271	b0b0b0
	578	125	604	94	d0d0d0
	350	196	363	181	808080
	572	254	585	239	
	467	61	479	46	
	318	352	344	322	d0d0d0
	221	347	240	324	b0b0b0
	275	69	288	53	808080
	256	222	268	207	
	307	407	320	392	
	565	437	578	422	
	384	337	397	322	
	125	376	144	353	b0b0b0
	195	146	214	123	
	121	405	140	382	
	489	111	502	95	808080
	159	419	172	404	
	134	212	153	189	b0b0b0
	300	485	313	470	808080
	345	324	364	301	b0b0b0
	452	492	477	462	d0d0d0
	244	482	269	452	
	287	170	307	147	b0b0b0
	440	149	466	118	d0d0d0
	251	340	271	317	b0b0b0
	384	484	403	461	
	541	117	553	102	808080
	507	410	520	394	
	523	186	543	163	b0b0b0
	176	197	189	181	808080
	514	74	539	44	d0d0d0
	213	284	232	261	b0b0b0
	362	32	388	1	d0d0d0
	221	122	240	99	b0b0b0
	364	196	383	173	
	142	244	161	221	
	135	215	148	200	808080
	420	351	433	336	
	211	317	237	286	d0d0d0
	552	67	571	44	b0b0b0
	546	95	565	72	
	552	384	571	361	
	401	467	414	452	808080
	411	194	431	171	b0b0b0
	273	111	292	88	
	290	82	316	51	d0d0d0
	316	175	336	152	b0b0b0
	444	495	463	472	
	454	343	479	313	d0d0d0
	525	383	551	352	
	286	202	299	187	808080
	449	129	468	106	b0b0b0
	276	311	289	296	808080
	150	292	169	269	b0b0b0
	321	409	340	386	
	513	113	539	82	d0d0d0
	152	30	165	15	808080
	471	354	490	331	b0b0b0
	136	312	149	297	808080
	448	129	467	106	b0b0b0
	308	439	327	416	
	371	259	384	244	808080
	558	45	583	15	d0d0d0
	425	74	437	59	808080
	597	43	623	12	d0d0d0
	433	176	453	153	b0b0b0
	307	309	320	293	808080
	384	316	397	301	
	570	103	583	88	
	322	145	335	130	
	375	236	388	221	
	251	267	270	244	b0b0b0
	481	46	494	31	808080
	243	335	255	320	
	458	297	483	267	d0d0d0
	145	146	170	116	
	547	386	566	363	b0b0b0
	538	53	557	30	
	334	390	347	374	808080
	321	29	340	6	b0b0b0
	122	281	147	251	d0d0d0
	321	325	334	309	808080
	249	155	274	125	d0d0d0
	131	331	150	308	b0b0b0
	555	328	568	313	808080
	556	282	575	259	b0b0b0
	503	280	522	257	
	178	207	191	192	808080
	207	490	220	475	
	240	260	266	230	d0d0d0
	222	351	235	335	808080
	371	437	384	422	
	553	9	566	-6	
	414	377	439	346	d0d0d0
	303	131	316	116	808080
rect	330	0	331	481	000050
	128	283	609	284	005000
draw	351	229	383	258	/sprites/ish/cruiser%3
dither	138	159	410	264	001830
crop	142	163	149	174	32	55	000000	/fonts/tactical.png
	149		156		64	66		
	156		163		40			
	163		170		0	22		
	170		177		24	77		
	177		184		32			
	184		191		8	66		
	191		198		112			
	198		205		32			
	205		212		8			
	212		219		16	77		
	219		226		32	66		
	226		233		0	22		
	233		240		24	66		
	240		247		16	77		
	247		254		40			
	254		261		72	66		
	261		268		24	77		
	268		275		40	66		
	275		282		16	77		
	282		289		0	22		
	289		296		72	77		
	296		303		120	66		
	303		310		40	77		
	310		317		0	22		
	317		324		8	66		
	324		331		16	77		
	331		338		40	66		
	338		345		0	22		
	345		352		72	66		
	352		359		112			
	359		366		0	22		
	366		373		64	66		
	373		380		8			
	380		387		24	77		
	387		394		0	22		
	394		401		112	66		
	401		408		120			
	140	161	147	172	32	55		
	147		154		64	66		
	154		161		40			
	161		168		0	22		
	168		175		24	77		
	175		182		32			
	182		189		8	66		
	189		196		112			
	196		203		32			
	203		210		8			
	210		217		16	77		
	217		224		32	66		
	224		231		0	22		
	231		238		24	66		
	238		245		16	77		
	245		252		40			
	252		259		72	66		
	259		266		24	77		
	266		273		40	66		
	273		280		16	77		
	280		287		0	22		
	287		294		72	77		
	294		301		120	66		
	301		308		40	77		
	308		315		0	22		
	315		322		8	66		
	322		329		16	77		
	329		336		40	66		
	336		343		0	22		
	343		350		72	66		
	350		357		112			
	357		364		0	22		
	364		371		64	66		
	371		378		8			
	378		385		24	77		
	385		392		0	22		
	392		399		112	66		
	399		406		120			
	141	162	148	173	32	55	007fff	
	148		155		64	66		
	155		162		40			
	162		169		0	22		
	169		176		24	77		
	176		183		32			
	183		190		8	66		
	190		197		112			
	197		204		32			
	204		211		8			
	211		218		16	77		
	218		225		32	66		
	225		232		0	22		
	232		239		24	66		
	239		246		16	77		
	246		253		40			
	253		260		72	66		
	260		267		24	77		
	267		274		40	66		
	274		281		16	77		
	281		288		0	22		
	288		295		72	77		
	295		302		120	66		
	302		309		40	77		
	309		316		0	22		
	316		323		8	66		
	323		330		16	77		
	330		337		40	66		
	337		344		0	22		
	344		351		72	66		
	351		358		112			
	358		365		0	22		
	365		372		64	66		
	372		379		8			
	379		386		24	77		
	386		393		0	22		
	393		400		112	66		
	400		407		120			
	142	174	149	185	24	77	000000	
	149		156		0			
	156		163		40	66		
	163		170		24			
	170		177		72			
	177		184		8			
	184		191		96			
	191		198		0	22		
	198		205		56	77		
	205		212		40	66		
	212		219		8			
	219		226		0	77		
	226		233		120	66		
	233		240		112			
	240		247			22		
	140	172	147	183	24	77		
	147		154		0			
	154		161		40	66		
	161		168		24			
	168		175		72			
	175		182		8			
	182		189		96			
	189		196		0	22		
	196		203		56	77		
	203		210		40	66		
	210		217		8			
	217		224		0	77		
	224		231		120	66		
	231		238		112			
	238		245			22		
	141	173	148	184	24	77	007fff	
	148		155		0			
	155		162		40	66		
	162		169		24			
	169		176		72			
	176		183		8			
	183		190		96			
	190		197		0	22		
	197		204		56	77		
	204		211		40	66		
	211		218		8			
	218		225		0	77		
	225		232		120	66		
	232		239		112			
	239		246			22		
	142	196	149	207	72	44	000000	
	149		156		48	66		
	156		163		0	22		
	163		170		72	66		
	170		177		32	77		
	177		184		0	22		
	184		191		32	66		
	191		198		72			
	198		205		32			
	205		212		96	22		
	212		219		0			
	219		226		32	77		
	226		233		64	66		
	233		240		8			
	240		247		32	77		
	247		254		0	22		
	254		261		56	77		
	261		268		40	66		
	268		275		8			
	275		282		0	77		
	282		289		120	66		
	289		296		112			
	296		303		40	143		
	303		310		24	77		
	310		317		0	22		
	317		324		8	66		
	324		331		104			
	331		338					
	338		345		120			
	345		352		0	22		
	352		359		56	77		
	359		366		120	66		
	366		373		40	77		
	373		380		96	66		
	380		387		32			
	387		394		0	22		
	394		401		16	66		
	401		408		40			
	140	194	147	205	72	44		
	147		154		48	66		
	154		161		0	22		
	161		168		72	66		
	168		175		32	77		
	175		182		0	22		
	182		189		32	66		
	189		196		72			
	196		203		32			
	203		210		96	22		
	210		217		0			
	217		224		32	77		
	224		231		64	66		
	231		238		8			
	238		245		32	77		
	245		252		0	22		
	252		259		56	77		
	259		266		40	66		
	266		273		8			
	273		280		0	77		
	280		287		120	66		
	287		294		112			
	294		301		40	143		
	301		308		24	77		
	308		315		0	22		
	315		322		8	66		
	322		329		104			
	329		336					
	336		343		120			
	343		350		0	22		
	350		357		56	77		
	357		364		120	66		
	364		371		40	77		
	371		378		96	66		
	378		385		32			
	385		392		0	22		
	392		399		16	66		
	399		406		40			
	141	195	148	206	72	44	007fff	
	148		155		48	66		
	155		162		0	22		
	162		169		72	66		
	169		176		32	77		
	176		183		0	22		
	183		190		32	66		
	190		197		72			
	197		204		32			
	204		211		96	22		
	211		218		0			
	218		225		32	77		
	225		232		64	66		
	232		239		8			
	239		246		32	77		
	246		253		0	22		
	253		260		56	77		
	260		267		40	66		
	267		274		8			
	274		281		0	77		
	281		288		120	66		
	288		295		112			
	295		302		40	143		
	302		309		24	77		
	309		316		0	22		
	316		323		8	66		
	323		330		104			
	330		337					
	337		344		120			
	344		351		0	22		
	351		358		56	77		
	358		365		120	66		
	365		372		40	77		
	372		379		96	66		
	379		386		32			
	386		393		0	22		
	393		400		16	66		
	400		407		40			
	142	207	149	218	32		000000	
	149		156		72			
	156		163		24	77		
	163		170		0			
	170		177		96	66		
	177		184		8			
	184		191		72	77		
	191		198		40	66		
	198		205		32			
	205		212		0	22		
	212		219		64	66		
	140	205	147	216	32			
	147		154		72			
	154		161		24	77		
	161		168		0			
	168		175		96	66		
	175		182		8			
	182		189		72	77		
	189		196		40	66		
	196		203		32			
	203		210		0	22		
	210		217		64	66		
	141	206	148	217	32		007fff	
	148		155		72			
	155		162		24	77		
	162		169		0			
	169		176		96	66		
	176		183		8			
	183		190		72	77		
	190		197		40	66		
	197		204		32			
	204		211		0	22		
	211		218		64	66		
line	490	83	476	88	489048
			488	98	
	476	88			204020
draw	0	-144	128	624	/interfaces/instruments/left.png
	608		640		/interfaces/instruments/right.png
crop	29	159	35	171	0	36	ff0000	/fonts/computer.png
	35		41		32			
	41		47		48			
rect	614	359	615	457	007fff
			623	360	
	622			457	00488f
	614	456			
	615	360	622	456	0070e0
	614	231	615	277	909048
			623	232	
	622			277	505028
	614	276			
	615	232	622	276	707038
	614	277	615	329	ffff7f
			623	278	
	622			329	909048
	614	328			
	615	278	622	328	e0e070
	614	103	615	201	ff7f7f
			623	104	
	622			201	904848
	614	200			
	615	104	622	200	e07070
	634	49	636	52	183018
		53		56	
		57		60	
		61		64	
		65		68	
		69		72	
		73		76	
		77		80	
		81		84	
		85		88	
		89		92	
		93		96	
		97		100	
		101		104	
		105		108	
		109		112	
		113		116	
		117		120	
		121		124	
		125		128	
		129		132	
		133		136	
		137		140	
		141		144	
		145		148	
		149		152	
		153		156	
		157		160	
		161		164	
		165		168	
		169		172	
		173		176	
		177		180	
		181		184	
		185		188	
		189		192	
		193		196	
		197		200	
		201		204	
		205		208	
		209		212	
		213		216	
		217		220	
		221		224	
		225		228	
		229		232	
		233		236	
		237		240	
		241		244	
		245		248	
		249		252	
		253		256	
		257		260	
		261		264	
		265		268	
		269		272	
		273		276	
		277		280	
		281		284	
		285		288	
		289		292	
		293		296	
		297		300	
		301		304	
		305		308	
		309		312	
		313		316	
		317		320	
		321		324	
		325		328	
		329		332	
		333		336	
		337		340	
		341		344	
		345		348	
		349		352	
		353		356	
		357		360	
		361		364	
		365		368	
		369		372	
		373		376	
		377		380	
		381		384	
		385		388	
		389		392	
		393		396	
		397		400	
		401		404	
		405		408	
		409		412	
		413		416	
		417		420	
		421		424	
		425		428	
		429		432	
		433		436	
		437		440	
		441		444	
		445		448	
	621	52	631	56	303000
		57		61	
		62		66	
		67		71	
		72		76	
		77		81	
		82		86	
	7	7	115	115	00ff00
	8	8	114	114	001000
	58	58	66	66	003000
point	108	74	00e000
rect	12	320	121	440	001000
		330	120	331	009000
		332	13	344	
			121	333	
	120			344	005000
	12	343			
	13	333	120	343	007000
	12	438		439	009000
	16	450	114	475	001010
	17		18	462	00c0c0
			44	451	
	43			462	007070
	17	461			
	18	451	43	461	009090
	17	462	18	474	00c0c0
			44	463	
	43			474	007070
	17	473			
	18	463	43	473	009090
crop	15	320	21	332	104	48	00ff00	/fonts/computer.png
	21		27		40			
	27		33		24	60		
	33		39					
	39		45		8	48		
	45		51		56			
	51		57		40			
	57		63		24	60		
	15	332	21	344	112	48		
	21		27		40	72		
	27		33		64	84		
	33		39		32			
	39		45		0	24		
	45		51			60		
	51		57		8	72		
	57		63		56			
	63		69		40			
	69		75		120	24		
	75		81		24	48		
	81		87		96	72		
	87		93		40			
	93		99		8			
	99		105		16	84		
	15	344	21	356	0	60		
	21		27		16	84		
	27		33		40	72		
	33		39		48	84		
	39		45		72	72		
	45		51		120			
	51		57		40	84		
	57		63		24			
	63		69		0	24		
	69		75			60		
	75		81		8	72		
	81		87		56			
	87		93		40			
	15	356	21	368	96	48		
	21		27		8	72		
	27		33		24	84		
	33		39		32			
	39		45		0	24		
	45		51		104	48		
	51		57		40	72		
	57		63		24	84		
	63		69					
	69		75		8	72		
	75		81		56			
	81		87		40			
	19	450	25	462	16	60	00ffff	
	25		31		56	48		
	31		37		64			
	37		43		32	60		
	43		49		0	24		
	49		55		40	48		
	55		61		64	84		
	61		67		40	72		
	67		73		24			
	73		79		40	84		
	79		85		32			
	85		91		40	72		
	19	462	25	474	96	48		
	25		31		40			
	31		37		48			
	37		43		32	60		
	43		49		0	24		
	49		55		104	48		
	55		61		8	72		
	61		67		72			
	67		73		112			
	73		79		0	24		
	79		85		104	48		
	85		91		40	72		
	91		97		112			
	97		103		40	84		
rect	12	180	13	192	ffff00
			121	181	
	120			192	909000
	12	191			
	13	181	120	191	c0c000
crop	15	180	21	192	24	48	000000	/fonts/computer.png
	21		27		120			
	27		33		112			
	33		39		32	60		
	39		45		16			
	45		51		120	48		
	51		57		96			
rect	14	204	36	205	489048
			15	206	
	35		36		
	14	225		226	
		224	15		
	35		36		
	12	252	13	264	007fff
			121	253	
	120			264	00488f
	12	263			
	13	253	120	263	0060c0
crop	15	252	21	264	32	60	000000	/fonts/computer.png
	21		27		8	48		
	27		33		16	60		
	33		39		56	48		
	39		45		40			
	45		51		32	60		
rect	14	276	36	277	489048
			15	278	
	35		36		
	14	297		298	
		296	15		
	35		36		
line	136	213	116	175	001830
		212		174	007fff
		211		173	
