line	166	400	166	402	808080
	443	167	445	172	d0d0d0
	154	43	155	46	b0b0b0
	316	465	317	467	808080
	250	151	251	155	d0d0d0
	269	140	271	144	
	604	239	605	242	b0b0b0
	217	187	217	189	808080
	286	201	287	204	b0b0b0
	582	412	583	416	
	198	98	199	100	808080
	481	446	482	448	
	253	93	254	96	b0b0b0
	543	-3	544	0	808080
	481	366	482	369	b0b0b0
	127	2	128	4	808080
	326	59	327	61	
	549	366	550	368	
	371	79	373	84	d0d0d0
	392	200	393	202	808080
	557	86	558	89	b0b0b0
	466	288	467	292	d0d0d0
	496	218	496	221	808080
	453	210	454	212	
	503	300	504	303	b0b0b0
	588	197	589	200	
	264	241	265	243	808080
	542	467	543	470	b0b0b0
	145	384	146	388	d0d0d0
	390	228	391	230	808080
	394	445	395	447	
	194	56	195	59	b0b0b0
	246	429	247	431	808080
	428	402	429	404	
	318	349	319	353	d0d0d0
	378	321	378	323	808080
	471	282	472	285	b0b0b0
	370	303	371	305	808080
	540	256	541	260	b0b0b0
	485	397	485	399	808080
	144	299	145	303	b0b0b0
	303	455	303	457	808080
	335	94	337	97	b0b0b0
	171	64	172	66	808080
	544	389	545	392	
	384	210	385	212	
	284	305	284	307	
	328	56	329	59	b0b0b0
	319	221	320	223	808080
	525	357	526	361	d0d0d0
	408	161	409	165	b0b0b0
	287	384	288	386	808080
	518	339	519	341	
	582	470	583	473	b0b0b0
	158	223	159	225	808080
	192	402	193	404	
	518	26	519	28	
	590	368	591	371	b0b0b0
	328	25	329	28	
	325	328	327	333	d0d0d0
	414	199	416	203	
	246	96	247	99	b0b0b0
	499	383	499	386	808080
	304	417	305	421	b0b0b0
	481	90	482	93	
	195	124	196	128	
	180	332	181	334	808080
	416	229	416	231	
	323	55	324	58	b0b0b0
	397	103	398	106	
	452	136	453	139	
	536	293	538	298	d0d0d0
	426	251	427	253	808080
	132	400	132	402	
	241	30	243	34	d0d0d0
	576	362	577	364	808080
	600	-3	601	2	d0d0d0
	601	168	602	171	b0b0b0
	292	465	293	468	
	586	102	587	105	
	327	444	329	448	d0d0d0
	194	147	195	149	808080
	593	414	593	416	
	316	217	317	220	b0b0b0
	450	358	451	361	
	523	3	525	6	
	417	243	417	246	808080
	393	192	394	194	
	197	139	197	141	
	196	-1		1	
	433	465	434	467	
	494	331	495	334	b0b0b0
	498	200	499	203	
	539	346	541	351	d0d0d0
	508	315	509	317	808080
	385	443	386	445	
	254	97	254	100	
	454	414	455	416	
	268	447	270	450	b0b0b0
	592	183	594	188	d0d0d0
	603	77	604	81	
	474	471	475	473	808080
	368	211	369	213	
	355	471	356	473	
	172	14	173	16	
	129	437	130	439	
	151	354	153	358	d0d0d0
	512	370	512	373	808080
	402	22	402	24	
	163	242	164	244	
	450	168	452	172	d0d0d0
	388	305	390	309	
	548	392	549	394	808080
	375	60	377	64	d0d0d0
	250	158	251	160	808080
	415	62	416	65	b0b0b0
	185	5	186	7	808080
	472	415	474	418	b0b0b0
	500	149	501	151	808080
	237	463	238	468	d0d0d0
	478	338	479	340	808080
	388	-2	389	0	
	350	285	351	288	b0b0b0
	312	53	313	57	d0d0d0
	270	95	271	97	808080
	149	0	149	426	002850
	360		360		000050
	571		571		
	128	91	608	91	002850
		302		302	000050
draw	361	233	372	244	/sprites/501.SMIV/11
	26	345	47	363	/sprites/514.SMIV/5
static	138	262	157	281	00000000	254	/sprites/514.SMIV/12
rect	128	426	608	480	007fff
		427		479	000810
	132	431	139	442	
crop	132	431	139	442	120	44	007fff	/fonts/tactical
rect	139	431	146	442	000810
crop	139	431	146	442	112	66	007fff	/fonts/tactical
rect	146	431	153	442	000810
crop	146	431	153	442	40	66	007fff	/fonts/tactical
rect	153	431	160	442	000810
crop	153	431	160	442	0	22	007fff	/fonts/tactical
rect	160	431	167	442	000810
crop	160	431	167	442	120	66	007fff	/fonts/tactical
rect	167	431	174	442	000810
crop	167	431	174	442	48	66	007fff	/fonts/tactical
rect	174	431	181	442	000810
crop	174	431	181	442	0	22	007fff	/fonts/tactical
rect	181	431	188	442	000810
crop	181	431	188	442	32	77	007fff	/fonts/tactical
rect	188	431	195	442	000810
crop	188	431	195	442	64	66	007fff	/fonts/tactical
rect	195	431	202	442	000810
crop	195	431	202	442	40	66	007fff	/fonts/tactical
rect	202	431	209	442	000810
crop	202	431	209	442	0	22	007fff	/fonts/tactical
rect	209	431	216	442	000810
crop	209	431	216	442	32	77	007fff	/fonts/tactical
rect	216	431	223	442	000810
crop	216	431	223	442	16	77	007fff	/fonts/tactical
rect	223	431	230	442	000810
crop	223	431	230	442	8	66	007fff	/fonts/tactical
rect	230	431	237	442	000810
crop	230	431	237	442	112	66	007fff	/fonts/tactical
rect	237	431	244	442	000810
crop	237	431	244	442	24	77	007fff	/fonts/tactical
rect	244	431	251	442	000810
crop	244	431	251	442	0	77	007fff	/fonts/tactical
rect	251	431	258	442	000810
crop	251	431	258	442	120	66	007fff	/fonts/tactical
rect	258	431	265	442	000810
crop	258	431	265	442	16	77	007fff	/fonts/tactical
rect	265	431	272	442	000810
crop	265	431	272	442	32	77	007fff	/fonts/tactical
rect	272	431	279	442	000810
crop	272	431	279	442	24	77	007fff	/fonts/tactical
rect	279	431	286	442	000810
crop	279	431	286	442	0	22	007fff	/fonts/tactical
rect	286	431	293	442	000810
crop	286	431	293	442	72	66	007fff	/fonts/tactical
rect	293	431	300	442	000810
crop	293	431	300	442	24	77	007fff	/fonts/tactical
rect	300	431	307	442	000810
crop	300	431	307	442	0	22	007fff	/fonts/tactical
rect	307	431	314	442	000810
crop	307	431	314	442	24	66	007fff	/fonts/tactical
rect	314	431	321	442	000810
crop	314	431	321	442	96	66	007fff	/fonts/tactical
rect	321	431	328	442	000810
crop	321	431	328	442	120	66	007fff	/fonts/tactical
rect	328	431	335	442	000810
crop	328	431	335	442	8	66	007fff	/fonts/tactical
rect	335	431	342	442	000810
crop	335	431	342	442	88	66	007fff	/fonts/tactical
rect	342	431	349	442	000810
crop	342	431	349	442	40	66	007fff	/fonts/tactical
rect	349	431	356	442	000810
crop	349	431	356	442	32	66	007fff	/fonts/tactical
rect	356	431	363	442	000810
crop	356	431	363	442	112	22	007fff	/fonts/tactical
rect	363	431	370	442	000810
crop	363	431	370	442	0	22	007fff	/fonts/tactical
rect	370	431	377	442	000810
crop	370	431	377	442	112	44	007fff	/fonts/tactical
rect	377	431	384	442	000810
crop	377	431	384	442	120	66	007fff	/fonts/tactical
rect	384	431	391	442	000810
crop	384	431	391	442	16	77	007fff	/fonts/tactical
rect	391	431	398	442	000810
crop	391	431	398	442	104	66	007fff	/fonts/tactical
rect	398	431	405	442	000810
crop	398	431	405	442	8	66	007fff	/fonts/tactical
rect	405	431	412	442	000810
crop	405	431	412	442	96	66	007fff	/fonts/tactical
rect	412	431	419	442	000810
crop	412	431	419	442	96	66	007fff	/fonts/tactical
rect	419	431	426	442	000810
crop	419	431	426	442	72	77	007fff	/fonts/tactical
rect	426	431	433	442	000810
crop	426	431	433	442	96	22	007fff	/fonts/tactical
rect	433	431	440	442	000810
crop	433	431	440	442	0	22	007fff	/fonts/tactical
rect	440	431	447	442	000810
crop	440	431	447	442	24	44	007fff	/fonts/tactical
rect	447	431	454	442	000810
crop	447	431	454	442	8	66	007fff	/fonts/tactical
rect	454	431	461	442	000810
crop	454	431	461	442	112	66	007fff	/fonts/tactical
rect	461	431	468	442	000810
crop	461	431	468	442	32	77	007fff	/fonts/tactical
rect	468	431	475	442	000810
crop	468	431	475	442	64	66	007fff	/fonts/tactical
rect	475	431	482	442	000810
crop	475	431	482	442	8	66	007fff	/fonts/tactical
rect	482	431	489	442	000810
crop	482	431	489	442	16	77	007fff	/fonts/tactical
rect	489	431	496	442	000810
crop	489	431	496	442	8	66	007fff	/fonts/tactical
rect	496	431	503	442	000810
crop	496	431	503	442	112	66	007fff	/fonts/tactical
rect	503	431	510	442	000810
crop	503	431	510	442	0	22	007fff	/fonts/tactical
rect	510	431	517	442	000810
crop	510	431	517	442	32	77	007fff	/fonts/tactical
rect	517	431	524	442	000810
crop	517	431	524	442	16	77	007fff	/fonts/tactical
rect	524	431	531	442	000810
crop	524	431	531	442	8	66	007fff	/fonts/tactical
rect	531	431	538	442	000810
crop	531	431	538	442	112	66	007fff	/fonts/tactical
rect	538	431	545	442	000810
crop	538	431	545	442	24	77	007fff	/fonts/tactical
rect	545	431	552	442	000810
crop	545	431	552	442	0	77	007fff	/fonts/tactical
rect	552	431	559	442	000810
crop	552	431	559	442	120	66	007fff	/fonts/tactical
rect	559	431	566	442	000810
crop	559	431	566	442	16	77	007fff	/fonts/tactical
rect	566	431	573	442	000810
crop	566	431	573	442	32	77	007fff	/fonts/tactical
rect	573	431	580	442	000810
crop	573	431	580	442	24	77	007fff	/fonts/tactical
rect	580	431	587	442	000810
crop	580	431	587	442	0	22	007fff	/fonts/tactical
rect	132	442	139	453	000810
crop	132	442	139	453	24	66	007fff	/fonts/tactical
rect	139	442	146	453	000810
crop	139	442	146	453	8	66	007fff	/fonts/tactical
rect	146	442	153	453	000810
crop	146	442	153	453	112	66	007fff	/fonts/tactical
rect	153	442	160	453	000810
crop	153	442	160	453	40	143	007fff	/fonts/tactical
rect	160	442	167	453	000810
crop	160	442	167	453	32	77	007fff	/fonts/tactical
rect	167	442	174	453	000810
crop	167	442	174	453	0	22	007fff	/fonts/tactical
rect	174	442	181	453	000810
crop	174	442	181	453	24	66	007fff	/fonts/tactical
rect	181	442	188	453	000810
crop	181	442	188	453	96	66	007fff	/fonts/tactical
rect	188	442	195	453	000810
crop	188	442	195	453	120	66	007fff	/fonts/tactical
rect	195	442	202	453	000810
crop	195	442	202	453	8	66	007fff	/fonts/tactical
rect	202	442	209	453	000810
crop	202	442	209	453	88	66	007fff	/fonts/tactical
rect	209	442	216	453	000810
crop	209	442	216	453	96	22	007fff	/fonts/tactical
rect	216	442	223	453	000810
crop	216	442	223	453	0	22	007fff	/fonts/tactical
rect	223	442	230	453	000810
crop	223	442	230	453	16	66	007fff	/fonts/tactical
rect	230	442	237	453	000810
crop	230	442	237	453	40	77	007fff	/fonts/tactical
rect	237	442	244	453	000810
crop	237	442	244	453	32	77	007fff	/fonts/tactical
rect	244	442	251	453	000810
crop	244	442	251	453	0	22	007fff	/fonts/tactical
rect	251	442	258	453	000810
crop	251	442	258	453	24	77	007fff	/fonts/tactical
rect	258	442	265	453	000810
crop	258	442	265	453	72	66	007fff	/fonts/tactical
rect	265	442	272	453	000810
crop	265	442	272	453	112	66	007fff	/fonts/tactical
rect	272	442	279	453	000810
crop	272	442	279	453	24	66	007fff	/fonts/tactical
rect	279	442	286	453	000810
crop	279	442	286	453	40	66	007fff	/fonts/tactical
rect	286	442	293	453	000810
crop	286	442	293	453	0	22	007fff	/fonts/tactical
rect	293	442	300	453	000810
crop	293	442	300	453	32	77	007fff	/fonts/tactical
rect	300	442	307	453	000810
crop	300	442	307	453	64	66	007fff	/fonts/tactical
rect	307	442	314	453	000810
crop	307	442	314	453	72	66	007fff	/fonts/tactical
rect	314	442	321	453	000810
crop	314	442	321	453	24	77	007fff	/fonts/tactical
rect	321	442	328	453	000810
crop	321	442	328	453	0	22	007fff	/fonts/tactical
rect	328	442	335	453	000810
crop	328	442	335	453	72	66	007fff	/fonts/tactical
rect	335	442	342	453	000810
crop	335	442	342	453	24	77	007fff	/fonts/tactical
rect	342	442	349	453	000810
crop	342	442	349	453	0	22	007fff	/fonts/tactical
rect	349	442	356	453	000810
crop	349	442	356	453	8	66	007fff	/fonts/tactical
rect	356	442	363	453	000810
crop	356	442	363	453	0	22	007fff	/fonts/tactical
rect	363	442	370	453	000810
crop	363	442	370	453	24	77	007fff	/fonts/tactical
rect	370	442	377	453	000810
crop	370	442	377	453	72	66	007fff	/fonts/tactical
rect	377	442	384	453	000810
crop	377	442	384	453	104	66	007fff	/fonts/tactical
rect	384	442	391	453	000810
crop	384	442	391	453	40	77	007fff	/fonts/tactical
rect	391	442	398	453	000810
crop	391	442	398	453	96	66	007fff	/fonts/tactical
rect	398	442	405	453	000810
crop	398	442	405	453	8	66	007fff	/fonts/tactical
rect	405	442	412	453	000810
crop	405	442	412	453	32	77	007fff	/fonts/tactical
rect	412	442	419	453	000810
crop	412	442	419	453	72	66	007fff	/fonts/tactical
rect	419	442	426	453	000810
crop	419	442	426	453	120	66	007fff	/fonts/tactical
rect	426	442	433	453	000810
crop	426	442	433	453	112	66	007fff	/fonts/tactical
rect	433	442	440	453	000810
crop	433	442	440	453	96	22	007fff	/fonts/tactical
rect	440	442	447	453	000810
crop	440	442	447	453	0	22	007fff	/fonts/tactical
rect	447	442	454	453	000810
crop	447	442	454	453	72	66	007fff	/fonts/tactical
rect	454	442	461	453	000810
crop	454	442	461	453	32	77	007fff	/fonts/tactical
rect	461	442	468	453	000810
crop	461	442	468	453	0	22	007fff	/fonts/tactical
rect	468	442	475	453	000810
crop	468	442	475	453	56	77	007fff	/fonts/tactical
rect	475	442	482	453	000810
crop	475	442	482	453	72	66	007fff	/fonts/tactical
rect	482	442	489	453	000810
crop	482	442	489	453	96	66	007fff	/fonts/tactical
rect	489	442	496	453	000810
crop	489	442	496	453	96	66	007fff	/fonts/tactical
rect	496	442	503	453	000810
crop	496	442	503	453	0	22	007fff	/fonts/tactical
rect	503	442	510	453	000810
crop	503	442	510	453	64	66	007fff	/fonts/tactical
rect	510	442	517	453	000810
crop	510	442	517	453	40	66	007fff	/fonts/tactical
rect	517	442	524	453	000810
crop	517	442	524	453	96	66	007fff	/fonts/tactical
rect	524	442	531	453	000810
crop	524	442	531	453	0	77	007fff	/fonts/tactical
rect	531	442	538	453	000810
crop	531	442	538	453	0	22	007fff	/fonts/tactical
rect	132	453	139	464	000810
crop	132	453	139	464	72	66	007fff	/fonts/tactical
rect	139	453	146	464	000810
crop	139	453	146	464	96	66	007fff	/fonts/tactical
rect	146	453	153	464	000810
crop	146	453	153	464	96	66	007fff	/fonts/tactical
rect	153	453	160	464	000810
crop	153	453	160	464	40	77	007fff	/fonts/tactical
rect	160	453	167	464	000810
crop	160	453	167	464	24	77	007fff	/fonts/tactical
rect	167	453	174	464	000810
crop	167	453	174	464	32	77	007fff	/fonts/tactical
rect	174	453	181	464	000810
crop	174	453	181	464	16	77	007fff	/fonts/tactical
rect	181	453	188	464	000810
crop	181	453	188	464	8	66	007fff	/fonts/tactical
rect	188	453	195	464	000810
crop	188	453	195	464	32	77	007fff	/fonts/tactical
rect	195	453	202	464	000810
crop	195	453	202	464	40	66	007fff	/fonts/tactical
rect	202	453	209	464	000810
crop	202	453	209	464	0	22	007fff	/fonts/tactical
rect	209	453	216	464	000810
crop	209	453	216	464	32	77	007fff	/fonts/tactical
rect	216	453	223	464	000810
crop	216	453	223	464	64	66	007fff	/fonts/tactical
rect	223	453	230	464	000810
crop	223	453	230	464	40	66	007fff	/fonts/tactical
rect	230	453	237	464	000810
crop	230	453	237	464	0	22	007fff	/fonts/tactical
rect	237	453	244	464	000810
crop	237	453	244	464	40	77	007fff	/fonts/tactical
rect	244	453	251	464	000810
crop	244	453	251	464	24	77	007fff	/fonts/tactical
rect	251	453	258	464	000810
crop	251	453	258	464	40	66	007fff	/fonts/tactical
rect	258	453	265	464	000810
crop	258	453	265	464	0	22	007fff	/fonts/tactical
rect	265	453	272	464	000810
crop	265	453	272	464	120	66	007fff	/fonts/tactical
rect	272	453	279	464	000810
crop	272	453	279	464	48	66	007fff	/fonts/tactical
rect	279	453	286	464	000810
crop	279	453	286	464	0	22	007fff	/fonts/tactical
rect	286	453	293	464	000810
crop	286	453	293	464	72	77	007fff	/fonts/tactical
rect	293	453	300	464	000810
crop	293	453	300	464	120	66	007fff	/fonts/tactical
rect	300	453	308	464	007fff
line	428	428	431	413	489048
			417	418	
	431	413			204020
draw	0	0	128	480	/pictures/501.png
	608		640		/pictures/512.png
crop	29	159	35	171	0	36	ff0000	/fonts/computer
	35		41		32			
	41		47		48			
line	614	456	614	359	007fff
		359	622		
	622			456	00488f
		456	614		
rect	615	360	622	456	0070e0
line	614	278	614	231	909048
		231	622		
	622			278	505028
		278	614		
rect	615	232	622	278	707038
line	614	328	614	279	ffff7f
		279	622		
	622			328	909048
		328	614		
rect	615	280	622	328	e0e070
line	614	200	614	103	ff7f7f
		103	622		
	622			200	904848
		200	614		
rect	615	104	622	200	e07070
line	618	8	629	8	90488f
			618	9	
	629		629		
	618	36		36	
			618	35	
	629		629		
rect	620	10	628	35	703870
		35			c060c0
	634	49	636	52	183018
		53		56	
		57		60	
		61		64	
		65		68	
		69		72	
		73		76	
		77		80	
		81		84	
		85		88	
		89		92	
		93		96	
		97		100	
		101		104	
		105		108	
		109		112	
		113		116	
		117		120	
		121		124	
		125		128	
		129		132	
		133		136	
		137		140	
		141		144	
		145		148	
		149		152	
		153		156	
		157		160	
		161		164	
		165		168	
		169		172	
		173		176	
		177		180	
		181		184	
		185		188	
		189		192	
		193		196	
		197		200	
		201		204	
		205		208	
		209		212	
		213		216	
		217		220	
		221		224	
		225		228	
		229		232	
		233		236	
		237		240	
		241		244	
		245		248	
		249		252	
		253		256	
		257		260	
		261		264	
		265		268	
		269		272	
		273		276	
		277		280	
		281		284	
		285		288	
		289		292	
		293		296	
		297		300	
		301		304	
		305		308	
		309		312	
		313		316	
		317		320	
		321		324	
		325		328	
		329		332	
		333		336	
		337		340	
		341		344	
		345		348	
		349		352	
		353		356	
		357		360	
		361		364	
		365		368	
		369		372	
		373		376	
		377		380	
		381		384	
		385		388	
		389		392	
		393		396	
		397		400	
		401		404	
		405		408	
		409		412	
		413		416	
		417		420	
		421		424	
		425		428	
		429		432	
		433		436	
		437		440	
		441		444	
		445		448	
	621	52	631	56	303000
		57		61	
		62		66	
		67		71	
		72		76	
		77		81	
		82		86	
	7	7	115	115	00ff00
	8	8	114	114	001000
	50	50	72	72	003000
point	45	66	00e000
	51	62	
rect	12	320	121	440	001000
line	12	330	119	330	009000
crop	15	320	21	332	104	48	00ff00	/fonts/computer
	21		27		40			
	27		33		24	60		
	33		39					
	39		45		8	48		
	45		51		56			
	51		57		40			
	57		63		24	60		
line	12	343	12	332	009000
		332	120		
	120			343	005000
		343	12		
rect	13	333	120	343	007000
crop	15	332	21	344	112	48	00ff00	/fonts/computer
	21		27		40	72		
	27		33		64	84		
	33		39		32			
	39		45		0	24		
	45		51			60		
	51		57		8	72		
	57		63		56			
	63		69		40			
	69		75		120	24		
	75		81		24	48		
	81		87		96	72		
	87		93		40			
	93		99		8			
	99		105		16	84		
	15	344	21	356	0	60		
	21		27		16	84		
	27		33		40	72		
	33		39		48	84		
	39		45		72	72		
	45		51		120			
	51		57		40	84		
	57		63		24			
	63		69		0	24		
	69		75			60		
	75		81		8	72		
	81		87		56			
	87		93		40			
	15	356	21	368	96	48		
	21		27		8	72		
	27		33		24	84		
	33		39		32			
	39		45		0	24		
	45		51		104	48		
	51		57		40	72		
	57		63		24	84		
	63		69					
	69		75		8	72		
	75		81		56			
	81		87		40			
line	12	438	119	438	009000
rect	16	450	114	475	001010
line	17	461	17	450	00c0c0
		450	43		
	43			461	007070
		461	17		
rect	18	451	43	461	009090
crop	19	450	25	462	16	60	00ffff	/fonts/computer
	25		31		56	48		
	31		37		64			
	37		43		32	60		
	43		49		0	24		
	49		55		40	48		
	55		61		64	84		
	61		67		40	72		
	67		73		24			
	73		79		40	84		
	79		85		32			
	85		91		40	72		
line	17	473	17	462	00c0c0
		462	43		
	43			473	007070
		473	17		
rect	18	463	43	473	009090
crop	19	462	25	474	96	48	00ffff	/fonts/computer
	25		31		40			
	31		37		48			
	37		43		32	60		
	43		49		0	24		
	49		55		104	48		
	55		61		8	72		
	61		67		72			
	67		73		112			
	73		79		0	24		
	79		85		104	48		
	85		91		40	72		
	91		97		112			
	97		103		40	84		
line	12	191	12	180	ffff00
		180	120		
	120			191	909000
		191	12		
rect	13	181	120	191	c0c000
crop	15	180	21	192	24	48	000000	/fonts/computer
	21		27		120			
	27		33		112			
	33		39		32	60		
	39		45		16			
	45		51		120	48		
	51		57		96			
	15	192	21	204	24	60	7fff7f	
	21		27		72	72		
	27		33		104			
	33		39		40	84		
	39		45		96	72		
	45		51		8			
	51		57		32	84		
	57		63		40	72		
	63		69		32			
	69		75		0	24		
	75		81			60		
	81		87		96	72		
	87		93		8			
	93		99		112			
	99		105		40			
	105		111		32	84		
draw	16	207	34	224	/sprites/1001.SMIV/0
line	14	204	35	204	489048
			14	205	
	35		35		
	14	225		225	
			14	224	
	35		35		
	12	263	12	252	007fff
		252	120		
	120			263	00488f
		263	12		
rect	13	253	120	263	0060c0
crop	15	252	21	264	32	60	000000	/fonts/computer
	21		27		8	48		
	27		33		16	60		
	33		39		56	48		
	39		45		40			
	45		51		32	60		
	15	264	21	276	24		7fff7f	
	21		27		72	72		
	27		33		104			
	33		39		40	84		
	39		45		96	72		
	45		51		8			
	51		57		32	84		
	57		63		40	72		
	63		69		32			
	69		75		0	24		
	75		81			60		
	81		87		96	72		
	87		93		8			
	93		99		112			
	99		105		40			
	105		111		32	84		
draw	16	279	34	296	/sprites/1001.SMIV/0
line	14	276	35	276	489048
			14	277	
	35		35		
	14	297		297	
			14	296	
	35		35		
