point	290	396	808080
	192	358	b0b0b0
	167	371	d0d0d0
	441	461	808080
	499	143	d0d0d0
	519	132	
	310	194	b0b0b0
	341	183	808080
	473	195	b0b0b0
	289	107	
	323	94	808080
	605	442	
	439	86	b0b0b0
	382	473	
	169	133	808080
	351	162	d0d0d0
	451	54	808080
	258	235	d0d0d0
	267	66	
	516	195	808080
	412	61	b0b0b0
	182	472	808080
	140	179	
	578	206	
	400	69	b0b0b0
	239	212	808080
	388	237	
	289	306	d0d0d0
	394	375	
	514	223	808080
	518	441	
	401	62	d0d0d0
	371	425	808080
	552	398	
	567	341	d0d0d0
	502	316	808080
	162	138	
	494	298	
	286	372	d0d0d0
	130	343	b0b0b0
	330	293	
	427	450	808080
	522	87	b0b0b0
	296	60	808080
	248	344	d0d0d0
	509	206	808080
	408	300	
	205	66	d0d0d0
	444	217	808080
	253	309	b0b0b0
	595	155	
	412	380	808080
	163	437	
	343	270	d0d0d0
	283	219	808080
	317	398	
	277	24	
	296	127	b0b0b0
	231	325	808080
	575	320	d0d0d0
	170	404	b0b0b0
	433	90	
	157	350	d0d0d0
	490	411	b0b0b0
	188	306	
	382	118	
	305	328	808080
	540	225	
	340	47	b0b0b0
	584	97	
	259	5	808080
	261	451	b0b0b0
	550	247	808080
	256	396	
	175	219	
	267	409	b0b0b0
	563	472	808080
	248	210	
	478	459	b0b0b0
	292	306	
	577	436	d0d0d0
	318	143	808080
	346	442	d0d0d0
	503	210	b0b0b0
	157	204	
	458	478	
	541	239	808080
	518	188	
	321	135	
	453	475	d0d0d0
	558	461	808080
	233	1	d0d0d0
	179	307	808080
	309	335	d0d0d0
	153	240	808080
	510	439	
	378	93	
	578	410	
	455	441	b0b0b0
	246	203	808080
	347	62	d0d0d0
	599	467	808080
	492	207	
	480	466	
	176	13	
	421	12	
	401	346	d0d0d0
	169	362	b0b0b0
	526	37	d0d0d0
	288	238	808080
	220	414	d0d0d0
	151	260	b0b0b0
	256	396	d0d0d0
	222	121	808080
	375	154	
	536	55	b0b0b0
	441	5	
	179	295	
	161	162	d0d0d0
	486	455	
	602	334	808080
	524	474	d0d0d0
	536	279	b0b0b0
	564	23	808080
	395	91	
rect	365	0	366	481	002850
	128	242	609	243	000050
draw	354	228	386	253	/sprites/501.SMIV/0
	64	344	112	386	/sprites/514.SMIV/4
static	336	143	380	193	00000000	254	/sprites/514.SMIV/22
dither	138	8	459	113	001830
crop	142	12	149	23	8	44	000000	/fonts/tactical
	149		156		112	66		
	156		163		72	77		
	163		170		0	22		
	170		177		120	66		
	177		184		16			
	184		191		80			
	191		198		40			
	198		205		24			
	205		212		32	77		
	212		219		0	22		
	219		226		56	77		
	226		233		72	66		
	233		240		32	77		
	240		247		64	66		
	247		254		72			
	254		261		112			
	261		268		0	22		
	268		275		16	77		
	275		282		8	66		
	282		289		112			
	289		296		56			
	296		303		40			
	303		310		0	22		
	310		317		56	77		
	317		324		72	66		
	324		331		96			
	331		338					
	338		345		0	22		
	345		352		8	66		
	352		359		0	77		
	359		366					
	366		373		40	66		
	373		380		8			
	380		387		16	77		
	387		394		0	22		
	394		401		8	66		
	401		408		24	77		
	408		415		0	22		
	415		422		8	66		
	140	10	147	21		44		
	147		154		112	66		
	154		161		72	77		
	161		168		0	22		
	168		175		120	66		
	175		182		16			
	182		189		80			
	189		196		40			
	196		203		24			
	203		210		32	77		
	210		217		0	22		
	217		224		56	77		
	224		231		72	66		
	231		238		32	77		
	238		245		64	66		
	245		252		72			
	252		259		112			
	259		266		0	22		
	266		273		16	77		
	273		280		8	66		
	280		287		112			
	287		294		56			
	294		301		40			
	301		308		0	22		
	308		315		56	77		
	315		322		72	66		
	322		329		96			
	329		336					
	336		343		0	22		
	343		350		8	66		
	350		357		0	77		
	357		364					
	364		371		40	66		
	371		378		8			
	378		385		16	77		
	385		392		0	22		
	392		399		8	66		
	399		406		24	77		
	406		413		0	22		
	413		420		8	66		
	141	11	148	22		44	007fff	
	148		155		112	66		
	155		162		72	77		
	162		169		0	22		
	169		176		120	66		
	176		183		16			
	183		190		80			
	190		197		40			
	197		204		24			
	204		211		32	77		
	211		218		0	22		
	218		225		56	77		
	225		232		72	66		
	232		239		32	77		
	239		246		64	66		
	246		253		72			
	253		260		112			
	260		267		0	22		
	267		274		16	77		
	274		281		8	66		
	281		288		112			
	288		295		56			
	295		302		40			
	302		309		0	22		
	309		316		56	77		
	316		323		72	66		
	323		330		96			
	330		337					
	337		344		0	22		
	344		351		8	66		
	351		358		0	77		
	358		365					
	365		372		40	66		
	372		379		8			
	379		386		16	77		
	386		393		0	22		
	393		400		8	66		
	400		407		24	77		
	407		414		0	22		
	414		421		8	66		
	142	23	149	34	48		000000	
	149		156		96			
	156		163		8			
	163		170		24	77		
	170		177		64	66		
	177		184		72			
	184		191		112			
	191		198		56			
	140	21	147	32	48			
	147		154		96			
	154		161		8			
	161		168		24	77		
	168		175		64	66		
	175		182		72			
	182		189		112			
	189		196		56			
	141	22	148	33	48		007fff	
	148		155		96			
	155		162		8			
	162		169		24	77		
	169		176		64	66		
	176		183		72			
	183		190		112			
	190		197		56			
line	362	41	355	55	489048
			370	54	
	355	55			204020
draw	0	0	128	480	/pictures/501.png
	608		640		/pictures/512.png
crop	29	159	35	171	0	36	ff0000	/fonts/computer
	35		41		32			
	41		47		48			
rect	614	359	615	457	007fff
			623	360	
	622			457	00488f
	614	456			
	615	360	622	456	0070e0
	614	231	615	232	909048
			623		
	622				505028
	614				
		232	615	329	ffff7f
			623	233	
	622			329	909048
	614	328			
	615	233	622	328	e0e070
	614	103	615	113	904848
			623	104	
	622			113	502828
	614	112			
	615	104	622	112	703838
	614	113	615	201	ff7f7f
			623	114	
	622			201	904848
	614	200			
	615	114	622	200	e07070
	618	8	630	9	90488f
			619	10	
	629		630		
	618	36		37	
		35	619		
	629		630		
	620	10	628	35	703870
		35			c060c0
	634	49	636	52	183018
		53		56	
		57		60	
		61		64	
		65		68	
		69		72	
		73		76	
		77		80	
		81		84	
		85		88	
		89		92	
		93		96	
		97		100	
		101		104	
		105		108	
		109		112	
		113		116	
		117		120	
		121		124	
		125		128	
		129		132	
		133		136	
		137		140	
		141		144	
		145		148	
		149		152	
		153		156	
		157		160	
		161		164	
		165		168	
		169		172	
		173		176	
		177		180	
		181		184	
		185		188	
		189		192	
		193		196	
		197		200	
		201		204	
		205		208	
		209		212	
		213		216	
		217		220	
		221		224	
		225		228	
		229		232	
		233		236	
		237		240	
		241		244	
		245		248	
		249		252	
		253		256	
		257		260	
		261		264	
		265		268	
		269		272	
		273		276	
		277		280	
		281		284	
		285		288	
		289		292	
		293		296	
		297		300	
		301		304	
		305		308	
		309		312	
		313		316	
		317		320	
		321		324	
		325		328	
		329		332	
		333		336	
		337		340	
		341		344	
		345		348	
		349		352	
		353		356	
		357		360	
		361		364	
		365		368	
		369		372	
		373		376	
		377		380	
		381		384	
		385		388	
		389		392	
		393		396	
		397		400	
		401		404	
		405		408	
		409		412	
		413		416	
		417		420	
		421		424	
		425		428	
		429		432	
		433		436	
		437		440	
		441		444	
		445		448	
	621	52	631	56	303000
		57		61	
		62		66	
		67		71	
		72		76	
		77		81	
		82		86	
	7	7	115	115	00ff00
	8	8	114	114	001000
	57	57	65	65	003000
point	56	63	00e000
	61	60	
rect	12	320	121	440	001000
		330	120	331	009000
crop	15	320	21	332	104	48	00ff00	/fonts/computer
	21		27		40			
	27		33		24	60		
	33		39					
	39		45		8	48		
	45		51		56			
	51		57		40			
	57		63		24	60		
rect	12	332	13	344	009000
			121	333	
	120			344	005000
	12	343			
	13	333	120	343	007000
crop	15	332	21	344	112	48	00ff00	/fonts/computer
	21		27		40	72		
	27		33		64	84		
	33		39		32			
	39		45		0	24		
	45		51			60		
	51		57		8	72		
	57		63		56			
	63		69		40			
	69		75		120	24		
	75		81		24	48		
	81		87		96	72		
	87		93		40			
	93		99		8			
	99		105		16	84		
	15	344	21	356	0	60		
	21		27		16	84		
	27		33		40	72		
	33		39		48	84		
	39		45		72	72		
	45		51		120			
	51		57		40	84		
	57		63		24			
	63		69		0	24		
	69		75			60		
	75		81		8	72		
	81		87		56			
	87		93		40			
	15	356	21	368	96	48		
	21		27		8	72		
	27		33		24	84		
	33		39		32			
	39		45		0	24		
	45		51		104	48		
	51		57		40	72		
	57		63		24	84		
	63		69					
	69		75		8	72		
	75		81		56			
	81		87		40			
rect	12	438	120	439	009000
	16	450	114	475	001010
	17		18	462	00c0c0
			44	451	
	43			462	007070
	17	461			
	18	451	43	461	009090
crop	19	450	25	462	16	60	00ffff	/fonts/computer
	25		31		56	48		
	31		37		64			
	37		43		32	60		
	43		49		0	24		
	49		55		40	48		
	55		61		64	84		
	61		67		40	72		
	67		73		24			
	73		79		40	84		
	79		85		32			
	85		91		40	72		
rect	17	462	18	474	00c0c0
			44	463	
	43			474	007070
	17	473			
	18	463	43	473	009090
crop	19	462	25	474	96	48	00ffff	/fonts/computer
	25		31		40			
	31		37		48			
	37		43		32	60		
	43		49		0	24		
	49		55		104	48		
	55		61		8	72		
	61		67		72			
	67		73		112			
	73		79		0	24		
	79		85		104	48		
	85		91		40	72		
	91		97		112			
	97		103		40	84		
rect	12	180	13	192	ffff00
			121	181	
	120			192	909000
	12	191			
	13	181	120	191	c0c000
crop	15	180	21	192	24	48	000000	/fonts/computer
	21		27		120			
	27		33		112			
	33		39		32	60		
	39		45		16			
	45		51		120	48		
	51		57		96			
	15	192	21	204	24	60	7fff7f	
	21		27		72	72		
	27		33		104			
	33		39		40	84		
	39		45		96	72		
	45		51		8			
	51		57		32	84		
	57		63		40	72		
	63		69		32			
	69		75		0	24		
	75		81			60		
	81		87		96	72		
	87		93		8			
	93		99		112			
	99		105		40			
	105		111		32	84		
draw	16	207	34	224	/sprites/1001.SMIV/0
rect	14	204	36	205	489048
			15	206	
	35		36		
	14	225		226	
		224	15		
	35		36		
	12	252	13	264	007fff
			121	253	
	120			264	00488f
	12	263			
	13	253	120	263	0060c0
crop	15	252	21	264	32	60	000000	/fonts/computer
	21		27		8	48		
	27		33		16	60		
	33		39		56	48		
	39		45		40			
	45		51		32	60		
	15	264	21	276	24		7fff7f	
	21		27		72	72		
	27		33		104			
	33		39		40	84		
	39		45		96	72		
	45		51		8			
	51		57		32	84		
	57		63		40	72		
	63		69		32			
	69		75		0	24		
	75		81			60		
	81		87		96	72		
	87		93		8			
	93		99		112			
	99		105		40			
	105		111		32	84		
draw	16	279	34	296	/sprites/1001.SMIV/0
rect	14	276	36	277	489048
			15	278	
	35		36		
	14	297		298	
		296	15		
	35		36		
line	136	62	132	63	001830
		61		62	007fff
		60		61	
