line	186	243	187	244	b0b0b0
	471	102	472	103	
	414	155	415	155	d0d0d0
	241	360	242	361	b0b0b0
	369	245	370	245	d0d0d0
	175		176		
	244	143	245	144	b0b0b0
	255	453	255	453	808080
	246	115	247	115	d0d0d0
	284	362	285	363	b0b0b0
	481	128	481	128	808080
	271	87	272	87	d0d0d0
	343	451	343	451	808080
	297	208	298	208	d0d0d0
	325	294	326	294	
	398	214	399	214	
	461	91	462	92	b0b0b0
	445	357	446	358	
	188	215	189	215	d0d0d0
	500	12	501	12	
	169	169	169	169	808080
	229	97	230	98	b0b0b0
	231	88	232	88	d0d0d0
	202	365	203	365	
	230	27	230	27	808080
	398	448	398	449	b0b0b0
	380	378	381	378	d0d0d0
	330	13	331	14	b0b0b0
	208	251	209	252	
	327	235	328	235	d0d0d0
	321	363	322	364	b0b0b0
	505	280	506	280	d0d0d0
	391	268	391	268	808080
	372	15	373	15	d0d0d0
	458	17	458	17	808080
	596	412	597	412	d0d0d0
	341	126	342	127	b0b0b0
	477	86	477	86	808080
	474	15	475	16	b0b0b0
	226	319	227	319	d0d0d0
	345	200	346	200	
	380	411	381	411	
	296	370	297	370	
	222	180	223	181	b0b0b0
	448	140	449	141	
	553	410	554	411	
	572	388	572	388	808080
	208	389	208	389	
	455	252	456	253	b0b0b0
	257	74	258	75	
	321	461	321	461	808080
	526	107	527	107	d0d0d0
	410	187	410	187	808080
	438	181	439	182	b0b0b0
	493	377	493	377	808080
	327	315	327	315	
	599	263	599	263	
	362	297	363	298	b0b0b0
	230	105	230	105	808080
	431	137	431	137	
	583	91	584	91	d0d0d0
	492	213	493	213	
	596	340	597	341	b0b0b0
	465	5	465	5	808080
	175	99	175	99	
	576	28	576	28	
	561	151	561	151	
	291	57	292	57	d0d0d0
	372	282	373	282	
	597	440	597	440	808080
	284	174	285	174	d0d0d0
	501	299	501	299	808080
	503	106	504	106	d0d0d0
	298	65	299	66	b0b0b0
	332	463	332	464	
	473	321	474	322	
	136	158	136	158	808080
	146	165	147	165	d0d0d0
	397	261	398	262	b0b0b0
	317	116	317	116	808080
	509	233	510	234	b0b0b0
	368	317	369	317	d0d0d0
	395	31	395	31	808080
	373	275	374	276	b0b0b0
	232	25	232	25	808080
	467	312	468	312	d0d0d0
	365	447	365	447	b0b0b0
	270	284	271	285	
	547	319	547	319	808080
	188	196	189	196	d0d0d0
	135	77	136	77	
	352	307	352	307	808080
	541	258	542	259	b0b0b0
	478	279	478	279	808080
	452	138	453	139	b0b0b0
	241	216	242	216	d0d0d0
	499	229	499	229	808080
	596	48	597	48	d0d0d0
	243	92	244	93	b0b0b0
	289	269	289	269	808080
	463	270	464	270	d0d0d0
	536	374	536	374	808080
	156	193	156	193	
	593	284	594	284	d0d0d0
	242	312	243	312	
	516	261	516	261	808080
	592	369	593	369	d0d0d0
	544	41	545	42	b0b0b0
	279	432	279	433	d0d0d0
	522	7	523	8	b0b0b0
	386	453	386	454	
	245	384	245	384	808080
	142	33	143	34	b0b0b0
	300	153	301	153	d0d0d0
	586	349	587	349	
	443	477	443	477	b0b0b0
	592	149	593	150	
	316	36	317	36	d0d0d0
	231	334	232	334	
	514	340	514	340	808080
	556	194	556	194	
	316	180	317	181	b0b0b0
	584	390	585	391	
	571	30	572	30	d0d0d0
	557	231	558	232	b0b0b0
rect	202	0	203	480	005000
	342		343		
	482		483		
	128	9	608	10	
		149		150	
		289		290	
		429		430	
	443	5	459	21	900000
triangle	363	235	371	243	00c000
diamond	430	50	450	70	c00000
line	438	424	440	409	489048
			426	414	
	440	409			204020
draw	0	-144	128	624	/pictures/gui/instruments/left.png
	608		640		/pictures/gui/instruments/right.png
crop	102	159	108	171	0	36	ff7f00	/fonts/computer.png
	108		114					
	114		120		40			
rect	614	359	615	457	007fff
			623	360	
	622			457	00488f
	614	456			
	615	360	622	456	0070e0
	614	231	615	244	909048
			623	232	
	622			244	505028
	614	243			
	615	232	622	243	707038
	614	244	615	329	ffff7f
			623	245	
	622			329	909048
	614	328			
	615	245	622	328	e0e070
	614	103	615	201	ff7f7f
			623	104	
	622			201	904848
	614	200			
	615	104	622	200	e07070
	634	49	636	52	7fff7f
		53		56	60c060
		57		60	
		61		64	
		65		68	
		69		72	7fff7f
		73		76	60c060
		77		80	
		81		84	
		85		88	
		89		92	7fff7f
		93		96	60c060
		97		100	
		101		104	
		105		108	
		109		112	7fff7f
		113		116	60c060
		117		120	
		121		124	
		125		128	
		129		132	7fff7f
		133		136	60c060
		137		140	
		141		144	
		145		148	
		149		152	183018
		153		156	
		157		160	
		161		164	
		165		168	
		169		172	
		173		176	
		177		180	
		181		184	
		185		188	
		189		192	
		193		196	
		197		200	
		201		204	
		205		208	
		209		212	
		213		216	
		217		220	
		221		224	
		225		228	
		229		232	
		233		236	
		237		240	
		241		244	
		245		248	
		249		252	
		253		256	
		257		260	
		261		264	
		265		268	
		269		272	
		273		276	
		277		280	
		281		284	
		285		288	
		289		292	
		293		296	
		297		300	
		301		304	
		305		308	
		309		312	
		313		316	
		317		320	
		321		324	
		325		328	
		329		332	
		333		336	
		337		340	
		341		344	
		345		348	
		349		352	
		353		356	
		357		360	
		361		364	
		365		368	
		369		372	
		373		376	
		377		380	
		381		384	
		385		388	
		389		392	
		393		396	
		397		400	
		401		404	
		405		408	
		409		412	
		413		416	
		417		420	
		421		424	
		425		428	
		429		432	
		433		436	
		437		440	
		441		444	
		445		448	
	621	52	631	56	303000
		57		61	
		62		66	
		67		71	
		72		76	
		77		81	
		82		86	
	7	7	115	115	00ff00
	8	8	114	114	001000
					003000
point	49	90	00e000
rect	12	320	121	440	001000
		330	120	331	009000
		332	13	344	
			121	333	
	120			344	005000
	12	343			
	13	333	120	343	007000
	12	438		439	009000
	16	450	114	475	001010
	17		18	462	00c0c0
			44	451	
	43			462	007070
	17	461			
	18	451	43	461	009090
crop	15	320	21	332	104	48	00ff00	/fonts/computer.png
	21		27		8			
	27		33		72			
	33		39		112			
	45		51		104			
	51		57		40			
	57		63		112			
	63		69		40	60		
	15	332	21	344	96	36		
	21		27		16	48		
	27		33		40	84		
	33		39		72	72		
	39		45		96			
	45		51		32			
	51		57		112	36		
	15	344	21	356	96			
	21		27		24	60		
	27		33		0	84		
	33		39		40	72		
	39		45		24			
	45		51		72			
	51		57		8			
	57		63		96			
	69		75		120	48		
	75		81		16	84		
	81		87		32	72		
	87		93		40			
	93		99		16	84		
	99		105		24			
	105		111		112	36		
	15	356	21	368	96			
	21		27		104	48		
	27		33		40	72		
	33		39		24	84		
	39		45					
	45		51		8	72		
	51		57		56			
	57		63		40			
	63		69		112	36		
	15	368	21	380	96			
	21		27		104	48		
	27		33		72	72		
	33		39		24	84		
	39		45					
	45		51		72	72		
	51		57		120			
	57		63		112			
	69		75		24	60		
	75		81		32	84		
	81		87		8	72		
	87		93		32	84		
	93		99		40			
	99		105		24			
	105		111		112	36		
	19	450	25	462	16	60	00ffff	
	25		31		56	48		
	31		37		64			
	37		43		32	60		
	49		55		24			
	55		61		40	72		
	61		67		96			
	67		73		40			
	73		79		24			
	79		85		32	84		
rect	12	180	13	192	ffff00
			121	181	
	120			192	909000
	12	191			
	13	181	120	191	c0c000
crop	15	180	21	192	24	48	000000	/fonts/computer.png
	21		27		120			
	27		33		112			
	33		39		32	60		
	39		45		16			
	45		51		120	48		
	51		57		96			
rect	14	204	36	205	489048
			15	206	
	35		36		
	14	225		226	
		224	15		
	35		36		
	12	252	13	264	007fff
			121	253	
	120			264	00488f
	12	263			
	13	253	120	263	0060c0
crop	15	252	21	264	32	60	000000	/fonts/computer.png
	21		27		8	48		
	27		33		16	60		
	33		39		56	48		
	39		45		40			
	45		51		32	60		
rect	14	276	36	277	489048
			15	278	
	35		36		
	14	297		298	
		296	15		
	35		36		
