point	586	191	808080
	382	468	b0b0b0
	445	82	808080
	233	164	
	329	188	b0b0b0
	276	178	
	398	19	808080
	161	432	d0d0d0
	165	119	
	516	329	
	422	371	808080
	409	90	d0d0d0
	128	214	808080
	586	254	d0d0d0
	528	300	
	200	110	808080
	372	457	b0b0b0
	220	241	
	563	373	
	570	444	
	589	198	808080
	140	463	b0b0b0
	363	70	
	457	371	d0d0d0
	171	270	808080
	358	445	d0d0d0
	388	289	b0b0b0
	241	379	
	533	91	808080
	445	122	
	174	330	d0d0d0
	167	214	b0b0b0
	346	40	
	281	17	d0d0d0
	399	260	808080
	577	217	
	160	9	b0b0b0
	418	329	808080
	385	381	b0b0b0
	478	244	
	199	103	808080
	419	313	b0b0b0
	144	376	d0d0d0
	268	44	808080
	225	23	b0b0b0
	230	393	d0d0d0
	437	225	b0b0b0
	262	302	d0d0d0
	169	181	
	168	440	b0b0b0
	240	224	808080
	161	58	
	351	430	
	476	45	
	327	209	b0b0b0
	215	77	808080
	457	42	d0d0d0
	366	241	
	171	348	808080
	372	380	
	499	51	
	532	110	
	528	299	d0d0d0
	300	11	b0b0b0
	584	454	d0d0d0
	517	271	808080
	502	394	
	161	46	b0b0b0
	168	288	d0d0d0
	282	304	b0b0b0
	269	179	d0d0d0
	176	117	
	419	83	b0b0b0
	209	431	
	515	232	808080
	217	273	d0d0d0
	556	381	808080
	449	187	d0d0d0
	343	193	
	258	359	808080
	214	116	b0b0b0
	480	163	808080
	336	274	
	278	160	b0b0b0
	173	268	808080
	580	248	
	150	221	
	599	95	
	246	81	
	548	395	d0d0d0
	454	124	
	276	135	
	146	189	
	388	39	808080
	568	21	b0b0b0
	420	167	
	440	472	808080
	131	39	b0b0b0
	154	458	
	542	30	808080
	305	275	d0d0d0
	245	136	808080
	576	228	
	548	218	b0b0b0
	223	160	808080
	562	31	b0b0b0
	417	375	d0d0d0
	455	407	b0b0b0
	179	439	d0d0d0
	600	10	808080
	577	413	
	212	147	
	581	135	b0b0b0
	202	119	
	402	355	d0d0d0
	477	241	808080
	271	39	d0d0d0
	144	23	808080
	329	171	
	432	203	d0d0d0
	497	437	808080
	144	44	
	207	366	d0d0d0
	516	19	808080
	421	115	b0b0b0
draw	357	231	374	250	/sprites/521.SMIV/1
	422	118	563	329	/sprites/604.SMIV/1
	329	398	342	415	/sprites/581.SMIV/0
	358	236	380	255	/sprites/519.SMIV/1
line	404	43	394	55	489048
			409	58	
	394	55			204020
draw	0	0	128	480	/pictures/501.png
	608		640		/pictures/512.png
tint	102	159	110	172	ff7f00	/font/5001/30
	108		116			
	114		122			/font/5001/35
line	614	456	614	359	007fff
		359	622		
	622			456	00488f
		456	614		
rect	615	360	622	456	0070e0
line	614	244	614	231	909048
		231	622		
	622			244	505028
		244	614		
rect	615	232	622	244	707038
line	614	328	614	245	ffff7f
		245	622		
	622			328	909048
		328	614		
rect	615	246	622	328	e0e070
line	614	103	614	103	904848
			622		
	622				502828
			614		
	614	200		104	ff7f7f
		104	622		
	622			200	904848
		200	614		
rect	615	105	622	200	e07070
	634	49	636	52	7fff7f
		53		56	60c060
		57		60	
		61		64	
		65		68	
		69		72	7fff7f
		73		76	60c060
		77		80	
		81		84	
		85		88	
		89		92	7fff7f
		93		96	60c060
		97		100	
		101		104	
		105		108	
		109		112	7fff7f
		113		116	60c060
		117		120	
		121		124	
		125		128	
		129		132	7fff7f
		133		136	60c060
		137		140	
		141		144	
		145		148	
		149		152	183018
		153		156	
		157		160	
		161		164	
		165		168	
		169		172	
		173		176	
		177		180	
		181		184	
		185		188	
		189		192	
		193		196	
		197		200	
		201		204	
		205		208	
		209		212	
		213		216	
		217		220	
		221		224	
		225		228	
		229		232	
		233		236	
		237		240	
		241		244	
		245		248	
		249		252	
		253		256	
		257		260	
		261		264	
		265		268	
		269		272	
		273		276	
		277		280	
		281		284	
		285		288	
		289		292	
		293		296	
		297		300	
		301		304	
		305		308	
		309		312	
		313		316	
		317		320	
		321		324	
		325		328	
		329		332	
		333		336	
		337		340	
		341		344	
		345		348	
		349		352	
		353		356	
		357		360	
		361		364	
		365		368	
		369		372	
		373		376	
		377		380	
		381		384	
		385		388	
		389		392	
		393		396	
		397		400	
		401		404	
		405		408	
		409		412	
		413		416	
		417		420	
		421		424	
		425		428	
		429		432	
		433		436	
		437		440	
		441		444	
		445		448	
	621	52	631	56	303000
		57		61	
		62		66	
		67		71	
		72		76	
		77		81	
		82		86	
	7	7	115	115	00ff00
	8	8	114	114	001000
	46	46	76	76	003000
point	66	56	006000
	62	61	
rect	12	320	121	440	001000
line	12	330	119	330	009000
tint	15	320	23	333	00ff00	/font/5001/4d
	21		29			/font/5001/41
	27		35			/font/5001/49
	33		41			/font/5001/4e
	39		47			/font/5001/20
	45		53			/font/5001/4d
	51		59			/font/5001/45
	57		65			/font/5001/4e
	63		71			/font/5001/55
line	12	343	12	332	009000
		332	120		
	120			343	005000
		343	12		
rect	13	333	120	343	007000
tint	15	332	23	345	00ff00	/font/5001/3c
	21		29			/font/5001/42
	27		35			/font/5001/75
	33		41			/font/5001/69
	39		47			/font/5001/6c
	45		53			/font/5001/64
	51		59			/font/5001/3e
	15	344	23	357		/font/5001/3c
	21		29			/font/5001/53
	27		35			/font/5001/70
	33		41			/font/5001/65
	39		47			/font/5001/63
	45		53			/font/5001/69
	51		59			/font/5001/61
	57		65			/font/5001/6c
	63		71			/font/5001/20
	69		77			/font/5001/4f
	75		83			/font/5001/72
	81		89			/font/5001/64
	87		95			/font/5001/65
	93		101			/font/5001/72
	99		107			/font/5001/73
	105		113			/font/5001/3e
	15	356	23	369		/font/5001/3c
	21		29			/font/5001/4d
	27		35			/font/5001/65
	33		41			/font/5001/73
	39		47			
	45		53			/font/5001/61
	51		59			/font/5001/67
	57		65			/font/5001/65
	63		71			/font/5001/3e
	15	368	23	381		/font/5001/3c
	21		29			/font/5001/4d
	27		35			/font/5001/69
	33		41			/font/5001/73
	39		47			
	45		53			/font/5001/69
	51		59			/font/5001/6f
	57		65			/font/5001/6e
	63		71			/font/5001/20
	69		77			/font/5001/53
	75		83			/font/5001/74
	81		89			/font/5001/61
	87		95			/font/5001/74
	93		101			/font/5001/75
	99		107			/font/5001/73
	105		113			/font/5001/3e
line	12	438	119	438	009000
rect	16	450	114	475	001010
line	17	461	17	450	00c0c0
		450	43		
	43			461	007070
		461	17		
rect	18	451	43	461	009090
tint	19	450	27	463	00ffff	/font/5001/52
	25		33			/font/5001/47
	31		39			/font/5001/48
	37		45			/font/5001/54
	43		51			/font/5001/20
	49		57			/font/5001/53
	55		63			/font/5001/65
	61		69			/font/5001/6c
	67		75			/font/5001/65
	73		81			/font/5001/63
	79		87			/font/5001/74
rect	12	180	120	192	000000
line	12	191	12	180	ffff00
		180	119		
	119			191	909000
		191	12		
rect	13	181	119	191	c0c000
tint	15	180	23	193	000000	/font/5001/43
	21		29			/font/5001/4f
	27		35			/font/5001/4e
	33		41			/font/5001/54
	39		47			/font/5001/52
	45		53			/font/5001/4f
	51		59			/font/5001/4c
rect	12	192	120	204	000000
	14	204	36	226	
line	14	204	35	204	489048
			14	205	
	35		35		
	14	225		225	
			14	224	
	35		35		
rect	40	204	51	226	000000
	53		64		
	69		120	216	
		216		228	
		192		204	
	12	228		240	
		252		264	
line	12	263	12	252	007fff
		252	119		
	119			263	00488f
		263	12		
rect	13	253	119	263	0060c0
tint	15	252	23	265	000000	/font/5001/54
	21		29			/font/5001/41
	27		35			/font/5001/52
	33		41			/font/5001/47
	39		47			/font/5001/45
	45		53			/font/5001/54
rect	12	264	120	276	000000
	14	276	36	298	
line	14	276	35	276	489048
			14	277	
	35		35		
	14	297		297	
			14	296	
	35		35		
rect	40	276	51	298	000000
	53		64		
	69		120	288	
		288		300	
		264		276	
	12	300		312	
