	153	37	154	35	d0d0d0
	464	61	464	60	808080
	278	227	278	226	b0b0b0
	179	350	179	349	
	464	36	465	35	808080
	374	215	374	213	d0d0d0
	391	132	391	130	b0b0b0
	322	290	323	289	808080
	531	366	531	365	b0b0b0
	499	237	500	235	d0d0d0
	143	173	143	172	b0b0b0
	600	433	601	432	808080
	423	120	423	118	
	416	331	416	330	b0b0b0
	581	363	581	361	d0d0d0
	403	296	403	295	808080
	166	393	166	392	
	517	106	517	105	b0b0b0
	496	309	496	308	
	316	400	316	399	
	489	90	489	88	
	541	278	541	277	808080
	143	178	143	177	
	183	197	184	195	d0d0d0
	393	321	394	319	b0b0b0
	603	149	603	147	d0d0d0
	220	307	220	304	
	245	161	245	160	808080
	595	11	596	10	
	286	470	286	468	d0d0d0
	497	19	497	18	808080
	237	385	237	383	b0b0b0
	297	155	297	153	d0d0d0
	199	132	200	130	b0b0b0
	474	288	474	287	808080
	376	70	376	68	b0b0b0
	590	76	590	75	808080
	316	365	317	363	b0b0b0
	431	228	431	227	
	153	259	153	258	
	241	237	242	235	d0d0d0
	290	255	290	254	808080
	149	114	149	113	
	260	6	260	5	
	141	31	142	30	
	503	384	503	383	
	371	143	372	142	
	537	269	538	268	
	572	398	572	397	
	363	20	364	19	
	174	74	174	73	b0b0b0
	470	51	471	50	808080
	417	115	418	114	
	422	51	422	50	
	507	146	508	145	
	235	13	235	12	
	345	192	345	191	
	378	95	378	94	
	369	311	370	310	b0b0b0
	179	121	179	120	808080
	459	180	459	179	
	383	85	383	84	
	582	443	583	441	d0d0d0
	581	408	581	406	
	219	198	219	196	
	149	143	150	142	808080
	600	219	601	218	b0b0b0
	252	305	252	304	808080
	205	114	205	113	
	272	407	273	405	
	412	363	412	361	
	395	428	396	427	b0b0b0
	178	393	178	390	d0d0d0
	410	301	411	300	808080
	523	413	524	411	d0d0d0
	325	208	325	207	808080
	406	246	406	244	b0b0b0
	141	173	141	171	d0d0d0
	353	279	354	278	b0b0b0
	466	131	467	129	d0d0d0
	424	463	425	461	
	423	344	424	343	808080
	142	189	143	187	d0d0d0
	544	338	544	337	808080
	562	77	562	76	
	296	303	296	301	b0b0b0
	350	329	350	327	d0d0d0
	537	302	537	300	
	174	283	174	282	b0b0b0
	364	379	364	378	808080
	489	114	490	112	d0d0d0
	343	471	343	470	808080
	458	163	458	162	b0b0b0
	137	4	138	3	808080
	361	344	361	343	
	478	60	478	59	
	362	158	362	156	d0d0d0
	336	297	336	296	808080
	487	199	488	197	d0d0d0
	143	256	143	254	
	141	410	142	408	
	376	299	376	298	808080
	415	82	415	81	b0b0b0
	532	230	532	229	808080
	310	12	311	11	
	267	259	267	258	
	298	23	298	22	
	221	421	221	419	d0d0d0
	274	156	275	154	
	163	161	163	160	808080
	350	433	350	431	d0d0d0
	275	322	275	321	808080
	539	134	539	132	d0d0d0
	521	171	521	170	808080
	291	137	292	135	d0d0d0
	426	59	426	58	b0b0b0
	518	475	519	474	808080
	311	360	311	359	b0b0b0
	375	418	375	417	808080
	510	186	510	185	
	314	158	314	157	b0b0b0
	525	20	525	18	
	187	132	187	130	
	425	459	425	458	
	234	0	234	480	000050
	341		341		
	448		448		002850
	555		555		000050
	128	37	608	37	
		144		144	005000
		251		251	000050
		358		358	
		465		465	
rect	487	185	503	201	900000
triangle	363	235	371	243	00c000
line	398	435	403	421	489048
			388	423	
	403	421			204020
draw	0	0	128	480	/pictures/501.png
	608		640		/pictures/512.png
tint	102	159	110	172	ff7f00	/font/5001/30
	108		116			
	114		122			/font/5001/35
line	614	456	614	359	007fff
		359	622		
	622			456	00488f
		456	614		
rect	615	360	622	456	0070e0
line	614	231	614	231	909048
			622		
	622				505028
			614		
	614	328		232	ffff7f
		232	622		
	622			328	909048
		328	614		
rect	615	233	622	328	e0e070
line	614	105	614	103	904848
		103	622		
	622			105	502828
		105	614		
rect	615	104	622	105	703838
line	614	200	614	106	ff7f7f
		106	622		
	622			200	904848
		200	614		
rect	615	107	622	200	e07070
	634	49	636	52	7fff7f
		53		56	60c060
		57		60	
		61		64	
		65		68	
		69		72	7fff7f
		73		76	60c060
		77		80	
		81		84	
		85		88	
		89		92	7fff7f
		93		96	60c060
		97		100	
		101		104	
		105		108	
		109		112	7fff7f
		113		116	60c060
		117		120	
		121		124	
		125		128	
		129		132	7fff7f
		133		136	60c060
		137		140	
		141		144	
		145		148	
		149		152	183018
		153		156	
		157		160	
		161		164	
		165		168	
		169		172	
		173		176	
		177		180	
		181		184	
		185		188	
		189		192	
		193		196	
		197		200	
		201		204	
		205		208	
		209		212	
		213		216	
		217		220	
		221		224	
		225		228	
		229		232	
		233		236	
		237		240	
		241		244	
		245		248	
		249		252	
		253		256	
		257		260	
		261		264	
		265		268	
		269		272	
		273		276	
		277		280	
		281		284	
		285		288	
		289		292	
		293		296	
		297		300	
		301		304	
		305		308	
		309		312	
		313		316	
		317		320	
		321		324	
		325		328	
		329		332	
		333		336	
		337		340	
		341		344	
		345		348	
		349		352	
		353		356	
		357		360	
		361		364	
		365		368	
		369		372	
		373		376	
		377		380	
		381		384	
		385		388	
		389		392	
		393		396	
		397		400	
		401		404	
		405		408	
		409		412	
		413		416	
		417		420	
		421		424	
		425		428	
		429		432	
		433		436	
		437		440	
		441		444	
		445		448	
	621	52	631	56	303000
		57		61	
		62		66	
		67		71	
		72		76	
		77		81	
		82		86	
	7	7	115	115	00ff00
	8	8	114	114	001000
	37	37	85	85	003000
point	73	56	00b000
rect	12	320	121	440	001000
line	12	330	119	330	009000
tint	15	320	23	333	00ff00	/font/5001/4d
	21		29			/font/5001/41
	27		35			/font/5001/49
	33		41			/font/5001/4e
	39		47			/font/5001/20
	45		53			/font/5001/4d
	51		59			/font/5001/45
	57		65			/font/5001/4e
	63		71			/font/5001/55
line	12	343	12	332	009000
		332	120		
	120			343	005000
		343	12		
rect	13	333	120	343	007000
tint	15	332	23	345	00ff00	/font/5001/3c
	21		29			/font/5001/42
	27		35			/font/5001/75
	33		41			/font/5001/69
	39		47			/font/5001/6c
	45		53			/font/5001/64
	51		59			/font/5001/3e
	15	344	23	357		/font/5001/3c
	21		29			/font/5001/53
	27		35			/font/5001/70
	33		41			/font/5001/65
	39		47			/font/5001/63
	45		53			/font/5001/69
	51		59			/font/5001/61
	57		65			/font/5001/6c
	63		71			/font/5001/20
	69		77			/font/5001/4f
	75		83			/font/5001/72
	81		89			/font/5001/64
	87		95			/font/5001/65
	93		101			/font/5001/72
	99		107			/font/5001/73
	105		113			/font/5001/3e
	15	356	23	369		/font/5001/3c
	21		29			/font/5001/4d
	27		35			/font/5001/65
	33		41			/font/5001/73
	39		47			
	45		53			/font/5001/61
	51		59			/font/5001/67
	57		65			/font/5001/65
	63		71			/font/5001/3e
	15	368	23	381		/font/5001/3c
	21		29			/font/5001/4d
	27		35			/font/5001/69
	33		41			/font/5001/73
	39		47			
	45		53			/font/5001/69
	51		59			/font/5001/6f
	57		65			/font/5001/6e
	63		71			/font/5001/20
	69		77			/font/5001/53
	75		83			/font/5001/74
	81		89			/font/5001/61
	87		95			/font/5001/74
	93		101			/font/5001/75
	99		107			/font/5001/73
	105		113			/font/5001/3e
line	12	438	119	438	009000
rect	16	450	114	475	001010
line	17	461	17	450	00c0c0
		450	43		
	43			461	007070
		461	17		
rect	18	451	43	461	009090
tint	19	450	27	463	00ffff	/font/5001/52
	25		33			/font/5001/47
	31		39			/font/5001/48
	37		45			/font/5001/54
	43		51			/font/5001/20
	49		57			/font/5001/53
	55		63			/font/5001/65
	61		69			/font/5001/6c
	67		75			/font/5001/65
	73		81			/font/5001/63
	79		87			/font/5001/74
line	12	191	12	180	ffff00
		180	119		
	119			191	909000
		191	12		
rect	13	181	119	191	c0c000
tint	15	180	23	193	000000	/font/5001/43
	21		29			/font/5001/4f
	27		35			/font/5001/4e
	33		41			/font/5001/54
	39		47			/font/5001/52
	45		53			/font/5001/4f
	51		59			/font/5001/4c
line	14	204	35	204	489048
			14	205	
	35		35		
	14	225		225	
			14	224	
	35		35		
	12	263	12	252	007fff
		252	119		
	119			263	00488f
		263	12		
rect	13	253	119	263	0060c0
tint	15	252	23	265	000000	/font/5001/54
	21		29			/font/5001/41
	27		35			/font/5001/52
	33		41			/font/5001/47
	39		47			/font/5001/45
	45		53			/font/5001/54
line	14	276	35	276	489048
			14	277	
	35		35		
	14	297		297	
			14	296	
	35		35		
