point	353	346	808080
	605	362	b0b0b0
	591	20	d0d0d0
	397	191	b0b0b0
	256	431	d0d0d0
	275	479	808080
	168	447	
	471	143	
	535	144	b0b0b0
	363	332	808080
	142	317	b0b0b0
	566	312	d0d0d0
	267	257	808080
	180	383	b0b0b0
	263	91	808080
	286	218	
	552	149	
	258	469	b0b0b0
	501	371	
	218	335	808080
	580	179	b0b0b0
	548	316	d0d0d0
	386	34	b0b0b0
	225	460	808080
	471	385	d0d0d0
	180	68	808080
	322	482	d0d0d0
	456	124	
	414	315	
	537	347	808080
	207	311	
	513	297	b0b0b0
	401	110	808080
	260	369	
	343	420	b0b0b0
	362	129	d0d0d0
	525	291	
	192	189	808080
	534	143	b0b0b0
	230	286	d0d0d0
	496	15	808080
	368	318	b0b0b0
	236	210	d0d0d0
	260	379	808080
	286	401	b0b0b0
	196	113	d0d0d0
	598	62	808080
	304	4	d0d0d0
	290	238	
	348	120	808080
	468	67	b0b0b0
	451	340	
	147	116	d0d0d0
	556	451	808080
	546	206	d0d0d0
	552	3	
	217	198	808080
	481	262	d0d0d0
	156	387	b0b0b0
	241	179	808080
	586	457	
	221	40	
	154	398	b0b0b0
	170	143	d0d0d0
	415	52	808080
	533	429	
	364	98	
	490	479	
	401	157	
	296	108	b0b0b0
	421	259	808080
	561	215	
	139	370	b0b0b0
	553	16	808080
	559	154	
	326	315	b0b0b0
	419	121	d0d0d0
	173	451	b0b0b0
	197	267	
	461	57	
	606	359	
	374	321	808080
	572	196	
	487	113	d0d0d0
	222	195	
	294	108	808080
	277	342	
	194	99	d0d0d0
	347	480	808080
	372	96	
	512	232	
	482	385	
	518	246	b0b0b0
	173	183	
	432	275	
	510	197	808080
	396	56	d0d0d0
	504	408	808080
	485	150	
	237	269	d0d0d0
	167	317	
	213	251	
	525	151	808080
	149	72	b0b0b0
	235	166	d0d0d0
	311	453	808080
	317	225	d0d0d0
	423	304	b0b0b0
	365	233	
	172	403	
	541	237	d0d0d0
	297	450	808080
	424	174	
	299	300	b0b0b0
	555	52	d0d0d0
	271	220	808080
	477	133	d0d0d0
	524	325	808080
	587	93	
	524	271	
	552	85	
	556	423	b0b0b0
	282	391	808080
	253	15	
	154	260	
triangle	363	235	371	243	00c000
diamond	598	461	618	481	c00000
rect	482	353	484	355	ff0000
draw	0	0	128	480	/pictures/501.png
	608		640		/pictures/512.png
crop	102	159	108	171	0	36	ff7f00	/fonts/computer
	108		114					
	114		120		40			
line	614	456	614	359	007fff
		359	622		
	622			456	00488f
		456	614		
rect	615	360	622	456	0070e0
line	614	240	614	231	909048
		231	622		
	622			240	505028
		240	614		
rect	615	232	622	240	707038
line	614	328	614	241	ffff7f
		241	622		
	622			328	909048
		328	614		
rect	615	242	622	328	e0e070
line	614	103	614	103	904848
			622		
	622				502828
			614		
	614	200		104	ff7f7f
		104	622		
	622			200	904848
		200	614		
rect	615	105	622	200	e07070
	634	49	636	52	7fff7f
		53		56	60c060
		57		60	
		61		64	
		65		68	
		69		72	7fff7f
		73		76	60c060
		77		80	
		81		84	
		85		88	
		89		92	7fff7f
		93		96	60c060
		97		100	
		101		104	
		105		108	
		109		112	7fff7f
		113		116	60c060
		117		120	
		121		124	
		125		128	
		129		132	7fff7f
		133		136	60c060
		137		140	
		141		144	
		145		148	
		149		152	183018
		153		156	
		157		160	
		161		164	
		165		168	
		169		172	
		173		176	
		177		180	
		181		184	
		185		188	
		189		192	
		193		196	
		197		200	
		201		204	
		205		208	
		209		212	
		213		216	
		217		220	
		221		224	
		225		228	
		229		232	
		233		236	
		237		240	
		241		244	
		245		248	
		249		252	
		253		256	
		257		260	
		261		264	
		265		268	
		269		272	
		273		276	
		277		280	
		281		284	
		285		288	
		289		292	
		293		296	
		297		300	
		301		304	
		305		308	
		309		312	
		313		316	
		317		320	
		321		324	
		325		328	
		329		332	
		333		336	
		337		340	
		341		344	
		345		348	
		349		352	
		353		356	
		357		360	
		361		364	
		365		368	
		369		372	
		373		376	
		377		380	
		381		384	
		385		388	
		389		392	
		393		396	
		397		400	
		401		404	
		405		408	
		409		412	
		413		416	
		417		420	
		421		424	
		425		428	
		429		432	
		433		436	
		437		440	
		441		444	
		445		448	
	621	52	631	56	303000
		57		61	
		62		66	
		67		71	
		72		76	
		77		81	
		82		86	
	7	7	115	115	001000
	12	320	121	440	
line	12	330	119	330	009000
crop	15	320	21	332	104	48	00ff00	/fonts/computer
	21		27		8			
	27		33		72			
	33		39		112			
	39		45		0	24		
	45		51		104	48		
	51		57		40			
	57		63		112			
	63		69		40	60		
line	12	343	12	332	009000
		332	120		
	120			343	005000
		343	12		
rect	13	333	120	343	007000
crop	15	332	21	344	96	36	00ff00	/fonts/computer
	21		27		16	48		
	27		33		40	84		
	33		39		72	72		
	39		45		96			
	45		51		32			
	51		57		112	36		
	15	344	21	356	96			
	21		27		24	60		
	27		33		0	84		
	33		39		40	72		
	39		45		24			
	45		51		72			
	51		57		8			
	57		63		96			
	63		69		0	24		
	69		75		120	48		
	75		81		16	84		
	81		87		32	72		
	87		93		40			
	93		99		16	84		
	99		105		24			
	105		111		112	36		
	15	356	21	368	96			
	21		27		104	48		
	27		33		40	72		
	33		39		24	84		
	39		45					
	45		51		8	72		
	51		57		56			
	57		63		40			
	63		69		112	36		
	15	368	21	380	96			
	21		27		104	48		
	27		33		72	72		
	33		39		24	84		
	39		45					
	45		51		72	72		
	51		57		120			
	57		63		112			
	63		69		0	24		
	69		75		24	60		
	75		81		32	84		
	81		87		8	72		
	87		93		32	84		
	93		99		40			
	99		105		24			
	105		111		112	36		
line	12	438	119	438	009000
rect	16	450	114	475	001010
line	17	461	17	450	00c0c0
		450	43		
	43			461	007070
		461	17		
rect	18	451	43	461	009090
crop	19	450	25	462	16	60	00ffff	/fonts/computer
	25		31		56	48		
	31		37		64			
	37		43		32	60		
	43		49		0	24		
	49		55		24	60		
	55		61		40	72		
	61		67		96			
	67		73		40			
	73		79		24			
	79		85		32	84		
line	12	191	12	180	ffff00
		180	120		
	120			191	909000
		191	12		
rect	13	181	120	191	c0c000
crop	15	180	21	192	24	48	000000	/fonts/computer
	21		27		120			
	27		33		112			
	33		39		32	60		
	39		45		16			
	45		51		120	48		
	51		57		96			
line	14	204	35	204	489048
			14	205	
	35		35		
	14	225		225	
			14	224	
	35		35		
	12	263	12	252	007fff
		252	120		
	120			263	00488f
		263	12		
rect	13	253	120	263	0060c0
crop	15	252	21	264	32	60	000000	/fonts/computer
	21		27		8	48		
	27		33		16	60		
	33		39		56	48		
	39		45		40			
	45		51		32	60		
line	14	276	35	276	489048
			14	277	
	35		35		
	14	297		297	
			14	296	
	35		35		
