line	320	446	319	448	b0b0b0
	562	382	561	385	d0d0d0
	252	436	251	438	808080
	482	355	481	358	b0b0b0
	151	121	150	122	808080
	178	51	177	55	d0d0d0
	359	153	357	156	
	528	252	527	254	808080
	143	398	142	402	d0d0d0
	260	404	258	407	
	435	0	433	3	
	577	51	576	54	
	324	367	323	368	808080
	445	89	443	92	d0d0d0
	320	201	319	202	808080
	343	327	342	329	
	582	204	580	207	d0d0d0
	350	55	349	58	b0b0b0
	151	215	150	218	
	166	81	166	82	808080
	259	55	257	58	d0d0d0
	471	198	470	200	b0b0b0
	149	206	147	208	
	171	386	170	387	808080
	237	178	236	179	
	212	344	210	347	d0d0d0
	570	343	569	346	
	477	28	476	29	808080
	517	433	515	436	d0d0d0
	194	421	193	422	808080
	205	462	203	465	b0b0b0
	458	220	457	221	808080
	518	-2	517	1	b0b0b0
	372	104	371	106	
	476	348	475	351	d0d0d0
	443	24	442	26	b0b0b0
	249	299	248	300	808080
	138	400	137	402	b0b0b0
	328	14	327	15	808080
	553	125	553	126	
	251	1	250	4	b0b0b0
	257	454	256	455	808080
	342	8	341	10	
	459	58	458	59	
	310	332	308	335	d0d0d0
	463	442	462	444	808080
	418	224	417	227	d0d0d0
	155	466	154	467	808080
	405	230	404	231	
	553	231	552	234	b0b0b0
	373	32	372	35	d0d0d0
	261	335	259	338	
	274	160	272	163	
	453	432	451	435	
	536	457	535	460	b0b0b0
	274	307	273	309	808080
	420	0	418	3	d0d0d0
	528	94	526	97	
	298	289	297	290	808080
	436	129	435	131	b0b0b0
	278	149	278	151	808080
	523	55	522	57	
	396	394	395	396	b0b0b0
	472	161	471	163	808080
	541	87	540	89	b0b0b0
	421	207	421	209	808080
	444	216	442	219	d0d0d0
	458	267	457	268	808080
	382	272	381	275	b0b0b0
	478	369	477	370	808080
	146	152	144	155	d0d0d0
	187	34	186	36	b0b0b0
	131	145	129	148	
	136	442	135	444	808080
	477	-2	476	1	b0b0b0
	533	340	531	343	d0d0d0
	401	136	399	138	b0b0b0
	225	419	223	422	d0d0d0
	546	222	545	224	b0b0b0
	183	394	183	396	808080
	580	405	579	408	b0b0b0
	158	326	157	329	
	601	332	599	335	d0d0d0
	565	416	563	419	
	351	218	350	219	808080
	188	302	187	305	d0d0d0
	308	318	307	321	
	605	164	604	166	b0b0b0
	429	206	429	207	808080
	569	341	569	343	
	326	27	324	30	d0d0d0
	242	413	241	415	b0b0b0
	258	348	257	350	
	242	433	240	436	d0d0d0
	567	307	566	308	808080
	510	275	508	278	d0d0d0
	271	56	270	58	b0b0b0
	542	259	541	261	808080
	555	7	554	9	b0b0b0
	577	57	575	60	d0d0d0
	136	473	134	476	b0b0b0
	582	261	581	262	808080
	235	236	233	239	b0b0b0
	177	408	175	410	
	459	122	458	125	
	313	457	312	460	
	402	470	400	473	d0d0d0
	418	373	417	376	
	208	87	207	89	b0b0b0
	529	469	528	470	808080
	246	79	245	81	
	481	284	480	285	
	320	468	319	470	
	187	36	186	39	d0d0d0
	328	329	327	331	808080
	591	353	589	356	d0d0d0
	178	315	176	317	b0b0b0
	449	401	447	404	d0d0d0
	581	380	580	382	808080
	547	143	545	146	d0d0d0
	255	21	254	22	808080
	310	125	309	126	
	211	370	211	371	
	225	0	225	480	002850
	402		402		
	579		579		
	128	120	608	120	005000
		297		297	002850
		474		474	
rect	591	132	607	148	900000
triangle	363	235	371	243	00c000
diamond	547	305	567	325	c00000
line	271	413	284	405	489048
			271	398	
	284	405			204020
draw	0	0	128	480	/pictures/501.png
	608		640		/pictures/512.png
crop	102	159	108	171	0	36	ff7f00	/fonts/computer
	108		114					
	114		120		40			
line	614	456	614	359	007fff
		359	622		
	622			456	00488f
		456	614		
rect	615	360	622	456	0070e0
line	614	246	614	231	909048
		231	622		
	622			246	505028
		246	614		
rect	615	232	622	246	707038
line	614	328	614	247	ffff7f
		247	622		
	622			328	909048
		328	614		
rect	615	248	622	328	e0e070
line	614	105	614	103	904848
		103	622		
	622			105	502828
		105	614		
rect	615	104	622	105	703838
line	614	200	614	106	ff7f7f
		106	622		
	622			200	904848
		200	614		
rect	615	107	622	200	e07070
	634	49	636	52	7fff7f
		53		56	60c060
		57		60	
		61		64	
		65		68	
		69		72	7fff7f
		73		76	60c060
		77		80	
		81		84	
		85		88	
		89		92	7fff7f
		93		96	60c060
		97		100	
		101		104	
		105		108	
		109		112	7fff7f
		113		116	60c060
		117		120	
		121		124	
		125		128	
		129		132	7fff7f
		133		136	60c060
		137		140	
		141		144	
		145		148	
		149		152	183018
		153		156	
		157		160	
		161		164	
		165		168	
		169		172	
		173		176	
		177		180	
		181		184	
		185		188	
		189		192	
		193		196	
		197		200	
		201		204	
		205		208	
		209		212	
		213		216	
		217		220	
		221		224	
		225		228	
		229		232	
		233		236	
		237		240	
		241		244	
		245		248	
		249		252	
		253		256	
		257		260	
		261		264	
		265		268	
		269		272	
		273		276	
		277		280	
		281		284	
		285		288	
		289		292	
		293		296	
		297		300	
		301		304	
		305		308	
		309		312	
		313		316	
		317		320	
		321		324	
		325		328	
		329		332	
		333		336	
		337		340	
		341		344	
		345		348	
		349		352	
		353		356	
		357		360	
		361		364	
		365		368	
		369		372	
		373		376	
		377		380	
		381		384	
		385		388	
		389		392	
		393		396	
		397		400	
		401		404	
		405		408	
		409		412	
		413		416	
		417		420	
		421		424	
		425		428	
		429		432	
		433		436	
		437		440	
		441		444	
		445		448	
	621	52	631	56	303000
		57		61	
		62		66	
		67		71	
		72		76	
		77		81	
		82		86	
	7	7	115	115	00ff00
	8	8	114	114	001000
	11	11	111	111	003000
point	107	50	007000
	97	91	
	69	46	
rect	12	320	121	440	001000
line	12	330	119	330	009000
crop	15	320	21	332	104	48	00ff00	/fonts/computer
	21		27		8			
	27		33		72			
	33		39		112			
	39		45		0	24		
	45		51		104	48		
	51		57		40			
	57		63		112			
	63		69		40	60		
line	12	343	12	332	009000
		332	120		
	120			343	005000
		343	12		
rect	13	333	120	343	007000
crop	15	332	21	344	96	36	00ff00	/fonts/computer
	21		27		16	48		
	27		33		40	84		
	33		39		72	72		
	39		45		96			
	45		51		32			
	51		57		112	36		
	15	344	21	356	96			
	21		27		24	60		
	27		33		0	84		
	33		39		40	72		
	39		45		24			
	45		51		72			
	51		57		8			
	57		63		96			
	63		69		0	24		
	69		75		120	48		
	75		81		16	84		
	81		87		32	72		
	87		93		40			
	93		99		16	84		
	99		105		24			
	105		111		112	36		
	15	356	21	368	96			
	21		27		104	48		
	27		33		40	72		
	33		39		24	84		
	39		45					
	45		51		8	72		
	51		57		56			
	57		63		40			
	63		69		112	36		
	15	368	21	380	96			
	21		27		104	48		
	27		33		72	72		
	33		39		24	84		
	39		45					
	45		51		72	72		
	51		57		120			
	57		63		112			
	63		69		0	24		
	69		75		24	60		
	75		81		32	84		
	81		87		8	72		
	87		93		32	84		
	93		99		40			
	99		105		24			
	105		111		112	36		
line	12	438	119	438	009000
rect	16	450	114	475	001010
line	17	461	17	450	00c0c0
		450	43		
	43			461	007070
		461	17		
rect	18	451	43	461	009090
crop	19	450	25	462	16	60	00ffff	/fonts/computer
	25		31		56	48		
	31		37		64			
	37		43		32	60		
	43		49		0	24		
	49		55		24	60		
	55		61		40	72		
	61		67		96			
	67		73		40			
	73		79		24			
	79		85		32	84		
line	12	191	12	180	ffff00
		180	120		
	120			191	909000
		191	12		
rect	13	181	120	191	c0c000
crop	15	180	21	192	24	48	000000	/fonts/computer
	21		27		120			
	27		33		112			
	33		39		32	60		
	39		45		16			
	45		51		120	48		
	51		57		96			
line	14	204	35	204	489048
			14	205	
	35		35		
	14	225		225	
			14	224	
	35		35		
	12	263	12	252	007fff
		252	120		
	120			263	00488f
		263	12		
rect	13	253	120	263	0060c0
crop	15	252	21	264	32	60	000000	/fonts/computer
	21		27		8	48		
	27		33		16	60		
	33		39		56	48		
	39		45		40			
	45		51		32	60		
line	14	276	35	276	489048
			14	277	
	35		35		
	14	297		297	
			14	296	
	35		35		
