line	398	163	398	164	b0b0b0
	185	28	185	30	d0d0d0
	304	248	304	248	808080
	560	73	560	74	b0b0b0
	538	412	538	413	808080
	259	315	259	316	
	419	257	419	258	d0d0d0
	580	64	580	65	808080
	247	22	247	23	d0d0d0
	363	27	363	28	
	230	197	230	198	b0b0b0
	323	315	323	316	808080
	376	179	376	179	
	221	335	221	335	
	372	12	372	13	
	395	139	395	139	
	181	152	181	152	
	186	42	186	42	b0b0b0
	155	156	155	157	808080
	132	93	132	93	b0b0b0
	130	325	130	326	808080
	239	316	239	317	
	189	396	189	397	b0b0b0
	433	427	433	428	808080
	223	198	223	198	
	534	464	533	465	b0b0b0
	222	461	222	462	808080
	162	167	162	167	
	354	163	354	164	d0d0d0
	344	445	344	446	b0b0b0
	246	233	246	233	808080
	282	180	282	181	b0b0b0
	509	31	509	32	808080
	290	444	290	445	
	342	244	342	245	d0d0d0
	439	451	439	452	
	171	306	171	307	808080
	301	110	301	111	
	216	117	216	118	b0b0b0
	594	306	594	306	808080
	164	385	164	386	b0b0b0
	515	292	515	292	808080
	309	266	309	266	
	498	125	497	126	d0d0d0
	202	419	202	420	808080
	423	446	423	446	b0b0b0
	515	254	515	254	808080
	160	328	160	329	d0d0d0
	207	278	207	278	808080
	456	42	456	42	
	352	464	352	465	b0b0b0
	182	305	182	306	808080
	587	438	587	439	d0d0d0
	176	265	176	266	
	557	55	556	56	
	134	119	134	120	b0b0b0
	326		326	119	808080
	359	197	359	198	b0b0b0
	316	268	315	269	
	350	100	349	101	808080
	342	377	342	377	
	191	422	191	423	b0b0b0
	303	283	303	284	
	474	111	473	112	
	363	452	363	452	808080
	555	348	555	348	
	473	19	473	19	
	606	358	606	359	b0b0b0
	509	79	509	79	808080
	588	468	587	469	b0b0b0
	530	180	530	181	808080
	502	365	502	366	
	597	232	597	232	b0b0b0
	324	299	324	300	d0d0d0
	187	254	187	255	808080
	288	197	287	197	b0b0b0
	156	305	156	306	d0d0d0
	311	287	311	288	
	329	42	329	43	
	149	100	149	101	
	235	206	235	207	808080
	162	204	162	205	
	236	44	236	44	b0b0b0
	151	465	151	466	808080
	535	457	535	458	b0b0b0
	402	29	402	30	808080
	184	405	183	406	d0d0d0
	396	421	395	422	
	345	476	345	477	808080
	481	18	481	18	
	165	410	165	410	
	289	303	289	303	
	320	130	320	131	b0b0b0
	336	65	336	66	
	346	56	345	57	d0d0d0
	139	232	139	233	808080
	277	404	277	404	b0b0b0
	340	180	339	181	d0d0d0
	593	71	593	72	808080
	284	382	284	383	d0d0d0
	542	351	542	352	
	213	191	213	192	b0b0b0
	166	107	166	107	
	464	434	464	434	
	255	126	254	126	
	248	441	248	442	808080
	391	175	391	176	b0b0b0
	506	93	506	94	d0d0d0
	248	475	248	476	b0b0b0
	292	221	292	222	d0d0d0
	581	281	581	281	808080
	284	318	283	318	b0b0b0
	532	96	532	96	808080
	372	280	372	281	
	149	127	149	128	
	380	141	380	142	
	193	154	193	155	b0b0b0
	256	32	255	33	
	552	24	552	25	d0d0d0
	385	441	385	442	b0b0b0
	591	358	590	359	
	404	361	404	362	808080
	606	149	606	150	d0d0d0
	353	416	353	417	808080
	263	182	263	182	
rect	311	0	312	481	005000
	545		546		
	128	2	609	3	
		236		237	
		470		471	
	484	1	500	17	900000
triangle	363	235	371	243	00c000
diamond	473	42	493	62	c00000
	293	409	309	425	0060c0
line	330	435	340	423	489048
			325	420	
	340	423			204020
draw	0	0	128	480	/pictures/501.png
	608		640		/pictures/512.png
crop	102	159	108	171	0	36	ff7f00	/fonts/computer.png
	108		114					
	114		120		40			
rect	614	359	615	457	007fff
			623	360	
	622			457	00488f
	614	456			
	615	360	622	456	0070e0
	614	231	615	248	909048
			623	232	
	622			248	505028
	614	247			
	615	232	622	247	707038
	614	248	615	329	ffff7f
			623	249	
	622			329	909048
	614	328			
	615	249	622	328	e0e070
	614	103	615	106	904848
			623	104	
	622			106	502828
	614	105			
	615	104	622	105	703838
	614	106	615	201	ff7f7f
			623	107	
	622			201	904848
	614	200			
	615	107	622	200	e07070
	634	49	636	52	7fff7f
		53		56	60c060
		57		60	
		61		64	
		65		68	
		69		72	7fff7f
		73		76	60c060
		77		80	
		81		84	
		85		88	
		89		92	7fff7f
		93		96	60c060
		97		100	
		101		104	
		105		108	
		109		112	7fff7f
		113		116	60c060
		117		120	
		121		124	
		125		128	
		129		132	7fff7f
		133		136	60c060
		137		140	
		141		144	
		145		148	
		149		152	183018
		153		156	
		157		160	
		161		164	
		165		168	
		169		172	
		173		176	
		177		180	
		181		184	
		185		188	
		189		192	
		193		196	
		197		200	
		201		204	
		205		208	
		209		212	
		213		216	
		217		220	
		221		224	
		225		228	
		229		232	
		233		236	
		237		240	
		241		244	
		245		248	
		249		252	
		253		256	
		257		260	
		261		264	
		265		268	
		269		272	
		273		276	
		277		280	
		281		284	
		285		288	
		289		292	
		293		296	
		297		300	
		301		304	
		305		308	
		309		312	
		313		316	
		317		320	
		321		324	
		325		328	
		329		332	
		333		336	
		337		340	
		341		344	
		345		348	
		349		352	
		353		356	
		357		360	
		361		364	
		365		368	
		369		372	
		373		376	
		377		380	
		381		384	
		385		388	
		389		392	
		393		396	
		397		400	
		401		404	
		405		408	
		409		412	
		413		416	
		417		420	
		421		424	
		425		428	
		429		432	
		433		436	
		437		440	
		441		444	
		445		448	
	621	52	631	56	303000
		57		61	
		62		66	
		67		71	
		72		76	
		77		81	
		82		86	
	7	7	115	115	00ff00
	8	8	114	114	001000
					003000
	12	320	121	440	001000
		330	120	331	009000
		332	13	344	
			121	333	
	120			344	005000
	12	343			
	13	333	120	343	007000
	12	438		439	009000
	16	450	114	475	001010
	17		18	462	00c0c0
			44	451	
	43			462	007070
	17	461			
	18	451	43	461	009090
crop	15	320	21	332	104	48	00ff00	/fonts/computer.png
	21		27		8			
	27		33		72			
	33		39		112			
	39		45		0	24		
	45		51		104	48		
	51		57		40			
	57		63		112			
	63		69		40	60		
	15	332	21	344	96	36		
	21		27		16	48		
	27		33		40	84		
	33		39		72	72		
	39		45		96			
	45		51		32			
	51		57		112	36		
	15	344	21	356	96			
	21		27		24	60		
	27		33		0	84		
	33		39		40	72		
	39		45		24			
	45		51		72			
	51		57		8			
	57		63		96			
	63		69		0	24		
	69		75		120	48		
	75		81		16	84		
	81		87		32	72		
	87		93		40			
	93		99		16	84		
	99		105		24			
	105		111		112	36		
	15	356	21	368	96			
	21		27		104	48		
	27		33		40	72		
	33		39		24	84		
	39		45					
	45		51		8	72		
	51		57		56			
	57		63		40			
	63		69		112	36		
	15	368	21	380	96			
	21		27		104	48		
	27		33		72	72		
	33		39		24	84		
	39		45					
	45		51		72	72		
	51		57		120			
	57		63		112			
	63		69		0	24		
	69		75		24	60		
	75		81		32	84		
	81		87		8	72		
	87		93		32	84		
	93		99		40			
	99		105		24			
	105		111		112	36		
	19	450	25	462	16	60	00ffff	
	25		31		56	48		
	31		37		64			
	37		43		32	60		
	43		49		0	24		
	49		55		24	60		
	55		61		40	72		
	61		67		96			
	67		73		40			
	73		79		24			
	79		85		32	84		
rect	12	180	13	192	ffff00
			121	181	
	120			192	909000
	12	191			
	13	181	120	191	c0c000
crop	15	180	21	192	24	48	000000	/fonts/computer.png
	21		27		120			
	27		33		112			
	33		39		32	60		
	39		45		16			
	45		51		120	48		
	51		57		96			
rect	14	204	36	205	489048
			15	206	
	35		36		
	14	225		226	
		224	15		
	35		36		
	12	252	13	264	007fff
			121	253	
	120			264	00488f
	12	263			
	13	253	120	263	0060c0
crop	15	252	21	264	32	60	000000	/fonts/computer.png
	21		27		8	48		
	27		33		16	60		
	33		39		56	48		
	39		45		40			
	45		51		32	60		
rect	14	276	36	277	489048
			15	278	
	35		36		
	14	297		298	
		296	15		
	35		36		
