point	482	64	b0b0b0
	172	208	d0d0d0
	420	181	808080
	495	117	b0b0b0
	175	221	808080
	376	248	
	293	91	b0b0b0
	550	78	
	385	368	d0d0d0
	212	202	b0b0b0
	458	129	d0d0d0
	440	248	808080
	492	112	
	337	267	
	605	17	
	604	204	b0b0b0
	491	125	
	569	227	
	162	133	
	334	472	
	247	258	808080
	355	249	
	364	295	b0b0b0
	550	360	808080
	339	130	
	274	102	d0d0d0
	338	394	808080
	278	99	
	393	27	d0d0d0
	519	345	b0b0b0
	362	165	808080
	420	76	b0b0b0
	296	427	
	407	377	808080
	183	110	d0d0d0
	190	373	
	287	239	808080
	256	43	
	358	49	
	249	117	b0b0b0
	339	284	
	161	220	
	425	198	808080
	165	473	
	318	352	
	596	287	b0b0b0
	171	393	d0d0d0
	394	194	
	323	210	808080
	160	282	
	527	363	b0b0b0
	298	238	808080
	437	23	d0d0d0
	380	62	808080
	211	305	b0b0b0
	544	28	d0d0d0
	146	242	808080
	591	346	d0d0d0
	490	167	b0b0b0
	601	266	808080
	459	309	
	366	321	b0b0b0
	478	182	
	496	8	808080
	479	385	
	222	357	b0b0b0
	388	407	
	605	186	d0d0d0
	549	18	b0b0b0
	231	198	808080
	201	303	d0d0d0
	137	418	808080
	237	185	
	601	399	b0b0b0
	304	187	808080
	227	17	
	591	304	
	563	117	d0d0d0
	308	27	b0b0b0
	482	445	d0d0d0
	352	139	808080
	278	137	
	438	56	b0b0b0
	267	398	808080
	196	264	
	481	407	d0d0d0
	417	271	
	138	403	808080
	462	409	
	277	424	d0d0d0
	281	343	808080
	405	236	
	285	96	d0d0d0
	527	444	b0b0b0
	310	419	
	255	165	808080
	452	303	b0b0b0
	221	42	d0d0d0
	331	351	
	561	94	808080
	254	457	b0b0b0
	442	60	808080
	568	313	
	148	418	
	138	25	b0b0b0
	364	374	808080
	580	289	
	386	457	
	423	375	b0b0b0
	486	65	
	261	245	
	458	217	
	197	58	d0d0d0
	488	213	808080
	557	100	
	285	75	
	466	71	d0d0d0
	481	389	
	227	213	
	574	220	808080
	594	323	b0b0b0
	520	294	808080
	196	167	b0b0b0
	469	349	808080
	380	115	
line	217	0	217	480	002850
	396		396		000050
	575		575		
	128	148	608	148	
		327		327	
draw	361	234	372	246	/sprites/521.SMIV/1
	500	158	533	191	/sprites/590.SMIV/9
	499	277	508	283	/sprites/541.SMIV/24
line	411	45	401	56	489048
			415	60	
	401	56			204020
draw	0	0	128	480	/pictures/501.png
	608		640		/pictures/512.png
tint	102	159	110	172	ff7f00	/font/5001/30
	108		116			
	114		122			/font/5001/35
line	614	456	614	359	007fff
		359	622		
	622			456	00488f
		456	614		
rect	615	360	622	456	0070e0
line	614	231	614	231	909048
			622		
	622				505028
			614		
	614	328		232	ffff7f
		232	622		
	622			328	909048
		328	614		
rect	615	233	622	328	e0e070
line	614	106	614	103	904848
		103	622		
	622			106	502828
		106	614		
rect	615	104	622	106	703838
line	614	200	614	107	ff7f7f
		107	622		
	622			200	904848
		200	614		
rect	615	108	622	200	e07070
	634	49	636	52	7fff7f
		53		56	60c060
		57		60	
		61		64	
		65		68	
		69		72	7fff7f
		73		76	60c060
		77		80	
		81		84	
		85		88	
		89		92	7fff7f
		93		96	60c060
		97		100	
		101		104	
		105		108	
		109		112	7fff7f
		113		116	60c060
		117		120	
		121		124	
		125		128	
		129		132	7fff7f
		133		136	60c060
		137		140	
		141		144	
		145		148	
		149		152	183018
		153		156	
		157		160	
		161		164	
		165		168	
		169		172	
		173		176	
		177		180	
		181		184	
		185		188	
		189		192	
		193		196	
		197		200	
		201		204	
		205		208	
		209		212	
		213		216	
		217		220	
		221		224	
		225		228	
		229		232	
		233		236	
		237		240	
		241		244	
		245		248	
		249		252	
		253		256	
		257		260	
		261		264	
		265		268	
		269		272	
		273		276	
		277		280	
		281		284	
		285		288	
		289		292	
		293		296	
		297		300	
		301		304	
		305		308	
		309		312	
		313		316	
		317		320	
		321		324	
		325		328	
		329		332	
		333		336	
		337		340	
		341		344	
		345		348	
		349		352	
		353		356	
		357		360	
		361		364	
		365		368	
		369		372	
		373		376	
		377		380	
		381		384	
		385		388	
		389		392	
		393		396	
		397		400	
		401		404	
		405		408	
		409		412	
		413		416	
		417		420	
		421		424	
		425		428	
		429		432	
		433		436	
		437		440	
		441		444	
		445		448	
	621	52	631	56	303000
		57		61	
		62		66	
		67		71	
		72		76	
		77		81	
		82		86	
	7	7	115	115	00ff00
	8	8	114	114	001000
	47	47	75	75	003000
point	111	96	007000
	69	57	
		61	
			
	74	59	
rect	12	320	121	440	001000
line	12	330	119	330	009000
tint	15	320	23	333	00ff00	/font/5001/4d
	21		29			/font/5001/41
	27		35			/font/5001/49
	33		41			/font/5001/4e
	39		47			/font/5001/20
	45		53			/font/5001/4d
	51		59			/font/5001/45
	57		65			/font/5001/4e
	63		71			/font/5001/55
line	12	343	12	332	009000
		332	120		
	120			343	005000
		343	12		
rect	13	333	120	343	007000
tint	15	332	23	345	00ff00	/font/5001/3c
	21		29			/font/5001/42
	27		35			/font/5001/75
	33		41			/font/5001/69
	39		47			/font/5001/6c
	45		53			/font/5001/64
	51		59			/font/5001/3e
	15	344	23	357		/font/5001/3c
	21		29			/font/5001/53
	27		35			/font/5001/70
	33		41			/font/5001/65
	39		47			/font/5001/63
	45		53			/font/5001/69
	51		59			/font/5001/61
	57		65			/font/5001/6c
	63		71			/font/5001/20
	69		77			/font/5001/4f
	75		83			/font/5001/72
	81		89			/font/5001/64
	87		95			/font/5001/65
	93		101			/font/5001/72
	99		107			/font/5001/73
	105		113			/font/5001/3e
	15	356	23	369		/font/5001/3c
	21		29			/font/5001/4d
	27		35			/font/5001/65
	33		41			/font/5001/73
	39		47			
	45		53			/font/5001/61
	51		59			/font/5001/67
	57		65			/font/5001/65
	63		71			/font/5001/3e
	15	368	23	381		/font/5001/3c
	21		29			/font/5001/4d
	27		35			/font/5001/69
	33		41			/font/5001/73
	39		47			
	45		53			/font/5001/69
	51		59			/font/5001/6f
	57		65			/font/5001/6e
	63		71			/font/5001/20
	69		77			/font/5001/53
	75		83			/font/5001/74
	81		89			/font/5001/61
	87		95			/font/5001/74
	93		101			/font/5001/75
	99		107			/font/5001/73
	105		113			/font/5001/3e
line	12	438	119	438	009000
rect	16	450	114	475	001010
line	17	461	17	450	00c0c0
		450	43		
	43			461	007070
		461	17		
rect	18	451	43	461	009090
tint	19	450	27	463	00ffff	/font/5001/52
	25		33			/font/5001/47
	31		39			/font/5001/48
	37		45			/font/5001/54
	43		51			/font/5001/20
	49		57			/font/5001/53
	55		63			/font/5001/65
	61		69			/font/5001/6c
	67		75			/font/5001/65
	73		81			/font/5001/63
	79		87			/font/5001/74
line	12	191	12	180	ffff00
		180	119		
	119			191	909000
		191	12		
rect	13	181	119	191	c0c000
tint	15	180	23	193	000000	/font/5001/43
	21		29			/font/5001/4f
	27		35			/font/5001/4e
	33		41			/font/5001/54
	39		47			/font/5001/52
	45		53			/font/5001/4f
	51		59			/font/5001/4c
line	14	204	35	204	489048
			14	205	
	35		35		
	14	225		225	
			14	224	
	35		35		
	12	263	12	252	007fff
		252	119		
	119			263	00488f
		263	12		
rect	13	253	119	263	0060c0
tint	15	252	23	265	000000	/font/5001/54
	21		29			/font/5001/41
	27		35			/font/5001/52
	33		41			/font/5001/47
	39		47			/font/5001/45
	45		53			/font/5001/54
line	14	276	35	276	489048
			14	277	
	35		35		
	14	297		297	
			14	296	
	35		35		
