	520	325	521	324	d0d0d0
	257	62	258	62	808080
	539	452	539	451	
	597	318	597	318	
	291	188	291	186	d0d0d0
	470	127	470	126	808080
	480	158	481	157	
	283	377	284	376	b0b0b0
	193	454	193	453	
	574	385	575	384	808080
	568	178	568	177	b0b0b0
	175	47	175	46	808080
	377	470	377	469	
	129	457	129	456	b0b0b0
	138	432	138	431	d0d0d0
	452	166	453	164	
	247	424	247	423	b0b0b0
	253	154	253	153	
	263	451	263	450	
	196	191	196	190	808080
	319	374	319	374	
	149	18	149	17	d0d0d0
	130	464	130	462	
	204	106	204	105	808080
	157	253	157	252	b0b0b0
	441	168	441	167	808080
	139	128	139	127	d0d0d0
	314	240	315	239	b0b0b0
	206	303	207	302	
	180	252	180	251	808080
	531	87	532	85	d0d0d0
	311	386	311	384	
	143	84	144	83	808080
	468	291	468	290	b0b0b0
	441	52	442	51	d0d0d0
	223	128	223	127	b0b0b0
	563	409	563	408	d0d0d0
	518	130	519	129	b0b0b0
	533	169	533	169	808080
	297	65	297	64	b0b0b0
	212	134	213	132	d0d0d0
	399	45	399	44	808080
	549	204	549	202	d0d0d0
	429	46	430	44	
	257	125	257	124	808080
	346	399	346	398	
	129	158	130	157	
	293	112	293	110	d0d0d0
	591	178	591	178	808080
	160	66	160	65	
	368	113	368	112	
	454	70	455	69	d0d0d0
	333	24	334	22	
	525	183	525	182	808080
	193	404	193	403	
	549	135	549	134	
	215	251	215	250	
	360	353	361	352	b0b0b0
	480	410	481	409	
	257	473	258	472	808080
	250	276	250	275	b0b0b0
	202	376	203	375	
	536	316	537	315	d0d0d0
	271	162	271	161	b0b0b0
	268	64	268	63	d0d0d0
	421	426	421	425	
	202	300	203	298	
	233	112	233	111	808080
	526	432	526	431	
	506	368	507	367	d0d0d0
	301	404	301	403	808080
	191	247	192	245	d0d0d0
	604	478	604	476	
	383	381	384	380	b0b0b0
	303	285	304	283	d0d0d0
	312	381	313	380	
	400	224	400	223	808080
	165	97	165	97	
	539	101	539	100	
	191	165	192	163	d0d0d0
	549	359	550	358	b0b0b0
	389	14	389	13	808080
	518	76	518	75	
	178	335	179	334	b0b0b0
	361	306	361	305	808080
	240	62	240	61	b0b0b0
	307	27	308	26	d0d0d0
	296	148	296	147	808080
	352	237	352	237	
	202	218	202	217	d0d0d0
	236	215	236	213	b0b0b0
	189	170	189	169	
	457	288	457	287	808080
	134	139	135	138	b0b0b0
	335	122	336	121	
	457	382	457	381	
	354	100	355	99	
	206	182	207	181	d0d0d0
	457	278	457	277	
	441	452	441	451	808080
	369	422	369	422	
	541	180	541	179	
	440	118	440	118	
	337	432	337	431	d0d0d0
	357	408	357	407	b0b0b0
	145	338	146	337	d0d0d0
	487	325	487	324	b0b0b0
	364	474	364	473	
	262	289	262	288	808080
	154	402	155	401	
	276	444	276	443	
	492	143	492	143	
	372	308	373	307	d0d0d0
	480	182	481	181	
	499	458	499	457	808080
	208	412	209	411	b0b0b0
	203	245	203	245	808080
	148	472	149	471	b0b0b0
	529	223	529	222	808080
	391	358	392	357	b0b0b0
	556	404	557	402	d0d0d0
	385	172	385	171	808080
	547	264	547	263	
	318	384	318	383	
	597	383	597	381	d0d0d0
	413	0	413	480	005000
	128	156	608	156	002850
triangle	363	235	371	243	00c000
diamond	422	415	438	431	0060c0
dither	200	50	339	67	003030
tint	204	54	212	66	000000	/font/5000/5a
	211		219			/font/5000/6f
	218		226			
	225		233			/font/5000/6d
	232		240			/font/5000/20
	239		247			/font/5000/74
	246		254			/font/5000/6f
	253		261			/font/5000/20
	260		268			/font/5000/41
	267		275			/font/5000/6c
	274		282			
	281		289			/font/5000/20
	288		296			/font/5000/4f
	295		303			/font/5000/62
	302		310			/font/5000/6a
	309		317			/font/5000/65
	316		324			/font/5000/63
	323		331			/font/5000/74
	330		338			/font/5000/73
	203	53	211	65	00ffff	/font/5000/5a
	210		218			/font/5000/6f
	217		225			
	224		232			/font/5000/6d
	231		239			/font/5000/20
	238		246			/font/5000/74
	245		253			/font/5000/6f
	252		260			/font/5000/20
	259		267			/font/5000/41
	266		274			/font/5000/6c
	273		281			
	280		288			/font/5000/20
	287		295			/font/5000/4f
	294		302			/font/5000/62
	301		309			/font/5000/6a
	308		316			/font/5000/65
	315		323			/font/5000/63
	322		330			/font/5000/74
	329		337			/font/5000/73
line	424	49	413	59	489048
			427	64	
	413	59			204020
draw	0	0	128	480	/pictures/501.png
	608		640		/pictures/512.png
tint	102	159	110	172	ff7f00	/font/5001/30
	108		116			
	114		122			/font/5001/35
line	614	456	614	359	007fff
		359	622		
	622			456	00488f
		456	614		
rect	615	360	622	456	0070e0
line	614	231	614	231	909048
			622		
	622				505028
			614		
	614	328		232	ffff7f
		232	622		
	622			328	909048
		328	614		
rect	615	233	622	328	e0e070
line	614	106	614	103	904848
		103	622		
	622			106	502828
		106	614		
rect	615	104	622	106	703838
line	614	200	614	107	ff7f7f
		107	622		
	622			200	904848
		200	614		
rect	615	108	622	200	e07070
	634	49	636	52	7fff7f
		53		56	60c060
		57		60	
		61		64	
		65		68	
		69		72	7fff7f
		73		76	60c060
		77		80	
		81		84	
		85		88	
		89		92	7fff7f
		93		96	60c060
		97		100	
		101		104	
		105		108	
		109		112	7fff7f
		113		116	60c060
		117		120	
		121		124	
		125		128	
		129		132	7fff7f
		133		136	60c060
		137		140	
		141		144	
		145		148	
		149		152	183018
		153		156	
		157		160	
		161		164	
		165		168	
		169		172	
		173		176	
		177		180	
		181		184	
		185		188	
		189		192	
		193		196	
		197		200	
		201		204	
		205		208	
		209		212	
		213		216	
		217		220	
		221		224	
		225		228	
		229		232	
		233		236	
		237		240	
		241		244	
		245		248	
		249		252	
		253		256	
		257		260	
		261		264	
		265		268	
		269		272	
		273		276	
		277		280	
		281		284	
		285		288	
		289		292	
		293		296	
		297		300	
		301		304	
		305		308	
		309		312	
		313		316	
		317		320	
		321		324	
		325		328	
		329		332	
		333		336	
		337		340	
		341		344	
		345		348	
		349		352	
		353		356	
		357		360	
		361		364	
		365		368	
		369		372	
		373		376	
		377		380	
		381		384	
		385		388	
		389		392	
		393		396	
		397		400	
		401		404	
		405		408	
		409		412	
		413		416	
		417		420	
		421		424	
		425		428	
		429		432	
		433		436	
		437		440	
		441		444	
		445		448	
	621	52	631	56	303000
		57		61	
		62		66	
		67		71	
		72		76	
		77		81	
		82		86	
	7	7	115	115	00ff00
	8	8	114	114	001000
	36	36	86	86	003000
point	95	17	007000
	69	81	
rect	12	320	121	440	001000
line	12	330	119	330	009000
tint	15	320	23	333	00ff00	/font/5001/4d
	21		29			/font/5001/41
	27		35			/font/5001/49
	33		41			/font/5001/4e
	39		47			/font/5001/20
	45		53			/font/5001/4d
	51		59			/font/5001/45
	57		65			/font/5001/4e
	63		71			/font/5001/55
line	12	343	12	332	009000
		332	120		
	120			343	005000
		343	12		
rect	13	333	120	343	007000
tint	15	332	23	345	00ff00	/font/5001/3c
	21		29			/font/5001/42
	27		35			/font/5001/75
	33		41			/font/5001/69
	39		47			/font/5001/6c
	45		53			/font/5001/64
	51		59			/font/5001/3e
	15	344	23	357		/font/5001/3c
	21		29			/font/5001/53
	27		35			/font/5001/70
	33		41			/font/5001/65
	39		47			/font/5001/63
	45		53			/font/5001/69
	51		59			/font/5001/61
	57		65			/font/5001/6c
	63		71			/font/5001/20
	69		77			/font/5001/4f
	75		83			/font/5001/72
	81		89			/font/5001/64
	87		95			/font/5001/65
	93		101			/font/5001/72
	99		107			/font/5001/73
	105		113			/font/5001/3e
	15	356	23	369		/font/5001/3c
	21		29			/font/5001/4d
	27		35			/font/5001/65
	33		41			/font/5001/73
	39		47			
	45		53			/font/5001/61
	51		59			/font/5001/67
	57		65			/font/5001/65
	63		71			/font/5001/3e
	15	368	23	381		/font/5001/3c
	21		29			/font/5001/4d
	27		35			/font/5001/69
	33		41			/font/5001/73
	39		47			
	45		53			/font/5001/69
	51		59			/font/5001/6f
	57		65			/font/5001/6e
	63		71			/font/5001/20
	69		77			/font/5001/53
	75		83			/font/5001/74
	81		89			/font/5001/61
	87		95			/font/5001/74
	93		101			/font/5001/75
	99		107			/font/5001/73
	105		113			/font/5001/3e
line	12	438	119	438	009000
rect	16	450	114	475	001010
line	17	461	17	450	00c0c0
		450	43		
	43			461	007070
		461	17		
rect	18	451	43	461	009090
tint	19	450	27	463	00ffff	/font/5001/52
	25		33			/font/5001/47
	31		39			/font/5001/48
	37		45			/font/5001/54
	43		51			/font/5001/20
	49		57			/font/5001/53
	55		63			/font/5001/65
	61		69			/font/5001/6c
	67		75			/font/5001/65
	73		81			/font/5001/63
	79		87			/font/5001/74
line	12	191	12	180	ffff00
		180	120		
	120			191	909000
		191	12		
rect	13	181	120	191	c0c000
tint	15	180	23	193	000000	/font/5001/43
	21		29			/font/5001/4f
	27		35			/font/5001/4e
	33		41			/font/5001/54
	39		47			/font/5001/52
	45		53			/font/5001/4f
	51		59			/font/5001/4c
line	14	204	35	204	489048
			14	205	
	35		35		
	14	225		225	
			14	224	
	35		35		
	12	263	12	252	007fff
		252	120		
	120			263	00488f
		263	12		
rect	13	253	120	263	0060c0
tint	15	252	23	265	000000	/font/5001/54
	21		29			/font/5001/41
	27		35			/font/5001/52
	33		41			/font/5001/47
	39		47			/font/5001/45
	45		53			/font/5001/54
line	14	276	35	276	489048
			14	277	
	35		35		
	14	297		297	
			14	296	
	35		35		
