point	221	131	d0d0d0
	344	408	
	155	282	b0b0b0
	490	362	808080
	210	342	b0b0b0
	536	282	808080
	230	345	d0d0d0
	402	338	b0b0b0
	568	475	808080
	170	337	b0b0b0
	144	419	
	501	242	d0d0d0
	532	87	
	256	458	b0b0b0
	540	143	808080
	354	377	d0d0d0
	155	421	808080
	209	115	b0b0b0
	189	469	808080
	596	254	b0b0b0
	180	71	808080
	591	426	
	327	443	
	562	22	d0d0d0
	460	202	
	219	265	b0b0b0
	390	63	808080
	350	156	b0b0b0
	449	397	808080
	215	107	d0d0d0
	146	263	b0b0b0
	226	189	
	349	472	808080
	192	332	b0b0b0
	187	35	d0d0d0
	576	371	808080
	475	257	b0b0b0
	264	459	
	571	298	
	550	364	808080
	571	468	b0b0b0
	148	147	808080
	243	468	
	183	419	
	444	327	b0b0b0
	551	296	
	208	158	808080
	426	54	d0d0d0
	254	108	b0b0b0
	549	57	808080
	197	365	b0b0b0
	564	474	
	390	8	808080
	160	70	
	319	125	
	381	460	b0b0b0
	163	46	d0d0d0
	508	393	808080
	477	126	d0d0d0
	237	6	b0b0b0
	185	108	
	147	279	808080
	598	321	b0b0b0
	129	476	808080
	170	218	
	521	331	
	232	182	d0d0d0
	210	48	b0b0b0
	363	347	808080
	290	426	b0b0b0
	373	371	d0d0d0
	219	345	
	376	88	
	525	267	808080
	546	304	b0b0b0
	493	238	
	307	319	808080
	357	273	b0b0b0
	467	263	808080
	359	253	b0b0b0
	604	303	808080
	140	329	b0b0b0
	239	39	808080
	326	159	d0d0d0
	268	376	808080
	577	456	b0b0b0
	381	145	808080
	188	108	d0d0d0
	533	102	808080
	407	332	
	565	364	d0d0d0
	383	228	
	541	9	b0b0b0
	301	291	808080
	139	284	d0d0d0
	148	472	
	450	39	b0b0b0
	488	362	d0d0d0
	225	38	808080
	131	65	
	513	440	
	454	399	
	347	169	
	192	180	b0b0b0
	545	433	808080
	281	222	
	130	361	d0d0d0
	353	214	808080
	393	88	b0b0b0
	540	180	808080
	605	2	d0d0d0
	502	37	808080
	156	445	
	378	137	b0b0b0
	298	202	
	281	97	808080
	583	57	d0d0d0
	356	359	808080
	211	33	d0d0d0
	209	394	808080
	557	400	
	217	61	
	164	422	d0d0d0
	275	208	808080
	586	285	
rect	163	0	164	481	000050
	318		319		
	473		474		
	128	67	609	68	002850
		222		223	000050
		377		378	
draw	363	236	375	245	/sprites/521.SMIV/20
	247	111	276	140	/sprites/590.SMIV/10
	205	157	212	163	/sprites/584.SMIV/3
	284	194	290	199	/sprites/584.SMIV/0
	347	232	354	237	/sprites/584.SMIV/4
line	204	125	210	139	489048
			219	126	
	210	139			204020
draw	0	-144	128	624	/interfaces/instruments/left.png
	608		640		/interfaces/instruments/right.png
crop	102	159	108	171	0	36	ff7f00	/fonts/computer.png
	108		114					
	114		120		40			
rect	614	359	615	457	007fff
			623	360	
	622			457	00488f
	614	456			
	615	360	622	456	0070e0
	614	231	615	233	909048
			623	232	
	622			233	505028
	614	232			
		233	615	329	ffff7f
			623	234	
	622			329	909048
	614	328			
	615	234	622	328	e0e070
	614	103	615	107	904848
			623	104	
	622			107	502828
	614	106			
	615	104	622	106	703838
	614	107	615	201	ff7f7f
			623	108	
	622			201	904848
	614	200			
	615	108	622	200	e07070
	634	49	636	52	7fff7f
		53		56	60c060
		57		60	
		61		64	
		65		68	
		69		72	7fff7f
		73		76	60c060
		77		80	
		81		84	
		85		88	
		89		92	7fff7f
		93		96	60c060
		97		100	
		101		104	
		105		108	
		109		112	7fff7f
		113		116	60c060
		117		120	
		121		124	
		125		128	
		129		132	7fff7f
		133		136	60c060
		137		140	
		141		144	
		145		148	
		149		152	183018
		153		156	
		157		160	
		161		164	
		165		168	
		169		172	
		173		176	
		177		180	
		181		184	
		185		188	
		189		192	
		193		196	
		197		200	
		201		204	
		205		208	
		209		212	
		213		216	
		217		220	
		221		224	
		225		228	
		229		232	
		233		236	
		237		240	
		241		244	
		245		248	
		249		252	
		253		256	
		257		260	
		261		264	
		265		268	
		269		272	
		273		276	
		277		280	
		281		284	
		285		288	
		289		292	
		293		296	
		297		300	
		301		304	
		305		308	
		309		312	
		313		316	
		317		320	
		321		324	
		325		328	
		329		332	
		333		336	
		337		340	
		341		344	
		345		348	
		349		352	
		353		356	
		357		360	
		361		364	
		365		368	
		369		372	
		373		376	
		377		380	
		381		384	
		385		388	
		389		392	
		393		396	
		397		400	
		401		404	
		405		408	
		409		412	
		413		416	
		417		420	
		421		424	
		425		428	
		429		432	
		433		436	
		437		440	
		441		444	
		445		448	
	621	52	631	56	303000
		57		61	
		62		66	
		67		71	
		72		76	
		77		81	
		82		86	
	7	7	115	115	00ff00
	8	8	114	114	001000
	45	45	79	79	003000
point	55	53	007000
	30	83	
	57	59	
	61	61	
rect	12	320	121	440	001000
		330	120	331	009000
		332	13	344	
			121	333	
	120			344	005000
	12	343			
	13	333	120	343	007000
	12	438		439	009000
	16	450	114	475	001010
	17		18	462	00c0c0
			44	451	
	43			462	007070
	17	461			
	18	451	43	461	009090
crop	15	320	21	332	104	48	00ff00	/fonts/computer.png
	21		27		8			
	27		33		72			
	33		39		112			
	39		45		0	24		
	45		51		104	48		
	51		57		40			
	57		63		112			
	63		69		40	60		
	15	332	21	344	96	36		
	21		27		16	48		
	27		33		40	84		
	33		39		72	72		
	39		45		96			
	45		51		32			
	51		57		112	36		
	15	344	21	356	96			
	21		27		24	60		
	27		33		0	84		
	33		39		40	72		
	39		45		24			
	45		51		72			
	51		57		8			
	57		63		96			
	63		69		0	24		
	69		75		120	48		
	75		81		16	84		
	81		87		32	72		
	87		93		40			
	93		99		16	84		
	99		105		24			
	105		111		112	36		
	15	356	21	368	96			
	21		27		104	48		
	27		33		40	72		
	33		39		24	84		
	39		45					
	45		51		8	72		
	51		57		56			
	57		63		40			
	63		69		112	36		
	15	368	21	380	96			
	21		27		104	48		
	27		33		72	72		
	33		39		24	84		
	39		45					
	45		51		72	72		
	51		57		120			
	57		63		112			
	63		69		0	24		
	69		75		24	60		
	75		81		32	84		
	81		87		8	72		
	87		93		32	84		
	93		99		40			
	99		105		24			
	105		111		112	36		
	19	450	25	462	16	60	00ffff	
	25		31		56	48		
	31		37		64			
	37		43		32	60		
	43		49		0	24		
	49		55		24	60		
	55		61		40	72		
	61		67		96			
	67		73		40			
	73		79		24			
	79		85		32	84		
rect	12	180	13	192	ffff00
			121	181	
	120			192	909000
	12	191			
	13	181	120	191	c0c000
crop	15	180	21	192	24	48	000000	/fonts/computer.png
	21		27		120			
	27		33		112			
	33		39		32	60		
	39		45		16			
	45		51		120	48		
	51		57		96			
rect	14	204	36	205	489048
			15	206	
	35		36		
	14	225		226	
		224	15		
	35		36		
	12	252	13	264	007fff
			121	253	
	120			264	00488f
	12	263			
	13	253	120	263	0060c0
crop	15	252	21	264	32	60	000000	/fonts/computer.png
	21		27		8	48		
	27		33		16	60		
	33		39		56	48		
	39		45		40			
	45		51		32	60		
rect	14	276	36	277	489048
			15	278	
	35		36		
	14	297		298	
		296	15		
	35		36		
