point	161	262	d0d0d0
	267	59	
	582	108	
	460	427	808080
	165	440	b0b0b0
	506	348	808080
	169	476	d0d0d0
	357	437	b0b0b0
	251	121	d0d0d0
	604	364	b0b0b0
	578	170	
	440	374	d0d0d0
	471	219	
	275	52	808080
	510	208	
	239	16	
	578	6	
	163	213	b0b0b0
	554	109	d0d0d0
	550	352	b0b0b0
	150	137	808080
	440	22	d0d0d0
	287	56	
	501	153	
	400	334	
	173	364	b0b0b0
	360	128	808080
	305	254	b0b0b0
	419	462	808080
	154	238	d0d0d0
	579	285	b0b0b0
	180	287	
	322	58	808080
	147	430	b0b0b0
	605	34	
	546	437	808080
	430	356	b0b0b0
	312	77	
	525	396	
	520	430	808080
	199	58	
	587	431	d0d0d0
	563	54	808080
	575	6	b0b0b0
	399	426	
	506	395	
	178	224	808080
	366	185	d0d0d0
	209	207	b0b0b0
	519	123	808080
	152	463	b0b0b0
	264	62	808080
	360	73	
	130	135	
	289	190	
	347	78	b0b0b0
	581	448	d0d0d0
	477	459	808080
	417	257	d0d0d0
	191	104	b0b0b0
	140	207	
	153	35	d0d0d0
	552	420	b0b0b0
	550	277	d0d0d0
	139	284	808080
	491	397	
	171	313	d0d0d0
	164	146	b0b0b0
	333	412	808080
	380	58	d0d0d0
	240	13	808080
	158	477	d0d0d0
	315	219	
	495	332	808080
	501	403	b0b0b0
	448	337	
	276	384	808080
	311	371	b0b0b0
	436	329	808080
	313	351	b0b0b0
	574	368	808080
	563	480	d0d0d0
	209	105	808080
	266	290	d0d0d0
	237	442	808080
	511	50	
	351	211	
	127	239	d0d0d0
	503	167	808080
	377	398	
	358	15	d0d0d0
	322	359	
	495	108	b0b0b0
	271	357	808080
	330	47	d0d0d0
	484	63	808080
	405	137	b0b0b0
	535	13	d0d0d0
	195	104	808080
	579	75	
	540	50	d0d0d0
	424	464	808080
	316	235	
	146	279	b0b0b0
	461	18	808080
	251	287	
	562	291	b0b0b0
	323	279	808080
	348	186	b0b0b0
	509	246	808080
	544	133	d0d0d0
	472	103	808080
	363	30	
	332	236	b0b0b0
	252	300	
	251	163	808080
	522	189	d0d0d0
	326	424	808080
	151	165	d0d0d0
	179	460	808080
	526	465	
	187	127	
	381	74	d0d0d0
	245	274	808080
	556	351	
line	234	0	234	480	000050
	437		437		
	128	162	608	162	002850
		365		365	000050
draw	361	235	376	247	/sprites/521.SMIV/20
	200	159	238	205	/sprites/590.SMIV/17
	124	179	133	186	/sprites/584.SMIV/2
	241	204	250	211	
	342	229	351	235	/sprites/584.SMIV/1
line	204	125	210	139	489048
			219	126	
	210	139			204020
draw	0	0	128	480	/pictures/501.png
	608		640		/pictures/512.png
crop	102	159	108	171	0	36	ff7f00	/fonts/computer
	108		114					
	114		120		40			
line	614	456	614	359	007fff
		359	622		
	622			456	00488f
		456	614		
rect	615	360	622	456	0070e0
line	614	232	614	231	909048
		231	622		
	622			232	505028
		232	614		
	614	328		233	ffff7f
		233	622		
	622			328	909048
		328	614		
rect	615	234	622	328	e0e070
line	614	106	614	103	904848
		103	622		
	622			106	502828
		106	614		
rect	615	104	622	106	703838
line	614	200	614	107	ff7f7f
		107	622		
	622			200	904848
		200	614		
rect	615	108	622	200	e07070
	634	49	636	52	7fff7f
		53		56	60c060
		57		60	
		61		64	
		65		68	
		69		72	7fff7f
		73		76	60c060
		77		80	
		81		84	
		85		88	
		89		92	7fff7f
		93		96	60c060
		97		100	
		101		104	
		105		108	
		109		112	7fff7f
		113		116	60c060
		117		120	
		121		124	
		125		128	
		129		132	7fff7f
		133		136	60c060
		137		140	
		141		144	
		145		148	
		149		152	183018
		153		156	
		157		160	
		161		164	
		165		168	
		169		172	
		173		176	
		177		180	
		181		184	
		185		188	
		189		192	
		193		196	
		197		200	
		201		204	
		205		208	
		209		212	
		213		216	
		217		220	
		221		224	
		225		228	
		229		232	
		233		236	
		237		240	
		241		244	
		245		248	
		249		252	
		253		256	
		257		260	
		261		264	
		265		268	
		269		272	
		273		276	
		277		280	
		281		284	
		285		288	
		289		292	
		293		296	
		297		300	
		301		304	
		305		308	
		309		312	
		313		316	
		317		320	
		321		324	
		325		328	
		329		332	
		333		336	
		337		340	
		341		344	
		345		348	
		349		352	
		353		356	
		357		360	
		361		364	
		365		368	
		369		372	
		373		376	
		377		380	
		381		384	
		385		388	
		389		392	
		393		396	
		397		400	
		401		404	
		405		408	
		409		412	
		413		416	
		417		420	
		421		424	
		425		428	
		429		432	
		433		436	
		437		440	
		441		444	
		445		448	
	621	52	631	56	303000
		57		61	
		62		66	
		67		71	
		72		76	
		77		81	
		82		86	
	7	7	115	115	00ff00
	8	8	114	114	001000
	49	49	73	73	003000
point	54	57	007000
	29	87	
	56	60	
	61	61	
	45	57	
	50	59	
rect	12	320	121	440	001000
line	12	330	119	330	009000
crop	15	320	21	332	104	48	00ff00	/fonts/computer
	21		27		8			
	27		33		72			
	33		39		112			
	39		45		0	24		
	45		51		104	48		
	51		57		40			
	57		63		112			
	63		69		40	60		
line	12	343	12	332	009000
		332	120		
	120			343	005000
		343	12		
rect	13	333	120	343	007000
crop	15	332	21	344	96	36	00ff00	/fonts/computer
	21		27		16	48		
	27		33		40	84		
	33		39		72	72		
	39		45		96			
	45		51		32			
	51		57		112	36		
	15	344	21	356	96			
	21		27		24	60		
	27		33		0	84		
	33		39		40	72		
	39		45		24			
	45		51		72			
	51		57		8			
	57		63		96			
	63		69		0	24		
	69		75		120	48		
	75		81		16	84		
	81		87		32	72		
	87		93		40			
	93		99		16	84		
	99		105		24			
	105		111		112	36		
	15	356	21	368	96			
	21		27		104	48		
	27		33		40	72		
	33		39		24	84		
	39		45					
	45		51		8	72		
	51		57		56			
	57		63		40			
	63		69		112	36		
	15	368	21	380	96			
	21		27		104	48		
	27		33		72	72		
	33		39		24	84		
	39		45					
	45		51		72	72		
	51		57		120			
	57		63		112			
	63		69		0	24		
	69		75		24	60		
	75		81		32	84		
	81		87		8	72		
	87		93		32	84		
	93		99		40			
	99		105		24			
	105		111		112	36		
line	12	438	119	438	009000
rect	16	450	114	475	001010
line	17	461	17	450	00c0c0
		450	43		
	43			461	007070
		461	17		
rect	18	451	43	461	009090
crop	19	450	25	462	16	60	00ffff	/fonts/computer
	25		31		56	48		
	31		37		64			
	37		43		32	60		
	43		49		0	24		
	49		55		24	60		
	55		61		40	72		
	61		67		96			
	67		73		40			
	73		79		24			
	79		85		32	84		
line	12	191	12	180	ffff00
		180	120		
	120			191	909000
		191	12		
rect	13	181	120	191	c0c000
crop	15	180	21	192	24	48	000000	/fonts/computer
	21		27		120			
	27		33		112			
	33		39		32	60		
	39		45		16			
	45		51		120	48		
	51		57		96			
line	14	204	35	204	489048
			14	205	
	35		35		
	14	225		225	
			14	224	
	35		35		
	12	263	12	252	007fff
		252	120		
	120			263	00488f
		263	12		
rect	13	253	120	263	0060c0
crop	15	252	21	264	32	60	000000	/fonts/computer
	21		27		8	48		
	27		33		16	60		
	33		39		56	48		
	39		45		40			
	45		51		32	60		
line	14	276	35	276	489048
			14	277	
	35		35		
	14	297		297	
			14	296	
	35		35		
