point	597	254	808080
	216	223	d0d0d0
	531	272	
	589	57	
	232	83	b0b0b0
	480	430	808080
	402	160	d0d0d0
	237	79	b0b0b0
	199	284	d0d0d0
	300	5	808080
	540	293	b0b0b0
	331	30	808080
	420	382	d0d0d0
	249	133	808080
	484	290	
	213	98	
	552	88	
	604	156	
	503	272	d0d0d0
	512	474	b0b0b0
	579	14	808080
	389	186	d0d0d0
	236	220	
	449	317	
	139	10	808080
	135	427	d0d0d0
	334	210	808080
	266	377	b0b0b0
	405	95	
	582	247	d0d0d0
	541	408	b0b0b0
	142	410	
	296	139	808080
	565	33	
	566	157	b0b0b0
	196	56	
	391	478	
	273	200	
	393	26	808080
	336	48	b0b0b0
	174	139	808080
	374	58	
	537	135	
	536	129	b0b0b0
	587	91	d0d0d0
	273	26	808080
	152	305	
	314	349	d0d0d0
	170	329	b0b0b0
	493	205	808080
	430	105	b0b0b0
	238	143	808080
	334	155	
	584	423	
	263	272	
	308	201	b0b0b0
	466	66	808080
	185	91	b0b0b0
	365	420	d0d0d0
	153	227	b0b0b0
	588	68	808080
	593	296	
	430	42	
	498	440	d0d0d0
	593	109	808080
	465	478	
	602	41	
	604	210	d0d0d0
	440	21	b0b0b0
	329	222	d0d0d0
	214	95	808080
	158	121	b0b0b0
	264	383	d0d0d0
	469	414	808080
	371	30	
	409	459	b0b0b0
	251	466	808080
	377	18	d0d0d0
	411	411	808080
	275	474	b0b0b0
	548	450	808080
	524	83	
	183	187	
	214	454	d0d0d0
	324	65	b0b0b0
	485	131	808080
	325	292	
	555	392	d0d0d0
	477	249	808080
	408	0	b0b0b0
	306	179	d0d0d0
	491	23	808080
	457	230	b0b0b0
	245	438	808080
	279	210	d0d0d0
	458	144	808080
	366	260	b0b0b0
	483	177	d0d0d0
	169	185	808080
	554	156	
	489	214	d0d0d0
	247	99	b0b0b0
	291	317	808080
	593	383	
	436	100	
	225	369	
	524	413	b0b0b0
	297	361	808080
	309	309	b0b0b0
	484	327	808080
	493	297	d0d0d0
	446	184	808080
	337	112	
	294	358	b0b0b0
	214	423	
	225	244	808080
	471	352	d0d0d0
	384	39	b0b0b0
	323	38	808080
	507	62	
	554	100	b0b0b0
	161	208	808080
	329	237	d0d0d0
	219	356	808080
	530	432	
line	129	0	129	480	000050
	398		398		
	128	57	608	57	
		326		326	002850
draw	362	229	376	248	/sprites/521.SMIV/13
	205	166	255	220	/sprites/590.SMIV/11
dither	200	50	367	67	003030
tint	204	54	212	66	000000	/font/5000/5a
	211		219			/font/5000/6f
	218		226			
	225		233			/font/5000/6d
	232		240			/font/5000/20
	239		247			/font/5000/74
	246		254			/font/5000/6f
	253		261			/font/5000/20
	260		268			/font/5000/43
	267		275			/font/5000/6c
	274		282			/font/5000/6f
	281		289			/font/5000/73
	288		296			/font/5000/65
	295		303			/font/5000/73
	302		310			/font/5000/74
	309		317			/font/5000/20
	316		324			/font/5000/48
	323		331			/font/5000/6f
	330		338			/font/5000/73
	337		345			/font/5000/74
	344		352			/font/5000/69
	351		359			/font/5000/6c
	358		366			/font/5000/65
	203	53	211	65	00ffff	/font/5000/5a
	210		218			/font/5000/6f
	217		225			
	224		232			/font/5000/6d
	231		239			/font/5000/20
	238		246			/font/5000/74
	245		253			/font/5000/6f
	252		260			/font/5000/20
	259		267			/font/5000/43
	266		274			/font/5000/6c
	273		281			/font/5000/6f
	280		288			/font/5000/73
	287		295			/font/5000/65
	294		302			/font/5000/73
	301		309			/font/5000/74
	308		316			/font/5000/20
	315		323			/font/5000/48
	322		330			/font/5000/6f
	329		337			/font/5000/73
	336		344			/font/5000/74
	343		351			/font/5000/69
	350		358			/font/5000/6c
	357		365			/font/5000/65
line	310	429	321	419	489048
			307	414	
	321	419			204020
draw	0	0	128	480	/pictures/501.png
	608		640		/pictures/512.png
tint	102	159	110	172	ff7f00	/font/5001/30
	108		116			
	114		122			/font/5001/35
line	614	456	614	359	007fff
		359	622		
	622			456	00488f
		456	614		
rect	615	360	622	456	0070e0
line	614	232	614	231	909048
		231	622		
	622			232	505028
		232	614		
	614	328		233	ffff7f
		233	622		
	622			328	909048
		328	614		
rect	615	234	622	328	e0e070
line	614	106	614	103	904848
		103	622		
	622			106	502828
		106	614		
rect	615	104	622	106	703838
line	614	200	614	107	ff7f7f
		107	622		
	622			200	904848
		200	614		
rect	615	108	622	200	e07070
	634	49	636	52	7fff7f
		53		56	60c060
		57		60	
		61		64	
		65		68	
		69		72	7fff7f
		73		76	60c060
		77		80	
		81		84	
		85		88	
		89		92	7fff7f
		93		96	60c060
		97		100	
		101		104	
		105		108	
		109		112	7fff7f
		113		116	60c060
		117		120	
		121		124	
		125		128	
		129		132	7fff7f
		133		136	60c060
		137		140	
		141		144	
		145		148	
		149		152	183018
		153		156	
		157		160	
		161		164	
		165		168	
		169		172	
		173		176	
		177		180	
		181		184	
		185		188	
		189		192	
		193		196	
		197		200	
		201		204	
		205		208	
		209		212	
		213		216	
		217		220	
		221		224	
		225		228	
		229		232	
		233		236	
		237		240	
		241		244	
		245		248	
		249		252	
		253		256	
		257		260	
		261		264	
		265		268	
		269		272	
		273		276	
		277		280	
		281		284	
		285		288	
		289		292	
		293		296	
		297		300	
		301		304	
		305		308	
		309		312	
		313		316	
		317		320	
		321		324	
		325		328	
		329		332	
		333		336	
		337		340	
		341		344	
		345		348	
		349		352	
		353		356	
		357		360	
		361		364	
		365		368	
		369		372	
		373		376	
		377		380	
		381		384	
		385		388	
		389		392	
		393		396	
		397		400	
		401		404	
		405		408	
		409		412	
		413		416	
		417		420	
		421		424	
		425		428	
		429		432	
		433		436	
		437		440	
		441		444	
		445		448	
	621	52	631	56	303000
		57		61	
		62		66	
		67		71	
		72		76	
		77		81	
		82		86	
	7	7	115	115	00ff00
	8	8	114	114	001000
	52	52	70	70	003000
point	55	61	007000
	31	88	
	53	64	
rect	12	320	121	440	001000
line	12	330	119	330	009000
tint	15	320	23	333	00ff00	/font/5001/4d
	21		29			/font/5001/41
	27		35			/font/5001/49
	33		41			/font/5001/4e
	39		47			/font/5001/20
	45		53			/font/5001/4d
	51		59			/font/5001/45
	57		65			/font/5001/4e
	63		71			/font/5001/55
line	12	343	12	332	009000
		332	120		
	120			343	005000
		343	12		
rect	13	333	120	343	007000
tint	15	332	23	345	00ff00	/font/5001/3c
	21		29			/font/5001/42
	27		35			/font/5001/75
	33		41			/font/5001/69
	39		47			/font/5001/6c
	45		53			/font/5001/64
	51		59			/font/5001/3e
	15	344	23	357		/font/5001/3c
	21		29			/font/5001/53
	27		35			/font/5001/70
	33		41			/font/5001/65
	39		47			/font/5001/63
	45		53			/font/5001/69
	51		59			/font/5001/61
	57		65			/font/5001/6c
	63		71			/font/5001/20
	69		77			/font/5001/4f
	75		83			/font/5001/72
	81		89			/font/5001/64
	87		95			/font/5001/65
	93		101			/font/5001/72
	99		107			/font/5001/73
	105		113			/font/5001/3e
	15	356	23	369		/font/5001/3c
	21		29			/font/5001/4d
	27		35			/font/5001/65
	33		41			/font/5001/73
	39		47			
	45		53			/font/5001/61
	51		59			/font/5001/67
	57		65			/font/5001/65
	63		71			/font/5001/3e
	15	368	23	381		/font/5001/3c
	21		29			/font/5001/4d
	27		35			/font/5001/69
	33		41			/font/5001/73
	39		47			
	45		53			/font/5001/69
	51		59			/font/5001/6f
	57		65			/font/5001/6e
	63		71			/font/5001/20
	69		77			/font/5001/53
	75		83			/font/5001/74
	81		89			/font/5001/61
	87		95			/font/5001/74
	93		101			/font/5001/75
	99		107			/font/5001/73
	105		113			/font/5001/3e
line	12	438	119	438	009000
rect	16	450	114	475	001010
line	17	461	17	450	00c0c0
		450	43		
	43			461	007070
		461	17		
rect	18	451	43	461	009090
tint	19	450	27	463	00ffff	/font/5001/52
	25		33			/font/5001/47
	31		39			/font/5001/48
	37		45			/font/5001/54
	43		51			/font/5001/20
	49		57			/font/5001/53
	55		63			/font/5001/65
	61		69			/font/5001/6c
	67		75			/font/5001/65
	73		81			/font/5001/63
	79		87			/font/5001/74
rect	12	180	120	192	000000
line	12	191	12	180	ffff00
		180	119		
	119			191	909000
		191	12		
rect	13	181	119	191	c0c000
tint	15	180	23	193	000000	/font/5001/43
	21		29			/font/5001/4f
	27		35			/font/5001/4e
	33		41			/font/5001/54
	39		47			/font/5001/52
	45		53			/font/5001/4f
	51		59			/font/5001/4c
rect	12	192	120	204	000000
	14	204	36	226	
line	14	204	35	204	489048
			14	205	
	35		35		
	14	225		225	
			14	224	
	35		35		
rect	40	204	51	226	000000
	53		64		
	69		120	216	
		216		228	
		192		204	
	12	228		240	
		252		264	
line	12	263	12	252	007fff
		252	119		
	119			263	00488f
		263	12		
rect	13	253	119	263	0060c0
tint	15	252	23	265	000000	/font/5001/54
	21		29			/font/5001/41
	27		35			/font/5001/52
	33		41			/font/5001/47
	39		47			/font/5001/45
	45		53			/font/5001/54
rect	12	264	120	276	000000
	14	276	36	298	
line	14	276	35	276	489048
			14	277	
	35		35		
	14	297		297	
			14	296	
	35		35		
rect	40	276	51	298	000000
	53		64		
	69		120	288	
		288		300	
		264		276	
	12	300		312	
