point	493	471	d0d0d0
	603	88	
	440	313	
	498	433	
	163	113	b0b0b0
	435	450	808080
	310	201	d0d0d0
	168	109	b0b0b0
	591	323	
	220	37	
	471	323	
	286	51	808080
	329	423	d0d0d0
	204	154	808080
	439	310	
	168	118	
	507	108	
		255	d0d0d0
	412	313	
	433	25	b0b0b0
	534	35	808080
	298	226	d0d0d0
	145	260	
	358	357	
	555	38	b0b0b0
	543	180	
	289	230	808080
	198	407	b0b0b0
	337	125	
	491	352	d0d0d0
	472	438	b0b0b0
	570	345	808080
	251	160	
	520	54	
	498	187	b0b0b0
	128	87	
	521	38	d0d0d0
	205	230	b0b0b0
	348	47	808080
	268	78	b0b0b0
	128	160	808080
	329	79	
	492	156	
	468	159	b0b0b0
	523	354	
	227	46	808080
	299	4	
	223	390	d0d0d0
	145	2	
	448	225	808080
	362	136	b0b0b0
	193	164	808080
	289	175	
	538	443	
	218	292	
	240	231	b0b0b0
	420	87	808080
	595	331	b0b0b0
	274	461	d0d0d0
	550	162	
	477	202	
	485	124	
	384	62	808080
	279	1	d0d0d0
	546	43	808080
	569	326	d0d0d0
	504	174	
	374	5	
	371	51	b0b0b0
	238	262	d0d0d0
	169	115	808080
	556	340	d0d0d0
	173	424	
	423	434	808080
	326	51	
	568	6	
	590		
	286	58	d0d0d0
	365	431	808080
	596		
	503	470	
	478	103	
	138	207	
	317	15	d0d0d0
	256	95	b0b0b0
	439	152	808080
	279	313	
	463	433	d0d0d0
	432	269	808080
	546	389	
	215	219	d0d0d0
	445	43	808080
	388	260	b0b0b0
	200	459	808080
	188	251	d0d0d0
	413	165	808080
	298	290	b0b0b0
	392	217	d0d0d0
	601	31	b0b0b0
	508	177	808080
	398	255	d0d0d0
	179	129	b0b0b0
	245	337	808080
	517	40	b0b0b0
	390	120	808080
	180	389	
	455	444	b0b0b0
	252	381	808080
	241	339	b0b0b0
	438	348	808080
	402	337	d0d0d0
	401	205	808080
	291	132	
	226	389	b0b0b0
	146	453	
	180	265	808080
	380	393	d0d0d0
	316	70	b0b0b0
	278	58	808080
	462	82	
	486	131	b0b0b0
	595	18	808080
	238	278	d0d0d0
	174	376	808080
	485	453	
line	139	0	139	480	005000
	265		265		
	391		391		
	517		517		
	128	58	608	58	
		184		184	
		310		310	
		436		436	
rect	355	179	371	195	900000
triangle	363	235	371	243	00c000
diamond	356	171	376	191	c00000
	348	223	364	239	0060c0
	330	240	346	256	
	222	318	238	334	
	244	352	260	368	
	282	412	298	428	
dither	200	50	339	67	003030
tint	204	54	212	66	000000	/font/5000/5a
	211		219			/font/5000/6f
	218		226			
	225		233			/font/5000/6d
	232		240			/font/5000/20
	239		247			/font/5000/74
	246		254			/font/5000/6f
	253		261			/font/5000/20
	260		268			/font/5000/41
	267		275			/font/5000/6c
	274		282			
	281		289			/font/5000/20
	288		296			/font/5000/4f
	295		303			/font/5000/62
	302		310			/font/5000/6a
	309		317			/font/5000/65
	316		324			/font/5000/63
	323		331			/font/5000/74
	330		338			/font/5000/73
	203	53	211	65	00ffff	/font/5000/5a
	210		218			/font/5000/6f
	217		225			
	224		232			/font/5000/6d
	231		239			/font/5000/20
	238		246			/font/5000/74
	245		253			/font/5000/6f
	252		260			/font/5000/20
	259		267			/font/5000/41
	266		274			/font/5000/6c
	273		281			
	280		288			/font/5000/20
	287		295			/font/5000/4f
	294		302			/font/5000/62
	301		309			/font/5000/6a
	308		316			/font/5000/65
	315		323			/font/5000/63
	322		330			/font/5000/74
	329		337			/font/5000/73
line	404	43	394	55	489048
			409	58	
	394	55			204020
draw	0	0	128	480	/pictures/501.png
	608		640		/pictures/512.png
tint	102	159	110	172	ff7f00	/font/5001/30
	108		116			
	114		122			/font/5001/35
line	614	456	614	359	007fff
		359	622		
	622			456	00488f
		456	614		
rect	615	360	622	456	0070e0
line	614	232	614	231	909048
		231	622		
	622			232	505028
		232	614		
	614	328		233	ffff7f
		233	622		
	622			328	909048
		328	614		
rect	615	234	622	328	e0e070
line	614	106	614	103	904848
		103	622		
	622			106	502828
		106	614		
rect	615	104	622	106	703838
line	614	200	614	107	ff7f7f
		107	622		
	622			200	904848
		200	614		
rect	615	108	622	200	e07070
	634	49	636	52	7fff7f
		53		56	60c060
		57		60	
		61		64	
		65		68	
		69		72	7fff7f
		73		76	60c060
		77		80	
		81		84	
		85		88	
		89		92	7fff7f
		93		96	60c060
		97		100	
		101		104	
		105		108	
		109		112	7fff7f
		113		116	60c060
		117		120	
		121		124	
		125		128	
		129		132	7fff7f
		133		136	60c060
		137		140	
		141		144	
		145		148	
		149		152	183018
		153		156	
		157		160	
		161		164	
		165		168	
		169		172	
		173		176	
		177		180	
		181		184	
		185		188	
		189		192	
		193		196	
		197		200	
		201		204	
		205		208	
		209		212	
		213		216	
		217		220	
		221		224	
		225		228	
		229		232	
		233		236	
		237		240	
		241		244	
		245		248	
		249		252	
		253		256	
		257		260	
		261		264	
		265		268	
		269		272	
		273		276	
		277		280	
		281		284	
		285		288	
		289		292	
		293		296	
		297		300	
		301		304	
		305		308	
		309		312	
		313		316	
		317		320	
		321		324	
		325		328	
		329		332	
		333		336	
		337		340	
		341		344	
		345		348	
		349		352	
		353		356	
		357		360	
		361		364	
		365		368	
		369		372	
		373		376	
		377		380	
		381		384	
		385		388	
		389		392	
		393		396	
		397		400	
		401		404	
		405		408	
		409		412	
		413		416	
		417		420	
		421		424	
		425		428	
		429		432	
		433		436	
		437		440	
		441		444	
		445		448	
	621	52	631	56	303000
		57		61	
		62		66	
		67		71	
		72		76	
		77		81	
		82		86	
	7	7	115	115	00ff00
	8	8	114	114	001000
					003000
point	48	51	007000
	25	72	
rect	12	320	121	440	001000
line	12	330	119	330	009000
tint	15	320	23	333	00ff00	/font/5001/4d
	21		29			/font/5001/41
	27		35			/font/5001/49
	33		41			/font/5001/4e
	39		47			/font/5001/20
	45		53			/font/5001/4d
	51		59			/font/5001/45
	57		65			/font/5001/4e
	63		71			/font/5001/55
line	12	343	12	332	009000
		332	120		
	120			343	005000
		343	12		
rect	13	333	120	343	007000
tint	15	332	23	345	00ff00	/font/5001/3c
	21		29			/font/5001/42
	27		35			/font/5001/75
	33		41			/font/5001/69
	39		47			/font/5001/6c
	45		53			/font/5001/64
	51		59			/font/5001/3e
	15	344	23	357		/font/5001/3c
	21		29			/font/5001/53
	27		35			/font/5001/70
	33		41			/font/5001/65
	39		47			/font/5001/63
	45		53			/font/5001/69
	51		59			/font/5001/61
	57		65			/font/5001/6c
	63		71			/font/5001/20
	69		77			/font/5001/4f
	75		83			/font/5001/72
	81		89			/font/5001/64
	87		95			/font/5001/65
	93		101			/font/5001/72
	99		107			/font/5001/73
	105		113			/font/5001/3e
	15	356	23	369		/font/5001/3c
	21		29			/font/5001/4d
	27		35			/font/5001/65
	33		41			/font/5001/73
	39		47			
	45		53			/font/5001/61
	51		59			/font/5001/67
	57		65			/font/5001/65
	63		71			/font/5001/3e
	15	368	23	381		/font/5001/3c
	21		29			/font/5001/4d
	27		35			/font/5001/69
	33		41			/font/5001/73
	39		47			
	45		53			/font/5001/69
	51		59			/font/5001/6f
	57		65			/font/5001/6e
	63		71			/font/5001/20
	69		77			/font/5001/53
	75		83			/font/5001/74
	81		89			/font/5001/61
	87		95			/font/5001/74
	93		101			/font/5001/75
	99		107			/font/5001/73
	105		113			/font/5001/3e
line	12	438	119	438	009000
rect	16	450	114	475	001010
line	17	461	17	450	00c0c0
		450	43		
	43			461	007070
		461	17		
rect	18	451	43	461	009090
tint	19	450	27	463	00ffff	/font/5001/52
	25		33			/font/5001/47
	31		39			/font/5001/48
	37		45			/font/5001/54
	43		51			/font/5001/20
	49		57			/font/5001/53
	55		63			/font/5001/65
	61		69			/font/5001/6c
	67		75			/font/5001/65
	73		81			/font/5001/63
	79		87			/font/5001/74
line	12	191	12	180	ffff00
		180	120		
	120			191	909000
		191	12		
rect	13	181	120	191	c0c000
tint	15	180	23	193	000000	/font/5001/43
	21		29			/font/5001/4f
	27		35			/font/5001/4e
	33		41			/font/5001/54
	39		47			/font/5001/52
	45		53			/font/5001/4f
	51		59			/font/5001/4c
line	14	204	35	204	489048
			14	205	
	35		35		
	14	225		225	
			14	224	
	35		35		
	12	263	12	252	007fff
		252	120		
	120			263	00488f
		263	12		
rect	13	253	120	263	0060c0
tint	15	252	23	265	000000	/font/5001/54
	21		29			/font/5001/41
	27		35			/font/5001/52
	33		41			/font/5001/47
	39		47			/font/5001/45
	45		53			/font/5001/54
line	14	276	35	276	489048
			14	277	
	35		35		
	14	297		297	
			14	296	
	35		35		
