point	537	310	d0d0d0
	139	409	
	503	152	
	495	273	
	600	26	b0b0b0
	393	129	808080
	240	31	b0b0b0
	180	349	
	191	110	d0d0d0
	231	276	b0b0b0
	465	83	
	293	210	808080
	211	263	d0d0d0
		313	808080
	446	470	
	175	278	
	514	268	
	139	454	d0d0d0
	277	115	b0b0b0
	444	265	
	541	194	808080
	537	34	
	156	225	d0d0d0
	439	99	808080
	566	278	b0b0b0
	554	420	
	296	390	808080
	464	167	b0b0b0
	348	365	
	605	192	d0d0d0
	495	132	808080
	206	49	d0d0d0
	258	319	808080
	527	213	
	509	427	b0b0b0
	178	90	808080
	536	358	d0d0d0
	216	470	b0b0b0
	355	206	808080
	279	318	b0b0b0
	142	463	d0d0d0
	336	238	808080
	499	315	
	479	399	b0b0b0
	203	151	d0d0d0
	235	206	808080
	306	163	
	249	172	b0b0b0
	143	351	808080
	455	385	
	373	376	b0b0b0
	200	323	808080
	296	335	
	292	246	d0d0d0
	225	452	808080
	251	471	b0b0b0
	427	246	808080
	541	91	b0b0b0
	523	301	d0d0d0
	539	2	b0b0b0
	157	22	808080
	500	444	d0d0d0
	392	222	808080
	294	321	d0d0d0
	553	203	808080
	542	125	b0b0b0
	505	12	
	389	325	d0d0d0
	383	291	b0b0b0
	563	77	
	176	275	808080
	419	135	b0b0b0
	444	132	808080
	231	228	d0d0d0
	333	210	808080
	575	166	
	597		
	302	378	d0d0d0
	584	166	b0b0b0
	455	221	d0d0d0
	461	225	b0b0b0
	486	263	808080
	144	163	
	332	335	d0d0d0
	267		b0b0b0
	447	311	808080
	287	472	
	297	137	
	439	429	
	352	103	b0b0b0
	583	45	
	453	203	808080
	418	21	b0b0b0
	320	277	d0d0d0
	537	46	808080
	420	324	
	529	34	
	522	30	
	132	422	b0b0b0
	516	336	808080
	370	48	
	190	369	b0b0b0
	266	16	808080
	528	280	b0b0b0
	398		808080
	369	69	
	156	219	
	362	92	b0b0b0
	163	66	808080
	434	41	b0b0b0
	360	178	d0d0d0
	408	364	808080
	299	292	
	359	99	
	157	395	b0b0b0
	187	424	808080
	595	233	d0d0d0
	327	309	b0b0b0
	285	218	808080
	469	242	
	497	370	b0b0b0
	603	178	808080
	524	59	
	478	84	b0b0b0
	481	265	d0d0d0
line	251	0	251	480	000050
	501		501		
	128	223	608	223	002850
		473		473	000050
draw	359	232	378	245	/sprites/521.SMIV/18
	199	195	250	251	/sprites/590.SMIV/15
	211	253	220	262	/sprites/584.SMIV/0
line	169	215	181	224	489048
			183	209	
	181	224			204020
draw	0	0	128	480	/pictures/501.png
	608		640		/pictures/512.png
tint	102	159	110	172	ff7f00	/font/5001/30
	108		116			
	114		122			/font/5001/35
line	614	456	614	359	007fff
		359	622		
	622			456	00488f
		456	614		
rect	615	360	622	456	0070e0
line	614	232	614	231	909048
		231	622		
	622			232	505028
		232	614		
	614	328		233	ffff7f
		233	622		
	622			328	909048
		328	614		
rect	615	234	622	328	e0e070
line	614	106	614	103	904848
		103	622		
	622			106	502828
		106	614		
rect	615	104	622	106	703838
line	614	200	614	107	ff7f7f
		107	622		
	622			200	904848
		200	614		
rect	615	108	622	200	e07070
	634	49	636	52	7fff7f
		53		56	60c060
		57		60	
		61		64	
		65		68	
		69		72	7fff7f
		73		76	60c060
		77		80	
		81		84	
		85		88	
		89		92	7fff7f
		93		96	60c060
		97		100	
		101		104	
		105		108	
		109		112	7fff7f
		113		116	60c060
		117		120	
		121		124	
		125		128	
		129		132	7fff7f
		133		136	60c060
		137		140	
		141		144	
		145		148	
		149		152	183018
		153		156	
		157		160	
		161		164	
		165		168	
		169		172	
		173		176	
		177		180	
		181		184	
		185		188	
		189		192	
		193		196	
		197		200	
		201		204	
		205		208	
		209		212	
		213		216	
		217		220	
		221		224	
		225		228	
		229		232	
		233		236	
		237		240	
		241		244	
		245		248	
		249		252	
		253		256	
		257		260	
		261		264	
		265		268	
		269		272	
		273		276	
		277		280	
		281		284	
		285		288	
		289		292	
		293		296	
		297		300	
		301		304	
		305		308	
		309		312	
		313		316	
		317		320	
		321		324	
		325		328	
		329		332	
		333		336	
		337		340	
		341		344	
		345		348	
		349		352	
		353		356	
		357		360	
		361		364	
		365		368	
		369		372	
		373		376	
		377		380	
		381		384	
		385		388	
		389		392	
		393		396	
		397		400	
		401		404	
		405		408	
		409		412	
		413		416	
		417		420	
		421		424	
		425		428	
		429		432	
		433		436	
		437		440	
		441		444	
		445		448	
	621	52	631	56	303000
		57		61	
		62		66	
		67		71	
		72		76	
		77		81	
		82		86	
	7	7	115	115	00ff00
	8	8	114	114	001000
	51	51	71	71	003000
point	51	24	007000
	52	30	
	55	61	
	34	74	
	61	61	
rect	12	320	121	440	001000
line	12	330	119	330	009000
tint	15	320	23	333	00ff00	/font/5001/4d
	21		29			/font/5001/41
	27		35			/font/5001/49
	33		41			/font/5001/4e
	39		47			/font/5001/20
	45		53			/font/5001/4d
	51		59			/font/5001/45
	57		65			/font/5001/4e
	63		71			/font/5001/55
line	12	343	12	332	009000
		332	120		
	120			343	005000
		343	12		
rect	13	333	120	343	007000
tint	15	332	23	345	00ff00	/font/5001/3c
	21		29			/font/5001/42
	27		35			/font/5001/75
	33		41			/font/5001/69
	39		47			/font/5001/6c
	45		53			/font/5001/64
	51		59			/font/5001/3e
	15	344	23	357		/font/5001/3c
	21		29			/font/5001/53
	27		35			/font/5001/70
	33		41			/font/5001/65
	39		47			/font/5001/63
	45		53			/font/5001/69
	51		59			/font/5001/61
	57		65			/font/5001/6c
	63		71			/font/5001/20
	69		77			/font/5001/4f
	75		83			/font/5001/72
	81		89			/font/5001/64
	87		95			/font/5001/65
	93		101			/font/5001/72
	99		107			/font/5001/73
	105		113			/font/5001/3e
	15	356	23	369		/font/5001/3c
	21		29			/font/5001/4d
	27		35			/font/5001/65
	33		41			/font/5001/73
	39		47			
	45		53			/font/5001/61
	51		59			/font/5001/67
	57		65			/font/5001/65
	63		71			/font/5001/3e
	15	368	23	381		/font/5001/3c
	21		29			/font/5001/4d
	27		35			/font/5001/69
	33		41			/font/5001/73
	39		47			
	45		53			/font/5001/69
	51		59			/font/5001/6f
	57		65			/font/5001/6e
	63		71			/font/5001/20
	69		77			/font/5001/53
	75		83			/font/5001/74
	81		89			/font/5001/61
	87		95			/font/5001/74
	93		101			/font/5001/75
	99		107			/font/5001/73
	105		113			/font/5001/3e
line	12	438	119	438	009000
rect	16	450	114	475	001010
line	17	461	17	450	00c0c0
		450	43		
	43			461	007070
		461	17		
rect	18	451	43	461	009090
tint	19	450	27	463	00ffff	/font/5001/52
	25		33			/font/5001/47
	31		39			/font/5001/48
	37		45			/font/5001/54
	43		51			/font/5001/20
	49		57			/font/5001/53
	55		63			/font/5001/65
	61		69			/font/5001/6c
	67		75			/font/5001/65
	73		81			/font/5001/63
	79		87			/font/5001/74
line	12	191	12	180	ffff00
		180	119		
	119			191	909000
		191	12		
rect	13	181	119	191	c0c000
tint	15	180	23	193	000000	/font/5001/43
	21		29			/font/5001/4f
	27		35			/font/5001/4e
	33		41			/font/5001/54
	39		47			/font/5001/52
	45		53			/font/5001/4f
	51		59			/font/5001/4c
line	14	204	35	204	489048
			14	205	
	35		35		
	14	225		225	
			14	224	
	35		35		
	12	263	12	252	007fff
		252	119		
	119			263	00488f
		263	12		
rect	13	253	119	263	0060c0
tint	15	252	23	265	000000	/font/5001/54
	21		29			/font/5001/41
	27		35			/font/5001/52
	33		41			/font/5001/47
	39		47			/font/5001/45
	45		53			/font/5001/54
line	14	276	35	276	489048
			14	277	
	35		35		
	14	297		297	
			14	296	
	35		35		
