point	538	352	d0d0d0
	506	406	b0b0b0
	543	14	d0d0d0
	552	76	
	558	312	808080
	307	300	
	586	149	d0d0d0
	400	126	b0b0b0
	525	167	
	589	174	808080
	336	339	b0b0b0
	207	381	808080
	514	198	d0d0d0
	604	474	b0b0b0
	475	60	
	569	358	808080
	429	439	
	470	147	b0b0b0
	149	371	
	260	28	808080
	456	365	
	451	205	
	534	331	
	353	270	
	568	56	d0d0d0
	355	131	808080
	266	121	b0b0b0
	335	424	
	399	207	d0d0d0
	435	302	
	409		808080
	559	292	
	350	10	
	442	384	
	373	136	
	539	311	d0d0d0
	506	421	808080
	160	329	d0d0d0
	270	377	808080
	562	466	
	565	86	d0d0d0
	251	409	808080
	597	11	d0d0d0
	395	117	808080
	512	125	d0d0d0
	149	376	808080
	220	334	
	197	2	d0d0d0
	503	320	b0b0b0
	565	348	808080
	217	101	
	594	332	
	488	25	
	228	53	
	377	477	d0d0d0
	451	118	
	342	417	808080
	413	347	b0b0b0
	506	351	808080
	411	258	b0b0b0
	496	432	d0d0d0
	340	230	b0b0b0
	306	392	808080
	405	92	
	468	373	
	414	381	b0b0b0
	376	268	
	603	307	d0d0d0
	313	67	b0b0b0
	491	451	808080
	552	296	b0b0b0
	291	391	
	358	303	808080
	183	67	b0b0b0
	247	381	808080
	371	410	d0d0d0
	463	158	b0b0b0
	391	121	808080
	454	282	b0b0b0
	564	42	808080
	301	2	
	400	433	
	504	454	b0b0b0
	525	234	
	382	111	
	202	2	808080
	495	304	b0b0b0
	211	308	808080
	516	474	
	224	359	b0b0b0
	454	219	
	367	373	808080
	289	277	b0b0b0
	453	358	d0d0d0
	451	217	808080
	563	29	d0d0d0
	444	205	808080
	436	201	
	472	106	d0d0d0
	240	27	808080
	285	219	
	515	373	b0b0b0
	180	187	808080
	280	56	b0b0b0
	312	451	808080
	284	240	
	522	463	b0b0b0
	233	348	
	508	256	d0d0d0
	306	297	b0b0b0
	248	40	d0d0d0
	344	81	b0b0b0
	213	463	808080
	273	270	
	474	115	
	132	172	b0b0b0
	513	178	808080
	245	84	b0b0b0
	199	389	808080
	384	413	
	563	460	b0b0b0
	207	72	808080
	439	229	
	350	340	b0b0b0
	476	200	d0d0d0
line	153	0	153	404	000050
	268		268		
	383		383		
	498		498		005000
	128	59	608	59	000050
		174		174	
		289		289	
tint	80	-13	96	3	900000	/x/square/8
	363	235	371	243	00c000	/x/triangle/4
	150	178	170	198	c00000	/x/diamond/10
	234	127	250	143	0060c0	/x/diamond/8
	98	240	100	242		/x/square/1
						
						
						
						
						
						
						
						
	115	223	117	225	007fff	
	106	232	108	234		
		224	110	228	ff0000	/x/square/2
	118	217	120	219	007fff	/x/square/1
	119	216	121	218		
	97	239	101	243		/x/square/2
rect	128	404	608	480	007fff
		405		479	000810
	132	409	139	420	007fff
tint	132	409	140	421	000810	/font/5000/20
rect	139	409	146	420	007fff
tint	139	409	147	421	000810	/font/5000/49
rect	146	409	153	420	007fff
tint	146	409	154	421	000810	/font/5000/4e
rect	153	409	160	420	007fff
tint	153	409	161	421	000810	/font/5000/43
rect	160	409	167	420	007fff
tint	160	409	168	421	000810	/font/5000/4f
rect	167	409	174	420	007fff
tint	167	409	175	421	000810	/font/5000/4d
rect	174	409	181	420	007fff
tint	174	409	182	421	000810	/font/5000/49
rect	181	409	188	420	007fff
tint	181	409	189	421	000810	/font/5000/4e
rect	188	409	195	420	007fff
tint	188	409	196	421	000810	/font/5000/47
rect	195	409	202	420	007fff
tint	195	409	203	421	000810	/font/5000/20
rect	202	409	209	420	007fff
tint	202	409	210	421	000810	/font/5000/54
rect	209	409	216	420	007fff
tint	209	409	217	421	000810	/font/5000/52
rect	216	409	223	420	007fff
tint	216	409	224	421	000810	/font/5000/41
rect	223	409	230	420	007fff
tint	223	409	231	421	000810	/font/5000/4e
rect	230	409	237	420	007fff
tint	230	409	238	421	000810	/font/5000/53
rect	237	409	244	420	007fff
tint	237	409	245	421	000810	/font/5000/4d
rect	244	409	251	420	007fff
tint	244	409	252	421	000810	/font/5000/49
rect	251	409	258	420	007fff
tint	251	409	259	421	000810	/font/5000/53
rect	258	409	265	420	007fff
tint	258	409	266	421	000810	/font/5000/53
rect	265	409	272	420	007fff
tint	265	409	273	421	000810	/font/5000/49
rect	272	409	279	420	007fff
tint	272	409	280	421	000810	/font/5000/4f
rect	279	409	286	420	007fff
tint	279	409	287	421	000810	/font/5000/4e
rect	286	409	293	420	007fff
tint	286	409	294	421	000810	/font/5000/20
rect	293	409	300	420	000810
tint	293	409	301	421	007fff	/font/5000/20
rect	300	409	307	420	000810
tint	300	409	308	421	007fff	/font/5000/53
rect	307	409	314	420	000810
tint	307	409	315	421	007fff	/font/5000/45
rect	314	409	321	420	000810
tint	314	409	322	421	007fff	/font/5000/43
rect	321	409	328	420	000810
tint	321	409	329	421	007fff	/font/5000/55
rect	328	409	335	420	000810
tint	328	409	336	421	007fff	/font/5000/52
rect	335	409	342	420	000810
tint	335	409	343	421	007fff	/font/5000/45
rect	342	409	349	420	000810
tint	342	409	350	421	007fff	/font/5000/20
rect	349	409	356	420	000810
tint	349	409	357	421	007fff	/font/5000/4b
rect	356	409	363	420	000810
tint	356	409	364	421	007fff	/font/5000/45
rect	363	409	370	420	000810
tint	363	409	371	421	007fff	/font/5000/59
rect	370	409	377	420	000810
tint	370	409	378	421	007fff	/font/5000/20
rect	377	409	384	420	000810
tint	377	409	385	421	007fff	/font/5000/4f
rect	384	409	391	420	000810
tint	384	409	392	421	007fff	/font/5000/4b
rect	391	409	398	420	000810
tint	391	409	399	421	007fff	/font/5000/20
rect	398	409	405	420	000810
tint	398	409	406	421	007fff	/font/5000/2d
rect	405	409	412	420	000810
tint	405	409	413	421	007fff	/font/5000/20
rect	412	409	419	420	000810
tint	412	409	420	421	007fff	/font/5000/4e
rect	419	409	426	420	000810
tint	419	409	427	421	007fff	/font/5000/57
rect	426	409	433	420	000810
tint	426	409	434	421	007fff	/font/5000/33
rect	433	409	440	420	000810
tint	433	409	441	421	007fff	/font/5000/20
rect	440	409	447	420	000810
tint	440	409	448	421	007fff	/font/5000/54
rect	447	409	454	420	000810
tint	447	409	455	421	007fff	/font/5000/49
rect	454	409	461	420	000810
tint	454	409	462	421	007fff	/font/5000/47
rect	461	409	468	420	000810
tint	461	409	469	421	007fff	/font/5000/48
rect	468	409	475	420	000810
tint	468	409	476	421	007fff	/font/5000/54
rect	475	409	482	420	000810
tint	475	409	483	421	007fff	/font/5000/20
rect	482	409	489	420	000810
tint	482	409	490	421	007fff	/font/5000/42
rect	489	409	496	420	000810
tint	489	409	497	421	007fff	/font/5000/45
rect	496	409	503	420	000810
tint	496	409	504	421	007fff	/font/5000/41
rect	503	409	510	420	000810
tint	503	409	511	421	007fff	/font/5000/4d
rect	510	409	604	420	000810
	132	420	139	431	
tint	132	420	140	432	007fff	/font/5000/53
rect	139	420	147	431	007fff
line	357	40	350	54	489048
			365	53	
	350	54			204020
draw	0	0	128	480	/pictures/501.png
	608		640		/pictures/512.png
tint	102	159	110	172	ff7f00	/font/5001/30
	108		116			
	114		122			/font/5001/35
line	614	378	614	359	00488f
		359	622		
	622			378	002850
		378	614		
rect	615	360	622	378	003870
line	614	456	614	379	007fff
		379	622		
	622			456	00488f
		456	614		
rect	615	380	622	456	0070e0
line	614	232	614	231	909048
		231	622		
	622			232	505028
		232	614		
	614	328		233	ffff7f
		233	622		
	622			328	909048
		328	614		
rect	615	234	622	328	e0e070
line	614	106	614	103	904848
		103	622		
	622			106	502828
		106	614		
rect	615	104	622	106	703838
line	614	200	614	107	ff7f7f
		107	622		
	622			200	904848
		200	614		
rect	615	108	622	200	e07070
	634	49	636	52	7fff7f
		53		56	60c060
		57		60	
		61		64	
		65		68	
		69		72	7fff7f
		73		76	60c060
		77		80	
		81		84	
		85		88	
		89		92	7fff7f
		93		96	60c060
		97		100	
		101		104	
		105		108	
		109		112	7fff7f
		113		116	60c060
		117		120	
		121		124	
		125		128	
		129		132	7fff7f
		133		136	60c060
		137		140	
		141		144	
		145		148	
		149		152	183018
		153		156	
		157		160	
		161		164	
		165		168	
		169		172	
		173		176	
		177		180	
		181		184	
		185		188	
		189		192	
		193		196	
		197		200	
		201		204	
		205		208	
		209		212	
		213		216	
		217		220	
		221		224	
		225		228	
		229		232	
		233		236	
		237		240	
		241		244	
		245		248	
		249		252	
		253		256	
		257		260	
		261		264	
		265		268	
		269		272	
		273		276	
		277		280	
		281		284	
		285		288	
		289		292	
		293		296	
		297		300	
		301		304	
		305		308	
		309		312	
		313		316	
		317		320	
		321		324	
		325		328	
		329		332	
		333		336	
		337		340	
		341		344	
		345		348	
		349		352	
		353		356	
		357		360	
		361		364	
		365		368	
		369		372	
		373		376	
		377		380	
		381		384	
		385		388	
		389		392	
		393		396	
		397		400	
		401		404	
		405		408	
		409		412	
		413		416	
		417		420	
		421		424	
		425		428	
		429		432	
		433		436	
		437		440	
		441		444	
		445		448	
	621	52	631	56	303000
		57		61	
		62		66	
		67		71	
		72		76	
		77		81	
		82		86	
	7	7	115	115	00ff00
	8	8	114	114	001000
	40	40	82	82	003000
point	37	37	006000
	43	54	
	50	50	
	39	58	
	38		
	39	57	
			
			
	38	59	
	37		
	39		
	38	57	
		60	
	37	59	
	38	57	
	39	58	
	38	57	
	40	59	
	38	57	
	39	59	
	37	58	
	39	59	
	37		
	38	58	
	37	60	
	39		
	37		
			
	40	59	
	37	58	
	38	60	
		58	
	39	59	
	38		
			
			
			
			
			
			
			
			
rect	12	320	121	440	001000
line	12	330	119	330	009000
tint	15	320	23	333	00ff00	/font/5001/4d
	21		29			/font/5001/41
	27		35			/font/5001/49
	33		41			/font/5001/4e
	39		47			/font/5001/20
	45		53			/font/5001/4d
	51		59			/font/5001/45
	57		65			/font/5001/4e
	63		71			/font/5001/55
line	12	343	12	332	009000
		332	120		
	120			343	005000
		343	12		
rect	13	333	120	343	007000
tint	15	332	23	345	00ff00	/font/5001/3c
	21		29			/font/5001/42
	27		35			/font/5001/75
	33		41			/font/5001/69
	39		47			/font/5001/6c
	45		53			/font/5001/64
	51		59			/font/5001/3e
	15	344	23	357		/font/5001/3c
	21		29			/font/5001/53
	27		35			/font/5001/70
	33		41			/font/5001/65
	39		47			/font/5001/63
	45		53			/font/5001/69
	51		59			/font/5001/61
	57		65			/font/5001/6c
	63		71			/font/5001/20
	69		77			/font/5001/4f
	75		83			/font/5001/72
	81		89			/font/5001/64
	87		95			/font/5001/65
	93		101			/font/5001/72
	99		107			/font/5001/73
	105		113			/font/5001/3e
	15	356	23	369		/font/5001/3c
	21		29			/font/5001/4d
	27		35			/font/5001/65
	33		41			/font/5001/73
	39		47			
	45		53			/font/5001/61
	51		59			/font/5001/67
	57		65			/font/5001/65
	63		71			/font/5001/3e
	15	368	23	381		/font/5001/3c
	21		29			/font/5001/4d
	27		35			/font/5001/69
	33		41			/font/5001/73
	39		47			
	45		53			/font/5001/69
	51		59			/font/5001/6f
	57		65			/font/5001/6e
	63		71			/font/5001/20
	69		77			/font/5001/53
	75		83			/font/5001/74
	81		89			/font/5001/61
	87		95			/font/5001/74
	93		101			/font/5001/75
	99		107			/font/5001/73
	105		113			/font/5001/3e
line	12	438	119	438	009000
rect	16	450	114	475	001010
line	17	461	17	450	00c0c0
		450	43		
	43			461	007070
		461	17		
rect	18	451	43	461	009090
tint	19	450	27	463	00ffff	/font/5001/52
	25		33			/font/5001/47
	31		39			/font/5001/48
	37		45			/font/5001/54
	43		51			/font/5001/20
	49		57			/font/5001/53
	55		63			/font/5001/65
	61		69			/font/5001/6c
	67		75			/font/5001/65
	73		81			/font/5001/63
	79		87			/font/5001/74
rect	12	180	120	192	000000
line	12	191	12	180	ffff00
		180	119		
	119			191	909000
		191	12		
rect	13	181	119	191	c0c000
tint	15	180	23	193	000000	/font/5001/43
	21		29			/font/5001/4f
	27		35			/font/5001/4e
	33		41			/font/5001/54
	39		47			/font/5001/52
	45		53			/font/5001/4f
	51		59			/font/5001/4c
rect	12	192	120	204	000000
	14	204	36	226	
line	14	204	35	204	489048
			14	205	
	35		35		
	14	225		225	
			14	224	
	35		35		
rect	40	204	51	226	000000
	53		64		
	69		120	216	
		216		228	
		192		204	
	12	228		240	
		252		264	
line	12	263	12	252	007fff
		252	119		
	119			263	00488f
		263	12		
rect	13	253	119	263	0060c0
tint	15	252	23	265	000000	/font/5001/54
	21		29			/font/5001/41
	27		35			/font/5001/52
	33		41			/font/5001/47
	39		47			/font/5001/45
	45		53			/font/5001/54
rect	12	264	120	276	000000
	14	276	36	298	
line	14	276	35	276	489048
			14	277	
	35		35		
	14	297		297	
			14	296	
	35		35		
rect	40	276	51	298	000000
	53		64		
	69		120	288	
		288		300	
		264		276	
	12	300		312	
