point	444	231	b0b0b0
	203	377	
	366	290	808080
	182	210	
	255	190	b0b0b0
	216	457	808080
	566	52	b0b0b0
	281	175	
	315	269	d0d0d0
	424	161	b0b0b0
	453	473	d0d0d0
	344	39	
	523	48	
	589	121	
	394	152	
	490	221	808080
	154	80	
	324	463	
	602	203	b0b0b0
	344	61	808080
	311	394	
	464	286	d0d0d0
	608	154	
	593	461	808080
	519	91	b0b0b0
	439	164	808080
	327	275	b0b0b0
	542	118	
	262	267	
	167	258	808080
	173	416	d0d0d0
	271	101	
	435	43	808080
	244	348	d0d0d0
	457	169	808080
	273	452	
	327	393	
	298	373	
	277	269	
	248	468	
	191	87	
	465	401	
	149	459	d0d0d0
	351	59	
	608	404	808080
	244	81	b0b0b0
	170	206	808080
	402	275	
	594	371	
	159	391	b0b0b0
	301	134	808080
	140	33	d0d0d0
	580	372	808080
	312	87	
		47	b0b0b0
	166	179	808080
	505	420	d0d0d0
	243	159	b0b0b0
	501	221	
	418	268	d0d0d0
	207	145	b0b0b0
	596	235	d0d0d0
	186	191	b0b0b0
	249	289	
	171	285	
	576	431	
	467	181	
	305	92	d0d0d0
	574	426	b0b0b0
	577	85	808080
	314	331	d0d0d0
	144	252	b0b0b0
	603	97	808080
	311	116	b0b0b0
	251	157	
	275	375	808080
	138	361	
	408	437	b0b0b0
	214	84	d0d0d0
	181	204	808080
	385	35	
	602	459	b0b0b0
	563	64	d0d0d0
	282	420	
	400	160	b0b0b0
	286	35	808080
	290	392	
	515	197	
	190	305	d0d0d0
	598	387	808080
	551	397	
	306	368	b0b0b0
	229	226	
	434	335	808080
	504	129	
	211	428	
	305	229	b0b0b0
	433	242	d0d0d0
	162	447	808080
	324	60	
	389	135	b0b0b0
	184	383	d0d0d0
	264	220	808080
	473	21	
	506	12	b0b0b0
	441	290	d0d0d0
	232	345	808080
	594	76	b0b0b0
	185	414	808080
	570	446	d0d0d0
	134	345	
	199	302	808080
	447	470	b0b0b0
	305	430	
	534	173	
	521	111	808080
	590	223	b0b0b0
	373	133	
	274	374	d0d0d0
	313	362	
	226	21	808080
	291	106	
	208	278	
	190	384	b0b0b0
	319	388	808080
line	178	0	178	480	002850
	306		306		000050
	434		434		
	562		562		
	128	107	608	107	
		235		235	
		363		363	002850
draw	364	235	374	242	/sprites/521.SMIV/16
	147	29	148	30	/sprites/513.SMIV/15
	326	40	328	41	/sprites/513.SMIV/10
	284	113	288	116	/sprites/507.SMIV/6
	270	177	272	178	/sprites/513.SMIV/12
	218	11	219	12	/sprites/513.SMIV/18
	251	40	254	43	/sprites/507.SMIV/7
	239	62	240	63	/sprites/513.SMIV/13
	376	53	379	56	/sprites/507.SMIV/11
	278	4	281	8	/sprites/507.SMIV/19
	277	5			/sprites/507.SMIV/22
	278	4			/sprites/507.SMIV/19
line	197	342	212	342	489048
			204	329	
	212				204020
draw	0	0	128	480	/pictures/501.png
	608		640		/pictures/512.png
tint	102	159	110	172	ff7f00	/font/5001/30
	108		116			
	114		122			/font/5001/35
line	614	378	614	359	00488f
		359	622		
	622			378	002850
		378	614		
rect	615	360	622	378	003870
line	614	456	614	379	007fff
		379	622		
	622			456	00488f
		456	614		
rect	615	380	622	456	0070e0
line	614	328	614	231	ffff7f
		231	622		
	622			328	909048
		328	614		
rect	615	232	622	328	e0e070
line	614	200	614	103	ff7f7f
		103	622		
	622			200	904848
		200	614		
rect	615	104	622	200	e07070
	634	49	636	52	7fff7f
		53		56	60c060
		57		60	
		61		64	
		65		68	
		69		72	7fff7f
		73		76	60c060
		77		80	
		81		84	
		85		88	
		89		92	7fff7f
		93		96	60c060
		97		100	
		101		104	
		105		108	
		109		112	7fff7f
		113		116	60c060
		117		120	
		121		124	
		125		128	
		129		132	7fff7f
		133		136	60c060
		137		140	
		141		144	
		145		148	
		149		152	183018
		153		156	
		157		160	
		161		164	
		165		168	
		169		172	
		173		176	
		177		180	
		181		184	
		185		188	
		189		192	
		193		196	
		197		200	
		201		204	
		205		208	
		209		212	
		213		216	
		217		220	
		221		224	
		225		228	
		229		232	
		233		236	
		237		240	
		241		244	
		245		248	
		249		252	
		253		256	
		257		260	
		261		264	
		265		268	
		269		272	
		273		276	
		277		280	
		281		284	
		285		288	
		289		292	
		293		296	
		297		300	
		301		304	
		305		308	
		309		312	
		313		316	
		317		320	
		321		324	
		325		328	
		329		332	
		333		336	
		337		340	
		341		344	
		345		348	
		349		352	
		353		356	
		357		360	
		361		364	
		365		368	
		369		372	
		373		376	
		377		380	
		381		384	
		385		388	
		389		392	
		393		396	
		397		400	
		401		404	
		405		408	
		409		412	
		413		416	
		417		420	
		421		424	
		425		428	
		429		432	
		433		436	
		437		440	
		441		444	
		445		448	
	621	52	631	56	303000
		57		61	
		62		66	
		67		71	
		72		76	
		77		81	
		82		86	
	7	7	115	115	00ff00
	8	8	114	114	001000
	42	42	80	80	003000
point	48	36	006000
	33	11	
	38	17	
	45	23	
	42	46	
	61	36	
	51	30	
	56	46	
	43	18	
	69	32	
	52	52	
	51	57	
	30	30	
	51	43	
	52	41	
	50	40	
	51	39	
	47	46	
	58	49	
	48	44	
	58	40	
	50	47	
	41	39	
	47	33	
	41	37	
	37	36	
	38	34	
	49	33	
	34	20	
	57	37	
	49	48	
	50	40	
	59	48	
	52	39	
	46	41	
	52	44	
			
			
			
rect	12	320	121	440	001000
line	12	330	119	330	009000
tint	15	320	23	333	00ff00	/font/5001/4d
	21		29			/font/5001/41
	27		35			/font/5001/49
	33		41			/font/5001/4e
	39		47			/font/5001/20
	45		53			/font/5001/4d
	51		59			/font/5001/45
	57		65			/font/5001/4e
	63		71			/font/5001/55
line	12	343	12	332	009000
		332	120		
	120			343	005000
		343	12		
rect	13	333	120	343	007000
tint	15	332	23	345	00ff00	/font/5001/3c
	21		29			/font/5001/42
	27		35			/font/5001/75
	33		41			/font/5001/69
	39		47			/font/5001/6c
	45		53			/font/5001/64
	51		59			/font/5001/3e
	15	344	23	357		/font/5001/3c
	21		29			/font/5001/53
	27		35			/font/5001/70
	33		41			/font/5001/65
	39		47			/font/5001/63
	45		53			/font/5001/69
	51		59			/font/5001/61
	57		65			/font/5001/6c
	63		71			/font/5001/20
	69		77			/font/5001/4f
	75		83			/font/5001/72
	81		89			/font/5001/64
	87		95			/font/5001/65
	93		101			/font/5001/72
	99		107			/font/5001/73
	105		113			/font/5001/3e
	15	356	23	369		/font/5001/3c
	21		29			/font/5001/4d
	27		35			/font/5001/65
	33		41			/font/5001/73
	39		47			
	45		53			/font/5001/61
	51		59			/font/5001/67
	57		65			/font/5001/65
	63		71			/font/5001/3e
	15	368	23	381		/font/5001/3c
	21		29			/font/5001/4d
	27		35			/font/5001/69
	33		41			/font/5001/73
	39		47			
	45		53			/font/5001/69
	51		59			/font/5001/6f
	57		65			/font/5001/6e
	63		71			/font/5001/20
	69		77			/font/5001/53
	75		83			/font/5001/74
	81		89			/font/5001/61
	87		95			/font/5001/74
	93		101			/font/5001/75
	99		107			/font/5001/73
	105		113			/font/5001/3e
line	12	438	119	438	009000
rect	16	450	114	475	001010
line	17	461	17	450	00c0c0
		450	43		
	43			461	007070
		461	17		
rect	18	451	43	461	009090
tint	19	450	27	463	00ffff	/font/5001/52
	25		33			/font/5001/47
	31		39			/font/5001/48
	37		45			/font/5001/54
	43		51			/font/5001/20
	49		57			/font/5001/53
	55		63			/font/5001/65
	61		69			/font/5001/6c
	67		75			/font/5001/65
	73		81			/font/5001/63
	79		87			/font/5001/74
line	12	191	12	180	ffff00
		180	119		
	119			191	909000
		191	12		
rect	13	181	119	191	c0c000
tint	15	180	23	193	000000	/font/5001/43
	21		29			/font/5001/4f
	27		35			/font/5001/4e
	33		41			/font/5001/54
	39		47			/font/5001/52
	45		53			/font/5001/4f
	51		59			/font/5001/4c
line	14	204	35	204	489048
			14	205	
	35		35		
	14	225		225	
			14	224	
	35		35		
	12	263	12	252	007fff
		252	119		
	119			263	00488f
		263	12		
rect	13	253	119	263	0060c0
tint	15	252	23	265	000000	/font/5001/54
	21		29			/font/5001/41
	27		35			/font/5001/52
	33		41			/font/5001/47
	39		47			/font/5001/45
	45		53			/font/5001/54
line	14	276	35	276	489048
			14	277	
	35		35		
	14	297		297	
			14	296	
	35		35		
