point	290	367	d0d0d0
	489	378	b0b0b0
	557	291	808080
	373	210	
	541	190	b0b0b0
	407	458	808080
	290	179	
	567	176	b0b0b0
	216	461	d0d0d0
	263	112	
	354	357	
	289	193	
	425	464	
	490	83	
	212	210	808080
	272	416	d0d0d0
	344	80	808080
	515	463	
	501	157	d0d0d0
	534	62	808080
	501	395	
	365	72	d0d0d0
	415	408	b0b0b0
	392	276	
	325	455	
	148	391	
	134	201	d0d0d0
	347	331	b0b0b0
	548	268	
	357	259	808080
	554	417	d0d0d0
	392	16	808080
	145	292	
	138	389	
	206	405	d0d0d0
	464	452	808080
	517	394	
	488	373	
	467	269	
	438	468	
	381	87	
	175	421	
	530	460	d0d0d0
	240	400	b0b0b0
	413	424	
	530	82	
	360	207	808080
	593	276	
	304	104	
	445	392	b0b0b0
	492	135	808080
	598	33	d0d0d0
	206	46	b0b0b0
	503	87	808080
	272	62	d0d0d0
	357	179	808080
	269	439	
	529	160	b0b0b0
	365	391	d0d0d0
	272	80	b0b0b0
	493	145	
	498	421	d0d0d0
	472	192	b0b0b0
	535	290	
	457	286	
	467	396	d0d0d0
	226	126	808080
	168	271	
	464	167	d0d0d0
	366	147	b0b0b0
	174	360	808080
	430	252	b0b0b0
	406	325	
	597	117	
	537	157	
	465	375	808080
	328	361	
	214	90	b0b0b0
	596	85	d0d0d0
	371	205	808080
	576	36	
	407	359	b0b0b0
	482	32	808080
	157	41	
	382	43	b0b0b0
	477	36	808080
	480	393	
	225	174	
	572	306	d0d0d0
	488	369	
	261	112	808080
	592	368	b0b0b0
	515	227	
	153	88	
	264	4	d0d0d0
	402	429	808080
	590	230	b0b0b0
	334	434	d0d0d0
	353	447	808080
	514	61	
	173	290	
	566	384	d0d0d0
	455	221	808080
	435	39	d0d0d0
	247	8	808080
	553	10	
	423	345	
	310	41	
	375	414	
	301		
	516	346	d0d0d0
	389	303	808080
	212	50	
	591	431	b0b0b0
	409	465	d0d0d0
	231	111	808080
	307	52	
	195	267	d0d0d0
	165	280	b0b0b0
	194	214	
	532	22	808080
	481	106	
	399	278	
	476	385	b0b0b0
	510	388	808080
line	174	0	174	480	000050
	302		302		
	430		430		
	558		558		002850
	128	110	608	110	000050
		238		238	
		366		366	002850
	381	232	379	236	ff7f00
draw	363	237	373	244	/sprites/521.SMIV/4
	493	76	494	77	/sprites/513.SMIV/15
	541	13	542	14	/sprites/513.SMIV/18
	598	63	622	83	/sprites/524.SMIV/16
		38	620	59	/sprites/524.SMIV/15
	550	14	572	35	
	565	-2	587	19	
	608	123	609	124	/sprites/513.SMIV/13
	372	234	377	238	/sprites/584.SMIV/0
	487	181	491	182	/sprites/528.SMIV/16
	469	212	473	213	/sprites/528.SMIV/17
	476	140	479	142	/sprites/528.SMIV/15
	524	115	527	117	
	509	81	511	84	/sprites/528.SMIV/14
	586	85	589	87	/sprites/528.SMIV/15
	546	35	548	38	/sprites/528.SMIV/14
	607	46	610	48	/sprites/528.SMIV/15
	575	6	578	8	
line	542	144	527	144	489048
			534	157	
	527				204020
draw	0	0	128	480	/pictures/501.png
	608		640		/pictures/512.png
tint	102	159	110	172	ff7f00	/font/5001/30
	108		116			
	114		122			/font/5001/35
line	614	378	614	359	00488f
		359	622		
	622			378	002850
		378	614		
rect	615	360	622	378	003870
line	614	456	614	379	007fff
		379	622		
	622			456	00488f
		456	614		
rect	615	380	622	456	0070e0
line	614	231	614	231	909048
			622		
	622				505028
			614		
	614	328		232	ffff7f
		232	622		
	622			328	909048
		328	614		
rect	615	233	622	328	e0e070
line	614	200	614	103	ff7f7f
		103	622		
	622			200	904848
		200	614		
rect	615	104	622	200	e07070
	634	49	636	52	7fff7f
		53		56	60c060
		57		60	
		61		64	
		65		68	
		69		72	7fff7f
		73		76	60c060
		77		80	
		81		84	
		85		88	
		89		92	7fff7f
		93		96	60c060
		97		100	
		101		104	
		105		108	
		109		112	7fff7f
		113		116	60c060
		117		120	
		121		124	
		125		128	
		129		132	7fff7f
		133		136	60c060
		137		140	
		141		144	
		145		148	
		149		152	183018
		153		156	
		157		160	
		161		164	
		165		168	
		169		172	
		173		176	
		177		180	
		181		184	
		185		188	
		189		192	
		193		196	
		197		200	
		201		204	
		205		208	
		209		212	
		213		216	
		217		220	
		221		224	
		225		228	
		229		232	
		233		236	
		237		240	
		241		244	
		245		248	
		249		252	
		253		256	
		257		260	
		261		264	
		265		268	
		269		272	
		273		276	
		277		280	
		281		284	
		285		288	
		289		292	
		293		296	
		297		300	
		301		304	
		305		308	
		309		312	
		313		316	
		317		320	
		321		324	
		325		328	
		329		332	
		333		336	
		337		340	
		341		344	
		345		348	
		349		352	
		353		356	
		357		360	
		361		364	
		365		368	
		369		372	
		373		376	
		377		380	
		381		384	
		385		388	
		389		392	
		393		396	
		397		400	
		401		404	
		405		408	
		409		412	
		413		416	
		417		420	
		421		424	
		425		428	
		429		432	
		433		436	
		437		440	
		441		444	
		445		448	
	621	52	631	56	303000
		57		61	
		62		66	
		67		71	
		72		76	
		77		81	
		82		86	
	7	7	115	115	00ff00
	8	8	114	114	001000
	42	42	80	80	003000
point	78	33	006000
	71	53	
	70	56	
	69	49	
	74	47	
	72	44	
	66	11	
	77	46	
	74	16	
		41	
	69	46	
	97	33	
	83	27	
	88	47	
	70	11	
	107	30	
	81	61	
	57	28	
	81	38	
	78	33	
	73	42	
	91	33	
	78	45	
	81	40	
	78	43	
	74	41	
	75	40	
	83	41	
	79	26	
	75	30	
	90	34	
	78	50	
rect	12	320	121	440	001000
line	12	330	119	330	009000
tint	15	320	23	333	00ff00	/font/5001/4d
	21		29			/font/5001/41
	27		35			/font/5001/49
	33		41			/font/5001/4e
	39		47			/font/5001/20
	45		53			/font/5001/4d
	51		59			/font/5001/45
	57		65			/font/5001/4e
	63		71			/font/5001/55
line	12	343	12	332	009000
		332	120		
	120			343	005000
		343	12		
rect	13	333	120	343	007000
tint	15	332	23	345	00ff00	/font/5001/3c
	21		29			/font/5001/42
	27		35			/font/5001/75
	33		41			/font/5001/69
	39		47			/font/5001/6c
	45		53			/font/5001/64
	51		59			/font/5001/3e
	15	344	23	357		/font/5001/3c
	21		29			/font/5001/53
	27		35			/font/5001/70
	33		41			/font/5001/65
	39		47			/font/5001/63
	45		53			/font/5001/69
	51		59			/font/5001/61
	57		65			/font/5001/6c
	63		71			/font/5001/20
	69		77			/font/5001/4f
	75		83			/font/5001/72
	81		89			/font/5001/64
	87		95			/font/5001/65
	93		101			/font/5001/72
	99		107			/font/5001/73
	105		113			/font/5001/3e
	15	356	23	369		/font/5001/3c
	21		29			/font/5001/4d
	27		35			/font/5001/65
	33		41			/font/5001/73
	39		47			
	45		53			/font/5001/61
	51		59			/font/5001/67
	57		65			/font/5001/65
	63		71			/font/5001/3e
	15	368	23	381		/font/5001/3c
	21		29			/font/5001/4d
	27		35			/font/5001/69
	33		41			/font/5001/73
	39		47			
	45		53			/font/5001/69
	51		59			/font/5001/6f
	57		65			/font/5001/6e
	63		71			/font/5001/20
	69		77			/font/5001/53
	75		83			/font/5001/74
	81		89			/font/5001/61
	87		95			/font/5001/74
	93		101			/font/5001/75
	99		107			/font/5001/73
	105		113			/font/5001/3e
line	12	438	119	438	009000
rect	16	450	114	475	001010
line	17	461	17	450	00c0c0
		450	43		
	43			461	007070
		461	17		
rect	18	451	43	461	009090
tint	19	450	27	463	00ffff	/font/5001/52
	25		33			/font/5001/47
	31		39			/font/5001/48
	37		45			/font/5001/54
	43		51			/font/5001/20
	49		57			/font/5001/53
	55		63			/font/5001/65
	61		69			/font/5001/6c
	67		75			/font/5001/65
	73		81			/font/5001/63
	79		87			/font/5001/74
line	12	191	12	180	ffff00
		180	120		
	120			191	909000
		191	12		
rect	13	181	120	191	c0c000
tint	15	180	23	193	000000	/font/5001/43
	21		29			/font/5001/4f
	27		35			/font/5001/4e
	33		41			/font/5001/54
	39		47			/font/5001/52
	45		53			/font/5001/4f
	51		59			/font/5001/4c
line	14	204	35	204	489048
			14	205	
	35		35		
	14	225		225	
			14	224	
	35		35		
	12	263	12	252	007fff
		252	120		
	120			263	00488f
		263	12		
rect	13	253	120	263	0060c0
tint	15	252	23	265	000000	/font/5001/54
	21		29			/font/5001/41
	27		35			/font/5001/52
	33		41			/font/5001/47
	39		47			/font/5001/45
	45		53			/font/5001/54
line	14	276	35	276	489048
			14	277	
	35		35		
	14	297		297	
			14	296	
	35		35		
