point	235	18	b0b0b0
	368	0	808080
	542	359	
	358	278	
	519	293	b0b0b0
	400	91	d0d0d0
	275	247	808080
	545	278	b0b0b0
	351	59	808080
	233	249	d0d0d0
	488	13	
	259	329	
	217	61	808080
	461	219	d0d0d0
	197	278	808080
	582	360	b0b0b0
	329	148	808080
	330	52	
	471	294	d0d0d0
	519	130	808080
	486	463	
	336	208	d0d0d0
	499	40	
	369	378	b0b0b0
	137	103	d0d0d0
	239	9	808080
	583	287	d0d0d0
	325	434	b0b0b0
	526	370	
	342	327	808080
	388	55	b0b0b0
	377	84	808080
	130	360	
	598	35	d0d0d0
	309	47	b0b0b0
	153	80	d0d0d0
	502	462	808080
	473	441	
	452	337	
	252	57	
	366	156	
	505	10	
	462	58	
	539	15	
	248	62	d0d0d0
	508	184	b0b0b0
	345	275	808080
	578	344	
	289	173	
	417	10	
	477	203	
	577	74	b0b0b0
	183	148	
	488	155	808080
	242	199	d0d0d0
	342	247	808080
	305	27	
	507	262	b0b0b0
	366	24	808080
	250	182	b0b0b0
	471	248	
	219	39	808080
	450	294	b0b0b0
	512	392	
	435	388	
	328	52	d0d0d0
	211	194	808080
	153	339	
	434	304	d0d0d0
	344	250	b0b0b0
	159	428	808080
	407	355	b0b0b0
	384	427	
	574	219	
	515	260	
	450	443	808080
	313	429	
	191	193	b0b0b0
	566	222	d0d0d0
	356	273	808080
	561	104	
	385	461	b0b0b0
	467	100	808080
	142	109	
	360	146	b0b0b0
	462	104	808080
	465	461	
	210	242	
	542	443	d0d0d0
	445	19	b0b0b0
	246	180	808080
	570	471	b0b0b0
	492	329	
	130	190	
	234	140	d0d0d0
	294	17	808080
	568	332	b0b0b0
	236	46	808080
	213	70	d0d0d0
	499	129	808080
	158	359	
	217	40	d0d0d0
	440	289	808080
	406	175	d0d0d0
	232	76	808080
	538	78	
	408	413	
	295	109	
	485	2	
	148	3	d0d0d0
	505	2	
	374	371	808080
	197	118	
	327	36	
	543	91	b0b0b0
	216	179	808080
	292	120	
	165	403	d0d0d0
	142	382	b0b0b0
	171	316	
	517	90	808080
	466	174	
	384	346	
	597	5	
	495	456	
	533	226	f07800
	532	230	
	533	228	
	532	230	
	530	224	
	535	226	
	534	230	
	537	226	
	531	225	
	533	229	
	545	221	
	549	223	
	544	220	
	548	222	
	543	226	
	548	222	
	545	226	
	542	222	
	543	219	
	546	223	
line	143	0	143	480	000050
	271		271		
	399		399		
	527		527		002850
	128	119	608	119	000050
		247		247	
		375		375	
	492	220	488	221	ff7f00
	424	251	420	251	
draw	562	28	600	67	/sprites/1036.SMIV/0
	363	235	373	242	/sprites/521.SMIV/8
	438	242	439	243	/sprites/513.SMIV/15
	617	457	619	458	/sprites/513.SMIV/12
	608	93	610	94	/sprites/513.SMIV/23
	556	23	558	24	/sprites/513.SMIV/21
	471	149	472	150	/sprites/513.SMIV/18
	604	282	628	297	/sprites/524.SMIV/18
	631	225	655	240	
	600	260	624	275	/sprites/524.SMIV/19
	555	235	579	250	/sprites/524.SMIV/18
	567	220	591	235	
static	636	118	641	127	00000000	254	/sprites/523.SMIV/11
draw	621	157	626	166	/sprites/523.SMIV/11
	568	298	569	299	/sprites/513.SMIV/13
	547	258	551	259	/sprites/528.SMIV/18
	493	250	499	255	/sprites/584.SMIV/2
	477	237	481	238	/sprites/528.SMIV/18
	356	299	365	306	/sprites/541.SMIV/15
	627	230	631	231	/sprites/528.SMIV/18
	560	261	565	265	/sprites/584.SMIV/0
	311	266	315	267	/sprites/528.SMIV/19
	425	250	430	254	/sprites/584.SMIV/0
	360	257	364	258	/sprites/528.SMIV/18
	487	252	496	259	/sprites/541.SMIV/14
	528	235	532	236	/sprites/528.SMIV/18
	476	267	480	268	/sprites/528.SMIV/19
	612	287	616	288	
	443	244	447	245	/sprites/528.SMIV/18
	371	243	377	247	/sprites/584.SMIV/1
	565	241	569	242	/sprites/528.SMIV/18
	529	227	531	228	/sprites/504.SMIV/18
	541	222	543	223	
line	542	336	534	323	489048
			527	336	
	534	323			204020
draw	0	0	128	480	/pictures/501.png
	608		640		/pictures/512.png
tint	102	159	110	172	ff7f00	/font/5001/30
	108		116			
	114		122			/font/5001/35
line	614	378	614	359	00488f
		359	622		
	622			378	002850
		378	614		
rect	615	360	622	378	003870
line	614	456	614	379	007fff
		379	622		
	622			456	00488f
		456	614		
rect	615	380	622	456	0070e0
line	614	231	614	231	909048
			622		
	622				505028
			614		
	614	328		232	ffff7f
		232	622		
	622			328	909048
		328	614		
rect	615	233	622	328	e0e070
line	614	104	614	103	904848
		103	622		
	622			104	502828
		104	614		
	614	200		105	ff7f7f
		105	622		
	622			200	904848
		200	614		
rect	615	106	622	200	e07070
	634	49	636	52	7fff7f
		53		56	60c060
		57		60	
		61		64	
		65		68	
		69		72	7fff7f
		73		76	60c060
		77		80	
		81		84	
		85		88	
		89		92	7fff7f
		93		96	60c060
		97		100	
		101		104	
		105		108	
		109		112	7fff7f
		113		116	60c060
		117		120	
		121		124	
		125		128	
		129		132	7fff7f
		133		136	60c060
		137		140	
		141		144	
		145		148	
		149		152	183018
		153		156	
		157		160	
		161		164	
		165		168	
		169		172	
		173		176	
		177		180	
		181		184	
		185		188	
		189		192	
		193		196	
		197		200	
		201		204	
		205		208	
		209		212	
		213		216	
		217		220	
		221		224	
		225		228	
		229		232	
		233		236	
		237		240	
		241		244	
		245		248	
		249		252	
		253		256	
		257		260	
		261		264	
		265		268	
		269		272	
		273		276	
		277		280	
		281		284	
		285		288	
		289		292	
		293		296	
		297		300	
		301		304	
		305		308	
		309		312	
		313		316	
		317		320	
		321		324	
		325		328	
		329		332	
		333		336	
		337		340	
		341		344	
		345		348	
		349		352	
		353		356	
		357		360	
		361		364	
		365		368	
		369		372	
		373		376	
		377		380	
		381		384	
		385		388	
		389		392	
		393		396	
		397		400	
		401		404	
		405		408	
		409		412	
		413		416	
		417		420	
		421		424	
		425		428	
		429		432	
		433		436	
		437		440	
		441		444	
		445		448	
	621	52	631	56	303000
		57		61	
		62		66	
		67		71	
		72		76	
		77		81	
		82		86	
	7	7	115	115	00ff00
	8	8	114	114	001000
	42	42	80	80	003000
point	79	45	006000
	76	59	
	64	61	
	61	64	
	60	12	
	78	61	
	65		
	70	62	
	65	21	
	61	62	
	74	25	
	71	60	
	67		
	101	44	
	84	38	
	76	58	
	83		
	90	61	
	69	20	
	112	42	
	64	61	
	71		
	73	59	
	61	61	
	81	76	
	78	59	
	54	40	
	81	49	
	73	62	
	71	60	
	77	43	
	70	53	
	93	42	
	81	62	
	83	58	
	81	61	
	77	59	
	78	58	
	85	59	
	83	49	
	81	52	
	91	45	
	78	63	
rect	12	320	121	440	001000
line	12	330	119	330	009000
tint	15	320	23	333	00ff00	/font/5001/4d
	21		29			/font/5001/41
	27		35			/font/5001/49
	33		41			/font/5001/4e
	39		47			/font/5001/20
	45		53			/font/5001/4d
	51		59			/font/5001/45
	57		65			/font/5001/4e
	63		71			/font/5001/55
line	12	343	12	332	009000
		332	120		
	120			343	005000
		343	12		
rect	13	333	120	343	007000
tint	15	332	23	345	00ff00	/font/5001/3c
	21		29			/font/5001/42
	27		35			/font/5001/75
	33		41			/font/5001/69
	39		47			/font/5001/6c
	45		53			/font/5001/64
	51		59			/font/5001/3e
	15	344	23	357		/font/5001/3c
	21		29			/font/5001/53
	27		35			/font/5001/70
	33		41			/font/5001/65
	39		47			/font/5001/63
	45		53			/font/5001/69
	51		59			/font/5001/61
	57		65			/font/5001/6c
	63		71			/font/5001/20
	69		77			/font/5001/4f
	75		83			/font/5001/72
	81		89			/font/5001/64
	87		95			/font/5001/65
	93		101			/font/5001/72
	99		107			/font/5001/73
	105		113			/font/5001/3e
	15	356	23	369		/font/5001/3c
	21		29			/font/5001/4d
	27		35			/font/5001/65
	33		41			/font/5001/73
	39		47			
	45		53			/font/5001/61
	51		59			/font/5001/67
	57		65			/font/5001/65
	63		71			/font/5001/3e
	15	368	23	381		/font/5001/3c
	21		29			/font/5001/4d
	27		35			/font/5001/69
	33		41			/font/5001/73
	39		47			
	45		53			/font/5001/69
	51		59			/font/5001/6f
	57		65			/font/5001/6e
	63		71			/font/5001/20
	69		77			/font/5001/53
	75		83			/font/5001/74
	81		89			/font/5001/61
	87		95			/font/5001/74
	93		101			/font/5001/75
	99		107			/font/5001/73
	105		113			/font/5001/3e
line	12	438	119	438	009000
rect	16	450	114	475	001010
line	17	461	17	450	00c0c0
		450	43		
	43			461	007070
		461	17		
rect	18	451	43	461	009090
tint	19	450	27	463	00ffff	/font/5001/52
	25		33			/font/5001/47
	31		39			/font/5001/48
	37		45			/font/5001/54
	43		51			/font/5001/20
	49		57			/font/5001/53
	55		63			/font/5001/65
	61		69			/font/5001/6c
	67		75			/font/5001/65
	73		81			/font/5001/63
	79		87			/font/5001/74
rect	12	180	120	192	000000
line	12	191	12	180	ffff00
		180	119		
	119			191	909000
		191	12		
rect	13	181	119	191	c0c000
tint	15	180	23	193	000000	/font/5001/43
	21		29			/font/5001/4f
	27		35			/font/5001/4e
	33		41			/font/5001/54
	39		47			/font/5001/52
	45		53			/font/5001/4f
	51		59			/font/5001/4c
rect	12	192	120	204	000000
	14	204	36	226	
line	14	204	35	204	489048
			14	205	
	35		35		
	14	225		225	
			14	224	
	35		35		
rect	40	204	51	226	000000
	53		64		
	69		120	216	
		216		228	
		192		204	
	12	228		240	
		252		264	
line	12	263	12	252	007fff
		252	119		
	119			263	00488f
		263	12		
rect	13	253	119	263	0060c0
tint	15	252	23	265	000000	/font/5001/54
	21		29			/font/5001/41
	27		35			/font/5001/52
	33		41			/font/5001/47
	39		47			/font/5001/45
	45		53			/font/5001/54
rect	12	264	120	276	000000
	14	276	36	298	
line	14	276	35	276	489048
			14	277	
	35		35		
	14	297		297	
			14	296	
	35		35		
rect	40	276	51	298	000000
	53		64		
	69		120	288	
		288		300	
		264		276	
	12	300		312	
