point	145	268	808080
	500	331	d0d0d0
	459	135	808080
	275	55	
	217	436	b0b0b0
	204	194	
	196	262	808080
	435	403	d0d0d0
	379	234	b0b0b0
	388	451	808080
	559	262	
	168	40	b0b0b0
	137	51	d0d0d0
	302	344	808080
	593	29	
	457	25	b0b0b0
	136	181	808080
	215	273	
	289	411	
	186	170	
	403	239	
	157	435	b0b0b0
	189	117	
	260	329	
	421	185	
	564	278	808080
	149	157	b0b0b0
	593	304	
	401	35	
	259	103	808080
	218	154	
	492	339	
	435	455	b0b0b0
	325	170	
	532	434	808080
	501	114	b0b0b0
	419	238	808080
	390	218	
	369	114	
	185	222	d0d0d0
	342	411	808080
	368	265	
	343	232	b0b0b0
	486	168	
	585	189	d0d0d0
	232	54	808080
	262	51	
	495	120	
	462	284	d0d0d0
	367	159	b0b0b0
	196	458	808080
	373	304	
	484	312	d0d0d0
	445	377	b0b0b0
	558	271	808080
	259	24	
	483	184	b0b0b0
	458	430	808080
	192	39	d0d0d0
	518	95	
	540	420	808080
	586	284	b0b0b0
	583	425	d0d0d0
	388	57	b0b0b0
	249	317	808080
	508	118	d0d0d0
	607	128	808080
	372	315	b0b0b0
	571	305	
	419	403	d0d0d0
	519	229	b0b0b0
	523	370	d0d0d0
	368	288	808080
	138	367	b0b0b0
	419	379	d0d0d0
	367	220	808080
	291	378	
	565	97	
	342	310	b0b0b0
	273	49	808080
	399	360	
	350	243	
	223	74	
	342	304	d0d0d0
	198	297	808080
	375	300	b0b0b0
	382	237	808080
	607	36	b0b0b0
	160	476	
	257	268	808080
	163	61	
	415	170	d0d0d0
	251	471	
	502	317	808080
	228	115	b0b0b0
	342	272	808080
	513	475	d0d0d0
	164	248	b0b0b0
	344	287	808080
	444	337	b0b0b0
	450	467	d0d0d0
	345	368	
	357	65	808080
	437	428	
	541	213	b0b0b0
	473	262	
	324	190	808080
	422	293	
	563	257	
	569	378	d0d0d0
	537	336	
	291	147	808080
	587	35	b0b0b0
	556	199	
	237	49	808080
	135	53	b0b0b0
	236	433	808080
	541	183	
	496	110	b0b0b0
	444	379	
	419	346	808080
	577	429	
	301	123	
	447	151	b0b0b0
	412	233	808080
rect	236	0	237	481	000050
	364		365		002850
	492		493		000050
	128	54	609	55	002850
		182		183	000050
		310		311	
		438		439	
draw	366	237	375	246	/sprites/ish/hvc%22
	335	196	339	199	/sprites/can/fighter%17
	449	319	451	320	/sprites/sfx/crew%12
	507	215	511	218	/sprites/can/fighter%17
	363	81	377	103	/sprites/can/carrier%12
	472	56	488	78	/sprites/can/carrier%23
	490	119	504	141	/sprites/can/carrier%12
	361	70	377	92	/sprites/can/carrier%1
	404	111	420	134	/sprites/can/carrier%13
	364	64	378	86	/sprites/can/carrier%12
static	595	154	602	162	00000000	254	/sprites/can/hvc%15
draw	497	183	503	192	/sprites/can/hvc%14
	361	63	362	64	/sprites/sfx/crew%13
	424	181	426	184	/sprites/dev/cm%13
	382	96	384	99	/sprites/dev/cm%12
	364	232	370	236	/sprites/dev/onas%1
	480	142	483	144	/sprites/dev/cm%15
	404	92	413	97	/sprites/sfx/explosion/gas%20
	446	239	450	240	/sprites/dev/cm%16
	449	258	453	259	
	388	116	390	119	/sprites/dev/cm%12
	464	226	466	229	/sprites/dev/cm%14
	435	94	441	97	/sprites/sfx/explosion/gas%25
line	290	57	289	72	489048
			302	66	
	289	72			204020
draw	0	-144	128	624	/pictures/gui/instruments/left.png
	608		640		/pictures/gui/instruments/right.png
crop	102	159	108	171	0	36	ff7f00	/fonts/computer.png
	108		114					
	114		120		40			
rect	614	359	615	397	00488f
			623	360	
	622			397	002850
	614	396			
	615	360	622	396	003870
	614	397	615	457	007fff
			623	398	
	622			457	00488f
	614	456			
	615	398	622	456	0070e0
	614	231	615	232	909048
			623		
	622				505028
	614				
		232	615	329	ffff7f
			623	233	
	622			329	909048
	614	328			
	615	233	622	328	e0e070
	614	103	615	111	904848
			623	104	
	622			111	502828
	614	110			
	615	104	622	110	703838
	614	111	615	201	ff7f7f
			623	112	
	622			201	904848
	614	200			
	615	112	622	200	e07070
	634	49	636	52	7fff7f
		53		56	60c060
		57		60	
		61		64	
		65		68	
		69		72	7fff7f
		73		76	60c060
		77		80	
		81		84	
		85		88	
		89		92	7fff7f
		93		96	60c060
		97		100	
		101		104	
		105		108	
		109		112	7fff7f
		113		116	60c060
		117		120	
		121		124	
		125		128	
		129		132	7fff7f
		133		136	60c060
		137		140	
		141		144	
		145		148	
		149		152	183018
		153		156	
		157		160	
		161		164	
		165		168	
		169		172	
		173		176	
		177		180	
		181		184	
		185		188	
		189		192	
		193		196	
		197		200	
		201		204	
		205		208	
		209		212	
		213		216	
		217		220	
		221		224	
		225		228	
		229		232	
		233		236	
		237		240	
		241		244	
		245		248	
		249		252	
		253		256	
		257		260	
		261		264	
		265		268	
		269		272	
		273		276	
		277		280	
		281		284	
		285		288	
		289		292	
		293		296	
		297		300	
		301		304	
		305		308	
		309		312	
		313		316	
		317		320	
		321		324	
		325		328	
		329		332	
		333		336	
		337		340	
		341		344	
		345		348	
		349		352	
		353		356	
		357		360	
		361		364	
		365		368	
		369		372	
		373		376	
		377		380	
		381		384	
		385		388	
		389		392	
		393		396	
		397		400	
		401		404	
		405		408	
		409		412	
		413		416	
		417		420	
		421		424	
		425		428	
		429		432	
		433		436	
		437		440	
		441		444	
		445		448	
	621	52	631	56	303000
		57		61	
		62		66	
		67		71	
		72		76	
		77		81	
		82		86	
	7	7	115	115	00ff00
	8	8	114	114	001000
	43	43	81	81	003000
point	62	11	006000
	67	61	
	55	58	
	60	49	
	63	54	
	66	60	
		58	
	61	50	
	68	52	
	65	51	
	60	50	
	74	68	
	63	51	
	64	67	
	62	8	
	70	60	
	59	49	
	66	48	
	68	52	
	59	49	
	61	51	
	59	49	
	76	54	
	69	56	
	58	47	
rect	12	320	121	440	001000
		330	120	331	009000
		332	13	344	
			121	333	
	120			344	005000
	12	343			
	13	333	120	343	007000
	12	438		439	009000
	16	450	114	475	001010
	17		18	462	00c0c0
			44	451	
	43			462	007070
	17	461			
	18	451	43	461	009090
crop	15	320	21	332	104	48	00ff00	/fonts/computer.png
	21		27		8			
	27		33		72			
	33		39		112			
	39		45		0	24		
	45		51		104	48		
	51		57		40			
	57		63		112			
	63		69		40	60		
	15	332	21	344	96	36		
	21		27		16	48		
	27		33		40	84		
	33		39		72	72		
	39		45		96			
	45		51		32			
	51		57		112	36		
	15	344	21	356	96			
	21		27		24	60		
	27		33		0	84		
	33		39		40	72		
	39		45		24			
	45		51		72			
	51		57		8			
	57		63		96			
	63		69		0	24		
	69		75		120	48		
	75		81		16	84		
	81		87		32	72		
	87		93		40			
	93		99		16	84		
	99		105		24			
	105		111		112	36		
	15	356	21	368	96			
	21		27		104	48		
	27		33		40	72		
	33		39		24	84		
	39		45					
	45		51		8	72		
	51		57		56			
	57		63		40			
	63		69		112	36		
	15	368	21	380	96			
	21		27		104	48		
	27		33		72	72		
	33		39		24	84		
	39		45					
	45		51		72	72		
	51		57		120			
	57		63		112			
	63		69		0	24		
	69		75		24	60		
	75		81		32	84		
	81		87		8	72		
	87		93		32	84		
	93		99		40			
	99		105		24			
	105		111		112	36		
	19	450	25	462	16	60	00ffff	
	25		31		56	48		
	31		37		64			
	37		43		32	60		
	43		49		0	24		
	49		55		24	60		
	55		61		40	72		
	61		67		96			
	67		73		40			
	73		79		24			
	79		85		32	84		
rect	12	180	13	192	ffff00
			121	181	
	120			192	909000
	12	191			
	13	181	120	191	c0c000
crop	15	180	21	192	24	48	000000	/fonts/computer.png
	21		27		120			
	27		33		112			
	33		39		32	60		
	39		45		16			
	45		51		120	48		
	51		57		96			
rect	14	204	36	205	489048
			15	206	
	35		36		
	14	225		226	
		224	15		
	35		36		
	12	252	13	264	007fff
			121	253	
	120			264	00488f
	12	263			
	13	253	120	263	0060c0
crop	15	252	21	264	32	60	000000	/fonts/computer.png
	21		27		8	48		
	27		33		16	60		
	33		39		56	48		
	39		45		40			
	45		51		32	60		
rect	14	276	36	277	489048
			15	278	
	35		36		
	14	297		298	
		296	15		
	35		36		
