point	204	309	808080
	136	203	b0b0b0
	518	177	808080
	334	96	
	177	24	d0d0d0
	294	256	b0b0b0
	256	303	808080
	592	5	b0b0b0
	468	296	
	211	24	d0d0d0
	149	69	
	258	102	b0b0b0
	257	133	d0d0d0
	362	385	808080
	173	175	
	546	87	b0b0b0
	196	222	808080
	275	315	
	349	453	
	245	212	
	463	281	
	446	12	
	278	179	b0b0b0
	349	391	
	510	247	
	159	80	d0d0d0
	238	219	b0b0b0
	202	390	
	490	97	
	318	144	808080
	277	196	
	551	381	
	160	37	b0b0b0
	414	232	
	592	476	808080
	590	176	b0b0b0
	479	280	808080
	450	259	
	428	155	
	305	305	d0d0d0
	401	453	808080
	427	307	
	433	294	b0b0b0
	575	230	
	200	341	
	291	95	808080
	321	92	
	554	162	
	581	367	d0d0d0
	457	221	b0b0b0
	330	38	d0d0d0
	432	346	808080
	603	395	d0d0d0
	534	439	b0b0b0
	138	229	808080
	318	65	
	572	246	b0b0b0
	517	471	808080
	311	122	d0d0d0
	150	291	b0b0b0
	600	462	808080
	173	464	
	199	118	b0b0b0
	477	119	
	308	358	808080
	306	2	
	186	76	
	462	377	b0b0b0
	180	234	
	562	3	808080
	128	419	b0b0b0
	145	422	808080
	428	329	
	227	429	b0b0b0
	538	462	d0d0d0
	427	261	808080
	350	419	
	161	405	d0d0d0
	431	372	b0b0b0
	332	91	808080
	459	401	
	410	284	
	283	115	
	461	387	d0d0d0
	257	338	808080
	464	362	b0b0b0
	442	279	808080
	345	26	
	567	77	d0d0d0
	316	309	808080
	222	103	
	534	253	d0d0d0
	519	74	
	562	359	808080
	317	177	b0b0b0
	401	314	808080
	598	39	
	253	310	b0b0b0
	403	329	808080
	533	399	b0b0b0
	554	36	808080
	464	451	d0d0d0
	416	107	808080
	496	469	
	150	54	b0b0b0
	562	324	
	384	231	808080
	482	334	
	149	429	b0b0b0
	189	336	
	153	384	808080
	351	189	
	174	123	
	165	307	b0b0b0
	296	91	808080
	225	115	b0b0b0
	295	474	808080
	600	224	
	585	172	b0b0b0
	533	441	
	479	387	808080
	184	449	d0d0d0
	360	164	808080
	536	213	b0b0b0
	471	274	808080
	422	230	b05800
	412	243	
	424	231	
	408	232	
	436	246	
	401	247	
	415	229	
	434	253	
	417	229	
	418	230	
line	225	0	225	480	000050
	353		353		
	481		481		002850
	128	10	608	10	000050
		138		138	002850
		266		266	000050
		394		394	
draw	363	237	372	245	/sprites/521.SMIV/3
	550	281	554	285	/sprites/512.SMIV/15
	474	200	498	217	/sprites/524.SMIV/17
	591	152	607	174	/sprites/524.SMIV/23
	607	290	631	305	/sprites/524.SMIV/18
	456	155	480	170	/sprites/524.SMIV/19
	492	281	516	301	/sprites/524.SMIV/16
	424	156	438	178	/sprites/524.SMIV/12
static	585	220	591	227	00000000	254	/sprites/523.SMIV/22
draw	491	285	498	293	/sprites/523.SMIV/15
	533	119	539	124	/sprites/584.SMIV/2
	318	338	322	339	/sprites/528.SMIV/17
	465	182	474	189	/sprites/541.SMIV/12
	361	251	364	253	/sprites/528.SMIV/21
	479	210	483	211	/sprites/528.SMIV/17
	454	222	463	230	/sprites/541.SMIV/10
	372	234	378	238	/sprites/584.SMIV/1
	346	260	350	262	/sprites/528.SMIV/20
	445	297	451	302	/sprites/517.SMIV/0
	415	198	421	202	/sprites/584.SMIV/4
	453	282	460	286	/sprites/504.SMIV/16
	406	232	414	239	/sprites/541.SMIV/5
	466	224	475	230	/sprites/541.SMIV/18
line	498	90	483	95	489048
			496	105	
	483	95			204020
draw	0	0	128	480	/pictures/501.png
	608		640		/pictures/512.png
tint	102	159	110	172	ff7f00	/font/5001/30
	108		116			
	114		122			/font/5001/35
line	614	396	614	359	00488f
		359	622		
	622			396	002850
		396	614		
rect	615	360	622	396	003870
line	614	456	614	397	007fff
		397	622		
	622			456	00488f
		456	614		
rect	615	398	622	456	0070e0
line	614	231	614	231	909048
			622		
	622				505028
			614		
	614	328		232	ffff7f
		232	622		
	622			328	909048
		328	614		
rect	615	233	622	328	e0e070
line	614	110	614	103	904848
		103	622		
	622			110	502828
		110	614		
rect	615	104	622	110	703838
line	614	200	614	111	ff7f7f
		111	622		
	622			200	904848
		200	614		
rect	615	112	622	200	e07070
	634	49	636	52	7fff7f
		53		56	60c060
		57		60	
		61		64	
		65		68	
		69		72	7fff7f
		73		76	60c060
		77		80	
		81		84	
		85		88	
		89		92	7fff7f
		93		96	60c060
		97		100	
		101		104	
		105		108	
		109		112	7fff7f
		113		116	60c060
		117		120	
		121		124	
		125		128	
		129		132	7fff7f
		133		136	60c060
		137		140	
		141		144	
		145		148	
		149		152	183018
		153		156	
		157		160	
		161		164	
		165		168	
		169		172	
		173		176	
		177		180	
		181		184	
		185		188	
		189		192	
		193		196	
		197		200	
		201		204	
		205		208	
		209		212	
		213		216	
		217		220	
		221		224	
		225		228	
		229		232	
		233		236	
		237		240	
		241		244	
		245		248	
		249		252	
		253		256	
		257		260	
		261		264	
		265		268	
		269		272	
		273		276	
		277		280	
		281		284	
		285		288	
		289		292	
		293		296	
		297		300	
		301		304	
		305		308	
		309		312	
		313		316	
		317		320	
		321		324	
		325		328	
		329		332	
		333		336	
		337		340	
		341		344	
		345		348	
		349		352	
		353		356	
		357		360	
		361		364	
		365		368	
		369		372	
		373		376	
		377		380	
		381		384	
		385		388	
		389		392	
		393		396	
		397		400	
		401		404	
		405		408	
		409		412	
		413		416	
		417		420	
		421		424	
		425		428	
		429		432	
		433		436	
		437		440	
		441		444	
		445		448	
	621	52	631	56	303000
		57		61	
		62		66	
		67		71	
		72		76	
		77		81	
		82		86	
	7	7	115	115	00ff00
	8	8	114	114	001000
	42	42	80	80	003000
point	73	16	006000
	68	56	
			
	60	66	
	68	55	
	64	60	
	67	59	
	61	61	
	62	62	
	61		
	60	68	
	66	64	
	67	63	
			
	63	60	
	68	59	
	74	12	
		62	
	69	58	
	78	54	
	80	63	
	68	54	
	71	62	
	65	54	
	78	60	
	72	62	
rect	12	320	121	440	001000
line	12	330	119	330	009000
tint	15	320	23	333	00ff00	/font/5001/4d
	21		29			/font/5001/41
	27		35			/font/5001/49
	33		41			/font/5001/4e
	39		47			/font/5001/20
	45		53			/font/5001/4d
	51		59			/font/5001/45
	57		65			/font/5001/4e
	63		71			/font/5001/55
line	12	343	12	332	009000
		332	120		
	120			343	005000
		343	12		
rect	13	333	120	343	007000
tint	15	332	23	345	00ff00	/font/5001/3c
	21		29			/font/5001/42
	27		35			/font/5001/75
	33		41			/font/5001/69
	39		47			/font/5001/6c
	45		53			/font/5001/64
	51		59			/font/5001/3e
	15	344	23	357		/font/5001/3c
	21		29			/font/5001/53
	27		35			/font/5001/70
	33		41			/font/5001/65
	39		47			/font/5001/63
	45		53			/font/5001/69
	51		59			/font/5001/61
	57		65			/font/5001/6c
	63		71			/font/5001/20
	69		77			/font/5001/4f
	75		83			/font/5001/72
	81		89			/font/5001/64
	87		95			/font/5001/65
	93		101			/font/5001/72
	99		107			/font/5001/73
	105		113			/font/5001/3e
	15	356	23	369		/font/5001/3c
	21		29			/font/5001/4d
	27		35			/font/5001/65
	33		41			/font/5001/73
	39		47			
	45		53			/font/5001/61
	51		59			/font/5001/67
	57		65			/font/5001/65
	63		71			/font/5001/3e
	15	368	23	381		/font/5001/3c
	21		29			/font/5001/4d
	27		35			/font/5001/69
	33		41			/font/5001/73
	39		47			
	45		53			/font/5001/69
	51		59			/font/5001/6f
	57		65			/font/5001/6e
	63		71			/font/5001/20
	69		77			/font/5001/53
	75		83			/font/5001/74
	81		89			/font/5001/61
	87		95			/font/5001/74
	93		101			/font/5001/75
	99		107			/font/5001/73
	105		113			/font/5001/3e
line	12	438	119	438	009000
rect	16	450	114	475	001010
line	17	461	17	450	00c0c0
		450	43		
	43			461	007070
		461	17		
rect	18	451	43	461	009090
tint	19	450	27	463	00ffff	/font/5001/52
	25		33			/font/5001/47
	31		39			/font/5001/48
	37		45			/font/5001/54
	43		51			/font/5001/20
	49		57			/font/5001/53
	55		63			/font/5001/65
	61		69			/font/5001/6c
	67		75			/font/5001/65
	73		81			/font/5001/63
	79		87			/font/5001/74
line	12	191	12	180	ffff00
		180	119		
	119			191	909000
		191	12		
rect	13	181	119	191	c0c000
tint	15	180	23	193	000000	/font/5001/43
	21		29			/font/5001/4f
	27		35			/font/5001/4e
	33		41			/font/5001/54
	39		47			/font/5001/52
	45		53			/font/5001/4f
	51		59			/font/5001/4c
line	14	204	35	204	489048
			14	205	
	35		35		
	14	225		225	
			14	224	
	35		35		
	12	263	12	252	007fff
		252	119		
	119			263	00488f
		263	12		
rect	13	253	119	263	0060c0
tint	15	252	23	265	000000	/font/5001/54
	21		29			/font/5001/41
	27		35			/font/5001/52
	33		41			/font/5001/47
	39		47			/font/5001/45
	45		53			/font/5001/54
line	14	276	35	276	489048
			14	277	
	35		35		
	14	297		297	
			14	296	
	35		35		
