point	535	423	808080
	338	14	b0b0b0
	284	31	808080
	188	451	
	202	88	d0d0d0
	563	46	
	595	276	808080
	206	347	b0b0b0
	328	448	808080
	479	344	
	151	306	
	424	285	b0b0b0
	436	106	808080
	297	237	
	522	176	b0b0b0
	488	306	d0d0d0
	225	391	
	573	276	b0b0b0
	432	463	
	383	86	d0d0d0
	229	135	808080
	200	279	b0b0b0
	359	407	808080
	157	323	d0d0d0
	155	229	b0b0b0
	398	374	d0d0d0
	200	463	808080
	190	210	b0b0b0
	258	9	d0d0d0
	566	366	808080
	557	403	
	367	111	b0b0b0
	448	261	808080
	563	155	
	182	451	d0d0d0
	345	302	b0b0b0
	245	134	808080
	215	114	
	194	10	
	550	166	d0d0d0
	430	310	808080
	193	161	
	439	84	b0b0b0
	223	12	
	403	2	d0d0d0
	151	353	808080
	473	127	b0b0b0
	320	16	808080
	324	468	d0d0d0
	522	209	
	406	15	b0b0b0
	198	200	808080
	362	185	
	348	458	
	358	273	
	570	240	d0d0d0
	220	29	b0b0b0
	143	463	808080
	284	239	d0d0d0
	430	391	
	444	255	b0b0b0
	382	326	808080
	419	76	
	357	447	
	174	432	
	421	373	
	208	285	d0d0d0
	132	138	b0b0b0
	522	359	808080
	184	196	d0d0d0
	562	418	808080
	477	275	
	194	184	
	368	442	
	418	99	d0d0d0
	193	116	808080
	145	369	
	570	148	
	147	274	d0d0d0
	193	463	
	305	253	808080
	176	139	
	315	406	b0b0b0
	172	433	
	596	24	d0d0d0
	470	79	808080
	208	133	
	385	438	b0b0b0
	364	43	d0d0d0
	359	268	808080
	235	459	b0b0b0
	444	333	808080
	353	275	
	518	425	d0d0d0
	577	179	808080
	167	168	
	375	225	d0d0d0
	444	442	
	169	183	808080
	130	33	b0b0b0
	222	262	d0d0d0
	301	399	
	366	404	
	434	6	808080
	589	433	b0b0b0
	325	139	
	557	310	
	248	189	808080
	239	42	b0b0b0
	438	474	
	562	452	808080
	596	227	
	415	381	
	396	71	
	462	316	b0b0b0
	503	352	
	200	212	d0d0d0
	409	429	808080
	260	447	
	424	131	
	495	0	d0d0d0
	288	19	
	360	195	
	519	476	808080
	237	129	
line	140	0	140	480	000050
	268		268		
	396		396		
	524		524		005000
	128	101	608	101	000050
		229		229	
		357		357	002850
draw	364	238	374	245	/sprites/521.SMIV/19
	441	107	445	111	/sprites/512.SMIV/13
	221	113	225	116	/sprites/512.SMIV/1
	224	82	228	85	/sprites/512.SMIV/7
	19	96	35	118	/sprites/524.SMIV/1
	91	52	105	74	/sprites/524.SMIV/0
	68	19	82	41	
	239	201	257	222	/sprites/524.SMIV/22
	110	26	134	41	/sprites/524.SMIV/6
	359	235	365	240	/sprites/584.SMIV/3
	252	240	258	245	/sprites/584.SMIV/2
	206	268	211	272	/sprites/584.SMIV/0
	300	99	305	103	/sprites/517.SMIV/1
	465	175	469	176	/sprites/528.SMIV/8
	308	219	314	223	/sprites/584.SMIV/1
	306	96	313	100	/sprites/504.SMIV/16
	258	167	267	172	/sprites/541.SMIV/20
line	179	176	189	188	489048
			194	174	
	189	188			204020
draw	0	0	128	480	/pictures/501.png
	608		640		/pictures/512.png
tint	102	159	110	172	ff7f00	/font/5001/30
	108		116			
	114		122			/font/5001/35
line	614	399	614	359	00488f
		359	622		
	622			399	002850
		399	614		
rect	615	360	622	399	003870
line	614	456	614	400	007fff
		400	622		
	622			456	00488f
		456	614		
rect	615	401	622	456	0070e0
line	614	231	614	231	909048
			622		
	622				505028
			614		
	614	328		232	ffff7f
		232	622		
	622			328	909048
		328	614		
rect	615	233	622	328	e0e070
line	614	110	614	103	904848
		103	622		
	622			110	502828
		110	614		
rect	615	104	622	110	703838
line	614	200	614	111	ff7f7f
		111	622		
	622			200	904848
		200	614		
rect	615	112	622	200	e07070
	634	49	636	52	7fff7f
		53		56	60c060
		57		60	
		61		64	
		65		68	
		69		72	7fff7f
		73		76	60c060
		77		80	
		81		84	
		85		88	
		89		92	7fff7f
		93		96	60c060
		97		100	
		101		104	
		105		108	
		109		112	7fff7f
		113		116	60c060
		117		120	
		121		124	
		125		128	
		129		132	7fff7f
		133		136	60c060
		137		140	
		141		144	
		145		148	
		149		152	183018
		153		156	
		157		160	
		161		164	
		165		168	
		169		172	
		173		176	
		177		180	
		181		184	
		185		188	
		189		192	
		193		196	
		197		200	
		201		204	
		205		208	
		209		212	
		213		216	
		217		220	
		221		224	
		225		228	
		229		232	
		233		236	
		237		240	
		241		244	
		245		248	
		249		252	
		253		256	
		257		260	
		261		264	
		265		268	
		269		272	
		273		276	
		277		280	
		281		284	
		285		288	
		289		292	
		293		296	
		297		300	
		301		304	
		305		308	
		309		312	
		313		316	
		317		320	
		321		324	
		325		328	
		329		332	
		333		336	
		337		340	
		341		344	
		345		348	
		349		352	
		353		356	
		357		360	
		361		364	
		365		368	
		369		372	
		373		376	
		377		380	
		381		384	
		385		388	
		389		392	
		393		396	
		397		400	
		401		404	
		405		408	
		409		412	
		413		416	
		417		420	
		421		424	
		425		428	
		429		432	
		433		436	
		437		440	
		441		444	
		445		448	
	621	52	631	56	303000
		57		61	
		62		66	
		67		71	
		72		76	
		77		81	
		82		86	
	7	7	115	115	00ff00
	8	8	114	114	001000
	42	42	80	80	003000
point	66	52	006000
	58	61	
	49	62	
	54		
	55	52	
	61	61	
	64	57	
	55	52	
	48	54	
	47	50	
	55	52	
	52	58	
	33	53	
	39	49	
	37	48	
	50	60	
	29	50	
	40	47	
	53	35	
	70		
rect	12	320	121	440	001000
line	12	330	119	330	009000
tint	15	320	23	333	00ff00	/font/5001/4d
	21		29			/font/5001/41
	27		35			/font/5001/49
	33		41			/font/5001/4e
	39		47			/font/5001/20
	45		53			/font/5001/4d
	51		59			/font/5001/45
	57		65			/font/5001/4e
	63		71			/font/5001/55
line	12	343	12	332	009000
		332	120		
	120			343	005000
		343	12		
rect	13	333	120	343	007000
tint	15	332	23	345	00ff00	/font/5001/3c
	21		29			/font/5001/42
	27		35			/font/5001/75
	33		41			/font/5001/69
	39		47			/font/5001/6c
	45		53			/font/5001/64
	51		59			/font/5001/3e
	15	344	23	357		/font/5001/3c
	21		29			/font/5001/53
	27		35			/font/5001/70
	33		41			/font/5001/65
	39		47			/font/5001/63
	45		53			/font/5001/69
	51		59			/font/5001/61
	57		65			/font/5001/6c
	63		71			/font/5001/20
	69		77			/font/5001/4f
	75		83			/font/5001/72
	81		89			/font/5001/64
	87		95			/font/5001/65
	93		101			/font/5001/72
	99		107			/font/5001/73
	105		113			/font/5001/3e
	15	356	23	369		/font/5001/3c
	21		29			/font/5001/4d
	27		35			/font/5001/65
	33		41			/font/5001/73
	39		47			
	45		53			/font/5001/61
	51		59			/font/5001/67
	57		65			/font/5001/65
	63		71			/font/5001/3e
	15	368	23	381		/font/5001/3c
	21		29			/font/5001/4d
	27		35			/font/5001/69
	33		41			/font/5001/73
	39		47			
	45		53			/font/5001/69
	51		59			/font/5001/6f
	57		65			/font/5001/6e
	63		71			/font/5001/20
	69		77			/font/5001/53
	75		83			/font/5001/74
	81		89			/font/5001/61
	87		95			/font/5001/74
	93		101			/font/5001/75
	99		107			/font/5001/73
	105		113			/font/5001/3e
line	12	438	119	438	009000
rect	16	450	114	475	001010
line	17	461	17	450	00c0c0
		450	43		
	43			461	007070
		461	17		
rect	18	451	43	461	009090
tint	19	450	27	463	00ffff	/font/5001/52
	25		33			/font/5001/47
	31		39			/font/5001/48
	37		45			/font/5001/54
	43		51			/font/5001/20
	49		57			/font/5001/53
	55		63			/font/5001/65
	61		69			/font/5001/6c
	67		75			/font/5001/65
	73		81			/font/5001/63
	79		87			/font/5001/74
rect	12	180	120	192	000000
line	12	191	12	180	ffff00
		180	119		
	119			191	909000
		191	12		
rect	13	181	119	191	c0c000
tint	15	180	23	193	000000	/font/5001/43
	21		29			/font/5001/4f
	27		35			/font/5001/4e
	33		41			/font/5001/54
	39		47			/font/5001/52
	45		53			/font/5001/4f
	51		59			/font/5001/4c
rect	12	192	120	204	000000
	14	204	36	226	
line	14	204	35	204	489048
			14	205	
	35		35		
	14	225		225	
			14	224	
	35		35		
rect	40	204	51	226	000000
	53		64		
	69		120	216	
		216		228	
		192		204	
	12	228		240	
		252		264	
line	12	263	12	252	007fff
		252	119		
	119			263	00488f
		263	12		
rect	13	253	119	263	0060c0
tint	15	252	23	265	000000	/font/5001/54
	21		29			/font/5001/41
	27		35			/font/5001/52
	33		41			/font/5001/47
	39		47			/font/5001/45
	45		53			/font/5001/54
rect	12	264	120	276	000000
	14	276	36	298	
line	14	276	35	276	489048
			14	277	
	35		35		
	14	297		297	
			14	296	
	35		35		
rect	40	276	51	298	000000
	53		64		
	69		120	288	
		288		300	
		264		276	
	12	300		312	
