point	526	125	808080
	247	411	b0b0b0
	330	204	808080
	263	144	
	202	138	d0d0d0
	171	147	808080
	483	64	b0b0b0
	565	44	808080
	410	82	
	212	96	d0d0d0
	217	474	b0b0b0
	456	204	
	584	279	808080
	560	425	b0b0b0
	458	281	
	436	418	
	136	199	d0d0d0
	253	241	808080
	302	252	b0b0b0
	463	215	808080
	377	309	
	280	390	
	422	198	d0d0d0
	312	57	b0b0b0
	470	8	808080
	283	260	b0b0b0
	269	308	d0d0d0
	586	278	b0b0b0
	440	177	808080
	211	432	
	188	417	b0b0b0
	380	145	
	131	231	d0d0d0
	520	387	b0b0b0
	377	74	
	356	54	808080
	393	308	
	363	287	
	304	277	b0b0b0
	607	191	808080
	324	4	d0d0d0
	341	335	808080
	503	408	b0b0b0
	498	199	
	566	105	808080
	290	287	d0d0d0
	443	431	808080
	135	420	d0d0d0
	290	426	808080
	328	469	d0d0d0
	476	120	b0b0b0
	478	372	808080
	510	358	
	134	170	d0d0d0
	150	314	
	550	341	b0b0b0
	292	249	d0d0d0
	286	171	808080
	347	341	b0b0b0
	428	372	d0d0d0
	201	198	
	544	193	
	567	249	808080
	263	260	
	442	185	b0b0b0
	224	346	808080
	607	269	
	132	359	b0b0b0
	169	101	808080
	304	168	b0b0b0
	604	352	808080
	273	74	b0b0b0
	342	357	808080
	250	468	b0b0b0
	531	241	
	341	289	808080
	313	414	
	268	195	
	528	141	d0d0d0
	485	247	b0b0b0
	184	284	
	324	312	808080
	478	178	b0b0b0
	279	209	
	264	338	808080
	563	424	
	356	307	
	263	33	d0d0d0
	464	288	b0b0b0
	190	357	d0d0d0
	482	160	808080
	584	283	b0b0b0
	370	178	d0d0d0
	226	281	
		133	b0b0b0
	315	341	808080
	453	349	b0b0b0
	585	270	d0d0d0
	317	356	808080
	273	15	d0d0d0
	242	124	b0b0b0
	315	173	d0d0d0
	528	99	808080
	396	387	d0d0d0
	373	203	b0b0b0
	459	189	d0d0d0
	169	273	b0b0b0
	396	362	808080
	474	406	d0d0d0
	195	95	b0b0b0
	231	291	
	237	210	808080
	434	110	b0b0b0
	544	244	808080
	307	126	b0b0b0
	589	180	808080
	562	78	d0d0d0
	336	122	808080
	345	47	
	572	305	
	245	209	
	342	77	b0b0b0
	544	212	
	227	412	
	385	302	808080
	322	299	b05800
	311	298	
	348	301	
	314	294	
	332	288	
	312	290	
	313	275	
	315	272	
	311	297	
	314	286	
line	180	0	180	480	000050
	308		308		002850
	436		436		000050
	564		564		
	128	65	608	65	
		193		193	002850
		321		321	000050
		449		449	
	364	243	368	241	ff7f00
	299	261	304	258	
draw	364	237	374	244	/sprites/521.SMIV/18
static	319	258	323	261	f0f078	29	/sprites/512.SMIV/7
draw	453	419	457	423	/sprites/512.SMIV/14
	248	373	252	376	/sprites/512.SMIV/7
	338	465	342	468	/sprites/512.SMIV/22
	528	347	532	350	/sprites/512.SMIV/23
	435	406	439	409	
		458		461	/sprites/512.SMIV/5
static	479	416	486	423	00000000	254	/sprites/523.SMIV/21
draw	370	452	378	457	/sprites/523.SMIV/5
	229	315	234	319	/sprites/584.SMIV/0
	277	276	283	281	/sprites/584.SMIV/2
	365	238	371	243	/sprites/584.SMIV/3
	443	427	449	432	/sprites/517.SMIV/0
	330	239	336	244	/sprites/584.SMIV/2
	342	265	348	270	/sprites/517.SMIV/0
			347	269	/sprites/517.SMIV/1
	343	266	349	271	/sprites/517.SMIV/0
	344		350		
	346	267	351		/sprites/517.SMIV/1
	345	266	350	270	
	346	267	351	271	
		266	352		/sprites/517.SMIV/0
	341	265	346	269	/sprites/517.SMIV/1
	449	423	455	428	/sprites/517.SMIV/0
					
	437	429	442	433	/sprites/517.SMIV/1
	440	428	445	432	
	441	427	446	431	
line	170	264	184	270	489048
			182	255	
	184	270			204020
draw	0	0	128	480	/pictures/501.png
	608		640		/pictures/512.png
tint	102	159	110	172	ff7f00	/font/5001/30
	108		116			
	114		122			/font/5001/35
line	614	422	614	359	00488f
		359	622		
	622			422	002850
		422	614		
rect	615	360	622	422	003870
line	614	456	614	423	007fff
		423	622		
	622			456	00488f
		456	614		
rect	615	424	622	456	0070e0
line	614	241	614	231	909048
		231	622		
	622			241	505028
		241	614		
rect	615	232	622	241	707038
line	614	328	614	242	ffff7f
		242	622		
	622			328	909048
		328	614		
rect	615	243	622	328	e0e070
line	614	131	614	103	904848
		103	622		
	622			131	502828
		131	614		
rect	615	104	622	131	703838
line	614	200	614	132	ff7f7f
		132	622		
	622			200	904848
		200	614		
rect	615	133	622	200	e07070
	634	49	636	52	7fff7f
		53		56	60c060
		57		60	
		61		64	
		65		68	
		69		72	7fff7f
		73		76	60c060
		77		80	
		81		84	
		85		88	
		89		92	7fff7f
		93		96	60c060
		97		100	
		101		104	
		105		108	
		109		112	7fff7f
		113		116	60c060
		117		120	
		121		124	
		125		128	
		129		132	7fff7f
		133		136	60c060
		137		140	
		141		144	
		145		148	
		149		152	183018
		153		156	
		157		160	
		161		164	
		165		168	
		169		172	
		173		176	
		177		180	
		181		184	
		185		188	
		189		192	
		193		196	
		197		200	
		201		204	
		205		208	
		209		212	
		213		216	
		217		220	
		221		224	
		225		228	
		229		232	
		233		236	
		237		240	
		241		244	
		245		248	
		249		252	
		253		256	
		257		260	
		261		264	
		265		268	
		269		272	
		273		276	
		277		280	
		281		284	
		285		288	
		289		292	
		293		296	
		297		300	
		301		304	
		305		308	
		309		312	
		313		316	
		317		320	
		321		324	
		325		328	
		329		332	
		333		336	
		337		340	
		341		344	
		345		348	
		349		352	
		353		356	
		357		360	
		361		364	
		365		368	
		369		372	
		373		376	
		377		380	
		381		384	
		385		388	
		389		392	
		393		396	
		397		400	
		401		404	
		405		408	
		409		412	
		413		416	
		417		420	
		421		424	
		425		428	
		429		432	
		433		436	
		437		440	
		441		444	
		445		448	
	621	52	631	56	303000
		57		61	
		62		66	
		67		71	
		72		76	
		77		81	
		82		86	
	7	7	115	115	00ff00
	8	8	114	114	001000
	42	42	80	80	003000
point	60	23	006000
	58	64	
	56		
	67	76	
	62	84	
	60	61	
	58	81	
	51	73	
	61	61	
	73	73	
	57	64	
	61	18	
	65	79	
		77	
	58	71	
	55	69	
	59	64	
	60		
	57	84	
	66	77	
	60	64	
			
			
			
			
			
	59		
	60	20	
	61	18	
	70	77	
	60	79	
	66	77	
			
	65	78	
		77	
			
		72	
rect	12	320	121	440	001000
line	12	330	119	330	009000
tint	15	320	23	333	00ff00	/font/5001/4d
	21		29			/font/5001/41
	27		35			/font/5001/49
	33		41			/font/5001/4e
	39		47			/font/5001/20
	45		53			/font/5001/4d
	51		59			/font/5001/45
	57		65			/font/5001/4e
	63		71			/font/5001/55
line	12	343	12	332	009000
		332	120		
	120			343	005000
		343	12		
rect	13	333	120	343	007000
tint	15	332	23	345	00ff00	/font/5001/3c
	21		29			/font/5001/42
	27		35			/font/5001/75
	33		41			/font/5001/69
	39		47			/font/5001/6c
	45		53			/font/5001/64
	51		59			/font/5001/3e
	15	344	23	357		/font/5001/3c
	21		29			/font/5001/53
	27		35			/font/5001/70
	33		41			/font/5001/65
	39		47			/font/5001/63
	45		53			/font/5001/69
	51		59			/font/5001/61
	57		65			/font/5001/6c
	63		71			/font/5001/20
	69		77			/font/5001/4f
	75		83			/font/5001/72
	81		89			/font/5001/64
	87		95			/font/5001/65
	93		101			/font/5001/72
	99		107			/font/5001/73
	105		113			/font/5001/3e
	15	356	23	369		/font/5001/3c
	21		29			/font/5001/4d
	27		35			/font/5001/65
	33		41			/font/5001/73
	39		47			
	45		53			/font/5001/61
	51		59			/font/5001/67
	57		65			/font/5001/65
	63		71			/font/5001/3e
	15	368	23	381		/font/5001/3c
	21		29			/font/5001/4d
	27		35			/font/5001/69
	33		41			/font/5001/73
	39		47			
	45		53			/font/5001/69
	51		59			/font/5001/6f
	57		65			/font/5001/6e
	63		71			/font/5001/20
	69		77			/font/5001/53
	75		83			/font/5001/74
	81		89			/font/5001/61
	87		95			/font/5001/74
	93		101			/font/5001/75
	99		107			/font/5001/73
	105		113			/font/5001/3e
line	12	438	119	438	009000
rect	16	450	114	475	001010
line	17	461	17	450	00c0c0
		450	43		
	43			461	007070
		461	17		
rect	18	451	43	461	009090
tint	19	450	27	463	00ffff	/font/5001/52
	25		33			/font/5001/47
	31		39			/font/5001/48
	37		45			/font/5001/54
	43		51			/font/5001/20
	49		57			/font/5001/53
	55		63			/font/5001/65
	61		69			/font/5001/6c
	67		75			/font/5001/65
	73		81			/font/5001/63
	79		87			/font/5001/74
line	12	191	12	180	ffff00
		180	119		
	119			191	909000
		191	12		
rect	13	181	119	191	c0c000
tint	15	180	23	193	000000	/font/5001/43
	21		29			/font/5001/4f
	27		35			/font/5001/4e
	33		41			/font/5001/54
	39		47			/font/5001/52
	45		53			/font/5001/4f
	51		59			/font/5001/4c
line	14	204	35	204	489048
			14	205	
	35		35		
	14	225		225	
			14	224	
	35		35		
	12	263	12	252	007fff
		252	119		
	119			263	00488f
		263	12		
rect	13	253	119	263	0060c0
tint	15	252	23	265	000000	/font/5001/54
	21		29			/font/5001/41
	27		35			/font/5001/52
	33		41			/font/5001/47
	39		47			/font/5001/45
	45		53			/font/5001/54
line	14	276	35	276	489048
			14	277	
	35		35		
	14	297		297	
			14	296	
	35		35		
