point	507	193	808080
	475	22	
	311	272	
	245	212	
	165	273	d0d0d0
	152	214	808080
	455	165	b0b0b0
	546	111	808080
	391	150	
	174	231	d0d0d0
	496	64	808080
	428	305	b0b0b0
	152	462	
	364	402	d0d0d0
	430	383	b0b0b0
	347	39	
	592	216	808080
	234	309	
	274	353	b0b0b0
	444	282	808080
	358	376	
	585	447	b0b0b0
	384	333	d0d0d0
	284	158	b0b0b0
	487	149	d0d0d0
	255	361	b0b0b0
	300	459	808080
	542	350	d0d0d0
	421	245	808080
	409	19	
	315	26	
	352	247	b0b0b0
	588	399	808080
	140	6	
	349	175	b0b0b0
	337	122	808080
	374	375	
	344	354	
	275	378	b0b0b0
	516	78	808080
	148	138	d0d0d0
	322	402	808080
	234	20	
	469	300	b0b0b0
	516	324	
	514	449	808080
	570	357	b0b0b0
	591	238	808080
	329	21	b0b0b0
	249	123	d0d0d0
	448	221	b0b0b0
	373	438	808080
	491	425	
	582	253	b0b0b0
	305	456	
	171	88	808080
	254	384	d0d0d0
	267	239	808080
	268	453	
	305	21	b0b0b0
	163	333	d0d0d0
	482	96	b0b0b0
	474	38	808080
	244	328	
	414	287	b0b0b0
	205	413	808080
	577	105	b0b0b0
	185	428	d0d0d0
	150	169	808080
	276	269	b0b0b0
	600	98	
	245	175	
	323	424	808080
	440	119	d0d0d0
	503	343	b0b0b0
	322	356	808080
	411	2	
	249	263	
	131	430	b0b0b0
	457	348	
	156	385	
	305	380	808080
	450	279	b0b0b0
	250	310	
	245	406	808080
	361	17	b0b0b0
	337	374	808080
	287	165	d0d0d0
	436	389	b0b0b0
	267	12	d0d0d0
	463	227	808080
	537	358	d0d0d0
	332	313	
	185	415	
	198	234	b0b0b0
	296	409	808080
	312	440	d0d0d0
	559	140	b0b0b0
	298	424	808080
	289	5	
	214	225	b0b0b0
	277	308	d0d0d0
	509	167	808080
	503	459	
	345	304	b0b0b0
	421	324	d0d0d0
	141	374	b0b0b0
	377	430	808080
	317	46	b0b0b0
	167	197	
	202	393	
	218	278	808080
	406	211	b0b0b0
	525	312	808080
	279	227	b0b0b0
	530	102	d0d0d0
	522	342	
	317	190	808080
	326	114	
	497	203	d0d0d0
	226	277	808080
	314	179	b0b0b0
	546	376	808080
	387	43	d0d0d0
	366	369	808080
	327	275	f07800
	328	279	
	330	277	
	326	278	
	325	276	
	326	278	
	328	273	
	330	274	
	328	272	
	330		
	353	269	904800
	342	262	
	354	252	
	356	294	
	371	245	
	344	276	
	350	286	
	362	261	
	360	289	
	344	274	
line	142	0	142	480	000050
	270		270		002850
	398		398		000050
	526		526		
	128	71	608	71	
		199		199	
		327		327	002850
		455		455	000050
	366	244	369	240	ff7f00
draw	365	235	374	243	/sprites/521.SMIV/15
	290	413	293	416	/sprites/512.SMIV/0
	316	75	320	79	/sprites/512.SMIV/10
	368	78	371	81	/sprites/512.SMIV/12
	363	116	367	120	/sprites/512.SMIV/13
	331	267	335	270	/sprites/507.SMIV/4
	329	266	332	269	/sprites/507.SMIV/7
	330	268	331		/sprites/513.SMIV/17
	333		334		/sprites/513.SMIV/6
static	179	186	186	193	00000000	254	/sprites/523.SMIV/3
draw	327	269	333	274	/sprites/517.SMIV/0
	353	113	355	116	/sprites/528.SMIV/12
	357	175	359	178	/sprites/528.SMIV/11
	227	343	233	348	/sprites/517.SMIV/0
	277	282	283	286	/sprites/584.SMIV/4
	336	245	344	252	/sprites/541.SMIV/6
	334	254	340	258	/sprites/584.SMIV/4
	339	49	341	52	/sprites/528.SMIV/12
	326	263	338	276	/sprites/504.SMIV/0
	324	270	326	271	/sprites/504.SMIV/18
	365	238	371	243	/sprites/584.SMIV/3
line	222	375	237	372	489048
			226	360	
	237	372			204020
draw	0	0	128	480	/pictures/501.png
	608		640		/pictures/512.png
tint	102	159	110	172	ff7f00	/font/5001/30
	108		116			
	114		122			/font/5001/35
line	614	422	614	359	00488f
		359	622		
	622			422	002850
		422	614		
rect	615	360	622	422	003870
line	614	456	614	423	007fff
		423	622		
	622			456	00488f
		456	614		
rect	615	424	622	456	0070e0
line	614	238	614	231	909048
		231	622		
	622			238	505028
		238	614		
rect	615	232	622	238	707038
line	614	328	614	239	ffff7f
		239	622		
	622			328	909048
		328	614		
rect	615	240	622	328	e0e070
line	614	112	614	103	904848
		103	622		
	622			112	502828
		112	614		
rect	615	104	622	112	703838
line	614	200	614	113	ff7f7f
		113	622		
	622			200	904848
		200	614		
rect	615	114	622	200	e07070
	634	49	636	52	7fff7f
		53		56	60c060
		57		60	
		61		64	
		65		68	
		69		72	7fff7f
		73		76	60c060
		77		80	
		81		84	
		85		88	
		89		92	7fff7f
		93		96	60c060
		97		100	
		101		104	
		105		108	
		109		112	7fff7f
		113		116	60c060
		117		120	
		121		124	
		125		128	
		129		132	7fff7f
		133		136	60c060
		137		140	
		141		144	
		145		148	
		149		152	183018
		153		156	
		157		160	
		161		164	
		165		168	
		169		172	
		173		176	
		177		180	
		181		184	
		185		188	
		189		192	
		193		196	
		197		200	
		201		204	
		205		208	
		209		212	
		213		216	
		217		220	
		221		224	
		225		228	
		229		232	
		233		236	
		237		240	
		241		244	
		245		248	
		249		252	
		253		256	
		257		260	
		261		264	
		265		268	
		269		272	
		273		276	
		277		280	
		281		284	
		285		288	
		289		292	
		293		296	
		297		300	
		301		304	
		305		308	
		309		312	
		313		316	
		317		320	
		321		324	
		325		328	
		329		332	
		333		336	
		337		340	
		341		344	
		345		348	
		349		352	
		353		356	
		357		360	
		361		364	
		365		368	
		369		372	
		373		376	
		377		380	
		381		384	
		385		388	
		389		392	
		393		396	
		397		400	
		401		404	
		405		408	
		409		412	
		413		416	
		417		420	
		421		424	
		425		428	
		429		432	
		433		436	
		437		440	
		441		444	
		445		448	
	621	52	631	56	303000
		57		61	
		62		66	
		67		71	
		72		76	
		77		81	
		82		86	
	7	7	115	115	00ff00
	8	8	114	114	001000
	42	42	80	80	003000
point	58	34	006000
	62	71	
	50		
	57	76	
	60	50	
	56		
	61	61	
	60	55	
	61	50	
	60	36	
	61	71	
	59	37	
	60	55	
		61	
	59	45	
		63	
	61	41	
	54	34	
	58		
	59	63	
		38	
	61	40	
	46	61	
	59	64	
rect	12	320	121	440	001000
line	12	330	119	330	009000
tint	15	320	23	333	00ff00	/font/5001/4d
	21		29			/font/5001/41
	27		35			/font/5001/49
	33		41			/font/5001/4e
	39		47			/font/5001/20
	45		53			/font/5001/4d
	51		59			/font/5001/45
	57		65			/font/5001/4e
	63		71			/font/5001/55
line	12	343	12	332	009000
		332	120		
	120			343	005000
		343	12		
rect	13	333	120	343	007000
tint	15	332	23	345	00ff00	/font/5001/3c
	21		29			/font/5001/42
	27		35			/font/5001/75
	33		41			/font/5001/69
	39		47			/font/5001/6c
	45		53			/font/5001/64
	51		59			/font/5001/3e
	15	344	23	357		/font/5001/3c
	21		29			/font/5001/53
	27		35			/font/5001/70
	33		41			/font/5001/65
	39		47			/font/5001/63
	45		53			/font/5001/69
	51		59			/font/5001/61
	57		65			/font/5001/6c
	63		71			/font/5001/20
	69		77			/font/5001/4f
	75		83			/font/5001/72
	81		89			/font/5001/64
	87		95			/font/5001/65
	93		101			/font/5001/72
	99		107			/font/5001/73
	105		113			/font/5001/3e
	15	356	23	369		/font/5001/3c
	21		29			/font/5001/4d
	27		35			/font/5001/65
	33		41			/font/5001/73
	39		47			
	45		53			/font/5001/61
	51		59			/font/5001/67
	57		65			/font/5001/65
	63		71			/font/5001/3e
	15	368	23	381		/font/5001/3c
	21		29			/font/5001/4d
	27		35			/font/5001/69
	33		41			/font/5001/73
	39		47			
	45		53			/font/5001/69
	51		59			/font/5001/6f
	57		65			/font/5001/6e
	63		71			/font/5001/20
	69		77			/font/5001/53
	75		83			/font/5001/74
	81		89			/font/5001/61
	87		95			/font/5001/74
	93		101			/font/5001/75
	99		107			/font/5001/73
	105		113			/font/5001/3e
line	12	438	119	438	009000
rect	16	450	114	475	001010
line	17	461	17	450	00c0c0
		450	43		
	43			461	007070
		461	17		
rect	18	451	43	461	009090
tint	19	450	27	463	00ffff	/font/5001/52
	25		33			/font/5001/47
	31		39			/font/5001/48
	37		45			/font/5001/54
	43		51			/font/5001/20
	49		57			/font/5001/53
	55		63			/font/5001/65
	61		69			/font/5001/6c
	67		75			/font/5001/65
	73		81			/font/5001/63
	79		87			/font/5001/74
rect	12	180	120	192	000000
line	12	191	12	180	ffff00
		180	119		
	119			191	909000
		191	12		
rect	13	181	119	191	c0c000
tint	15	180	23	193	000000	/font/5001/43
	21		29			/font/5001/4f
	27		35			/font/5001/4e
	33		41			/font/5001/54
	39		47			/font/5001/52
	45		53			/font/5001/4f
	51		59			/font/5001/4c
rect	12	192	120	204	000000
	14	204	36	226	
line	14	204	35	204	489048
			14	205	
	35		35		
	14	225		225	
			14	224	
	35		35		
rect	40	204	51	226	000000
	53		64		
	69		120	216	
		216		228	
		192		204	
	12	228		240	
		252		264	
line	12	263	12	252	007fff
		252	119		
	119			263	00488f
		263	12		
rect	13	253	119	263	0060c0
tint	15	252	23	265	000000	/font/5001/54
	21		29			/font/5001/41
	27		35			/font/5001/52
	33		41			/font/5001/47
	39		47			/font/5001/45
	45		53			/font/5001/54
rect	12	264	120	276	000000
	14	276	36	298	
line	14	276	35	276	489048
			14	277	
	35		35		
	14	297		297	
			14	296	
	35		35		
rect	40	276	51	298	000000
	53		64		
	69		120	288	
		288		300	
		264		276	
	12	300		312	
