point	519	152	808080
	143	444	d0d0d0
	323	231	808080
	256	171	
	187	192	d0d0d0
	164	174	808080
	472	104	b0b0b0
	557	71	808080
	402	109	
	196	149	d0d0d0
	508	23	808080
	445	244	b0b0b0
	169	401	
	387	320	d0d0d0
	447	321	b0b0b0
	453	457	
	603	175	808080
	245	268	
	291	292	b0b0b0
	456	242	808080
	369	335	
	602	385	b0b0b0
	407	252	d0d0d0
	301	97	b0b0b0
	509	67	d0d0d0
	272	300	b0b0b0
	311	419	808080
	564	269	d0d0d0
	432	204	808080
	274	436	d0d0d0
	561	451	
	369	185	b0b0b0
	599	358	808080
	346	428	b0b0b0
	366	114	
	348	81	808080
	385	334	
	356	314	
	292	317	b0b0b0
	527	38	808080
	170	57	d0d0d0
	333	361	808080
	302	438	d0d0d0
	486	239	b0b0b0
	533	263	
	525	408	808080
	587	296	b0b0b0
	602	197	808080
	563	425	d0d0d0
	271	42	
	465	160	b0b0b0
	384	397	808080
	502	385	
	599	192	b0b0b0
	321	395	
	183	47	808080
	277	303	d0d0d0
	278	198	808080
	280	412	
	437	438	b0b0b0
	186	252	d0d0d0
	499	35	b0b0b0
	361	476	808080
	256	287	
	431	226	b0b0b0
	217	372	808080
	594	44	b0b0b0
	207	346	d0d0d0
	161	128	808080
	293	208	b0b0b0
	134	344	808080
	262	114	b0b0b0
	334	384	808080
	463	38	d0d0d0
	520	281	b0b0b0
	333	316	808080
		403	d0d0d0
	261	222	808080
	148	369	b0b0b0
	474	287	
	172	324	
	316	339	808080
	466	218	b0b0b0
	267	249	
	256	365	808080
	297	435	b0b0b0
	348	333	808080
	309	84	d0d0d0
	453	328	b0b0b0
	524	442	808080
	474	186	
	559	277	d0d0d0
	354	231	
	207	334	
	215	173	b0b0b0
	307	368	808080
	335	358	d0d0d0
	576	79	b0b0b0
	310	383	808080
	286	443	
	231	164	b0b0b0
	299	226	d0d0d0
	520	126	808080
	514	418	
	362	243	b0b0b0
	444	242	d0d0d0
	158	313	b0b0b0
	388	389	808080
	532	468	
	184	135	b0b0b0
	219	332	
	229	237	808080
	423	150	b0b0b0
	537	271	808080
	296	166	b0b0b0
	553	20	d0d0d0
	544	261	
	329	149	808080
	337	74	
	520	121	d0d0d0
	238	236	808080
	330	118	b0b0b0
	557	335	808080
	289	440	d0d0d0
	377	329	808080
line	166	0	166	480	000050
	294		294		002850
	422		422		000050
	550		550		
	128	118	608	118	
		246		246	002850
		374		374	000050
	223	293	227	290	ff7f00
	274	243	279	242	
draw	365	237	374	245	/sprites/521.SMIV/21
	289	310	293	313	/sprites/512.SMIV/20
	389	60	393	64	/sprites/512.SMIV/15
	390	78		81	/sprites/512.SMIV/12
	439	25	443	28	/sprites/512.SMIV/1
	362	188	366	192	/sprites/507.SMIV/3
	339	189	340	190	/sprites/513.SMIV/17
	384	188	385	189	/sprites/513.SMIV/6
static	250	47	258	53	00000000	254	/sprites/523.SMIV/4
draw	364	201	369	205	/sprites/517.SMIV/1
	217	274	223	279	/sprites/584.SMIV/2
	269	285	274	289	/sprites/517.SMIV/1
	264	215	270	219	/sprites/584.SMIV/1
	363	163	371	168	/sprites/541.SMIV/23
	373	102	375	105	/sprites/528.SMIV/12
	382	38	384	41	
	343	177	367	198	/sprites/504.SMIV/10
	348	180	357	187	/sprites/541.SMIV/15
line	238	90	241	105	489048
			253	95	
	241	105			204020
draw	0	0	128	480	/pictures/501.png
	608		640		/pictures/512.png
crop	102	159	108	171	0	36	ff7f00	/fonts/computer
	108		114					
	114		120		40			
line	614	421	614	359	00488f
		359	622		
	622			421	002850
		421	614		
rect	615	360	622	421	003870
line	614	456	614	422	007fff
		422	622		
	622			456	00488f
		456	614		
rect	615	423	622	456	0070e0
line	614	238	614	231	909048
		231	622		
	622			238	505028
		238	614		
rect	615	232	622	238	707038
line	614	328	614	239	ffff7f
		239	622		
	622			328	909048
		328	614		
rect	615	240	622	328	e0e070
line	614	113	614	103	904848
		103	622		
	622			113	502828
		113	614		
rect	615	104	622	113	703838
line	614	200	614	114	ff7f7f
		114	622		
	622			200	904848
		200	614		
rect	615	115	622	200	e07070
	634	49	636	52	7fff7f
		53		56	60c060
		57		60	
		61		64	
		65		68	
		69		72	7fff7f
		73		76	60c060
		77		80	
		81		84	
		85		88	
		89		92	7fff7f
		93		96	60c060
		97		100	
		101		104	
		105		108	
		109		112	7fff7f
		113		116	60c060
		117		120	
		121		124	
		125		128	
		129		132	7fff7f
		133		136	60c060
		137		140	
		141		144	
		145		148	
		149		152	183018
		153		156	
		157		160	
		161		164	
		165		168	
		169		172	
		173		176	
		177		180	
		181		184	
		185		188	
		189		192	
		193		196	
		197		200	
		201		204	
		205		208	
		209		212	
		213		216	
		217		220	
		221		224	
		225		228	
		229		232	
		233		236	
		237		240	
		241		244	
		245		248	
		249		252	
		253		256	
		257		260	
		261		264	
		265		268	
		269		272	
		273		276	
		277		280	
		281		284	
		285		288	
		289		292	
		293		296	
		297		300	
		301		304	
		305		308	
		309		312	
		313		316	
		317		320	
		321		324	
		325		328	
		329		332	
		333		336	
		337		340	
		341		344	
		345		348	
		349		352	
		353		356	
		357		360	
		361		364	
		365		368	
		369		372	
		373		376	
		377		380	
		381		384	
		385		388	
		389		392	
		393		396	
		397		400	
		401		404	
		405		408	
		409		412	
		413		416	
		417		420	
		421		424	
		425		428	
		429		432	
		433		436	
		437		440	
		441		444	
		445		448	
	621	52	631	56	303000
		57		61	
		62		66	
		67		71	
		72		76	
		77		81	
		82		86	
	7	7	115	115	00ff00
	8	8	114	114	001000
	42	42	80	80	003000
point	59	28	006000
	60	60	
	53	66	
	55	69	
	61	54	
		47	
	52	66	
	55	62	
	62	48	
	61	33	
	59	59	
	61	33	
	64	47	
	60	61	
	55	63	
	61	49	
	60	57	
	61	44	
		39	
	60	59	
	57	29	
	60	31	
		59	
	62	36	
	59	59	
	61		
	59	61	
	53	70	
	61	35	
	62	36	
	50	50	
rect	12	320	121	440	001000
line	12	330	119	330	009000
crop	15	320	21	332	104	48	00ff00	/fonts/computer
	21		27		8			
	27		33		72			
	33		39		112			
	39		45		0	24		
	45		51		104	48		
	51		57		40			
	57		63		112			
	63		69		40	60		
line	12	343	12	332	009000
		332	120		
	120			343	005000
		343	12		
rect	13	333	120	343	007000
crop	15	332	21	344	96	36	00ff00	/fonts/computer
	21		27		16	48		
	27		33		40	84		
	33		39		72	72		
	39		45		96			
	45		51		32			
	51		57		112	36		
	15	344	21	356	96			
	21		27		24	60		
	27		33		0	84		
	33		39		40	72		
	39		45		24			
	45		51		72			
	51		57		8			
	57		63		96			
	63		69		0	24		
	69		75		120	48		
	75		81		16	84		
	81		87		32	72		
	87		93		40			
	93		99		16	84		
	99		105		24			
	105		111		112	36		
	15	356	21	368	96			
	21		27		104	48		
	27		33		40	72		
	33		39		24	84		
	39		45					
	45		51		8	72		
	51		57		56			
	57		63		40			
	63		69		112	36		
	15	368	21	380	96			
	21		27		104	48		
	27		33		72	72		
	33		39		24	84		
	39		45					
	45		51		72	72		
	51		57		120			
	57		63		112			
	63		69		0	24		
	69		75		24	60		
	75		81		32	84		
	81		87		8	72		
	87		93		32	84		
	93		99		40			
	99		105		24			
	105		111		112	36		
line	12	438	119	438	009000
rect	16	450	114	475	001010
line	17	461	17	450	00c0c0
		450	43		
	43			461	007070
		461	17		
rect	18	451	43	461	009090
crop	19	450	25	462	16	60	00ffff	/fonts/computer
	25		31		56	48		
	31		37		64			
	37		43		32	60		
	43		49		0	24		
	49		55		24	60		
	55		61		40	72		
	61		67		96			
	67		73		40			
	73		79		24			
	79		85		32	84		
line	12	191	12	180	ffff00
		180	120		
	120			191	909000
		191	12		
rect	13	181	120	191	c0c000
crop	15	180	21	192	24	48	000000	/fonts/computer
	21		27		120			
	27		33		112			
	33		39		32	60		
	39		45		16			
	45		51		120	48		
	51		57		96			
line	14	204	35	204	489048
			14	205	
	35		35		
	14	225		225	
			14	224	
	35		35		
	12	263	12	252	007fff
		252	120		
	120			263	00488f
		263	12		
rect	13	253	120	263	0060c0
crop	15	252	21	264	32	60	000000	/fonts/computer
	21		27		8	48		
	27		33		16	60		
	33		39		56	48		
	39		45		40			
	45		51		32	60		
line	14	276	35	276	489048
			14	277	
	35		35		
	14	297		297	
			14	296	
	35		35		
