point	554	129	808080
	214	397	d0d0d0
	358	208	808080
	291	148	
	258	145	d0d0d0
	199	150	808080
	525	69	b0b0b0
	592	47	808080
	437	86	
	267	103	d0d0d0
	165	378	
	498	210	b0b0b0
	222	366	
	458	274	d0d0d0
	500	287	b0b0b0
	506	423	
	189	141	d0d0d0
	280	245	808080
	344	257	b0b0b0
	491	218	808080
	404	312	
	191	304	d0d0d0
	477	205	
	354	62	b0b0b0
	603	284	808080
	325	265	b0b0b0
	346	395	808080
	141	157	
	467	181	
	345	390	d0d0d0
	146	151	b0b0b0
	422		
	154	54	808080
	399	393	b0b0b0
	419	79	
	383	58	808080
	420	311	
	391	290	
	345	282	b0b0b0
	180	21	
	321	5	d0d0d0
	368	338	808080
	373	392	d0d0d0
	539	204	b0b0b0
	586	228	
	560	385	808080
	160	175	b0b0b0
	158	345	808080
	141	153	
	605	90	b0b0b0
	518	125	
	419	374	808080
	537	361	
	172	196	b0b0b0
	374	361	
	155	23	808080
	348	256	d0d0d0
	313	175	808080
	315	389	
	490	404	b0b0b0
	256	205	d0d0d0
	226	479	
	396	452	808080
	291	264	
	484	191	b0b0b0
	252	349	808080
	309	50	d0d0d0
	278	300	
	196	105	808080
	346	173	b0b0b0
	169	321	808080
	315	79	b0b0b0
	369	360	808080
	449	470	d0d0d0
	573	247	b0b0b0
	368	292	808080
	404	356	d0d0d0
	296	199	808080
	201	334	b0b0b0
	527	252	
	225	290	
	351	316	808080
	519	184	b0b0b0
	320	214	
	292	342	808080
	350	401	b0b0b0
	383	310	808080
	407	28	b0b0b0
	506	293	
	560	419	808080
	509	163	
	150	454	d0d0d0
	425	185	
	278	287	
	268	138	b0b0b0
	342	345	808080
	406	312	d0d0d0
	149	159	b0b0b0
	345	360	808080
	322	419	
	284	129	b0b0b0
	370	180	d0d0d0
	555	103	808080
	549	395	
	415	208	b0b0b0
	514	196	d0d0d0
	211	278	b0b0b0
	423	366	808080
	568	445	
	237	101	b0b0b0
	272	297	
	264	214	808080
	476	115	b0b0b0
	572	248	808080
	349	132	b0b0b0
	418	459	
	131	316	808080
	364	126	
	372	50	
	605	411	d0d0d0
	273	213	808080
	383	83	b0b0b0
	592	312	808080
	360	394	d0d0d0
	412	305	808080
line	236	0	236	480	000050
	364		364		002850
	492		492		000050
	128	74	608	74	
		202		202	002850
		330		330	000050
		458		458	
	372	238	369	242	ff7f00
	483	172	480	174	
	431	207	427	210	
draw	363	237	372	245	/sprites/521.SMIV/3
	527	36	531	39	/sprites/512.SMIV/11
	427	145	431	148	/sprites/512.SMIV/16
	424	99	427	102	/sprites/512.SMIV/12
	469	105	473	108	/sprites/512.SMIV/16
	340	157	341	158	/sprites/513.SMIV/17
	592	154	593	155	/sprites/513.SMIV/6
	444	57	466	78	/sprites/524.SMIV/15
	470	69	488	92	/sprites/524.SMIV/14
static	403	173	411	180	00000000	29	/sprites/523.SMIV/8
draw	474	203	480	208	/sprites/584.SMIV/3
	514	148	520	153	/sprites/584.SMIV/2
	368	236	374	241	
	411	220	416	224	/sprites/584.SMIV/0
	396	210	402	215	/sprites/517.SMIV/0
	392	226	397	230	/sprites/504.SMIV/8
	372	241	378	246	/sprites/517.SMIV/0
	389	245	396	250	/sprites/504.SMIV/13
		242	397	247	/sprites/541.SMIV/23
	394	224	403	231	/sprites/541.SMIV/15
line	493	86	479	91	489048
			491	101	
	479	91			204020
draw	0	0	128	480	/pictures/501.png
	608		640		/pictures/512.png
crop	102	159	108	171	0	36	ff7f00	/fonts/computer
	108		114					
	114		120		40			
line	614	419	614	359	00488f
		359	622		
	622			419	002850
		419	614		
rect	615	360	622	419	003870
line	614	456	614	420	007fff
		420	622		
	622			456	00488f
		456	614		
rect	615	421	622	456	0070e0
line	614	243	614	231	909048
		231	622		
	622			243	505028
		243	614		
rect	615	232	622	243	707038
line	614	328	614	244	ffff7f
		244	622		
	622			328	909048
		328	614		
rect	615	245	622	328	e0e070
line	614	118	614	103	904848
		103	622		
	622			118	502828
		118	614		
rect	615	104	622	118	703838
line	614	200	614	119	ff7f7f
		119	622		
	622			200	904848
		200	614		
rect	615	120	622	200	e07070
	634	49	636	52	7fff7f
		53		56	60c060
		57		60	
		61		64	
		65		68	
		69		72	7fff7f
		73		76	60c060
		77		80	
		81		84	
		85		88	
		89		92	7fff7f
		93		96	60c060
		97		100	
		101		104	
		105		108	
		109		112	7fff7f
		113		116	60c060
		117		120	
		121		124	
		125		128	
		129		132	7fff7f
		133		136	60c060
		137		140	
		141		144	
		145		148	
		149		152	183018
		153		156	
		157		160	
		161		164	
		165		168	
		169		172	
		173		176	
		177		180	
		181		184	
		185		188	
		189		192	
		193		196	
		197		200	
		201		204	
		205		208	
		209		212	
		213		216	
		217		220	
		221		224	
		225		228	
		229		232	
		233		236	
		237		240	
		241		244	
		245		248	
		249		252	
		253		256	
		257		260	
		261		264	
		265		268	
		269		272	
		273		276	
		277		280	
		281		284	
		285		288	
		289		292	
		293		296	
		297		300	
		301		304	
		305		308	
		309		312	
		313		316	
		317		320	
		321		324	
		325		328	
		329		332	
		333		336	
		337		340	
		341		344	
		345		348	
		349		352	
		353		356	
		357		360	
		361		364	
		365		368	
		369		372	
		373		376	
		377		380	
		381		384	
		385		388	
		389		392	
		393		396	
		397		400	
		401		404	
		405		408	
		409		412	
		413		416	
		417		420	
		421		424	
		425		428	
		429		432	
		433		436	
		437		440	
		441		444	
		445		448	
	621	52	631	56	303000
		57		61	
		62		66	
		67		71	
		72		76	
		77		81	
		82		86	
	7	7	115	115	00ff00
	8	8	114	114	001000
	42	42	80	80	003000
point	65	21	006000
		59	
	70	53	
	67	57	
	63	61	
	69	55	
	63	59	
	61	61	
	67	51	
	63	59	
	75	42	
	66	27	
	62	61	
	61		
	63		
			
	64	59	
	71	49	
	66	47	
	60	54	
	78		
	68	45	
	70	46	
	64	55	
rect	12	320	121	440	001000
line	12	330	119	330	009000
crop	15	320	21	332	104	48	00ff00	/fonts/computer
	21		27		8			
	27		33		72			
	33		39		112			
	39		45		0	24		
	45		51		104	48		
	51		57		40			
	57		63		112			
	63		69		40	60		
line	12	343	12	332	009000
		332	120		
	120			343	005000
		343	12		
rect	13	333	120	343	007000
crop	15	332	21	344	96	36	00ff00	/fonts/computer
	21		27		16	48		
	27		33		40	84		
	33		39		72	72		
	39		45		96			
	45		51		32			
	51		57		112	36		
	15	344	21	356	96			
	21		27		24	60		
	27		33		0	84		
	33		39		40	72		
	39		45		24			
	45		51		72			
	51		57		8			
	57		63		96			
	63		69		0	24		
	69		75		120	48		
	75		81		16	84		
	81		87		32	72		
	87		93		40			
	93		99		16	84		
	99		105		24			
	105		111		112	36		
	15	356	21	368	96			
	21		27		104	48		
	27		33		40	72		
	33		39		24	84		
	39		45					
	45		51		8	72		
	51		57		56			
	57		63		40			
	63		69		112	36		
	15	368	21	380	96			
	21		27		104	48		
	27		33		72	72		
	33		39		24	84		
	39		45					
	45		51		72	72		
	51		57		120			
	57		63		112			
	63		69		0	24		
	69		75		24	60		
	75		81		32	84		
	81		87		8	72		
	87		93		32	84		
	93		99		40			
	99		105		24			
	105		111		112	36		
line	12	438	119	438	009000
rect	16	450	114	475	001010
line	17	461	17	450	00c0c0
		450	43		
	43			461	007070
		461	17		
rect	18	451	43	461	009090
crop	19	450	25	462	16	60	00ffff	/fonts/computer
	25		31		56	48		
	31		37		64			
	37		43		32	60		
	43		49		0	24		
	49		55		24	60		
	55		61		40	72		
	61		67		96			
	67		73		40			
	73		79		24			
	79		85		32	84		
line	12	191	12	180	ffff00
		180	120		
	120			191	909000
		191	12		
rect	13	181	120	191	c0c000
crop	15	180	21	192	24	48	000000	/fonts/computer
	21		27		120			
	27		33		112			
	33		39		32	60		
	39		45		16			
	45		51		120	48		
	51		57		96			
line	14	204	35	204	489048
			14	205	
	35		35		
	14	225		225	
			14	224	
	35		35		
	12	263	12	252	007fff
		252	120		
	120			263	00488f
		263	12		
rect	13	253	120	263	0060c0
crop	15	252	21	264	32	60	000000	/fonts/computer
	21		27		8	48		
	27		33		16	60		
	33		39		56	48		
	39		45		40			
	45		51		32	60		
line	14	276	35	276	489048
			14	277	
	35		35		
	14	297		297	
			14	296	
	35		35		
