point	421	432	b0b0b0
	420	75	d0d0d0
	322	47	808080
	278	466	
	305	411	
	180	114	b0b0b0
	548	307	
	304	254	d0d0d0
	565	404	808080
	162	143	
	428	161	b0b0b0
	469	447	
	256	6	d0d0d0
	605	85	b0b0b0
	447	45	
	560	280	808080
	583	217	b0b0b0
	245	84	808080
	291	16	b0b0b0
	455	58	808080
	369	151	
	283	104	b0b0b0
	429	392	
		359	808080
	568	123	
	271	24	b0b0b0
	407	233	808080
	249	81	b0b0b0
	432	20	808080
	348	170	b0b0b0
	266	143	
	508	418	808080
	199	444	b0b0b0
	350	324	808080
	558	317	b0b0b0
	418	376	808080
	385	150	
	355	130	
	292	41	b0b0b0
	294	308	808080
	590	163	d0d0d0
	333	177	808080
	485	275	
	568	430	d0d0d0
	393	465	b0b0b0
	195	461	808080
	277	131	d0d0d0
	263	187	b0b0b0
	584	135	808080
	466	477	b0b0b0
	174	197	d0d0d0
	236	78	b0b0b0
	208	60	
	376	453	808080
	574	477	d0d0d0
	129	143	808080
	344	71	b0b0b0
	278	14	808080
	433	100	b0b0b0
	399	266	808080
	437	477	b0b0b0
	556	158	d0d0d0
	148	407	808080
	255	103	
	212	428	b0b0b0
	216	188	808080
	455	275	b0b0b0
	146	132	808080
	202	50	d0d0d0
	545	389	
	280	98	
	567	317	b0b0b0
	333	200	808080
	514	229	b0b0b0
	520	5	
	332	132	808080
	514	303	b0b0b0
	260	38	808080
	547	451	b0b0b0
	474	11	
	302	66	
	316	155	808080
	282	402	d0d0d0
	188	452	b0b0b0
	256	181	808080
	571	51	d0d0d0
	347	149	808080
	285	266	b0b0b0
	452	52	
	357	257	808080
	474	2	
	451	133	d0d0d0
	193	343	
	229	223	808080
	204	410	
	307	184	
	434	235	
	212	327	d0d0d0
	309	199	808080
	138	281	
	174	252	b0b0b0
	494	407	808080
	390	365	d0d0d0
	606	232	808080
	526	456	
	128	133	b0b0b0
	262	334	d0d0d0
	571	66	b0b0b0
	159	253	808080
	182	106	b0b0b0
	219	55	
	229	53	808080
	163	394	
	536	87	
	280	369	b0b0b0
	137	221	
	451	238	d0d0d0
	596	410	
	506	314	b0b0b0
	214	185	
	237	52	808080
	511	456	b0b0b0
	556	151	808080
	247	77	d0d0d0
	377	145	808080
line	166	0	166	480	000050
	294		294		002850
	422		422		000050
	550		550		
	128	6	608	6	
		134		134	
		262		262	
		390		390	002850
	223	163	227	163	ff7f00
	276	193	280	193	
	339	218	343	219	
draw	366	237	375	246	/sprites/521.SMIV/22
	466	20	470	24	/sprites/512.SMIV/14
	440	5	444	8	/sprites/512.SMIV/11
	264	102	278	124	/sprites/524.SMIV/12
static	265	119	289	139	f0f078	39	/sprites/524.SMIV/8
draw	277	130	280	132	/sprites/528.SMIV/9
	356	229	362	234	/sprites/584.SMIV/2
	260	140	263	141	/sprites/541.SMIV/0
	303	120	312	128	/sprites/541.SMIV/10
	308	185	314	189	/sprites/584.SMIV/4
	391	209	393	212	/sprites/528.SMIV/12
	292	134	300	141	/sprites/541.SMIV/6
	299	88	308	95	/sprites/541.SMIV/13
dither	200	50	346	67	300018
crop	204	54	211	65	56	55	000000	/fonts/tactical
	211		218		8	44		
	218		225		16	55		
	225		232		112	44		
	232		239		72			
	239		246		112			
	246		253		56			
	253		260		80	33		
	260		267		0	22		
	267		274		24	55		
	274		281		64	66		
	281		288		72			
	288		295		40			
	295		302		96			
	302		309		32			
	309		316		24	77		
	316		323		0	22		
	323		330		96	44		
	330		337		120	66		
	337		344		56	77		
	203	53	210	64		55	ff007f	
	210		217		8	44		
	217		224		16	55		
	224		231		112	44		
	231		238		72			
	238		245		112			
	245		252		56			
	252		259		80	33		
	259		266		0	22		
	266		273		24	55		
	273		280		64	66		
	280		287		72			
	287		294		40			
	294		301		96			
	301		308		32			
	308		315		24	77		
	315		322		0	22		
	322		329		96	44		
	329		336		120	66		
	336		343		56	77		
line	248	81	249	96	489048
			262	87	
	249	96			204020
draw	0	0	128	480	/pictures/501.png
	608		640		/pictures/512.png
crop	102	159	108	171	0	36	ff7f00	/fonts/computer
	108		114					
	114		120		40			
line	614	438	614	359	00488f
		359	622		
	622			438	002850
		438	614		
rect	615	360	622	438	003870
line	614	456	614	439	007fff
		439	622		
	622			456	00488f
		456	614		
rect	615	440	622	456	0070e0
line	614	239	614	231	909048
		231	622		
	622			239	505028
		239	614		
rect	615	232	622	239	707038
line	614	328	614	240	ffff7f
		240	622		
	622			328	909048
		328	614		
rect	615	241	622	328	e0e070
line	614	125	614	103	904848
		103	622		
	622			125	502828
		125	614		
rect	615	104	622	125	703838
line	614	200	614	126	ff7f7f
		126	622		
	622			200	904848
		200	614		
rect	615	127	622	200	e07070
	634	49	636	52	7fff7f
		53		56	60c060
		57		60	
		61		64	
		65		68	
		69		72	7fff7f
		73		76	60c060
		77		80	
		81		84	
		85		88	
		89		92	7fff7f
		93		96	60c060
		97		100	
		101		104	
		105		108	
		109		112	7fff7f
		113		116	60c060
		117		120	
		121		124	
		125		128	
		129		132	7fff7f
		133		136	60c060
		137		140	
		141		144	
		145		148	
		149		152	183018
		153		156	
		157		160	
		161		164	
		165		168	
		169		172	
		173		176	
		177		180	
		181		184	
		185		188	
		189		192	
		193		196	
		197		200	
		201		204	
		205		208	
		209		212	
		213		216	
		217		220	
		221		224	
		225		228	
		229		232	
		233		236	
		237		240	
		241		244	
		245		248	
		249		252	
		253		256	
		257		260	
		261		264	
		265		268	
		269		272	
		273		276	
		277		280	
		281		284	
		285		288	
		289		292	
		293		296	
		297		300	
		301		304	
		305		308	
		309		312	
		313		316	
		317		320	
		321		324	
		325		328	
		329		332	
		333		336	
		337		340	
		341		344	
		345		348	
		349		352	
		353		356	
		357		360	
		361		364	
		365		368	
		369		372	
		373		376	
		377		380	
		381		384	
		385		388	
		389		392	
		393		396	
		397		400	
		401		404	
		405		408	
		409		412	
		413		416	
		417		420	
		421		424	
		425		428	
		429		432	
		433		436	
		437		440	
		441		444	
		445		448	
	621	52	631	56	303000
		57		61	
		62		66	
		67		71	
		72		76	
		77		81	
		82		86	
	7	7	115	115	00ff00
	8	8	114	114	001000
	42	42	80	80	003000
point	58	58	006000
	61	57	
	58	53	
	59	60	
	50	56	
	54	58	
	67	43	
	56	54	
	55	51	
	62	36	
	61	61	
	55	55	
	79	51	
	63	61	
	66	42	
	42	32	
	93		
	53	52	
	54	54	
	66	33	
rect	12	320	121	440	001000
line	12	330	119	330	009000
crop	15	320	21	332	104	48	00ff00	/fonts/computer
	21		27		8			
	27		33		72			
	33		39		112			
	39		45		0	24		
	45		51		104	48		
	51		57		40			
	57		63		112			
	63		69		40	60		
line	12	343	12	332	009000
		332	120		
	120			343	005000
		343	12		
rect	13	333	120	343	007000
crop	15	332	21	344	96	36	00ff00	/fonts/computer
	21		27		16	48		
	27		33		40	84		
	33		39		72	72		
	39		45		96			
	45		51		32			
	51		57		112	36		
	15	344	21	356	96			
	21		27		24	60		
	27		33		0	84		
	33		39		40	72		
	39		45		24			
	45		51		72			
	51		57		8			
	57		63		96			
	63		69		0	24		
	69		75		120	48		
	75		81		16	84		
	81		87		32	72		
	87		93		40			
	93		99		16	84		
	99		105		24			
	105		111		112	36		
	15	356	21	368	96			
	21		27		104	48		
	27		33		40	72		
	33		39		24	84		
	39		45					
	45		51		8	72		
	51		57		56			
	57		63		40			
	63		69		112	36		
	15	368	21	380	96			
	21		27		104	48		
	27		33		72	72		
	33		39		24	84		
	39		45					
	45		51		72	72		
	51		57		120			
	57		63		112			
	63		69		0	24		
	69		75		24	60		
	75		81		32	84		
	81		87		8	72		
	87		93		32	84		
	93		99		40			
	99		105		24			
	105		111		112	36		
line	12	438	119	438	009000
rect	16	450	114	475	001010
line	17	461	17	450	00c0c0
		450	43		
	43			461	007070
		461	17		
rect	18	451	43	461	009090
crop	19	450	25	462	16	60	00ffff	/fonts/computer
	25		31		56	48		
	31		37		64			
	37		43		32	60		
	43		49		0	24		
	49		55		24	60		
	55		61		40	72		
	61		67		96			
	67		73		40			
	73		79		24			
	79		85		32	84		
line	12	191	12	180	ffff00
		180	120		
	120			191	909000
		191	12		
rect	13	181	120	191	c0c000
crop	15	180	21	192	24	48	000000	/fonts/computer
	21		27		120			
	27		33		112			
	33		39		32	60		
	39		45		16			
	45		51		120	48		
	51		57		96			
line	14	204	35	204	489048
			14	205	
	35		35		
	14	225		225	
			14	224	
	35		35		
	12	263	12	252	007fff
		252	120		
	120			263	00488f
		263	12		
rect	13	253	120	263	0060c0
crop	15	252	21	264	32	60	000000	/fonts/computer
	21		27		8	48		
	27		33		16	60		
	33		39		56	48		
	39		45		40			
	45		51		32	60		
line	14	276	35	276	489048
			14	277	
	35		35		
	14	297		297	
			14	296	
	35		35		
