point	405	285	d0d0d0
	165	7	
	454	220	808080
	255	160	
	430	104	
	378	376	b0b0b0
	170	291	808080
	568	441	d0d0d0
	217	243	808080
	293	317	
	491	27	b0b0b0
	203	127	d0d0d0
	221	243	808080
	323	280	b0b0b0
	162	465	
	453	213	
	268	467	d0d0d0
	377	258	808080
	489	277	b0b0b0
	587	231	808080
	500	325	
	481	365	b0b0b0
	199	440	808080
	358	53	
	603	336	d0d0d0
	470	286	b0b0b0
	539	407	808080
	447	343	b0b0b0
	564	193	808080
	495	469	b0b0b0
	464	405	
	593	204	808080
	277	225	b0b0b0
	407	27	
	276	414	
	141	34	
	516	324	808080
	487	303	
	490	302	b0b0b0
	590	478	
	424	425	
	465	351	808080
	130	416	
	500	294	d0d0d0
	497	164	808080
	589	210	b0b0b0
	415	478	d0d0d0
	286	447	b0b0b0
	373	431	
	518	345	d0d0d0
	578	73	
	434	340	b0b0b0
	407	322	
	470	294	d0d0d0
	243	418	808080
	261	317	
	542	332	b0b0b0
	410	188	808080
	166	213	
	558	439	
	257	172	
	359	449	b0b0b0
	130	261	808080
	387	277	
	229	358	d0d0d0
	348	362	808080
	461	463	b0b0b0
	278	306	808080
	184	419	b0b0b0
	229	362	808080
	168	86	b0b0b0
	285	297	
	465	373	808080
	233	62	
	569	176	
	464	305	
	198	377	
	392	212	
	219	432	
	237	180	
	500	328	b0b0b0
	447		808080
	285	136	
	452	311	d0d0d0
	388	355	808080
	299	306	b0b0b0
	479	323	808080
	207	253	d0d0d0
	169	227	b0b0b0
	489	431	808080
	290	303	b0b0b0
	183	387	808080
	373	159	b0b0b0
	360	397	808080
	449	155	b0b0b0
	439	358	808080
	565	408	
	288	148	b0b0b0
	441	373	808080
	207	3	b0b0b0
	297	46	d0d0d0
	162	279	
	172	421	
	388	374	
	553	439	808080
	326	395	b0b0b0
	490	102	808080
	288	311	b0b0b0
	291	426	808080
	380	367	b0b0b0
	417	317	
	361	227	808080
	551	176	d0d0d0
	506	238	
	559	101	808080
	183	1	d0d0d0
	522	452	808080
	281	155	
	409	64	
	308	445	b0b0b0
	369	226	808080
	560	325	d0d0d0
	187	444	808080
	603	451	
	509	318	
line	176	0	176	480	000050
	304		304		
	432		432		
	560		560		002850
	128	101	608	101	000050
		229		229	002850
		357		357	000050
	302	111	304	115	ff7f00
	325	168	327	172	
	371	214	372	219	
draw	365	236	373	244	/sprites/521.SMIV/0
	339	179	345	183	/sprites/584.SMIV/1
	366	226	372	230	
	322	126	327	130	/sprites/517.SMIV/1
	327	132	330	135	/sprites/504.SMIV/0
	321	139	326	142	/sprites/541.SMIV/1
line	385	41	376	54	489048
			391	55	
	376	54			204020
draw	0	0	128	480	/pictures/501.png
	608		640		/pictures/512.png
tint	102	159	110	172	ff7f00	/font/5001/30
	108		116			
	114		122			/font/5001/35
line	614	430	614	359	00488f
		359	622		
	622			430	002850
		430	614		
rect	615	360	622	430	003870
line	614	456	614	431	007fff
		431	622		
	622			456	00488f
		456	614		
rect	615	432	622	456	0070e0
line	614	233	614	231	909048
		231	622		
	622			233	505028
		233	614		
rect	615	232	622	233	707038
line	614	328	614	234	ffff7f
		234	622		
	622			328	909048
		328	614		
rect	615	235	622	328	e0e070
line	614	133	614	103	904848
		103	622		
	622			133	502828
		133	614		
rect	615	104	622	133	703838
line	614	200	614	134	ff7f7f
		134	622		
	622			200	904848
		200	614		
rect	615	135	622	200	e07070
	634	49	636	52	7fff7f
		53		56	60c060
		57		60	
		61		64	
		65		68	
		69		72	7fff7f
		73		76	60c060
		77		80	
		81		84	
		85		88	
		89		92	7fff7f
		93		96	60c060
		97		100	
		101		104	
		105		108	
		109		112	7fff7f
		113		116	60c060
		117		120	
		121		124	
		125		128	
		129		132	7fff7f
		133		136	60c060
		137		140	
		141		144	
		145		148	
		149		152	183018
		153		156	
		157		160	
		161		164	
		165		168	
		169		172	
		173		176	
		177		180	
		181		184	
		185		188	
		189		192	
		193		196	
		197		200	
		201		204	
		205		208	
		209		212	
		213		216	
		217		220	
		221		224	
		225		228	
		229		232	
		233		236	
		237		240	
		241		244	
		245		248	
		249		252	
		253		256	
		257		260	
		261		264	
		265		268	
		269		272	
		273		276	
		277		280	
		281		284	
		285		288	
		289		292	
		293		296	
		297		300	
		301		304	
		305		308	
		309		312	
		313		316	
		317		320	
		321		324	
		325		328	
		329		332	
		333		336	
		337		340	
		341		344	
		345		348	
		349		352	
		353		356	
		357		360	
		361		364	
		365		368	
		369		372	
		373		376	
		377		380	
		381		384	
		385		388	
		389		392	
		393		396	
		397		400	
		401		404	
		405		408	
		409		412	
		413		416	
		417		420	
		421		424	
		425		428	
		429		432	
		433		436	
		437		440	
		441		444	
		445		448	
	621	52	631	56	303000
		57		61	
		62		66	
		67		71	
		72		76	
		77		81	
		82		86	
	7	7	115	115	00ff00
	8	8	114	114	001000
	42	42	80	80	003000
point	79	23	006000
	61	51	
	59	55	
	60	57	
	61	61	
	60	60	
	58	46	
	60	49	
	58	53	
	79	33	
	80	21	
rect	12	320	121	440	001000
line	12	330	119	330	009000
tint	15	320	23	333	00ff00	/font/5001/4d
	21		29			/font/5001/41
	27		35			/font/5001/49
	33		41			/font/5001/4e
	39		47			/font/5001/20
	45		53			/font/5001/4d
	51		59			/font/5001/45
	57		65			/font/5001/4e
	63		71			/font/5001/55
line	12	343	12	332	009000
		332	120		
	120			343	005000
		343	12		
rect	13	333	120	343	007000
tint	15	332	23	345	00ff00	/font/5001/3c
	21		29			/font/5001/42
	27		35			/font/5001/75
	33		41			/font/5001/69
	39		47			/font/5001/6c
	45		53			/font/5001/64
	51		59			/font/5001/3e
	15	344	23	357		/font/5001/3c
	21		29			/font/5001/53
	27		35			/font/5001/70
	33		41			/font/5001/65
	39		47			/font/5001/63
	45		53			/font/5001/69
	51		59			/font/5001/61
	57		65			/font/5001/6c
	63		71			/font/5001/20
	69		77			/font/5001/4f
	75		83			/font/5001/72
	81		89			/font/5001/64
	87		95			/font/5001/65
	93		101			/font/5001/72
	99		107			/font/5001/73
	105		113			/font/5001/3e
	15	356	23	369		/font/5001/3c
	21		29			/font/5001/4d
	27		35			/font/5001/65
	33		41			/font/5001/73
	39		47			
	45		53			/font/5001/61
	51		59			/font/5001/67
	57		65			/font/5001/65
	63		71			/font/5001/3e
	15	368	23	381		/font/5001/3c
	21		29			/font/5001/4d
	27		35			/font/5001/69
	33		41			/font/5001/73
	39		47			
	45		53			/font/5001/69
	51		59			/font/5001/6f
	57		65			/font/5001/6e
	63		71			/font/5001/20
	69		77			/font/5001/53
	75		83			/font/5001/74
	81		89			/font/5001/61
	87		95			/font/5001/74
	93		101			/font/5001/75
	99		107			/font/5001/73
	105		113			/font/5001/3e
line	12	438	119	438	009000
rect	16	450	114	475	001010
line	17	461	17	450	00c0c0
		450	43		
	43			461	007070
		461	17		
rect	18	451	43	461	009090
tint	19	450	27	463	00ffff	/font/5001/52
	25		33			/font/5001/47
	31		39			/font/5001/48
	37		45			/font/5001/54
	43		51			/font/5001/20
	49		57			/font/5001/53
	55		63			/font/5001/65
	61		69			/font/5001/6c
	67		75			/font/5001/65
	73		81			/font/5001/63
	79		87			/font/5001/74
rect	12	180	120	192	000000
line	12	191	12	180	ffff00
		180	119		
	119			191	909000
		191	12		
rect	13	181	119	191	c0c000
tint	15	180	23	193	000000	/font/5001/43
	21		29			/font/5001/4f
	27		35			/font/5001/4e
	33		41			/font/5001/54
	39		47			/font/5001/52
	45		53			/font/5001/4f
	51		59			/font/5001/4c
rect	12	192	120	204	000000
	14	204	36	226	
line	14	204	35	204	489048
			14	205	
	35		35		
	14	225		225	
			14	224	
	35		35		
rect	40	204	51	226	000000
	53		64		
	69		120	216	
		216		228	
		192		204	
	12	228		240	
		252		264	
line	12	263	12	252	007fff
		252	119		
	119			263	00488f
		263	12		
rect	13	253	119	263	0060c0
tint	15	252	23	265	000000	/font/5001/54
	21		29			/font/5001/41
	27		35			/font/5001/52
	33		41			/font/5001/47
	39		47			/font/5001/45
	45		53			/font/5001/54
rect	12	264	120	276	000000
	14	276	36	298	
line	14	276	35	276	489048
			14	277	
	35		35		
	14	297		297	
			14	296	
	35		35		
rect	40	276	51	298	000000
	53		64		
	69		120	288	
		288		300	
		264		276	
	12	300		312	
