point	340	56	d0d0d0
	321	414	b0b0b0
	212	444	d0d0d0
	184	425	808080
	222	340	
	346	374	b0b0b0
	405	44	808080
	502	422	b0b0b0
	597	168	808080
	460	317	
	190	404	d0d0d0
	369	61	808080
	471	225	
	250	155	b0b0b0
	441	436	808080
	454	417	
	171	33	
	307	89	d0d0d0
	151	345	
	578	379	808080
	146	220	b0b0b0
	290	160	808080
	409	321	b0b0b0
	149	71	808080
	396	155	
	302	384	d0d0d0
	406	410	b0b0b0
	201	336	808080
	355	430	
	571	80	b0b0b0
	167	125	808080
	197	347	
	516	268	b0b0b0
	573	425	
	139	35	d0d0d0
	406	276	808080
	295	120	b0b0b0
	246	60	808080
	165	384	
	215	235	
	427	29	
	198	191	b0b0b0
	251	172	808080
	246	145	
	288	400	
	565	74	d0d0d0
	562	268	808080
	550	51	
	485	132	d0d0d0
	502	207	b0b0b0
	161	374	d0d0d0
	523	389	b0b0b0
	447	89	808080
	455	385	
	255	262	b0b0b0
	163	430	808080
	555	217	
	272	358	d0d0d0
	435	205	808080
	471	182	
	358	481	d0d0d0
	589	206	b0b0b0
	401	334	808080
	161	116	
	342	435	b0b0b0
	424	267	808080
	309	400	d0d0d0
	522	342	808080
	154	151	
	515	351	b0b0b0
	334	434	
	365	139	
	447	103	808080
	400	141	d0d0d0
	360	412	808080
	139	123	
	161	471	b0b0b0
	185	422	808080
	471	347	
	408	114	d0d0d0
	333	136	808080
	196	361	d0d0d0
	529	362	b0b0b0
	510	41	d0d0d0
	274	111	808080
	139	123	b0b0b0
	265	118	
	494	377	d0d0d0
	550	448	
	511	358	808080
	321	168	b0b0b0
	382	428	
	433	154	
	342	20	d0d0d0
	162	149	808080
	216	114	
	328	92	b0b0b0
	562	98	808080
	600	312	b0b0b0
	296	374	d0d0d0
	148	281	808080
	311	317	d0d0d0
	131	375	
	191	86	808080
	162	448	d0d0d0
	558	304	
	281	338	808080
	418	277	d0d0d0
	187	54	808080
	138	356	
	415	367	
	603	338	
	216	86	
	416	319	d0d0d0
	351	337	808080
	535	236	d0d0d0
	520	411	808080
	549	134	
	237	195	b0b0b0
	541	210	d0d0d0
	331	476	
	255	83	808080
	351	317	b0b0b0
	286	277	
	520	169	
	355	218	804000
	406	214	
	375	182	
	402	231	
	400	177	
	404		
	357		
	353	209	
	367	183	
	383	175	
line	142	0	142	480	002850
	270		270		000050
	398		398		
	526		526		
	128	64	608	64	
		192		192	005000
		320		320	000050
		448		448	
	396	134	395	139	ff7f00
draw	178	229	216	268	/sprites/1036.SMIV/0
	366	237	375	246	/sprites/521.SMIV/22
	364	195	368	198	/sprites/507.SMIV/1
	360	202	361	203	/sprites/513.SMIV/14
	364		366		/sprites/513.SMIV/11
	385	164	391	168	/sprites/584.SMIV/1
	358	180	363	184	/sprites/517.SMIV/1
	354	188	372	204	/sprites/504.SMIV/2
	360	191	367	197	/sprites/541.SMIV/4
line	266	69	266	84	489048
			279	76	
		84			204020
draw	0	0	128	480	/pictures/501.png
	608		640		/pictures/512.png
tint	102	159	110	172	ff7f00	/font/5001/30
	108		116			
	114		122			/font/5001/35
line	614	421	614	359	00488f
		359	622		
	622			421	002850
		421	614		
rect	615	360	622	421	003870
line	614	456	614	422	007fff
		422	622		
	622			456	00488f
		456	614		
rect	615	423	622	456	0070e0
line	614	232	614	231	909048
		231	622		
	622			232	505028
		232	614		
	614	328		233	ffff7f
		233	622		
	622			328	909048
		328	614		
rect	615	234	622	328	e0e070
line	614	149	614	103	904848
		103	622		
	622			149	502828
		149	614		
rect	615	104	622	149	703838
line	614	200	614	150	ff7f7f
		150	622		
	622			200	904848
		200	614		
rect	615	151	622	200	e07070
	634	49	636	52	7fff7f
		53		56	60c060
		57		60	
		61		64	
		65		68	
		69		72	7fff7f
		73		76	60c060
		77		80	
		81		84	
		85		88	
		89		92	7fff7f
		93		96	60c060
		97		100	
		101		104	
		105		108	
		109		112	7fff7f
		113		116	60c060
		117		120	
		121		124	
		125		128	
		129		132	7fff7f
		133		136	60c060
		137		140	
		141		144	
		145		148	
		149		152	183018
		153		156	
		157		160	
		161		164	
		165		168	
		169		172	
		173		176	
		177		180	
		181		184	
		185		188	
		189		192	
		193		196	
		197		200	
		201		204	
		205		208	
		209		212	
		213		216	
		217		220	
		221		224	
		225		228	
		229		232	
		233		236	
		237		240	
		241		244	
		245		248	
		249		252	
		253		256	
		257		260	
		261		264	
		265		268	
		269		272	
		273		276	
		277		280	
		281		284	
		285		288	
		289		292	
		293		296	
		297		300	
		301		304	
		305		308	
		309		312	
		313		316	
		317		320	
		321		324	
		325		328	
		329		332	
		333		336	
		337		340	
		341		344	
		345		348	
		349		352	
		353		356	
		357		360	
		361		364	
		365		368	
		369		372	
		373		376	
		377		380	
		381		384	
		385		388	
		389		392	
		393		396	
		397		400	
		401		404	
		405		408	
		409		412	
		413		416	
		417		420	
		421		424	
		425		428	
		429		432	
		433		436	
		437		440	
		441		444	
		445		448	
	621	52	631	56	303000
		57		61	
		62		66	
		67		71	
		72		76	
		77		81	
		82		86	
	7	7	115	115	00ff00
	8	8	114	114	001000
	42	42	80	80	003000
point	48	60	006000
	61	58	
		60	
	56	51	
	61	52	
		56	
		57	
		56	
rect	12	320	121	440	001000
line	12	330	119	330	009000
tint	15	320	23	333	00ff00	/font/5001/4d
	21		29			/font/5001/41
	27		35			/font/5001/49
	33		41			/font/5001/4e
	39		47			/font/5001/20
	45		53			/font/5001/4d
	51		59			/font/5001/45
	57		65			/font/5001/4e
	63		71			/font/5001/55
line	12	343	12	332	009000
		332	120		
	120			343	005000
		343	12		
rect	13	333	120	343	007000
tint	15	332	23	345	00ff00	/font/5001/3c
	21		29			/font/5001/42
	27		35			/font/5001/75
	33		41			/font/5001/69
	39		47			/font/5001/6c
	45		53			/font/5001/64
	51		59			/font/5001/3e
	15	344	23	357		/font/5001/3c
	21		29			/font/5001/53
	27		35			/font/5001/70
	33		41			/font/5001/65
	39		47			/font/5001/63
	45		53			/font/5001/69
	51		59			/font/5001/61
	57		65			/font/5001/6c
	63		71			/font/5001/20
	69		77			/font/5001/4f
	75		83			/font/5001/72
	81		89			/font/5001/64
	87		95			/font/5001/65
	93		101			/font/5001/72
	99		107			/font/5001/73
	105		113			/font/5001/3e
	15	356	23	369		/font/5001/3c
	21		29			/font/5001/4d
	27		35			/font/5001/65
	33		41			/font/5001/73
	39		47			
	45		53			/font/5001/61
	51		59			/font/5001/67
	57		65			/font/5001/65
	63		71			/font/5001/3e
	15	368	23	381		/font/5001/3c
	21		29			/font/5001/4d
	27		35			/font/5001/69
	33		41			/font/5001/73
	39		47			
	45		53			/font/5001/69
	51		59			/font/5001/6f
	57		65			/font/5001/6e
	63		71			/font/5001/20
	69		77			/font/5001/53
	75		83			/font/5001/74
	81		89			/font/5001/61
	87		95			/font/5001/74
	93		101			/font/5001/75
	99		107			/font/5001/73
	105		113			/font/5001/3e
line	12	438	119	438	009000
rect	16	450	114	475	001010
line	17	461	17	450	00c0c0
		450	43		
	43			461	007070
		461	17		
rect	18	451	43	461	009090
tint	19	450	27	463	00ffff	/font/5001/52
	25		33			/font/5001/47
	31		39			/font/5001/48
	37		45			/font/5001/54
	43		51			/font/5001/20
	49		57			/font/5001/53
	55		63			/font/5001/65
	61		69			/font/5001/6c
	67		75			/font/5001/65
	73		81			/font/5001/63
	79		87			/font/5001/74
rect	12	180	120	192	000000
line	12	191	12	180	ffff00
		180	119		
	119			191	909000
		191	12		
rect	13	181	119	191	c0c000
tint	15	180	23	193	000000	/font/5001/43
	21		29			/font/5001/4f
	27		35			/font/5001/4e
	33		41			/font/5001/54
	39		47			/font/5001/52
	45		53			/font/5001/4f
	51		59			/font/5001/4c
rect	12	192	120	204	000000
	14	204	36	226	
line	14	204	35	204	489048
			14	205	
	35		35		
	14	225		225	
			14	224	
	35		35		
rect	40	204	51	226	000000
	53		64		
	69		120	216	
		216		228	
		192		204	
	12	228		240	
		252		264	
line	12	263	12	252	007fff
		252	119		
	119			263	00488f
		263	12		
rect	13	253	119	263	0060c0
tint	15	252	23	265	000000	/font/5001/54
	21		29			/font/5001/41
	27		35			/font/5001/52
	33		41			/font/5001/47
	39		47			/font/5001/45
	45		53			/font/5001/54
rect	12	264	120	276	000000
	14	276	36	298	
line	14	276	35	276	489048
			14	277	
	35		35		
	14	297		297	
			14	296	
	35		35		
rect	40	276	51	298	000000
	53		64		
	69		120	288	
		288		300	
		264		276	
	12	300		312	
