point	503	216	d0d0d0
	232	36	808080
	174	405	b0b0b0
	523	49	d0d0d0
	303	420	808080
	511	9	
	486	124	
	319	41	
	268	461	d0d0d0
	541	397	808080
	434	84	d0d0d0
	451	140	808080
	552	304	
	371	274	b0b0b0
	219	343	
	131	24	808080
	252	113	
	469	249	d0d0d0
	158	170	
	229	195	
	267	339	b0b0b0
	371	240	808080
	531	441	b0b0b0
	230	150	808080
	477	234	
	595	32	
	488	50	b0b0b0
	282	415	808080
	308	44	b0b0b0
	214	50	
	248	205	808080
	278	427	
	158	60	b0b0b0
	596	86	d0d0d0
	302	195	
	487	356	808080
	417	239	b0b0b0
	327	139	808080
	246	464	
	296	315	
	508	109	
	320	310	b0b0b0
	332	252	808080
	327	225	
	369	479	
	188	16	
	180	288	b0b0b0
	162	190	
	149	177	808080
	138	334	
	542	54	d0d0d0
	566	28	b0b0b0
	528	169	808080
	536	464	
	376	381	b0b0b0
	523	59	d0d0d0
	157	280	808080
	509	29	b0b0b0
	516	285	808080
	552	261	
	458	81	
	197	306	
	482	413	
	242	195	
	310	99	d0d0d0
	505	346	808080
	433	80	d0d0d0
	603	422	808080
	235	230	
	157	155	b0b0b0
	389	50	808080
	487	259	b0b0b0
	528	183	808080
	563	301	d0d0d0
	600	24	
	220	202	808080
	490	148	d0d0d0
	378	22	808080
	552	426	
	571	274	d0d0d0
	414	215	808080
	381	31	b0b0b0
	157	258	808080
	177	239	b0b0b0
	355	190	808080
	260	243	b0b0b0
	387	238	
	455	43	
	444	96	
	592	438	808080
	443	287	b0b0b0
	579	46	808080
	555	274	b0b0b0
	505	180	d0d0d0
	243	229	808080
	297	194	
	450	212	b0b0b0
	162	18	808080
	241	175	b0b0b0
	300	28	808080
	229	360	
	474	477	d0d0d0
	316	28	808080
	272	166	
	219	364	d0d0d0
	399	6	808080
	362	417	
	581	437	d0d0d0
	268	134	808080
	219	436	
	496	447	
	203	386	
	297	165	
	579	479	d0d0d0
	432	416	808080
	174	238	
	140	237	
	150	289	
	359	315	b0b0b0
	200	40	
	335	155	d0d0d0
	336	163	808080
	472	437	b0b0b0
	408	397	
	162	0	808080
line	217	0	217	480	005000
	345		345		
	473		473		
	601		601		
	128	18	608	18	
		146		146	
		274		274	
		402		402	
rect	361	235	377	251	900000
triangle	364	236	372	244	00c000
diamond	331	278	347	294	0060c0
	268	191	284	207	
	257	163	273	179	
	227	121	243	137	
	231	127	247	143	
	256	164	272	180	
	277	192	293	208	
	314	251	330	267	
	253	170	269	186	
	299	224	315	240	
	280	199	296	215	
rect	370	243	372	245	c00000
	372		374		
diamond	315	260	331	276	0060c0
	306	235	322	251	
line	290	423	302	414	489048
			289	408	
	302	414			204020
draw	0	0	128	480	/pictures/501.png
	608		640		/pictures/512.png
crop	102	159	108	171	0	36	ff7f00	/fonts/computer
	108		114					
	114		120		40			
line	614	420	614	359	00488f
		359	622		
	622			420	002850
		420	614		
rect	615	360	622	420	003870
line	614	456	614	421	007fff
		421	622		
	622			456	00488f
		456	614		
rect	615	422	622	456	0070e0
line	614	232	614	231	909048
		231	622		
	622			232	505028
		232	614		
	614	328		233	ffff7f
		233	622		
	622			328	909048
		328	614		
rect	615	234	622	328	e0e070
line	614	148	614	103	904848
		103	622		
	622			148	502828
		148	614		
rect	615	104	622	148	703838
line	614	200	614	149	ff7f7f
		149	622		
	622			200	904848
		200	614		
rect	615	150	622	200	e07070
	634	49	636	52	7fff7f
		53		56	60c060
		57		60	
		61		64	
		65		68	
		69		72	7fff7f
		73		76	60c060
		77		80	
		81		84	
		85		88	
		89		92	7fff7f
		93		96	60c060
		97		100	
		101		104	
		105		108	
		109		112	7fff7f
		113		116	60c060
		117		120	
		121		124	
		125		128	
		129		132	7fff7f
		133		136	60c060
		137		140	
		141		144	
		145		148	
		149		152	183018
		153		156	
		157		160	
		161		164	
		165		168	
		169		172	
		173		176	
		177		180	
		181		184	
		185		188	
		189		192	
		193		196	
		197		200	
		201		204	
		205		208	
		209		212	
		213		216	
		217		220	
		221		224	
		225		228	
		229		232	
		233		236	
		237		240	
		241		244	
		245		248	
		249		252	
		253		256	
		257		260	
		261		264	
		265		268	
		269		272	
		273		276	
		277		280	
		281		284	
		285		288	
		289		292	
		293		296	
		297		300	
		301		304	
		305		308	
		309		312	
		313		316	
		317		320	
		321		324	
		325		328	
		329		332	
		333		336	
		337		340	
		341		344	
		345		348	
		349		352	
		353		356	
		357		360	
		361		364	
		365		368	
		369		372	
		373		376	
		377		380	
		381		384	
		385		388	
		389		392	
		393		396	
		397		400	
		401		404	
		405		408	
		409		412	
		413		416	
		417		420	
		421		424	
		425		428	
		429		432	
		433		436	
		437		440	
		441		444	
		445		448	
	621	52	631	56	303000
		57		61	
		62		66	
		67		71	
		72		76	
		77		81	
		82		86	
	7	7	115	115	00ff00
	8	8	114	114	001000
					003000
point	69	76	006000
	78	81	
	85	82	
rect	12	320	121	440	001000
line	12	330	119	330	009000
crop	15	320	21	332	104	48	00ff00	/fonts/computer
	21		27		8			
	27		33		72			
	33		39		112			
	39		45		0	24		
	45		51		104	48		
	51		57		40			
	57		63		112			
	63		69		40	60		
line	12	343	12	332	009000
		332	120		
	120			343	005000
		343	12		
rect	13	333	120	343	007000
crop	15	332	21	344	96	36	00ff00	/fonts/computer
	21		27		16	48		
	27		33		40	84		
	33		39		72	72		
	39		45		96			
	45		51		32			
	51		57		112	36		
	15	344	21	356	96			
	21		27		24	60		
	27		33		0	84		
	33		39		40	72		
	39		45		24			
	45		51		72			
	51		57		8			
	57		63		96			
	63		69		0	24		
	69		75		120	48		
	75		81		16	84		
	81		87		32	72		
	87		93		40			
	93		99		16	84		
	99		105		24			
	105		111		112	36		
	15	356	21	368	96			
	21		27		104	48		
	27		33		40	72		
	33		39		24	84		
	39		45					
	45		51		8	72		
	51		57		56			
	57		63		40			
	63		69		112	36		
	15	368	21	380	96			
	21		27		104	48		
	27		33		72	72		
	33		39		24	84		
	39		45					
	45		51		72	72		
	51		57		120			
	57		63		112			
	63		69		0	24		
	69		75		24	60		
	75		81		32	84		
	81		87		8	72		
	87		93		32	84		
	93		99		40			
	99		105		24			
	105		111		112	36		
line	12	438	119	438	009000
rect	16	450	114	475	001010
line	17	461	17	450	00c0c0
		450	43		
	43			461	007070
		461	17		
rect	18	451	43	461	009090
crop	19	450	25	462	16	60	00ffff	/fonts/computer
	25		31		56	48		
	31		37		64			
	37		43		32	60		
	43		49		0	24		
	49		55		24	60		
	55		61		40	72		
	61		67		96			
	67		73		40			
	73		79		24			
	79		85		32	84		
line	12	191	12	180	ffff00
		180	120		
	120			191	909000
		191	12		
rect	13	181	120	191	c0c000
crop	15	180	21	192	24	48	000000	/fonts/computer
	21		27		120			
	27		33		112			
	33		39		32	60		
	39		45		16			
	45		51		120	48		
	51		57		96			
line	14	204	35	204	489048
			14	205	
	35		35		
	14	225		225	
			14	224	
	35		35		
	12	263	12	252	007fff
		252	120		
	120			263	00488f
		263	12		
rect	13	253	120	263	0060c0
crop	15	252	21	264	32	60	000000	/fonts/computer
	21		27		8	48		
	27		33		16	60		
	33		39		56	48		
	39		45		40			
	45		51		32	60		
line	14	276	35	276	489048
			14	277	
	35		35		
	14	297		297	
			14	296	
	35		35		
