point	167	246	b0b0b0
	583	287	
	549	416	d0d0d0
	231	189	
	264	251	b0b0b0
	297	400	808080
	317	417	b0b0b0
	430	412	
	403	141	d0d0d0
	577	71	808080
	181	315	
	411	82	b0b0b0
	265	258	d0d0d0
	408	22	b0b0b0
	133	177	d0d0d0
	254	376	808080
	370	161	d0d0d0
	425	277	808080
	480	133	b0b0b0
	454	3	
	213	221	d0d0d0
	496	393	808080
	408	253	d0d0d0
	250	286	808080
	601	388	
	459	201	
	495	445	d0d0d0
	371	177	
	210	5	b0b0b0
	440	276	
	373	359	808080
	511	199	d0d0d0
	460	165	b0b0b0
	372	193	808080
	424	251	
	321	29	
	401	469	
	375	72	
	554	205	b0b0b0
	371	456	d0d0d0
	552	352	
	564	60	b0b0b0
	292	329	d0d0d0
	452	378	808080
	229	8	d0d0d0
	399	374	b0b0b0
	566	422	808080
	256	420	b0b0b0
	272	205	808080
	191	178	
	376	177	
	589	110	d0d0d0
	135	237	808080
	376	138	
	203	108	b0b0b0
	569	182	808080
	399	475	d0d0d0
	495	172	808080
	325	393	d0d0d0
	273	465	808080
	405	351	b0b0b0
	321	352	808080
	235	87	
	366	349	
	166	173	d0d0d0
	367	39	
	159	433	808080
	307	349	b0b0b0
	359	384	808080
	193	189	b0b0b0
	294	208	d0d0d0
	250	347	b0b0b0
	328	16	808080
	386	258	
	488	429	d0d0d0
	345	356	808080
	434	341	b0b0b0
	475	305	808080
	440	150	b0b0b0
	496	106	
	539	369	808080
	232	102	
	318	441	b0b0b0
	144	70	808080
	480	344	
	177	309	b0b0b0
	385	100	808080
	312	407	b0b0b0
	521	460	808080
	518	167	b0b0b0
	251	409	808080
	165	428	b0b0b0
	217	282	
	243	352	
	368	382	808080
	421	347	
	587	40	
	514	343	d0d0d0
	253	427	808080
	190	429	
	581	67	d0d0d0
	297	317	b0b0b0
	310	13	808080
	411	260	
	288	41	
	217	289	
	532	181	d0d0d0
	409	263	
	417	73	b0b0b0
	479	164	
	573	180	
	279	200	808080
	414	478	
	402	230	b0b0b0
	548	179	d0d0d0
	382	213	808080
	448	457	
	441	273	b0b0b0
	525	64	
	322	179	808080
	390	232	
	205	476	b0b0b0
	553	186	
	533	146	
	489	228	
rect	162	0	163	416	000050
	290		291		005000
	418		419		000050
	546		547		
	128	8	609	9	
		136		137	
		264		265	002850
		392		393	000050
draw	363	237	372	245	/sprites/521.SMIV/3
	396	73	407	84	/sprites/587.SMIV/22
	499	145	510	156	
	453	210	464	221	
	497	160	508	171	
	377	104	385	116	/sprites/587.SMIV/23
	399	60	410	71	/sprites/587.SMIV/22
	384	55	395	66	
	408	179	419	190	
	355	196	366	207	
	417	21	428	32	
	432	174	468	209	/sprites/649.SMIV/22
	485	322	495	328	/sprites/650.SMIV/20
	529	413	543	423	/sprites/652.SMIV/21
	492	195	497	199	/sprites/651.SMIV/22
	507	236	521	246	/sprites/652.SMIV/21
dither	446	202	501	219	303000
crop	450	206	457	217	24	44	000000	/fonts/tactical
	457		464		8	66		
	464		471		16	77		
	471		478					
	478		485		72	66		
	485		492		40			
	492		499		16	77		
	449	205	456	216	24	44	ffff00	
	456		463		8	66		
	463		470		16	77		
	470		477					
	477		484		72	66		
	484		491		40			
	491		498		16	77		
dither	446	172	501	189	001830
crop	450	176	457	187	24	44	000000	/fonts/tactical
	457		464		8	66		
	464		471		16	77		
	471		478					
	478		485		72	66		
	485		492		40			
	492		499		16	77		
	449	175	456	186	24	44	007fff	
	456		463		8	66		
	463		470		16	77		
	470		477					
	477		484		72	66		
	484		491		40			
	491		498		16	77		
rect	128	415	608	480	007fff
		416		479	000810
	132	420	139	431	007fff
	139		146		
	146		153		
	153		160		
	160		167		
	167		174		
	174		181		
	181		188		
	188		195		
	195		202		
	202		209		
	209		216		
	216		223		
	223		230		
	230		237		
	237		244		
	244		251		
	251		258		
	258		265		
	265		272		
	272		279		
	279		286		
	286		293		
	293		300		000810
	300		307		
	307		314		
	314		321		
	321		328		
	328		335		
	335		342		
	342		349		
	349		356		
	356		363		
	363		370		
	370		377		
	377		384		
	384		391		
	391		398		
	398		405		
	405		412		
	412		419		
	419		426		
	426		433		
	433		440		
	440		447		
	447		454		
	454		461		
	461		604		
	132	431	139	442	
	139		146		
	146		153		
	153		160		
	160		167		
	167		174		
	174		181		
	181		188		
	188		195		
	195		202		
	202		209		
	209		216		
	216		223		
	223		230		
	230		237		
	237		244		
	244		251		
	251		258		
	258		265		
	265		272		
	272		604		
	132	442	139	453	
	139		146		
	146		153		
	153		160		
	160		167		
	167		174		
	174		181		
	181		188		
	188		195		
	195		202		
	202		209		
	209		216		
	216		223		
	223		230		
	230		237		
	237		244		
	244		251		
	251		258		
	258		265		
	265		272		
	272		279		
	279		286		
	286		293		
	293		300		
	300		307		
	307		314		
	314		321		
	321		328		
	328		335		
	335		342		
	342		349		
	349		356		
	356		363		
	363		370		
	370		377		
	377		384		
	384		391		
	391		398		
	398		405		
	405		412		
	412		419		
	419		426		
	426		433		
	433		440		
	440		447		
	447		454		
	454		461		
	461		468		
	468		475		
	475		482		
	482		489		
	489		496		
	496		503		
	503		510		
	510		517		
	517		524		
	524		531		
	531		538		
	538		545		
	545		552		
	552		559		
	559		566		
	566		573		
	573		580		
	580		587		
	132	453	139	464	
	139		146		
	146		153		
	153		160		
	160		167		
	167		174		
	174		181		
	181		188		
	188		195		
	195		202		
	202		209		
	209		216		
	216		223		
	223		230		
	230		237		
	237		244		
	244		251		
	251		258		
	258		265		
	265		272		
	272		279		
	279		286		
	286		293		
	293		300		
	300		307		
	307		314		
	314		321		
	321		328		
	328		335		
	335		342		
	342		349		
	349		356		
	356		363		
	363		370		
	370		377		
	377		384		
	384		391		
	391		398		
	398		405		
	405		412		
	412		419		
	419		426		
	426		433		
	433		440		
	440		447		
	447		454		
	454		461		
	461		468		
	468		475		
	475		482		
	482		489		
	489		496		
	496		503		
	503		510		
	510		517		
	517		524		
	524		531		
	531		538		
	538		545		
	545		552		
	552		559		
	132	464	139	475	
	139		146		
	146		153		
	153		160		
	160		167		
	167		174		
	174		181		
	181		188		
	188		195		
	195		202		
	202		209		
	209		216		
	216		223		
	223		230		
	230		237		
	237		244		
	244		251		
	251		258		
	258		265		
	265		272		
	272		279		
	279		286		
	286		293		
	293		300		
	300		307		
	307		314		
	314		321		
	321		328		
	328		335		
	335		342		
	342		349		
	349		356		
	356		363		
	363		370		
	370		377		
	377		384		
	384		391		
	391		398		
	398		405		
	405		412		
	412		419		
	419		426		
	426		433		007fff
	433		440		
	440		447		
	447		454		
	454		461		
	461		468		000810
	468		604		
crop	139	420	146	431	72	44	000810	/fonts/tactical
	146		153		112			
	153		160		24			
	160		167		120			
	167		174		104			
	174		181		72			
	181		188		112			
	188		195		56			
	202		209		32	55		
	209		216		16			
	216		223		8	44		
	223		230		112			
	230		237		24	55		
	237		244		104	44		
	244		251		72			
	251		258		24	55		
	258		265					
	265		272		72	44		
	272		279		120			
	279		286		112			
	300		307				007fff	
	307		314		120			
	321		328		88			
	328		335		40			
	335		342		72	55		
	349		356		104	22		
	363		370		112	44		
	370		377		56	55		
	377		384		16	33		
	391		398			44		
	398		405			55		
	405		412		120	44		
	412		419		8			
	419		426		32			
	433		440		16			
	440		447		40			
	447		454		8			
	454		461		104			
	132	431	139	442	24	55		
	139		146		120	44		
	146		153		40	55		
	153		160		16			
	160		167		24	44		
	167		174		40			
	174		181		80	33		
	188		195		40	55		
	195		202		112	44		
	202		209		24	55		
	216		223		104	44		
	223		230		40	77		
	230		237		24			
	237		244		56	66		
	244		251		16	77		
	251		258		8	66		
	258		265		48	77		
	265		272		40	66		
	132	442	139	453		55		
	139		146		112	66		
	146		153		16			
	153		160		40			
	160		167		96			
	167		174		72			
	174		181		40			
	181		188		48	77		
	188		195		8	66		
	195		202		16			
	202		209		96			
	209		216		40			
	216		223		112	22		
	230		237		56	55		
	237		244		40	66		
	244		251			143		
	251		258		16	77		
	258		265		40	66		
	272		279		8			
	279		286		16			
	286		293		120			
	293		300		40	77		
	300		307		32			
	314		321					
	321		328		120	66		
	335		342		24			
	342		349		120			
	349		356		104			
	356		363		40			
	370		377		72			
	377		384		112			
	384		391		32	77		
	391		398		120	66		
	405		412		24	55		
	412		419		120	66		
	419		426		96			
	433		440		32	77		
	440		447		64	66		
	447		454		16	77		
	454		461		120	66		
	461		468		40	77		
	468		475		56	66		
	475		482		64			
	489		496		32	77		
	496		503		64	66		
	503		510		8			
	510		517		112			
	517		524		88			
	524		531		24	77		
	538		545		32			
	545		552		120	66		
	559		566		32	77		
	566		573		64	66		
	573		580		40			
	132	453	139	464	72	44		
	139		146		24	77		
	146		153		64	66		
	153		160		72			
	160		167		104			
	167		174		8			
	174		181		112			
	188		195		56			
	195		202		8			
	202		209		32	77		
	209		216		40	66		
	216		223		24	77		
	223		230		64	66		
	230		237		72			
	237		244		0	77		
	244		251		96	22		
	258		265		8	66		
	265		272		112			
	272		279		32			
	286		293		72	44		
	300		307		24	66		
	307		314		8			
	314		321		112			
	321		328		40	143		
	328		335		32	77		
	342		349		16	66		
	349		356		40			
	356		363		96			
	363		370		72			
	370		377		40			
	377		384		48	77		
	384		391		40	66		
	398		405		120			
	405		412		40	77		
	412		419		16			
	426		433		24			
	433		440		40	66		
	440		447		112			
	447		454		24	77		
	454		461		120	66		
	461		468		16	77		
	468		475		24			
	475		482		8	22		
	489		496		56	55		
	496		503		40	66		
	503		510			143		
	510		517		16	77		
	517		524		40	66		
	531		538		112			
	538		545		120			
	545		552		32	77		
	132	464	139	475	0			
	139		146		72	66		
	146		153		24			
	153		160		88			
	160		167		72			
	167		174		112			
	174		181		56			
	188		195		40	77		
	195		202		0			
	209		216		8	66		
	216		223		112			
	223		230		72	77		
	237		244		64	66		
	244		251		120			
	251		258		24	77		
	258		265		32			
	265		272		72	66		
	272		279		96			
	279		286		40			
	293		300		24	77		
	300		307		64	66		
	307		314		72			
	314		321		0	77		
	321		328		24			
	328		335		112	22		
	342		349		72	55		
	349		356		120	66		
	356		363		40	77		
	370		377		32	66		
	377		384		72			
	384		391		32			
	398		405		72			
	405		412		32	77		
	412		419		8	22		
	426		433		96	33	000810	
	433		440		40	44		
	440		447		120			
	447		454		32	55		
	454		461		112	33		
line	514	105	499	108	489048
			510	120	
	499	108			204020
draw	0	0	128	480	/pictures/501.png
	608		640		/pictures/512.png
crop	102	159	108	171	0	36	ff7f00	/fonts/computer
	108		114					
	114		120		40			
rect	614	359	615	411	00488f
			623	360	
	622			411	002850
	614	410			
	615	360	622	410	003870
	614	411	615	457	007fff
			623	412	
	622			457	00488f
	614	456			
	615	412	622	456	0070e0
	614	231	615	232	909048
			623		
	622				505028
	614				
		232	615	329	ffff7f
			623	233	
	622			329	909048
	614	328			
	615	233	622	328	e0e070
	614	103	615	159	904848
			623	104	
	622			159	502828
	614	158			
	615	104	622	158	703838
	614	159	615	201	ff7f7f
			623	160	
	622			201	904848
	614	200			
	615	160	622	200	e07070
	634	49	636	52	7fff7f
		53		56	60c060
		57		60	
		61		64	
		65		68	
		69		72	7fff7f
		73		76	60c060
		77		80	
		81		84	
		85		88	
		89		92	7fff7f
		93		96	60c060
		97		100	
		101		104	
		105		108	
		109		112	7fff7f
		113		116	60c060
		117		120	
		121		124	
		125		128	
		129		132	7fff7f
		133		136	60c060
		137		140	
		141		144	
		145		148	
		149		152	183018
		153		156	
		157		160	
		161		164	
		165		168	
		169		172	
		173		176	
		177		180	
		181		184	
		185		188	
		189		192	
		193		196	
		197		200	
		201		204	
		205		208	
		209		212	
		213		216	
		217		220	
		221		224	
		225		228	
		229		232	
		233		236	
		237		240	
		241		244	
		245		248	
		249		252	
		253		256	
		257		260	
		261		264	
		265		268	
		269		272	
		273		276	
		277		280	
		281		284	
		285		288	
		289		292	
		293		296	
		297		300	
		301		304	
		305		308	
		309		312	
		313		316	
		317		320	
		321		324	
		325		328	
		329		332	
		333		336	
		337		340	
		341		344	
		345		348	
		349		352	
		353		356	
		357		360	
		361		364	
		365		368	
		369		372	
		373		376	
		377		380	
		381		384	
		385		388	
		389		392	
		393		396	
		397		400	
		401		404	
		405		408	
		409		412	
		413		416	
		417		420	
		421		424	
		425		428	
		429		432	
		433		436	
		437		440	
		441		444	
		445		448	
	621	52	631	56	303000
		57		61	
		62		66	
		67		71	
		72		76	
		77		81	
		82		86	
	7	7	115	115	00ff00
	8	8	114	114	001000
	42	42	80	80	003000
point	63	51	006000
	71	56	
	68	61	
	71	58	
	62	53	
	63	50	
	62	49	
	64	59	
	61	61	
	65	47	
	110	111	
	79	102	
	67	60	
	84	107	
	71	69	
	75	77	
	82	105	
	84	111	
	71	60	
	81	108	
	72	63	
rect	12	320	121	440	001000
		330	120	331	009000
		332	13	344	
			121	333	
	120			344	005000
	12	343			
	13	333	120	343	007000
	12	438		439	009000
	16	450	114	475	001010
	17		18	462	00c0c0
			44	451	
	43			462	007070
	17	461			
	18	451	43	461	009090
crop	15	320	21	332	104	48	00ff00	/fonts/computer
	21		27		8			
	27		33		72			
	33		39		112			
	39		45		0	24		
	45		51		104	48		
	51		57		40			
	57		63		112			
	63		69		40	60		
	15	332	21	344	96	36		
	21		27		16	48		
	27		33		40	84		
	33		39		72	72		
	39		45		96			
	45		51		32			
	51		57		112	36		
	15	344	21	356	96			
	21		27		24	60		
	27		33		0	84		
	33		39		40	72		
	39		45		24			
	45		51		72			
	51		57		8			
	57		63		96			
	63		69		0	24		
	69		75		120	48		
	75		81		16	84		
	81		87		32	72		
	87		93		40			
	93		99		16	84		
	99		105		24			
	105		111		112	36		
	15	356	21	368	96			
	21		27		104	48		
	27		33		40	72		
	33		39		24	84		
	39		45					
	45		51		8	72		
	51		57		56			
	57		63		40			
	63		69		112	36		
	15	368	21	380	96			
	21		27		104	48		
	27		33		72	72		
	33		39		24	84		
	39		45					
	45		51		72	72		
	51		57		120			
	57		63		112			
	63		69		0	24		
	69		75		24	60		
	75		81		32	84		
	81		87		8	72		
	87		93		32	84		
	93		99		40			
	99		105		24			
	105		111		112	36		
	19	450	25	462	16	60	00ffff	
	25		31		56	48		
	31		37		64			
	37		43		32	60		
	43		49		0	24		
	49		55		24	60		
	55		61		40	72		
	61		67		96			
	67		73		40			
	73		79		24			
	79		85		32	84		
rect	12	180	13	192	ffff00
			121	181	
	120			192	909000
	12	191			
	13	181	120	191	c0c000
crop	15	180	21	192	24	48	000000	/fonts/computer
	21		27		120			
	27		33		112			
	33		39		32	60		
	39		45		16			
	45		51		120	48		
	51		57		96			
	15	192	21	204	24		7fff7f	
	21		27		8			
	27		33		16	60		
	33		39					
	39		45		72	48		
	45		51		40			
	51		57		16	60		
draw	21	206	29	224	/sprites/649.SMIV/0
rect	14	204	36	205	489048
			15	206	
	35		36		
	14	225		226	
		224	15		
	35		36		
	42	206	49	206	003870
				224	0060c0
	40	204	51	205	00488f
			41	206	
	50		51		
	40	225		226	
		224	41		
	50		51		
	55	206	62	206	707000
				224	c0c000
	53	204	64	205	909000
			54	206	
	63		64		
	53	225		226	
		224	54		
	63		64		
crop	69	204	75	216	96	48	7fff7f	/fonts/computer
	75		81		24	60		
	81		87		16			
	87		93		32			
	93		99		40			
	99		105		16			
	105		111					
	111		117		32			
	69	216	75	228	104	48		
	75		81		56			
	81		87		112			
	87		93		32	60		
	93		99		120	48		
	99		105		0	60		
	105		111		96	48		
	111		117		24	60		
	69	192	75	204	96	48		
	75		81		112			
	81		87		24			
	87		93		64			
	93		99		16			
	99		105		8			
	105		111		72	60		
	12	228	18	240	32		00ff00	
	18		24		16	84		
	24		30		8	72		
	30		36		112			
	36		42		24	84		
	42		48		0			
	48		54		120	72		
	54		60		16	84		
	60		66		32			
rect	12	252	13	264	007fff
			121	253	
	120			264	00488f
	12	263			
	13	253	120	263	0060c0
crop	15	252	21	264	32	60	000000	/fonts/computer
	21		27		8	48		
	27		33		16	60		
	33		39		56	48		
	39		45		40			
	45		51		32	60		
	15	264	21	276			7fff7f	
	21		27		16			
	27		33		8	48		
	33		39		112			
	39		45		24	60		
	45		51		0			
	51		57		16			
	57		63		32			
draw	20	278	30	296	/sprites/587.SMIV/0
rect	14	276	36	277	489048
			15	278	
	35		36		
	14	297		298	
		296	15		
	35		36		
	42	278	49	278	003870
				296	0060c0
	40	276	51	277	00488f
			41	278	
	50		51		
	40	297		298	
		296	41		
	50		51		
	55	278	62	278	707000
				296	c0c000
	53	276	64	277	909000
			54	278	
	63		64		
	53	297		298	
		296	54		
	63		64		
crop	12	300	18	312	40	48	ff0000	/fonts/computer
	18		24		8	72		
	24		30		16	84		
	30		36		32			
	36		42		64	72		
