point	146	461	d0d0d0
	216	19	808080
	350	357	
	202	5	b0b0b0
	264	235	808080
	312	415	b0b0b0
	254	449	808080
	590	344	
	151	331	
	419	305	d0d0d0
	480	223	808080
	286	246	d0d0d0
	423	278	808080
	452	82	
	274	135	b0b0b0
	407	97	808080
	408	228	
	388	369	d0d0d0
	236	157	808080
	198	265	b0b0b0
	405	388	
	288	301	808080
	606	275	
	312	290	b0b0b0
	437	296	808080
	460	108	
	197	197	b0b0b0
	523	355	
	587	109	
	324	252	808080
	142	156	
	129	20	
	268	268	b0b0b0
	132	183	
	170	218	808080
	452	417	
	521	92	d0d0d0
	506	459	808080
	272	420	b0b0b0
	184	113	d0d0d0
	243	127	b0b0b0
	180	214	808080
	477	314	
	218	381	d0d0d0
	175	387	b0b0b0
	142	216	808080
	209	412	b0b0b0
	459	348	808080
	423	112	
	386	128	b0b0b0
	337	170	d0d0d0
	250	448	808080
	267	287	
	259	91	d0d0d0
	289	210	b0b0b0
	573	80	808080
	168	382	
	398	80	
	176	328	b0b0b0
	297	80	
	497	452	
	440	390	
	367	475	808080
	425	385	b0b0b0
	250	7	808080
	161	234	d0d0d0
	575	101	808080
	183	474	
	385	9	b0b0b0
	449	291	
	572	378	
	365	64	d0d0d0
	292	82	808080
	258	166	
	419	364	
	591	24	
	379	111	d0d0d0
	577	319	b0b0b0
	345	169	808080
	542	127	
	582	63	
	316	19	d0d0d0
	485	363	808080
	318	73	
	274	190	
	182	309	d0d0d0
	414	8	808080
	314	340	
	447	367	
	272	440	d0d0d0
	232	13	808080
	511	354	
	166	257	
	459	454	b0b0b0
	468	77	
	208	434	
	221	252	
	599	479	
	328	335	808080
	331	18	
	311	317	d0d0d0
	253	416	b0b0b0
	293	106	808080
	180	345	
	419	429	
	257	8	b0b0b0
	531	124	808080
	500	280	
	418	175	b0b0b0
	362	355	d0d0d0
	600	266	b0b0b0
	411	215	d0d0d0
	551	386	808080
	420	443	d0d0d0
	327	312	b0b0b0
	458	121	808080
	418	186	b0b0b0
	131	319	808080
	532	105	b0b0b0
	165	87	808080
	315	140	
	378	386	
	271	477	b0b0b0
	209	225	808080
	408	220	
rect	172	0	173	415	000050
	300		301		
	428		429		
	556		557		005000
	128	20	608	21	002850
		148		149	000050
		276		277	
		404		405	
draw	366	237	375	246	/sprites/ish/hvc%22
	301	78	312	89	/sprites/uns/transport%22
	377	163	388	174	
	385	205	396	216	
	415	161	426	172	
	326	92	334	104	/sprites/uns/transport%23
	318	62	329	73	/sprites/uns/transport%22
	285	63	293	75	/sprites/uns/transport%23
	356	167	364	179	
	320	177	328	189	
	322	26	333	37	/sprites/uns/transport%22
	337	179	373	214	/sprites/uns/carrier%22
	365	296	371	304	/sprites/uns/cruiser%23
	362	287	374	298	/sprites/uns/gunship%22
	416	192	421	196	/sprites/uns/fighter%22
	380	251	392	262	/sprites/uns/gunship%22
dither	351	207	406	224	303000
crop	355	211	362	222	24	44	000000	/fonts/tactical.png
	362		369		8	66		
	369		376		16	77		
	376		383					
	383		390		72	66		
	390		397		40			
	397		404		16	77		
	354	210	361	221	24	44	ffff00	
	361		368		8	66		
	368		375		16	77		
	375		382					
	382		389		72	66		
	389		396		40			
	396		403		16	77		
dither	351	177	406	194	001830
crop	355	181	362	192	24	44	000000	/fonts/tactical.png
	362		369		8	66		
	369		376		16	77		
	376		383					
	383		390		72	66		
	390		397		40			
	397		404		16	77		
	354	180	361	191	24	44	007fff	
	361		368		8	66		
	368		375		16	77		
	375		382					
	382		389		72	66		
	389		396		40			
	396		403		16	77		
rect	128	415	608	480	007fff
		416		479	000810
	132	420	139	431	007fff
	139		146		
	146		153		
	153		160		
	160		167		
	167		174		
	174		181		
	181		188		
	188		195		
	195		202		
	202		209		
	209		216		
	216		223		
	223		230		
	230		237		
	237		244		
	244		251		
	251		258		
	258		265		
	265		272		
	272		279		
	279		286		
	286		293		
	293		300		000810
	300		307		
	307		314		
	314		321		
	321		328		
	328		335		
	335		342		
	342		349		
	349		356		
	356		363		
	363		370		
	370		377		
	377		384		
	384		391		
	391		398		
	398		405		
	405		412		
	412		419		
	419		426		
	426		433		
	433		440		
	440		447		
	447		454		
	454		461		
	461		604		
	132	431	139	442	
	139		146		
	146		153		
	153		160		
	160		167		
	167		174		
	174		181		
	181		188		
	188		195		
	195		202		
	202		209		
	209		216		
	216		223		
	223		230		
	230		237		
	237		244		
	244		251		
	251		258		
	258		265		
	265		272		
	272		604		
	132	442	139	453	
	139		146		
	146		153		
	153		160		
	160		167		
	167		174		
	174		181		
	181		188		
	188		195		
	195		202		
	202		209		
	209		216		
	216		223		
	223		230		
	230		237		
	237		244		
	244		251		
	251		258		
	258		265		
	265		272		
	272		279		
	279		286		
	286		293		
	293		300		
	300		307		
	307		314		
	314		321		
	321		328		
	328		335		
	335		342		
	342		349		
	349		356		
	356		363		
	363		370		
	370		377		
	377		384		
	384		391		
	391		398		
	398		405		
	405		412		
	412		419		
	419		426		
	426		433		
	433		440		
	440		447		
	447		454		
	454		461		
	461		468		
	468		475		
	475		482		
	482		489		
	489		496		
	496		503		
	503		510		
	510		517		
	517		524		
	524		531		
	531		538		
	538		545		
	545		552		
	552		559		
	559		566		
	566		573		
	573		580		
	580		587		
	132	453	139	464	
	139		146		
	146		153		
	153		160		
	160		167		
	167		174		
	174		181		
	181		188		
	188		195		
	195		202		
	202		209		
	209		216		
	216		223		
	223		230		
	230		237		
	237		244		
	244		251		
	251		258		
	258		265		
	265		272		
	272		279		
	279		286		
	286		293		
	293		300		
	300		307		
	307		314		
	314		321		
	321		328		
	328		335		
	335		342		
	342		349		
	349		356		
	356		363		
	363		370		
	370		377		
	377		384		
	384		391		
	391		398		
	398		405		
	405		412		
	412		419		
	419		426		
	426		433		
	433		440		
	440		447		
	447		454		
	454		461		
	461		468		
	468		475		
	475		482		
	482		489		
	489		496		
	496		503		
	503		510		
	510		517		
	517		524		
	524		531		
	531		538		
	538		545		
	545		552		
	552		559		
	132	464	139	475	
	139		146		
	146		153		
	153		160		
	160		167		
	167		174		
	174		181		
	181		188		
	188		195		
	195		202		
	202		209		
	209		216		
	216		223		
	223		230		
	230		237		
	237		244		
	244		251		
	251		258		
	258		265		
	265		272		
	272		279		
	279		286		
	286		293		
	293		300		
	300		307		
	307		314		
	314		321		
	321		328		
	328		335		
	335		342		
	342		349		
	349		356		
	356		363		
	363		370		
	370		377		
	377		384		
	384		391		
	391		398		
	398		405		
	405		412		
	412		419		
	419		426		
	426		433		007fff
	433		440		
	440		447		
	447		454		
	454		461		
	461		468		000810
	468		604		
crop	139	420	146	431	72	44	000810	/fonts/tactical.png
	146		153		112			
	153		160		24			
	160		167		120			
	167		174		104			
	174		181		72			
	181		188		112			
	188		195		56			
	202		209		32	55		
	209		216		16			
	216		223		8	44		
	223		230		112			
	230		237		24	55		
	237		244		104	44		
	244		251		72			
	251		258		24	55		
	258		265					
	265		272		72	44		
	272		279		120			
	279		286		112			
	300		307				007fff	
	307		314		120			
	321		328		88			
	328		335		40			
	335		342		72	55		
	349		356		104	22		
	363		370		112	44		
	370		377		56	55		
	377		384		16	33		
	391		398			44		
	398		405			55		
	405		412		120	44		
	412		419		8			
	419		426		32			
	433		440		16			
	440		447		40			
	447		454		8			
	454		461		104			
	132	431	139	442	24	55		
	139		146		120	44		
	146		153		40	55		
	153		160		16			
	160		167		24	44		
	167		174		40			
	174		181		80	33		
	188		195		40	55		
	195		202		112	44		
	202		209		24	55		
	216		223		104	44		
	223		230		40	77		
	230		237		24			
	237		244		56	66		
	244		251		16	77		
	251		258		8	66		
	258		265		48	77		
	265		272		40	66		
	132	442	139	453		55		
	139		146		112	66		
	146		153		16			
	153		160		40			
	160		167		96			
	167		174		72			
	174		181		40			
	181		188		48	77		
	188		195		8	66		
	195		202		16			
	202		209		96			
	209		216		40			
	216		223		112	22		
	230		237		56	55		
	237		244		40	66		
	244		251			143		
	251		258		16	77		
	258		265		40	66		
	272		279		8			
	279		286		16			
	286		293		120			
	293		300		40	77		
	300		307		32			
	314		321					
	321		328		120	66		
	335		342		24			
	342		349		120			
	349		356		104			
	356		363		40			
	370		377		72			
	377		384		112			
	384		391		32	77		
	391		398		120	66		
	405		412		24	55		
	412		419		120	66		
	419		426		96			
	433		440		32	77		
	440		447		64	66		
	447		454		16	77		
	454		461		120	66		
	461		468		40	77		
	468		475		56	66		
	475		482		64			
	489		496		32	77		
	496		503		64	66		
	503		510		8			
	510		517		112			
	517		524		88			
	524		531		24	77		
	538		545		32			
	545		552		120	66		
	559		566		32	77		
	566		573		64	66		
	573		580		40			
	132	453	139	464	72	44		
	139		146		24	77		
	146		153		64	66		
	153		160		72			
	160		167		104			
	167		174		8			
	174		181		112			
	188		195		56			
	195		202		8			
	202		209		32	77		
	209		216		40	66		
	216		223		24	77		
	223		230		64	66		
	230		237		72			
	237		244		0	77		
	244		251		96	22		
	258		265		8	66		
	265		272		112			
	272		279		32			
	286		293		72	44		
	300		307		24	66		
	307		314		8			
	314		321		112			
	321		328		40	143		
	328		335		32	77		
	342		349		16	66		
	349		356		40			
	356		363		96			
	363		370		72			
	370		377		40			
	377		384		48	77		
	384		391		40	66		
	398		405		120			
	405		412		40	77		
	412		419		16			
	426		433		24			
	433		440		40	66		
	440		447		112			
	447		454		24	77		
	454		461		120	66		
	461		468		16	77		
	468		475		24			
	475		482		8	22		
	489		496		56	55		
	496		503		40	66		
	503		510			143		
	510		517		16	77		
	517		524		40	66		
	531		538		112			
	538		545		120			
	545		552		32	77		
	132	464	139	475	0			
	139		146		72	66		
	146		153		24			
	153		160		88			
	160		167		72			
	167		174		112			
	174		181		56			
	188		195		40	77		
	195		202		0			
	209		216		8	66		
	216		223		112			
	223		230		72	77		
	237		244		64	66		
	244		251		120			
	251		258		24	77		
	258		265		32			
	265		272		72	66		
	272		279		96			
	279		286		40			
	293		300		24	77		
	300		307		64	66		
	307		314		72			
	314		321		0	77		
	321		328		24			
	328		335		112	22		
	342		349		72	55		
	349		356		120	66		
	356		363		40	77		
	370		377		32	66		
	377		384		72			
	384		391		32			
	398		405		72			
	405		412		32	77		
	412		419		8	22		
	426		433		96	33	000810	
	433		440		40	44		
	440		447		120			
	447		454		32	55		
	454		461		112	33		
line	284	59	283	74	489048
			297	68	
	283	74			204020
draw	0	-144	128	624	/pictures/gui/instruments/left.png
	608		640		/pictures/gui/instruments/right.png
crop	102	159	108	171	0	36	ff7f00	/fonts/computer.png
	108		114					
	114		120		40			
rect	614	359	615	408	00488f
			623	360	
	622			408	002850
	614	407			
	615	360	622	407	003870
	614	408	615	457	007fff
			623	409	
	622			457	00488f
	614	456			
	615	409	622	456	0070e0
	614	231	615	232	909048
			623		
	622				505028
	614				
		232	615	329	ffff7f
			623	233	
	622			329	909048
	614	328			
	615	233	622	328	e0e070
	614	103	615	161	904848
			623	104	
	622			161	502828
	614	160			
	615	104	622	160	703838
	614	161	615	201	ff7f7f
			623	162	
	622			201	904848
	614	200			
	615	162	622	200	e07070
	634	49	636	52	7fff7f
		53		56	60c060
		57		60	
		61		64	
		65		68	
		69		72	7fff7f
		73		76	60c060
		77		80	
		81		84	
		85		88	
		89		92	7fff7f
		93		96	60c060
		97		100	
		101		104	
		105		108	
		109		112	7fff7f
		113		116	60c060
		117		120	
		121		124	
		125		128	
		129		132	7fff7f
		133		136	60c060
		137		140	
		141		144	
		145		148	
		149		152	183018
		153		156	
		157		160	
		161		164	
		165		168	
		169		172	
		173		176	
		177		180	
		181		184	
		185		188	
		189		192	
		193		196	
		197		200	
		201		204	
		205		208	
		209		212	
		213		216	
		217		220	
		221		224	
		225		228	
		229		232	
		233		236	
		237		240	
		241		244	
		245		248	
		249		252	
		253		256	
		257		260	
		261		264	
		265		268	
		269		272	
		273		276	
		277		280	
		281		284	
		285		288	
		289		292	
		293		296	
		297		300	
		301		304	
		305		308	
		309		312	
		313		316	
		317		320	
		321		324	
		325		328	
		329		332	
		333		336	
		337		340	
		341		344	
		345		348	
		349		352	
		353		356	
		357		360	
		361		364	
		365		368	
		369		372	
		373		376	
		377		380	
		381		384	
		385		388	
		389		392	
		393		396	
		397		400	
		401		404	
		405		408	
		409		412	
		413		416	
		417		420	
		421		424	
		425		428	
		429		432	
		433		436	
		437		440	
		441		444	
		445		448	
	621	52	631	56	303000
		57		61	
		62		66	
		67		71	
		72		76	
		77		81	
		82		86	
	7	7	115	115	00ff00
	8	8	114	114	001000
	43	43	81	81	003000
point	57	49	006000
	62	56	
		59	
	65	56	
	58	50	
		48	
	55		
	61	56	
	58	57	
		45	
	80	97	
	60	58	
	82	103	
	61	65	
		64	
	78	101	
	83	107	
	65	58	
	82	103	
	62	62	
rect	12	320	121	440	001000
		330	120	331	009000
		332	13	344	
			121	333	
	120			344	005000
	12	343			
	13	333	120	343	007000
	12	438		439	009000
	16	450	114	475	001010
	17		18	462	00c0c0
			44	451	
	43			462	007070
	17	461			
	18	451	43	461	009090
crop	15	320	21	332	104	48	00ff00	/fonts/computer.png
	21		27		8			
	27		33		72			
	33		39		112			
	39		45		0	24		
	45		51		104	48		
	51		57		40			
	57		63		112			
	63		69		40	60		
	15	332	21	344	96	36		
	21		27		16	48		
	27		33		40	84		
	33		39		72	72		
	39		45		96			
	45		51		32			
	51		57		112	36		
	15	344	21	356	96			
	21		27		24	60		
	27		33		0	84		
	33		39		40	72		
	39		45		24			
	45		51		72			
	51		57		8			
	57		63		96			
	63		69		0	24		
	69		75		120	48		
	75		81		16	84		
	81		87		32	72		
	87		93		40			
	93		99		16	84		
	99		105		24			
	105		111		112	36		
	15	356	21	368	96			
	21		27		104	48		
	27		33		40	72		
	33		39		24	84		
	39		45					
	45		51		8	72		
	51		57		56			
	57		63		40			
	63		69		112	36		
	15	368	21	380	96			
	21		27		104	48		
	27		33		72	72		
	33		39		24	84		
	39		45					
	45		51		72	72		
	51		57		120			
	57		63		112			
	63		69		0	24		
	69		75		24	60		
	75		81		32	84		
	81		87		8	72		
	87		93		32	84		
	93		99		40			
	99		105		24			
	105		111		112	36		
	19	450	25	462	16	60	00ffff	
	25		31		56	48		
	31		37		64			
	37		43		32	60		
	43		49		0	24		
	49		55		24	60		
	55		61		40	72		
	61		67		96			
	67		73		40			
	73		79		24			
	79		85		32	84		
rect	12	180	13	192	ffff00
			121	181	
	120			192	909000
	12	191			
	13	181	120	191	c0c000
crop	15	180	21	192	24	48	000000	/fonts/computer.png
	21		27		120			
	27		33		112			
	33		39		32	60		
	39		45		16			
	45		51		120	48		
	51		57		96			
	15	192	21	204	24		7fff7f	
	21		27		8			
	27		33		16	60		
	33		39					
	39		45		72	48		
	45		51		40			
	51		57		16	60		
draw	21	206	29	224	/sprites/uns/carrier%0
rect	14	204	36	205	489048
			15	206	
	35		36		
	14	225		226	
		224	15		
	35		36		
	42	206	49	206	003870
				224	0060c0
	40	204	51	205	00488f
			41	206	
	50		51		
	40	225		226	
		224	41		
	50		51		
	55	206	62	206	707000
				224	c0c000
	53	204	64	205	909000
			54	206	
	63		64		
	53	225		226	
		224	54		
	63		64		
crop	69	204	75	216	96	48	7fff7f	/fonts/computer.png
	75		81		24	60		
	81		87		16			
	87		93		32			
	93		99		40			
	99		105		16			
	105		111					
	111		117		32			
	69	216	75	228	104	48		
	75		81		56			
	81		87		112			
	87		93		32	60		
	93		99		120	48		
	99		105		0	60		
	105		111		96	48		
	111		117		24	60		
	69	192	75	204	96	48		
	75		81		112			
	81		87		24			
	87		93		64			
	93		99		16			
	99		105		8			
	105		111		72	60		
	12	228	18	240	32		00ff00	
	18		24		16	84		
	24		30		8	72		
	30		36		112			
	36		42		24	84		
	42		48		0			
	48		54		120	72		
	54		60		16	84		
	60		66		32			
rect	12	252	13	264	007fff
			121	253	
	120			264	00488f
	12	263			
	13	253	120	263	0060c0
crop	15	252	21	264	32	60	000000	/fonts/computer.png
	21		27		8	48		
	27		33		16	60		
	33		39		56	48		
	39		45		40			
	45		51		32	60		
	15	264	21	276	24	48	7fff7f	
	21		27		8			
	27		33		16	60		
	33		39					
	39		45		72	48		
	45		51		40			
	51		57		16	60		
draw	21	278	29	296	/sprites/uns/carrier%0
rect	14	276	36	277	489048
			15	278	
	35		36		
	14	297		298	
		296	15		
	35		36		
	42	278	49	278	003870
				296	0060c0
	40	276	51	277	00488f
			41	278	
	50		51		
	40	297		298	
		296	41		
	50		51		
	55	278	62	278	707000
				296	c0c000
	53	276	64	277	909000
			54	278	
	63		64		
	53	297		298	
		296	54		
	63		64		
crop	69	276	75	288	96	48	7fff7f	/fonts/computer.png
	75		81		24	60		
	81		87		16			
	87		93		32			
	93		99		40			
	99		105		16			
	105		111					
	111		117		32			
	69	288	75	300	104	48		
	75		81		56			
	81		87		112			
	87		93		32	60		
	93		99		120	48		
	99		105		0	60		
	105		111		96	48		
	111		117		24	60		
	69	264	75	276	96	48		
	75		81		112			
	81		87		24			
	87		93		64			
	93		99		16			
	99		105		8			
	105		111		72	60		
	12	300	18	312	32		00ff00	
	18		24		16	84		
	24		30		8	72		
	30		36		112			
	36		42		24	84		
	42		48		0			
	48		54		120	72		
	54		60		16	84		
	60		66		32			
