point	455	240	808080
	318	268	
	256	254	d0d0d0
	354	380	b0b0b0
	262	4	808080
	448	413	d0d0d0
	153	168	
	211	382	808080
	450	202	d0d0d0
	162	444	b0b0b0
	581	472	808080
	256	267	d0d0d0
	488	71	b0b0b0
	554	331	808080
	237	29	b0b0b0
	509	346	808080
	510	477	
	495	293	b0b0b0
	337	406	808080
	385	213	d0d0d0
	309	377	
	285	139	
	191	127	808080
	241	185	b0b0b0
	398	130	d0d0d0
	561	357	808080
	473	123	d0d0d0
	240	249	b0b0b0
	566	102	808080
	294	32	b0b0b0
	243	405	808080
	230	268	
	416	108	
	215	52	
	272	467	
	450	186	
	215	268	b0b0b0
	497	344	
	145	396	808080
	131	87	
	365	30	d0d0d0
	282	463	808080
	450	166	d0d0d0
	394	62	
	164	371	b0b0b0
	243	465	808080
	278	307	b0b0b0
	344	117	808080
	525	361	
	280	15	
	395	95	
	416	327	b0b0b0
	161	369	
	403	55	808080
	516	105	b0b0b0
	194	278	808080
	342	227	b0b0b0
	500	329	808080
	143	171	d0d0d0
	449	455	b0b0b0
	517	347	
	310	285	
	367	80	808080
	521	280	b0b0b0
	352	255	808080
	605	127	
	302	201	b0b0b0
	540	365	
	537	384	
	454	186	
	205	213	808080
	171	85	d0d0d0
	394	331	808080
	360	415	
	525	132	
	255	402	b0b0b0
	241	66	808080
	209	229	
	446	418	
	164	157	
	514	9	b0b0b0
	205	39	d0d0d0
	530	264	
	419	322	808080
	375	438	
	347	330	d0d0d0
	515	257	808080
	313	163	b0b0b0
	153	157	808080
	403	230	
	333	262	
	396	246	d0d0d0
	202	25	808080
	494	77	b0b0b0
	136	159	808080
	207	325	b0b0b0
	345	147	
	604	19	d0d0d0
	581	155	b0b0b0
	433	267	808080
	568	253	b0b0b0
	461	310	
	394	355	808080
	287	172	b0b0b0
	283	298	
	409	383	
	165	409	
	221	74	
	304	92	d0d0d0
	394	376	
	481	144	808080
	176	136	b0b0b0
	379	155	808080
	446	463	d0d0d0
	246	206	b0b0b0
	559	369	808080
	344	54	
	168	88	
	230	253	d0d0d0
	266	336	808080
	416	389	
	504	311	d0d0d0
	457	247	808080
	311	474	
	510	469	
line	249	0	249	415	002850
	377		377		000050
	505		505		
	128	9	608	9	005000
		137		137	000050
		265		265	
		393		393	
draw	284	47	322	86	/sprites/1036.SMIV/0
	366	236	374	244	/sprites/521.SMIV/23
	309	78	320	89	/sprites/587.SMIV/22
	349	179	357	191	/sprites/587.SMIV/23
	380	211	391	222	/sprites/587.SMIV/22
	367	188	378	199	
	320	100	331	111	
	305	71	313	83	/sprites/587.SMIV/23
	302	62	309	73	
	358	171	369	182	/sprites/587.SMIV/22
	349	168	357	180	/sprites/587.SMIV/23
	299	62	308	72	/sprites/587.SMIV/2
	341	182	367	219	/sprites/649.SMIV/23
	399	273	405	281	/sprites/650.SMIV/23
	429	262	444	270	/sprites/652.SMIV/20
	326	229	331	233	/sprites/651.SMIV/22
	431	228	443	239	/sprites/652.SMIV/22
dither	350	211	405	228	303000
crop	354	215	361	226	24	44	000000	/fonts/tactical
	361		368		8	66		
	368		375		16	77		
	375		382					
	382		389		72	66		
	389		396		40			
	396		403		16	77		
	353	214	360	225	24	44	ffff00	
	360		367		8	66		
	367		374		16	77		
	374		381					
	381		388		72	66		
	388		395		40			
	395		402		16	77		
dither	350	181	405	198	001830
crop	354	185	361	196	24	44	000000	/fonts/tactical
	361		368		8	66		
	368		375		16	77		
	375		382					
	382		389		72	66		
	389		396		40			
	396		403		16	77		
	353	184	360	195	24	44	007fff	
	360		367		8	66		
	367		374		16	77		
	374		381					
	381		388		72	66		
	388		395		40			
	395		402		16	77		
rect	128	415	608	480	007fff
		416		479	000810
	132	420	139	431	007fff
	139		146		
	146		153		
	153		160		
	160		167		
	167		174		
	174		181		
	181		188		
	188		195		
	195		202		
	202		209		
	209		216		
	216		223		
	223		230		
	230		237		
	237		244		
	244		251		
	251		258		
	258		265		
	265		272		
	272		279		
	279		286		
	286		293		
	293		300		000810
	300		307		
	307		314		
	314		321		
	321		328		
	328		335		
	335		342		
	342		349		
	349		356		
	356		363		
	363		370		
	370		377		
	377		384		
	384		391		
	391		398		
	398		405		
	405		412		
	412		419		
	419		426		
	426		433		
	433		440		
	440		447		
	447		454		
	454		461		
	461		604		
	132	431	139	442	
	139		146		
	146		153		
	153		160		
	160		167		
	167		174		
	174		181		
	181		188		
	188		195		
	195		202		
	202		209		
	209		216		
	216		223		
	223		230		
	230		237		
	237		244		
	244		251		
	251		258		
	258		265		
	265		272		
	272		604		
	132	442	139	453	
	139		146		
	146		153		
	153		160		
	160		167		
	167		174		
	174		181		
	181		188		
	188		195		
	195		202		
	202		209		
	209		216		
	216		223		
	223		230		
	230		237		
	237		244		
	244		251		
	251		258		
	258		265		
	265		272		
	272		279		
	279		286		
	286		293		
	293		300		
	300		307		
	307		314		
	314		321		
	321		328		
	328		335		
	335		342		
	342		349		
	349		356		
	356		363		
	363		370		
	370		377		
	377		384		
	384		391		
	391		398		
	398		405		
	405		412		
	412		419		
	419		426		
	426		433		
	433		440		
	440		447		
	447		454		
	454		461		
	461		468		
	468		475		
	475		482		
	482		489		
	489		496		
	496		503		
	503		510		
	510		517		
	517		524		
	524		531		
	531		538		
	538		545		
	545		552		
	552		559		
	559		566		
	566		573		
	573		580		
	580		587		
	132	453	139	464	
	139		146		
	146		153		
	153		160		
	160		167		
	167		174		
	174		181		
	181		188		
	188		195		
	195		202		
	202		209		
	209		216		
	216		223		
	223		230		
	230		237		
	237		244		
	244		251		
	251		258		
	258		265		
	265		272		
	272		279		
	279		286		
	286		293		
	293		300		
	300		307		
	307		314		
	314		321		
	321		328		
	328		335		
	335		342		
	342		349		
	349		356		
	356		363		
	363		370		
	370		377		
	377		384		
	384		391		
	391		398		
	398		405		
	405		412		
	412		419		
	419		426		
	426		433		
	433		440		
	440		447		
	447		454		
	454		461		
	461		468		
	468		475		
	475		482		
	482		489		
	489		496		
	496		503		
	503		510		
	510		517		
	517		524		
	524		531		
	531		538		
	538		545		
	545		552		
	552		559		
	132	464	139	475	
	139		146		
	146		153		
	153		160		
	160		167		
	167		174		
	174		181		
	181		188		
	188		195		
	195		202		
	202		209		
	209		216		
	216		223		
	223		230		
	230		237		
	237		244		
	244		251		
	251		258		
	258		265		
	265		272		
	272		279		
	279		286		
	286		293		
	293		300		
	300		307		
	307		314		
	314		321		
	321		328		
	328		335		
	335		342		
	342		349		
	349		356		
	356		363		
	363		370		
	370		377		
	377		384		
	384		391		
	391		398		
	398		405		
	405		412		
	412		419		
	419		426		
	426		433		007fff
	433		440		
	440		447		
	447		454		
	454		461		
	461		468		000810
	468		604		
crop	139	420	146	431	72	44	000810	/fonts/tactical
	146		153		112			
	153		160		24			
	160		167		120			
	167		174		104			
	174		181		72			
	181		188		112			
	188		195		56			
	202		209		32	55		
	209		216		16			
	216		223		8	44		
	223		230		112			
	230		237		24	55		
	237		244		104	44		
	244		251		72			
	251		258		24	55		
	258		265					
	265		272		72	44		
	272		279		120			
	279		286		112			
	300		307				007fff	
	307		314		120			
	321		328		88			
	328		335		40			
	335		342		72	55		
	349		356		104	22		
	363		370		112	44		
	370		377		56	55		
	377		384		16	33		
	391		398			44		
	398		405			55		
	405		412		120	44		
	412		419		8			
	419		426		32			
	433		440		16			
	440		447		40			
	447		454		8			
	454		461		104			
	132	431	139	442	24	55		
	139		146		120	44		
	146		153		40	55		
	153		160		16			
	160		167		24	44		
	167		174		40			
	174		181		80	33		
	188		195		40	55		
	195		202		112	44		
	202		209		24	55		
	216		223		104	44		
	223		230		40	77		
	230		237		24			
	237		244		56	66		
	244		251		16	77		
	251		258		8	66		
	258		265		48	77		
	265		272		40	66		
	132	442	139	453		55		
	139		146		112	66		
	146		153		16			
	153		160		40			
	160		167		96			
	167		174		72			
	174		181		40			
	181		188		48	77		
	188		195		8	66		
	195		202		16			
	202		209		96			
	209		216		40			
	216		223		112	22		
	230		237		56	55		
	237		244		40	66		
	244		251			143		
	251		258		16	77		
	258		265		40	66		
	272		279		8			
	279		286		16			
	286		293		120			
	293		300		40	77		
	300		307		32			
	314		321					
	321		328		120	66		
	335		342		24			
	342		349		120			
	349		356		104			
	356		363		40			
	370		377		72			
	377		384		112			
	384		391		32	77		
	391		398		120	66		
	405		412		24	55		
	412		419		120	66		
	419		426		96			
	433		440		32	77		
	440		447		64	66		
	447		454		16	77		
	454		461		120	66		
	461		468		40	77		
	468		475		56	66		
	475		482		64			
	489		496		32	77		
	496		503		64	66		
	503		510		8			
	510		517		112			
	517		524		88			
	524		531		24	77		
	538		545		32			
	545		552		120	66		
	559		566		32	77		
	566		573		64	66		
	573		580		40			
	132	453	139	464	72	44		
	139		146		24	77		
	146		153		64	66		
	153		160		72			
	160		167		104			
	167		174		8			
	174		181		112			
	188		195		56			
	195		202		8			
	202		209		32	77		
	209		216		40	66		
	216		223		24	77		
	223		230		64	66		
	230		237		72			
	237		244		0	77		
	244		251		96	22		
	258		265		8	66		
	265		272		112			
	272		279		32			
	286		293		72	44		
	300		307		24	66		
	307		314		8			
	314		321		112			
	321		328		40	143		
	328		335		32	77		
	342		349		16	66		
	349		356		40			
	356		363		96			
	363		370		72			
	370		377		40			
	377		384		48	77		
	384		391		40	66		
	398		405		120			
	405		412		40	77		
	412		419		16			
	426		433		24			
	433		440		40	66		
	440		447		112			
	447		454		24	77		
	454		461		120	66		
	461		468		16	77		
	468		475		24			
	475		482		8	22		
	489		496		56	55		
	496		503		40	66		
	503		510			143		
	510		517		16	77		
	517		524		40	66		
	531		538		112			
	538		545		120			
	545		552		32	77		
	132	464	139	475	0			
	139		146		72	66		
	146		153		24			
	153		160		88			
	160		167		72			
	167		174		112			
	174		181		56			
	188		195		40	77		
	195		202		0			
	209		216		8	66		
	216		223		112			
	223		230		72	77		
	237		244		64	66		
	244		251		120			
	251		258		24	77		
	258		265		32			
	265		272		72	66		
	272		279		96			
	279		286		40			
	293		300		24	77		
	300		307		64	66		
	307		314		72			
	314		321		0	77		
	321		328		24			
	328		335		112	22		
	342		349		72	55		
	349		356		120	66		
	356		363		40	77		
	370		377		32	66		
	377		384		72			
	384		391		32			
	398		405		72			
	405		412		32	77		
	412		419		8	22		
	426		433		96	33	000810	
	433		440		40	44		
	440		447		120			
	447		454		32	55		
	454		461		112	33		
line	304	51	302	66	489048
			316	61	
	302	66			204020
draw	0	0	128	480	/pictures/501.png
	608		640		/pictures/512.png
crop	102	159	108	171	0	36	ff7f00	/fonts/computer
	108		114					
	114		120		40			
line	614	407	614	359	00488f
		359	622		
	622			407	002850
		407	614		
rect	615	360	622	407	003870
line	614	456	614	408	007fff
		408	622		
	622			456	00488f
		456	614		
rect	615	409	622	456	0070e0
line	614	231	614	231	909048
			622		
	622				505028
			614		
	614	328		232	ffff7f
		232	622		
	622			328	909048
		328	614		
rect	615	233	622	328	e0e070
line	614	160	614	103	904848
		103	622		
	622			160	502828
		160	614		
rect	615	104	622	160	703838
line	614	200	614	161	ff7f7f
		161	622		
	622			200	904848
		200	614		
rect	615	162	622	200	e07070
	634	49	636	52	7fff7f
		53		56	60c060
		57		60	
		61		64	
		65		68	
		69		72	7fff7f
		73		76	60c060
		77		80	
		81		84	
		85		88	
		89		92	7fff7f
		93		96	60c060
		97		100	
		101		104	
		105		108	
		109		112	7fff7f
		113		116	60c060
		117		120	
		121		124	
		125		128	
		129		132	7fff7f
		133		136	60c060
		137		140	
		141		144	
		145		148	
		149		152	183018
		153		156	
		157		160	
		161		164	
		165		168	
		169		172	
		173		176	
		177		180	
		181		184	
		185		188	
		189		192	
		193		196	
		197		200	
		201		204	
		205		208	
		209		212	
		213		216	
		217		220	
		221		224	
		225		228	
		229		232	
		233		236	
		237		240	
		241		244	
		245		248	
		249		252	
		253		256	
		257		260	
		261		264	
		265		268	
		269		272	
		273		276	
		277		280	
		281		284	
		285		288	
		289		292	
		293		296	
		297		300	
		301		304	
		305		308	
		309		312	
		313		316	
		317		320	
		321		324	
		325		328	
		329		332	
		333		336	
		337		340	
		341		344	
		345		348	
		349		352	
		353		356	
		357		360	
		361		364	
		365		368	
		369		372	
		373		376	
		377		380	
		381		384	
		385		388	
		389		392	
		393		396	
		397		400	
		401		404	
		405		408	
		409		412	
		413		416	
		417		420	
		421		424	
		425		428	
		429		432	
		433		436	
		437		440	
		441		444	
		445		448	
	621	52	631	56	303000
		57		61	
		62		66	
		67		71	
		72		76	
		77		81	
		82		86	
	7	7	115	115	00ff00
	8	8	114	114	001000
	42	42	80	80	003000
point	56	47	006000
	57	49	
	60	57	
	62	60	
	61	58	
	58	51	
	57	49	
	56	48	
	61	56	
	60		
	56	47	
	80	97	
	60	58	
	82	104	
	63	63	
	66		
	82	100	
	85	106	
	58	61	
	86	102	
	66	61	
rect	12	320	121	440	001000
line	12	330	119	330	009000
crop	15	320	21	332	104	48	00ff00	/fonts/computer
	21		27		8			
	27		33		72			
	33		39		112			
	39		45		0	24		
	45		51		104	48		
	51		57		40			
	57		63		112			
	63		69		40	60		
line	12	343	12	332	009000
		332	120		
	120			343	005000
		343	12		
rect	13	333	120	343	007000
crop	15	332	21	344	96	36	00ff00	/fonts/computer
	21		27		16	48		
	27		33		40	84		
	33		39		72	72		
	39		45		96			
	45		51		32			
	51		57		112	36		
	15	344	21	356	96			
	21		27		24	60		
	27		33		0	84		
	33		39		40	72		
	39		45		24			
	45		51		72			
	51		57		8			
	57		63		96			
	63		69		0	24		
	69		75		120	48		
	75		81		16	84		
	81		87		32	72		
	87		93		40			
	93		99		16	84		
	99		105		24			
	105		111		112	36		
	15	356	21	368	96			
	21		27		104	48		
	27		33		40	72		
	33		39		24	84		
	39		45					
	45		51		8	72		
	51		57		56			
	57		63		40			
	63		69		112	36		
	15	368	21	380	96			
	21		27		104	48		
	27		33		72	72		
	33		39		24	84		
	39		45					
	45		51		72	72		
	51		57		120			
	57		63		112			
	63		69		0	24		
	69		75		24	60		
	75		81		32	84		
	81		87		8	72		
	87		93		32	84		
	93		99		40			
	99		105		24			
	105		111		112	36		
line	12	438	119	438	009000
rect	16	450	114	475	001010
line	17	461	17	450	00c0c0
		450	43		
	43			461	007070
		461	17		
rect	18	451	43	461	009090
crop	19	450	25	462	16	60	00ffff	/fonts/computer
	25		31		56	48		
	31		37		64			
	37		43		32	60		
	43		49		0	24		
	49		55		24	60		
	55		61		40	72		
	61		67		96			
	67		73		40			
	73		79		24			
	79		85		32	84		
line	12	191	12	180	ffff00
		180	120		
	120			191	909000
		191	12		
rect	13	181	120	191	c0c000
crop	15	180	21	192	24	48	000000	/fonts/computer
	21		27		120			
	27		33		112			
	33		39		32	60		
	39		45		16			
	45		51		120	48		
	51		57		96			
	15	192	21	204	24		7fff7f	
	21		27		8			
	27		33		16	60		
	33		39					
	39		45		72	48		
	45		51		40			
	51		57		16	60		
draw	21	206	29	224	/sprites/649.SMIV/0
line	14	204	35	204	489048
			14	205	
	35		35		
	14	225		225	
			14	224	
	35		35		
rect	42	206	49	206	003870
				224	0060c0
line	40	204	50	204	00488f
			40	205	
	50		50		
	40	225		225	
			40	224	
	50		50		
rect	55	206	62	206	707000
				224	c0c000
line	53	204	63	204	909000
			53	205	
	63		63		
	53	225		225	
			53	224	
	63		63		
crop	69	204	75	216	96	48	7fff7f	/fonts/computer
	75		81		24	60		
	81		87		16			
	87		93		32			
	93		99		40			
	99		105		16			
	105		111					
	111		117		32			
	69	216	75	228	104	48		
	75		81		56			
	81		87		112			
	87		93		32	60		
	93		99		120	48		
	99		105		0	60		
	105		111		96	48		
	111		117		24	60		
	69	192	75	204	96	48		
	75		81		112			
	81		87		24			
	87		93		64			
	93		99		16			
	99		105		8			
	105		111		72	60		
	12	228	18	240	32		00ff00	
	18		24		16	84		
	24		30		8	72		
	30		36		112			
	36		42		24	84		
	42		48		0			
	48		54		120	72		
	54		60		16	84		
	60		66		32			
line	12	263	12	252	007fff
		252	120		
	120			263	00488f
		263	12		
rect	13	253	120	263	0060c0
crop	15	252	21	264	32	60	000000	/fonts/computer
	21		27		8	48		
	27		33		16	60		
	33		39		56	48		
	39		45		40			
	45		51		32	60		
	15	264	21	276	24	48	7fff7f	
	21		27		8			
	27		33		16	60		
	33		39					
	39		45		72	48		
	45		51		40			
	51		57		16	60		
draw	21	278	29	296	/sprites/649.SMIV/0
line	14	276	35	276	489048
			14	277	
	35		35		
	14	297		297	
			14	296	
	35		35		
rect	42	278	49	278	003870
				296	0060c0
line	40	276	50	276	00488f
			40	277	
	50		50		
	40	297		297	
			40	296	
	50		50		
rect	55	278	62	278	707000
				296	c0c000
line	53	276	63	276	909000
			53	277	
	63		63		
	53	297		297	
			53	296	
	63		63		
crop	69	276	75	288	96	48	7fff7f	/fonts/computer
	75		81		24	60		
	81		87		16			
	87		93		32			
	93		99		40			
	99		105		16			
	105		111					
	111		117		32			
	69	288	75	300	104	48		
	75		81		56			
	81		87		112			
	87		93		32	60		
	93		99		120	48		
	99		105		0	60		
	105		111		96	48		
	111		117		24	60		
	69	264	75	276	96	48		
	75		81		112			
	81		87		24			
	87		93		64			
	93		99		16			
	99		105		8			
	105		111		72	60		
	12	300	18	312	32		00ff00	
	18		24		16	84		
	24		30		8	72		
	30		36		112			
	36		42		24	84		
	42		48		0			
	48		54		120	72		
	54		60		16	84		
	60		66		32			
