point	505	365	808080
	368	393	
	400	12	
	593	58	
	312	129	
	136	125	
	255	420	d0d0d0
	135	44	
	552	453	
	415	203	
	330	235	
	154	38	
	564	259	b0b0b0
	604	456	808080
	313	218	b0b0b0
	559	471	808080
	245	19	b0b0b0
	396	1	
	354	77	
	487	464	d0d0d0
	201	148	
	387	391	
	242	252	808080
	317	373	b0b0b0
	500	381	d0d0d0
	134	359	b0b0b0
	575	374	d0d0d0
	316	438	b0b0b0
	141	106	
	370	220	
	582	75	
	281	394	808080
	467	233	
	266	177	
	461	225	d0d0d0
	501	311	808080
	291	456	b0b0b0
	283	52	
	370	41	808080
	182	212	
	467	281	d0d0d0
	551	109	808080
	553	417	d0d0d0
	496	313	
	438	79	b0b0b0
	233	111	808080
	214	21	d0d0d0
	395	242	808080
	157	10	b0b0b0
	331	141	808080
	446	221	
	144	307	d0d0d0
	175	103	
	454	181	808080
	592	293	b0b0b0
	245	403	808080
	418	415	b0b0b0
	550	454	808080
	245	422	d0d0d0
	518	217	
	175	74	
	386	473	b0b0b0
	417	205	808080
	597	468	b0b0b0
	403	381	808080
	176	125	
	378	390	b0b0b0
	210	49	808080
	485	123	d0d0d0
	530	374	b0b0b0
	256	338	808080
	273	336	d0d0d0
	444	456	808080
	371	90	b0b0b0
	576	258	808080
	244	110	b0b0b0
	292	191	808080
	259	354	
	357	16	b0b0b0
	214	283	808080
	590	198	b0b0b0
	308	291	d0d0d0
	549	15	b0b0b0
	470	448	808080
	574	125	b0b0b0
	213	76	
	566	382	808080
	389	351	b0b0b0
	203	282	808080
	454	355	
	384	387	
	305	18	d0d0d0
	252	151	808080
	570	265	b0b0b0
	187	284	808080
	466	33	b0b0b0
	421	335	
	226	341	d0d0d0
	177	374	b0b0b0
	483	392	808080
	177	478	d0d0d0
	277	12	808080
	354	0	
	363	360	b0b0b0
	292	6	
	514	61	808080
	136	276	b0b0b0
	297	262	
	406	344	d0d0d0
	256	147	
	531	270	808080
	252	324	b0b0b0
	430	280	808080
	519	175	b0b0b0
	322	395	
	555	30	d0d0d0
	395	179	808080
	219	213	
	253	18	b0b0b0
	317	461	808080
	257	34	
	599	82	d0d0d0
	507	372	808080
	145	123	
	297	171	b0b0b0
rect	224	0	225	481	000050
	352		353		002850
	480		481		000050
	128	5	609	6	
		133		134	
		261		262	005000
		389		390	000050
draw	387	299	425	338	/sprites/1036.SMIV/0
	364	235	371	244	/sprites/521.SMIV/11
	406	318	410	321	/sprites/587.SMIV/21
		317	411	322	/sprites/587.SMIV/22
	405	318		320	/sprites/587.SMIV/18
	407	319	407	319	/sprites/587.SMIV/0
	405	316	408		/sprites/587.SMIV/9
		319		322	/sprites/587.SMIV/2
	365	184	389	222	/sprites/649.SMIV/11
	326	294	336	300	/sprites/650.SMIV/4
	384	261	393	272	/sprites/652.SMIV/11
	366	243	371	247	/sprites/651.SMIV/10
	393	316	405	327	/sprites/652.SMIV/22
dither	377	216	432	233	303000
crop	381	220	388	231	24	44	000000	/fonts/tactical.png
	388		395		8	66		
	395		402		16	77		
	402		409					
	409		416		72	66		
	416		423		40			
	423		430		16	77		
	380	219	387	230	24	44	ffff00	
	387		394		8	66		
	394		401		16	77		
	401		408					
	408		415		72	66		
	415		422		40			
	422		429		16	77		
dither	377	186	432	203	001830
crop	381	190	388	201	24	44	000000	/fonts/tactical.png
	388		395		8	66		
	395		402		16	77		
	402		409					
	409		416		72	66		
	416		423		40			
	423		430		16	77		
	380	189	387	200	24	44	007fff	
	387		394		8	66		
	394		401		16	77		
	401		408					
	408		415		72	66		
	415		422		40			
	422		429		16	77		
dither	200	386	542	403	300000
crop	204	390	211	401	40	44	000000	/fonts/tactical.png
	211		218		8	66		
	218		225		16	77		
	225		232		32			
	232		239		64	66		
	239		246		0	22		
	246		253		24	66		
	253		260		8			
	260		267		0	77		
	267		274		32			
	274		281		40			
	281		288		16			
	288		295		40	66		
	295		302		32			
	302		309		0	22		
	309		316		16	66		
	316		323		72	77		
	323		330		0	22		
	330		337		32	55		
	337		344		64	66		
	344		351		40			
	351		358		0	22		
	358		365		64	44		
	365		372		40	77		
	372		379		104	66		
	379		386		8			
	386		393		112			
	393		400		120	22		
	400		407		72	44		
	407		414		24	77		
	414		421		64	66		
	421		428		72			
	428		435		104			
	435		442		8			
	442		449		112			
	449		456		0	22		
	456		463		24	44		
	463		470		120	66		
	470		477					
	477		484		0	77		
	484		491		40	66		
	491		498		16	77		
	498		505		8	66		
	505		512		32	77		
	512		519		72	66		
	519		526		48	77		
	526		533		40	66		
	533		540		112	22		
	203	389	210	400	40	44	ff0000	
	210		217		8	66		
	217		224		16	77		
	224		231		32			
	231		238		64	66		
	238		245		0	22		
	245		252		24	66		
	252		259		8			
	259		266		0	77		
	266		273		32			
	273		280		40			
	280		287		16			
	287		294		40	66		
	294		301		32			
	301		308		0	22		
	308		315		16	66		
	315		322		72	77		
	322		329		0	22		
	329		336		32	55		
	336		343		64	66		
	343		350		40			
	350		357		0	22		
	357		364		64	44		
	364		371		40	77		
	371		378		104	66		
	378		385		8			
	385		392		112			
	392		399		120	22		
	399		406		72	44		
	406		413		24	77		
	413		420		64	66		
	420		427		72			
	427		434		104			
	434		441		8			
	441		448		112			
	448		455		0	22		
	455		462		24	44		
	462		469		120	66		
	469		476					
	476		483		0	77		
	483		490		40	66		
	490		497		16	77		
	497		504		8	66		
	504		511		32	77		
	511		518		72	66		
	518		525		48	77		
	525		532		40	66		
	532		539		112	22		
line	432	429	435	414	489048
			420	419	
	435	414			204020
draw	0	0	128	480	/pictures/501.png
	608		640		/pictures/512.png
crop	102	159	108	171	0	36	ff7f00	/fonts/computer.png
	108		114					
	114		120		40			
rect	614	359	615	408	00488f
			623	360	
	622			408	002850
	614	407			
	615	360	622	407	003870
	614	408	615	457	007fff
			623	409	
	622			457	00488f
	614	456			
	615	409	622	456	0070e0
	614	231	615	232	909048
			623		
	622				505028
	614				
		232	615	329	ffff7f
			623	233	
	622			329	909048
	614	328			
	615	233	622	328	e0e070
	614	103	615	161	904848
			623	104	
	622			161	502828
	614	160			
	615	104	622	160	703838
	614	161	615	201	ff7f7f
			623	162	
	622			201	904848
	614	200			
	615	162	622	200	e07070
	634	49	636	52	7fff7f
		53		56	60c060
		57		60	
		61		64	
		65		68	
		69		72	7fff7f
		73		76	60c060
		77		80	
		81		84	
		85		88	
		89		92	7fff7f
		93		96	60c060
		97		100	
		101		104	
		105		108	
		109		112	7fff7f
		113		116	60c060
		117		120	
		121		124	
		125		128	
		129		132	7fff7f
		133		136	60c060
		137		140	
		141		144	
		145		148	
		149		152	183018
		153		156	
		157		160	
		161		164	
		165		168	
		169		172	
		173		176	
		177		180	
		181		184	
		185		188	
		189		192	
		193		196	
		197		200	
		201		204	
		205		208	
		209		212	
		213		216	
		217		220	
		221		224	
		225		228	
		229		232	
		233		236	
		237		240	
		241		244	
		245		248	
		249		252	
		253		256	
		257		260	
		261		264	
		265		268	
		269		272	
		273		276	
		277		280	
		281		284	
		285		288	
		289		292	
		293		296	
		297		300	
		301		304	
		305		308	
		309		312	
		313		316	
		317		320	
		321		324	
		325		328	
		329		332	
		333		336	
		337		340	
		341		344	
		345		348	
		349		352	
		353		356	
		357		360	
		361		364	
		365		368	
		369		372	
		373		376	
		377		380	
		381		384	
		385		388	
		389		392	
		393		396	
		397		400	
		401		404	
		405		408	
		409		412	
		413		416	
		417		420	
		421		424	
		425		428	
		429		432	
		433		436	
		437		440	
		441		444	
		445		448	
	621	52	631	56	303000
		57		61	
		62		66	
		67		71	
		72		76	
		77		81	
		82		86	
	7	7	115	115	00ff00
	8	8	114	114	001000
	42	42	80	80	003000
point	63	66	006000
			
			
			
			
			
			
	78	94	
	61	59	
	81	101	
	59	65	
	62	63	
	78	98	
	82	104	
	61	61	
	78	102	
	63	66	
rect	12	320	121	440	001000
		330	120	331	009000
		332	13	344	
			121	333	
	120			344	005000
	12	343			
	13	333	120	343	007000
	12	438		439	009000
	16	450	114	475	001010
	17		18	462	00c0c0
			44	451	
	43			462	007070
	17	461			
	18	451	43	461	009090
crop	15	320	21	332	104	48	00ff00	/fonts/computer.png
	21		27		8			
	27		33		72			
	33		39		112			
	39		45		0	24		
	45		51		104	48		
	51		57		40			
	57		63		112			
	63		69		40	60		
	15	332	21	344	96	36		
	21		27		16	48		
	27		33		40	84		
	33		39		72	72		
	39		45		96			
	45		51		32			
	51		57		112	36		
	15	344	21	356	96			
	21		27		24	60		
	27		33		0	84		
	33		39		40	72		
	39		45		24			
	45		51		72			
	51		57		8			
	57		63		96			
	63		69		0	24		
	69		75		120	48		
	75		81		16	84		
	81		87		32	72		
	87		93		40			
	93		99		16	84		
	99		105		24			
	105		111		112	36		
	15	356	21	368	96			
	21		27		104	48		
	27		33		40	72		
	33		39		24	84		
	39		45					
	45		51		8	72		
	51		57		56			
	57		63		40			
	63		69		112	36		
	15	368	21	380	96			
	21		27		104	48		
	27		33		72	72		
	33		39		24	84		
	39		45					
	45		51		72	72		
	51		57		120			
	57		63		112			
	63		69		0	24		
	69		75		24	60		
	75		81		32	84		
	81		87		8	72		
	87		93		32	84		
	93		99		40			
	99		105		24			
	105		111		112	36		
	19	450	25	462	16	60	00ffff	
	25		31		56	48		
	31		37		64			
	37		43		32	60		
	43		49		0	24		
	49		55		24	60		
	55		61		40	72		
	61		67		96			
	67		73		40			
	73		79		24			
	79		85		32	84		
rect	12	180	13	192	ffff00
			121	181	
	120			192	909000
	12	191			
	13	181	120	191	c0c000
crop	15	180	21	192	24	48	000000	/fonts/computer.png
	21		27		120			
	27		33		112			
	33		39		32	60		
	39		45		16			
	45		51		120	48		
	51		57		96			
	15	192	21	204	24		7fff7f	
	21		27		8			
	27		33		16	60		
	33		39					
	39		45		72	48		
	45		51		40			
	51		57		16	60		
draw	21	206	29	224	/sprites/649.SMIV/0
rect	14	204	36	205	489048
			15	206	
	35		36		
	14	225		226	
		224	15		
	35		36		
	42	206	49	206	003870
				224	0060c0
	40	204	51	205	00488f
			41	206	
	50		51		
	40	225		226	
		224	41		
	50		51		
	55	206	62	206	707000
				224	c0c000
	53	204	64	205	909000
			54	206	
	63		64		
	53	225		226	
		224	54		
	63		64		
crop	69	204	75	216	96	48	7fff7f	/fonts/computer.png
	75		81		24	60		
	81		87		16			
	87		93		32			
	93		99		40			
	99		105		16			
	105		111					
	111		117		32			
	69	216	75	228	104	48		
	75		81		56			
	81		87		112			
	87		93		32	60		
	93		99		120	48		
	99		105		0	60		
	105		111		96	48		
	111		117		24	60		
	69	192	75	204	96	48		
	75		81		112			
	81		87		24			
	87		93		64			
	93		99		16			
	99		105		8			
	105		111		72	60		
	12	228	18	240	32		00ff00	
	18		24		16	84		
	24		30		8	72		
	30		36		112			
	36		42		24	84		
	42		48		0			
	48		54		120	72		
	54		60		16	84		
	60		66		32			
rect	12	252	13	264	007fff
			121	253	
	120			264	00488f
	12	263			
	13	253	120	263	0060c0
crop	15	252	21	264	32	60	000000	/fonts/computer.png
	21		27		8	48		
	27		33		16	60		
	33		39		56	48		
	39		45		40			
	45		51		32	60		
	15	264	21	276	24	48	7fff7f	
	21		27		8			
	27		33		16	60		
	33		39					
	39		45		72	48		
	45		51		40			
	51		57		16	60		
draw	21	278	29	296	/sprites/649.SMIV/0
rect	14	276	36	277	489048
			15	278	
	35		36		
	14	297		298	
		296	15		
	35		36		
	42	278	49	278	003870
				296	0060c0
	40	276	51	277	00488f
			41	278	
	50		51		
	40	297		298	
		296	41		
	50		51		
	55	278	62	278	707000
				296	c0c000
	53	276	64	277	909000
			54	278	
	63		64		
	53	297		298	
		296	54		
	63		64		
crop	69	276	75	288	96	48	7fff7f	/fonts/computer.png
	75		81		24	60		
	81		87		16			
	87		93		32			
	93		99		40			
	99		105		16			
	105		111					
	111		117		32			
	69	288	75	300	104	48		
	75		81		56			
	81		87		112			
	87		93		32	60		
	93		99		120	48		
	99		105		0	60		
	105		111		96	48		
	111		117		24	60		
	69	264	75	276	96	48		
	75		81		112			
	81		87		24			
	87		93		64			
	93		99		16			
	99		105		8			
	105		111		72	60		
	12	300	18	312	32		00ff00	
	18		24		16	84		
	24		30		8	72		
	30		36		112			
	36		42		24	84		
	42		48		0			
	48		54		120	72		
	54		60		16	84		
	60		66		32			
