point	191	280	b0b0b0
	476	139	
	420	204	d0d0d0
	246	397	b0b0b0
	375	294	d0d0d0
	181		
	249	180	b0b0b0
	258	477	808080
	252	164	d0d0d0
	289	399	b0b0b0
	484	152	808080
	277	136	d0d0d0
	346	475	808080
	303	257	d0d0d0
	331	343	
	404	263	
	466	128	b0b0b0
	450	394	
	194	264	d0d0d0
	506	61	
	172	193	808080
	234	134	b0b0b0
	237	137	d0d0d0
	208	414	
	233	51	808080
	359	4	
	386	427	d0d0d0
	335	50	b0b0b0
	213	288	
	333	284	d0d0d0
	326	400	b0b0b0
	511	329	d0d0d0
	394	292	808080
	378	64	d0d0d0
	461	41	808080
	602	461	d0d0d0
	346	163	b0b0b0
	480	110	808080
	479	52	b0b0b0
	232	368	d0d0d0
	351	249	
	386	460	
	302	419	
	227	217	b0b0b0
	453	177	
	558	447	
	575	412	808080
	211	413	
	460	289	b0b0b0
	262	111	
	266	10	
	532	156	d0d0d0
	413	211	808080
	443	218	b0b0b0
	496	401	808080
	330	339	
	602	287	
	367	334	b0b0b0
	233	129	808080
	434	161	
	589	140	d0d0d0
	498	262	
	601	377	b0b0b0
	468	29	808080
	178	123	
	579	52	
	564	175	
	297	106	d0d0d0
	378	331	
	600	464	808080
	290	223	d0d0d0
	504	323	808080
	509	155	d0d0d0
	303	102	b0b0b0
	180	29	d0d0d0
	478	358	b0b0b0
	139	182	808080
	152	214	d0d0d0
	402	298	b0b0b0
	320	140	808080
	514	270	b0b0b0
	374	366	d0d0d0
	398	55	808080
	378	312	b0b0b0
	235	49	808080
	473	361	d0d0d0
	336	3	808080
	275	321	b0b0b0
	550	343	808080
	194	245	d0d0d0
	141	126	
	355	331	808080
	546	295	b0b0b0
	481	303	808080
	457	175	b0b0b0
	247	265	d0d0d0
	502	253	808080
	602	97	d0d0d0
	248	129	b0b0b0
	292	293	808080
	469	319	d0d0d0
	539	398	808080
	159	217	
	599	333	d0d0d0
	248	361	
	519	285	808080
	598	418	d0d0d0
	549	78	b0b0b0
	366	3	d0d0d0
	527	44	b0b0b0
	286	7	808080
	248	408	
	147	70	b0b0b0
	306	202	d0d0d0
	592	398	
	524	46	
	597	186	b0b0b0
	322	85	d0d0d0
	237	383	
	517	364	808080
	559	218	
	321	217	b0b0b0
	589	427	
	577	79	d0d0d0
	562	268	b0b0b0
line	277	0	277	480	005000
	549		549		
	128	106	608	106	
		378		378	
rect	627	95	641	109	00488f
	369	137	385	153	009000
	574	104	588	118	00488f
triangle	363	235	371	243	00c000
rect	548	124	554	130	0060c0
	391	176	405	190	00ff00
line	271	413	284	405	489048
			271	398	
	284	405			204020
draw	0	0	128	480	/pictures/501.png
	608		640		/pictures/512.png
tint	29	159	37	172	ff0000	/font/5001/30
	35		43			/font/5001/35
	41		49			/font/5001/30
line	614	456	614	359	007fff
		359	622		
	622			456	00488f
		456	614		
rect	615	360	622	456	0070e0
line	614	328	614	231	ffff7f
		231	622		
	622			328	909048
		328	614		
rect	615	232	622	328	e0e070
line	614	200	614	103	ff7f7f
		103	622		
	622			200	904848
		200	614		
rect	615	104	622	200	e07070
line	618	8	629	8	90488f
			618	9	
	629		629		
	618	36		36	
			618	35	
	629		629		
rect	620	10	628	35	703870
		35			c060c0
	634	49	636	52	7fff7f
		53		56	60c060
		57		60	
		61		64	
		65		68	
		69		72	7fff7f
		73		76	60c060
		77		80	
		81		84	
		85		88	
		89		92	7fff7f
		93		96	60c060
		97		100	
		101		104	
		105		108	
		109		112	7fff7f
		113		116	60c060
		117		120	
		121		124	
		125		128	
		129		132	7fff7f
		133		136	60c060
		137		140	0060c0
		141		144	
		145		148	
		149		152	183018
		153		156	
		157		160	
		161		164	
		165		168	
		169		172	
		173		176	
		177		180	
		181		184	
		185		188	
		189		192	
		193		196	
		197		200	
		201		204	
		205		208	
		209		212	
		213		216	
		217		220	
		221		224	
		225		228	
		229		232	
		233		236	
		237		240	
		241		244	
		245		248	
		249		252	
		253		256	
		257		260	
		261		264	
		265		268	
		269		272	
		273		276	
		277		280	
		281		284	
		285		288	
		289		292	
		293		296	
		297		300	
		301		304	
		305		308	
		309		312	
		313		316	
		317		320	
		321		324	
		325		328	
		329		332	
		333		336	
		337		340	
		341		344	
		345		348	
		349		352	
		353		356	
		357		360	
		361		364	
		365		368	
		369		372	
		373		376	
		377		380	
		381		384	
		385		388	
		389		392	
		393		396	
		397		400	
		401		404	
		405		408	
		409		412	
		413		416	
		417		420	
		421		424	
		425		428	
		429		432	
		433		436	
		437		440	
		441		444	
		445		448	
	621	52	631	56	303000
		57		61	
		62		66	
		67		71	
		72		76	
		77		81	
		82		86	
	7	7	115	115	00ff00
	8	8	114	114	001000
					003000
	12	320	121	440	001000
tint	15	320	23	333	00ff00	/font/5001/42
	21		29			/font/5001/55
	27		35			/font/5001/49
	33		41			/font/5001/4c
	39		47			/font/5001/44
	45		53			/font/5001/20
	51		59			/font/5001/53
	57		65			/font/5001/48
	63		71			/font/5001/49
	69		77			/font/5001/50
	75		83			/font/5001/53
line	12	342	119	342	009000
tint	15	332	23	345	00ff00	/font/5001/46
	21		29			/font/5001/61
	27		35			/font/5001/6e
	33		41			/font/5001/73
	39		47			/font/5001/69
	45		53			/font/5001/20
	51		59			/font/5001/41
	57		65			/font/5001/6c
	63		71			/font/5001/70
	69		77			/font/5001/68
	75		83			/font/5001/61
line	12	355	12	344	009000
		344	120		
	120			355	005000
		355	12		
rect	13	345	120	355	007000
tint	15	344	23	357	00ff00	/font/5001/46
	21		29			/font/5001/69
	27		35			/font/5001/67
	33		41			/font/5001/68
	39		47			/font/5001/74
	45		53			/font/5001/65
	51		59			/font/5001/72
	15	356	23	369		/font/5001/43
	21		29			/font/5001/72
	27		35			/font/5001/75
	33		41			/font/5001/69
	39		47			/font/5001/73
	45		53			/font/5001/65
	51		59			/font/5001/72
	15	368	23	381		/font/5001/47
	21		29			/font/5001/75
	27		35			/font/5001/6e
	33		41			/font/5001/73
	39		47			/font/5001/68
	45		53			/font/5001/69
	51		59			/font/5001/70
	15	380	23	393		/font/5001/54
	21		29			/font/5001/72
	27		35			/font/5001/61
	33		41			/font/5001/6e
	39		47			/font/5001/73
	45		53			/font/5001/70
	51		59			/font/5001/6f
	57		65			/font/5001/72
	63		71			/font/5001/74
	15	392	23	405		/font/5001/45
	21		29			/font/5001/6e
	27		35			/font/5001/67
	33		41			/font/5001/69
	39		47			/font/5001/6e
	45		53			/font/5001/65
	51		59			
	57		65			/font/5001/72
	63		71			/font/5001/20
	69		77			/font/5001/50
	75		83			/font/5001/6f
	81		89			/font/5001/64
	15	404	23	417		/font/5001/41
	21		29			/font/5001/73
	27		35			
	33		41			/font/5001/61
	39		47			/font/5001/75
	45		53			/font/5001/6c
	51		59			/font/5001/74
	57		65			/font/5001/20
	63		71			/font/5001/54
	69		77			/font/5001/72
	75		83			/font/5001/61
	81		89			/font/5001/6e
	87		95			/font/5001/73
	93		101			/font/5001/70
	99		107			/font/5001/6f
	105		113			/font/5001/72
	111		119			/font/5001/74
line	12	438	119	438	009000
rect	16	450	114	475	001010
line	17	461	17	450	00c0c0
		450	43		
	43			461	007070
		461	17		
rect	18	451	43	461	009090
tint	19	450	27	463	00ffff	/font/5001/52
	25		33			/font/5001/47
	31		39			/font/5001/48
	37		45			/font/5001/54
	43		51			/font/5001/20
	49		57			/font/5001/42
	55		63			/font/5001/75
	61		69			/font/5001/69
	67		75			/font/5001/6c
	73		81			/font/5001/64
line	17	473	17	462	00c0c0
		462	43		
	43			473	007070
		473	17		
rect	18	463	43	473	009090
tint	19	462	27	475	00ffff	/font/5001/4c
	25		33			/font/5001/45
	31		39			/font/5001/46
	37		45			/font/5001/54
	43		51			/font/5001/20
	49		57			/font/5001/4d
	55		63			/font/5001/61
	61		69			/font/5001/69
	67		75			/font/5001/6e
	73		81			/font/5001/20
	79		87			/font/5001/4d
	85		93			/font/5001/65
	91		99			/font/5001/6e
	97		105			/font/5001/75
rect	12	180	120	192	000000
line	12	191	12	180	ffff00
		180	119		
	119			191	909000
		191	12		
rect	13	181	119	191	c0c000
tint	15	180	23	193	000000	/font/5001/43
	21		29			/font/5001/4f
	27		35			/font/5001/4e
	33		41			/font/5001/54
	39		47			/font/5001/52
	45		53			/font/5001/4f
	51		59			/font/5001/4c
rect	12	192	120	204	000000
tint	15	192	23	205	7fff7f	/font/5001/46
	21		29			/font/5001/61
	27		35			/font/5001/6e
	33		41			/font/5001/73
	39		47			/font/5001/69
	45		53			/font/5001/20
	51		59			/font/5001/41
	57		65			/font/5001/6c
	63		71			/font/5001/70
	69		77			/font/5001/68
	75		83			/font/5001/61
rect	14	204	36	226	000000
draw	16	206	34	224	/sprites/1019.SMIV/0
line	14	204	35	204	489048
			14	205	
	35		35		
	14	225		225	
			14	224	
	35		35		
rect	40	204	51	226	000000
	53		64		
	69		120	216	
		216		228	
	12	228		240	
		252		264	
line	12	263	12	252	007fff
		252	119		
	119			263	00488f
		263	12		
rect	13	253	119	263	0060c0
tint	15	252	23	265	000000	/font/5001/54
	21		29			/font/5001/41
	27		35			/font/5001/52
	33		41			/font/5001/47
	39		47			/font/5001/45
	45		53			/font/5001/54
rect	12	264	120	276	000000
tint	15	264	23	277	7fff7f	/font/5001/46
	21		29			/font/5001/61
	27		35			/font/5001/6e
	33		41			/font/5001/73
	39		47			/font/5001/69
	45		53			/font/5001/20
	51		59			/font/5001/41
	57		65			/font/5001/6c
	63		71			/font/5001/70
	69		77			/font/5001/68
	75		83			/font/5001/61
rect	14	276	36	298	000000
draw	16	278	34	296	/sprites/1019.SMIV/0
line	14	276	35	276	489048
			14	277	
	35		35		
	14	297		297	
			14	296	
	35		35		
rect	40	276	51	298	000000
	53		64		
	69		120	288	
		288		300	
	12	300		312	
