point	192	278	b0b0b0
	477	137	
	422	201	d0d0d0
	247	395	b0b0b0
	377	291	d0d0d0
	183		
	250	178	b0b0b0
	259	476	808080
	254	161	d0d0d0
	290	397	b0b0b0
	485	151	808080
	279	133	d0d0d0
	347	474	808080
	305	254	d0d0d0
	333	340	
	406	260	
	467	126	b0b0b0
	451	392	
	196	261	d0d0d0
	508	58	
	173	192	808080
	235	132	b0b0b0
	239	134	d0d0d0
	210	411	
	234	50	808080
	360	3	
	388	424	d0d0d0
	336	48	b0b0b0
	214	286	
	335	281	d0d0d0
	327	398	b0b0b0
	513	326	d0d0d0
	395	291	808080
	380	61	d0d0d0
	462	40	808080
	604	458	d0d0d0
	347	161	b0b0b0
	481	109	808080
	480	50	b0b0b0
	234	365	d0d0d0
	353	246	
	388	457	
	304	416	
	228	215	b0b0b0
	454	175	
	559	445	
	576	411	808080
	212	412	
	461	287	b0b0b0
	263	109	
	267	8	
	534	153	d0d0d0
	414	210	808080
	444	216	b0b0b0
	497	400	808080
	331	338	
	603	286	
	368	332	b0b0b0
	234	128	808080
	435	160	
	591	137	d0d0d0
	500	259	
	602	375	b0b0b0
	469	28	808080
	179	122	
	580	51	
	565	174	
	299	103	d0d0d0
	380	328	
	601	463	808080
	292	220	d0d0d0
	505	322	808080
	511	152	d0d0d0
	304	100	b0b0b0
	182	26	d0d0d0
	479	356	b0b0b0
	140	181	808080
	154	211	d0d0d0
	403	296	b0b0b0
	321	139	808080
	515	268	b0b0b0
	376	363	d0d0d0
	399	54	808080
	379	310	b0b0b0
	236	48	808080
	475	358	d0d0d0
	337	2	808080
	276	319	b0b0b0
	551	342	808080
	196	242	d0d0d0
	143	123	
	356	330	808080
	547	293	b0b0b0
	482	302	808080
	458	173	b0b0b0
	249	262	d0d0d0
	503	252	808080
	604	94	d0d0d0
	249	127	b0b0b0
	293	292	808080
	471	316	d0d0d0
	540	397	808080
	160	216	
	601	330	d0d0d0
	250	358	
	520	284	808080
	600	415	d0d0d0
	550	76	b0b0b0
	368	0	d0d0d0
	528	42	b0b0b0
	287	6	808080
	249	407	
	148	68	b0b0b0
	308	199	d0d0d0
	594	395	
	526	43	
	598	184	b0b0b0
	324	82	d0d0d0
	239	380	
	518	363	808080
	560	217	
	322	215	b0b0b0
	590	425	
	579	76	d0d0d0
	563	266	b0b0b0
line	298	0	298	480	005000
	514		514		
	128	131	608	131	
		347		347	
rect	574	120	588	134	00488f
	370	153	386	169	009000
	533	127	547	141	00488f
triangle	363	235	371	243	00c000
diamond	575	9	591	25	c00000
rect	512	144	518	150	0060c0
	619	116	625	122	c00000
plus	604	9	614	19	c00000
	565	20	575	30	
rect	387	184	401	198	00ff00
line	226	380	241	376	489048
			230	365	
	241	376			204020
draw	0	0	128	480	/pictures/501.png
	608		640		/pictures/512.png
tint	29	159	37	172	ff0000	/font/5001/30
	35		43			/font/5001/35
	41		49			/font/5001/30
line	614	456	614	359	007fff
		359	622		
	622			456	00488f
		456	614		
rect	615	360	622	456	0070e0
line	614	328	614	231	ffff7f
		231	622		
	622			328	909048
		328	614		
rect	615	232	622	328	e0e070
line	614	200	614	103	ff7f7f
		103	622		
	622			200	904848
		200	614		
rect	615	104	622	200	e07070
line	618	8	629	8	90488f
			618	9	
	629		629		
	618	36		36	
			618	35	
	629		629		
rect	620	10	628	35	703870
		35			c060c0
	634	49	636	52	7fff7f
		53		56	60c060
		57		60	
		61		64	
		65		68	
		69		72	7fff7f
		73		76	60c060
		77		80	
		81		84	
		85		88	
		89		92	7fff7f
		93		96	60c060
		97		100	
		101		104	
		105		108	
		109		112	7fff7f
		113		116	60c060
		117		120	0060c0
		121		124	
		125		128	
		129		132	007fff
		133		136	183018
		137		140	
		141		144	
		145		148	
		149		152	
		153		156	
		157		160	
		161		164	
		165		168	
		169		172	
		173		176	
		177		180	
		181		184	
		185		188	
		189		192	
		193		196	
		197		200	
		201		204	
		205		208	
		209		212	
		213		216	
		217		220	
		221		224	
		225		228	
		229		232	
		233		236	
		237		240	
		241		244	
		245		248	
		249		252	
		253		256	
		257		260	
		261		264	
		265		268	
		269		272	
		273		276	
		277		280	
		281		284	
		285		288	
		289		292	
		293		296	
		297		300	
		301		304	
		305		308	
		309		312	
		313		316	
		317		320	
		321		324	
		325		328	
		329		332	
		333		336	
		337		340	
		341		344	
		345		348	
		349		352	
		353		356	
		357		360	
		361		364	
		365		368	
		369		372	
		373		376	
		377		380	
		381		384	
		385		388	
		389		392	
		393		396	
		397		400	
		401		404	
		405		408	
		409		412	
		413		416	
		417		420	
		421		424	
		425		428	
		429		432	
		433		436	
		437		440	
		441		444	
		445		448	
	621	52	631	56	303000
		57		61	
		62		66	
		67		71	
		72		76	
		77		81	
		82		86	
	7	7	115	115	00ff00
	8	8	114	114	001000
					003000
	12	320	121	440	001000
tint	15	320	23	333	00ff00	/font/5001/42
	21		29			/font/5001/55
	27		35			/font/5001/49
	33		41			/font/5001/4c
	39		47			/font/5001/44
	45		53			/font/5001/20
	51		59			/font/5001/53
	57		65			/font/5001/48
	63		71			/font/5001/49
	69		77			/font/5001/50
	75		83			/font/5001/53
line	12	342	119	342	009000
tint	15	332	23	345	00ff00	/font/5001/46
	21		29			/font/5001/61
	27		35			/font/5001/6e
	33		41			/font/5001/73
	39		47			/font/5001/69
	45		53			/font/5001/20
	51		59			/font/5001/41
	57		65			/font/5001/6c
	63		71			/font/5001/70
	69		77			/font/5001/68
	75		83			/font/5001/61
	15	344	23	357		/font/5001/46
	21		29			/font/5001/69
	27		35			/font/5001/67
	33		41			/font/5001/68
	39		47			/font/5001/74
	45		53			/font/5001/65
	51		59			/font/5001/72
	15	356	23	369		/font/5001/43
	21		29			/font/5001/72
	27		35			/font/5001/75
	33		41			/font/5001/69
	39		47			/font/5001/73
	45		53			/font/5001/65
	51		59			/font/5001/72
	15	368	23	381		/font/5001/47
	21		29			/font/5001/75
	27		35			/font/5001/6e
	33		41			/font/5001/73
	39		47			/font/5001/68
	45		53			/font/5001/69
	51		59			/font/5001/70
	15	380	23	393		/font/5001/54
	21		29			/font/5001/72
	27		35			/font/5001/61
	33		41			/font/5001/6e
	39		47			/font/5001/73
	45		53			/font/5001/70
	51		59			/font/5001/6f
	57		65			/font/5001/72
	63		71			/font/5001/74
line	12	403	12	392	009000
		392	120		
	120			403	005000
		403	12		
rect	13	393	120	403	007000
tint	15	392	23	405	00ff00	/font/5001/45
	21		29			/font/5001/6e
	27		35			/font/5001/67
	33		41			/font/5001/69
	39		47			/font/5001/6e
	45		53			/font/5001/65
	51		59			
	57		65			/font/5001/72
	63		71			/font/5001/20
	69		77			/font/5001/50
	75		83			/font/5001/6f
	81		89			/font/5001/64
	15	404	23	417		/font/5001/41
	21		29			/font/5001/73
	27		35			
	33		41			/font/5001/61
	39		47			/font/5001/75
	45		53			/font/5001/6c
	51		59			/font/5001/74
	57		65			/font/5001/20
	63		71			/font/5001/54
	69		77			/font/5001/72
	75		83			/font/5001/61
	81		89			/font/5001/6e
	87		95			/font/5001/73
	93		101			/font/5001/70
	99		107			/font/5001/6f
	105		113			/font/5001/72
	111		119			/font/5001/74
line	12	438	119	438	009000
rect	16	450	114	475	001010
line	17	461	17	450	00c0c0
		450	43		
	43			461	007070
		461	17		
rect	18	451	43	461	009090
tint	19	450	27	463	00ffff	/font/5001/52
	25		33			/font/5001/47
	31		39			/font/5001/48
	37		45			/font/5001/54
	43		51			/font/5001/20
	49		57			/font/5001/42
	55		63			/font/5001/75
	61		69			/font/5001/69
	67		75			/font/5001/6c
	73		81			/font/5001/64
line	17	473	17	462	00c0c0
		462	43		
	43			473	007070
		473	17		
rect	18	463	43	473	009090
tint	19	462	27	475	00ffff	/font/5001/4c
	25		33			/font/5001/45
	31		39			/font/5001/46
	37		45			/font/5001/54
	43		51			/font/5001/20
	49		57			/font/5001/4d
	55		63			/font/5001/61
	61		69			/font/5001/69
	67		75			/font/5001/6e
	73		81			/font/5001/20
	79		87			/font/5001/4d
	85		93			/font/5001/65
	91		99			/font/5001/6e
	97		105			/font/5001/75
rect	12	180	120	192	000000
line	12	191	12	180	ffff00
		180	119		
	119			191	909000
		191	12		
rect	13	181	119	191	c0c000
tint	15	180	23	193	000000	/font/5001/43
	21		29			/font/5001/4f
	27		35			/font/5001/4e
	33		41			/font/5001/54
	39		47			/font/5001/52
	45		53			/font/5001/4f
	51		59			/font/5001/4c
rect	12	192	120	204	000000
tint	15	192	23	205	7fff7f	/font/5001/46
	21		29			/font/5001/61
	27		35			/font/5001/6e
	33		41			/font/5001/73
	39		47			/font/5001/69
	45		53			/font/5001/20
	51		59			/font/5001/41
	57		65			/font/5001/6c
	63		71			/font/5001/70
	69		77			/font/5001/68
	75		83			/font/5001/61
rect	14	204	36	226	000000
draw	16	206	34	224	/sprites/1019.SMIV/0
line	14	204	35	204	489048
			14	205	
	35		35		
	14	225		225	
			14	224	
	35		35		
rect	40	204	51	226	000000
	53		64		
	69		120	216	
		216		228	
	12	228		240	
		252		264	
line	12	263	12	252	007fff
		252	119		
	119			263	00488f
		263	12		
rect	13	253	119	263	0060c0
tint	15	252	23	265	000000	/font/5001/54
	21		29			/font/5001/41
	27		35			/font/5001/52
	33		41			/font/5001/47
	39		47			/font/5001/45
	45		53			/font/5001/54
rect	12	264	120	276	000000
tint	15	264	23	277	7fff7f	/font/5001/46
	21		29			/font/5001/61
	27		35			/font/5001/6e
	33		41			/font/5001/73
	39		47			/font/5001/69
	45		53			/font/5001/20
	51		59			/font/5001/41
	57		65			/font/5001/6c
	63		71			/font/5001/70
	69		77			/font/5001/68
	75		83			/font/5001/61
rect	14	276	36	298	000000
draw	16	278	34	296	/sprites/1019.SMIV/0
line	14	276	35	276	489048
			14	277	
	35		35		
	14	297		297	
			14	296	
	35		35		
rect	40	276	51	298	000000
	53		64		
	69		120	288	
		288		300	
	12	300		312	
