line	412	208	413	208	808080
	601	423	602	422	b0b0b0
	514	401	515	401	808080
	191	128	192	127	
	272	136	273	135	b0b0b0
	291	14	292	14	
	451	186	451	185	808080
	538	199	539	199	b0b0b0
	399	71	400	71	808080
	362	24	363	23	
	248	335	249	335	
	363	321	364	320	b0b0b0
	553	148	554	147	808080
	308	318	310	317	d0d0d0
	237	115	238	114	808080
	580	250	580	249	
	586	423	587	422	d0d0d0
	244	252	246	251	
	596	454	597	453	b0b0b0
	512	144	514	143	d0d0d0
	223	419	225	418	
	441	261	441	260	808080
	334	414	335	413	b0b0b0
	530	7	531	6	808080
	412	168	413	167	b0b0b0
	599	205	601	204	d0d0d0
	582	264	584	262	
	458	256	459	255	b0b0b0
	599	63	601	62	d0d0d0
	406	388	407	387	b0b0b0
	182	260	184	259	d0d0d0
	205	19	206	18	808080
	158	475	159	475	
	201	63	202	62	
	225	224	226	224	
	553	330	555	329	d0d0d0
	425	266	427	265	
	244	293	245	293	808080
	604	268	605	267	b0b0b0
	478	51	479	50	808080
	481	187	482	186	
	368	173	368	173	
	355	153	356	152	
	459	60	460	59	
	586	467	587	467	
	352	317	353	316	d0d0d0
	431	140	433	139	
	578	352	579	352	808080
	280	84	281	83	b0b0b0
	337	99	337	98	808080
	318	312	319	311	d0d0d0
	538	367	539	365	
	177	394	178	394	808080
	580	23	580	22	
	571	340	572	339	b0b0b0
	340	42	340	41	808080
	366	470	367	470	
	592	319	593	318	d0d0d0
	347	339	349	338	
	198	344	199	344	808080
	440	26	441	25	d0d0d0
	129	148	131	147	
	553	461	554	460	808080
	232	212	233	212	
	235	296	237	294	d0d0d0
	343	235	344	235	808080
	328	358	329	358	
	303	421	304	419	d0d0d0
	372	164	374	163	b0b0b0
	588	221	589	220	808080
	295	242	296	241	d0d0d0
	502	51	503	49	
	537	169	538	169	b0b0b0
	542	49	543	48	
	396	296	397	295	808080
	570	64	571	63	d0d0d0
	269	471	270	470	b0b0b0
	346	100	347	99	
	193	93	194	92	
	522		524		d0d0d0
	592	6	593	5	
	493	180	494	179	808080
	162	238	163	238	
	299	107	301	106	b0b0b0
	351	266	352	264	d0d0d0
	278	186	279	185	b0b0b0
	553	479	555	477	d0d0d0
	330	349	332	348	
	364	91	365	89	
	130	67	131	66	808080
	377	376	378	375	
	422	67	423	66	d0d0d0
	365	90	366	89	b0b0b0
	494	10	495	9	d0d0d0
	589	464	589	464	808080
	403	32	404	31	b0b0b0
	266	436	267	436	808080
	128	464	130	463	d0d0d0
	457	21	458	20	808080
	535	472	536	471	
	135	104	136	103	
	183	152	184	151	b0b0b0
	299	268	301	267	
	192	5	194	4	d0d0d0
	253	352	255	351	
	283	468	284	468	808080
	418	180	419	179	
	194	353	195	352	b0b0b0
	532	102	533	101	808080
	172	319	173	318	b0b0b0
	454	405	456	404	d0d0d0
	259	167	260	166	b0b0b0
	158	461	160	460	d0d0d0
	593	81	595	80	b0b0b0
	400	4	401	2	d0d0d0
	549	87	550	86	b0b0b0
	242	461	243	460	
	397	396	398	395	
	243	448	244	447	d0d0d0
	343	133	345	132	
	323	401	324	401	808080
	412	66	413	66	
	564	60	565	60	
	588	42	590	41	b0b0b0
	241		242		808080
	226	0	226	480	002850
	332		332		005000
	438		438		002850
	544		544		
	128	6	608	6	
		112		112	
		218		218	
		324		324	005000
		430		430	002850
rect	525	349	539	363	00488f
triangle	363	235	371	243	00c000
rect	337	454	343	460	0060c0
dither	340	437	416	454	001830
tint	344	441	352	453	000000	/font/5000/46
	351		359			/font/5000/6c
	358		366			/font/5000/61
	365		373			/font/5000/6b
	372		380			/font/5000/20
	379		387			/font/5000/44
	386		394			/font/5000/72
	393		401			/font/5000/6f
	400		408			/font/5000/6e
	407		415			/font/5000/65
	343	440	351	452	007fff	/font/5000/46
	350		358			/font/5000/6c
	357		365			/font/5000/61
	364		372			/font/5000/6b
	371		379			/font/5000/20
	378		386			/font/5000/44
	385		393			/font/5000/72
	392		400			/font/5000/6f
	399		407			/font/5000/6e
	406		414			/font/5000/65
line	526	119	511	120	489048
			520	133	
	511	120			204020
draw	0	0	128	480	/pictures/501.png
	608		640		/pictures/512.png
tint	29	159	37	172	ff0000	/font/5001/30
	35		43			/font/5001/35
	41		49			/font/5001/30
line	614	456	614	359	007fff
		359	622		
	622			456	00488f
		456	614		
rect	615	360	622	456	0070e0
line	614	248	614	231	909048
		231	622		
	622			248	505028
		248	614		
rect	615	232	622	248	707038
line	614	328	614	249	ffff7f
		249	622		
	622			328	909048
		328	614		
rect	615	250	622	328	e0e070
line	614	200	614	103	ff7f7f
		103	622		
	622			200	904848
		200	614		
rect	615	104	622	200	e07070
line	618	8	629	8	90488f
			618	9	
	629		629		
	618	36		36	
			618	35	
	629		629		
rect	620	10	628	35	703870
		18			c060c0
	634	49	636	52	7fff7f
		53		56	60c060
		57		60	0060c0
		61		64	
		65		68	
		69		72	007fff
		73		76	0060c0
		77		80	
		81		84	
		85		88	
		89		92	007fff
		93		96	0060c0
		97		100	183018
		101		104	
		105		108	
		109		112	
		113		116	
		117		120	
		121		124	
		125		128	
		129		132	
		133		136	
		137		140	
		141		144	
		145		148	
		149		152	
		153		156	
		157		160	
		161		164	
		165		168	
		169		172	
		173		176	
		177		180	
		181		184	
		185		188	
		189		192	
		193		196	
		197		200	
		201		204	
		205		208	
		209		212	
		213		216	
		217		220	
		221		224	
		225		228	
		229		232	
		233		236	
		237		240	
		241		244	
		245		248	
		249		252	
		253		256	
		257		260	
		261		264	
		265		268	
		269		272	
		273		276	
		277		280	
		281		284	
		285		288	
		289		292	
		293		296	
		297		300	
		301		304	
		305		308	
		309		312	
		313		316	
		317		320	
		321		324	
		325		328	
		329		332	
		333		336	
		337		340	
		341		344	
		345		348	
		349		352	
		353		356	
		357		360	
		361		364	
		365		368	
		369		372	
		373		376	
		377		380	
		381		384	
		385		388	
		389		392	
		393		396	
		397		400	
		401		404	
		405		408	
		409		412	
		413		416	
		417		420	
		421		424	
		425		428	
		429		432	
		433		436	
		437		440	
		441		444	
		445		448	
	621	52	631	56	303000
		57		61	
		62		66	
		67		71	
		72		76	
		77		81	
		82		86	
	7	7	115	115	00ff00
	8	8	114	114	001000
					003000
	12	320	121	440	001000
tint	15	320	23	333	00ff00	/font/5001/42
	21		29			/font/5001/55
	27		35			/font/5001/49
	33		41			/font/5001/4c
	39		47			/font/5001/44
	45		53			/font/5001/20
	51		59			/font/5001/53
	57		65			/font/5001/48
	63		71			/font/5001/49
	69		77			/font/5001/50
	75		83			/font/5001/53
line	12	342	119	342	009000
tint	15	332	23	345	00ff00	/font/5001/46
	21		29			/font/5001/61
	27		35			/font/5001/6e
	33		41			/font/5001/73
	39		47			/font/5001/69
	45		53			/font/5001/20
	51		59			/font/5001/41
	57		65			/font/5001/6c
	63		71			/font/5001/70
	69		77			/font/5001/68
	75		83			/font/5001/61
	15	344	23	357		/font/5001/46
	21		29			/font/5001/69
	27		35			/font/5001/67
	33		41			/font/5001/68
	39		47			/font/5001/74
	45		53			/font/5001/65
	51		59			/font/5001/72
	15	356	23	369		/font/5001/43
	21		29			/font/5001/72
	27		35			/font/5001/75
	33		41			/font/5001/69
	39		47			/font/5001/73
	45		53			/font/5001/65
	51		59			/font/5001/72
	15	368	23	381		/font/5001/47
	21		29			/font/5001/75
	27		35			/font/5001/6e
	33		41			/font/5001/73
	39		47			/font/5001/68
	45		53			/font/5001/69
	51		59			/font/5001/70
	15	380	23	393		/font/5001/54
	21		29			/font/5001/72
	27		35			/font/5001/61
	33		41			/font/5001/6e
	39		47			/font/5001/73
	45		53			/font/5001/70
	51		59			/font/5001/6f
	57		65			/font/5001/72
	63		71			/font/5001/74
	15	392	23	405		/font/5001/45
	21		29			/font/5001/6e
	27		35			/font/5001/67
	33		41			/font/5001/69
	39		47			/font/5001/6e
	45		53			/font/5001/65
	51		59			
	57		65			/font/5001/72
	63		71			/font/5001/20
	69		77			/font/5001/50
	75		83			/font/5001/6f
	81		89			/font/5001/64
line	12	415	12	404	009000
		404	120		
	120			415	005000
		415	12		
rect	13	405	120	415	007000
tint	15	404	23	417	00ff00	/font/5001/41
	21		29			/font/5001/73
	27		35			
	33		41			/font/5001/61
	39		47			/font/5001/75
	45		53			/font/5001/6c
	51		59			/font/5001/74
	57		65			/font/5001/20
	63		71			/font/5001/54
	69		77			/font/5001/72
	75		83			/font/5001/61
	81		89			/font/5001/6e
	87		95			/font/5001/73
	93		101			/font/5001/70
	99		107			/font/5001/6f
	105		113			/font/5001/72
	111		119			/font/5001/74
line	12	438	119	438	009000
rect	16	450	114	475	001010
line	17	461	17	450	00c0c0
		450	43		
	43			461	007070
		461	17		
rect	18	451	43	461	009090
tint	19	450	27	463	00ffff	/font/5001/52
	25		33			/font/5001/47
	31		39			/font/5001/48
	37		45			/font/5001/54
	43		51			/font/5001/20
	49		57			/font/5001/42
	55		63			/font/5001/75
	61		69			/font/5001/69
	67		75			/font/5001/6c
	73		81			/font/5001/64
line	17	473	17	462	00c0c0
		462	43		
	43			473	007070
		473	17		
rect	18	463	43	473	009090
tint	19	462	27	475	00ffff	/font/5001/4c
	25		33			/font/5001/45
	31		39			/font/5001/46
	37		45			/font/5001/54
	43		51			/font/5001/20
	49		57			/font/5001/4d
	55		63			/font/5001/61
	61		69			/font/5001/69
	67		75			/font/5001/6e
	73		81			/font/5001/20
	79		87			/font/5001/4d
	85		93			/font/5001/65
	91		99			/font/5001/6e
	97		105			/font/5001/75
line	12	191	12	180	ffff00
		180	120		
	120			191	909000
		191	12		
rect	13	181	120	191	c0c000
tint	15	180	23	193	000000	/font/5001/43
	21		29			/font/5001/4f
	27		35			/font/5001/4e
	33		41			/font/5001/54
	39		47			/font/5001/52
	45		53			/font/5001/4f
	51		59			/font/5001/4c
	15	192	23	205	7fff7f	/font/5001/46
	21		29			/font/5001/61
	27		35			/font/5001/6e
	33		41			/font/5001/73
	39		47			/font/5001/69
	45		53			/font/5001/20
	51		59			/font/5001/41
	57		65			/font/5001/6c
	63		71			/font/5001/70
	69		77			/font/5001/68
	75		83			/font/5001/61
draw	16	206	34	224	/sprites/1019.SMIV/0
line	14	204	35	204	489048
			14	205	
	35		35		
	14	225		225	
			14	224	
	35		35		
	12	263	12	252	007fff
		252	120		
	120			263	00488f
		263	12		
rect	13	253	120	263	0060c0
tint	15	252	23	265	000000	/font/5001/54
	21		29			/font/5001/41
	27		35			/font/5001/52
	33		41			/font/5001/47
	39		47			/font/5001/45
	45		53			/font/5001/54
	15	264	23	277	7fff7f	/font/5001/46
	21		29			/font/5001/4c
	27		35			/font/5001/43
	33		41			/font/5001/4b
	39		47			/font/5001/44
	45		53			/font/5001/52
	51		59			/font/5001/4f
	57		65			/font/5001/4e
draw	16	280	34	295	/sprites/542.SMIV/0
line	14	276	35	276	489048
			14	277	
	35		35		
	14	297		297	
			14	296	
	35		35		
rect	42	278	49	278	003870
				296	0060c0
line	40	276	50	276	00488f
			40	277	
	50		50		
	40	297		297	
			40	296	
	50		50		
rect	55	278	62	278	707000
				296	c0c000
line	53	276	63	276	909000
			53	277	
	63		63		
	53	297		297	
			53	296	
	63		63		
tint	69	276	77	289	7fff7f	/font/5001/46
	75		83			/font/5001/4c
	81		89			/font/5001/41
	87		95			/font/5001/4b
	93		101			/font/5001/41
	99		107			/font/5001/52
	105		113			/font/5001/54
	69	288	77	301		/font/5001/41
	75		83			/font/5001/50
	81		89			/font/5001/55
	87		95			/font/5001/4c
	93		101			/font/5001/53
	99		107			/font/5001/45
	105		113			/font/5001/20
	111		119			/font/5001/31
	69	264	77	277		/font/5001/43
	75		83			/font/5001/4d
	81		89			/font/5001/49
	87		95			/font/5001/53
	93		101			
	99		107			/font/5001/49
	105		113			/font/5001/4c
	111		119			/font/5001/45
