point	321	209	808080
	463	424	b0b0b0
	423	402	808080
	579	22	
	134	137	b0b0b0
	154	15	
	359	187	808080
	400	200	b0b0b0
	307	72	808080
	271	24	
	157	336	
	225	322	b0b0b0
	462	149	808080
	604	214	b0b0b0
	145	116	808080
	488	251	
	408	437	b0b0b0
	573	285	808080
	330	462	
	328	145	d0d0d0
	584	86	b0b0b0
	349	261	808080
	196	415	b0b0b0
	439	8	808080
	274	168	b0b0b0
	416	206	d0d0d0
	398	265	
	321	257	b0b0b0
	416	64	d0d0d0
	268	389	b0b0b0
	542	336	808080
	586	430	b0b0b0
	485	407	
	580	265	
	134	225	808080
	370	331	d0d0d0
	242	267	
	153	294	808080
	466	269	b0b0b0
	387	51	808080
	389	187	
	276	174	
	264	154	
	367	61	
	583	306	b0b0b0
	168	318	d0d0d0
	247	141	
	486	353	808080
	142	85	b0b0b0
	245	100	808080
	134	314	d0d0d0
	354	368	
	564	391	808080
	488	24	
	433	340	b0b0b0
	248	43	808080
	403	469	
	408	320	d0d0d0
	163	341	
	585	6	808080
	256	27	d0d0d0
	426	394	
	532	442	
	141	213	808080
	530	235	d0d0d0
	252	236	808080
	237	359	
	368	420	d0d0d0
	235	164	b0b0b0
	496	222	808080
	590	144	d0d0d0
	318	52	
	400	170	b0b0b0
	404	50	
	305	297	808080
	386	65	d0d0d0
	389	472	b0b0b0
	208	101	
	534	39	
	339	94	d0d0d0
	408	7	
	401	180	808080
	522	421	b0b0b0
	162	108	
	167	267	d0d0d0
	140	187	b0b0b0
	282	0	
	146	350	d0d0d0
	180	92	
	474	303	b0b0b0
	285	377	808080
	238	68	d0d0d0
	227	91	b0b0b0
	310	12	d0d0d0
	410	463	808080
	265	33	b0b0b0
	175	437	808080
	514	43	
	365	22	
	554	466	b0b0b0
	481	339	
	552	110	808080
	162	269	b0b0b0
	487	184	d0d0d0
	239	465	808080
	189	461	b0b0b0
	327	181	808080
	535	68	b0b0b0
	441	103	808080
	544	2	
	271	406	d0d0d0
	602	131	808080
	470	466	b0b0b0
	456	81	
	216	5	d0d0d0
	412	88	b0b0b0
	554	248	d0d0d0
	259	397	b0b0b0
	235	449	d0d0d0
	160	134	
	232	402	808080
	320	67	
	472	61	
	451	42	b0b0b0
	150	43	808080
line	218	0	218	480	002850
	363		363		
	508		508		
	128	79	608	79	
		224		224	
		369		369	005000
rect	338	405	352	419	00488f
triangle	363	235	371	243	00c000
line	563	276	551	266	489048
			548	281	
	551	266			204020
draw	0	0	128	480	/pictures/501.png
	608		640		/pictures/512.png
crop	29	159	35	171	0	36	ff0000	/fonts/computer
	35		41		40			
	41		47		0			
line	614	456	614	359	007fff
		359	622		
	622			456	00488f
		456	614		
rect	615	360	622	456	0070e0
line	614	231	614	231	909048
			622		
	622				505028
			614		
	614	328		232	ffff7f
		232	622		
	622			328	909048
		328	614		
rect	615	233	622	328	e0e070
line	614	106	614	103	904848
		103	622		
	622			106	502828
		106	614		
rect	615	104	622	106	703838
line	614	200	614	107	ff7f7f
		107	622		
	622			200	904848
		200	614		
rect	615	108	622	200	e07070
line	618	8	629	8	90488f
			618	9	
	629		629		
	618	36		36	
			618	35	
	629		629		
rect	620	10	628	35	703870
		35			c060c0
	634	49	636	52	7fff7f
		53		56	60c060
		57		60	
		61		64	0060c0
		65		68	
		69		72	007fff
		73		76	0060c0
		77		80	
		81		84	
		85		88	
		89		92	007fff
		93		96	0060c0
		97		100	
		101		104	183018
		105		108	
		109		112	
		113		116	
		117		120	
		121		124	
		125		128	
		129		132	
		133		136	
		137		140	
		141		144	
		145		148	
		149		152	
		153		156	
		157		160	
		161		164	
		165		168	
		169		172	
		173		176	
		177		180	
		181		184	
		185		188	
		189		192	
		193		196	
		197		200	
		201		204	
		205		208	
		209		212	
		213		216	
		217		220	
		221		224	
		225		228	
		229		232	
		233		236	
		237		240	
		241		244	
		245		248	
		249		252	
		253		256	
		257		260	
		261		264	
		265		268	
		269		272	
		273		276	
		277		280	
		281		284	
		285		288	
		289		292	
		293		296	
		297		300	
		301		304	
		305		308	
		309		312	
		313		316	
		317		320	
		321		324	
		325		328	
		329		332	
		333		336	
		337		340	
		341		344	
		345		348	
		349		352	
		353		356	
		357		360	
		361		364	
		365		368	
		369		372	
		373		376	
		377		380	
		381		384	
		385		388	
		389		392	
		393		396	
		397		400	
		401		404	
		405		408	
		409		412	
		413		416	
		417		420	
		421		424	
		425		428	
		429		432	
		433		436	
		437		440	
		441		444	
		445		448	
	621	52	631	56	303000
		57		61	
		62		66	
		67		71	
		72		76	
		77		81	
		82		86	
	7	7	115	115	00ff00
	8	8	114	114	001000
					003000
point	55	109	00e000
rect	12	320	121	440	001000
crop	15	320	21	332	16	48	00ff00	/fonts/computer
	21		27		40	60		
	27		33		72	48		
	33		39		96			
	39		45		32			
	45		51		0	24		
	51		57		24	60		
	57		63		64	48		
	63		69		72			
	69		75		0	60		
	75		81		24			
line	12	342	119	342	009000
crop	15	332	21	344	48	48	00ff00	/fonts/computer
	21		27		8	72		
	27		33		112			
	33		39		24	84		
	39		45		72	72		
	45		51		0	24		
	51		57		8	48		
	57		63		96	72		
	63		69		0	84		
	69		75		64	72		
	75		81		8			
	15	344	21	356	48	48		
	21		27		72	72		
	27		33		56			
	33		39		64			
	39		45		32	84		
	45		51		40	72		
	51		57		16	84		
	15	356	21	368	24	48		
	21		27		16	84		
	27		33		40			
	33		39		72	72		
	39		45		24	84		
	45		51		40	72		
	51		57		16	84		
	15	368	21	380	56	48		
	21		27		40	84		
	27		33		112	72		
	33		39		24	84		
	39		45		64	72		
	45		51		72			
	51		57		0	84		
	15	380	21	392	32	60		
	21		27		16	84		
	27		33		8	72		
	33		39		112			
	39		45		24	84		
	45		51		0			
	51		57		120	72		
	57		63		16	84		
	63		69		32			
	15	392	21	404	40	48		
	21		27		112	72		
	27		33		56			
	33		39		72			
	39		45		112			
	45		51		40			
	51		57					
	57		63		16	84		
	63		69		0	24		
	69		75			60		
	75		81		120	72		
	81		87		32			
line	12	415	12	404	009000
		404	120		
	120			415	005000
		415	12		
rect	13	405	120	415	007000
crop	15	404	21	416	8	48	00ff00	/fonts/computer
	21		27		24	84		
	27		33					
	33		39		8	72		
	39		45		40	84		
	45		51		96	72		
	51		57		32	84		
	57		63		0	24		
	63		69		32	60		
	69		75		16	84		
	75		81		8	72		
	81		87		112			
	87		93		24	84		
	93		99		0			
	99		105		120	72		
	105		111		16	84		
	111		117		32			
line	12	438	119	438	009000
rect	16	450	114	475	001010
line	17	461	17	450	00c0c0
		450	43		
	43			461	007070
		461	17		
rect	18	451	43	461	009090
crop	19	450	25	462	16	60	00ffff	/fonts/computer
	25		31		56	48		
	31		37		64			
	37		43		32	60		
	43		49		0	24		
	49		55		16	48		
	55		61		40	84		
	61		67		72	72		
	67		73		96			
	73		79		32			
line	17	473	17	462	00c0c0
		462	43		
	43			473	007070
		473	17		
rect	18	463	43	473	009090
crop	19	462	25	474	96	48	00ffff	/fonts/computer
	25		31		40			
	31		37		48			
	37		43		32	60		
	43		49		0	24		
	49		55		104	48		
	55		61		8	72		
	61		67		72			
	67		73		112			
	73		79		0	24		
	79		85		104	48		
	85		91		40	72		
	91		97		112			
	97		103		40	84		
line	12	191	12	180	ffff00
		180	120		
	120			191	909000
		191	12		
rect	13	181	120	191	c0c000
crop	15	180	21	192	24	48	000000	/fonts/computer
	21		27		120			
	27		33		112			
	33		39		32	60		
	39		45		16			
	45		51		120	48		
	51		57		96			
	15	192	21	204	48		7fff7f	
	21		27		8	72		
	27		33		112			
	33		39		24	84		
	39		45		72	72		
	45		51		0	24		
	51		57		8	48		
	57		63		96	72		
	63		69		0	84		
	69		75		64	72		
	75		81		8			
draw	16	206	34	224	/sprites/1019.SMIV/0
line	14	204	35	204	489048
			14	205	
	35		35		
	14	225		225	
			14	224	
	35		35		
	12	263	12	252	007fff
		252	120		
	120			263	00488f
		263	12		
rect	13	253	120	263	0060c0
crop	15	252	21	264	32	60	000000	/fonts/computer
	21		27		8	48		
	27		33		16	60		
	33		39		56	48		
	39		45		40			
	45		51		32	60		
	15	264	21	276	16	48	7fff7f	
	21		27		40	84		
	27		33		112	72		
	33		39		88			
	39		45		40			
	45		51		16	84		
	51		57		0	24		
	57		63		24	60		
	63		69		32	84		
	69		75		8	72		
	75		81		32	84		
	81		87		72	72		
	87		93		120			
	93		99		112			
	99		105		0	24		
	105		111		16	36		
draw	16	280	34	294	/sprites/643.SMIV/0
line	14	276	35	276	489048
			14	277	
	35		35		
	14	297		297	
			14	296	
	35		35		
rect	42	278	49	278	003870
				296	0060c0
line	40	276	50	276	00488f
			40	277	
	50		50		
	40	297		297	
			40	296	
	50		50		
rect	55	278	62	278	707000
				296	c0c000
line	53	276	63	276	909000
			53	277	
	63		63		
	53	297		297	
			53	296	
	63		63		
crop	69	276	75	288	16	60	7fff7f	/fonts/computer
	75		81		40	48		
	81		87		0	60		
	87		93		40			
	93		99		96	48		
	99		105		24	60		
	105		111		40	48		
	111		117		16	60		
	69	288	75	300	0			
	75		81		40			
	81		87		96	48		
	87		93		24	60		
	93		99			48		
	99		105		8			
	105		111		112			
	111		117					
