point	569	93	d0d0d0
	471	444	808080
	417	120	
	323	68	
	233	194	d0d0d0
	299	399	808080
	430	397	b0b0b0
	420	40	d0d0d0
	600	297	b0b0b0
	452	169	
	279	77	808080
	246	31	b0b0b0
	576	119	
	334	99	d0d0d0
	213	178	808080
	392	56	
	303	38	
	505	53	
	325	476	b0b0b0
	496	309	d0d0d0
	327	232	
	392	215	808080
	213	200	
	340	386	b0b0b0
	572	34	808080
	549	178	b0b0b0
	261	408	808080
	477	214	
	466	229	
	206	21	
	352	310	b0b0b0
	396	40	808080
	183	447	
	523	463	
	434	93	
	478	456	
	558	52	
	437	425	d0d0d0
	469	308	808080
	276	38	d0d0d0
	507	167	808080
	599	111	
	431	152	
	447	241	b0b0b0
	544	83	808080
	460	61	b0b0b0
	566	95	808080
	511	152	b0b0b0
	421	120	808080
	255	459	b0b0b0
	251	463	d0d0d0
	595	162	808080
	465	108	d0d0d0
	442	124	808080
	593	390	
	169	148	d0d0d0
	190	393	808080
	549	455	
	561	232	b0b0b0
	525	360	808080
	235	320	b0b0b0
	231	324	808080
	199	168	
	272	351	
	164	18	
	543	299	
	233	37	d0d0d0
	382	438	
	525	208	808080
	505	439	
	531	239	
	542	476	b0b0b0
	581	24	808080
	454	257	b0b0b0
	408	88	
	205	74	808080
	553	226	b0b0b0
	590	166	d0d0d0
	144	315	
	236	35	
	527	25	808080
	266	15	d0d0d0
	403	391	b0b0b0
	145	424	808080
	482	95	
	264	391	d0d0d0
	271	110	808080
	430	325	b0b0b0
	396	415	
	395	21	d0d0d0
	290	163	
	244	372	
	525	70	
	360	238	808080
	362	55	d0d0d0
	326	96	
	531	72	808080
	358	79	b0b0b0
	519	472	808080
	565	363	d0d0d0
	256	161	b0b0b0
	575	70	808080
	255	117	
	352	104	b0b0b0
	448	210	808080
	408	353	d0d0d0
	196	47	808080
	278	106	
	344	281	
	201	422	
	561	384	
	582	234	
	199	230	
	278	398	d0d0d0
	166	366	b0b0b0
	364	101	d0d0d0
	219	80	b0b0b0
	226	94	d0d0d0
	588	111	808080
	525	424	
	448	83	
	223	295	d0d0d0
	543	239	
	391	114	808080
	590	214	b0b0b0
rect	297	0	298	480	000050
	598		599		005000
	128	103	608	104	000050
		404		405	002850
line	63	356	66	345	00ff00
draw	361	230	379	246	/sprites/ish/cruiser%15
	86	35	127	89	/sprites/can/carrier%10
	109	292	136	318	/sprites/ish/gunship%3
	92	210	108	226	/sprites/ish/cruiser%11
	34	347	38	355	/sprites/dev/cm%13
	105	88	109	92	/sprites/dev/cluster%0
	119	99	123	107	/sprites/dev/cm%12
	112	79	116	83	/sprites/dev/cluster%0
	120	112	124	116	
	114	132	118	136	
		114		118	
	100	220	104	225	/sprites/dev/fusion%11
line	217	369	232	367	489048
			222	354	
	232	367			204020
draw	0	-144	128	624	/pictures/gui/instruments/left.png
	608		640		/pictures/gui/instruments/right.png
crop	29	159	35	171	0	36	ff0000	/fonts/computer.png
	35		41		8			
	41		47		48			
rect	614	359	615	365	00488f
			623	360	
	622			365	002850
	614	364			
	615	360	622	364	003870
	614	365	615	457	007fff
			623	366	
	622			457	00488f
	614	456			
	615	366	622	456	0070e0
	614	231	615	232	909048
			623		
	622				505028
	614				
		232	615	329	ffff7f
			623	233	
	622			329	909048
	614	328			
	615	233	622	328	e0e070
	614	103	615	119	904848
			623	104	
	622			119	502828
	614	118			
	615	104	622	118	703838
	614	119	615	201	ff7f7f
			623	120	
	622			201	904848
	614	200			
	615	120	622	200	e07070
	618	8	630	9	90488f
			619	10	
	629		630		
	618	36		37	
		35	619		
	629		630		
	620	10	628	35	703870
		35			c060c0
	634	49	636	52	7fff7f
		53		56	60c060
		57		60	
		61		64	
		65		68	703800
		69		72	183018
		73		76	
		77		80	
		81		84	
		85		88	
		89		92	
		93		96	
		97		100	
		101		104	
		105		108	
		109		112	
		113		116	
		117		120	
		121		124	
		125		128	
		129		132	
		133		136	
		137		140	
		141		144	
		145		148	
		149		152	
		153		156	
		157		160	
		161		164	
		165		168	
		169		172	
		173		176	
		177		180	
		181		184	
		185		188	
		189		192	
		193		196	
		197		200	
		201		204	
		205		208	
		209		212	
		213		216	
		217		220	
		221		224	
		225		228	
		229		232	
		233		236	
		237		240	
		241		244	
		245		248	
		249		252	
		253		256	
		257		260	
		261		264	
		265		268	
		269		272	
		273		276	
		277		280	
		281		284	
		285		288	
		289		292	
		293		296	
		297		300	
		301		304	
		305		308	
		309		312	
		313		316	
		317		320	
		321		324	
		325		328	
		329		332	
		333		336	
		337		340	
		341		344	
		345		348	
		349		352	
		353		356	
		357		360	
		361		364	
		365		368	
		369		372	
		373		376	
		377		380	
		381		384	
		385		388	
		389		392	
		393		396	
		397		400	
		401		404	
		405		408	
		409		412	
		413		416	
		417		420	
		421		424	
		425		428	
		429		432	
		433		436	
		437		440	
		441		444	
		445		448	
	621	52	631	56	303000
		57		61	
		62		66	
		67		71	
		72		76	
		77		81	
		82		86	
	7	7	115	115	00ff00
	8	8	114	114	001000
	54	54	70	70	003000
point	53	55	00e000
	55	51	
	50	64	
	53	63	
		56	
	52	52	
		50	
	53	56	
		57	
	101	56	
	52	61	
	47	62	
	52	61	
	53	57	
		58	
		57	
	51	64	
rect	12	320	121	440	001000
		342	120	343	009000
		356	13	368	
			121	357	
	120			368	005000
	12	367			
	13	357	120	367	007000
	12	438		439	009000
	16	450	114	475	001010
	17		18	462	00c0c0
			44	451	
	43			462	007070
	17	461			
	18	451	43	461	009090
	17	462	18	474	00c0c0
			44	463	
	43			474	007070
	17	473			
	18	463	43	473	009090
crop	15	320	21	332	16	48	00ff00	/fonts/computer.png
	21		27		40	60		
	27		33		72	48		
	33		39		96			
	39		45		32			
	51		57		24	60		
	57		63		64	48		
	63		69		72			
	69		75		0	60		
	75		81		24			
	15	332	21	344	48	48		
	21		27		8	72		
	27		33		112			
	33		39		24	84		
	39		45		72	72		
	51		57		8	48		
	57		63		96	72		
	63		69		0	84		
	69		75		64	72		
	75		81		8			
	15	344	21	356	48	48		
	21		27		72	72		
	27		33		56			
	33		39		64			
	39		45		32	84		
	45		51		40	72		
	51		57		16	84		
	15	356	21	368	24	48	003000	
	21		27		16	84		
	27		33		40			
	33		39		72	72		
	39		45		24	84		
	45		51		40	72		
	51		57		16	84		
	15	368	21	380	56	48	009000	
	21		27		40	84		
	27		33		112	72		
	33		39		24	84		
	39		45		64	72		
	45		51		72			
	51		57		0	84		
	15	380	21	392	32	60	00ff00	
	21		27		16	84		
	27		33		8	72		
	33		39		112			
	39		45		24	84		
	45		51		0			
	51		57		120	72		
	57		63		16	84		
	63		69		32			
	15	392	21	404	40	48		
	21		27		112	72		
	27		33		56			
	33		39		72			
	39		45		112			
	45		51		40			
	51		57					
	57		63		16	84		
	69		75		0	60		
	75		81		120	72		
	81		87		32			
	15	404	21	416	8	48	009000	
	21		27		24	84		
	27		33					
	33		39		8	72		
	39		45		40	84		
	45		51		96	72		
	51		57		32	84		
	63		69			60		
	69		75		16	84		
	75		81		8	72		
	81		87		112			
	87		93		24	84		
	93		99		0			
	99		105		120	72		
	105		111		16	84		
	111		117		32			
	19	450	25	462	16	60	00ffff	
	25		31		56	48		
	31		37		64			
	37		43		32	60		
	49		55		16	48		
	55		61		40	84		
	61		67		72	72		
	67		73		96			
	73		79		32			
	19	462	25	474	96	48		
	25		31		40			
	31		37		48			
	37		43		32	60		
	49		55		104	48		
	55		61		8	72		
	61		67		72			
	67		73		112			
	79		85		104	48		
	85		91		40	72		
	91		97		112			
	97		103		40	84		
rect	12	180	13	192	ffff00
			121	181	
	120			192	909000
	12	191			
	13	181	120	191	c0c000
crop	15	180	21	192	24	48	000000	/fonts/computer.png
	21		27		120			
	27		33		112			
	33		39		32	60		
	39		45		16			
	45		51		120	48		
	51		57		96			
	15	192	21	204	48		7fff7f	
	21		27		8	72		
	27		33		112			
	33		39		24	84		
	39		45		72	72		
	51		57		8	48		
	57		63		96	72		
	63		69		0	84		
	69		75		64	72		
	75		81		8			
draw	16	206	34	224	/sprites/loc/planets/redwhite-excitement%0
rect	14	204	36	205	489048
			15	206	
	35		36		
	14	225		226	
		224	15		
	35		36		
	12	252	13	264	007fff
			121	253	
	120			264	00488f
	12	263			
	13	253	120	263	0060c0
crop	15	252	21	264	32	60	000000	/fonts/computer.png
	21		27		8	48		
	27		33		16	60		
	33		39		56	48		
	39		45		40			
	45		51		32	60		
	15	264	21	276	24	48	7fff7f	
	21		27		16	60		
	27		33		40			
	33		39		72	48		
	39		45		24	60		
	45		51		40	48		
	51		57		16	60		
draw	16	280	34	294	/sprites/ish/cruiser%0
rect	14	276	36	277	489048
			15	278	
	35		36		
	14	297		298	
		296	15		
	35		36		
	42	278	49	280	003870
		280		296	0060c0
	40	276	51	277	00488f
			41	278	
	50		51		
	40	297		298	
		296	41		
	50		51		
	55	278	62	279	707000
		279		296	c0c000
	53	276	64	277	909000
			54	278	
	63		64		
	53	297		298	
		296	54		
	63		64		
crop	69	276	75	288	0	60	7fff7f	/fonts/computer.png
	75		81		88	48		
	81		87		16			
	87		93		40			
	93		99		8			
	99		105		104			
	111		117		8	36		
	69	288	75	300	48	48		
	81		87		0	60		
	87		93		40			
	93		99		96	48		
	99		105		24	60		
	105		111		40	48		
