point	340	275	808080
	145	432	
	548	10	b0b0b0
	412	191	
	336	160	d0d0d0
	540	92	808080
	467	305	d0d0d0
	172	124	
	159	299	
	331	167	808080
	517	196	
	541	156	d0d0d0
	236	98	808080
	367	113	b0b0b0
	156	457	808080
	260	347	
	528	297	b0b0b0
	283	47	d0d0d0
	250	332	b0b0b0
	344	398	
	334	268	808080
	156	176	
	560	404	b0b0b0
	176	197	
	234	304	d0d0d0
	360	309	b0b0b0
	179	166	
	454	221	d0d0d0
	360	249	b0b0b0
	563	334	d0d0d0
	270	185	808080
	194	65	b0b0b0
	179	470	808080
	132	209	
	589	356	
	329	271	
	150	193	
	276	443	
	182	119	d0d0d0
	482	309	808080
	528	265	d0d0d0
	261	360	808080
	220	17	
	435	373	
	179	472	
	585	467	d0d0d0
		62	
	379	222	808080
	152	276	d0d0d0
	215	100	b0b0b0
	405	82	808080
	334	217	
	470	209	
	534	369	
	152	33	
	294	82	
	305	142	
	144	148	
	482	177	b0b0b0
	597	256	d0d0d0
	524	8	808080
	486	465	b0b0b0
	605	291	808080
	571	437	
	294	242	b0b0b0
	473	265	808080
	149	450	
	377	355	d0d0d0
	326	237	b0b0b0
	401	317	
	170	468	d0d0d0
	527	168	808080
	130	51	
	581	45	
	400	67	d0d0d0
	595	241	808080
	523	113	
	191	344	
	268	76	
	379	314	
	317	50	b0b0b0
	349	341	
	254	188	d0d0d0
	211	161	
	264	364	
	352	239	b0b0b0
	390	306	808080
	272	352	
	397	230	
	500	373	b0b0b0
	373	448	808080
	138	189	d0d0d0
	509	391	808080
	283	327	
	482	145	d0d0d0
	461	66	
	449	385	
	471	12	b0b0b0
	234	136	
	142	134	
	394	121	808080
	374	444	b0b0b0
	130	411	
	391	245	808080
	130	378	b0b0b0
	293	332	
	468	288	808080
	171	449	d0d0d0
	505	426	808080
	380	1	d0d0d0
	293	370	b0b0b0
	384	164	
	220	462	808080
	225	57	b0b0b0
	353	322	d0d0d0
	395	448	
	577	421	808080
	145	14	b0b0b0
	467	354	808080
	390	136	
	145	364	b0b0b0
	301	345	808080
	172	118	
	482	398	b0b0b0
	130	319	d0d0d0
	317	243	ff7f00
		245	
	314	239	
	312	247	
	313	245	
	316	239	
	313	244	
	314	242	
	317		
		245	
	449	209	804000
	447	229	
	448	240	
	500	397	
	374	217	
	301	206	
	346	344	
	473	364	
	371	262	
	408	346	
rect	406	0	407	481	000050
	128	15	609	16	002850
line	429	90	423	103	ffff7f
	412	177	424	165	00ff00
	476	-65	471	-46	ffff7f
	411	206	406	214	
	427	155	420	167	00ff00
crop	613	390	645	417	43	111	ffffff	/sprites/...
	441	109	469	149	81	89		
static	342	220	390	265	ffffff	77	/sprites/...
crop	585	93	613	121	197	37	ffffff	/sprites/...
	310	239	318	246	15	122		
	404	252	436	283	282	4		
line	506	97	491	101	489048
			503	112	
	491	101			204020
draw	0	0	128	480	/pictures/501.png
	608		640		/pictures/512.png
rect	614	359	615	408	00488f
			623	360	
	622			408	002850
	614	407			
	615	360	622	407	003870
	614	408	615	457	007fff
			623	409	
	622			457	00488f
	614	456			
	615	409	622	456	0070e0
	614	231	615	239	909048
			623	232	
	622			239	505028
	614	238			
	615	232	622	238	707038
	614	239	615	329	ffff7f
			623	240	
	622			329	909048
	614	328			
	615	240	622	328	e0e070
	614	103	615	113	904848
			623	104	
	622			113	502828
	614	112			
	615	104	622	112	703838
	614	113	615	201	ff7f7f
			623	114	
	622			201	904848
	614	200			
	615	114	622	200	e07070
	618	8	630	9	90488f
			619	10	
	629		630		
	618	36		37	
		35	619		
	629		630		
	620	10	628	35	703870
		35			c060c0
	634	49	636	52	007fff
		53		56	0060c0
		57		60	
		61		64	
		65		68	
		69		72	183018
		73		76	
		77		80	
		81		84	
		85		88	
		89		92	
		93		96	
		97		100	
		101		104	
		105		108	
		109		112	
		113		116	
		117		120	
		121		124	
		125		128	
		129		132	
		133		136	
		137		140	
		141		144	
		145		148	
		149		152	
		153		156	
		157		160	
		161		164	
		165		168	
		169		172	
		173		176	
		177		180	
		181		184	
		185		188	
		189		192	
		193		196	
		197		200	
		201		204	
		205		208	
		209		212	
		213		216	
		217		220	
		221		224	
		225		228	
		229		232	
		233		236	
		237		240	
		241		244	
		245		248	
		249		252	
		253		256	
		257		260	
		261		264	
		265		268	
		269		272	
		273		276	
		277		280	
		281		284	
		285		288	
		289		292	
		293		296	
		297		300	
		301		304	
		305		308	
		309		312	
		313		316	
		317		320	
		321		324	
		325		328	
		329		332	
		333		336	
		337		340	
		341		344	
		345		348	
		349		352	
		353		356	
		357		360	
		361		364	
		365		368	
		369		372	
		373		376	
		377		380	
		381		384	
		385		388	
		389		392	
		393		396	
		397		400	
		401		404	
		405		408	
		409		412	
		413		416	
		417		420	
		421		424	
		425		428	
		429		432	
		433		436	
		437		440	
		441		444	
		445		448	
	621	52	631	56	303000
		57		61	
		62		66	
		67		71	
		72		76	
		77		81	
		82		86	
	7	7	115	115	00ff00
	8	8	114	114	001000
	57	57	65	65	003000
point	66	64	00e000
	65	72	
	62	59	
	69	60	
	60	61	
	103	45	
	62	60	
	61	61	
	62		
		59	
	65		
	63	56	
	47	57	
	78	53	
	66	65	
	62	60	
rect	12	320	121	440	001000
		342	120	343	009000
		356	13	368	
			121	357	
	120			368	005000
	12	367			
	13	357	120	367	007000
	12	438		439	009000
	16	450	114	475	001010
	17		18	462	00c0c0
			44	451	
	43			462	007070
	17	461			
	18	451	43	461	009090
	17	462	18	474	00c0c0
			44	463	
	43			474	007070
	17	473			
	18	463	43	473	009090
crop	15	320	21	332	16	48	00ff00	/fonts/computer.png
	21		27		40	60		
	27		33		72	48		
	33		39		96			
	39		45		32			
	45		51		0	24		
	51		57		24	60		
	57		63		64	48		
	63		69		72			
	69		75		0	60		
	75		81		24			
	15	332	21	344	48	48		
	21		27		8	72		
	27		33		112			
	33		39		24	84		
	39		45		72	72		
	45		51		0	24		
	51		57		8	48		
	57		63		96	72		
	63		69		0	84		
	69		75		64	72		
	75		81		8			
	15	344	21	356	48	48		
	21		27		72	72		
	27		33		56			
	33		39		64			
	39		45		32	84		
	45		51		40	72		
	51		57		16	84		
	15	356	21	368	24	48		
	21		27		16	84		
	27		33		40			
	33		39		72	72		
	39		45		24	84		
	45		51		40	72		
	51		57		16	84		
	15	368	21	380	56	48	009000	
	21		27		40	84		
	27		33		112	72		
	33		39		24	84		
	39		45		64	72		
	45		51		72			
	51		57		0	84		
	15	380	21	392	32	60	00ff00	
	21		27		16	84		
	27		33		8	72		
	33		39		112			
	39		45		24	84		
	45		51		0			
	51		57		120	72		
	57		63		16	84		
	63		69		32			
	15	392	21	404	40	48		
	21		27		112	72		
	27		33		56			
	33		39		72			
	39		45		112			
	45		51		40			
	51		57					
	57		63		16	84		
	63		69		0	24		
	69		75			60		
	75		81		120	72		
	81		87		32			
	15	404	21	416	8	48	009000	
	21		27		24	84		
	27		33					
	33		39		8	72		
	39		45		40	84		
	45		51		96	72		
	51		57		32	84		
	57		63		0	24		
	63		69		32	60		
	69		75		16	84		
	75		81		8	72		
	81		87		112			
	87		93		24	84		
	93		99		0			
	99		105		120	72		
	105		111		16	84		
	111		117		32			
	19	450	25	462	16	60	00ffff	
	25		31		56	48		
	31		37		64			
	37		43		32	60		
	43		49		0	24		
	49		55		16	48		
	55		61		40	84		
	61		67		72	72		
	67		73		96			
	73		79		32			
	19	462	25	474	96	48		
	25		31		40			
	31		37		48			
	37		43		32	60		
	43		49		0	24		
	49		55		104	48		
	55		61		8	72		
	61		67		72			
	67		73		112			
	73		79		0	24		
	79		85		104	48		
	85		91		40	72		
	91		97		112			
	97		103		40	84		
rect	12	180	13	192	ffff00
			121	181	
	120			192	909000
	12	191			
	13	181	120	191	c0c000
crop	15	180	21	192	24	48	000000	/fonts/computer.png
	21		27		120			
	27		33		112			
	33		39		32	60		
	39		45		16			
	45		51		120	48		
	51		57		96			
	15	192	21	204	56		7fff7f	
	21		27		40	60		
	27		33		112	48		
	33		39		24	60		
	39		45		64	48		
	45		51		72			
	51		57		0	60		
	16	208	34	222	5	6	ffffff	/sprites/...
rect	14	204	36	205	489048
			15	206	
	35		36		
	14	225		226	
		224	15		
	35		36		
	42	206	49	215	003870
		215		224	0060c0
	40	204	51	205	00488f
			41	206	
	50		51		
	40	225		226	
		224	41		
	50		51		
	55	206	62	208	707000
		208		224	c0c000
	53	204	64	205	909000
			54	206	
	63		64		
	53	225		226	
		224	54		
	63		64		
crop	69	204	75	216	0	60	7fff7f	/fonts/computer.png
	75		81		88	48		
	81		87		16			
	87		93		40			
	93		99		8			
	99		105		104			
	105		111		0	24		
	111		117		8	36		
	69	216	75	228	96	48		
	75		81		16			
	81		87		40			
	87		93		8			
	93		99		104			
	99		105		0	24		
	105		111		8	36		
	12	228	18	240	24	48	00ff00	
	18		24		16	84		
	24		30		40			
	30		36		72	72		
	36		42		24	84		
	42		48		40	72		
	48		54		16	84		
rect	12	252	13	264	007fff
			121	253	
	120			264	00488f
	12	263			
	13	253	120	263	0060c0
crop	15	252	21	264	32	60	000000	/fonts/computer.png
	21		27		8	48		
	27		33		16	60		
	33		39		56	48		
	39		45		40			
	45		51		32	60		
	15	264	21	276	56	48	7fff7f	
	21		27		40	60		
	27		33		112	48		
	33		39		24	60		
	39		45		64	48		
	45		51		72			
	51		57		0	60		
	16	280	34	294	5	6	ffffff	/sprites/...
rect	14	276	36	277	489048
			15	278	
	35		36		
	14	297		298	
		296	15		
	35		36		
	42	278	49	287	003870
		287		296	0060c0
	40	276	51	277	00488f
			41	278	
	50		51		
	40	297		298	
		296	41		
	50		51		
	55	278	62	280	707000
		280		296	c0c000
	53	276	64	277	909000
			54	278	
	63		64		
	53	297		298	
		296	54		
	63		64		
crop	69	276	75	288	0	60	7fff7f	/fonts/computer.png
	75		81		88	48		
	81		87		16			
	87		93		40			
	93		99		8			
	99		105		104			
	105		111		0	24		
	111		117		8	36		
	69	288	75	300	96	48		
	75		81		16			
	81		87		40			
	87		93		8			
	93		99		104			
	99		105		0	24		
	105		111		8	36		
	12	300	18	312	24	48	00ff00	
	18		24		16	84		
	24		30		40			
	30		36		72	72		
	36		42		24	84		
	42		48		40	72		
	48		54		16	84		
rect	0	0	640	480	ffffff7f
