point	517	0	808080
	410	286	
	158	435	
	146	20	
	176	458	d0d0d0
	275	343	
	136	331	b0b0b0
	243	134	d0d0d0
	541	289	b0b0b0
	441	63	
	388	337	d0d0d0
	270	119	808080
	444	284	b0b0b0
	462	48	
	602	346	
	437	71	808080
	490	168	d0d0d0
	164	78	b0b0b0
	472	409	
	172	203	808080
	260	463	d0d0d0
	240	175	808080
	346	22	b0b0b0
	243	255	d0d0d0
	347	273	808080
	319	374	b0b0b0
	262	387	d0d0d0
	462	476	808080
	561	351	d0d0d0
	473	344	808080
	483	255	
	416	370	b0b0b0
	391	123	
	360	249	d0d0d0
	424	269	808080
	526	288	d0d0d0
	268	455	b0b0b0
	453	167	808080
	260	277	b0b0b0
	204	240	d0d0d0
	332	235	
	439	84	808080
	341	443	
	130	259	
	217	36	d0d0d0
	145	323	808080
	267	359	
	192	262	b0b0b0
	252	408	808080
	158	68	d0d0d0
	503	107	
	314	392	b0b0b0
	231	292	808080
	385	180	d0d0d0
	258	156	b0b0b0
	341	308	
	364	53	d0d0d0
	202	160	
	153	244	808080
	299	152	
	535	304	d0d0d0
	357	119	808080
	150	3	
	244	455	d0d0d0
	488	389	808080
	279	457	d0d0d0
	424	287	b0b0b0
	407	386	
	391	472	d0d0d0
	156	254	808080
	209	434	
	378	223	
	496	319	d0d0d0
	436	184	808080
	371	284	b0b0b0
	241	395	808080
	425	337	b0b0b0
	220	129	d0d0d0
	212	212	
	556	38	808080
	387	264	b0b0b0
	373	272	d0d0d0
	246	72	808080
	414	356	
	269	65	
	392	244	
	567	30	
	449	76	
	587	364	b0b0b0
	571	363	808080
	551	172	
	272	197	b0b0b0
	355	41	d0d0d0
	460	52	808080
	441	17	b0b0b0
	225	398	
	155	189	d0d0d0
	524	428	b0b0b0
	160	58	
	461	62	
	449	313	808080
	504	390	d0d0d0
	426	241	b0b0b0
	500	91	
	406	369	
	330	115	d0d0d0
	506	374	808080
	555	332	d0d0d0
	202	43	808080
	158	72	
	248	335	d0d0d0
	489	292	b0b0b0
	324	444	
	394	301	
	187	148	d0d0d0
	577	426	808080
	272	40	
	426	253	
	164	151	
	451	241	d0d0d0
	306	315	808080
	478	69	
	578	54	d0d0d0
	587	464	b0b0b0
	182	251	d0d0d0
rect	140	0	141	480	000050
	264		265		002850
	388		389		000050
	512		513		
	128	120	608	121	
		244		245	
		368		369	002850
triangle	374	152	380	158	c00000
	362	234	372	244	007000
	271	144	277	150	c00000
dither	200	451	577	468	300000
crop	204	455	211	466	48	44	000000	/fonts/tactical.png
	211		218		96	66		
	218		225		8			
	225		232		88			
	239		246		32	44		
	246		253		16	77		
	253		260		120	66		
	260		267		112			
	267		274		40			
	281		288		24			
	288		295		8			
	295		302		0	77		
	302		309		32			
	309		316		40			
	316		323		16			
	323		330		40	66		
	330		337		32			
	344		351		16			
	351		358		72	77		
	365		372		32	55		
	372		379		64	66		
	379		386		40			
	393		400		64	44		
	400		407		40	77		
	407		414		104	66		
	414		421		8			
	421		428		112			
	428		435		120	22		
	435		442		72	44		
	442		449		24	77		
	449		456		64	66		
	456		463		72			
	463		470		104			
	470		477		8			
	477		484		112			
	491		498		24	44		
	498		505		120	66		
	505		512					
	512		519		0	77		
	519		526		40	66		
	526		533		16	77		
	533		540		8	66		
	540		547		32	77		
	547		554		72	66		
	554		561		48	77		
	561		568		40	66		
	568		575		112	22		
	203	454	210	465	48	44	ff0000	
	210		217		96	66		
	217		224		8			
	224		231		88			
	238		245		32	44		
	245		252		16	77		
	252		259		120	66		
	259		266		112			
	266		273		40			
	280		287		24			
	287		294		8			
	294		301		0	77		
	301		308		32			
	308		315		40			
	315		322		16			
	322		329		40	66		
	329		336		32			
	343		350		16			
	350		357		72	77		
	364		371		32	55		
	371		378		64	66		
	378		385		40			
	392		399		64	44		
	399		406		40	77		
	406		413		104	66		
	413		420		8			
	420		427		112			
	427		434		120	22		
	434		441		72	44		
	441		448		24	77		
	448		455		64	66		
	455		462		72			
	462		469		104			
	469		476		8			
	476		483		112			
	490		497		24	44		
	497		504		120	66		
	504		511					
	511		518		0	77		
	518		525		40	66		
	525		532		16	77		
	532		539		8	66		
	539		546		32	77		
	546		553		72	66		
	553		560		48	77		
	560		567		40	66		
	567		574		112	22		
dither	200	50	269	67	003030
crop	204	54	211	65	8	33	000000	/fonts/tactical.png
	211		218		80			
	218		225		8			
	225		232		48			
	239		246		80	55		
	246		253		120	66		
	253		260					
	260		267		104			
	203	53	210	64	8	33	00ffff	
	210		217		80			
	217		224		8			
	224		231		48			
	238		245		80	55		
	245		252		120	66		
	252		259					
	259		266		104			
line	418	431	422	416	489048
			407	420	
	422	416			204020
draw	0	-144	128	624	/pictures/gui/instruments/left.png
	608		640		/pictures/gui/instruments/right.png
rect	614	359	615	436	00488f
			623	360	
	622			436	002850
	614	435			
	615	360	622	435	003870
	614	436	615	457	007fff
			623	437	
	622			457	00488f
	614	456			
	615	437	622	456	0070e0
	614	231	615	262	909048
			623	232	
	622			262	505028
	614	261			
	615	232	622	261	707038
	614	262	615	329	ffff7f
			623	263	
	622			329	909048
	614	328			
	615	263	622	328	e0e070
	614	103	615	127	904848
			623	104	
	622			127	502828
	614	126			
	615	104	622	126	703838
	614	127	615	201	ff7f7f
			623	128	
	622			201	904848
	614	200			
	615	128	622	200	e07070
	618	8	630	9	90488f
			619	10	
	629		630		
	618	36		37	
		35	619		
	629		630		
	620	10	628	35	703870
		35			c060c0
	634	49	636	52	7fff7f
		53		56	60c060
		57		60	
		61		64	703800
		65		68	
		69		72	183018
		73		76	
		77		80	
		81		84	
		85		88	
		89		92	
		93		96	
		97		100	
		101		104	
		105		108	
		109		112	
		113		116	
		117		120	
		121		124	
		125		128	
		129		132	
		133		136	
		137		140	
		141		144	
		145		148	
		149		152	
		153		156	
		157		160	
		161		164	
		165		168	
		169		172	
		173		176	
		177		180	
		181		184	
		185		188	
		189		192	
		193		196	
		197		200	
		201		204	
		205		208	
		209		212	
		213		216	
		217		220	
		221		224	
		225		228	
		229		232	
		233		236	
		237		240	
		241		244	
		245		248	
		249		252	
		253		256	
		257		260	
		261		264	
		265		268	
		269		272	
		273		276	
		277		280	
		281		284	
		285		288	
		289		292	
		293		296	
		297		300	
		301		304	
		305		308	
		309		312	
		313		316	
		317		320	
		321		324	
		325		328	
		329		332	
		333		336	
		337		340	
		341		344	
		345		348	
		349		352	
		353		356	
		357		360	
		361		364	
		365		368	
		369		372	
		373		376	
		377		380	
		381		384	
		385		388	
		389		392	
		393		396	
		397		400	
		401		404	
		405		408	
		409		412	
		413		416	
		417		420	
		421		424	
		425		428	
		429		432	
		433		436	
		437		440	
		441		444	
		445		448	
	621	52	631	56	303000
		57		61	
		62		66	
		67		71	
		72		76	
		77		81	
		82		86	
	7	7	115	115	00ff00
	8	8	114	114	001000
	43	43	81	81	003000
point	86	58	00e000
	54	54	
	101	46	
	61	54	
	102	44	
	87	61	
	96	57	
	106	47	
rect	12	320	121	440	001000
		342	120	343	009000
		356	13	368	
			121	357	
	120			368	005000
	12	367			
	13	357	120	367	007000
	12	438		439	009000
	16	450	114	475	001010
	17		18	462	00c0c0
			44	451	
	43			462	007070
	17	461			
	18	451	43	461	009090
	17	462	18	474	00c0c0
			44	463	
	43			474	007070
	17	473			
	18	463	43	473	009090
crop	15	320	21	332	16	48	00ff00	/fonts/computer.png
	21		27		40	60		
	27		33		72	48		
	33		39		96			
	39		45		32			
	51		57		24	60		
	57		63		64	48		
	63		69		72			
	69		75		0	60		
	75		81		24			
	15	332	21	344	48	48		
	21		27		8	72		
	27		33		112			
	33		39		24	84		
	39		45		72	72		
	51		57		8	48		
	57		63		96	72		
	63		69		0	84		
	69		75		64	72		
	75		81		8			
	15	344	21	356	48	48		
	21		27		72	72		
	27		33		56			
	33		39		64			
	39		45		32	84		
	45		51		40	72		
	51		57		16	84		
	15	356	21	368	24	48	003000	
	21		27		16	84		
	27		33		40			
	33		39		72	72		
	39		45		24	84		
	45		51		40	72		
	51		57		16	84		
	15	368	21	380	56	48	009000	
	21		27		40	84		
	27		33		112	72		
	33		39		24	84		
	39		45		64	72		
	45		51		72			
	51		57		0	84		
	15	380	21	392	32	60		
	21		27		16	84		
	27		33		8	72		
	33		39		112			
	39		45		24	84		
	45		51		0			
	51		57		120	72		
	57		63		16	84		
	63		69		32			
	15	392	21	404	40	48		
	21		27		112	72		
	27		33		56			
	33		39		72			
	39		45		112			
	45		51		40			
	51		57					
	57		63		16	84		
	69		75		0	60		
	75		81		120	72		
	81		87		32			
	15	404	21	416	8	48		
	21		27		24	84		
	27		33					
	33		39		8	72		
	39		45		40	84		
	45		51		96	72		
	51		57		32	84		
	63		69			60		
	69		75		16	84		
	75		81		8	72		
	81		87		112			
	87		93		24	84		
	93		99		0			
	99		105		120	72		
	105		111		16	84		
	111		117		32			
	19	450	25	462	16	60	00ffff	
	25		31		56	48		
	31		37		64			
	37		43		32	60		
	49		55		16	48		
	55		61		40	84		
	61		67		72	72		
	67		73		96			
	73		79		32			
	19	462	25	474	96	48		
	25		31		40			
	31		37		48			
	37		43		32	60		
	49		55		104	48		
	55		61		8	72		
	61		67		72			
	67		73		112			
	79		85		104	48		
	85		91		40	72		
	91		97		112			
	97		103		40	84		
rect	12	180	13	192	ffff00
			121	181	
	120			192	909000
	12	191			
	13	181	120	191	c0c000
crop	15	180	21	192	24	48	000000	/fonts/computer.png
	21		27		120			
	27		33		112			
	33		39		32	60		
	39		45		16			
	45		51		120	48		
	51		57		96			
	15	192	21	204	56		7fff7f	
	21		27		40	60		
	27		33		112	48		
	33		39		24	60		
	39		45		64	48		
	45		51		72			
	51		57		0	60		
draw	16	208	34	222	/sprites/ish/gunship%0
rect	14	204	36	205	489048
			15	206	
	35		36		
	14	225		226	
		224	15		
	35		36		
	42	206	49	221	003870
		221		224	0060c0
	40	204	51	205	00488f
			41	206	
	50		51		
	40	225		226	
		224	41		
	50		51		
	55	206	62	212	707000
		212		224	c0c000
	53	204	64	205	909000
			54	206	
	63		64		
	53	225		226	
		224	54		
	63		64		
crop	69	204	75	216	0	60	7fff7f	/fonts/computer.png
	75		81		88	48		
	81		87		16			
	87		93		40			
	93		99		8			
	99		105		104			
	111		117		8	36		
	69	216	75	228	96	48		
	75		81		16			
	81		87		40			
	87		93		8			
	93		99		104			
	105		111		8	36		
	12	228	18	240	48	48	00ff00	
	18		24		40	84		
	24		30		24			
	30		36		72	72		
	36		42		120			
	42		48		112			
	54		60		0	60		
	60		66		40	84		
	66		72		96	72		
	72		78		24	84		
	78		84		40	72		
rect	12	252	13	264	007fff
			121	253	
	120			264	00488f
	12	263			
	13	253	120	263	0060c0
crop	15	252	21	264	32	60	000000	/fonts/computer.png
	21		27		8	48		
	27		33		16	60		
	33		39		56	48		
	39		45		40			
	45		51		32	60		
	15	264	21	276	56	48	7fff7f	
	21		27		40	60		
	27		33		112	48		
	33		39		24	60		
	39		45		64	48		
	45		51		72			
	51		57		0	60		
draw	16	280	34	294	/sprites/ish/gunship%0
rect	14	276	36	277	489048
			15	278	
	35		36		
	14	297		298	
		296	15		
	35		36		
	42	278	49	293	003870
		293		296	0060c0
	40	276	51	277	00488f
			41	278	
	50		51		
	40	297		298	
		296	41		
	50		51		
	55	278	62	284	707000
		284		296	c0c000
	53	276	64	277	909000
			54	278	
	63		64		
	53	297		298	
		296	54		
	63		64		
crop	69	276	75	288	0	60	7fff7f	/fonts/computer.png
	75		81		88	48		
	81		87		16			
	87		93		40			
	93		99		8			
	99		105		104			
	111		117		8	36		
	69	288	75	300	96	48		
	75		81		16			
	81		87		40			
	87		93		8			
	93		99		104			
	105		111		8	36		
	12	300	18	312	48	48	00ff00	
	18		24		40	84		
	24		30		24			
	30		36		72	72		
	36		42		120			
	42		48		112			
	54		60		0	60		
	60		66		40	84		
	66		72		96	72		
	72		78		24	84		
	78		84		40	72		
