point	199	310	d0d0d0
	398	201	808080
	146	350	
	294	382	b0b0b0
	153	288	d0d0d0
	252	173	
	594	196	
	520	461	808080
	524	161	b0b0b0
	423	415	
	365	167	d0d0d0
	259	34	808080
	427	156	b0b0b0
	470	373	d0d0d0
	585	219	b0b0b0
	532	453	d0d0d0
	145	477	b0b0b0
	189	413	d0d0d0
	454	281	b0b0b0
	161	118	808080
	237	293	d0d0d0
	229	91	808080
	228	339	d0d0d0
	220	84	
	336	188	808080
	301	246	b0b0b0
	239	217	d0d0d0
	450	391	808080
	538	181	d0d0d0
	461	259	808080
	472	171	
	398	242	b0b0b0
	382	475	808080
	337	79	d0d0d0
	412	184	808080
	503	118	d0d0d0
	251	328	b0b0b0
	442	82	808080
	243	149	b0b0b0
	181	70	d0d0d0
	309	65	
	136	477	
	329	358	808080
	597	405	
	310	344	d0d0d0
	134	239	808080
	256	274	
	175	134	b0b0b0
	241	324	808080
	388	402	b0b0b0
	502	447	808080
	297	264	b0b0b0
	220	208	808080
	361	10	d0d0d0
	241	28	b0b0b0
	324	181	
	197	420	808080
	555	468	d0d0d0
	142	160	808080
	287	68	
	512	134	d0d0d0
	345	34	808080
	276	316	d0d0d0
	221	284	
	476	304	808080
	256	286	d0d0d0
	406	160	b0b0b0
	390	258	
	368	302	d0d0d0
	144	170	808080
	198	349	
	366	138	
	473	149	d0d0d0
	424	100	808080
	354	157	b0b0b0
	229	310	808080
	408	209	b0b0b0
	221	448	
	189	42	d0d0d0
	224	432	808080
	370	136	b0b0b0
	350	102	d0d0d0
	460	466	808080
	403	272	
	175	441	d0d0d0
	380	159	808080
	507	370	d0d0d0
	600	461	
	569	236	b0b0b0
	560	278	808080
	539	87	
	255	70	b0b0b0
	455	382	
	283	446	808080
	478	405	
	208	270	b0b0b0
	130	449	
	507	301	
	178	386	d0d0d0
	500	392	
	437	228	808080
	481	220	d0d0d0
	409	113	b0b0b0
	437	443	
	389	241	
	250	451	808080
	495	289	
	532	161	d0d0d0
	540	437	808080
	390	466	
	225	164	d0d0d0
	472		b0b0b0
	306	317	
	377	174	
	299	462	
	566	341	808080
	530	434	
	415	168	
	152	67	
	428	71	d0d0d0
	295	230	808080
	137	456	b0b0b0
	559	391	
	570	336	
	159	81	d0d0d0
	402	257	100800
	383	227	
	386	226	
	364	237	
	396	240	
	400	220	
	397	234	
	369	221	
	378	264	
	372	259	
line	295	0	295	480	002850
	551		551		005000
	128	148	608	148	002850
		404		404	005000
	367	221	367	223	00ff00
	483	83	484	85	ff0000
	469	72	467	72	
	373	207	373	209	ffff7f
	357	240	359	239	ff0000
	370	224	370	226	ffff7f
rect	0	470	14	484	00488f
diamond	143	290	159	306	c00000
triangle	481	84	491	94	c00000
	360	263	366	269	
	363	235	373	245	007000
	481	82	487	88	c00000
	323	180	331	188	00c000
	372	222	378	228	c00000
	473	70	481	78	00c000
	458	68	464	74	c00000
dither	200	50	346	67	300018
tint	204	54	212	66	000000	/font/5000/57
	211		219			/font/5000/41
	218		226			/font/5000/52
	225		233			/font/5000/4e
	232		240			/font/5000/49
	239		247			/font/5000/4e
	246		254			/font/5000/47
	253		261			/font/5000/3a
	260		268			/font/5000/20
	267		275			/font/5000/53
	274		282			/font/5000/68
	281		289			/font/5000/69
	288		296			/font/5000/65
	295		303			/font/5000/6c
	302		310			/font/5000/64
	309		317			/font/5000/73
	316		324			/font/5000/20
	323		331			/font/5000/4c
	330		338			/font/5000/6f
	337		345			/font/5000/77
	203	53	211	65	ff007f	/font/5000/57
	210		218			/font/5000/41
	217		225			/font/5000/52
	224		232			/font/5000/4e
	231		239			/font/5000/49
	238		246			/font/5000/4e
	245		253			/font/5000/47
	252		260			/font/5000/3a
	259		267			/font/5000/20
	266		274			/font/5000/53
	273		281			/font/5000/68
	280		288			/font/5000/69
	287		295			/font/5000/65
	294		302			/font/5000/6c
	301		309			/font/5000/64
	308		316			/font/5000/73
	315		323			/font/5000/20
	322		330			/font/5000/4c
	329		337			/font/5000/6f
	336		344			/font/5000/77
line	324	46	320	61	489048
			334	57	
	320	61			204020
draw	0	0	128	480	/pictures/501.png
	608		640		/pictures/512.png
line	614	439	614	359	00488f
		359	622		
	622			439	002850
		439	614		
rect	615	360	622	439	003870
line	614	456	614	440	007fff
		440	622		
	622			456	00488f
		456	614		
rect	615	441	622	456	0070e0
line	614	266	614	231	909048
		231	622		
	622			266	505028
		266	614		
rect	615	232	622	266	707038
line	614	328	614	267	ffff7f
		267	622		
	622			328	909048
		328	614		
rect	615	268	622	328	e0e070
line	614	128	614	103	904848
		103	622		
	622			128	502828
		128	614		
rect	615	104	622	128	703838
line	614	200	614	129	ff7f7f
		129	622		
	622			200	904848
		200	614		
rect	615	130	622	200	e07070
line	618	8	629	8	90488f
			618	9	
	629		629		
	618	36		36	
			618	35	
	629		629		
rect	620	10	628	35	703870
		35			c060c0
	634	49	636	52	7fff7f
		53		56	60c060
		57		60	
		61		64	
		65		68	703800
		69		72	183018
		73		76	
		77		80	
		81		84	
		85		88	
		89		92	
		93		96	
		97		100	
		101		104	
		105		108	
		109		112	
		113		116	
		117		120	
		121		124	
		125		128	
		129		132	
		133		136	
		137		140	
		141		144	
		145		148	
		149		152	
		153		156	
		157		160	
		161		164	
		165		168	
		169		172	
		173		176	
		177		180	
		181		184	
		185		188	
		189		192	
		193		196	
		197		200	
		201		204	
		205		208	
		209		212	
		213		216	
		217		220	
		221		224	
		225		228	
		229		232	
		233		236	
		237		240	
		241		244	
		245		248	
		249		252	
		253		256	
		257		260	
		261		264	
		265		268	
		269		272	
		273		276	
		277		280	
		281		284	
		285		288	
		289		292	
		293		296	
		297		300	
		301		304	
		305		308	
		309		312	
		313		316	
		317		320	
		321		324	
		325		328	
		329		332	
		333		336	
		337		340	
		341		344	
		345		348	
		349		352	
		353		356	
		357		360	
		361		364	
		365		368	
		369		372	
		373		376	
		377		380	
		381		384	
		385		388	
		389		392	
		393		396	
		397		400	
		401		404	
		405		408	
		409		412	
		413		416	
		417		420	
		421		424	
		425		428	
		429		432	
		433		436	
		437		440	
		441		444	
		445		448	
	621	52	631	56	303000
		57		61	
		62		66	
		67		71	
		72		76	
		77		81	
		82		86	
	7	7	115	115	00ff00
	8	8	114	114	001000
	23	23	99	99	003000
point	27	70	00e000
	62	59	
	79	37	
	61	65	
		59	
	79	37	
			
	76	35	
	61	57	
	10	104	
	60	61	
	78	35	
	61	59	
	76	35	
	55	53	
	110	28	
rect	12	320	121	440	001000
tint	15	320	23	333	00ff00	/font/5001/42
	21		29			/font/5001/55
	27		35			/font/5001/49
	33		41			/font/5001/4c
	39		47			/font/5001/44
	45		53			/font/5001/20
	51		59			/font/5001/53
	57		65			/font/5001/48
	63		71			/font/5001/49
	69		77			/font/5001/50
	75		83			/font/5001/53
line	12	342	119	342	009000
tint	15	332	23	345	00ff00	/font/5001/46
	21		29			/font/5001/61
	27		35			/font/5001/6e
	33		41			/font/5001/73
	39		47			/font/5001/69
	45		53			/font/5001/20
	51		59			/font/5001/41
	57		65			/font/5001/6c
	63		71			/font/5001/70
	69		77			/font/5001/68
	75		83			/font/5001/61
	15	344	23	357		/font/5001/46
	21		29			/font/5001/69
	27		35			/font/5001/67
	33		41			/font/5001/68
	39		47			/font/5001/74
	45		53			/font/5001/65
	51		59			/font/5001/72
line	12	367	12	356	009000
		356	120		
	120			367	005000
		367	12		
rect	13	357	120	367	007000
tint	15	356	23	369	003000	/font/5001/43
	21		29			/font/5001/72
	27		35			/font/5001/75
	33		41			/font/5001/69
	39		47			/font/5001/73
	45		53			/font/5001/65
	51		59			/font/5001/72
	15	368	23	381	009000	/font/5001/47
	21		29			/font/5001/75
	27		35			/font/5001/6e
	33		41			/font/5001/73
	39		47			/font/5001/68
	45		53			/font/5001/69
	51		59			/font/5001/70
	15	380	23	393	00ff00	/font/5001/54
	21		29			/font/5001/72
	27		35			/font/5001/61
	33		41			/font/5001/6e
	39		47			/font/5001/73
	45		53			/font/5001/70
	51		59			/font/5001/6f
	57		65			/font/5001/72
	63		71			/font/5001/74
	15	392	23	405		/font/5001/45
	21		29			/font/5001/6e
	27		35			/font/5001/67
	33		41			/font/5001/69
	39		47			/font/5001/6e
	45		53			/font/5001/65
	51		59			
	57		65			/font/5001/72
	63		71			/font/5001/20
	69		77			/font/5001/50
	75		83			/font/5001/6f
	81		89			/font/5001/64
	15	404	23	417	009000	/font/5001/41
	21		29			/font/5001/73
	27		35			
	33		41			/font/5001/61
	39		47			/font/5001/75
	45		53			/font/5001/6c
	51		59			/font/5001/74
	57		65			/font/5001/20
	63		71			/font/5001/54
	69		77			/font/5001/72
	75		83			/font/5001/61
	81		89			/font/5001/6e
	87		95			/font/5001/73
	93		101			/font/5001/70
	99		107			/font/5001/6f
	105		113			/font/5001/72
	111		119			/font/5001/74
line	12	438	119	438	009000
rect	16	450	114	475	001010
line	17	461	17	450	00c0c0
		450	43		
	43			461	007070
		461	17		
rect	18	451	43	461	009090
tint	19	450	27	463	00ffff	/font/5001/52
	25		33			/font/5001/47
	31		39			/font/5001/48
	37		45			/font/5001/54
	43		51			/font/5001/20
	49		57			/font/5001/42
	55		63			/font/5001/75
	61		69			/font/5001/69
	67		75			/font/5001/6c
	73		81			/font/5001/64
line	17	473	17	462	00c0c0
		462	43		
	43			473	007070
		473	17		
rect	18	463	43	473	009090
tint	19	462	27	475	00ffff	/font/5001/4c
	25		33			/font/5001/45
	31		39			/font/5001/46
	37		45			/font/5001/54
	43		51			/font/5001/20
	49		57			/font/5001/4d
	55		63			/font/5001/61
	61		69			/font/5001/69
	67		75			/font/5001/6e
	73		81			/font/5001/20
	79		87			/font/5001/4d
	85		93			/font/5001/65
	91		99			/font/5001/6e
	97		105			/font/5001/75
rect	12	180	120	192	000000
line	12	191	12	180	ffff00
		180	119		
	119			191	909000
		191	12		
rect	13	181	119	191	c0c000
tint	15	180	23	193	000000	/font/5001/43
	21		29			/font/5001/4f
	27		35			/font/5001/4e
	33		41			/font/5001/54
	39		47			/font/5001/52
	45		53			/font/5001/4f
	51		59			/font/5001/4c
rect	12	192	120	204	000000
tint	15	192	23	205	7fff7f	/font/5001/47
	21		29			/font/5001/55
	27		35			/font/5001/4e
	33		41			/font/5001/53
	39		47			/font/5001/48
	45		53			/font/5001/49
	51		59			/font/5001/50
rect	14	204	36	226	000000
draw	16	208	34	222	/sprites/509.SMIV/0
line	14	204	35	204	489048
			14	205	
	35		35		
	14	225		225	
			14	224	
	35		35		
rect	40	204	51	226	000000
	42	206	49	221	003870
		221		224	0060c0
line	40	204	50	204	00488f
			40	205	
	50		50		
	40	225		225	
			40	224	
	50		50		
rect	53	204	64	226	000000
	55	206	62	213	707000
		213		224	c0c000
line	53	204	63	204	909000
			53	205	
	63		63		
	53	225		225	
			53	224	
	63		63		
rect	69	204	120	216	000000
tint	69	204	77	217	7fff7f	/font/5001/50
	75		83			/font/5001/4b
	81		89			/font/5001/42
	87		95			/font/5001/45
	93		101			/font/5001/41
	99		107			/font/5001/4d
	105		113			/font/5001/20
	111		119			/font/5001/31
rect	69	216	120	228	000000
tint	69	216	77	229	7fff7f	/font/5001/4c
	75		83			/font/5001/42
	81		89			/font/5001/45
	87		95			/font/5001/41
	93		101			/font/5001/4d
	99		107			/font/5001/20
	105		113			/font/5001/31
rect	69	192	120	204	000000
	12	228		240	
tint	12	228	20	241	ff0000	/font/5001/50
	18		26			/font/5001/2d
	24		32			/font/5001/4b
	30		38			/font/5001/20
	36		44			/font/5001/42
	42		50			/font/5001/65
	48		56			/font/5001/61
	54		62			/font/5001/6d
rect	12	252	120	264	000000
line	12	263	12	252	007fff
		252	119		
	119			263	00488f
		263	12		
rect	13	253	119	263	0060c0
tint	15	252	23	265	000000	/font/5001/54
	21		29			/font/5001/41
	27		35			/font/5001/52
	33		41			/font/5001/47
	39		47			/font/5001/45
	45		53			/font/5001/54
rect	12	264	120	276	000000
tint	15	264	23	277	7fff7f	/font/5001/47
	21		29			/font/5001/55
	27		35			/font/5001/4e
	33		41			/font/5001/53
	39		47			/font/5001/48
	45		53			/font/5001/49
	51		59			/font/5001/50
rect	14	276	36	298	000000
draw	16	280	34	294	/sprites/509.SMIV/0
line	14	276	35	276	489048
			14	277	
	35		35		
	14	297		297	
			14	296	
	35		35		
rect	40	276	51	298	000000
	42	278	49	293	003870
		293		296	0060c0
line	40	276	50	276	00488f
			40	277	
	50		50		
	40	297		297	
			40	296	
	50		50		
rect	53	276	64	298	000000
	55	278	62	285	707000
		285		296	c0c000
line	53	276	63	276	909000
			53	277	
	63		63		
	53	297		297	
			53	296	
	63		63		
rect	69	276	120	288	000000
tint	69	276	77	289	7fff7f	/font/5001/50
	75		83			/font/5001/4b
	81		89			/font/5001/42
	87		95			/font/5001/45
	93		101			/font/5001/41
	99		107			/font/5001/4d
	105		113			/font/5001/20
	111		119			/font/5001/31
rect	69	288	120	300	000000
tint	69	288	77	301	7fff7f	/font/5001/4c
	75		83			/font/5001/42
	81		89			/font/5001/45
	87		95			/font/5001/41
	93		101			/font/5001/4d
	99		107			/font/5001/20
	105		113			/font/5001/31
rect	69	264	120	276	000000
	12	300		312	
tint	12	300	20	313	ff0000	/font/5001/50
	18		26			/font/5001/2d
	24		32			/font/5001/4b
	30		38			/font/5001/20
	36		44			/font/5001/42
	42		50			/font/5001/65
	48		56			/font/5001/61
	54		62			/font/5001/6d
