point	198	326	d0d0d0
	398	210	808080
	145	359	
	293	395	b0b0b0
	152	305	d0d0d0
	251	189	
	593	213	
	520	469	808080
	524	174	b0b0b0
	423	427	
	364	184	d0d0d0
	258	42	808080
	426	169	b0b0b0
	470	390	d0d0d0
	584	231	b0b0b0
	531	469	d0d0d0
	466	15	
	188	430	
	454	294	b0b0b0
	160	127	808080
	236	310	d0d0d0
	228	99	808080
	227	356	d0d0d0
	219	101	
	335	196	808080
	301	259	b0b0b0
	238	234	d0d0d0
	450	399	808080
	537	197	d0d0d0
	461	267	808080
	471	179	
	398	255	b0b0b0
	373	8	
	336	95	d0d0d0
	412	193	808080
	502	135	d0d0d0
	250	340	b0b0b0
	441	90	808080
	242	162	b0b0b0
	180	87	d0d0d0
	308	82	
	427	7	808080
	328	367	
	597	414	
	309	361	d0d0d0
	133	247	808080
	255	283	
	174	146	b0b0b0
	240	332	808080
	388	415	b0b0b0
	502	456	808080
	296	277	b0b0b0
	219	216	808080
	361	27	d0d0d0
	240	41	b0b0b0
	323	193	
	196	429	808080
	178	6	d0d0d0
	141	168	808080
	287	76	
	511	151	d0d0d0
	345	43	808080
	275	333	d0d0d0
	220	301	
	476	312	808080
	255	303	d0d0d0
	406	172	b0b0b0
	389	271	
	367	319	d0d0d0
	144	178	808080
	197	357	
	366	146	
	472	166	d0d0d0
	424	108	808080
	354	169	b0b0b0
	229	318	808080
	408	222	b0b0b0
	221	460	
	188	59	d0d0d0
	223	440	808080
	370	149	b0b0b0
	349	119	d0d0d0
	459	474	808080
	402	280	
	174	458	d0d0d0
	380	167	808080
	507	387	d0d0d0
	599	478	
	569	249	b0b0b0
	559	287	808080
	539	95	
	254	82	b0b0b0
	454	395	
	283	454	808080
	477	414	
	207	283	b0b0b0
	129	462	
	506	313	
	177	403	d0d0d0
	499	408	
	437	236	808080
	480	237	d0d0d0
	408	126	b0b0b0
	436	455	
	388	254	
	249	460	808080
	494	297	
	531	178	d0d0d0
	540	446	808080
	389	474	
	224	181	d0d0d0
	471	177	b0b0b0
	306	329	
	376	186	
	298	475	
	565	349	808080
	530	443	
	414	177	
	152	75	
	427	88	d0d0d0
	294	238	808080
	137	468	b0b0b0
	558	404	
	569	349	
	158	97	d0d0d0
	374	240	d06800
	377	244	
	375	235	
	374	245	
	370	236	
	378		
	375	241	
		242	
	380	244	
		236	
rect	294	0	295	481	002850
	550		551		005000
	128	165	609	166	002850
		421		422	005000
line	368	233	369	234	ffff7f
	361	217	361	218	00ff00
	360	221	360	222	ffff7f
diamond	156	290	172	306	c00000
triangle	491	81	501	91	c00000
	356	249	362	255	
	363	235	373	245	005000
	484	86	490	92	c00000
	295	177	303	185	00c000
	393	217	399	223	c00000
	474	88	482	96	00c000
	459	73	465	79	c00000
dither	200	50	346	67	300018
crop	204	54	211	65	56	55	000000	/fonts/tactical.png
	211		218		8	44		
	218		225		16	55		
	225		232		112	44		
	232		239		72			
	239		246		112			
	246		253		56			
	253		260		80	33		
	260		267		0	22		
	267		274		24	55		
	274		281		64	66		
	281		288		72			
	288		295		40			
	295		302		96			
	302		309		32			
	309		316		24	77		
	316		323		0	22		
	323		330		96	44		
	330		337		120	66		
	337		344		56	77		
	203	53	210	64		55	ff007f	
	210		217		8	44		
	217		224		16	55		
	224		231		112	44		
	231		238		72			
	238		245		112			
	245		252		56			
	252		259		80	33		
	259		266		0	22		
	266		273		24	55		
	273		280		64	66		
	280		287		72			
	287		294		40			
	294		301		96			
	301		308		32			
	308		315		24	77		
	315		322		0	22		
	322		329		96	44		
	329		336		120	66		
	336		343		56	77		
line	371	41	363	54	489048
			378		
	363	54			204020
draw	0	-144	128	624	/interfaces/instruments/left.png
	608		640		/interfaces/instruments/right.png
rect	614	359	615	439	00488f
			623	360	
	622			439	002850
	614	438			
	615	360	622	438	003870
	614	439	615	457	007fff
			623	440	
	622			457	00488f
	614	456			
	615	440	622	456	0070e0
	614	231	615	263	909048
			623	232	
	622			263	505028
	614	262			
	615	232	622	262	707038
	614	263	615	329	ffff7f
			623	264	
	622			329	909048
	614	328			
	615	264	622	328	e0e070
	614	103	615	129	904848
			623	104	
	622			129	502828
	614	128			
	615	104	622	128	703838
	614	129	615	201	ff7f7f
			623	130	
	622			201	904848
	614	200			
	615	130	622	200	e07070
	618	8	630	9	90488f
			619	10	
	629		630		
	618	36		37	
		35	619		
	629		630		
	620	10	628	35	703870
		35			c060c0
	634	49	636	52	7fff7f
		53		56	60c060
		57		60	
		61		64	
		65		68	703800
		69		72	183018
		73		76	
		77		80	
		81		84	
		85		88	
		89		92	
		93		96	
		97		100	
		101		104	
		105		108	
		109		112	
		113		116	
		117		120	
		121		124	
		125		128	
		129		132	
		133		136	
		137		140	
		141		144	
		145		148	
		149		152	
		153		156	
		157		160	
		161		164	
		165		168	
		169		172	
		173		176	
		177		180	
		181		184	
		185		188	
		189		192	
		193		196	
		197		200	
		201		204	
		205		208	
		209		212	
		213		216	
		217		220	
		221		224	
		225		228	
		229		232	
		233		236	
		237		240	
		241		244	
		245		248	
		249		252	
		253		256	
		257		260	
		261		264	
		265		268	
		269		272	
		273		276	
		277		280	
		281		284	
		285		288	
		289		292	
		293		296	
		297		300	
		301		304	
		305		308	
		309		312	
		313		316	
		317		320	
		321		324	
		325		328	
		329		332	
		333		336	
		337		340	
		341		344	
		345		348	
		349		352	
		353		356	
		357		360	
		361		364	
		365		368	
		369		372	
		373		376	
		377		380	
		381		384	
		385		388	
		389		392	
		393		396	
		397		400	
		401		404	
		405		408	
		409		412	
		413		416	
		417		420	
		421		424	
		425		428	
		429		432	
		433		436	
		437		440	
		441		444	
		445		448	
	621	52	631	56	303000
		57		61	
		62		66	
		67		71	
		72		76	
		77		81	
		82		86	
	7	7	115	115	00ff00
	8	8	114	114	001000
	24	24	100	100	003000
point	61	61	00e000
	29	70	
	65	58	
	81	37	
	60	62	
		59	
		58	
	80	37	
	50	52	
	10	107	
	61	61	
	9	107	
	78	38	
	10	107	
	76	35	
	50	52	
	109	30	
rect	12	320	121	440	001000
		342	120	343	009000
		356	13	368	
			121	357	
	120			368	005000
	12	367			
	13	357	120	367	007000
	12	438		439	009000
	16	450	114	475	001010
	17		18	462	00c0c0
			44	451	
	43			462	007070
	17	461			
	18	451	43	461	009090
	17	462	18	474	00c0c0
			44	463	
	43			474	007070
	17	473			
	18	463	43	473	009090
crop	15	320	21	332	16	48	00ff00	/fonts/computer.png
	21		27		40	60		
	27		33		72	48		
	33		39		96			
	39		45		32			
	45		51		0	24		
	51		57		24	60		
	57		63		64	48		
	63		69		72			
	69		75		0	60		
	75		81		24			
	15	332	21	344	48	48		
	21		27		8	72		
	27		33		112			
	33		39		24	84		
	39		45		72	72		
	45		51		0	24		
	51		57		8	48		
	57		63		96	72		
	63		69		0	84		
	69		75		64	72		
	75		81		8			
	15	344	21	356	48	48		
	21		27		72	72		
	27		33		56			
	33		39		64			
	39		45		32	84		
	45		51		40	72		
	51		57		16	84		
	15	356	21	368	24	48	003000	
	21		27		16	84		
	27		33		40			
	33		39		72	72		
	39		45		24	84		
	45		51		40	72		
	51		57		16	84		
	15	368	21	380	56	48	009000	
	21		27		40	84		
	27		33		112	72		
	33		39		24	84		
	39		45		64	72		
	45		51		72			
	51		57		0	84		
	15	380	21	392	32	60	00ff00	
	21		27		16	84		
	27		33		8	72		
	33		39		112			
	39		45		24	84		
	45		51		0			
	51		57		120	72		
	57		63		16	84		
	63		69		32			
	15	392	21	404	40	48		
	21		27		112	72		
	27		33		56			
	33		39		72			
	39		45		112			
	45		51		40			
	51		57					
	57		63		16	84		
	63		69		0	24		
	69		75			60		
	75		81		120	72		
	81		87		32			
	15	404	21	416	8	48	009000	
	21		27		24	84		
	27		33					
	33		39		8	72		
	39		45		40	84		
	45		51		96	72		
	51		57		32	84		
	57		63		0	24		
	63		69		32	60		
	69		75		16	84		
	75		81		8	72		
	81		87		112			
	87		93		24	84		
	93		99		0			
	99		105		120	72		
	105		111		16	84		
	111		117		32			
	19	450	25	462	16	60	00ffff	
	25		31		56	48		
	31		37		64			
	37		43		32	60		
	43		49		0	24		
	49		55		16	48		
	55		61		40	84		
	61		67		72	72		
	67		73		96			
	73		79		32			
	19	462	25	474	96	48		
	25		31		40			
	31		37		48			
	37		43		32	60		
	43		49		0	24		
	49		55		104	48		
	55		61		8	72		
	61		67		72			
	67		73		112			
	73		79		0	24		
	79		85		104	48		
	85		91		40	72		
	91		97		112			
	97		103		40	84		
rect	12	180	13	192	ffff00
			121	181	
	120			192	909000
	12	191			
	13	181	120	191	c0c000
crop	15	180	21	192	24	48	000000	/fonts/computer.png
	21		27		120			
	27		33		112			
	33		39		32	60		
	39		45		16			
	45		51		120	48		
	51		57		96			
	15	192	21	204	56		7fff7f	
	21		27		40	60		
	27		33		112	48		
	33		39		24	60		
	39		45		64	48		
	45		51		72			
	51		57		0	60		
draw	16	208	34	222	/sprites/ish/gunship%0
rect	14	204	36	205	489048
			15	206	
	35		36		
	14	225		226	
		224	15		
	35		36		
	42	206	49	221	003870
		221		224	0060c0
	40	204	51	205	00488f
			41	206	
	50		51		
	40	225		226	
		224	41		
	50		51		
	55	206	62	212	707000
		212		224	c0c000
	53	204	64	205	909000
			54	206	
	63		64		
	53	225		226	
		224	54		
	63		64		
crop	69	204	75	216	0	60	7fff7f	/fonts/computer.png
	75		81		88	48		
	81		87		16			
	87		93		40			
	93		99		8			
	99		105		104			
	105		111		0	24		
	111		117		8	36		
	69	216	75	228	96	48		
	75		81		16			
	81		87		40			
	87		93		8			
	93		99		104			
	99		105		0	24		
	105		111		8	36		
	12	228	18	240	96	48	00ff00	
	18		24		40	72		
	24		30		0	84		
	30		36		32			
	36		42		120	72		
	42		48		112			
	48		54		0	24		
	54		60		16	48		
	60		66		40	72		
	66		72		8			
	72		78		104			
rect	12	252	13	264	007fff
			121	253	
	120			264	00488f
	12	263			
	13	253	120	263	0060c0
crop	15	252	21	264	32	60	000000	/fonts/computer.png
	21		27		8	48		
	27		33		16	60		
	33		39		56	48		
	39		45		40			
	45		51		32	60		
	15	264	21	276	56	48	7fff7f	
	21		27		40	60		
	27		33		112	48		
	33		39		24	60		
	39		45		64	48		
	45		51		72			
	51		57		0	60		
draw	16	280	34	294	/sprites/ish/gunship%0
rect	14	276	36	277	489048
			15	278	
	35		36		
	14	297		298	
		296	15		
	35		36		
	42	278	49	293	003870
		293		296	0060c0
	40	276	51	277	00488f
			41	278	
	50		51		
	40	297		298	
		296	41		
	50		51		
	55	278	62	284	707000
		284		296	c0c000
	53	276	64	277	909000
			54	278	
	63		64		
	53	297		298	
		296	54		
	63		64		
crop	69	276	75	288	0	60	7fff7f	/fonts/computer.png
	75		81		88	48		
	81		87		16			
	87		93		40			
	93		99		8			
	99		105		104			
	105		111		0	24		
	111		117		8	36		
	69	288	75	300	96	48		
	75		81		16			
	81		87		40			
	87		93		8			
	93		99		104			
	99		105		0	24		
	105		111		8	36		
	12	300	18	312	96	48	00ff00	
	18		24		40	72		
	24		30		0	84		
	30		36		32			
	36		42		120	72		
	42		48		112			
	48		54		0	24		
	54		60		16	48		
	60		66		40	72		
	66		72		8			
	72		78		104			
