point	259	346	d0d0d0
	427	219	808080
	175	368	
	338	410	b0b0b0
	212	325	d0d0d0
	311	209	
	162	386	b0b0b0
	549	479	808080
	569	188	b0b0b0
	468	442	
	425	204	d0d0d0
	288	52	808080
	471	183	b0b0b0
	530	410	d0d0d0
	142	391	808080
	141	5	
	365	16	
	248	450	d0d0d0
	499	309	b0b0b0
	190	136	808080
	296	330	d0d0d0
	258	108	808080
	288	376	d0d0d0
	280	121	
	365	206	808080
	346	274	b0b0b0
	299	254	d0d0d0
	479	409	808080
	598	217	d0d0d0
	491	277	808080
	501	189	
	443	270	b0b0b0
	132	73	808080
	397	115	d0d0d0
	442	202	808080
	562	155	d0d0d0
	295	355	b0b0b0
	471	100	808080
	287	177	b0b0b0
	240	107	d0d0d0
	368	102	
	337	17	808080
	358	376	
	166	167	d0d0d0
	369	381	
	163	256	808080
	285	292	
	219	161	b0b0b0
	270	341	808080
	433	430	b0b0b0
	531	465	808080
	341	292	b0b0b0
	249	225	808080
	421	47	d0d0d0
	285	56	b0b0b0
	368	208	
	226	438	808080
	129	201	b0b0b0
	171	178	808080
	317	86	
	571	171	d0d0d0
	374	52	808080
	336	353	d0d0d0
	280	321	
	506	322	808080
	316	323	d0d0d0
	451	187	b0b0b0
	434	286	
	428	339	d0d0d0
	173	187	808080
	227	367	
	395	156	
	533	186	d0d0d0
	454	117	808080
	399	184	b0b0b0
	258	328	808080
	453	237	b0b0b0
	266	475	
	248	79	d0d0d0
	253	450	808080
	415	164	b0b0b0
	410	139	d0d0d0
	499	6	b0b0b0
	432	289	808080
	234	478	d0d0d0
	409	177	808080
	567	407	d0d0d0
	167	383	b0b0b0
	134	352	
	589	296	808080
	568	105	
	299	97	b0b0b0
	499	409	
	312	464	808080
	507	423	
	252	298	b0b0b0
	174	476	
	551	328	
	238	423	d0d0d0
	559	428	
	466	246	808080
	541	257	d0d0d0
	453	140	b0b0b0
	481	470	
	433	268	
	279	469	808080
	524	307	
	592	198	d0d0d0
	569	455	808080
	315	8	d0d0d0
	285	201	
	516	192	b0b0b0
	351	344	
	421	201	
	432	7	808080
	595	359	
	560	452	
	444	186	
	182	85	
	487	108	d0d0d0
	324	248	808080
	181	3	b0b0b0
	603	419	
	134	261	
	219	117	d0d0d0
line	355	0	355	480	002850
	128	186	608	186	
		442		442	005000
diamond	228	428	244	444	c00000
triangle	152	389	158	395	c00000
	536	92	546	102	
	365	166	371	172	
	363	235	373	245	007000
	516	87	522	93	700000
	442	313	450	321	00c000
	384	340	390	346	c00000
rect	525	117	527	119	00c000
	530	103	532	105	
	174	430	176	432	007fff
	114	475	116	477	
	145	415	149	419	
	533	110	537	114	00ff00
dither	200	451	444	468	300000
tint	204	455	212	467	000000	/font/5000/20
	211		219			/font/5000/43
	218		226			/font/5000/72
	225		233			/font/5000/75
	232		240			/font/5000/69
	239		247			/font/5000/73
	246		254			/font/5000/65
	253		261			/font/5000/72
	260		268			/font/5000/20
	267		275			/font/5000/64
	274		282			/font/5000/65
	281		289			/font/5000/73
	288		296			/font/5000/74
	295		303			/font/5000/72
	302		310			/font/5000/6f
	309		317			/font/5000/79
	316		324			/font/5000/65
	323		331			/font/5000/64
	330		338			/font/5000/2e
	337		345			/font/5000/20
	344		352			
	351		359			/font/5000/31
	358		366			/font/5000/20
	365		373			/font/5000/72
	372		380			/font/5000/65
	379		387			/font/5000/6d
	386		394			/font/5000/61
	393		401			/font/5000/69
	400		408			/font/5000/6e
	407		415			/font/5000/69
	414		422			/font/5000/6e
	421		429			/font/5000/67
	428		436			/font/5000/2e
	435		443			/font/5000/20
	203	454	211	466	ff0000	
	210		218			/font/5000/43
	217		225			/font/5000/72
	224		232			/font/5000/75
	231		239			/font/5000/69
	238		246			/font/5000/73
	245		253			/font/5000/65
	252		260			/font/5000/72
	259		267			/font/5000/20
	266		274			/font/5000/64
	273		281			/font/5000/65
	280		288			/font/5000/73
	287		295			/font/5000/74
	294		302			/font/5000/72
	301		309			/font/5000/6f
	308		316			/font/5000/79
	315		323			/font/5000/65
	322		330			/font/5000/64
	329		337			/font/5000/2e
	336		344			/font/5000/20
	343		351			
	350		358			/font/5000/31
	357		365			/font/5000/20
	364		372			/font/5000/72
	371		379			/font/5000/65
	378		386			/font/5000/6d
	385		393			/font/5000/61
	392		400			/font/5000/69
	399		407			/font/5000/6e
	406		414			/font/5000/69
	413		421			/font/5000/6e
	420		428			/font/5000/67
	427		435			/font/5000/2e
	434		442			/font/5000/20
line	527	360	521	346	489048
			512	359	
	521	346			204020
draw	0	0	128	480	/pictures/501.png
	608		640		/pictures/512.png
line	614	440	614	359	00488f
		359	622		
	622			440	002850
		440	614		
rect	615	360	622	440	003870
line	614	456	614	441	007fff
		441	622		
	622			456	00488f
		456	614		
rect	615	442	622	456	0070e0
line	614	274	614	231	909048
		231	622		
	622			274	505028
		274	614		
rect	615	232	622	274	707038
line	614	328	614	275	ffff7f
		275	622		
	622			328	909048
		328	614		
rect	615	276	622	328	e0e070
line	614	131	614	103	904848
		103	622		
	622			131	502828
		131	614		
rect	615	104	622	131	703838
line	614	200	614	132	ff7f7f
		132	622		
	622			200	904848
		200	614		
rect	615	133	622	200	e07070
line	618	8	629	8	90488f
			618	9	
	629		629		
	618	36		36	
			618	35	
	629		629		
rect	620	10	628	35	703870
		35			c060c0
	634	49	636	52	7fff7f
		53		56	60c060
		57		60	
		61		64	
		65		68	703800
		69		72	183018
		73		76	
		77		80	
		81		84	
		85		88	
		89		92	
		93		96	
		97		100	
		101		104	
		105		108	
		109		112	
		113		116	
		117		120	
		121		124	
		125		128	
		129		132	
		133		136	
		137		140	
		141		144	
		145		148	
		149		152	
		153		156	
		157		160	
		161		164	
		165		168	
		169		172	
		173		176	
		177		180	
		181		184	
		185		188	
		189		192	
		193		196	
		197		200	
		201		204	
		205		208	
		209		212	
		213		216	
		217		220	
		221		224	
		225		228	
		229		232	
		233		236	
		237		240	
		241		244	
		245		248	
		249		252	
		253		256	
		257		260	
		261		264	
		265		268	
		269		272	
		273		276	
		277		280	
		281		284	
		285		288	
		289		292	
		293		296	
		297		300	
		301		304	
		305		308	
		309		312	
		313		316	
		317		320	
		321		324	
		325		328	
		329		332	
		333		336	
		337		340	
		341		344	
		345		348	
		349		352	
		353		356	
		357		360	
		361		364	
		365		368	
		369		372	
		373		376	
		377		380	
		381		384	
		385		388	
		389		392	
		393		396	
		397		400	
		401		404	
		405		408	
		409		412	
		413		416	
		417		420	
		421		424	
		425		428	
		429		432	
		433		436	
		437		440	
		441		444	
		445		448	
	621	52	631	56	303000
		57		61	
		62		66	
		67		71	
		72		76	
		77		81	
		82		86	
	7	7	115	115	00ff00
	8	8	114	114	001000
	23	23	99	99	003000
point	13	105	00e000
	40	92	
	64	77	
	88	39	
	61	50	
	27	85	
	85	38	
	13	105	
	26	89	
	21	98	
	31	91	
	87	41	
	73	73	
	86	42	
	87	40	
rect	12	320	121	440	001000
tint	15	320	23	333	00ff00	/font/5001/42
	21		29			/font/5001/55
	27		35			/font/5001/49
	33		41			/font/5001/4c
	39		47			/font/5001/44
	45		53			/font/5001/20
	51		59			/font/5001/53
	57		65			/font/5001/48
	63		71			/font/5001/49
	69		77			/font/5001/50
	75		83			/font/5001/53
line	12	342	119	342	009000
tint	15	332	23	345	00ff00	/font/5001/46
	21		29			/font/5001/61
	27		35			/font/5001/6e
	33		41			/font/5001/73
	39		47			/font/5001/69
	45		53			/font/5001/20
	51		59			/font/5001/41
	57		65			/font/5001/6c
	63		71			/font/5001/70
	69		77			/font/5001/68
	75		83			/font/5001/61
	15	344	23	357		/font/5001/46
	21		29			/font/5001/69
	27		35			/font/5001/67
	33		41			/font/5001/68
	39		47			/font/5001/74
	45		53			/font/5001/65
	51		59			/font/5001/72
line	12	367	12	356	009000
		356	120		
	120			367	005000
		367	12		
rect	13	357	120	367	007000
tint	15	356	23	369	003000	/font/5001/43
	21		29			/font/5001/72
	27		35			/font/5001/75
	33		41			/font/5001/69
	39		47			/font/5001/73
	45		53			/font/5001/65
	51		59			/font/5001/72
	15	368	23	381	009000	/font/5001/47
	21		29			/font/5001/75
	27		35			/font/5001/6e
	33		41			/font/5001/73
	39		47			/font/5001/68
	45		53			/font/5001/69
	51		59			/font/5001/70
	15	380	23	393	00ff00	/font/5001/54
	21		29			/font/5001/72
	27		35			/font/5001/61
	33		41			/font/5001/6e
	39		47			/font/5001/73
	45		53			/font/5001/70
	51		59			/font/5001/6f
	57		65			/font/5001/72
	63		71			/font/5001/74
	15	392	23	405		/font/5001/45
	21		29			/font/5001/6e
	27		35			/font/5001/67
	33		41			/font/5001/69
	39		47			/font/5001/6e
	45		53			/font/5001/65
	51		59			
	57		65			/font/5001/72
	63		71			/font/5001/20
	69		77			/font/5001/50
	75		83			/font/5001/6f
	81		89			/font/5001/64
	15	404	23	417	009000	/font/5001/41
	21		29			/font/5001/73
	27		35			
	33		41			/font/5001/61
	39		47			/font/5001/75
	45		53			/font/5001/6c
	51		59			/font/5001/74
	57		65			/font/5001/20
	63		71			/font/5001/54
	69		77			/font/5001/72
	75		83			/font/5001/61
	81		89			/font/5001/6e
	87		95			/font/5001/73
	93		101			/font/5001/70
	99		107			/font/5001/6f
	105		113			/font/5001/72
	111		119			/font/5001/74
line	12	438	119	438	009000
rect	16	450	114	475	001010
line	17	461	17	450	00c0c0
		450	43		
	43			461	007070
		461	17		
rect	18	451	43	461	009090
tint	19	450	27	463	00ffff	/font/5001/52
	25		33			/font/5001/47
	31		39			/font/5001/48
	37		45			/font/5001/54
	43		51			/font/5001/20
	49		57			/font/5001/42
	55		63			/font/5001/75
	61		69			/font/5001/69
	67		75			/font/5001/6c
	73		81			/font/5001/64
line	17	473	17	462	00c0c0
		462	43		
	43			473	007070
		473	17		
rect	18	463	43	473	009090
tint	19	462	27	475	00ffff	/font/5001/4c
	25		33			/font/5001/45
	31		39			/font/5001/46
	37		45			/font/5001/54
	43		51			/font/5001/20
	49		57			/font/5001/4d
	55		63			/font/5001/61
	61		69			/font/5001/69
	67		75			/font/5001/6e
	73		81			/font/5001/20
	79		87			/font/5001/4d
	85		93			/font/5001/65
	91		99			/font/5001/6e
	97		105			/font/5001/75
line	12	191	12	180	ffff00
		180	120		
	120			191	909000
		191	12		
rect	13	181	120	191	c0c000
tint	15	180	23	193	000000	/font/5001/43
	21		29			/font/5001/4f
	27		35			/font/5001/4e
	33		41			/font/5001/54
	39		47			/font/5001/52
	45		53			/font/5001/4f
	51		59			/font/5001/4c
	15	192	23	205	7fff7f	/font/5001/47
	21		29			/font/5001/55
	27		35			/font/5001/4e
	33		41			/font/5001/53
	39		47			/font/5001/48
	45		53			/font/5001/49
	51		59			/font/5001/50
draw	16	208	34	222	/sprites/509.SMIV/0
line	14	204	35	204	489048
			14	205	
	35		35		
	14	225		225	
			14	224	
	35		35		
rect	42	206	49	222	003870
		222		224	0060c0
line	40	204	50	204	00488f
			40	205	
	50		50		
	40	225		225	
			40	224	
	50		50		
rect	55	206	62	215	707000
		215		224	c0c000
line	53	204	63	204	909000
			53	205	
	63		63		
	53	225		225	
			53	224	
	63		63		
tint	69	204	77	217	7fff7f	/font/5001/50
	75		83			/font/5001/4b
	81		89			/font/5001/42
	87		95			/font/5001/45
	93		101			/font/5001/41
	99		107			/font/5001/4d
	105		113			/font/5001/20
	111		119			/font/5001/31
	69	216	77	229		/font/5001/4c
	75		83			/font/5001/42
	81		89			/font/5001/45
	87		95			/font/5001/41
	93		101			/font/5001/4d
	99		107			/font/5001/20
	105		113			/font/5001/31
	12	228	20	241	00ff00	/font/5001/4d
	18		26			/font/5001/69
	24		32			/font/5001/73
	30		38			
	36		44			/font/5001/69
	42		50			/font/5001/6c
	48		56			/font/5001/65
	54		62			/font/5001/20
	60		68			/font/5001/48
	66		74			/font/5001/69
	72		80			/font/5001/74
line	12	263	12	252	007fff
		252	120		
	120			263	00488f
		263	12		
rect	13	253	120	263	0060c0
tint	15	252	23	265	000000	/font/5001/54
	21		29			/font/5001/41
	27		35			/font/5001/52
	33		41			/font/5001/47
	39		47			/font/5001/45
	45		53			/font/5001/54
	15	264	23	277	7fff7f	/font/5001/47
	21		29			/font/5001/55
	27		35			/font/5001/4e
	33		41			/font/5001/53
	39		47			/font/5001/48
	45		53			/font/5001/49
	51		59			/font/5001/50
draw	16	280	34	294	/sprites/509.SMIV/0
line	14	276	35	276	489048
			14	277	
	35		35		
	14	297		297	
			14	296	
	35		35		
rect	42	278	49	294	003870
		294		296	0060c0
line	40	276	50	276	00488f
			40	277	
	50		50		
	40	297		297	
			40	296	
	50		50		
rect	55	278	62	287	707000
		287		296	c0c000
line	53	276	63	276	909000
			53	277	
	63		63		
	53	297		297	
			53	296	
	63		63		
tint	69	276	77	289	7fff7f	/font/5001/50
	75		83			/font/5001/4b
	81		89			/font/5001/42
	87		95			/font/5001/45
	93		101			/font/5001/41
	99		107			/font/5001/4d
	105		113			/font/5001/20
	111		119			/font/5001/31
	69	288	77	301		/font/5001/4c
	75		83			/font/5001/42
	81		89			/font/5001/45
	87		95			/font/5001/41
	93		101			/font/5001/4d
	99		107			/font/5001/20
	105		113			/font/5001/31
	12	300	20	313	00ff00	/font/5001/4d
	18		26			/font/5001/69
	24		32			/font/5001/73
	30		38			
	36		44			/font/5001/69
	42		50			/font/5001/6c
	48		56			/font/5001/65
	54		62			/font/5001/20
	60		68			/font/5001/48
	66		74			/font/5001/69
	72		80			/font/5001/74
