point	307	290	d0d0d0
	451	191	808080
	199	340	
	374	367	b0b0b0
	260	269	d0d0d0
	359	153	
	198	344	b0b0b0
	573	451	808080
	604	146	b0b0b0
	503	400	
	472	147	d0d0d0
	312	24	808080
	507	141	b0b0b0
	578	354	d0d0d0
	166	363	808080
	446	433	d0d0d0
	521	467	808080
	296	394	d0d0d0
	535	266	b0b0b0
	214	108	808080
	344	273	d0d0d0
	282	80	808080
	336	319	d0d0d0
	328	65	
	389	178	808080
	382	231	b0b0b0
	347	197	d0d0d0
	503	381	808080
	166	292	d0d0d0
	515	249	808080
	525	161	
	479	228	b0b0b0
	156	45	808080
	445	59	d0d0d0
	465	174	808080
	130	13	d0d0d0
	331	313	b0b0b0
	495	72	808080
	323	134	b0b0b0
	288	50	d0d0d0
	416	45	
	257	462	b0b0b0
	382	348	808080
	214	110	d0d0d0
	417	325	
	187	228	808080
	309	264	
	255	119	b0b0b0
	294	313	808080
	469	387	b0b0b0
	555	437	808080
	377	249	b0b0b0
	273	197	808080
	352	469	d0d0d0
	321	14	b0b0b0
	404	166	
	250	410	808080
	165	159	b0b0b0
	195	150	808080
	340	58	
	139	43	d0d0d0
	398	24	808080
	384	296	d0d0d0
	328	265	
	530	294	808080
	364	267	d0d0d0
	487	145	b0b0b0
	470	243	
	476	283	d0d0d0
	197	159	808080
	251	339	
	419	128	
	580	129	d0d0d0
	477	89	808080
	434	142	b0b0b0
	282	300	808080
	488	195	b0b0b0
	301	433	
	296	22	d0d0d0
	277	422	808080
	450	121	b0b0b0
	458	83	d0d0d0
	222	431	
	456	261	808080
	282	421	d0d0d0
	433	149	808080
	135	111	d0d0d0
	202	340	b0b0b0
	170	310	
	135	175	
	592	77	808080
	335	55	b0b0b0
	535	367	
	336	436	808080
	531	395	
	288	255	b0b0b0
	210	434	
	587	286	
	286	366	d0d0d0
	607	372	
	490	218	808080
	589	200	d0d0d0
	489	98	b0b0b0
	517	428	
	469	226	
	303	441	808080
	548	279	
	144	468	
	593	427	
	479	430	d0d0d0
	333	145	
	552	149	b0b0b0
	386	302	
	457	159	
	294	447	
	139	292	808080
	584	424	
	468	158	
	205	56	
	535	51	d0d0d0
	348	220	808080
	520	427	d0d0d0
	159	219	b0b0b0
	170		
	267	61	d0d0d0
rect	147	0	148	481	002850
	403		404		
	128	130	609	131	
		386		387	005000
	109	451	123	465	00488f
triangle	359	348	365	354	c00000
	609	18	619	28	
	386	202	392	208	
	363	235	373	245	009000
	602	7	608	13	c00000
	392	276	400	284	00c000
rect	544	80	546	82	00c000
	566	18	568	20	
	384	282	386	284	00ff00
	361	290	363	292	007fff
	367	286	371	290	ff0000
dither	200	50	346	67	300018
crop	204	54	211	65	56	55	000000	/fonts/tactical
	211		218		8	44		
	218		225		16	55		
	225		232		112	44		
	232		239		72			
	239		246		112			
	246		253		56			
	253		260		80	33		
	260		267		0	22		
	267		274		24	55		
	274		281		64	66		
	281		288		72			
	288		295		40			
	295		302		96			
	302		309		32			
	309		316		24	77		
	316		323		0	22		
	323		330		96	44		
	330		337		120	66		
	337		344		56	77		
	203	53	210	64		55	ff007f	
	210		217		8	44		
	217		224		16	55		
	224		231		112	44		
	231		238		72			
	238		245		112			
	245		252		56			
	252		259		80	33		
	259		266		0	22		
	266		273		24	55		
	273		280		64	66		
	280		287		72			
	287		294		40			
	294		301		96			
	301		308		32			
	308		315		24	77		
	315		322		0	22		
	322		329		96	44		
	329		336		120	66		
	336		343		56	77		
line	169	243	182	250	489048
				235	
	182	250			204020
draw	0	0	128	480	/pictures/501.png
	608		640		/pictures/512.png
rect	614	359	615	441	00488f
			623	360	
	622			441	002850
	614	440			
	615	360	622	440	003870
	614	441	615	457	007fff
			623	442	
	622			457	00488f
	614	456			
	615	442	622	456	0070e0
	614	231	615	270	909048
			623	232	
	622			270	505028
	614	269			
	615	232	622	269	707038
	614	270	615	329	ffff7f
			623	271	
	622			329	909048
	614	328			
	615	271	622	328	e0e070
	614	103	615	134	904848
			623	104	
	622			134	502828
	614	133			
	615	104	622	133	703838
	614	134	615	201	ff7f7f
			623	135	
	622			201	904848
	614	200			
	615	135	622	200	e07070
	618	8	630	9	90488f
			619	10	
	629		630		
	618	36		37	
		35	619		
	629		630		
	620	10	628	35	703870
		35			c060c0
	634	49	636	52	007fff
		53		56	0060c0
		57		60	
		61		64	
		65		68	
		69		72	183018
		73		76	
		77		80	
		81		84	
		85		88	
		89		92	
		93		96	
		97		100	
		101		104	
		105		108	
		109		112	
		113		116	
		117		120	
		121		124	
		125		128	
		129		132	
		133		136	
		137		140	
		141		144	
		145		148	
		149		152	
		153		156	
		157		160	
		161		164	
		165		168	
		169		172	
		173		176	
		177		180	
		181		184	
		185		188	
		189		192	
		193		196	
		197		200	
		201		204	
		205		208	
		209		212	
		213		216	
		217		220	
		221		224	
		225		228	
		229		232	
		233		236	
		237		240	
		241		244	
		245		248	
		249		252	
		253		256	
		257		260	
		261		264	
		265		268	
		269		272	
		273		276	
		277		280	
		281		284	
		285		288	
		289		292	
		293		296	
		297		300	
		301		304	
		305		308	
		309		312	
		313		316	
		317		320	
		321		324	
		325		328	
		329		332	
		333		336	
		337		340	
		341		344	
		345		348	
		349		352	
		353		356	
		357		360	
		361		364	
		365		368	
		369		372	
		373		376	
		377		380	
		381		384	
		385		388	
		389		392	
		393		396	
		397		400	
		401		404	
		405		408	
		409		412	
		413		416	
		417		420	
		421		424	
		425		428	
		429		432	
		433		436	
		437		440	
		441		444	
		445		448	
	621	52	631	56	303000
		57		61	
		62		66	
		67		71	
		72		76	
		77		81	
		82		86	
	7	7	115	115	00ff00
	8	8	114	114	001000
	23	23	99	99	003000
point	63	67	00e000
	21	96	
	100	27	
	64	56	
	60	78	
	98	25	
	61	69	
		68	
	65	67	
	89	36	
	92	26	
rect	12	320	121	440	001000
crop	15	320	21	332	16	48	00ff00	/fonts/computer
	21		27		40	60		
	27		33		72	48		
	33		39		96			
	39		45		32			
	45		51		0	24		
	51		57		24	60		
	57		63		64	48		
	63		69		72			
	69		75		0	60		
	75		81		24			
rect	12	342	120	343	009000
crop	15	332	21	344	48	48	00ff00	/fonts/computer
	21		27		8	72		
	27		33		112			
	33		39		24	84		
	39		45		72	72		
	45		51		0	24		
	51		57		8	48		
	57		63		96	72		
	63		69		0	84		
	69		75		64	72		
	75		81		8			
	15	344	21	356	48	48		
	21		27		72	72		
	27		33		56			
	33		39		64			
	39		45		32	84		
	45		51		40	72		
	51		57		16	84		
rect	12	356	13	368	009000
			121	357	
	120			368	005000
	12	367			
	13	357	120	367	007000
crop	15	356	21	368	24	48	00ff00	/fonts/computer
	21		27		16	84		
	27		33		40			
	33		39		72	72		
	39		45		24	84		
	45		51		40	72		
	51		57		16	84		
	15	368	21	380	56	48	009000	
	21		27		40	84		
	27		33		112	72		
	33		39		24	84		
	39		45		64	72		
	45		51		72			
	51		57		0	84		
	15	380	21	392	32	60	00ff00	
	21		27		16	84		
	27		33		8	72		
	33		39		112			
	39		45		24	84		
	45		51		0			
	51		57		120	72		
	57		63		16	84		
	63		69		32			
	15	392	21	404	40	48		
	21		27		112	72		
	27		33		56			
	33		39		72			
	39		45		112			
	45		51		40			
	51		57					
	57		63		16	84		
	63		69		0	24		
	69		75			60		
	75		81		120	72		
	81		87		32			
	15	404	21	416	8	48	009000	
	21		27		24	84		
	27		33					
	33		39		8	72		
	39		45		40	84		
	45		51		96	72		
	51		57		32	84		
	57		63		0	24		
	63		69		32	60		
	69		75		16	84		
	75		81		8	72		
	81		87		112			
	87		93		24	84		
	93		99		0			
	99		105		120	72		
	105		111		16	84		
	111		117		32			
rect	12	438	120	439	009000
	16	450	114	475	001010
	17		18	462	00c0c0
			44	451	
	43			462	007070
	17	461			
	18	451	43	461	009090
crop	19	450	25	462	16	60	00ffff	/fonts/computer
	25		31		56	48		
	31		37		64			
	37		43		32	60		
	43		49		0	24		
	49		55		16	48		
	55		61		40	84		
	61		67		72	72		
	67		73		96			
	73		79		32			
rect	17	462	18	474	00c0c0
			44	463	
	43			474	007070
	17	473			
	18	463	43	473	009090
crop	19	462	25	474	96	48	00ffff	/fonts/computer
	25		31		40			
	31		37		48			
	37		43		32	60		
	43		49		0	24		
	49		55		104	48		
	55		61		8	72		
	61		67		72			
	67		73		112			
	73		79		0	24		
	79		85		104	48		
	85		91		40	72		
	91		97		112			
	97		103		40	84		
rect	12	180	13	192	ffff00
			121	181	
	120			192	909000
	12	191			
	13	181	120	191	c0c000
crop	15	180	21	192	24	48	000000	/fonts/computer
	21		27		120			
	27		33		112			
	33		39		32	60		
	39		45		16			
	45		51		120	48		
	51		57		96			
	15	192	21	204	56		7fff7f	
	21		27		40	60		
	27		33		112	48		
	33		39		24	60		
	39		45		64	48		
	45		51		72			
	51		57		0	60		
draw	16	208	34	222	/sprites/509.SMIV/0
rect	14	204	36	205	489048
			15	206	
	35		36		
	14	225		226	
		224	15		
	35		36		
	42	206	49	221	003870
		221		224	0060c0
	40	204	51	205	00488f
			41	206	
	50		51		
	40	225		226	
		224	41		
	50		51		
	55	206	62	214	707000
		214		224	c0c000
	53	204	64	205	909000
			54	206	
	63		64		
	53	225		226	
		224	54		
	63		64		
crop	69	204	75	216	0	60	7fff7f	/fonts/computer
	75		81		88	48		
	81		87		16			
	87		93		40			
	93		99		8			
	99		105		104			
	105		111		0	24		
	111		117		8	36		
	69	216	75	228	96	48		
	75		81		16			
	81		87		40			
	87		93		8			
	93		99		104			
	99		105		0	24		
	105		111		8	36		
	12	228	18	240	48	48	00ff00	
	18		24		40	84		
	24		30		24			
	30		36		72	72		
	36		42		120			
	42		48		112			
	48		54		0	24		
	54		60			60		
	60		66		40	84		
	66		72		96	72		
	72		78		24	84		
	78		84		40	72		
rect	12	252	13	264	007fff
			121	253	
	120			264	00488f
	12	263			
	13	253	120	263	0060c0
crop	15	252	21	264	32	60	000000	/fonts/computer
	21		27		8	48		
	27		33		16	60		
	33		39		56	48		
	39		45		40			
	45		51		32	60		
	15	264	21	276	56	48	7fff7f	
	21		27		40	60		
	27		33		112	48		
	33		39		24	60		
	39		45		64	48		
	45		51		72			
	51		57		0	60		
draw	16	280	34	294	/sprites/509.SMIV/0
rect	14	276	36	277	489048
			15	278	
	35		36		
	14	297		298	
		296	15		
	35		36		
	42	278	49	293	003870
		293		296	0060c0
	40	276	51	277	00488f
			41	278	
	50		51		
	40	297		298	
		296	41		
	50		51		
	55	278	62	286	707000
		286		296	c0c000
	53	276	64	277	909000
			54	278	
	63		64		
	53	297		298	
		296	54		
	63		64		
crop	69	276	75	288	0	60	7fff7f	/fonts/computer
	75		81		88	48		
	81		87		16			
	87		93		40			
	93		99		8			
	99		105		104			
	105		111		0	24		
	111		117		8	36		
	69	288	75	300	96	48		
	75		81		16			
	81		87		40			
	87		93		8			
	93		99		104			
	99		105		0	24		
	105		111		8	36		
	12	300	18	312	48	48	00ff00	
	18		24		40	84		
	24		30		24			
	30		36		72	72		
	36		42		120			
	42		48		112			
	48		54		0	24		
	54		60			60		
	60		66		40	84		
	66		72		96	72		
	72		78		24	84		
	78		84		40	72		
