point	336	287	d0d0d0
	466	190	808080
	214	339	
	396	365	b0b0b0
	290	265	d0d0d0
	389	150	
	220	341	b0b0b0
	588	449	808080
	146	420	b0b0b0
	525	397	
	502	144	d0d0d0
	326	22	808080
	529	139	b0b0b0
	607	350	d0d0d0
	181	362	808080
	475	429	d0d0d0
	536	465	808080
	325	391	d0d0d0
	557	264	b0b0b0
	228	106	808080
	373	270	d0d0d0
	296	79	808080
	365	316	d0d0d0
	357	62	
	403	176	808080
	404	229	b0b0b0
	376	194	d0d0d0
	518	379	808080
	195	289	d0d0d0
	529	247	808080
	539	159	
	501	225	b0b0b0
	170	44	808080
	474	56	d0d0d0
	480	173	808080
	159	10	d0d0d0
	353	310	b0b0b0
	509	70	808080
	345	132	b0b0b0
	317	47	d0d0d0
	445	42	
	279	460	b0b0b0
	397	347	808080
	244	107	d0d0d0
	447	322	
	201	227	808080
	323	263	
	277	117	b0b0b0
	308	312	808080
	491	385	b0b0b0
	570	436	808080
	399	247	b0b0b0
	287	196	808080
	381	466	d0d0d0
	343	11	b0b0b0
	426	164	
	265	409	808080
	187	156	b0b0b0
	209	148	808080
	355	56	
	168	40	d0d0d0
	413	23	808080
		293	d0d0d0
	358	262	
	544	292	808080
	393	264	d0d0d0
	509	142	b0b0b0
	492	241	
	505	279	d0d0d0
	212	158	808080
	265	337	
	434	126	
	129	336	
	492	88	
	456	139	b0b0b0
	297	298	808080
	510	192	b0b0b0
	323	430	
	326	19	d0d0d0
	291	420	808080
	472	119	b0b0b0
	487	79	d0d0d0
	251	428	
	470	260	808080
	311	418	d0d0d0
	448	147	808080
	164	108	d0d0d0
	224	338	b0b0b0
	192	307	
	157	173	
	607	75	808080
	357	53	b0b0b0
	557	365	
	351	434	808080
	545	394	
	310	253	b0b0b0
	232	432	
	129	96	d0d0d0
	315	363	
	142	411	808080
	505	216	
	137	241	d0d0d0
	511	96	b0b0b0
	539	425	
	491	224	
	317	440	808080
	562	277	
	158	466	
	608	426	
	508	427	d0d0d0
	362	142	
	574	147	b0b0b0
	408	299	
	479	156	
	316	444	
	153	291	808080
	598	423	
	482	157	
	220	55	
	564	48	d0d0d0
	362	218	808080
	549	424	d0d0d0
	181	216	b0b0b0
	192	217	
	296	58	d0d0d0
line	177	0	177	480	002850
	433		433		
	128	126	608	126	
		382		382	005000
	373	240	375	238	ff0000
tint	138	448	152	462	00488f	/x/square/7
	432	337	438	343	c00000	/x/triangle/3
	384	225	390	231		
	363	235	373	245	005000	/x/triangle/5
	636	17	642	23	c00000	/x/triangle/3
	390	283	398	291	00c000	/x/triangle/4
	566	82	568	84		/x/square/1
	592	7	594	9		
	396	282	400	286	ff0000	/x/square/2
dither	200	50	346	67	300018
tint	204	54	212	66	000000	/font/5000/57
	211		219			/font/5000/41
	218		226			/font/5000/52
	225		233			/font/5000/4e
	232		240			/font/5000/49
	239		247			/font/5000/4e
	246		254			/font/5000/47
	253		261			/font/5000/3a
	260		268			/font/5000/20
	267		275			/font/5000/53
	274		282			/font/5000/68
	281		289			/font/5000/69
	288		296			/font/5000/65
	295		303			/font/5000/6c
	302		310			/font/5000/64
	309		317			/font/5000/73
	316		324			/font/5000/20
	323		331			/font/5000/4c
	330		338			/font/5000/6f
	337		345			/font/5000/77
	203	53	211	65	ff007f	/font/5000/57
	210		218			/font/5000/41
	217		225			/font/5000/52
	224		232			/font/5000/4e
	231		239			/font/5000/49
	238		246			/font/5000/4e
	245		253			/font/5000/47
	252		260			/font/5000/3a
	259		267			/font/5000/20
	266		274			/font/5000/53
	273		281			/font/5000/68
	280		288			/font/5000/69
	287		295			/font/5000/65
	294		302			/font/5000/6c
	301		309			/font/5000/64
	308		316			/font/5000/73
	315		323			/font/5000/20
	322		330			/font/5000/4c
	329		337			/font/5000/6f
	336		344			/font/5000/77
line	189	327	204	328	489048
			197	314	
	204	328			204020
draw	0	0	128	480	/pictures/501.png
	608		640		/pictures/512.png
line	614	440	614	359	00488f
		359	622		
	622			440	002850
		440	614		
rect	615	360	622	440	003870
line	614	456	614	441	007fff
		441	622		
	622			456	00488f
		456	614		
rect	615	442	622	456	0070e0
line	614	268	614	231	909048
		231	622		
	622			268	505028
		268	614		
rect	615	232	622	268	707038
line	614	328	614	269	ffff7f
		269	622		
	622			328	909048
		328	614		
rect	615	270	622	328	e0e070
line	614	133	614	103	904848
		103	622		
	622			133	502828
		133	614		
rect	615	104	622	133	703838
line	614	200	614	134	ff7f7f
		134	622		
	622			200	904848
		200	614		
rect	615	135	622	200	e07070
line	618	8	629	8	90488f
			618	9	
	629		629		
	618	36		36	
			618	35	
	629		629		
rect	620	10	628	35	703870
		35			c060c0
	634	49	636	52	007fff
		53		56	0060c0
		57		60	
		61		64	
		65		68	
		69		72	183018
		73		76	
		77		80	
		81		84	
		85		88	
		89		92	
		93		96	
		97		100	
		101		104	
		105		108	
		109		112	
		113		116	
		117		120	
		121		124	
		125		128	
		129		132	
		133		136	
		137		140	
		141		144	
		145		148	
		149		152	
		153		156	
		157		160	
		161		164	
		165		168	
		169		172	
		173		176	
		177		180	
		181		184	
		185		188	
		189		192	
		193		196	
		197		200	
		201		204	
		205		208	
		209		212	
		213		216	
		217		220	
		221		224	
		225		228	
		229		232	
		233		236	
		237		240	
		241		244	
		245		248	
		249		252	
		253		256	
		257		260	
		261		264	
		265		268	
		269		272	
		273		276	
		277		280	
		281		284	
		285		288	
		289		292	
		293		296	
		297		300	
		301		304	
		305		308	
		309		312	
		313		316	
		317		320	
		321		324	
		325		328	
		329		332	
		333		336	
		337		340	
		341		344	
		345		348	
		349		352	
		353		356	
		357		360	
		361		364	
		365		368	
		369		372	
		373		376	
		377		380	
		381		384	
		385		388	
		389		392	
		393		396	
		397		400	
		401		404	
		405		408	
		409		412	
		413		416	
		417		420	
		421		424	
		425		428	
		429		432	
		433		436	
		437		440	
		441		444	
		445		448	
	621	52	631	56	303000
		57		61	
		62		66	
		67		71	
		72		76	
		77		81	
		82		86	
	7	7	115	115	00ff00
	8	8	114	114	001000
	23	23	99	99	003000
point	62	61	00e000
	26	95	
	106	31	
	64	60	
	71	77	
	104	26	
	65	68	
			
	92	36	
	97	25	
rect	12	320	121	440	001000
tint	15	320	23	333	00ff00	/font/5001/42
	21		29			/font/5001/55
	27		35			/font/5001/49
	33		41			/font/5001/4c
	39		47			/font/5001/44
	45		53			/font/5001/20
	51		59			/font/5001/53
	57		65			/font/5001/48
	63		71			/font/5001/49
	69		77			/font/5001/50
	75		83			/font/5001/53
line	12	342	119	342	009000
tint	15	332	23	345	00ff00	/font/5001/46
	21		29			/font/5001/61
	27		35			/font/5001/6e
	33		41			/font/5001/73
	39		47			/font/5001/69
	45		53			/font/5001/20
	51		59			/font/5001/41
	57		65			/font/5001/6c
	63		71			/font/5001/70
	69		77			/font/5001/68
	75		83			/font/5001/61
	15	344	23	357		/font/5001/46
	21		29			/font/5001/69
	27		35			/font/5001/67
	33		41			/font/5001/68
	39		47			/font/5001/74
	45		53			/font/5001/65
	51		59			/font/5001/72
line	12	367	12	356	009000
		356	120		
	120			367	005000
		367	12		
rect	13	357	120	367	007000
tint	15	356	23	369	00ff00	/font/5001/43
	21		29			/font/5001/72
	27		35			/font/5001/75
	33		41			/font/5001/69
	39		47			/font/5001/73
	45		53			/font/5001/65
	51		59			/font/5001/72
	15	368	23	381	009000	/font/5001/47
	21		29			/font/5001/75
	27		35			/font/5001/6e
	33		41			/font/5001/73
	39		47			/font/5001/68
	45		53			/font/5001/69
	51		59			/font/5001/70
	15	380	23	393	00ff00	/font/5001/54
	21		29			/font/5001/72
	27		35			/font/5001/61
	33		41			/font/5001/6e
	39		47			/font/5001/73
	45		53			/font/5001/70
	51		59			/font/5001/6f
	57		65			/font/5001/72
	63		71			/font/5001/74
	15	392	23	405		/font/5001/45
	21		29			/font/5001/6e
	27		35			/font/5001/67
	33		41			/font/5001/69
	39		47			/font/5001/6e
	45		53			/font/5001/65
	51		59			
	57		65			/font/5001/72
	63		71			/font/5001/20
	69		77			/font/5001/50
	75		83			/font/5001/6f
	81		89			/font/5001/64
	15	404	23	417	009000	/font/5001/41
	21		29			/font/5001/73
	27		35			
	33		41			/font/5001/61
	39		47			/font/5001/75
	45		53			/font/5001/6c
	51		59			/font/5001/74
	57		65			/font/5001/20
	63		71			/font/5001/54
	69		77			/font/5001/72
	75		83			/font/5001/61
	81		89			/font/5001/6e
	87		95			/font/5001/73
	93		101			/font/5001/70
	99		107			/font/5001/6f
	105		113			/font/5001/72
	111		119			/font/5001/74
line	12	438	119	438	009000
rect	16	450	114	475	001010
line	17	461	17	450	00c0c0
		450	43		
	43			461	007070
		461	17		
rect	18	451	43	461	009090
tint	19	450	27	463	00ffff	/font/5001/52
	25		33			/font/5001/47
	31		39			/font/5001/48
	37		45			/font/5001/54
	43		51			/font/5001/20
	49		57			/font/5001/42
	55		63			/font/5001/75
	61		69			/font/5001/69
	67		75			/font/5001/6c
	73		81			/font/5001/64
line	17	473	17	462	00c0c0
		462	43		
	43			473	007070
		473	17		
rect	18	463	43	473	009090
tint	19	462	27	475	00ffff	/font/5001/4c
	25		33			/font/5001/45
	31		39			/font/5001/46
	37		45			/font/5001/54
	43		51			/font/5001/20
	49		57			/font/5001/4d
	55		63			/font/5001/61
	61		69			/font/5001/69
	67		75			/font/5001/6e
	73		81			/font/5001/20
	79		87			/font/5001/4d
	85		93			/font/5001/65
	91		99			/font/5001/6e
	97		105			/font/5001/75
rect	12	180	120	192	000000
line	12	191	12	180	ffff00
		180	119		
	119			191	909000
		191	12		
rect	13	181	119	191	c0c000
tint	15	180	23	193	000000	/font/5001/43
	21		29			/font/5001/4f
	27		35			/font/5001/4e
	33		41			/font/5001/54
	39		47			/font/5001/52
	45		53			/font/5001/4f
	51		59			/font/5001/4c
rect	12	192	120	204	000000
tint	15	192	23	205	7fff7f	/font/5001/47
	21		29			/font/5001/55
	27		35			/font/5001/4e
	33		41			/font/5001/53
	39		47			/font/5001/48
	45		53			/font/5001/49
	51		59			/font/5001/50
rect	14	204	36	226	000000
draw	16	208	34	222	/sprites/509.SMIV/0
line	14	204	35	204	489048
			14	205	
	35		35		
	14	225		225	
			14	224	
	35		35		
rect	40	204	51	226	000000
	42	206	49	221	003870
		221		224	0060c0
line	40	204	50	204	00488f
			40	205	
	50		50		
	40	225		225	
			40	224	
	50		50		
rect	53	204	64	226	000000
	55	206	62	213	707000
		213		224	c0c000
line	53	204	63	204	909000
			53	205	
	63		63		
	53	225		225	
			53	224	
	63		63		
rect	69	204	120	216	000000
tint	69	204	77	217	7fff7f	/font/5001/50
	75		83			/font/5001/4b
	81		89			/font/5001/42
	87		95			/font/5001/45
	93		101			/font/5001/41
	99		107			/font/5001/4d
	105		113			/font/5001/20
	111		119			/font/5001/31
rect	69	216	120	228	000000
tint	69	216	77	229	7fff7f	/font/5001/4c
	75		83			/font/5001/42
	81		89			/font/5001/45
	87		95			/font/5001/41
	93		101			/font/5001/4d
	99		107			/font/5001/20
	105		113			/font/5001/31
rect	69	192	120	204	000000
	12	228		240	
tint	12	228	20	241	ff0000	/font/5001/50
	18		26			/font/5001/2d
	24		32			/font/5001/4b
	30		38			/font/5001/20
	36		44			/font/5001/42
	42		50			/font/5001/65
	48		56			/font/5001/61
	54		62			/font/5001/6d
rect	12	252	120	264	000000
line	12	263	12	252	007fff
		252	119		
	119			263	00488f
		263	12		
rect	13	253	119	263	0060c0
tint	15	252	23	265	000000	/font/5001/54
	21		29			/font/5001/41
	27		35			/font/5001/52
	33		41			/font/5001/47
	39		47			/font/5001/45
	45		53			/font/5001/54
rect	12	264	120	276	000000
tint	15	264	23	277	7fff7f	/font/5001/47
	21		29			/font/5001/55
	27		35			/font/5001/4e
	33		41			/font/5001/53
	39		47			/font/5001/48
	45		53			/font/5001/49
	51		59			/font/5001/50
rect	14	276	36	298	000000
draw	16	280	34	294	/sprites/509.SMIV/0
line	14	276	35	276	489048
			14	277	
	35		35		
	14	297		297	
			14	296	
	35		35		
rect	40	276	51	298	000000
	42	278	49	293	003870
		293		296	0060c0
line	40	276	50	276	00488f
			40	277	
	50		50		
	40	297		297	
			40	296	
	50		50		
rect	53	276	64	298	000000
	55	278	62	285	707000
		285		296	c0c000
line	53	276	63	276	909000
			53	277	
	63		63		
	53	297		297	
			53	296	
	63		63		
rect	69	276	120	288	000000
tint	69	276	77	289	7fff7f	/font/5001/50
	75		83			/font/5001/4b
	81		89			/font/5001/42
	87		95			/font/5001/45
	93		101			/font/5001/41
	99		107			/font/5001/4d
	105		113			/font/5001/20
	111		119			/font/5001/31
rect	69	288	120	300	000000
tint	69	288	77	301	7fff7f	/font/5001/4c
	75		83			/font/5001/42
	81		89			/font/5001/45
	87		95			/font/5001/41
	93		101			/font/5001/4d
	99		107			/font/5001/20
	105		113			/font/5001/31
rect	69	264	120	276	000000
	12	300		312	
tint	12	300	20	313	ff0000	/font/5001/50
	18		26			/font/5001/2d
	24		32			/font/5001/4b
	30		38			/font/5001/20
	36		44			/font/5001/42
	42		50			/font/5001/65
	48		56			/font/5001/61
	54		62			/font/5001/6d
