point	404	230	d0d0d0
	499	161	808080
	247	310	
	447	323	b0b0b0
	358	209	d0d0d0
	456	93	
	271	299	b0b0b0
	156	192	d0d0d0
	197	377	b0b0b0
	576	355	
	570	87	d0d0d0
	192	470	b0b0b0
	580	96	
	195	171	d0d0d0
	215	333	808080
	543	373	d0d0d0
	570	437	808080
	393	334	d0d0d0
	607	222	b0b0b0
	262	78	808080
	441	213	d0d0d0
	330	51	808080
	433	259	d0d0d0
	425	5	
	437	148	808080
	454	186	b0b0b0
	444	137	d0d0d0
	551	351	808080
	263	232	d0d0d0
	563	219	808080
	573	131	
	551	183	b0b0b0
	204	16	808080
	470	478	b0b0b0
	514	144	808080
	292	432	d0d0d0
	404	268	b0b0b0
	543	42	808080
	396	90	b0b0b0
	204	472	
	538	465	d0d0d0
	330	417	b0b0b0
	430	318	808080
	312	50	d0d0d0
	514	265	
	235	199	808080
	357	234	
	327	74	b0b0b0
	342	284	808080
	541	342	b0b0b0
	604	407	808080
	450	204	b0b0b0
	321	168	808080
	449	409	d0d0d0
	390	458	808080
	477	121	b0b0b0
	298	380	808080
	238	114	b0b0b0
	243	120	808080
	389	28	
	559	470	
	489	473	
	481	236	d0d0d0
	425	205	
	578	264	808080
	461	207	d0d0d0
	559	100	b0b0b0
	543	198	
	573	222	d0d0d0
	246	130	808080
	299	309	
	467	98	
	163	307	
	526	60	
	507	97	b0b0b0
	331	270	808080
	561	150	b0b0b0
	374	388	
	587	441	d0d0d0
	325	392	808080
	523	77	b0b0b0
	555	22	d0d0d0
	319	371	
	504	232	808080
	379	361	d0d0d0
	481	119	808080
	232	51	d0d0d0
	275	295	b0b0b0
	242	265	
	208	130	
	161	94	808080
	408	10	b0b0b0
	608	322	
	385	406	808080
	579	366	
	361	211	b0b0b0
	283	389	
	197	39	d0d0d0
	383	306	
	176	383	808080
	539	188	
	205	184	d0d0d0
	562	53	b0b0b0
	589	383	
	541	181	
	351	411	808080
	596	249	
	192	438	
	195	314	d0d0d0
	576	370	
	430	85	
	139	250	808080
	459	257	b0b0b0
	529	114	
	367	402	
	187	262	808080
	152	265	
	516	128	
	254	27	
	146	368	b0b0b0
	396	190	808080
	135	372	b0b0b0
	232	174	
	243		
	364	1	d0d0d0
	984	295	402000
	965	300	
	983	286	
	990	287	
	971	301	
	952	303	
	970	294	
	963	273	
	980	283	
	954	304	
rect	245	0	246	481	002850
	501		502		
	128	69	609	70	
		325		326	005000
line	393	219	393	216	00ff00
	369	241	369	239	
	360	278	361	276	ffff7f
	361	280		278	00ff00
rect	206	391	220	405	00488f
triangle	467	207	473	213	c00000
	389	220	395	226	
plus	29	355	39	365	00c000
triangle	363	235	373	245	005000
	388	207	396	215	00c000
rect	611	40	613	42	00c000
	391	214	393	216	00ff00
dither	200	50	346	67	300018
crop	204	54	211	65	56	55	000000	/fonts/tactical.png
	211		218		8	44		
	218		225		16	55		
	225		232		112	44		
	232		239		72			
	239		246		112			
	246		253		56			
	253		260		80	33		
	260		267		0	22		
	267		274		24	55		
	274		281		64	66		
	281		288		72			
	288		295		40			
	295		302		96			
	302		309		32			
	309		316		24	77		
	316		323		0	22		
	323		330		96	44		
	330		337		120	66		
	337		344		56	77		
	203	53	210	64		55	ff007f	
	210		217		8	44		
	217		224		16	55		
	224		231		112	44		
	231		238		72			
	238		245		112			
	245		252		56			
	252		259		80	33		
	259		266		0	22		
	266		273		24	55		
	273		280		64	66		
	280		287		72			
	287		294		40			
	294		301		96			
	301		308		32			
	308		315		24	77		
	315		322		0	22		
	322		329		96	44		
	329		336		120	66		
	336		343		56	77		
line	422	432	425	417	489048
			411	421	
	425	417			204020
draw	0	-144	128	624	/pictures/501.png
	608		640		/pictures/512.png
rect	614	359	615	446	00488f
			623	360	
	622			446	002850
	614	445			
	615	360	622	445	003870
	614	446	615	457	007fff
			623	447	
	622			457	00488f
	614	456			
	615	447	622	456	0070e0
	614	231	615	268	909048
			623	232	
	622			268	505028
	614	267			
	615	232	622	267	707038
	614	268	615	329	ffff7f
			623	269	
	622			329	909048
	614	328			
	615	269	622	328	e0e070
	614	103	615	135	904848
			623	104	
	622			135	502828
	614	134			
	615	104	622	134	703838
	614	135	615	201	ff7f7f
			623	136	
	622			201	904848
	614	200			
	615	136	622	200	e07070
	618	8	630	9	90488f
			619	10	
	629		630		
	618	36		37	
		35	619		
	629		630		
	620	10	628	35	703870
		35			c060c0
	634	49	636	52	007fff
		53		56	0060c0
		57		60	
		61		64	
		65		68	
		69		72	183018
		73		76	
		77		80	
		81		84	
		85		88	
		89		92	
		93		96	
		97		100	
		101		104	
		105		108	
		109		112	
		113		116	
		117		120	
		121		124	
		125		128	
		129		132	
		133		136	
		137		140	
		141		144	
		145		148	
		149		152	
		153		156	
		157		160	
		161		164	
		165		168	
		169		172	
		173		176	
		177		180	
		181		184	
		185		188	
		189		192	
		193		196	
		197		200	
		201		204	
		205		208	
		209		212	
		213		216	
		217		220	
		221		224	
		225		228	
		229		232	
		233		236	
		237		240	
		241		244	
		245		248	
		249		252	
		253		256	
		257		260	
		261		264	
		265		268	
		269		272	
		273		276	
		277		280	
		281		284	
		285		288	
		289		292	
		293		296	
		297		300	
		301		304	
		305		308	
		309		312	
		313		316	
		317		320	
		321		324	
		325		328	
		329		332	
		333		336	
		337		340	
		341		344	
		345		348	
		349		352	
		353		356	
		357		360	
		361		364	
		365		368	
		369		372	
		373		376	
		377		380	
		381		384	
		385		388	
		389		392	
		393		396	
		397		400	
		401		404	
		405		408	
		409		412	
		413		416	
		417		420	
		421		424	
		425		428	
		429		432	
		433		436	
		437		440	
		441		444	
		445		448	
	621	52	631	56	303000
		57		61	
		62		66	
		67		71	
		72		76	
		77		81	
		82		86	
	7	7	115	115	00ff00
	8	8	114	114	001000
	24	24	100	100	003000
point	64	57	00e000
	37	86	
	65	58	
	64	59	
	8	80	
	77	57	
	61	61	
	60	66	
		67	
	64	57	
	100	30	
	106	12	
rect	12	320	121	440	001000
		342	120	343	009000
		356	13	368	
			121	357	
	120			368	005000
	12	367			
	13	357	120	367	007000
	12	438		439	009000
	16	450	114	475	001010
	17		18	462	00c0c0
			44	451	
	43			462	007070
	17	461			
	18	451	43	461	009090
	17	462	18	474	00c0c0
			44	463	
	43			474	007070
	17	473			
	18	463	43	473	009090
crop	15	320	21	332	16	48	00ff00	/fonts/computer.png
	21		27		40	60		
	27		33		72	48		
	33		39		96			
	39		45		32			
	45		51		0	24		
	51		57		24	60		
	57		63		64	48		
	63		69		72			
	69		75		0	60		
	75		81		24			
	15	332	21	344	48	48		
	21		27		8	72		
	27		33		112			
	33		39		24	84		
	39		45		72	72		
	45		51		0	24		
	51		57		8	48		
	57		63		96	72		
	63		69		0	84		
	69		75		64	72		
	75		81		8			
	15	344	21	356	48	48		
	21		27		72	72		
	27		33		56			
	33		39		64			
	39		45		32	84		
	45		51		40	72		
	51		57		16	84		
	15	356	21	368	24	48		
	21		27		16	84		
	27		33		40			
	33		39		72	72		
	39		45		24	84		
	45		51		40	72		
	51		57		16	84		
	15	368	21	380	56	48	009000	
	21		27		40	84		
	27		33		112	72		
	33		39		24	84		
	39		45		64	72		
	45		51		72			
	51		57		0	84		
	15	380	21	392	32	60	00ff00	
	21		27		16	84		
	27		33		8	72		
	33		39		112			
	39		45		24	84		
	45		51		0			
	51		57		120	72		
	57		63		16	84		
	63		69		32			
	15	392	21	404	40	48		
	21		27		112	72		
	27		33		56			
	33		39		72			
	39		45		112			
	45		51		40			
	51		57					
	57		63		16	84		
	63		69		0	24		
	69		75			60		
	75		81		120	72		
	81		87		32			
	15	404	21	416	8	48	009000	
	21		27		24	84		
	27		33					
	33		39		8	72		
	39		45		40	84		
	45		51		96	72		
	51		57		32	84		
	57		63		0	24		
	63		69		32	60		
	69		75		16	84		
	75		81		8	72		
	81		87		112			
	87		93		24	84		
	93		99		0			
	99		105		120	72		
	105		111		16	84		
	111		117		32			
	19	450	25	462	16	60	00ffff	
	25		31		56	48		
	31		37		64			
	37		43		32	60		
	43		49		0	24		
	49		55		16	48		
	55		61		40	84		
	61		67		72	72		
	67		73		96			
	73		79		32			
	19	462	25	474	96	48		
	25		31		40			
	31		37		48			
	37		43		32	60		
	43		49		0	24		
	49		55		104	48		
	55		61		8	72		
	61		67		72			
	67		73		112			
	73		79		0	24		
	79		85		104	48		
	85		91		40	72		
	91		97		112			
	97		103		40	84		
rect	12	180	13	192	ffff00
			121	181	
	120			192	909000
	12	191			
	13	181	120	191	c0c000
crop	15	180	21	192	24	48	000000	/fonts/computer.png
	21		27		120			
	27		33		112			
	33		39		32	60		
	39		45		16			
	45		51		120	48		
	51		57		96			
	15	192	21	204	56		7fff7f	
	21		27		40	60		
	27		33		112	48		
	33		39		24	60		
	39		45		64	48		
	45		51		72			
	51		57		0	60		
draw	16	208	34	222	/sprites/509.SMIV/0
rect	14	204	36	205	489048
			15	206	
	35		36		
	14	225		226	
		224	15		
	35		36		
	42	206	49	222	003870
		222		224	0060c0
	40	204	51	205	00488f
			41	206	
	50		51		
	40	225		226	
		224	41		
	50		51		
	55	206	62	213	707000
		213		224	c0c000
	53	204	64	205	909000
			54	206	
	63		64		
	53	225		226	
		224	54		
	63		64		
crop	69	204	75	216	0	60	7fff7f	/fonts/computer.png
	75		81		88	48		
	81		87		16			
	87		93		40			
	93		99		8			
	99		105		104			
	105		111		0	24		
	111		117		8	36		
	69	216	75	228	96	48		
	75		81		16			
	81		87		40			
	87		93		8			
	93		99		104			
	99		105		0	24		
	105		111		8	36		
	12	228	18	240	48	48	00ff00	
	18		24		40	84		
	24		30		24			
	30		36		72	72		
	36		42		120			
	42		48		112			
	48		54		0	24		
	54		60			60		
	60		66		40	84		
	66		72		96	72		
	72		78		24	84		
	78		84		40	72		
rect	12	252	13	264	007fff
			121	253	
	120			264	00488f
	12	263			
	13	253	120	263	0060c0
crop	15	252	21	264	32	60	000000	/fonts/computer.png
	21		27		8	48		
	27		33		16	60		
	33		39		56	48		
	39		45		40			
	45		51		32	60		
	15	264	21	276	56	48	7fff7f	
	21		27		40	60		
	27		33		112	48		
	33		39		24	60		
	39		45		64	48		
	45		51		72			
	51		57		0	60		
draw	16	280	34	294	/sprites/509.SMIV/0
rect	14	276	36	277	489048
			15	278	
	35		36		
	14	297		298	
		296	15		
	35		36		
	42	278	49	294	003870
		294		296	0060c0
	40	276	51	277	00488f
			41	278	
	50		51		
	40	297		298	
		296	41		
	50		51		
	55	278	62	285	707000
		285		296	c0c000
	53	276	64	277	909000
			54	278	
	63		64		
	53	297		298	
		296	54		
	63		64		
crop	69	276	75	288	0	60	7fff7f	/fonts/computer.png
	75		81		88	48		
	81		87		16			
	87		93		40			
	93		99		8			
	99		105		104			
	105		111		0	24		
	111		117		8	36		
	69	288	75	300	96	48		
	75		81		16			
	81		87		40			
	87		93		8			
	93		99		104			
	99		105		0	24		
	105		111		8	36		
	12	300	18	312	48	48	00ff00	
	18		24		40	84		
	24		30		24			
	30		36		72	72		
	36		42		120			
	42		48		112			
	48		54		0	24		
	54		60			60		
	60		66		40	84		
	66		72		96	72		
	72		78		24	84		
	78		84		40	72		
