point	335	219	b0b0b0
	407	345	808080
	361	441	
	549	411	d0d0d0
	263	473	b0b0b0
	333	423	d0d0d0
	603	295	
	553	378	808080
	429	271	d0d0d0
	562	267	808080
	159	199	d0d0d0
	215	133	
	349	12	b0b0b0
	261	338	808080
	484	443	
	487	291	
	291	243	b0b0b0
	558	450	
	452	453	d0d0d0
	415	234	808080
	556	358	b0b0b0
	231	184	d0d0d0
	229	268	b0b0b0
	363	137	
	440	473	808080
	299	331	
	285	103	
	449	417	d0d0d0
	539	413	
	257	406	808080
	234	394	b0b0b0
	557	58	d0d0d0
	141	342	b0b0b0
	587	5	808080
	307	448	
	311	154	b0b0b0
	246	97	808080
	581	432	b0b0b0
	379	219	808080
	519	173	
	403	251	
	199	30	d0d0d0
	602	135	808080
	311	257	
	418	188	b0b0b0
	192	358	
	512	82	808080
	511	90	b0b0b0
	367	36	
	495	130	
	166	373	
	314	112	808080
	503	119	d0d0d0
	373	350	
	528	354	808080
	494	453	
	441	91	b0b0b0
	359	385	808080
	259	204	b0b0b0
	182	69	d0d0d0
	431	279	808080
	560	156	d0d0d0
	275	413	
	267	128	
	488	285	b0b0b0
	582	250	d0d0d0
	279	254	
	359	62	b0b0b0
	464	7	
	137	276	d0d0d0
	212	204	808080
	272	7	d0d0d0
	372	8	
	201	375	808080
	172	444	
	194	419	
	563	195	
	376	448	b0b0b0
	586	402	808080
	372	440	b0b0b0
	503	129	
	402	339	d0d0d0
	184	100	
	512	49	808080
	559	211	
	352	107	b0b0b0
	374	237	
	414	327	
	248	30	808080
	374	477	b0b0b0
	325	147	808080
	232	272	b0b0b0
	334	414	
	271	109	808080
	426	284	
	278	28	d0d0d0
	414	48	b0b0b0
	434	181	
	344	381	d0d0d0
	244	41	808080
	294	238	
	489	292	d0d0d0
	580	25	808080
	391	423	
	450	96	b0b0b0
	471	278	808080
	253	286	
	361	151	b0b0b0
	256	-1	
	522	132	808080
	234	240	d0d0d0
	549	381	808080
	220	43	b0b0b0
	147	138	d0d0d0
	296	147	b0b0b0
	514	36	
	147	90	
	134	393	
	297	432	
	170	272	
	576	131	808080
	385	172	d0d0d0
	435	380	808080
	578	59	
	329	391	
	579	127	402000
	593	135	
	601	128	
	576	129	
	589	128	
	575	99	
	589	127	
	568	97	
	587	106	
	589	113	
rect	147	0	148	481	002850
	403		404		
	128	171	609	172	005000
		427		428	002850
line	1195	107	1193	106	ff007f
	370	242	371	244	
rect	364	237	378	251	00488f
triangle	566	111	572	117	c00000
plus	363	235	373	245	00c000
triangle	397	257	407	267	005000
	547	108	555	116	00c000
rect	346	164	348	166	007fff
	367	237	371	241	
	369	242		244	
dither	371	224	531	241	001830
crop	375	228	382	239	16	44	000000	/fonts/tactical.png
	382		389		40	77		
	389		396		112	66		
	396		403		88			
	403		410		40			
	410		417		16	77		
	417		424		0	22		
	424		431		24	55		
	431		438		32	77		
	438		445		8	66		
	445		452		32	77		
	452		459		72	66		
	459		466		120			
	466		473		112			
	473		480		0	22		
	480		487		8	33		
	487		494		0	22		
	494		501		96	33		
	501		508		0	22		
	508		515		8	33		
	515		522		0	22		
	522		529		112	33		
	374	227	381	238	16	44	007fff	
	381		388		40	77		
	388		395		112	66		
	395		402		88			
	402		409		40			
	409		416		16	77		
	416		423		0	22		
	423		430		24	55		
	430		437		32	77		
	437		444		8	66		
	444		451		32	77		
	451		458		72	66		
	458		465		120			
	465		472		112			
	472		479		0	22		
	479		486		8	33		
	486		493		0	22		
	493		500		96	33		
	500		507		0	22		
	507		514		8	33		
	514		521		0	22		
	521		528		112	33		
line	425	430	428	415	489048
			414	420	
	428	415			204020
draw	0	-144	128	624	/pictures/501.png
	608		640		/pictures/512.png
crop	29	159	35	171	0	36	ff0000	/fonts/computer.png
	35		41					
	41		47		40			
	102		108		0		ff7f00	
	108		114					
	114		120		16			
rect	614	359	615	432	00488f
			623	360	
	622			432	002850
	614	431			
	615	360	622	431	003870
	614	432	615	457	007fff
			623	433	
	622			457	00488f
	614	456			
	615	433	622	456	0070e0
	614	231	615	232	909048
			623		
	622				505028
	614				
		232	615	329	ffff7f
			623	233	
	622			329	909048
	614	328			
	615	233	622	328	e0e070
	614	103	615	201	ff7f7f
			623	104	
	622			201	904848
	614	200			
	615	104	622	200	e07070
	618	8	630	9	90488f
			619	10	
	629		630		
	618	36		37	
		35	619		
	629		630		
	620	10	628	35	703870
		35			c060c0
	634	49	636	52	7fff7f
		53		56	0060c0
		57		60	
		61		64	
		65		68	
		69		72	007fff
		73		76	183018
		77		80	
		81		84	
		85		88	
		89		92	
		93		96	
		97		100	
		101		104	
		105		108	
		109		112	
		113		116	
		117		120	
		121		124	
		125		128	
		129		132	
		133		136	
		137		140	
		141		144	
		145		148	
		149		152	
		153		156	
		157		160	
		161		164	
		165		168	
		169		172	
		173		176	
		177		180	
		181		184	
		185		188	
		189		192	
		193		196	
		197		200	
		201		204	
		205		208	
		209		212	
		213		216	
		217		220	
		221		224	
		225		228	
		229		232	
		233		236	
		237		240	
		241		244	
		245		248	
		249		252	
		253		256	
		257		260	
		261		264	
		265		268	
		269		272	
		273		276	
		277		280	
		281		284	
		285		288	
		289		292	
		293		296	
		297		300	
		301		304	
		305		308	
		309		312	
		313		316	
		317		320	
		321		324	
		325		328	
		329		332	
		333		336	
		337		340	
		341		344	
		345		348	
		349		352	
		353		356	
		357		360	
		361		364	
		365		368	
		369		372	
		373		376	
		377		380	
		381		384	
		385		388	
		389		392	
		393		396	
		397		400	
		401		404	
		405		408	
		409		412	
		413		416	
		417		420	
		421		424	
		425		428	
		429		432	
		433		436	
		437		440	
		441		444	
		445		448	
	621	52	631	56	303000
		57		61	
		62		66	
		67		71	
		72		76	
		77		81	
		82		86	
	7	7	115	115	00ff00
	8	8	114	114	001000
	23	23	99	99	003000
point	58	50	00e000
	61	61	
	93	41	
	66	64	
	61	61	
		60	
		61	
			
			
	90	41	
rect	12	320	121	440	001000
		342	120	343	009000
		356	13	368	
			121	357	
	120			368	005000
	12	367			
	13	357	120	367	007000
	12	438		439	009000
	16	450	114	475	001010
	17		18	462	00c0c0
			44	451	
	43			462	007070
	17	461			
	18	451	43	461	009090
	17	462	18	474	00c0c0
			44	463	
	43			474	007070
	17	473			
	18	463	43	473	009090
crop	15	320	21	332	16	48	00ff00	/fonts/computer.png
	21		27		40	60		
	27		33		72	48		
	33		39		96			
	39		45		32			
	45		51		0	24		
	51		57		24	60		
	57		63		64	48		
	63		69		72			
	69		75		0	60		
	75		81		24			
	15	332	21	344	48	48		
	21		27		8	72		
	27		33		112			
	33		39		24	84		
	39		45		72	72		
	45		51		0	24		
	51		57		8	48		
	57		63		96	72		
	63		69		0	84		
	69		75		64	72		
	75		81		8			
	15	344	21	356	48	48		
	21		27		72	72		
	27		33		56			
	33		39		64			
	39		45		32	84		
	45		51		40	72		
	51		57		16	84		
	15	356	21	368	24	48		
	21		27		16	84		
	27		33		40			
	33		39		72	72		
	39		45		24	84		
	45		51		40	72		
	51		57		16	84		
	15	368	21	380	56	48	009000	
	21		27		40	84		
	27		33		112	72		
	33		39		24	84		
	39		45		64	72		
	45		51		72			
	51		57		0	84		
	15	380	21	392	32	60	00ff00	
	21		27		16	84		
	27		33		8	72		
	33		39		112			
	39		45		24	84		
	45		51		0			
	51		57		120	72		
	57		63		16	84		
	63		69		32			
	15	392	21	404	40	48		
	21		27		112	72		
	27		33		56			
	33		39		72			
	39		45		112			
	45		51		40			
	51		57					
	57		63		16	84		
	63		69		0	24		
	69		75			60		
	75		81		120	72		
	81		87		32			
	15	404	21	416	8	48	009000	
	21		27		24	84		
	27		33					
	33		39		8	72		
	39		45		40	84		
	45		51		96	72		
	51		57		32	84		
	57		63		0	24		
	63		69		32	60		
	69		75		16	84		
	75		81		8	72		
	81		87		112			
	87		93		24	84		
	93		99		0			
	99		105		120	72		
	105		111		16	84		
	111		117		32			
	19	450	25	462	16	60	00ffff	
	25		31		56	48		
	31		37		64			
	37		43		32	60		
	43		49		0	24		
	49		55		16	48		
	55		61		40	84		
	61		67		72	72		
	67		73		96			
	73		79		32			
	19	462	25	474	96	48		
	25		31		40			
	31		37		48			
	37		43		32	60		
	43		49		0	24		
	49		55		104	48		
	55		61		8	72		
	61		67		72			
	67		73		112			
	73		79		0	24		
	79		85		104	48		
	85		91		40	72		
	91		97		112			
	97		103		40	84		
rect	12	180	13	192	ffff00
			121	181	
	120			192	909000
	12	191			
	13	181	120	191	c0c000
crop	15	180	21	192	24	48	000000	/fonts/computer.png
	21		27		120			
	27		33		112			
	33		39		32	60		
	39		45		16			
	45		51		120	48		
	51		57		96			
	15	192	21	204	8		7fff7f	
	21		27		24	60		
	27		33		96	48		
	33		39		32	60		
	39		45					
	45		51		16			
	51		57		8	48		
	57		63		112			
draw	16	208	34	222	/sprites/559.SMIV/0
rect	14	204	36	205	489048
			15	206	
	35		36		
	14	225		226	
		224	15		
	35		36		
	42	206	49	217	003870
		217		224	0060c0
	40	204	51	205	00488f
			41	206	
	50		51		
	40	225		226	
		224	41		
	50		51		
	55	206	62	206	707000
				224	c0c000
	53	204	64	205	909000
			54	206	
	63		64		
	53	225		226	
		224	54		
	63		64		
crop	69	204	75	216	0	60	7fff7f	/fonts/computer.png
	75		81		88	48		
	81		87		16			
	87		93		40			
	93		99		8			
	99		105		104			
	105		111		0	24		
	111		117		16	36		
	69	216	75	228	24	48		
	75		81		104			
	81		87		72			
	87		93		24	60		
	93		99					
	99		105		72	48		
	105		111		96			
	111		117		40			
	69	192	75	204	8			
	75		81		24	60		
	81		87		96	48		
	87		93		32	60		
	93		99					
	99		105		40	48		
	105		111		8			
	111		117		104			
	12	228	18	240	16		ff0000	
	18		24		40	84		
	24		30		112	72		
	30		36		88			
	36		42		40			
	42		48		16	84		
	48		54		0	24		
	54		60		24	60		
	60		66		32	84		
	66		72		8	72		
	72		78		32	84		
	78		84		72	72		
	84		90		120			
	90		96		112			
	96		102		0	24		
	102		108		16	36		
rect	12	252	13	264	007fff
			121	253	
	120			264	00488f
	12	263			
	13	253	120	263	0060c0
crop	15	252	21	264	32	60	000000	/fonts/computer.png
	21		27		8	48		
	27		33		16	60		
	33		39		56	48		
	39		45		40			
	45		51		32	60		
	15	264	21	276	16	48	7fff7f	
	21		27		40	84		
	27		33		112	72		
	33		39		88			
	39		45		40			
	45		51		16	84		
	51		57		0	24		
	57		63		24	60		
	63		69		32	84		
	69		75		8	72		
	75		81		32	84		
	81		87		72	72		
	87		93		120			
	93		99		112			
	99		105		0	24		
	105		111		8	36		
draw	16	280	34	294	/sprites/643.SMIV/0
rect	14	276	36	277	489048
			15	278	
	35		36		
	14	297		298	
		296	15		
	35		36		
	42	278	49	283	003870
		283		296	0060c0
	40	276	51	277	00488f
			41	278	
	50		51		
	40	297		298	
		296	41		
	50		51		
	55	278	62	281	707000
		281		296	c0c000
	53	276	64	277	909000
			54	278	
	63		64		
	53	297		298	
		296	54		
	63		64		
crop	69	276	75	288	16	60	7fff7f	/fonts/computer.png
	75		81		40	48		
	81		87		0	60		
	87		93		40			
	93		99		96	48		
	99		105		24	60		
	105		111		40	48		
	111		117		16	60		
	69	288	75	300	0			
	75		81		40			
	81		87		96	48		
	87		93		24	60		
	93		99			48		
	99		105		8			
	105		111		112			
	111		117					
