point	321	212	b0b0b0
	398	340	808080
	352	436	
	531	401	d0d0d0
	249	466	b0b0b0
	315	413	d0d0d0
	585	285	
	544	373	808080
	411	261	d0d0d0
	553	262	808080
	141	189	d0d0d0
	197	123	
	404	4	b0b0b0
	252	333	808080
	475	438	
	478	286	
	277	236	b0b0b0
	545	443	
	433		d0d0d0
	406	229	808080
	542	351	b0b0b0
	213	174	d0d0d0
	215	261	b0b0b0
	349	130	
	431	468	808080
	290	326	
	276	98	
	431	407	d0d0d0
	521	403	
	248	401	808080
	220	387	b0b0b0
	538	48	d0d0d0
	606	417	808080
	445	479	b0b0b0
	298	443	808080
	297	147	b0b0b0
	237	92	808080
	567	425	b0b0b0
	370	214	808080
	510	168	
	394	246	
	181	20	d0d0d0
	593	130	808080
	302	252	
	404	181	b0b0b0
	178	351	
	503	77	808080
	497	83	b0b0b0
	353	29	
	481	123	
	152	366	
	305	107	808080
	485	109	d0d0d0
	355	340	
	519	349	808080
	485	448	
	427	84	b0b0b0
	350	380	808080
	245	197	b0b0b0
	164	59	d0d0d0
	422	274	808080
	542	146	d0d0d0
	257	403	
	249	118	
	474	278	b0b0b0
	564	240	d0d0d0
	261	244	
	345	55	b0b0b0
	434	479	d0d0d0
	602	48	808080
	203	199	
	262	476	b0b0b0
	187	477	d0d0d0
	192	370	808080
	163	439	
	185	414	
	554	190	
	363	441	b0b0b0
	577	397	808080
	358	433	b0b0b0
	489	122	
	384	329	d0d0d0
	166	90	
	503	44	808080
	550	206	
	338	100	b0b0b0
	360	230	
	400	320	
	239	25	808080
	360	470	b0b0b0
	316	142	808080
	218	265	b0b0b0
	320	407	
	262	104	808080
	417	279	
	260	18	d0d0d0
	400	41	b0b0b0
	420	174	
	326	371	d0d0d0
	235	36	808080
	285	233	
	471	282	d0d0d0
	571	20	808080
	382	418	
	436	89	b0b0b0
	462	273	808080
	244	281	
	347	144	b0b0b0
	597	473	808080
	513	127	
	216	230	d0d0d0
	540	376	808080
	206	36	b0b0b0
	129	128	d0d0d0
	282	140	b0b0b0
	500	29	
	133	83	
	599	42	
	283	425	
	156	265	
	567	126	808080
	367	162	d0d0d0
	426	375	808080
	568	54	
	320	386	
	1149	95	c06000
	1147		
	1156	105	
	1149	98	
		95	
	1151	102	
	1149	96	
	1147	101	
	1153	92	
	1152	96	
	1139	104	201000
	1169	95	
	1141	116	
	1158	115	
	1157	101	
	1152	105	
	1151		
	1170	124	
	1151	107	
	1160	116	
line	128	0	128	480	002850
	384		384		
	128	161	608	161	005000
		417		417	002850
	532	133	534	134	00ff00
rect	345	227	359	241	009000
triangle	531	133	537	139	c00000
plus	363	235	373	245	005000
triangle	312	240	322	250	005000
	361	255	363	257	00c000
	546	132	554	140	
rect	541	133	543	135	00ff00
	319	113	321	115	
dither	352	214	512	231	001830
crop	356	218	363	229	16	44	000000	/fonts/tactical
	363		370		40	77		
	370		377		112	66		
	377		384		88			
	384		391		40			
	391		398		16	77		
	398		405		0	22		
	405		412		24	55		
	412		419		32	77		
	419		426		8	66		
	426		433		32	77		
	433		440		72	66		
	440		447		120			
	447		454		112			
	454		461		0	22		
	461		468		8	33		
	468		475		0	22		
	475		482		96	33		
	482		489		0	22		
	489		496		8	33		
	496		503		0	22		
	503		510		112	33		
	355	217	362	228	16	44	007fff	
	362		369		40	77		
	369		376		112	66		
	376		383		88			
	383		390		40			
	390		397		16	77		
	397		404		0	22		
	404		411		24	55		
	411		418		32	77		
	418		425		8	66		
	425		432		32	77		
	432		439		72	66		
	439		446		120			
	446		453		112			
	453		460		0	22		
	460		467		8	33		
	467		474		0	22		
	474		481		96	33		
	481		488		0	22		
	488		495		8	33		
	495		502		0	22		
	502		509		112	33		
dither	200	472	608	480	300000
crop	204	476	211	487	16	44	000000	/fonts/tactical
	211		218		40	77		
	218		225		112	66		
	225		232		88			
	232		239		40			
	239		246		16	77		
	246		253		0	22		
	253		260		24	55		
	260		267		32	77		
	267		274		8	66		
	274		281		32	77		
	281		288		72	66		
	288		295		120			
	295		302		112			
	302		309		0	22		
	309		316		8	33		
	316		323		0	22		
	323		330		24	66		
	330		337		8			
	337		344		0	77		
	344		351		32			
	351		358		40			
	358		365		16			
	365		372		40	66		
	372		379		32			
	379		386		0	22		
	386		393		16	66		
	393		400		72	77		
	400		407		0	22		
	407		414		32	55		
	414		421		64	66		
	421		428		40			
	428		435		0	22		
	435		442		64	44		
	442		449		40	77		
	449		456		104	66		
	456		463		8			
	463		470		112			
	470		477		120	22		
	477		484		72	44		
	484		491		24	77		
	491		498		64	66		
	498		505		72			
	505		512		104			
	512		519		8			
	519		526		112			
	526		533		0	22		
	533		540		24	44		
	540		547		120	66		
	547		554					
	554		561		0	77		
	561		568		40	66		
	568		575		16	77		
	575		582		8	66		
	582		589		32	77		
	589		596		72	66		
	596		603		48	77		
	603		610		40	66		
	610		617		112	22		
	203	475	210	486	16	44	ff0000	
	210		217		40	77		
	217		224		112	66		
	224		231		88			
	231		238		40			
	238		245		16	77		
	245		252		0	22		
	252		259		24	55		
	259		266		32	77		
	266		273		8	66		
	273		280		32	77		
	280		287		72	66		
	287		294		120			
	294		301		112			
	301		308		0	22		
	308		315		8	33		
	315		322		0	22		
	322		329		24	66		
	329		336		8			
	336		343		0	77		
	343		350		32			
	350		357		40			
	357		364		16			
	364		371		40	66		
	371		378		32			
	378		385		0	22		
	385		392		16	66		
	392		399		72	77		
	399		406		0	22		
	406		413		32	55		
	413		420		64	66		
	420		427		40			
	427		434		0	22		
	434		441		64	44		
	441		448		40	77		
	448		455		104	66		
	455		462		8			
	462		469		112			
	469		476		120	22		
	476		483		72	44		
	483		490		24	77		
	490		497		64	66		
	497		504		72			
	504		511		104			
	511		518		8			
	518		525		112			
	525		532		0	22		
	532		539		24	44		
	539		546		120	66		
	546		553					
	553		560		0	77		
	560		567		40	66		
	567		574		16	77		
	574		581		8	66		
	581		588		32	77		
	588		595		72	66		
	595		602		48	77		
	602		609		40	66		
	609		616		112	22		
dither	200	50	346	67	300018
crop	204	54	211	65	56	55	000000	/fonts/tactical
	211		218		8	44		
	218		225		16	55		
	225		232		112	44		
	232		239		72			
	239		246		112			
	246		253		56			
	253		260		80	33		
	260		267		0	22		
	267		274		24	55		
	274		281		64	66		
	281		288		72			
	288		295		40			
	295		302		96			
	302		309		32			
	309		316		24	77		
	316		323		0	22		
	323		330		96	44		
	330		337		120	66		
	337		344		56	77		
	203	53	210	64		55	ff007f	
	210		217		8	44		
	217		224		16	55		
	224		231		112	44		
	231		238		72			
	238		245		112			
	245		252		56			
	252		259		80	33		
	259		266		0	22		
	266		273		24	55		
	273		280		64	66		
	280		287		72			
	287		294		40			
	294		301		96			
	301		308		32			
	308		315		24	77		
	315		322		0	22		
	322		329		96	44		
	329		336		120	66		
	336		343		56	77		
line	464	66	451	74	489048
			464	81	
	451	74			204020
draw	0	0	128	480	/pictures/501.png
	608		640		/pictures/512.png
crop	29	159	35	171	0	36	ff0000	/fonts/computer
	35		41					
	41		47		40			
	102		108		0		ff7f00	
	108		114					
	114		120		8			
line	614	441	614	359	00488f
		359	622		
	622			441	002850
		441	614		
rect	615	360	622	441	003870
line	614	456	614	442	007fff
		442	622		
	622			456	00488f
		456	614		
rect	615	443	622	456	0070e0
line	614	232	614	231	909048
		231	622		
	622			232	505028
		232	614		
	614	328		233	ffff7f
		233	622		
	622			328	909048
		328	614		
rect	615	234	622	328	e0e070
line	614	104	614	103	904848
		103	622		
	622			104	502828
		104	614		
	614	200		105	ff7f7f
		105	622		
	622			200	904848
		200	614		
rect	615	106	622	200	e07070
line	618	8	629	8	90488f
			618	9	
	629		629		
	618	36		36	
			618	35	
	629		629		
rect	620	10	628	35	703870
		35			c060c0
	634	49	636	52	7fff7f
		53		56	60c060
		57		60	0060c0
		61		64	
		65		68	
		69		72	007fff
		73		76	0060c0
		77		80	183018
		81		84	
		85		88	
		89		92	
		93		96	
		97		100	
		101		104	
		105		108	
		109		112	
		113		116	
		117		120	
		121		124	
		125		128	
		129		132	
		133		136	
		137		140	
		141		144	
		145		148	
		149		152	
		153		156	
		157		160	
		161		164	
		165		168	
		169		172	
		173		176	
		177		180	
		181		184	
		185		188	
		189		192	
		193		196	
		197		200	
		201		204	
		205		208	
		209		212	
		213		216	
		217		220	
		221		224	
		225		228	
		229		232	
		233		236	
		237		240	
		241		244	
		245		248	
		249		252	
		253		256	
		257		260	
		261		264	
		265		268	
		269		272	
		273		276	
		277		280	
		281		284	
		285		288	
		289		292	
		293		296	
		297		300	
		301		304	
		305		308	
		309		312	
		313		316	
		317		320	
		321		324	
		325		328	
		329		332	
		333		336	
		337		340	
		341		344	
		345		348	
		349		352	
		353		356	
		357		360	
		361		364	
		365		368	
		369		372	
		373		376	
		377		380	
		381		384	
		385		388	
		389		392	
		393		396	
		397		400	
		401		404	
		405		408	
		409		412	
		413		416	
		417		420	
		421		424	
		425		428	
		429		432	
		433		436	
		437		440	
		441		444	
		445		448	
	621	52	631	56	303000
		57		61	
		62		66	
		67		71	
		72		76	
		77		81	
		82		86	
	7	7	115	115	00ff00
	8	8	114	114	001000
	23	23	99	99	003000
point	59	61	00e000
	54	42	
	87	45	
	53	61	
	89	45	
	61	63	
	87	45	
	90		
	108	13	
rect	12	320	121	440	001000
crop	15	320	21	332	16	48	00ff00	/fonts/computer
	21		27		40	60		
	27		33		72	48		
	33		39		96			
	39		45		32			
	45		51		0	24		
	51		57		24	60		
	57		63		64	48		
	63		69		72			
	69		75		0	60		
	75		81		24			
line	12	342	119	342	009000
crop	15	332	21	344	48	48	00ff00	/fonts/computer
	21		27		8	72		
	27		33		112			
	33		39		24	84		
	39		45		72	72		
	45		51		0	24		
	51		57		8	48		
	57		63		96	72		
	63		69		0	84		
	69		75		64	72		
	75		81		8			
	15	344	21	356	48	48		
	21		27		72	72		
	27		33		56			
	33		39		64			
	39		45		32	84		
	45		51		40	72		
	51		57		16	84		
line	12	367	12	356	009000
		356	120		
	120			367	005000
		367	12		
rect	13	357	120	367	007000
crop	15	356	21	368	24	48	00ff00	/fonts/computer
	21		27		16	84		
	27		33		40			
	33		39		72	72		
	39		45		24	84		
	45		51		40	72		
	51		57		16	84		
	15	368	21	380	56	48	009000	
	21		27		40	84		
	27		33		112	72		
	33		39		24	84		
	39		45		64	72		
	45		51		72			
	51		57		0	84		
	15	380	21	392	32	60	00ff00	
	21		27		16	84		
	27		33		8	72		
	33		39		112			
	39		45		24	84		
	45		51		0			
	51		57		120	72		
	57		63		16	84		
	63		69		32			
	15	392	21	404	40	48		
	21		27		112	72		
	27		33		56			
	33		39		72			
	39		45		112			
	45		51		40			
	51		57					
	57		63		16	84		
	63		69		0	24		
	69		75			60		
	75		81		120	72		
	81		87		32			
	15	404	21	416	8	48	009000	
	21		27		24	84		
	27		33					
	33		39		8	72		
	39		45		40	84		
	45		51		96	72		
	51		57		32	84		
	57		63		0	24		
	63		69		32	60		
	69		75		16	84		
	75		81		8	72		
	81		87		112			
	87		93		24	84		
	93		99		0			
	99		105		120	72		
	105		111		16	84		
	111		117		32			
line	12	438	119	438	009000
rect	16	450	114	475	001010
line	17	461	17	450	00c0c0
		450	43		
	43			461	007070
		461	17		
rect	18	451	43	461	009090
crop	19	450	25	462	16	60	00ffff	/fonts/computer
	25		31		56	48		
	31		37		64			
	37		43		32	60		
	43		49		0	24		
	49		55		16	48		
	55		61		40	84		
	61		67		72	72		
	67		73		96			
	73		79		32			
line	17	473	17	462	00c0c0
		462	43		
	43			473	007070
		473	17		
rect	18	463	43	473	009090
crop	19	462	25	474	96	48	00ffff	/fonts/computer
	25		31		40			
	31		37		48			
	37		43		32	60		
	43		49		0	24		
	49		55		104	48		
	55		61		8	72		
	61		67		72			
	67		73		112			
	73		79		0	24		
	79		85		104	48		
	85		91		40	72		
	91		97		112			
	97		103		40	84		
line	12	191	12	180	ffff00
		180	120		
	120			191	909000
		191	12		
rect	13	181	120	191	c0c000
crop	15	180	21	192	24	48	000000	/fonts/computer
	21		27		120			
	27		33		112			
	33		39		32	60		
	39		45		16			
	45		51		120	48		
	51		57		96			
	15	192	21	204	8		7fff7f	
	21		27		24	60		
	27		33		96	48		
	33		39		32	60		
	39		45					
	45		51		16			
	51		57		8	48		
	57		63		112			
draw	16	208	34	222	/sprites/559.SMIV/0
line	14	204	35	204	489048
			14	205	
	35		35		
	14	225		225	
			14	224	
	35		35		
rect	42	206	49	222	003870
		222		224	0060c0
line	40	204	50	204	00488f
			40	205	
	50		50		
	40	225		225	
			40	224	
	50		50		
rect	55	206	62	207	707000
		207		224	c0c000
line	53	204	63	204	909000
			53	205	
	63		63		
	53	225		225	
			53	224	
	63		63		
crop	69	204	75	216	0	60	7fff7f	/fonts/computer
	75		81		88	48		
	81		87		16			
	87		93		40			
	93		99		8			
	99		105		104			
	105		111		0	24		
	111		117		16	36		
	69	216	75	228	24	48		
	75		81		104			
	81		87		72			
	87		93		24	60		
	93		99					
	99		105		72	48		
	105		111		96			
	111		117		40			
	69	192	75	204	8			
	75		81		24	60		
	81		87		96	48		
	87		93		32	60		
	93		99					
	99		105		40	48		
	105		111		8			
	111		117		104			
	12	228	18	240	16		00ff00	
	18		24		40	84		
	24		30		112	72		
	30		36		88			
	36		42		40			
	42		48		16	84		
	48		54		0	24		
	54		60		24	60		
	60		66		32	84		
	66		72		8	72		
	72		78		32	84		
	78		84		72	72		
	84		90		120			
	90		96		112			
	96		102		0	24		
	102		108		8	36		
line	12	263	12	252	007fff
		252	120		
	120			263	00488f
		263	12		
rect	13	253	120	263	0060c0
crop	15	252	21	264	32	60	000000	/fonts/computer
	21		27		8	48		
	27		33		16	60		
	33		39		56	48		
	39		45		40			
	45		51		32	60		
	15	264	21	276	16	48	7fff7f	
	21		27		40	84		
	27		33		112	72		
	33		39		88			
	39		45		40			
	45		51		16	84		
	51		57		0	24		
	57		63		24	60		
	63		69		32	84		
	69		75		8	72		
	75		81		32	84		
	81		87		72	72		
	87		93		120			
	93		99		112			
	99		105		0	24		
	105		111		8	36		
draw	16	280	34	294	/sprites/643.SMIV/0
line	14	276	35	276	489048
			14	277	
	35		35		
	14	297		297	
			14	296	
	35		35		
rect	42	278	49	283	003870
		283		296	0060c0
line	40	276	50	276	00488f
			40	277	
	50		50		
	40	297		297	
			40	296	
	50		50		
rect	55	278	62	279	707000
		279		296	c0c000
line	53	276	63	276	909000
			53	277	
	63		63		
	53	297		297	
			53	296	
	63		63		
crop	69	276	75	288	16	60	7fff7f	/fonts/computer
	75		81		40	48		
	81		87		0	60		
	87		93		40			
	93		99		96	48		
	99		105		24	60		
	105		111		40	48		
	111		117		16	60		
	69	288	75	300	0			
	75		81		40			
	81		87		96	48		
	87		93		24	60		
	93		99			48		
	99		105		8			
	105		111		112			
	111		117					
