point	444	116	b0b0b0
	455	9	808080
	346	462	b0b0b0
	335	317	808080
	320	102	b0b0b0
	335	121	d0d0d0
	422	354	b0b0b0
	300	332	d0d0d0
	350	181	808080
	470	308	d0d0d0
	536	361	
	282	179	808080
	134	361	d0d0d0
	300	243	808080
	226	52	
	572	194	
	353	22	b0b0b0
	294	416	
	336	413	
	593	279	808080
	129	133	b0b0b0
	514	267	
	433	164	808080
	425	203	
	441	27	b0b0b0
	183	16	808080
	442	142	d0d0d0
	243	251	b0b0b0
	576	238	d0d0d0
	575	338	808080
	443	90	b0b0b0
	196	148	
	422	54	d0d0d0
	388	297	
	362	364	
	557	122	808080
	336	49	d0d0d0
	168	105	
	171	200	
	337	120	b0b0b0
	284	16	
	145	460	808080
	180	472	b0b0b0
	375	166	
	286	451	d0d0d0
	388	182	808080
	545	286	b0b0b0
	600	149	808080
	242	231	d0d0d0
	293	143	
	558	142	808080
	575	377	d0d0d0
	606	114	b0b0b0
	383	160	
	333	40	
	144	112	d0d0d0
	357	149	808080
	162	409	d0d0d0
	478	93	
	605	82	b0b0b0
	233	110	
	178	435	
	184	468	
	603	125	808080
	293	73	b0b0b0
	453	424	d0d0d0
	266	342	b0b0b0
	475	459	808080
	244	75	b0b0b0
	133	409	808080
	329	134	
	363	189	d0d0d0
	552	22	b0b0b0
	587	134	808080
	160	223	b0b0b0
	547	59	
	484	133	
	535	422	808080
	211	323	b0b0b0
	372	375	d0d0d0
	536	74	808080
	425	190	b0b0b0
	516	430	d0d0d0
	216	313	b0b0b0
	353	166	
	342	363	808080
	281	472	b0b0b0
	479	20	d0d0d0
	500	314	b0b0b0
	308	171	
	328	107	d0d0d0
	141	362	b0b0b0
	210	52	
	392	114	808080
	248	421	d0d0d0
	532	452	b0b0b0
	391	132	d0d0d0
	592	235	808080
	398	360	d0d0d0
	220	11	b0b0b0
	452	160	808080
	502	230	d0d0d0
	163	90	
	446	456	b0b0b0
	199	373	808080
	301	229	
	163	26	b0b0b0
	333	98	
	371	345	
	263	1	808080
	156	303	d0d0d0
	149	108	
	526	13	
	136	56	808080
	355	396	d0d0d0
	396	33	808080
	471	41	
	324	378	
	159	478	
	459	408	
	536	77	
	478	223	b0b0b0
	480	256	d0d0d0
	216	157	808080
	451	43	d0d0d0
line	229	0	229	480	005000
	349		349		
	469		469		
	589		589		
	128	113	608	113	
		233		233	
		353		353	
		473		473	
rect	379	224	393	238	00488f
	265	242	281	258	009000
	520	197	536	213	900000
	356	228	370	242	009000
triangle	525	203	531	209	c00000
diamond	461	206	477	222	700000
rect	346	239	352	245	00c000
	405	223	411	229	c00000
triangle	327	241	335	249	00c000
	382	226	392	236	c00000
	523	201	531	209	
	399	228	405	234	
	524	203	530	209	
	428	220	434	226	
plus	358	230	368	240	007000
	427	220	435	228	c00000
triangle	363	235	373	245	007000
plus	481	205	489	213	c00000
triangle	362	234	364	236	00c000
plus	523	200	533	210	c00000
triangle	463	208	469	214	c00000
	481	210	487	216	
	522	201	532	211	
	525	202	531	208	
	438	219	444	225	
	495	209	501	215	
	363	235	371	243	00c000
	483	204	489	210	c00000
	382	227	390	235	700000
plus	499	204	509	214	c00000
rect	275	259	289	273	00ff00
dither	200	50	346	67	300018
crop	204	54	211	65	56	55	000000	/fonts/tactical
	211		218		8	44		
	218		225		16	55		
	225		232		112	44		
	232		239		72			
	239		246		112			
	246		253		56			
	253		260		80	33		
	260		267		0	22		
	267		274		24	55		
	274		281		64	66		
	281		288		72			
	288		295		40			
	295		302		96			
	302		309		32			
	309		316		24	77		
	316		323		0	22		
	323		330		96	44		
	330		337		120	66		
	337		344		56	77		
	203	53	210	64		55	ff007f	
	210		217		8	44		
	217		224		16	55		
	224		231		112	44		
	231		238		72			
	238		245		112			
	245		252		56			
	252		259		80	33		
	259		266		0	22		
	266		273		24	55		
	273		280		64	66		
	280		287		72			
	287		294		40			
	294		301		96			
	301		308		32			
	308		315		24	77		
	315		322		0	22		
	322		329		96	44		
	329		336		120	66		
	336		343		56	77		
line	567	250	554	242	489048
			553	257	
	554	242			204020
draw	0	0	128	480	/pictures/501.png
	608		640		/pictures/512.png
line	614	441	614	359	00488f
		359	622		
	622			441	002850
		441	614		
rect	615	360	622	441	003870
line	614	456	614	442	007fff
		442	622		
	622			456	00488f
		456	614		
rect	615	443	622	456	0070e0
line	614	233	614	231	909048
		231	622		
	622			233	505028
		233	614		
rect	615	232	622	233	707038
line	614	328	614	234	ffff7f
		234	622		
	622			328	909048
		328	614		
rect	615	235	622	328	e0e070
line	614	148	614	103	904848
		103	622		
	622			148	502828
		148	614		
rect	615	104	622	148	703838
line	614	200	614	149	ff7f7f
		149	622		
	622			200	904848
		200	614		
rect	615	150	622	200	e07070
line	618	8	629	8	90488f
			618	9	
	629		629		
	618	36		36	
			618	35	
	629		629		
rect	620	10	628	35	703870
		35			c060c0
	634	49	636	52	007fff
		53		56	0060c0
		57		60	
		61		64	
		65		68	
		69		72	183018
		73		76	
		77		80	
		81		84	
		85		88	
		89		92	
		93		96	
		97		100	
		101		104	
		105		108	
		109		112	
		113		116	
		117		120	
		121		124	
		125		128	
		129		132	
		133		136	
		137		140	
		141		144	
		145		148	
		149		152	
		153		156	
		157		160	
		161		164	
		165		168	
		169		172	
		173		176	
		177		180	
		181		184	
		185		188	
		189		192	
		193		196	
		197		200	
		201		204	
		205		208	
		209		212	
		213		216	
		217		220	
		221		224	
		225		228	
		229		232	
		233		236	
		237		240	
		241		244	
		245		248	
		249		252	
		253		256	
		257		260	
		261		264	
		265		268	
		269		272	
		273		276	
		277		280	
		281		284	
		285		288	
		289		292	
		293		296	
		297		300	
		301		304	
		305		308	
		309		312	
		313		316	
		317		320	
		321		324	
		325		328	
		329		332	
		333		336	
		337		340	
		341		344	
		345		348	
		349		352	
		353		356	
		357		360	
		361		364	
		365		368	
		369		372	
		373		376	
		377		380	
		381		384	
		385		388	
		389		392	
		393		396	
		397		400	
		401		404	
		405		408	
		409		412	
		413		416	
		417		420	
		421		424	
		425		428	
		429		432	
		433		436	
		437		440	
		441		444	
		445		448	
	621	52	631	56	303000
		57		61	
		62		66	
		67		71	
		72		76	
		77		81	
		82		86	
	7	7	115	115	00ff00
	8	8	114	114	001000
					003000
point	35	35	00e000
	38	36	
	36	35	
	59	61	
rect	12	320	121	440	001000
crop	15	320	21	332	16	48	00ff00	/fonts/computer
	21		27		40	60		
	27		33		72	48		
	33		39		96			
	39		45		32			
	45		51		0	24		
	51		57		24	60		
	57		63		64	48		
	63		69		72			
	69		75		0	60		
	75		81		24			
line	12	342	119	342	009000
crop	15	332	21	344	48	48	00ff00	/fonts/computer
	21		27		8	72		
	27		33		112			
	33		39		24	84		
	39		45		72	72		
	45		51		0	24		
	51		57		8	48		
	57		63		96	72		
	63		69		0	84		
	69		75		64	72		
	75		81		8			
	15	344	21	356	48	48		
	21		27		72	72		
	27		33		56			
	33		39		64			
	39		45		32	84		
	45		51		40	72		
	51		57		16	84		
line	12	367	12	356	009000
		356	120		
	120			367	005000
		367	12		
rect	13	357	120	367	007000
crop	15	356	21	368	24	48	00ff00	/fonts/computer
	21		27		16	84		
	27		33		40			
	33		39		72	72		
	39		45		24	84		
	45		51		40	72		
	51		57		16	84		
	15	368	21	380	56	48	009000	
	21		27		40	84		
	27		33		112	72		
	33		39		24	84		
	39		45		64	72		
	45		51		72			
	51		57		0	84		
	15	380	21	392	32	60	00ff00	
	21		27		16	84		
	27		33		8	72		
	33		39		112			
	39		45		24	84		
	45		51		0			
	51		57		120	72		
	57		63		16	84		
	63		69		32			
	15	392	21	404	40	48		
	21		27		112	72		
	27		33		56			
	33		39		72			
	39		45		112			
	45		51		40			
	51		57					
	57		63		16	84		
	63		69		0	24		
	69		75			60		
	75		81		120	72		
	81		87		32			
	15	404	21	416	8	48	009000	
	21		27		24	84		
	27		33					
	33		39		8	72		
	39		45		40	84		
	45		51		96	72		
	51		57		32	84		
	57		63		0	24		
	63		69		32	60		
	69		75		16	84		
	75		81		8	72		
	81		87		112			
	87		93		24	84		
	93		99		0			
	99		105		120	72		
	105		111		16	84		
	111		117		32			
line	12	438	119	438	009000
rect	16	450	114	475	001010
line	17	461	17	450	00c0c0
		450	43		
	43			461	007070
		461	17		
rect	18	451	43	461	009090
crop	19	450	25	462	16	60	00ffff	/fonts/computer
	25		31		56	48		
	31		37		64			
	37		43		32	60		
	43		49		0	24		
	49		55		16	48		
	55		61		40	84		
	61		67		72	72		
	67		73		96			
	73		79		32			
line	17	473	17	462	00c0c0
		462	43		
	43			473	007070
		473	17		
rect	18	463	43	473	009090
crop	19	462	25	474	96	48	00ffff	/fonts/computer
	25		31		40			
	31		37		48			
	37		43		32	60		
	43		49		0	24		
	49		55		104	48		
	55		61		8	72		
	61		67		72			
	67		73		112			
	73		79		0	24		
	79		85		104	48		
	85		91		40	72		
	91		97		112			
	97		103		40	84		
line	12	191	12	180	ffff00
		180	120		
	120			191	909000
		191	12		
rect	13	181	120	191	c0c000
crop	15	180	21	192	24	48	000000	/fonts/computer
	21		27		120			
	27		33		112			
	33		39		32	60		
	39		45		16			
	45		51		120	48		
	51		57		96			
	15	192	21	204	56		7fff7f	
	21		27		40	60		
	27		33		112	48		
	33		39		24	60		
	39		45		64	48		
	45		51		72			
	51		57		0	60		
draw	16	208	34	222	/sprites/509.SMIV/0
line	14	204	35	204	489048
			14	205	
	35		35		
	14	225		225	
			14	224	
	35		35		
rect	42	206	49	222	003870
		222		224	0060c0
line	40	204	50	204	00488f
			40	205	
	50		50		
	40	225		225	
			40	224	
	50		50		
rect	55	206	62	207	707000
		207		224	c0c000
line	53	204	63	204	909000
			53	205	
	63		63		
	53	225		225	
			53	224	
	63		63		
crop	69	204	75	216	0	60	7fff7f	/fonts/computer
	75		81		88	48		
	81		87		16			
	87		93		40			
	93		99		8			
	99		105		104			
	105		111		0	24		
	111		117		8	36		
	69	216	75	228	96	48		
	75		81		16			
	81		87		40			
	87		93		8			
	93		99		104			
	99		105		0	24		
	105		111		8	36		
line	12	263	12	252	007fff
		252	120		
	120			263	00488f
		263	12		
rect	13	253	120	263	0060c0
crop	15	252	21	264	32	60	000000	/fonts/computer
	21		27		8	48		
	27		33		16	60		
	33		39		56	48		
	39		45		40			
	45		51		32	60		
	15	264	21	276	56	48	7fff7f	
	21		27		40	60		
	27		33		112	48		
	33		39		24	60		
	39		45		64	48		
	45		51		72			
	51		57		0	60		
draw	16	280	34	294	/sprites/509.SMIV/0
line	14	276	35	276	489048
			14	277	
	35		35		
	14	297		297	
			14	296	
	35		35		
rect	42	278	49	294	003870
		294		296	0060c0
line	40	276	50	276	00488f
			40	277	
	50		50		
	40	297		297	
			40	296	
	50		50		
rect	55	278	62	279	707000
		279		296	c0c000
line	53	276	63	276	909000
			53	277	
	63		63		
	53	297		297	
			53	296	
	63		63		
crop	69	276	75	288	0	60	7fff7f	/fonts/computer
	75		81		88	48		
	81		87		16			
	87		93		40			
	93		99		8			
	99		105		104			
	105		111		0	24		
	111		117		8	36		
	69	288	75	300	96	48		
	75		81		16			
	81		87		40			
	87		93		8			
	93		99		104			
	99		105		0	24		
	105		111		8	36		
