point	353	133	b0b0b0
	395	20	808080
	255	479	b0b0b0
	275	328	808080
	229	119	b0b0b0
	214	144	d0d0d0
	331	371	b0b0b0
	179	355	d0d0d0
	290	192	808080
	348	331	d0d0d0
	415	384	
	222	190	808080
	520	274	b0b0b0
	240	254	808080
	166	63	
	512	205	
	262	39	b0b0b0
	203	433	
	245	430	
	533	289	808080
	487	274	d0d0d0
	423	284	b0b0b0
	373	175	808080
	365	214	
	350	44	b0b0b0
	600	214	
	321	165	d0d0d0
	152	268	b0b0b0
	454	260	d0d0d0
	515	349	808080
	352	107	b0b0b0
	576	357	d0d0d0
	301	77	
	267	320	
	241	387	
	497	133	808080
	215	72	d0d0d0
	566	332	808080
	568	31	
	246	137	b0b0b0
	193	33	
	564	117	808080
	568	108	b0b0b0
	284	183	
	164	474	d0d0d0
	328	193	808080
	454	303	b0b0b0
	540	160	808080
	600	412	d0d0d0
	172	166	
	498	152	808080
	454	399	d0d0d0
	515	131	b0b0b0
	292	177	
	242	57	
	528	307	
	297	160	808080
	541	48	b0b0b0
	356	115	d0d0d0
	514	99	b0b0b0
	142	127	
	552	327	d0d0d0
	560	276	
	543	136	808080
	202	90	b0b0b0
	332	447	d0d0d0
	175	359	b0b0b0
	415	470	808080
	153	92	b0b0b0
	497	466	d0d0d0
	269	145	808080
	242	212	d0d0d0
	461	39	b0b0b0
	527	144	808080
	568	416	
	456	76	b0b0b0
	393	150	
	475	433	808080
	599	121	b0b0b0
	251	398	d0d0d0
	476	85	808080
	334	207	b0b0b0
	395	453	d0d0d0
	603	74	
	262	183	b0b0b0
	282	374	808080
	568	13	d0d0d0
	357	43	
	409	331	b0b0b0
	217	188	
	207	130	d0d0d0
	503	249	
	595	425	
	332	125	808080
	605	264	d0d0d0
	441	469	b0b0b0
	270	155	d0d0d0
	532	246	808080
	277	383	d0d0d0
	129	28	b0b0b0
	392	171	808080
	380	252	d0d0d0
	520	38	
	355	473	b0b0b0
	139	384	808080
	241	240	
	570	388	
	242	115	b0b0b0
	280	362	
	548	12	808080
	513	342	d0d0d0
	557	88	808080
	404	35	d0d0d0
	503	43	
	234	419	
	336	44	808080
	411	52	
	264	389	
	577	428	
	399	419	
	476	88	
	387	240	b0b0b0
	359	279	d0d0d0
	156	168	808080
	330	66	d0d0d0
line	209	0	209	480	005000
	337		337		
	465		465		
	593		593		
	128	106	608	106	
		234		234	
		362		362	
tint	370	225	384	239	00488f	/x/square/7
	248	244	264	260	009000	/x/square/8
	520	197	536	213	900000	
	345	229	359	243	009000	/x/square/7
	525	203	531	209	c00000	/x/triangle/3
	519	197	535	213	500000	/x/diamond/8
	334	241	340	247	00c000	/x/square/3
	398	224	404	230	c00000	
	362	236	370	244	00c000	/x/triangle/4
	372	227	382	237	c00000	/x/triangle/5
	524	201	532	209		/x/triangle/4
	410	227	416	233		/x/triangle/3
	525	202	531	208		
	413	224	419	230		
	347	232	357	242	00c000	/x/plus/5
	411	223	419	231	c00000	/x/plus/4
	363	235	373	245	005000	/x/triangle/5
	469	207	477	215	c00000	/x/plus/4
	351	235	353	237	00c000	/x/triangle/1
	523	200	533	210	c00000	/x/plus/5
	470	207	476	213		/x/triangle/3
	459	214	465	220		
	522	200	532	210		/x/triangle/5
	525	202	531	208		/x/triangle/3
	413	223	419	229		
	474	214	480	220		
	288	245	296	253	00c000	/x/triangle/4
	363	236	371	244		
	524	201	532	209	c00000	
	500	204	506	210		/x/triangle/3
	373	228	381	236	500000	/x/triangle/4
	488	206	498	216	c00000	/x/plus/5
	259	263	273	277	00ff00	/x/square/7
dither	200	50	346	67	300018
tint	204	54	212	66	000000	/font/5000/57
	211		219			/font/5000/41
	218		226			/font/5000/52
	225		233			/font/5000/4e
	232		240			/font/5000/49
	239		247			/font/5000/4e
	246		254			/font/5000/47
	253		261			/font/5000/3a
	260		268			/font/5000/20
	267		275			/font/5000/53
	274		282			/font/5000/68
	281		289			/font/5000/69
	288		296			/font/5000/65
	295		303			/font/5000/6c
	302		310			/font/5000/64
	309		317			/font/5000/73
	316		324			/font/5000/20
	323		331			/font/5000/4c
	330		338			/font/5000/6f
	337		345			/font/5000/77
	203	53	211	65	ff007f	/font/5000/57
	210		218			/font/5000/41
	217		225			/font/5000/52
	224		232			/font/5000/4e
	231		239			/font/5000/49
	238		246			/font/5000/4e
	245		253			/font/5000/47
	252		260			/font/5000/3a
	259		267			/font/5000/20
	266		274			/font/5000/53
	273		281			/font/5000/68
	280		288			/font/5000/69
	287		295			/font/5000/65
	294		302			/font/5000/6c
	301		309			/font/5000/64
	308		316			/font/5000/73
	315		323			/font/5000/20
	322		330			/font/5000/4c
	329		337			/font/5000/6f
	336		344			/font/5000/77
line	547	153	532	152	489048
			539	166	
	532	152			204020
draw	0	0	128	480	/pictures/501.png
	608		640		/pictures/512.png
line	614	439	614	359	00488f
		359	622		
	622			439	002850
		439	614		
rect	615	360	622	439	003870
line	614	456	614	440	007fff
		440	622		
	622			456	00488f
		456	614		
rect	615	441	622	456	0070e0
line	614	231	614	231	909048
			622		
	622				505028
			614		
	614	328		232	ffff7f
		232	622		
	622			328	909048
		328	614		
rect	615	233	622	328	e0e070
line	614	151	614	103	904848
		103	622		
	622			151	502828
		151	614		
rect	615	104	622	151	703838
line	614	200	614	152	ff7f7f
		152	622		
	622			200	904848
		200	614		
rect	615	153	622	200	e07070
line	618	8	629	8	90488f
			618	9	
	629		629		
	618	36		36	
			618	35	
	629		629		
rect	620	10	628	35	703870
		35			c060c0
	634	49	636	52	7fff7f
		53		56	60c060
		57		60	703800
		61		64	
		65		68	
		69		72	183018
		73		76	
		77		80	
		81		84	
		85		88	
		89		92	
		93		96	
		97		100	
		101		104	
		105		108	
		109		112	
		113		116	
		117		120	
		121		124	
		125		128	
		129		132	
		133		136	
		137		140	
		141		144	
		145		148	
		149		152	
		153		156	
		157		160	
		161		164	
		165		168	
		169		172	
		173		176	
		177		180	
		181		184	
		185		188	
		189		192	
		193		196	
		197		200	
		201		204	
		205		208	
		209		212	
		213		216	
		217		220	
		221		224	
		225		228	
		229		232	
		233		236	
		237		240	
		241		244	
		245		248	
		249		252	
		253		256	
		257		260	
		261		264	
		265		268	
		269		272	
		273		276	
		277		280	
		281		284	
		285		288	
		289		292	
		293		296	
		297		300	
		301		304	
		305		308	
		309		312	
		313		316	
		317		320	
		321		324	
		325		328	
		329		332	
		333		336	
		337		340	
		341		344	
		345		348	
		349		352	
		353		356	
		357		360	
		361		364	
		365		368	
		369		372	
		373		376	
		377		380	
		381		384	
		385		388	
		389		392	
		393		396	
		397		400	
		401		404	
		405		408	
		409		412	
		413		416	
		417		420	
		421		424	
		425		428	
		429		432	
		433		436	
		437		440	
		441		444	
		445		448	
	621	52	631	56	303000
		57		61	
		62		66	
		67		71	
		72		76	
		77		81	
		82		86	
	7	7	115	115	00ff00
	8	8	114	114	001000
					003000
point	108	23	00e000
	56	65	
	111	25	
	107	24	
	105		
	104	22	
	108	23	
	59	63	
rect	12	320	121	440	001000
tint	15	320	23	333	00ff00	/font/5001/42
	21		29			/font/5001/55
	27		35			/font/5001/49
	33		41			/font/5001/4c
	39		47			/font/5001/44
	45		53			/font/5001/20
	51		59			/font/5001/53
	57		65			/font/5001/48
	63		71			/font/5001/49
	69		77			/font/5001/50
	75		83			/font/5001/53
line	12	342	119	342	009000
tint	15	332	23	345	00ff00	/font/5001/46
	21		29			/font/5001/61
	27		35			/font/5001/6e
	33		41			/font/5001/73
	39		47			/font/5001/69
	45		53			/font/5001/20
	51		59			/font/5001/41
	57		65			/font/5001/6c
	63		71			/font/5001/70
	69		77			/font/5001/68
	75		83			/font/5001/61
	15	344	23	357	009000	/font/5001/46
	21		29			/font/5001/69
	27		35			/font/5001/67
	33		41			/font/5001/68
	39		47			/font/5001/74
	45		53			/font/5001/65
	51		59			/font/5001/72
line	12	367	12	356	009000
		356	120		
	120			367	005000
		367	12		
rect	13	357	120	367	007000
tint	15	356	23	369	003000	/font/5001/43
	21		29			/font/5001/72
	27		35			/font/5001/75
	33		41			/font/5001/69
	39		47			/font/5001/73
	45		53			/font/5001/65
	51		59			/font/5001/72
	15	368	23	381	009000	/font/5001/47
	21		29			/font/5001/75
	27		35			/font/5001/6e
	33		41			/font/5001/73
	39		47			/font/5001/68
	45		53			/font/5001/69
	51		59			/font/5001/70
	15	380	23	393		/font/5001/54
	21		29			/font/5001/72
	27		35			/font/5001/61
	33		41			/font/5001/6e
	39		47			/font/5001/73
	45		53			/font/5001/70
	51		59			/font/5001/6f
	57		65			/font/5001/72
	63		71			/font/5001/74
	15	392	23	405		/font/5001/45
	21		29			/font/5001/6e
	27		35			/font/5001/67
	33		41			/font/5001/69
	39		47			/font/5001/6e
	45		53			/font/5001/65
	51		59			
	57		65			/font/5001/72
	63		71			/font/5001/20
	69		77			/font/5001/50
	75		83			/font/5001/6f
	81		89			/font/5001/64
	15	404	23	417		/font/5001/41
	21		29			/font/5001/73
	27		35			
	33		41			/font/5001/61
	39		47			/font/5001/75
	45		53			/font/5001/6c
	51		59			/font/5001/74
	57		65			/font/5001/20
	63		71			/font/5001/54
	69		77			/font/5001/72
	75		83			/font/5001/61
	81		89			/font/5001/6e
	87		95			/font/5001/73
	93		101			/font/5001/70
	99		107			/font/5001/6f
	105		113			/font/5001/72
	111		119			/font/5001/74
line	12	438	119	438	009000
rect	16	450	114	475	001010
line	17	461	17	450	00c0c0
		450	43		
	43			461	007070
		461	17		
rect	18	451	43	461	009090
tint	19	450	27	463	00ffff	/font/5001/52
	25		33			/font/5001/47
	31		39			/font/5001/48
	37		45			/font/5001/54
	43		51			/font/5001/20
	49		57			/font/5001/42
	55		63			/font/5001/75
	61		69			/font/5001/69
	67		75			/font/5001/6c
	73		81			/font/5001/64
line	17	473	17	462	00c0c0
		462	43		
	43			473	007070
		473	17		
rect	18	463	43	473	009090
tint	19	462	27	475	00ffff	/font/5001/4c
	25		33			/font/5001/45
	31		39			/font/5001/46
	37		45			/font/5001/54
	43		51			/font/5001/20
	49		57			/font/5001/4d
	55		63			/font/5001/61
	61		69			/font/5001/69
	67		75			/font/5001/6e
	73		81			/font/5001/20
	79		87			/font/5001/4d
	85		93			/font/5001/65
	91		99			/font/5001/6e
	97		105			/font/5001/75
rect	12	180	120	192	000000
line	12	191	12	180	ffff00
		180	119		
	119			191	909000
		191	12		
rect	13	181	119	191	c0c000
tint	15	180	23	193	000000	/font/5001/43
	21		29			/font/5001/4f
	27		35			/font/5001/4e
	33		41			/font/5001/54
	39		47			/font/5001/52
	45		53			/font/5001/4f
	51		59			/font/5001/4c
rect	12	192	120	204	000000
tint	15	192	23	205	7fff7f	/font/5001/47
	21		29			/font/5001/55
	27		35			/font/5001/4e
	33		41			/font/5001/53
	39		47			/font/5001/48
	45		53			/font/5001/49
	51		59			/font/5001/50
rect	14	204	36	226	000000
draw	16	208	34	222	/sprites/509.SMIV/0
line	14	204	35	204	489048
			14	205	
	35		35		
	14	225		225	
			14	224	
	35		35		
rect	40	204	51	226	000000
	42	206	49	221	003870
		221		224	0060c0
line	40	204	50	204	00488f
			40	205	
	50		50		
	40	225		225	
			40	224	
	50		50		
rect	53	204	64	226	000000
	55	206	62	207	707000
		207		224	c0c000
line	53	204	63	204	909000
			53	205	
	63		63		
	53	225		225	
			53	224	
	63		63		
rect	69	204	120	216	000000
tint	69	204	77	217	7fff7f	/font/5001/50
	75		83			/font/5001/4b
	81		89			/font/5001/42
	87		95			/font/5001/45
	93		101			/font/5001/41
	99		107			/font/5001/4d
	105		113			/font/5001/20
	111		119			/font/5001/31
rect	69	216	120	228	000000
tint	69	216	77	229	7fff7f	/font/5001/4c
	75		83			/font/5001/42
	81		89			/font/5001/45
	87		95			/font/5001/41
	93		101			/font/5001/4d
	99		107			/font/5001/20
	105		113			/font/5001/31
rect	69	192	120	204	000000
	12	228		240	
		252		264	
line	12	263	12	252	007fff
		252	119		
	119			263	00488f
		263	12		
rect	13	253	119	263	0060c0
tint	15	252	23	265	000000	/font/5001/54
	21		29			/font/5001/41
	27		35			/font/5001/52
	33		41			/font/5001/47
	39		47			/font/5001/45
	45		53			/font/5001/54
rect	12	264	120	276	000000
tint	15	264	23	277	7fff7f	/font/5001/47
	21		29			/font/5001/55
	27		35			/font/5001/4e
	33		41			/font/5001/53
	39		47			/font/5001/48
	45		53			/font/5001/49
	51		59			/font/5001/50
rect	14	276	36	298	000000
draw	16	280	34	294	/sprites/509.SMIV/0
line	14	276	35	276	489048
			14	277	
	35		35		
	14	297		297	
			14	296	
	35		35		
rect	40	276	51	298	000000
	42	278	49	293	003870
		293		296	0060c0
line	40	276	50	276	00488f
			40	277	
	50		50		
	40	297		297	
			40	296	
	50		50		
rect	53	276	64	298	000000
	55	278	62	279	707000
		279		296	c0c000
line	53	276	63	276	909000
			53	277	
	63		63		
	53	297		297	
			53	296	
	63		63		
rect	69	276	120	288	000000
tint	69	276	77	289	7fff7f	/font/5001/50
	75		83			/font/5001/4b
	81		89			/font/5001/42
	87		95			/font/5001/45
	93		101			/font/5001/41
	99		107			/font/5001/4d
	105		113			/font/5001/20
	111		119			/font/5001/31
rect	69	288	120	300	000000
tint	69	288	77	301	7fff7f	/font/5001/4c
	75		83			/font/5001/42
	81		89			/font/5001/45
	87		95			/font/5001/41
	93		101			/font/5001/4d
	99		107			/font/5001/20
	105		113			/font/5001/31
rect	69	264	120	276	000000
	12	300		312	
