point	265	210	b0b0b0
	337	71	808080
	345	76	b0b0b0
	217	379	808080
	141	196	b0b0b0
	583	297	
	243	448	
	557	432	
	232	243	808080
	231	434	d0d0d0
	453	5	b0b0b0
	164	241	808080
	433	352	b0b0b0
	182	305	808080
	577	285	b0b0b0
	454	256	808080
	174	116	b0b0b0
	538	20	808080
	406	36	d0d0d0
	475	340	808080
	370	377	d0d0d0
	335	361	b0b0b0
	315	226	808080
	307	265	
	262	121	b0b0b0
	512	291	
	203	268	d0d0d0
	523	304	
	337	364	
	457	400	808080
	264	184	b0b0b0
	459	460	d0d0d0
	183	180	
	149	423	
	273	10	
	439	184	808080
	584	380	b0b0b0
	508	383	808080
	510	82	
	158	214	b0b0b0
	591	185	808080
	506	168	
	480	185	b0b0b0
	196	260	
	352	72	
	270	244	808080
	367	380	b0b0b0
	482	211	808080
	564	35	d0d0d0
	533	335	
	440	203	808080
	219	22	d0d0d0
	427	208	b0b0b0
	204	254	
	154	134	
	440	384	
	239	211	808080
	453	125	b0b0b0
	239	219	d0d0d0
	427	176	b0b0b0
	385	42	
	435	430	d0d0d0
	443	379	
	485	187	808080
	597	237	
	459	35	
	566	124	b0b0b0
	156	62	
	565	449	808080
	308	89	d0d0d0
	211	196	808080
	604	344	b0b0b0
	373	116	
	469	195	808080
	510	467	
	368	153	b0b0b0
	305	227	
	313	4	808080
	511	198	b0b0b0
	514	21	d0d0d0
	418	136	808080
	246	284	b0b0b0
	463	38	808080
	486	177	d0d0d0
	174	260	b0b0b0
	224	425	808080
	451	116	d0d0d0
	240	146	
	321	408	b0b0b0
	129	265	
	578	149	
	386	352	d0d0d0
	523	24	808080
	274	176	
	488	367	d0d0d0
	300	44	808080
	152	258	d0d0d0
	474	297	808080
	374	3	
	520	93	b0b0b0
	334	222	808080
	263	356	d0d0d0
	403	142	
	471	70	b0b0b0
	513	354	d0d0d0
	183	291	808080
	511	439	
	154	192	b0b0b0
	192	439	
	490	63	808080
	396	446	d0d0d0
	499	139	808080
	287	138	d0d0d0
	385	146	
	179	21	808080
	278	95	
	353	103	
	206	440	
	519	479	
	341	470	
	418	139	
	299	317	b0b0b0
	241	382	d0d0d0
	577	216	808080
	212	169	d0d0d0
line	248	0	248	480	005000
	515		515		002850
	128	199	608	199	005000
		466		466	002850
rect	502	122	516	136	00488f
triangle	349	264	357	272	00c000
	524	134	534	144	c00000
	362	234	372	244	007000
	290	309	298	317	00c000
	347	259	355	267	
	506	125	514	133	c00000
dither	200	50	346	67	300018
tint	204	54	212	66	000000	/font/5000/57
	211		219			/font/5000/41
	218		226			/font/5000/52
	225		233			/font/5000/4e
	232		240			/font/5000/49
	239		247			/font/5000/4e
	246		254			/font/5000/47
	253		261			/font/5000/3a
	260		268			/font/5000/20
	267		275			/font/5000/53
	274		282			/font/5000/68
	281		289			/font/5000/69
	288		296			/font/5000/65
	295		303			/font/5000/6c
	302		310			/font/5000/64
	309		317			/font/5000/73
	316		324			/font/5000/20
	323		331			/font/5000/4c
	330		338			/font/5000/6f
	337		345			/font/5000/77
	203	53	211	65	ff007f	/font/5000/57
	210		218			/font/5000/41
	217		225			/font/5000/52
	224		232			/font/5000/4e
	231		239			/font/5000/49
	238		246			/font/5000/4e
	245		253			/font/5000/47
	252		260			/font/5000/3a
	259		267			/font/5000/20
	266		274			/font/5000/53
	273		281			/font/5000/68
	280		288			/font/5000/69
	287		295			/font/5000/65
	294		302			/font/5000/6c
	301		309			/font/5000/64
	308		316			/font/5000/73
	315		323			/font/5000/20
	322		330			/font/5000/4c
	329		337			/font/5000/6f
	336		344			/font/5000/77
line	539	140	524	140	489048
			532	153	
	524				204020
draw	0	0	128	480	/pictures/501.png
	608		640		/pictures/512.png
line	614	438	614	359	00488f
		359	622		
	622			438	002850
		438	614		
rect	615	360	622	438	003870
line	614	456	614	439	007fff
		439	622		
	622			456	00488f
		456	614		
rect	615	440	622	456	0070e0
line	614	231	614	231	909048
			622		
	622				505028
			614		
	614	328		232	ffff7f
		232	622		
	622			328	909048
		328	614		
rect	615	233	622	328	e0e070
line	614	153	614	103	904848
		103	622		
	622			153	502828
		153	614		
rect	615	104	622	153	703838
line	614	200	614	154	ff7f7f
		154	622		
	622			200	904848
		200	614		
rect	615	155	622	200	e07070
line	618	8	629	8	90488f
			618	9	
	629		629		
	618	36		36	
			618	35	
	629		629		
rect	620	10	628	35	703870
		35			c060c0
	634	49	636	52	7fff7f
		53		56	60c060
		57		60	
		61		64	
		65		68	703800
		69		72	183018
		73		76	
		77		80	
		81		84	
		85		88	
		89		92	
		93		96	
		97		100	
		101		104	
		105		108	
		109		112	
		113		116	
		117		120	
		121		124	
		125		128	
		129		132	
		133		136	
		137		140	
		141		144	
		145		148	
		149		152	
		153		156	
		157		160	
		161		164	
		165		168	
		169		172	
		173		176	
		177		180	
		181		184	
		185		188	
		189		192	
		193		196	
		197		200	
		201		204	
		205		208	
		209		212	
		213		216	
		217		220	
		221		224	
		225		228	
		229		232	
		233		236	
		237		240	
		241		244	
		245		248	
		249		252	
		253		256	
		257		260	
		261		264	
		265		268	
		269		272	
		273		276	
		277		280	
		281		284	
		285		288	
		289		292	
		293		296	
		297		300	
		301		304	
		305		308	
		309		312	
		313		316	
		317		320	
		321		324	
		325		328	
		329		332	
		333		336	
		337		340	
		341		344	
		345		348	
		349		352	
		353		356	
		357		360	
		361		364	
		365		368	
		369		372	
		373		376	
		377		380	
		381		384	
		385		388	
		389		392	
		393		396	
		397		400	
		401		404	
		405		408	
		409		412	
		413		416	
		417		420	
		421		424	
		425		428	
		429		432	
		433		436	
		437		440	
		441		444	
		445		448	
	621	52	631	56	303000
		57		61	
		62		66	
		67		71	
		72		76	
		77		81	
		82		86	
	7	7	115	115	00ff00
	8	8	114	114	001000
	25	25	97	97	003000
point	82	44	00e000
	59	65	
	85	46	
	82	44	
	80	45	
	50	72	
	79	44	
	82		
	59	64	
rect	12	320	121	440	001000
tint	15	320	23	333	00ff00	/font/5001/42
	21		29			/font/5001/55
	27		35			/font/5001/49
	33		41			/font/5001/4c
	39		47			/font/5001/44
	45		53			/font/5001/20
	51		59			/font/5001/53
	57		65			/font/5001/48
	63		71			/font/5001/49
	69		77			/font/5001/50
	75		83			/font/5001/53
line	12	342	119	342	009000
tint	15	332	23	345	00ff00	/font/5001/46
	21		29			/font/5001/61
	27		35			/font/5001/6e
	33		41			/font/5001/73
	39		47			/font/5001/69
	45		53			/font/5001/20
	51		59			/font/5001/41
	57		65			/font/5001/6c
	63		71			/font/5001/70
	69		77			/font/5001/68
	75		83			/font/5001/61
	15	344	23	357		/font/5001/46
	21		29			/font/5001/69
	27		35			/font/5001/67
	33		41			/font/5001/68
	39		47			/font/5001/74
	45		53			/font/5001/65
	51		59			/font/5001/72
line	12	367	12	356	009000
		356	120		
	120			367	005000
		367	12		
rect	13	357	120	367	007000
tint	15	356	23	369	003000	/font/5001/43
	21		29			/font/5001/72
	27		35			/font/5001/75
	33		41			/font/5001/69
	39		47			/font/5001/73
	45		53			/font/5001/65
	51		59			/font/5001/72
	15	368	23	381	009000	/font/5001/47
	21		29			/font/5001/75
	27		35			/font/5001/6e
	33		41			/font/5001/73
	39		47			/font/5001/68
	45		53			/font/5001/69
	51		59			/font/5001/70
	15	380	23	393	00ff00	/font/5001/54
	21		29			/font/5001/72
	27		35			/font/5001/61
	33		41			/font/5001/6e
	39		47			/font/5001/73
	45		53			/font/5001/70
	51		59			/font/5001/6f
	57		65			/font/5001/72
	63		71			/font/5001/74
	15	392	23	405		/font/5001/45
	21		29			/font/5001/6e
	27		35			/font/5001/67
	33		41			/font/5001/69
	39		47			/font/5001/6e
	45		53			/font/5001/65
	51		59			
	57		65			/font/5001/72
	63		71			/font/5001/20
	69		77			/font/5001/50
	75		83			/font/5001/6f
	81		89			/font/5001/64
	15	404	23	417	009000	/font/5001/41
	21		29			/font/5001/73
	27		35			
	33		41			/font/5001/61
	39		47			/font/5001/75
	45		53			/font/5001/6c
	51		59			/font/5001/74
	57		65			/font/5001/20
	63		71			/font/5001/54
	69		77			/font/5001/72
	75		83			/font/5001/61
	81		89			/font/5001/6e
	87		95			/font/5001/73
	93		101			/font/5001/70
	99		107			/font/5001/6f
	105		113			/font/5001/72
	111		119			/font/5001/74
line	12	438	119	438	009000
rect	16	450	114	475	001010
line	17	461	17	450	00c0c0
		450	43		
	43			461	007070
		461	17		
rect	18	451	43	461	009090
tint	19	450	27	463	00ffff	/font/5001/52
	25		33			/font/5001/47
	31		39			/font/5001/48
	37		45			/font/5001/54
	43		51			/font/5001/20
	49		57			/font/5001/42
	55		63			/font/5001/75
	61		69			/font/5001/69
	67		75			/font/5001/6c
	73		81			/font/5001/64
line	17	473	17	462	00c0c0
		462	43		
	43			473	007070
		473	17		
rect	18	463	43	473	009090
tint	19	462	27	475	00ffff	/font/5001/4c
	25		33			/font/5001/45
	31		39			/font/5001/46
	37		45			/font/5001/54
	43		51			/font/5001/20
	49		57			/font/5001/4d
	55		63			/font/5001/61
	61		69			/font/5001/69
	67		75			/font/5001/6e
	73		81			/font/5001/20
	79		87			/font/5001/4d
	85		93			/font/5001/65
	91		99			/font/5001/6e
	97		105			/font/5001/75
line	12	191	12	180	ffff00
		180	119		
	119			191	909000
		191	12		
rect	13	181	119	191	c0c000
tint	15	180	23	193	000000	/font/5001/43
	21		29			/font/5001/4f
	27		35			/font/5001/4e
	33		41			/font/5001/54
	39		47			/font/5001/52
	45		53			/font/5001/4f
	51		59			/font/5001/4c
	15	192	23	205	7fff7f	/font/5001/41
	21		29			/font/5001/53
	27		35			/font/5001/4c
	33		41			/font/5001/54
	39		47			
	45		53			/font/5001/52
	51		59			/font/5001/41
	57		65			/font/5001/4e
draw	16	208	34	222	/sprites/559.SMIV/0
line	14	204	35	204	489048
			14	205	
	35		35		
	14	225		225	
			14	224	
	35		35		
rect	42	206	49	219	003870
		219		224	0060c0
line	40	204	50	204	00488f
			40	205	
	50		50		
	40	225		225	
			40	224	
	50		50		
rect	55	206	62	207	707000
		207		224	c0c000
line	53	204	63	204	909000
			53	205	
	63		63		
	53	225		225	
			53	224	
	63		63		
tint	69	204	77	217	7fff7f	/font/5001/50
	75		83			/font/5001/4b
	81		89			/font/5001/42
	87		95			/font/5001/45
	93		101			/font/5001/41
	99		107			/font/5001/4d
	105		113			/font/5001/20
	111		119			/font/5001/32
	69	216	77	229		/font/5001/43
	75		83			/font/5001/4d
	81		89			/font/5001/49
	87		95			/font/5001/53
	93		101			
	99		107			/font/5001/49
	105		113			/font/5001/4c
	111		119			/font/5001/45
	69	192	77	205		/font/5001/41
	75		83			/font/5001/53
	81		89			/font/5001/4c
	87		95			/font/5001/54
	93		101			
	99		107			/font/5001/45
	105		113			/font/5001/41
	111		119			/font/5001/4d
	12	228	20	241	ff0000	/font/5001/42
	18		26			/font/5001/75
	24		32			/font/5001/6e
	30		38			/font/5001/6b
	36		44			/font/5001/65
	42		50			/font/5001/72
	48		56			/font/5001/20
	54		62			/font/5001/53
	60		68			/font/5001/74
	66		74			/font/5001/61
	72		80			/font/5001/74
	78		86			/font/5001/69
	84		92			/font/5001/6f
	90		98			/font/5001/6e
	96		104			/font/5001/20
	102		110			/font/5001/32
line	12	263	12	252	007fff
		252	119		
	119			263	00488f
		263	12		
rect	13	253	119	263	0060c0
tint	15	252	23	265	000000	/font/5001/54
	21		29			/font/5001/41
	27		35			/font/5001/52
	33		41			/font/5001/47
	39		47			/font/5001/45
	45		53			/font/5001/54
	15	264	23	277	7fff7f	/font/5001/42
	21		29			/font/5001/75
	27		35			/font/5001/6e
	33		41			/font/5001/6b
	39		47			/font/5001/65
	45		53			/font/5001/72
	51		59			/font/5001/20
	57		65			/font/5001/53
	63		71			/font/5001/74
	69		77			/font/5001/61
	75		83			/font/5001/74
	81		89			/font/5001/69
	87		95			/font/5001/6f
	93		101			/font/5001/6e
	99		107			/font/5001/20
	105		113			/font/5001/32
draw	16	280	34	294	/sprites/643.SMIV/0
line	14	276	35	276	489048
			14	277	
	35		35		
	14	297		297	
			14	296	
	35		35		
rect	42	278	49	278	003870
				296	0060c0
line	40	276	50	276	00488f
			40	277	
	50		50		
	40	297		297	
			40	296	
	50		50		
rect	55	278	62	294	707000
		294		296	c0c000
line	53	276	63	276	909000
			53	277	
	63		63		
	53	297		297	
			53	296	
	63		63		
tint	69	276	77	289	7fff7f	/font/5001/52
	75		83			/font/5001/45
	81		89			/font/5001/50
	87		95			/font/5001/55
	93		101			/font/5001/4c
	99		107			/font/5001/53
	105		113			/font/5001/45
	111		119			/font/5001/52
	69	288	77	301		/font/5001/50
	75		83			/font/5001/55
	81		89			/font/5001/4c
	87		95			/font/5001/53
	93		101			/font/5001/43
	99		107			/font/5001/41
	105		113			/font/5001/4e
	111		119			
