point	207	347	b0b0b0
	357	430	808080
	594	188	
	391	195	
	154	15	
	586	474	
	327	426	b0b0b0
	430	34	
	380	119	
	265	124	
	175	57	808080
	602	275	
	358	408	
	305	168	
	335	304	d0d0d0
	231	405	
	265	198	
	281	304	b0b0b0
	591	233	808080
	210	411	b0b0b0
	215	-1	
	493	374	808080
	462	327	b0b0b0
	592	239	
	217	179	d0d0d0
	414	231	808080
	386	467	
	316	100	
	309	457	b0b0b0
	406	290	808080
	340	16	d0d0d0
	459	196	808080
	396	103	b0b0b0
	400	61	808080
	596	371	
	143	85	b0b0b0
	145	286	d0d0d0
	287	262	808080
	333	85	d0d0d0
	418	106	
	172	247	b0b0b0
	212	55	808080
	217	293	b0b0b0
	411	14	808080
	509	147	
	349	78	d0d0d0
	193	439	808080
	310	88	d0d0d0
	380	307	
	581	203	808080
	363	248	d0d0d0
	373	393	b0b0b0
	304	192	808080
	573	433	d0d0d0
	323	43	808080
	277	246	
	275	100	d0d0d0
	417	165	b0b0b0
	484	224	d0d0d0
	489	189	b0b0b0
	183	322	d0d0d0
	334	211	808080
	605	347	
	399	338	
	131	10	
	169		d0d0d0
	364	107	b0b0b0
	590	77	
	608	11	d0d0d0
	139	338	808080
	280	152	
	183	247	
	169	326	b0b0b0
	266	37	808080
	536	43	b0b0b0
	331	77	808080
	279	231	d0d0d0
	319	351	b0b0b0
	589	91	808080
	265	13	d0d0d0
	174	456	b0b0b0
	464	56	d0d0d0
	410	22	b0b0b0
	356	392	d0d0d0
	425	358	
	200	274	808080
	574	283	b0b0b0
	547	96	
	432	296	
	299	300	808080
	577	394	d0d0d0
	505	267	808080
	489	308	
	382	236	d0d0d0
	233	130	808080
	480	346	
	206	157	
	546	29	
	568	154	d0d0d0
	210	158	808080
	582	14	
	163	5	
	276	128	
	464	160	
	413	278	d0d0d0
	346	203	
	145	11	
	408	199	b0b0b0
	533	441	
	450	377	
	351	329	
	320	421	
	255	138	808080
	489	338	
	396	185	d0d0d0
	524	306	b0b0b0
	326	162	808080
	177	356	
	182	51	b0b0b0
	212	379	808080
	289	432	
	478	126	b0b0b0
	302	226	
	545	224	
	522	146	808080
	493	316	100800
	540	356	
	517	418	
	529	296	
	466	333	
	642	286	
	470	362	
		283	
	557	315	
	483	341	
	458	217	603000
	377	260	
	415	188	
	424	250	
	379	258	
	413	300	
	440	229	
	467	244	
	348	240	
	369	256	
	447	272	
	364	213	
	383	241	
	400	341	
	364	264	
	451	243	
	413	208	
	435	231	
	346	283	
	339	274	
line	308	0	308	480	000050
	564		564		
	128	12	608	12	
		268		268	
	251	266	259	264	00ff00
draw	362	232	378	245	/sprites/501.SMIV/16
	478	183	486	191	/sprites/512.SMIV/13
	391	197	411	209	/sprites/559.SMIV/6
	300	386	316	399	/sprites/501.SMIV/23
	150	107	152	110	/sprites/513.SMIV/16
	563	289	579	303	/sprites/501.SMIV/21
	557	271	561	276	/sprites/503.SMIV/22
	383	230	392	238	/sprites/504.SMIV/5
line	205	354	220	353	489048
			211	340	
	220	353			204020
draw	0	0	128	480	/pictures/501.png
	608		640		/pictures/512.png
tint	29	159	37	172	ff0000	/font/5001/30
	35		43			
	41		49			
line	614	426	614	359	00488f
		359	622		
	622			426	002850
		426	614		
rect	615	360	622	426	003870
line	614	456	614	427	007fff
		427	622		
	622			456	00488f
		456	614		
rect	615	428	622	456	0070e0
line	614	236	614	231	909048
		231	622		
	622			236	505028
		236	614		
rect	615	232	622	236	707038
line	614	328	614	237	ffff7f
		237	622		
	622			328	909048
		328	614		
rect	615	238	622	328	e0e070
line	614	139	614	103	904848
		103	622		
	622			139	502828
		139	614		
rect	615	104	622	139	703838
line	614	200	614	140	ff7f7f
		140	622		
	622			200	904848
		200	614		
rect	615	141	622	200	e07070
line	618	8	629	8	90488f
			618	9	
	629		629		
	618	36		36	
			618	35	
	629		629		
rect	620	10	628	35	703870
		35			c060c0
	634	49	636	52	007fff
		53		56	0060c0
		57		60	
		61		64	
		65		68	
		69		72	183018
		73		76	
		77		80	
		81		84	
		85		88	
		89		92	
		93		96	
		97		100	
		101		104	
		105		108	
		109		112	
		113		116	
		117		120	
		121		124	
		125		128	
		129		132	
		133		136	
		137		140	
		141		144	
		145		148	
		149		152	
		153		156	
		157		160	
		161		164	
		165		168	
		169		172	
		173		176	
		177		180	
		181		184	
		185		188	
		189		192	
		193		196	
		197		200	
		201		204	
		205		208	
		209		212	
		213		216	
		217		220	
		221		224	
		225		228	
		229		232	
		233		236	
		237		240	
		241		244	
		245		248	
		249		252	
		253		256	
		257		260	
		261		264	
		265		268	
		269		272	
		273		276	
		277		280	
		281		284	
		285		288	
		289		292	
		293		296	
		297		300	
		301		304	
		305		308	
		309		312	
		313		316	
		317		320	
		321		324	
		325		328	
		329		332	
		333		336	
		337		340	
		341		344	
		345		348	
		349		352	
		353		356	
		357		360	
		361		364	
		365		368	
		369		372	
		373		376	
		377		380	
		381		384	
		385		388	
		389		392	
		393		396	
		397		400	
		401		404	
		405		408	
		409		412	
		413		416	
		417		420	
		421		424	
		425		428	
		429		432	
		433		436	
		437		440	
		441		444	
		445		448	
	621	52	631	56	303000
		57		61	
		62		66	
		67		71	
		72		76	
		77		81	
		82		86	
	7	7	115	115	00ff00
	8	8	114	114	001000
	52	52	70	70	003000
point	78	61	00e000
	57		
	65	60	
	68	62	
	62	60	
	63	43	
	53	56	
	68	63	
	34	56	
	20	68	
	61	61	
	59	67	
rect	12	320	121	440	001000
tint	15	320	23	333	00ff00	/font/5001/42
	21		29			/font/5001/55
	27		35			/font/5001/49
	33		41			/font/5001/4c
	39		47			/font/5001/44
	45		53			/font/5001/20
	51		59			/font/5001/53
	57		65			/font/5001/48
	63		71			/font/5001/49
	69		77			/font/5001/50
	75		83			/font/5001/53
line	12	342	119	342	009000
tint	15	332	23	345	00ff00	/font/5001/46
	21		29			/font/5001/61
	27		35			/font/5001/6e
	33		41			/font/5001/73
	39		47			/font/5001/69
	45		53			/font/5001/20
	51		59			/font/5001/41
	57		65			/font/5001/6c
	63		71			/font/5001/70
	69		77			/font/5001/68
	75		83			/font/5001/61
	15	344	23	357		/font/5001/46
	21		29			/font/5001/69
	27		35			/font/5001/67
	33		41			/font/5001/68
	39		47			/font/5001/74
	45		53			/font/5001/65
	51		59			/font/5001/72
line	12	367	12	356	009000
		356	120		
	120			367	005000
		367	12		
rect	13	357	120	367	007000
tint	15	356	23	369	00ff00	/font/5001/43
	21		29			/font/5001/72
	27		35			/font/5001/75
	33		41			/font/5001/69
	39		47			/font/5001/73
	45		53			/font/5001/65
	51		59			/font/5001/72
	15	368	23	381	009000	/font/5001/47
	21		29			/font/5001/75
	27		35			/font/5001/6e
	33		41			/font/5001/73
	39		47			/font/5001/68
	45		53			/font/5001/69
	51		59			/font/5001/70
	15	380	23	393	00ff00	/font/5001/54
	21		29			/font/5001/72
	27		35			/font/5001/61
	33		41			/font/5001/6e
	39		47			/font/5001/73
	45		53			/font/5001/70
	51		59			/font/5001/6f
	57		65			/font/5001/72
	63		71			/font/5001/74
	15	392	23	405		/font/5001/45
	21		29			/font/5001/6e
	27		35			/font/5001/67
	33		41			/font/5001/69
	39		47			/font/5001/6e
	45		53			/font/5001/65
	51		59			
	57		65			/font/5001/72
	63		71			/font/5001/20
	69		77			/font/5001/50
	75		83			/font/5001/6f
	81		89			/font/5001/64
	15	404	23	417	009000	/font/5001/41
	21		29			/font/5001/73
	27		35			
	33		41			/font/5001/61
	39		47			/font/5001/75
	45		53			/font/5001/6c
	51		59			/font/5001/74
	57		65			/font/5001/20
	63		71			/font/5001/54
	69		77			/font/5001/72
	75		83			/font/5001/61
	81		89			/font/5001/6e
	87		95			/font/5001/73
	93		101			/font/5001/70
	99		107			/font/5001/6f
	105		113			/font/5001/72
	111		119			/font/5001/74
line	12	438	119	438	009000
rect	16	450	114	475	001010
line	17	461	17	450	00c0c0
		450	43		
	43			461	007070
		461	17		
rect	18	451	43	461	009090
tint	19	450	27	463	00ffff	/font/5001/52
	25		33			/font/5001/47
	31		39			/font/5001/48
	37		45			/font/5001/54
	43		51			/font/5001/20
	49		57			/font/5001/42
	55		63			/font/5001/75
	61		69			/font/5001/69
	67		75			/font/5001/6c
	73		81			/font/5001/64
line	17	473	17	462	00c0c0
		462	43		
	43			473	007070
		473	17		
rect	18	463	43	473	009090
tint	19	462	27	475	00ffff	/font/5001/4c
	25		33			/font/5001/45
	31		39			/font/5001/46
	37		45			/font/5001/54
	43		51			/font/5001/20
	49		57			/font/5001/4d
	55		63			/font/5001/61
	61		69			/font/5001/69
	67		75			/font/5001/6e
	73		81			/font/5001/20
	79		87			/font/5001/4d
	85		93			/font/5001/65
	91		99			/font/5001/6e
	97		105			/font/5001/75
line	12	191	12	180	ffff00
		180	120		
	120			191	909000
		191	12		
rect	13	181	120	191	c0c000
tint	15	180	23	193	000000	/font/5001/43
	21		29			/font/5001/4f
	27		35			/font/5001/4e
	33		41			/font/5001/54
	39		47			/font/5001/52
	45		53			/font/5001/4f
	51		59			/font/5001/4c
	15	192	23	205	7fff7f	/font/5001/43
	21		29			/font/5001/52
	27		35			/font/5001/55
	33		41			/font/5001/49
	39		47			/font/5001/53
	45		53			/font/5001/45
	51		59			/font/5001/52
draw	16	208	34	222	/sprites/501.SMIV/0
line	14	204	35	204	489048
			14	205	
	35		35		
	14	225		225	
			14	224	
	35		35		
rect	42	206	49	219	003870
		219		224	0060c0
line	40	204	50	204	00488f
			40	205	
	50		50		
	40	225		225	
			40	224	
	50		50		
rect	55	206	62	210	707000
		210		224	c0c000
line	53	204	63	204	909000
			53	205	
	63		63		
	53	225		225	
			53	224	
	63		63		
tint	69	204	77	217	7fff7f	/font/5001/50
	75		83			/font/5001/4b
	81		89			/font/5001/42
	87		95			/font/5001/45
	93		101			/font/5001/41
	99		107			/font/5001/4d
	105		113			/font/5001/20
	111		119			/font/5001/31
	69	216	77	229		/font/5001/46
	75		83			/font/5001/20
	81		89			/font/5001/50
	87		95			/font/5001/55
	93		101			/font/5001/4c
	99		107			/font/5001/53
	105		113			/font/5001/45
	12	228	20	241	ff0000	/font/5001/47
	18		26			/font/5001/75
	24		32			/font/5001/6e
	30		38			/font/5001/73
	36		44			/font/5001/68
	42		50			/font/5001/69
	48		56			/font/5001/70
line	12	263	12	252	007fff
		252	120		
	120			263	00488f
		263	12		
rect	13	253	120	263	0060c0
tint	15	252	23	265	000000	/font/5001/54
	21		29			/font/5001/41
	27		35			/font/5001/52
	33		41			/font/5001/47
	39		47			/font/5001/45
	45		53			/font/5001/54
line	14	276	35	276	489048
			14	277	
	35		35		
	14	297		297	
			14	296	
	35		35		
