point	566	98	808080
	174	408	
	411	166	
	207	173	
	223	456	
	480	342	b0b0b0
	531	116	
	154	1	
	576	70	d0d0d0
	513	403	808080
	470	392	
	227	227	d0d0d0
	174	386	808080
	599	23	b0b0b0
	446	414	d0d0d0
	472	224	808080
	490	309	
	444	322	d0d0d0
	408	211	808080
	477	191	
	416	59	
	310	352	
	186	294	b0b0b0
	315	134	
	465	386	808080
	231	209	
	210	427	b0b0b0
	132	77	808080
	497	410	d0d0d0
	222	268	808080
	420	194	
	276	174	
	600	267	b0b0b0
	216	39	808080
	217	207	d0d0d0
	432	73	808080
	411	441	
	570	114	b0b0b0
	484	151	
	353	478	808080
	375	251	b0b0b0
	410	269	d0d0d0
	482	431	808080
	545	467	b0b0b0
	325	125	808080
	531	398	
	373	315	d0d0d0
	421	83	
	519	31	b0b0b0
	398	181	808080
	475	317	d0d0d0
	577	338	b0b0b0
	594	167	d0d0d0
	206	389	
	140	21	808080
	556	251	b0b0b0
	386	64	d0d0d0
	142	132	b0b0b0
	598	160	
	214	156	
	450	228	808080
	150	189	
	328	2	b0b0b0
	216	316	808080
	248	75	d0d0d0
	318	451	b0b0b0
	580	265	808080
	411	380	
	331	326	b0b0b0
	263	188	d0d0d0
	576	141	808080
	478	365	
	373	325	b0b0b0
	518	424	d0d0d0
	260	10	b0b0b0
	148	54	808080
	390	7	d0d0d0
	549	65	808080
	406	69	
	238	453	b0b0b0
	377	290	
	583	410	
	319	465	d0d0d0
	468	345	
	537	406	
	495	123	808080
	298	250	b0b0b0
	272	63	
	157	263	
	584	20	d0d0d0
	209	350	
	322	245	808080
	306	286	
	521	401	b0b0b0
	453	117	d0d0d0
	296	324	808080
	502	411	
	363	7	
	201	110	d0d0d0
	506	324	808080
	392	467	b0b0b0
	509	459	808080
	572	473	
	280	138	
	544	63	b0b0b0
	458	272	d0d0d0
	557	469	808080
	132	166	b0b0b0
	257	408	
	174	344	
	555	102	
	551	210	808080
	550	47	
	306	316	
	556	104	
	248	273	b0b0b0
	143	140	808080
	519	455	
	386	11	b0b0b0
	508	244	808080
	573	218	b0b0b0
	202	93	
	505	219	
	269	190	
	338	124	808080
line	164	0	164	480	000050
	331		331		002850
	498		498		000050
	128	58	608	58	
		225		225	
		392		392	005000
draw	292	197	340	235	/sprites/643.SMIV/0
	362	234	372	242	/sprites/501.SMIV/7
dither	200	50	360	67	003030
crop	204	54	211	65	80	55	000000	/fonts/tactical
	211		218		120	66		
	218		225					
	225		232		104			
	232		239		0	22		
	239		246		32	77		
	246		253		120	66		
	253		260		0	22		
	260		267		24	44		
	267		274		96	66		
	274		281		120			
	281		288		24	77		
	288		295		40	66		
	295		302		24	77		
	302		309		32			
	309		316		0	22		
	316		323		120	44		
	323		330		16	66		
	330		337		80			
	337		344		40			
	344		351		24			
	351		358		32	77		
	203	53	210	64	80	55	00ffff	
	210		217		120	66		
	217		224					
	224		231		104			
	231		238		0	22		
	238		245		32	77		
	245		252		120	66		
	252		259		0	22		
	259		266		24	44		
	266		273		96	66		
	273		280		120			
	280		287		24	77		
	287		294		40	66		
	294		301		24	77		
	301		308		32			
	308		315		0	22		
	315		322		120	44		
	322		329		16	66		
	329		336		80			
	336		343		40			
	343		350		24			
	350		357		32	77		
line	559	290	548	279	489048
			544	294	
	548	279			204020
draw	0	0	128	480	/pictures/501.png
	608		640		/pictures/512.png
crop	29	159	35	171	0	36	ff0000	/fonts/computer
	35		41					
	41		47		8			
line	614	424	614	359	00488f
		359	622		
	622			424	002850
		424	614		
rect	615	360	622	424	003870
line	614	456	614	425	007fff
		425	622		
	622			456	00488f
		456	614		
rect	615	426	622	456	0070e0
line	614	232	614	231	909048
		231	622		
	622			232	505028
		232	614		
	614	328		233	ffff7f
		233	622		
	622			328	909048
		328	614		
rect	615	234	622	328	e0e070
line	614	142	614	103	904848
		103	622		
	622			142	502828
		142	614		
rect	615	104	622	142	703838
line	614	200	614	143	ff7f7f
		143	622		
	622			200	904848
		200	614		
rect	615	144	622	200	e07070
line	618	8	629	8	90488f
			618	9	
	629		629		
	618	36		36	
			618	35	
	629		629		
rect	620	10	628	35	703870
		35			c060c0
	634	49	636	52	7fff7f
		53		56	0060c0
		57		60	
		61		64	
		65		68	
		69		72	007fff
		73		76	183018
		77		80	
		81		84	
		85		88	
		89		92	
		93		96	
		97		100	
		101		104	
		105		108	
		109		112	
		113		116	
		117		120	
		121		124	
		125		128	
		129		132	
		133		136	
		137		140	
		141		144	
		145		148	
		149		152	
		153		156	
		157		160	
		161		164	
		165		168	
		169		172	
		173		176	
		177		180	
		181		184	
		185		188	
		189		192	
		193		196	
		197		200	
		201		204	
		205		208	
		209		212	
		213		216	
		217		220	
		221		224	
		225		228	
		229		232	
		233		236	
		237		240	
		241		244	
		245		248	
		249		252	
		253		256	
		257		260	
		261		264	
		265		268	
		269		272	
		273		276	
		277		280	
		281		284	
		285		288	
		289		292	
		293		296	
		297		300	
		301		304	
		305		308	
		309		312	
		313		316	
		317		320	
		321		324	
		325		328	
		329		332	
		333		336	
		337		340	
		341		344	
		345		348	
		349		352	
		353		356	
		357		360	
		361		364	
		365		368	
		369		372	
		373		376	
		377		380	
		381		384	
		385		388	
		389		392	
		393		396	
		397		400	
		401		404	
		405		408	
		409		412	
		413		416	
		417		420	
		421		424	
		425		428	
		429		432	
		433		436	
		437		440	
		441		444	
		445		448	
	621	52	631	56	303000
		57		61	
		62		66	
		67		71	
		72		76	
		77		81	
		82		86	
	7	7	115	115	00ff00
	8	8	114	114	001000
	46	46	76	76	003000
point	58	60	00e000
	53	42	
	54		
	47	47	
	49	32	
	27	57	
	51	46	
	50	47	
rect	12	320	121	440	001000
crop	15	320	21	332	16	48	00ff00	/fonts/computer
	21		27		40	60		
	27		33		72	48		
	33		39		96			
	39		45		32			
	45		51		0	24		
	51		57		24	60		
	57		63		64	48		
	63		69		72			
	69		75		0	60		
	75		81		24			
line	12	342	119	342	009000
crop	15	332	21	344	48	48	00ff00	/fonts/computer
	21		27		8	72		
	27		33		112			
	33		39		24	84		
	39		45		72	72		
	45		51		0	24		
	51		57		8	48		
	57		63		96	72		
	63		69		0	84		
	69		75		64	72		
	75		81		8			
	15	344	21	356	48	48		
	21		27		72	72		
	27		33		56			
	33		39		64			
	39		45		32	84		
	45		51		40	72		
	51		57		16	84		
line	12	367	12	356	009000
		356	120		
	120			367	005000
		367	12		
rect	13	357	120	367	007000
crop	15	356	21	368	24	48	00ff00	/fonts/computer
	21		27		16	84		
	27		33		40			
	33		39		72	72		
	39		45		24	84		
	45		51		40	72		
	51		57		16	84		
	15	368	21	380	56	48	009000	
	21		27		40	84		
	27		33		112	72		
	33		39		24	84		
	39		45		64	72		
	45		51		72			
	51		57		0	84		
	15	380	21	392	32	60	00ff00	
	21		27		16	84		
	27		33		8	72		
	33		39		112			
	39		45		24	84		
	45		51		0			
	51		57		120	72		
	57		63		16	84		
	63		69		32			
	15	392	21	404	40	48		
	21		27		112	72		
	27		33		56			
	33		39		72			
	39		45		112			
	45		51		40			
	51		57					
	57		63		16	84		
	63		69		0	24		
	69		75			60		
	75		81		120	72		
	81		87		32			
	15	404	21	416	8	48	009000	
	21		27		24	84		
	27		33					
	33		39		8	72		
	39		45		40	84		
	45		51		96	72		
	51		57		32	84		
	57		63		0	24		
	63		69		32	60		
	69		75		16	84		
	75		81		8	72		
	81		87		112			
	87		93		24	84		
	93		99		0			
	99		105		120	72		
	105		111		16	84		
	111		117		32			
line	12	438	119	438	009000
rect	16	450	114	475	001010
line	17	461	17	450	00c0c0
		450	43		
	43			461	007070
		461	17		
rect	18	451	43	461	009090
crop	19	450	25	462	16	60	00ffff	/fonts/computer
	25		31		56	48		
	31		37		64			
	37		43		32	60		
	43		49		0	24		
	49		55		16	48		
	55		61		40	84		
	61		67		72	72		
	67		73		96			
	73		79		32			
line	17	473	17	462	00c0c0
		462	43		
	43			473	007070
		473	17		
rect	18	463	43	473	009090
crop	19	462	25	474	96	48	00ffff	/fonts/computer
	25		31		40			
	31		37		48			
	37		43		32	60		
	43		49		0	24		
	49		55		104	48		
	55		61		8	72		
	61		67		72			
	67		73		112			
	73		79		0	24		
	79		85		104	48		
	85		91		40	72		
	91		97		112			
	97		103		40	84		
line	12	191	12	180	ffff00
		180	120		
	120			191	909000
		191	12		
rect	13	181	120	191	c0c000
crop	15	180	21	192	24	48	000000	/fonts/computer
	21		27		120			
	27		33		112			
	33		39		32	60		
	39		45		16			
	45		51		120	48		
	51		57		96			
	15	192	21	204	24		7fff7f	
	21		27		16	60		
	27		33		40			
	33		39		72	48		
	39		45		24	60		
	45		51		40	48		
	51		57		16	60		
draw	16	208	34	222	/sprites/501.SMIV/0
line	14	204	35	204	489048
			14	205	
	35		35		
	14	225		225	
			14	224	
	35		35		
rect	42	206	49	219	003870
		219		224	0060c0
line	40	204	50	204	00488f
			40	205	
	50		50		
	40	225		225	
			40	224	
	50		50		
rect	55	206	62	207	707000
		207		224	c0c000
line	53	204	63	204	909000
			53	205	
	63		63		
	53	225		225	
			53	224	
	63		63		
crop	69	204	75	216	0	60	7fff7f	/fonts/computer
	75		81		88	48		
	81		87		16			
	87		93		40			
	93		99		8			
	99		105		104			
	105		111		0	24		
	111		117		8	36		
	69	216	75	228	48	48		
	75		81		0	24		
	81		87			60		
	87		93		40			
	93		99		96	48		
	99		105		24	60		
	105		111		40	48		
	12	228	18	240	56		ff0000	
	18		24		40	84		
	24		30		112	72		
	30		36		24	84		
	36		42		64	72		
	42		48		72			
	48		54		0	84		
line	12	263	12	252	007fff
		252	120		
	120			263	00488f
		263	12		
rect	13	253	120	263	0060c0
crop	15	252	21	264	32	60	000000	/fonts/computer
	21		27		8	48		
	27		33		16	60		
	33		39		56	48		
	39		45		40			
	45		51		32	60		
line	14	276	35	276	489048
			14	277	
	35		35		
	14	297		297	
			14	296	
	35		35		
