point	376	323	808080
	370	438	
	565	43	
	603	87	d0d0d0
	550	359	808080
	513	160	d0d0d0
	251	127	808080
	302	409	
	579	412	b0b0b0
	321	393	
	484	394	808080
	183	377	
	245	194	
	339	245	b0b0b0
	380	354	808080
	204	94	b0b0b0
	307	310	
	555	52	
	597	224	
	403	190	
	148	110	808080
	595	267	b0b0b0
	423	197	808080
	162	271	b0b0b0
	563	377	d0d0d0
	299	165	808080
	268	360	b0b0b0
	457	311	
	291	209	808080
	535	3	d0d0d0
	243	285	808080
	336	251	
	578	368	b0b0b0
	426	448	808080
	160	79	
	307	389	d0d0d0
	348	336	808080
	287	138	
	157	479	
	443	119	d0d0d0
	363	429	808080
	606	139	
	458	360	b0b0b0
	237	327	d0d0d0
	314	294	808080
	198	86	
	187	357	
	535	302	
	289	178	d0d0d0
	598	391	
	457	458	b0b0b0
	360	383	
	234	173	
	338	387	
	235	410	808080
	421	315	
	268	477	b0b0b0
	471	246	808080
	311	55	
	495	475	
	425	478	
	514	314	b0b0b0
	515	48	
	242	132	
	433	349	808080
	225	460	b0b0b0
	212	277	808080
	403	406	b0b0b0
	490	213	808080
	564	204	d0d0d0
	353	19	
	156	380	808080
	255	148	
	435	463	
	410	355	b0b0b0
	236	327	808080
	353	451	
	303	455	
	305	384	d0d0d0
	320	27	
	406	430	b0b0b0
	203	463	
	131	195	d0d0d0
	372	241	808080
	376	104	b0b0b0
	157	276	
	404	160	d0d0d0
	544	234	b0b0b0
	574	89	808080
	169	247	b0b0b0
	580	143	d0d0d0
	566	291	808080
	241	161	
	504	101	
	579	46	
	306	192	b0b0b0
	562	263	808080
	238	17	
	271		b0b0b0
	385	111	
	602	379	808080
	458	27	
	342	173	b0b0b0
	335	218	808080
	329	330	b0b0b0
	205	88	d0d0d0
	186	474	
	268	455	
	220	52	
	174	395	b0b0b0
	499	120	d0d0d0
	267	144	
	178	414	b0b0b0
	536	108	808080
	494	247	b0b0b0
	329	52	d0d0d0
	315	268	808080
	189	294	d0d0d0
	164	238	808080
	161	147	
	588	308	d0d0d0
	567	33	b0b0b0
	290	446	808080
	471	132	
	180	212	
line	149	0	149	480	005000
	324		324		002850
	499		499		
	128	93	608	93	
		268		268	005000
		443		443	002850
rect	313	214	327	228	009000
triangle	519	205	525	211	c00000
	359	247	367	255	00c000
plus	362	234	372	244	00c000
triangle	319	220	321	222	00c000
	358	249	366	257	
	355	259	363	267	
dither	362	263	417	280	303000
crop	366	267	373	278	24	44	000000	/fonts/tactical
	373		380		16	77		
	380		387		40			
	387		394		72	66		
	394		401		24	77		
	401		408		40	66		
	408		415		16	77		
	365	266	372	277	24	44	ffff00	
	372		379		16	77		
	379		386		40			
	386		393		72	66		
	393		400		24	77		
	400		407		40	66		
	407		414		16	77		
line	566	242	553	234	489048
				249	
	553	234			204020
draw	0	0	128	480	/pictures/501.png
	608		640		/pictures/512.png
crop	29	159	35	171	0	36	ff0000	/fonts/computer
	35		41					
	41		47		16			
	102		108		0		ff7f00	
	108		114					
	114		120					
line	614	407	614	359	00488f
		359	622		
	622			407	002850
		407	614		
rect	615	360	622	407	003870
line	614	456	614	408	007fff
		408	622		
	622			456	00488f
		456	614		
rect	615	409	622	456	0070e0
line	614	231	614	231	909048
			622		
	622				505028
			614		
	614	328		232	ffff7f
		232	622		
	622			328	909048
		328	614		
rect	615	233	622	328	e0e070
line	614	186	614	103	904848
		103	622		
	622			186	502828
		186	614		
rect	615	104	622	186	703838
line	614	200	614	187	ff7f7f
		187	622		
	622			200	904848
		200	614		
rect	615	188	622	200	e07070
line	618	8	629	8	90488f
			618	9	
	629		629		
	618	36		36	
			618	35	
	629		629		
rect	620	10	628	35	703870
		35			c060c0
	634	49	636	52	7fff7f
		53		56	60c060
		57		60	
		61		64	
		65		68	
		69		72	7fff7f
		73		76	60c060
		77		80	
		81		84	703800
		85		88	
		89		92	904800
		93		96	183018
		97		100	
		101		104	
		105		108	
		109		112	
		113		116	
		117		120	
		121		124	
		125		128	
		129		132	
		133		136	
		137		140	
		141		144	
		145		148	
		149		152	
		153		156	
		157		160	
		161		164	
		165		168	
		169		172	
		173		176	
		177		180	
		181		184	
		185		188	
		189		192	
		193		196	
		197		200	
		201		204	
		205		208	
		209		212	
		213		216	
		217		220	
		221		224	
		225		228	
		229		232	
		233		236	
		237		240	
		241		244	
		245		248	
		249		252	
		253		256	
		257		260	
		261		264	
		265		268	
		269		272	
		273		276	
		277		280	
		281		284	
		285		288	
		289		292	
		293		296	
		297		300	
		301		304	
		305		308	
		309		312	
		313		316	
		317		320	
		321		324	
		325		328	
		329		332	
		333		336	
		337		340	
		341		344	
		345		348	
		349		352	
		353		356	
		357		360	
		361		364	
		365		368	
		369		372	
		373		376	
		377		380	
		381		384	
		385		388	
		389		392	
		393		396	
		397		400	
		401		404	
		405		408	
		409		412	
		413		416	
		417		420	
		421		424	
		425		428	
		429		432	
		433		436	
		437		440	
		441		444	
		445		448	
	621	52	631	56	303000
		57		61	
		62		66	
		67		71	
		72		76	
		77		81	
		82		86	
	7	7	115	115	00ff00
	8	8	114	114	001000
					003000
point	97	54	00e000
	50	57	
	60	63	
	50	57	
	59	66	
	60	64	
rect	12	320	121	440	001000
crop	15	320	21	332	16	48	00ff00	/fonts/computer
	21		27		40	60		
	27		33		72	48		
	33		39		96			
	39		45		32			
	45		51		0	24		
	51		57		24	60		
	57		63		64	48		
	63		69		72			
	69		75		0	60		
	75		81		24			
line	12	342	119	342	009000
crop	15	332	21	344	48	48	00ff00	/fonts/computer
	21		27		8	72		
	27		33		112			
	33		39		24	84		
	39		45		72	72		
	45		51		0	24		
	51		57		8	48		
	57		63		96	72		
	63		69		0	84		
	69		75		64	72		
	75		81		8			
	15	344	21	356	48	48		
	21		27		72	72		
	27		33		56			
	33		39		64			
	39		45		32	84		
	45		51		40	72		
	51		57		16	84		
	15	356	21	368	24	48		
	21		27		16	84		
	27		33		40			
	33		39		72	72		
	39		45		24	84		
	45		51		40	72		
	51		57		16	84		
line	12	379	12	368	009000
		368	120		
	120			379	005000
		379	12		
rect	13	369	120	379	007000
crop	15	368	21	380	56	48	003000	/fonts/computer
	21		27		40	84		
	27		33		112	72		
	33		39		24	84		
	39		45		64	72		
	45		51		72			
	51		57		0	84		
	15	380	21	392	32	60	00ff00	
	21		27		16	84		
	27		33		8	72		
	33		39		112			
	39		45		24	84		
	45		51		0			
	51		57		120	72		
	57		63		16	84		
	63		69		32			
	15	392	21	404	40	48		
	21		27		112	72		
	27		33		56			
	33		39		72			
	39		45		112			
	45		51		40			
	51		57					
	57		63		16	84		
	63		69		0	24		
	69		75			60		
	75		81		120	72		
	81		87		32			
	15	404	21	416	8	48	009000	
	21		27		24	84		
	27		33					
	33		39		8	72		
	39		45		40	84		
	45		51		96	72		
	51		57		32	84		
	57		63		0	24		
	63		69		32	60		
	69		75		16	84		
	75		81		8	72		
	81		87		112			
	87		93		24	84		
	93		99		0			
	99		105		120	72		
	105		111		16	84		
	111		117		32			
line	12	438	119	438	009000
rect	16	450	114	475	001010
line	17	461	17	450	00c0c0
		450	43		
	43			461	007070
		461	17		
rect	18	451	43	461	009090
crop	19	450	25	462	16	60	00ffff	/fonts/computer
	25		31		56	48		
	31		37		64			
	37		43		32	60		
	43		49		0	24		
	49		55		16	48		
	55		61		40	84		
	61		67		72	72		
	67		73		96			
	73		79		32			
line	17	473	17	462	00c0c0
		462	43		
	43			473	007070
		473	17		
rect	18	463	43	473	009090
crop	19	462	25	474	96	48	00ffff	/fonts/computer
	25		31		40			
	31		37		48			
	37		43		32	60		
	43		49		0	24		
	49		55		104	48		
	55		61		8	72		
	61		67		72			
	67		73		112			
	73		79		0	24		
	79		85		104	48		
	85		91		40	72		
	91		97		112			
	97		103		40	84		
line	12	191	12	180	ffff00
		180	120		
	120			191	909000
		191	12		
rect	13	181	120	191	c0c000
crop	15	180	21	192	24	48	000000	/fonts/computer
	21		27		120			
	27		33		112			
	33		39		32	60		
	39		45		16			
	45		51		120	48		
	51		57		96			
	15	192	21	204	24		7fff7f	
	21		27		16	60		
	27		33		40			
	33		39		72	48		
	39		45		24	60		
	45		51		40	48		
	51		57		16	60		
draw	16	208	34	222	/sprites/501.SMIV/0
line	14	204	35	204	489048
			14	205	
	35		35		
	14	225		225	
			14	224	
	35		35		
rect	42	206	49	209	003870
		209		224	0060c0
line	40	204	50	204	00488f
			40	205	
	50		50		
	40	225		225	
			40	224	
	50		50		
rect	55	206	62	207	707000
		207		224	c0c000
line	53	204	63	204	909000
			53	205	
	63		63		
	53	225		225	
			53	224	
	63		63		
crop	69	204	75	216	0	60	7fff7f	/fonts/computer
	75		81		88	48		
	81		87		16			
	87		93		40			
	93		99		8			
	99		105		104			
	105		111		0	24		
	111		117		8	36		
	69	216	75	228	48	48		
	75		81		0	24		
	81		87			60		
	87		93		40			
	93		99		96	48		
	99		105		24	60		
	105		111		40	48		
	12	228	18	240	8		00ff00	
	18		24		24	84		
	24		30					
	30		36		8	72		
	36		42		40	84		
	42		48		96	72		
	48		54		32	84		
	54		60		0	24		
	60		66		32	60		
	66		72		16	84		
	72		78		8	72		
	78		84		112			
	84		90		24	84		
	90		96		0			
	96		102		120	72		
	102		108		16	84		
	108		114		32			
line	12	263	12	252	007fff
		252	120		
	120			263	00488f
		263	12		
rect	13	253	120	263	0060c0
crop	15	252	21	264	32	60	000000	/fonts/computer
	21		27		8	48		
	27		33		16	60		
	33		39		56	48		
	39		45		40			
	45		51		32	60		
	15	264	21	276	8	48	7fff7f	
	21		27		24	60		
	27		33		96	48		
	33		39		32	60		
	39		45					
	45		51		16			
	51		57		8	48		
	57		63		112			
draw	16	280	34	294	/sprites/559.SMIV/0
line	14	276	35	276	489048
			14	277	
	35		35		
	14	297		297	
			14	296	
	35		35		
rect	42	278	49	287	003870
		287		296	0060c0
line	40	276	50	276	00488f
			40	277	
	50		50		
	40	297		297	
			40	296	
	50		50		
rect	55	278	62	279	707000
		279		296	c0c000
line	53	276	63	276	909000
			53	277	
	63		63		
	53	297		297	
			53	296	
	63		63		
crop	69	276	75	288	0	60	7fff7f	/fonts/computer
	75		81		88	48		
	81		87		16			
	87		93		40			
	93		99		8			
	99		105		104			
	105		111		0	24		
	111		117		16	36		
	69	288	75	300	24	48		
	75		81		104			
	81		87		72			
	87		93		24	60		
	93		99					
	99		105		72	48		
	105		111		96			
	111		117		40			
	69	264	75	276	8			
	75		81		24	60		
	81		87		96	48		
	87		93		32	60		
	93		99					
	99		105		40	48		
	105		111		8			
	111		117		104			
