point	335	202	808080
	330	318	
	167	260	d0d0d0
	231	401	808080
	509	239	
	323	438	
	211	7	
	262	288	
	517	232	b0b0b0
	259	213	
	443	274	808080
	226	447	
	204	73	
	278	65	b0b0b0
	339	233	808080
	139	443	
	246	130	b0b0b0
	376	393	808080
	535	44	b0b0b0
	342	10	
	580	289	d0d0d0
	534	87	b0b0b0
	382	77	808080
	589	308	
	482	137	d0d0d0
	259	45	808080
	206	180	b0b0b0
	396	131	
	251	89	808080
	274	298	b0b0b0
	202	165	808080
	295	131	
	516	188	b0b0b0
	385	328	808080
	260	359	b0b0b0
	440	414	808080
	307	215	
	246	18	
	163	292	
	461	416	
	322	309	
	565	19	
	397	180	b0b0b0
	596	336	
	273	174	808080
	384	336	b0b0b0
	156	193	
	494	181	808080
	194	390	d0d0d0
	517	151	
	396	278	b0b0b0
	299	203	
	155	24	808080
	276	207	b0b0b0
	195	289	808080
	380	195	
	191	231	b0b0b0
	431	126	808080
	134	115	
	257	288	b0b0b0
	210	197	d0d0d0
	452	133	b0b0b0
	520	346	
	193	250	d0d0d0
	392	229	808080
	177	239	
	174	57	
	341	226	b0b0b0
	450	92	808080
	388	452	b0b0b0
	465	312	
	595	313	808080
	214	28	
	394	342	
	349	175	b0b0b0
	195	207	808080
	313	331	
	262	335	
	175	17	
	461	371	
	345	249	b0b0b0
	360	282	
	428	383	d0d0d0
	331	121	808080
	207	428	
	528	362	
	396	438	
	482	54	b0b0b0
	433	448	808080
	593	234	
	139	419	
	525	171	
	201	40	
	546	460	
	152	138	d0d0d0
	245	12	b0b0b0
	522	142	808080
	143	248	
	192	263	d0d0d0
	249	387	
	561	259	808080
	266	295	d0d0d0
	386	469	
	295	98	808080
	268	149	b0b0b0
	604	57	808080
	460	356	
	131	277	
	269	349	d0d0d0
	175	359	
	253		
	186	34	
	596	32	b0b0b0
	203	462	
	433	66	
	525	337	
	274	148	808080
	596	396	d0d0d0
	598	346	b0b0b0
	596	126	
	507	68	d0d0d0
	164	380	808080
	249	326	
	430	12	
	146	165	b0b0b0
line	161	0	161	480	000050
	439		439		
	128	40	608	40	
		318		318	005000
draw	405	401	413	410	/sprites/512.SMIV/9
	436	265	453	280	/sprites/501.SMIV/15
	357	231	378	244	/sprites/559.SMIV/18
	451	458	468	473	/sprites/501.SMIV/9
	329	279	346	294	/sprites/501.SMIV/10
	189	228	197	231	/sprites/528.SMIV/8
dither	460	459	515	476	303000
crop	464	463	471	474	24	44	000000	/fonts/tactical
	471		478		16	77		
	478		485		40			
	485		492		72	66		
	492		499		24	77		
	499		506		40	66		
	506		513		16	77		
	463	462	470	473	24	44	ffff00	
	470		477		16	77		
	477		484		40			
	484		491		72	66		
	491		498		24	77		
	498		505		40	66		
	505		512		16	77		
line	169	215	181	224	489048
			183	209	
	181	224			204020
draw	0	0	128	480	/pictures/501.png
	608		640		/pictures/512.png
crop	29	159	35	171	0	36	ff0000	/fonts/computer
	35		41					
	41		47		16			
	102		108		0		ff7f00	
	108		114					
	114		120					
line	614	407	614	359	00488f
		359	622		
	622			407	002850
		407	614		
rect	615	360	622	407	003870
line	614	456	614	408	007fff
		408	622		
	622			456	00488f
		456	614		
rect	615	409	622	456	0070e0
line	614	232	614	231	909048
		231	622		
	622			232	505028
		232	614		
	614	328		233	ffff7f
		233	622		
	622			328	909048
		328	614		
rect	615	234	622	328	e0e070
line	614	192	614	103	904848
		103	622		
	622			192	502828
		192	614		
rect	615	104	622	192	703838
line	614	200	614	193	ff7f7f
		193	622		
	622			200	904848
		200	614		
rect	615	194	622	200	e07070
line	618	8	629	8	90488f
			618	9	
	629		629		
	618	36		36	
			618	35	
	629		629		
rect	620	10	628	35	703870
		35			c060c0
	634	49	636	52	7fff7f
		53		56	60c060
		57		60	
		61		64	
		65		68	
		69		72	7fff7f
		73		76	60c060
		77		80	
		81		84	
		85		88	
		89		92	904800
		93		96	183018
		97		100	
		101		104	
		105		108	
		109		112	
		113		116	
		117		120	
		121		124	
		125		128	
		129		132	
		133		136	
		137		140	
		141		144	
		145		148	
		149		152	
		153		156	
		157		160	
		161		164	
		165		168	
		169		172	
		173		176	
		177		180	
		181		184	
		185		188	
		189		192	
		193		196	
		197		200	
		201		204	
		205		208	
		209		212	
		213		216	
		217		220	
		221		224	
		225		228	
		229		232	
		233		236	
		237		240	
		241		244	
		245		248	
		249		252	
		253		256	
		257		260	
		261		264	
		265		268	
		269		272	
		273		276	
		277		280	
		281		284	
		285		288	
		289		292	
		293		296	
		297		300	
		301		304	
		305		308	
		309		312	
		313		316	
		317		320	
		321		324	
		325		328	
		329		332	
		333		336	
		337		340	
		341		344	
		345		348	
		349		352	
		353		356	
		357		360	
		361		364	
		365		368	
		369		372	
		373		376	
		377		380	
		381		384	
		385		388	
		389		392	
		393		396	
		397		400	
		401		404	
		405		408	
		409		412	
		413		416	
		417		420	
		421		424	
		425		428	
		429		432	
		433		436	
		437		440	
		441		444	
		445		448	
	621	52	631	56	303000
		57		61	
		62		66	
		67		71	
		72		76	
		77		81	
		82		86	
	7	7	115	115	00ff00
	8	8	114	114	001000
	53	53	69	69	003000
point	62	67	00e000
	43	54	
	63	62	
	44	55	
	43	54	
	55	61	
	60	62	
	64	69	
rect	12	320	121	440	001000
crop	15	320	21	332	16	48	00ff00	/fonts/computer
	21		27		40	60		
	27		33		72	48		
	33		39		96			
	39		45		32			
	45		51		0	24		
	51		57		24	60		
	57		63		64	48		
	63		69		72			
	69		75		0	60		
	75		81		24			
line	12	342	119	342	009000
crop	15	332	21	344	48	48	00ff00	/fonts/computer
	21		27		8	72		
	27		33		112			
	33		39		24	84		
	39		45		72	72		
	45		51		0	24		
	51		57		8	48		
	57		63		96	72		
	63		69		0	84		
	69		75		64	72		
	75		81		8			
	15	344	21	356	48	48		
	21		27		72	72		
	27		33		56			
	33		39		64			
	39		45		32	84		
	45		51		40	72		
	51		57		16	84		
	15	356	21	368	24	48		
	21		27		16	84		
	27		33		40			
	33		39		72	72		
	39		45		24	84		
	45		51		40	72		
	51		57		16	84		
line	12	379	12	368	009000
		368	120		
	120			379	005000
		379	12		
rect	13	369	120	379	007000
crop	15	368	21	380	56	48	003000	/fonts/computer
	21		27		40	84		
	27		33		112	72		
	33		39		24	84		
	39		45		64	72		
	45		51		72			
	51		57		0	84		
	15	380	21	392	32	60	00ff00	
	21		27		16	84		
	27		33		8	72		
	33		39		112			
	39		45		24	84		
	45		51		0			
	51		57		120	72		
	57		63		16	84		
	63		69		32			
	15	392	21	404	40	48		
	21		27		112	72		
	27		33		56			
	33		39		72			
	39		45		112			
	45		51		40			
	51		57					
	57		63		16	84		
	63		69		0	24		
	69		75			60		
	75		81		120	72		
	81		87		32			
	15	404	21	416	8	48		
	21		27		24	84		
	27		33					
	33		39		8	72		
	39		45		40	84		
	45		51		96	72		
	51		57		32	84		
	57		63		0	24		
	63		69		32	60		
	69		75		16	84		
	75		81		8	72		
	81		87		112			
	87		93		24	84		
	93		99		0			
	99		105		120	72		
	105		111		16	84		
	111		117		32			
line	12	438	119	438	009000
rect	16	450	114	475	001010
line	17	461	17	450	00c0c0
		450	43		
	43			461	007070
		461	17		
rect	18	451	43	461	009090
crop	19	450	25	462	16	60	00ffff	/fonts/computer
	25		31		56	48		
	31		37		64			
	37		43		32	60		
	43		49		0	24		
	49		55		16	48		
	55		61		40	84		
	61		67		72	72		
	67		73		96			
	73		79		32			
line	17	473	17	462	00c0c0
		462	43		
	43			473	007070
		473	17		
rect	18	463	43	473	009090
crop	19	462	25	474	96	48	00ffff	/fonts/computer
	25		31		40			
	31		37		48			
	37		43		32	60		
	43		49		0	24		
	49		55		104	48		
	55		61		8	72		
	61		67		72			
	67		73		112			
	73		79		0	24		
	79		85		104	48		
	85		91		40	72		
	91		97		112			
	97		103		40	84		
line	12	191	12	180	ffff00
		180	120		
	120			191	909000
		191	12		
rect	13	181	120	191	c0c000
crop	15	180	21	192	24	48	000000	/fonts/computer
	21		27		120			
	27		33		112			
	33		39		32	60		
	39		45		16			
	45		51		120	48		
	51		57		96			
	15	192	21	204	24		7fff7f	
	21		27		16	60		
	27		33		40			
	33		39		72	48		
	39		45		24	60		
	45		51		40	48		
	51		57		16	60		
draw	16	208	34	222	/sprites/501.SMIV/0
line	14	204	35	204	489048
			14	205	
	35		35		
	14	225		225	
			14	224	
	35		35		
rect	42	206	49	209	003870
		209		224	0060c0
line	40	204	50	204	00488f
			40	205	
	50		50		
	40	225		225	
			40	224	
	50		50		
rect	55	206	62	207	707000
		207		224	c0c000
line	53	204	63	204	909000
			53	205	
	63		63		
	53	225		225	
			53	224	
	63		63		
crop	69	204	75	216	0	60	7fff7f	/fonts/computer
	75		81		88	48		
	81		87		16			
	87		93		40			
	93		99		8			
	99		105		104			
	105		111		0	24		
	111		117		8	36		
	69	216	75	228	48	48		
	75		81		0	24		
	81		87			60		
	87		93		40			
	93		99		96	48		
	99		105		24	60		
	105		111		40	48		
	12	228	18	240	8		00ff00	
	18		24		24	84		
	24		30					
	30		36		8	72		
	36		42		40	84		
	42		48		96	72		
	48		54		32	84		
	54		60		0	24		
	60		66		32	60		
	66		72		16	84		
	72		78		8	72		
	78		84		112			
	84		90		24	84		
	90		96		0			
	96		102		120	72		
	102		108		16	84		
	108		114		32			
line	12	263	12	252	007fff
		252	120		
	120			263	00488f
		263	12		
rect	13	253	120	263	0060c0
crop	15	252	21	264	32	60	000000	/fonts/computer
	21		27		8	48		
	27		33		16	60		
	33		39		56	48		
	39		45		40			
	45		51		32	60		
	15	264	21	276	8	48	7fff7f	
	21		27		24	60		
	27		33		96	48		
	33		39		32	60		
	39		45					
	45		51		16			
	51		57		8	48		
	57		63		112			
draw	16	280	34	294	/sprites/559.SMIV/0
line	14	276	35	276	489048
			14	277	
	35		35		
	14	297		297	
			14	296	
	35		35		
rect	42	278	49	287	003870
		287		296	0060c0
line	40	276	50	276	00488f
			40	277	
	50		50		
	40	297		297	
			40	296	
	50		50		
rect	55	278	62	279	707000
		279		296	c0c000
line	53	276	63	276	909000
			53	277	
	63		63		
	53	297		297	
			53	296	
	63		63		
crop	69	276	75	288	0	60	7fff7f	/fonts/computer
	75		81		88	48		
	81		87		16			
	87		93		40			
	93		99		8			
	99		105		104			
	105		111		0	24		
	111		117		16	36		
	69	288	75	300	24	48		
	75		81		104			
	81		87		72			
	87		93		24	60		
	93		99					
	99		105		72	48		
	105		111		96			
	111		117		40			
	69	264	75	276	8			
	75		81		24	60		
	81		87		96	48		
	87		93		32	60		
	93		99					
	99		105		40	48		
	105		111		8			
	111		117		104			
