point	508	92	808080
	502	207	
	320	26	
	403	290	
	274	103	d0d0d0
	326	327	808080
	154	126	
	434	178	
	565	372	d0d0d0
	518	47	b0b0b0
	142	79	d0d0d0
	148	362	b0b0b0
	321	424	
	289	206	d0d0d0
	512	123	808080
	367	331	
	339	443	b0b0b0
	549	283	808080
	252	88	
	460	323	b0b0b0
	350	135	
	250	174	808080
	422	446	
	432	338	d0d0d0
	192	304	808080
	452	382	b0b0b0
	465	14	
	333	445	
	322	447	
	533	133	
	375	54	808080
	468	20	
	148	323	
	558	217	
	519	193	b0b0b0
	482	253	d0d0d0
	479	105	808080
	300	48	
	335	181	
	561	305	
	495	198	
	259	354	
	422	473	d0d0d0
	370	96	b0b0b0
	446	63	808080
	152	409	
	547	299	d0d0d0
	243	306	
	308	374	808080
	292	222	
	160	187	
	557	37	b0b0b0
	149	29	
	535	41	
	367	179	808080
	553	84	
	450	66	b0b0b0
	603	16	808080
	265	450	b0b0b0
	516	123	
	511	455	d0d0d0
	159	55	
	580	461	808080
	538	30	d0d0d0
	565	118	808080
	349	128	
	383	425	
	600	60	b0b0b0
	485	444	d0d0d0
	461	349	808080
	281	70	d0d0d0
	157	59	b0b0b0
	440	356	
	567	232	808080
	607	9	b0b0b0
	368	96	808080
	485	221	
	435	224	
	306	33	d0d0d0
	153	444	808080
	604	84	b0b0b0
	139	411	
	594	320	808080
	504	10	
	157	206	b0b0b0
	313	106	d0d0d0
	273	108	808080
	577	404	
	222	7	
	286	158	
	427	307	
	262	87	b0b0b0
	207	241	808080
	393	189	d0d0d0
	222	413	808080
	566	375	
	300	312	d0d0d0
	410	171	b0b0b0
	538	43	d0d0d0
	587	167	
	278	15	b0b0b0
	132	396	808080
	597	249	d0d0d0
	473	466	808080
	344	467	
	215	0	
	174	440	d0d0d0
	326	452	b0b0b0
	371	218	d0d0d0
	265	23	b0b0b0
	394	240	d0d0d0
	265	266	
	330	322	808080
	610	235	d0d0d0
	403	380	b0b0b0
	304	159	
	447	38	808080
	540	347	b0b0b0
	552	358	
	296	18	808080
	238	263	
	337	269	
	422	215	
	509	284	d0d0d0
	312	344	808080
line	283	0	283	480	000050
	128	61	608	61	
	40	275	58	274	00ff00
draw	559	-16	591	12	/sprites/501.SMIV/20
	348	224	388	248	/sprites/559.SMIV/18
	541	376	557	391	/sprites/512.SMIV/16
	349	202	381	232	/sprites/501.SMIV/14
	158	394	186	422	/sprites/501.SMIV/11
	313	291	325	303	/sprites/507.SMIV/7
	368	184	374	192	/sprites/513.SMIV/2
	495	95	507	105	/sprites/508.SMIV/0
	375	287	391	294	/sprites/528.SMIV/8
	287	226	367		/sprites/504.SMIV/7
dither	359	229	414	246	303000
tint	363	233	371	245	000000	/font/5000/43
	370		378			/font/5000/72
	377		385			/font/5000/75
	384		392			/font/5000/69
	391		399			/font/5000/73
	398		406			/font/5000/65
	405		413			/font/5000/72
	362	232	370	244	ffff00	/font/5000/43
	369		377			/font/5000/72
	376		384			/font/5000/75
	383		391			/font/5000/69
	390		398			/font/5000/73
	397		405			/font/5000/65
	404		412			/font/5000/72
line	170	264	184	270	489048
			182	255	
	184	270			204020
draw	0	0	128	480	/pictures/501.png
	608		640		/pictures/512.png
tint	29	159	37	172	ff0000	/font/5001/30
	35		43			
	41		49			
	102		110		ff7f00	
	108		116			
	114		122			
line	614	409	614	359	00488f
		359	622		
	622			409	002850
		409	614		
rect	615	360	622	409	003870
line	614	456	614	410	007fff
		410	622		
	622			456	00488f
		456	614		
rect	615	411	622	456	0070e0
line	614	242	614	231	909048
		231	622		
	622			242	505028
		242	614		
rect	615	232	622	242	707038
line	614	328	614	243	ffff7f
		243	622		
	622			328	909048
		328	614		
rect	615	244	622	328	e0e070
line	614	200	614	103	904848
		103	622		
	622			200	502828
		200	614		
rect	615	104	622	200	703838
line	618	8	629	8	90488f
			618	9	
	629		629		
	618	36		36	
			618	35	
	629		629		
rect	620	10	628	35	703870
		35			c060c0
	634	49	636	52	7fff7f
		53		56	60c060
		57		60	
		61		64	
		65		68	703800
		69		72	904800
		73		76	703800
		77		80	
		81		84	
		85		88	
		89		92	904800
		93		96	183018
		97		100	
		101		104	
		105		108	
		109		112	
		113		116	
		117		120	
		121		124	
		125		128	
		129		132	
		133		136	
		137		140	
		141		144	
		145		148	
		149		152	
		153		156	
		157		160	
		161		164	
		165		168	
		169		172	
		173		176	
		177		180	
		181		184	
		185		188	
		189		192	
		193		196	
		197		200	
		201		204	
		205		208	
		209		212	
		213		216	
		217		220	
		221		224	
		225		228	
		229		232	
		233		236	
		237		240	
		241		244	
		245		248	
		249		252	
		253		256	
		257		260	
		261		264	
		265		268	
		269		272	
		273		276	
		277		280	
		281		284	
		285		288	
		289		292	
		293		296	
		297		300	
		301		304	
		305		308	
		309		312	
		313		316	
		317		320	
		321		324	
		325		328	
		329		332	
		333		336	
		337		340	
		341		344	
		345		348	
		349		352	
		353		356	
		357		360	
		361		364	
		365		368	
		369		372	
		373		376	
		377		380	
		381		384	
		385		388	
		389		392	
		393		396	
		397		400	
		401		404	
		405		408	
		409		412	
		413		416	
		417		420	
		421		424	
		425		428	
		429		432	
		433		436	
		437		440	
		441		444	
		445		448	
	621	52	631	56	303000
		57		61	
		62		66	
		67		71	
		72		76	
		77		81	
		82		86	
	7	7	115	115	00ff00
	8	8	114	114	001000
	57	57	65	65	003000
point	38	57	00e000
	65		
	39		
	38		
	64	63	
	68	60	
	55	61	
	61		
	58	64	
	49	59	
	63		
	61	61	
			
	60	62	
	61	60	
rect	12	320	121	440	001000
tint	15	320	23	333	00ff00	/font/5001/42
	21		29			/font/5001/55
	27		35			/font/5001/49
	33		41			/font/5001/4c
	39		47			/font/5001/44
	45		53			/font/5001/20
	51		59			/font/5001/53
	57		65			/font/5001/48
	63		71			/font/5001/49
	69		77			/font/5001/50
	75		83			/font/5001/53
line	12	342	119	342	009000
tint	15	332	23	345	00ff00	/font/5001/46
	21		29			/font/5001/61
	27		35			/font/5001/6e
	33		41			/font/5001/73
	39		47			/font/5001/69
	45		53			/font/5001/20
	51		59			/font/5001/41
	57		65			/font/5001/6c
	63		71			/font/5001/70
	69		77			/font/5001/68
	75		83			/font/5001/61
	15	344	23	357		/font/5001/46
	21		29			/font/5001/69
	27		35			/font/5001/67
	33		41			/font/5001/68
	39		47			/font/5001/74
	45		53			/font/5001/65
	51		59			/font/5001/72
	15	356	23	369	009000	/font/5001/43
	21		29			/font/5001/72
	27		35			/font/5001/75
	33		41			/font/5001/69
	39		47			/font/5001/73
	45		53			/font/5001/65
	51		59			/font/5001/72
line	12	379	12	368	009000
		368	120		
	120			379	005000
		379	12		
rect	13	369	120	379	007000
tint	15	368	23	381	003000	/font/5001/47
	21		29			/font/5001/75
	27		35			/font/5001/6e
	33		41			/font/5001/73
	39		47			/font/5001/68
	45		53			/font/5001/69
	51		59			/font/5001/70
	15	380	23	393	009000	/font/5001/54
	21		29			/font/5001/72
	27		35			/font/5001/61
	33		41			/font/5001/6e
	39		47			/font/5001/73
	45		53			/font/5001/70
	51		59			/font/5001/6f
	57		65			/font/5001/72
	63		71			/font/5001/74
	15	392	23	405		/font/5001/45
	21		29			/font/5001/6e
	27		35			/font/5001/67
	33		41			/font/5001/69
	39		47			/font/5001/6e
	45		53			/font/5001/65
	51		59			
	57		65			/font/5001/72
	63		71			/font/5001/20
	69		77			/font/5001/50
	75		83			/font/5001/6f
	81		89			/font/5001/64
	15	404	23	417		/font/5001/41
	21		29			/font/5001/73
	27		35			
	33		41			/font/5001/61
	39		47			/font/5001/75
	45		53			/font/5001/6c
	51		59			/font/5001/74
	57		65			/font/5001/20
	63		71			/font/5001/54
	69		77			/font/5001/72
	75		83			/font/5001/61
	81		89			/font/5001/6e
	87		95			/font/5001/73
	93		101			/font/5001/70
	99		107			/font/5001/6f
	105		113			/font/5001/72
	111		119			/font/5001/74
line	12	438	119	438	009000
rect	16	450	114	475	001010
line	17	461	17	450	00c0c0
		450	43		
	43			461	007070
		461	17		
rect	18	451	43	461	009090
tint	19	450	27	463	00ffff	/font/5001/52
	25		33			/font/5001/47
	31		39			/font/5001/48
	37		45			/font/5001/54
	43		51			/font/5001/20
	49		57			/font/5001/42
	55		63			/font/5001/75
	61		69			/font/5001/69
	67		75			/font/5001/6c
	73		81			/font/5001/64
line	17	473	17	462	00c0c0
		462	43		
	43			473	007070
		473	17		
rect	18	463	43	473	009090
tint	19	462	27	475	00ffff	/font/5001/4c
	25		33			/font/5001/45
	31		39			/font/5001/46
	37		45			/font/5001/54
	43		51			/font/5001/20
	49		57			/font/5001/4d
	55		63			/font/5001/61
	61		69			/font/5001/69
	67		75			/font/5001/6e
	73		81			/font/5001/20
	79		87			/font/5001/4d
	85		93			/font/5001/65
	91		99			/font/5001/6e
	97		105			/font/5001/75
rect	12	180	120	192	000000
line	12	191	12	180	ffff00
		180	119		
	119			191	909000
		191	12		
rect	13	181	119	191	c0c000
tint	15	180	23	193	000000	/font/5001/43
	21		29			/font/5001/4f
	27		35			/font/5001/4e
	33		41			/font/5001/54
	39		47			/font/5001/52
	45		53			/font/5001/4f
	51		59			/font/5001/4c
rect	12	192	120	204	000000
tint	15	192	23	205	7fff7f	/font/5001/43
	21		29			/font/5001/52
	27		35			/font/5001/55
	33		41			/font/5001/49
	39		47			/font/5001/53
	45		53			/font/5001/45
	51		59			/font/5001/52
rect	14	204	36	226	000000
draw	16	208	34	222	/sprites/501.SMIV/0
line	14	204	35	204	489048
			14	205	
	35		35		
	14	225		225	
			14	224	
	35		35		
rect	40	204	51	226	000000
	42	206	49	209	003870
		209		224	0060c0
line	40	204	50	204	00488f
			40	205	
	50		50		
	40	225		225	
			40	224	
	50		50		
rect	53	204	64	226	000000
	55	206	62	207	707000
		207		224	c0c000
line	53	204	63	204	909000
			53	205	
	63		63		
	53	225		225	
			53	224	
	63		63		
rect	69	204	120	216	000000
tint	69	204	77	217	7fff7f	/font/5001/50
	75		83			/font/5001/4b
	81		89			/font/5001/42
	87		95			/font/5001/45
	93		101			/font/5001/41
	99		107			/font/5001/4d
	105		113			/font/5001/20
	111		119			/font/5001/31
rect	69	216	120	228	000000
tint	69	216	77	229	7fff7f	/font/5001/46
	75		83			/font/5001/20
	81		89			/font/5001/50
	87		95			/font/5001/55
	93		101			/font/5001/4c
	99		107			/font/5001/53
	105		113			/font/5001/45
rect	69	192	120	204	000000
	12	228		240	
tint	12	228	20	241	00ff00	/font/5001/41
	18		26			/font/5001/73
	24		32			
	30		38			/font/5001/61
	36		44			/font/5001/75
	42		50			/font/5001/6c
	48		56			/font/5001/74
	54		62			/font/5001/20
	60		68			/font/5001/54
	66		74			/font/5001/72
	72		80			/font/5001/61
	78		86			/font/5001/6e
	84		92			/font/5001/73
	90		98			/font/5001/70
	96		104			/font/5001/6f
	102		110			/font/5001/72
	108		116			/font/5001/74
rect	12	252	120	264	000000
line	12	263	12	252	007fff
		252	119		
	119			263	00488f
		263	12		
rect	13	253	119	263	0060c0
tint	15	252	23	265	000000	/font/5001/54
	21		29			/font/5001/41
	27		35			/font/5001/52
	33		41			/font/5001/47
	39		47			/font/5001/45
	45		53			/font/5001/54
rect	12	264	120	276	000000
tint	15	264	23	277	7fff7f	/font/5001/41
	21		29			/font/5001/53
	27		35			/font/5001/4c
	33		41			/font/5001/54
	39		47			
	45		53			/font/5001/52
	51		59			/font/5001/41
	57		65			/font/5001/4e
rect	14	276	36	298	000000
draw	16	280	34	294	/sprites/559.SMIV/0
line	14	276	35	276	489048
			14	277	
	35		35		
	14	297		297	
			14	296	
	35		35		
rect	40	276	51	298	000000
	42	278	49	288	003870
		288		296	0060c0
line	40	276	50	276	00488f
			40	277	
	50		50		
	40	297		297	
			40	296	
	50		50		
rect	53	276	64	298	000000
	55	278	62	280	707000
		280		296	c0c000
line	53	276	63	276	909000
			53	277	
	63		63		
	53	297		297	
			53	296	
	63		63		
rect	69	276	120	288	000000
tint	69	276	77	289	7fff7f	/font/5001/50
	75		83			/font/5001/4b
	81		89			/font/5001/42
	87		95			/font/5001/45
	93		101			/font/5001/41
	99		107			/font/5001/4d
	105		113			/font/5001/20
	111		119			/font/5001/32
rect	69	288	120	300	000000
tint	69	288	77	301	7fff7f	/font/5001/43
	75		83			/font/5001/4d
	81		89			/font/5001/49
	87		95			/font/5001/53
	93		101			
	99		107			/font/5001/49
	105		113			/font/5001/4c
	111		119			/font/5001/45
rect	69	264	120	276	000000
tint	69	264	77	277	7fff7f	/font/5001/41
	75		83			/font/5001/53
	81		89			/font/5001/4c
	87		95			/font/5001/54
	93		101			
	99		107			/font/5001/45
	105		113			/font/5001/41
	111		119			/font/5001/4d
rect	12	300	120	312	000000
