point	229	295	b0b0b0
	191	122	808080
	488	9	
	572	274	
	131	462	d0d0d0
	494	310	808080
	323	109	
	603	161	
	350	171	b0b0b0
	291	405	
	479	46	d0d0d0
	400	336	b0b0b0
	574	399	
	145	298	
	271	50	d0d0d0
	536	314	808080
	591	418	b0b0b0
	237	37	808080
	421	72	
	267	249	d0d0d0
	602	110	b0b0b0
	419	157	808080
	590	429	
	290	222	d0d0d0
	360	287	808080
	257	311	d0d0d0
	445	463	
	586	419	b0b0b0
	575	422	
	247	448	808080
	543	37	
	170	224	b0b0b0
	317	306	808080
	246	207	
	345	404	d0d0d0
	340	417	
	168	112	808080
	469	31	
	504	165	
	371	310	d0d0d0
	183	275	808080
	427	337	
	243	209	b0b0b0
	146	417	d0d0d0
	142	250	
	321	392	808080
	404	428	d0d0d0
	581	273	
	477	357	808080
	461	205	
	329	170	
	330	418	b0b0b0
	460	3	
	368	107	d0d0d0
	536	162	808080
	241	212	
	254	174	d0d0d0
	292	224	808080
	517	424	b0b0b0
	193	458	
	369	322	d0d0d0
	497	22	
	339	13	b0b0b0
	260	235	d0d0d0
	253	280	808080
	518	111	
	551	408	
	373	436	b0b0b0
	289	209	
	159	375	
	140	77	d0d0d0
	410	33	b0b0b0
	213	267	
	255	75	808080
	464	130	d0d0d0
	536	79	808080
	174	359	
	603	208	
	460	476	
	322	427	
	294	264	
	391	386	b0b0b0
	359	341	
	546	469	
	410	180	
	170	222	d0d0d0
	442	91	808080
	334	330	b0b0b0
	599	473	808080
	454	141	
	595	291	
	514	62	b0b0b0
	376	224	808080
	191	102	
	390	396	
	317	296	b0b0b0
	150	444	
	166	245	808080
	329	380	b0b0b0
	288	104	808080
	306	465	d0d0d0
	301	379	808080
	347	454	d0d0d0
	178	193	b0b0b0
	513	450	808080
	150	146	b0b0b0
	511	406	d0d0d0
	579	427	b0b0b0
	204	176	
	423	473	d0d0d0
	221	200	b0b0b0
	602	233	d0d0d0
	499	305	808080
	468	371	d0d0d0
	191	218	
	557	133	b0b0b0
	477	477	
	374	143	d0d0d0
	260	292	808080
	140	271	b0b0b0
	407	246	808080
	506	252	
	591	199	
	367	194	d0d0d0
	481	327	808080
	638	392	201000
	614	395	
	586	460	
	553	408	
	673	435	
	680	369	
	548	497	
	688	499	
	572	435	
	659	468	
line	150	0	150	480	002850
	306		306		000050
	462		462		
	128	5	608	5	
		161		161	
		317		317	005000
		473		473	000050
draw	116	136	160	170	/sprites/643.SMIV/0
	532	296	541	304	/sprites/501.SMIV/9
	363	233	374	243	/sprites/559.SMIV/14
	135	150	136	152	/sprites/549.SMIV/12
	531	347	538	359	/sprites/502.SMIV/22
	426	305	435	312	/sprites/501.SMIV/7
	457	286	466	293	
	575	76	576	78	/sprites/513.SMIV/2
	326	228	330	230	/sprites/528.SMIV/8
	153	160	157	162	
	535	337	537	340	/sprites/503.SMIV/12
dither	430	319	485	336	303000
tint	434	323	442	335	000000	/font/5000/43
	441		449			/font/5000/72
	448		456			/font/5000/75
	455		463			/font/5000/69
	462		470			/font/5000/73
	469		477			/font/5000/65
	476		484			/font/5000/72
	433	322	441	334	ffff00	/font/5000/43
	440		448			/font/5000/72
	447		455			/font/5000/75
	454		462			/font/5000/69
	461		469			/font/5000/73
	468		476			/font/5000/65
	475		483			/font/5000/72
line	253	402	267	396	489048
			254	387	
	267	396			204020
draw	0	0	128	480	/pictures/501.png
	608		640		/pictures/512.png
tint	29	159	37	172	ff0000	/font/5001/30
	35		43			
	41		49			
	102		110		ff7f00	
	108		116			
	114		122			
line	614	408	614	359	00488f
		359	622		
	622			408	002850
		408	614		
rect	615	360	622	408	003870
line	614	456	614	409	007fff
		409	622		
	622			456	00488f
		456	614		
rect	615	410	622	456	0070e0
line	614	272	614	231	909048
		231	622		
	622			272	505028
		272	614		
rect	615	232	622	272	707038
line	614	328	614	273	ffff7f
		273	622		
	622			328	909048
		328	614		
rect	615	274	622	328	e0e070
line	614	200	614	103	904848
		103	622		
	622			200	502828
		200	614		
rect	615	104	622	200	703838
line	618	8	629	8	90488f
			618	9	
	629		629		
	618	36		36	
			618	35	
	629		629		
rect	620	10	628	35	703870
		35			c060c0
	634	49	636	52	7fff7f
		53		56	60c060
		57		60	
		61		64	
		65		68	
		69		72	904800
		73		76	703800
		77		80	
		81		84	
		85		88	
		89		92	904800
		93		96	183018
		97		100	
		101		104	
		105		108	
		109		112	
		113		116	
		117		120	
		121		124	
		125		128	
		129		132	
		133		136	
		137		140	
		141		144	
		145		148	
		149		152	
		153		156	
		157		160	
		161		164	
		165		168	
		169		172	
		173		176	
		177		180	
		181		184	
		185		188	
		189		192	
		193		196	
		197		200	
		201		204	
		205		208	
		209		212	
		213		216	
		217		220	
		221		224	
		225		228	
		229		232	
		233		236	
		237		240	
		241		244	
		245		248	
		249		252	
		253		256	
		257		260	
		261		264	
		265		268	
		269		272	
		273		276	
		277		280	
		281		284	
		285		288	
		289		292	
		293		296	
		297		300	
		301		304	
		305		308	
		309		312	
		313		316	
		317		320	
		321		324	
		325		328	
		329		332	
		333		336	
		337		340	
		341		344	
		345		348	
		349		352	
		353		356	
		357		360	
		361		364	
		365		368	
		369		372	
		373		376	
		377		380	
		381		384	
		385		388	
		389		392	
		393		396	
		397		400	
		401		404	
		405		408	
		409		412	
		413		416	
		417		420	
		421		424	
		425		428	
		429		432	
		433		436	
		437		440	
		441		444	
		445		448	
	621	52	631	56	303000
		57		61	
		62		66	
		67		71	
		72		76	
		77		81	
		82		86	
	7	7	115	115	00ff00
	8	8	114	114	001000
	46	46	76	76	003000
point	46	56	00e000
	72	65	
	47	56	
	46		
	59	61	
	71	68	
		67	
	67	64	
	64	65	
	74	51	
rect	12	320	121	440	001000
tint	15	320	23	333	00ff00	/font/5001/42
	21		29			/font/5001/55
	27		35			/font/5001/49
	33		41			/font/5001/4c
	39		47			/font/5001/44
	45		53			/font/5001/20
	51		59			/font/5001/53
	57		65			/font/5001/48
	63		71			/font/5001/49
	69		77			/font/5001/50
	75		83			/font/5001/53
line	12	342	119	342	009000
tint	15	332	23	345	00ff00	/font/5001/46
	21		29			/font/5001/61
	27		35			/font/5001/6e
	33		41			/font/5001/73
	39		47			/font/5001/69
	45		53			/font/5001/20
	51		59			/font/5001/41
	57		65			/font/5001/6c
	63		71			/font/5001/70
	69		77			/font/5001/68
	75		83			/font/5001/61
	15	344	23	357		/font/5001/46
	21		29			/font/5001/69
	27		35			/font/5001/67
	33		41			/font/5001/68
	39		47			/font/5001/74
	45		53			/font/5001/65
	51		59			/font/5001/72
	15	356	23	369		/font/5001/43
	21		29			/font/5001/72
	27		35			/font/5001/75
	33		41			/font/5001/69
	39		47			/font/5001/73
	45		53			/font/5001/65
	51		59			/font/5001/72
line	12	379	12	368	009000
		368	120		
	120			379	005000
		379	12		
rect	13	369	120	379	007000
tint	15	368	23	381	003000	/font/5001/47
	21		29			/font/5001/75
	27		35			/font/5001/6e
	33		41			/font/5001/73
	39		47			/font/5001/68
	45		53			/font/5001/69
	51		59			/font/5001/70
	15	380	23	393	00ff00	/font/5001/54
	21		29			/font/5001/72
	27		35			/font/5001/61
	33		41			/font/5001/6e
	39		47			/font/5001/73
	45		53			/font/5001/70
	51		59			/font/5001/6f
	57		65			/font/5001/72
	63		71			/font/5001/74
	15	392	23	405		/font/5001/45
	21		29			/font/5001/6e
	27		35			/font/5001/67
	33		41			/font/5001/69
	39		47			/font/5001/6e
	45		53			/font/5001/65
	51		59			
	57		65			/font/5001/72
	63		71			/font/5001/20
	69		77			/font/5001/50
	75		83			/font/5001/6f
	81		89			/font/5001/64
	15	404	23	417	009000	/font/5001/41
	21		29			/font/5001/73
	27		35			
	33		41			/font/5001/61
	39		47			/font/5001/75
	45		53			/font/5001/6c
	51		59			/font/5001/74
	57		65			/font/5001/20
	63		71			/font/5001/54
	69		77			/font/5001/72
	75		83			/font/5001/61
	81		89			/font/5001/6e
	87		95			/font/5001/73
	93		101			/font/5001/70
	99		107			/font/5001/6f
	105		113			/font/5001/72
	111		119			/font/5001/74
line	12	438	119	438	009000
rect	16	450	114	475	001010
line	17	461	17	450	00c0c0
		450	43		
	43			461	007070
		461	17		
rect	18	451	43	461	009090
tint	19	450	27	463	00ffff	/font/5001/52
	25		33			/font/5001/47
	31		39			/font/5001/48
	37		45			/font/5001/54
	43		51			/font/5001/20
	49		57			/font/5001/42
	55		63			/font/5001/75
	61		69			/font/5001/69
	67		75			/font/5001/6c
	73		81			/font/5001/64
line	17	473	17	462	00c0c0
		462	43		
	43			473	007070
		473	17		
rect	18	463	43	473	009090
tint	19	462	27	475	00ffff	/font/5001/4c
	25		33			/font/5001/45
	31		39			/font/5001/46
	37		45			/font/5001/54
	43		51			/font/5001/20
	49		57			/font/5001/4d
	55		63			/font/5001/61
	61		69			/font/5001/69
	67		75			/font/5001/6e
	73		81			/font/5001/20
	79		87			/font/5001/4d
	85		93			/font/5001/65
	91		99			/font/5001/6e
	97		105			/font/5001/75
rect	12	180	120	192	000000
line	12	191	12	180	ffff00
		180	119		
	119			191	909000
		191	12		
rect	13	181	119	191	c0c000
tint	15	180	23	193	000000	/font/5001/43
	21		29			/font/5001/4f
	27		35			/font/5001/4e
	33		41			/font/5001/54
	39		47			/font/5001/52
	45		53			/font/5001/4f
	51		59			/font/5001/4c
rect	12	192	120	204	000000
tint	15	192	23	205	7fff7f	/font/5001/43
	21		29			/font/5001/52
	27		35			/font/5001/55
	33		41			/font/5001/49
	39		47			/font/5001/53
	45		53			/font/5001/45
	51		59			/font/5001/52
rect	14	204	36	226	000000
draw	16	208	34	222	/sprites/501.SMIV/0
line	14	204	35	204	489048
			14	205	
	35		35		
	14	225		225	
			14	224	
	35		35		
rect	40	204	51	226	000000
	42	206	49	210	003870
		210		224	0060c0
line	40	204	50	204	00488f
			40	205	
	50		50		
	40	225		225	
			40	224	
	50		50		
rect	53	204	64	226	000000
	55	206	62	207	707000
		207		224	c0c000
line	53	204	63	204	909000
			53	205	
	63		63		
	53	225		225	
			53	224	
	63		63		
rect	69	204	120	216	000000
tint	69	204	77	217	7fff7f	/font/5001/50
	75		83			/font/5001/4b
	81		89			/font/5001/42
	87		95			/font/5001/45
	93		101			/font/5001/41
	99		107			/font/5001/4d
	105		113			/font/5001/20
	111		119			/font/5001/31
rect	69	216	120	228	000000
tint	69	216	77	229	7fff7f	/font/5001/46
	75		83			/font/5001/20
	81		89			/font/5001/50
	87		95			/font/5001/55
	93		101			/font/5001/4c
	99		107			/font/5001/53
	105		113			/font/5001/45
rect	69	192	120	204	000000
	12	228		240	
tint	12	228	20	241	00ff00	/font/5001/41
	18		26			/font/5001/73
	24		32			
	30		38			/font/5001/61
	36		44			/font/5001/75
	42		50			/font/5001/6c
	48		56			/font/5001/74
	54		62			/font/5001/20
	60		68			/font/5001/54
	66		74			/font/5001/72
	72		80			/font/5001/61
	78		86			/font/5001/6e
	84		92			/font/5001/73
	90		98			/font/5001/70
	96		104			/font/5001/6f
	102		110			/font/5001/72
	108		116			/font/5001/74
rect	12	252	120	264	000000
line	12	263	12	252	007fff
		252	119		
	119			263	00488f
		263	12		
rect	13	253	119	263	0060c0
tint	15	252	23	265	000000	/font/5001/54
	21		29			/font/5001/41
	27		35			/font/5001/52
	33		41			/font/5001/47
	39		47			/font/5001/45
	45		53			/font/5001/54
rect	12	264	120	276	000000
tint	15	264	23	277	7fff7f	/font/5001/41
	21		29			/font/5001/53
	27		35			/font/5001/4c
	33		41			/font/5001/54
	39		47			
	45		53			/font/5001/52
	51		59			/font/5001/41
	57		65			/font/5001/4e
rect	14	276	36	298	000000
draw	16	280	34	294	/sprites/559.SMIV/0
line	14	276	35	276	489048
			14	277	
	35		35		
	14	297		297	
			14	296	
	35		35		
rect	40	276	51	298	000000
	42	278	49	288	003870
		288		296	0060c0
line	40	276	50	276	00488f
			40	277	
	50		50		
	40	297		297	
			40	296	
	50		50		
rect	53	276	64	298	000000
	55	278	62	286	707000
		286		296	c0c000
line	53	276	63	276	909000
			53	277	
	63		63		
	53	297		297	
			53	296	
	63		63		
rect	69	276	120	288	000000
tint	69	276	77	289	7fff7f	/font/5001/50
	75		83			/font/5001/4b
	81		89			/font/5001/42
	87		95			/font/5001/45
	93		101			/font/5001/41
	99		107			/font/5001/4d
	105		113			/font/5001/20
	111		119			/font/5001/32
rect	69	288	120	300	000000
tint	69	288	77	301	7fff7f	/font/5001/43
	75		83			/font/5001/4d
	81		89			/font/5001/49
	87		95			/font/5001/53
	93		101			
	99		107			/font/5001/49
	105		113			/font/5001/4c
	111		119			/font/5001/45
rect	69	264	120	276	000000
tint	69	264	77	277	7fff7f	/font/5001/41
	75		83			/font/5001/53
	81		89			/font/5001/4c
	87		95			/font/5001/54
	93		101			
	99		107			/font/5001/45
	105		113			/font/5001/41
	111		119			/font/5001/4d
rect	12	300	120	312	000000
