point	461	430	b0b0b0
	389	446	
	160	85	
	201	471	808080
	483	444	b0b0b0
	606	186	808080
	429	458	b0b0b0
	483	108	808080
	537	57	
	457	219	b0b0b0
	174	230	
	136	56	d0d0d0
	218	234	808080
	309	251	b0b0b0
	529	331	
	220	130	d0d0d0
	278	263	b0b0b0
	595	392	808080
	357	426	
	457	477	d0d0d0
	288	291	b0b0b0
	417	34	808080
	267	223	b0b0b0
	290	355	808080
	472	163	
	304	221	
	349	8	
	320	366	d0d0d0
	573	22	
	359	324	808080
	507	308	d0d0d0
	167	92	808080
	428	182	
	516	166	d0d0d0
	369	76	808080
	506	126	b0b0b0
	355	296	
	578	386	808080
	275	63	b0b0b0
	473	57	d0d0d0
	378	291	b0b0b0
	539	213	808080
	322	29	d0d0d0
	200	25	b0b0b0
	305	232	
	432	268	808080
	359	135	b0b0b0
	495	25	d0d0d0
	588	233	808080
	498	164	d0d0d0
	154	393	808080
	497	233	b0b0b0
	144	307	808080
	238	446	
	135	415	d0d0d0
	384	89	808080
	386	438	b0b0b0
	533	101	808080
	599	17	
	283	401	
	159	415	
	609	190	b0b0b0
	195	296	
	350	275	
	365	156	808080
	390	461	b0b0b0
	238	207	d0d0d0
	540	251	b0b0b0
	496	18	
	326	429	
	459	418	
	332	377	808080
	295	259	
	534	385	d0d0d0
	510	390	b0b0b0
	567	14	
	286	289	808080
		203	b0b0b0
	571	352	808080
	434	303	
	406	140	
	558	200	b0b0b0
	510	104	808080
	268	274	d0d0d0
	351	265	b0b0b0
	475	80	
	238	307	808080
	205	166	b0b0b0
	231	456	808080
	415	16	
	275	456	b0b0b0
	444	396	808080
	155	328	d0d0d0
	303	238	808080
	502	272	
	188	129	
	198	281	
	281	13	b0b0b0
	408	112	d0d0d0
	437	459	808080
	150	273	b0b0b0
	412	255	808080
	304	205	d0d0d0
	608	39	808080
	140	27	b0b0b0
	243	16	808080
	548	139	d0d0d0
	265	250	b0b0b0
	371	244	
	166	178	d0d0d0
	473	449	
	466	33	808080
	130	250	d0d0d0
	368	61	808080
	217	110	b0b0b0
	222	177	d0d0d0
	152	187	808080
	226	84	
	372	168	
	242	158	d0d0d0
	587	184	b0b0b0
	142	276	d0d0d0
	454	80	b0b0b0
	573	438	
	592	203	808080
	681	180	b05800
	672	253	
	685	263	
	599	162	
	715	233	
	582	209	
	701	228	
	590	264	
	647	159	
	665	275	
	552	203	201000
	504	402	
	457	144	
	256	372	
	403	248	
	308	189	
	586	115	
	578	281	
	281	262	
	436	152	
	524	339	402000
	672	336	
	821	271	
	729	176	
	800	211	
	571	109	
	709	210	
	529	265	
	639	156	
	773	294	
	513	141	502800
	359	350	
	440	282	
	401	355	
	340	366	
	290	159	
	295	291	
	481	327	
	243	399	
	390	387	
line	337	0	337	480	000050
	128	257	608	257	
	649	203	660	213	ff0000
draw	581	229	597	244	/sprites/512.SMIV/2
	348	226	392	250	/sprites/559.SMIV/19
	268	233	312	277	/sprites/509.SMIV/4
	234	128	258	161	/sprites/637.SMIV/23
	348	208	372	223	/sprites/541.SMIV/25
	636	185	646	196	/sprites/554.SMIV/2
	603	193	623	212	/sprites/517.SMIV/1
	609	121	621	131	/sprites/508.SMIV/2
	594	156	666	220	/sprites/504.SMIV/2
	578	145	590	155	/sprites/508.SMIV/3
dither	258	4	313	21	303000
tint	262	8	270	20	000000	/font/5000/43
	269		277			/font/5000/72
	276		284			/font/5000/75
	283		291			/font/5000/69
	290		298			/font/5000/73
	297		305			/font/5000/65
	304		312			/font/5000/72
	261	7	269	19	ffff00	/font/5000/43
	268		276			/font/5000/72
	275		283			/font/5000/75
	282		290			/font/5000/69
	289		297			/font/5000/73
	296		304			/font/5000/65
	303		311			/font/5000/72
dither	200	461	444	478	300000
tint	204	465	212	477	000000	/font/5000/20
	211		219			/font/5000/43
	218		226			/font/5000/72
	225		233			/font/5000/75
	232		240			/font/5000/69
	239		247			/font/5000/73
	246		254			/font/5000/65
	253		261			/font/5000/72
	260		268			/font/5000/20
	267		275			/font/5000/64
	274		282			/font/5000/65
	281		289			/font/5000/73
	288		296			/font/5000/74
	295		303			/font/5000/72
	302		310			/font/5000/6f
	309		317			/font/5000/79
	316		324			/font/5000/65
	323		331			/font/5000/64
	330		338			/font/5000/2e
	337		345			/font/5000/20
	344		352			
	351		359			/font/5000/34
	358		366			/font/5000/20
	365		373			/font/5000/72
	372		380			/font/5000/65
	379		387			/font/5000/6d
	386		394			/font/5000/61
	393		401			/font/5000/69
	400		408			/font/5000/6e
	407		415			/font/5000/69
	414		422			/font/5000/6e
	421		429			/font/5000/67
	428		436			/font/5000/2e
	435		443			/font/5000/20
	203	464	211	476	ff0000	
	210		218			/font/5000/43
	217		225			/font/5000/72
	224		232			/font/5000/75
	231		239			/font/5000/69
	238		246			/font/5000/73
	245		253			/font/5000/65
	252		260			/font/5000/72
	259		267			/font/5000/20
	266		274			/font/5000/64
	273		281			/font/5000/65
	280		288			/font/5000/73
	287		295			/font/5000/74
	294		302			/font/5000/72
	301		309			/font/5000/6f
	308		316			/font/5000/79
	315		323			/font/5000/65
	322		330			/font/5000/64
	329		337			/font/5000/2e
	336		344			/font/5000/20
	343		351			
	350		358			/font/5000/34
	357		365			/font/5000/20
	364		372			/font/5000/72
	371		379			/font/5000/65
	378		386			/font/5000/6d
	385		393			/font/5000/61
	392		400			/font/5000/69
	399		407			/font/5000/6e
	406		414			/font/5000/69
	413		421			/font/5000/6e
	420		428			/font/5000/67
	427		435			/font/5000/2e
	434		442			/font/5000/20
line	174	196	185	206	489048
			189	192	
	185	206			204020
draw	0	0	128	480	/pictures/501.png
	608		640		/pictures/512.png
tint	29	159	37	172	ff0000	/font/5001/30
	35		43			
	41		49			
	102		110		ff7f00	
	108		116			
	114		122			
line	614	407	614	359	00488f
		359	622		
	622			407	002850
		407	614		
rect	615	360	622	407	003870
line	614	456	614	408	007fff
		408	622		
	622			456	00488f
		456	614		
rect	615	409	622	456	0070e0
line	614	328	614	231	909048
		231	622		
	622			328	505028
		328	614		
rect	615	232	622	328	707038
line	614	200	614	103	904848
		103	622		
	622			200	502828
		200	614		
rect	615	104	622	200	703838
line	618	8	629	8	90488f
			618	9	
	629		629		
	618	36		36	
			618	35	
	629		629		
rect	620	10	628	35	703870
		35			c060c0
	634	49	636	52	7fff7f
		53		56	60c060
		57		60	
		61		64	
		65		68	
		69		72	7fff7f
		73		76	60c060
		77		80	
		81		84	
		85		88	
		89		92	904800
		93		96	183018
		97		100	
		101		104	
		105		108	
		109		112	
		113		116	
		117		120	
		121		124	
		125		128	
		129		132	
		133		136	
		137		140	
		141		144	
		145		148	
		149		152	
		153		156	
		157		160	
		161		164	
		165		168	
		169		172	
		173		176	
		177		180	
		181		184	
		185		188	
		189		192	
		193		196	
		197		200	
		201		204	
		205		208	
		209		212	
		213		216	
		217		220	
		221		224	
		225		228	
		229		232	
		233		236	
		237		240	
		241		244	
		245		248	
		249		252	
		253		256	
		257		260	
		261		264	
		265		268	
		269		272	
		273		276	
		277		280	
		281		284	
		285		288	
		289		292	
		293		296	
		297		300	
		301		304	
		305		308	
		309		312	
		313		316	
		317		320	
		321		324	
		325		328	
		329		332	
		333		336	
		337		340	
		341		344	
		345		348	
		349		352	
		353		356	
		357		360	
		361		364	
		365		368	
		369		372	
		373		376	
		377		380	
		381		384	
		385		388	
		389		392	
		393		396	
		397		400	
		401		404	
		405		408	
		409		412	
		413		416	
		417		420	
		421		424	
		425		428	
		429		432	
		433		436	
		437		440	
		441		444	
		445		448	
	621	52	631	56	303000
		57		61	
		62		66	
		67		71	
		72		76	
		77		81	
		82		86	
	7	7	115	115	00ff00
	8	8	114	114	001000
	57	57	65	65	003000
point	29	61	00e000
	71	48	
	65	61	
	66		
	68		
	67	66	
	70	64	
	65	61	
	59	66	
		60	
	66		
			
	59	56	
	61	61	
	53	66	
	60	61	
	28	86	
	65	59	
		60	
	66		
rect	12	320	121	440	001000
tint	15	320	23	333	00ff00	/font/5001/42
	21		29			/font/5001/55
	27		35			/font/5001/49
	33		41			/font/5001/4c
	39		47			/font/5001/44
	45		53			/font/5001/20
	51		59			/font/5001/53
	57		65			/font/5001/48
	63		71			/font/5001/49
	69		77			/font/5001/50
	75		83			/font/5001/53
line	12	342	119	342	009000
tint	15	332	23	345	00ff00	/font/5001/46
	21		29			/font/5001/61
	27		35			/font/5001/6e
	33		41			/font/5001/73
	39		47			/font/5001/69
	45		53			/font/5001/20
	51		59			/font/5001/41
	57		65			/font/5001/6c
	63		71			/font/5001/70
	69		77			/font/5001/68
	75		83			/font/5001/61
	15	344	23	357		/font/5001/46
	21		29			/font/5001/69
	27		35			/font/5001/67
	33		41			/font/5001/68
	39		47			/font/5001/74
	45		53			/font/5001/65
	51		59			/font/5001/72
	15	356	23	369		/font/5001/43
	21		29			/font/5001/72
	27		35			/font/5001/75
	33		41			/font/5001/69
	39		47			/font/5001/73
	45		53			/font/5001/65
	51		59			/font/5001/72
line	12	379	12	368	009000
		368	120		
	120			379	005000
		379	12		
rect	13	369	120	379	007000
tint	15	368	23	381	003000	/font/5001/47
	21		29			/font/5001/75
	27		35			/font/5001/6e
	33		41			/font/5001/73
	39		47			/font/5001/68
	45		53			/font/5001/69
	51		59			/font/5001/70
	15	380	23	393	00ff00	/font/5001/54
	21		29			/font/5001/72
	27		35			/font/5001/61
	33		41			/font/5001/6e
	39		47			/font/5001/73
	45		53			/font/5001/70
	51		59			/font/5001/6f
	57		65			/font/5001/72
	63		71			/font/5001/74
	15	392	23	405		/font/5001/45
	21		29			/font/5001/6e
	27		35			/font/5001/67
	33		41			/font/5001/69
	39		47			/font/5001/6e
	45		53			/font/5001/65
	51		59			
	57		65			/font/5001/72
	63		71			/font/5001/20
	69		77			/font/5001/50
	75		83			/font/5001/6f
	81		89			/font/5001/64
	15	404	23	417		/font/5001/41
	21		29			/font/5001/73
	27		35			
	33		41			/font/5001/61
	39		47			/font/5001/75
	45		53			/font/5001/6c
	51		59			/font/5001/74
	57		65			/font/5001/20
	63		71			/font/5001/54
	69		77			/font/5001/72
	75		83			/font/5001/61
	81		89			/font/5001/6e
	87		95			/font/5001/73
	93		101			/font/5001/70
	99		107			/font/5001/6f
	105		113			/font/5001/72
	111		119			/font/5001/74
line	12	438	119	438	009000
rect	16	450	114	475	001010
line	17	461	17	450	00c0c0
		450	43		
	43			461	007070
		461	17		
rect	18	451	43	461	009090
tint	19	450	27	463	00ffff	/font/5001/52
	25		33			/font/5001/47
	31		39			/font/5001/48
	37		45			/font/5001/54
	43		51			/font/5001/20
	49		57			/font/5001/42
	55		63			/font/5001/75
	61		69			/font/5001/69
	67		75			/font/5001/6c
	73		81			/font/5001/64
line	17	473	17	462	00c0c0
		462	43		
	43			473	007070
		473	17		
rect	18	463	43	473	009090
tint	19	462	27	475	00ffff	/font/5001/4c
	25		33			/font/5001/45
	31		39			/font/5001/46
	37		45			/font/5001/54
	43		51			/font/5001/20
	49		57			/font/5001/4d
	55		63			/font/5001/61
	61		69			/font/5001/69
	67		75			/font/5001/6e
	73		81			/font/5001/20
	79		87			/font/5001/4d
	85		93			/font/5001/65
	91		99			/font/5001/6e
	97		105			/font/5001/75
line	12	191	12	180	ffff00
		180	120		
	120			191	909000
		191	12		
rect	13	181	120	191	c0c000
tint	15	180	23	193	000000	/font/5001/43
	21		29			/font/5001/4f
	27		35			/font/5001/4e
	33		41			/font/5001/54
	39		47			/font/5001/52
	45		53			/font/5001/4f
	51		59			/font/5001/4c
	15	192	23	205	7fff7f	/font/5001/43
	21		29			/font/5001/52
	27		35			/font/5001/55
	33		41			/font/5001/49
	39		47			/font/5001/53
	45		53			/font/5001/45
	51		59			/font/5001/52
draw	16	208	34	222	/sprites/501.SMIV/0
line	14	204	35	204	489048
			14	205	
	35		35		
	14	225		225	
			14	224	
	35		35		
rect	42	206	49	210	003870
		210		224	0060c0
line	40	204	50	204	00488f
			40	205	
	50		50		
	40	225		225	
			40	224	
	50		50		
rect	55	206	62	207	707000
		207		224	c0c000
line	53	204	63	204	909000
			53	205	
	63		63		
	53	225		225	
			53	224	
	63		63		
tint	69	204	77	217	7fff7f	/font/5001/50
	75		83			/font/5001/4b
	81		89			/font/5001/42
	87		95			/font/5001/45
	93		101			/font/5001/41
	99		107			/font/5001/4d
	105		113			/font/5001/20
	111		119			/font/5001/31
	69	216	77	229		/font/5001/46
	75		83			/font/5001/20
	81		89			/font/5001/50
	87		95			/font/5001/55
	93		101			/font/5001/4c
	99		107			/font/5001/53
	105		113			/font/5001/45
	12	228	20	241	00ff00	/font/5001/41
	18		26			/font/5001/73
	24		32			
	30		38			/font/5001/61
	36		44			/font/5001/75
	42		50			/font/5001/6c
	48		56			/font/5001/74
	54		62			/font/5001/20
	60		68			/font/5001/54
	66		74			/font/5001/72
	72		80			/font/5001/61
	78		86			/font/5001/6e
	84		92			/font/5001/73
	90		98			/font/5001/70
	96		104			/font/5001/6f
	102		110			/font/5001/72
	108		116			/font/5001/74
line	12	263	12	252	007fff
		252	120		
	120			263	00488f
		263	12		
rect	13	253	120	263	0060c0
tint	15	252	23	265	000000	/font/5001/54
	21		29			/font/5001/41
	27		35			/font/5001/52
	33		41			/font/5001/47
	39		47			/font/5001/45
	45		53			/font/5001/54
	15	264	23	277	7fff7f	/font/5001/41
	21		29			/font/5001/53
	27		35			/font/5001/4c
	33		41			/font/5001/54
	39		47			
	45		53			/font/5001/52
	51		59			/font/5001/41
	57		65			/font/5001/4e
draw	16	280	34	294	/sprites/559.SMIV/0
line	14	276	35	276	489048
			14	277	
	35		35		
	14	297		297	
			14	296	
	35		35		
rect	42	278	49	287	003870
		287		296	0060c0
line	40	276	50	276	00488f
			40	277	
	50		50		
	40	297		297	
			40	296	
	50		50		
rect	55	278	62	296	707000
		296			c0c000
line	53	276	63	276	909000
			53	277	
	63		63		
	53	297		297	
			53	296	
	63		63		
tint	69	276	77	289	7fff7f	/font/5001/50
	75		83			/font/5001/4b
	81		89			/font/5001/42
	87		95			/font/5001/45
	93		101			/font/5001/41
	99		107			/font/5001/4d
	105		113			/font/5001/20
	111		119			/font/5001/32
	69	288	77	301		/font/5001/43
	75		83			/font/5001/4d
	81		89			/font/5001/49
	87		95			/font/5001/53
	93		101			
	99		107			/font/5001/49
	105		113			/font/5001/4c
	111		119			/font/5001/45
	69	264	77	277		/font/5001/41
	75		83			/font/5001/53
	81		89			/font/5001/4c
	87		95			/font/5001/54
	93		101			
	99		107			/font/5001/45
	105		113			/font/5001/41
	111		119			/font/5001/4d
