point	589	473	b0b0b0
	401	9	
	288	128	
	571	19	808080
	503	7	b0b0b0
	211	437	808080
	139	280	d0d0d0
	569	136	808080
	143	114	
	585	262	b0b0b0
	302	273	
	306	113	d0d0d0
	303	262	808080
	437	294	b0b0b0
	161	330	808080
	390	187	d0d0d0
	406	306	b0b0b0
	272	270	d0d0d0
	442	455	808080
	200	146	b0b0b0
	416	334	
	502	63	808080
	395	265	b0b0b0
	376	384	808080
	557	192	
	389	249	
	434	36	
	491	423	d0d0d0
	263	327	
	444	353	808080
	197	282	d0d0d0
	253	121	808080
	514	210	
	206	183	d0d0d0
	454	105	808080
	147	477	
	483	338	b0b0b0
	238	422	d0d0d0
	403	106	b0b0b0
	156	120	
	505	334	
	144	372	808080
	493	86	d0d0d0
	328	68	b0b0b0
	432	274	
	517	296	808080
	486	177	b0b0b0
	186	181	d0d0d0
	258	27	b0b0b0
	160	166	808080
	239	421	
	145	19	b0b0b0
	229	335	808080
	323	474	
	305	472	d0d0d0
	470	117	808080
	498	0	
	139	127	
	279	209	d0d0d0
	368	430	808080
	244	444	
	299	108	d0d0d0
	323	339	b0b0b0
	478	318	
	450	184	808080
	282	32	d0d0d0
	408	264	
	168	286	808080
	140	159	
	453	472	b0b0b0
	587	460	
	417	405	808080
	381	287	
	201	128	b0b0b0
	168	362	d0d0d0
	243	104	
	371	318	808080
	414	246	b0b0b0
	177	205	808080
	519	331	
	491	168	
	205	176	b0b0b0
	595	132	808080
	438	331	d0d0d0
	479	308	b0b0b0
	602	122	
	324	336	808080
	333	209	b0b0b0
	356	4	808080
	500	45	
	609	13	
	529	424	
	325	385	d0d0d0
	388	267	808080
	587	300	
	273	157	
	283	309	
	409	56	b0b0b0
	578	169	d0d0d0
	487	11	b0b0b0
	278	316	
	497	284	808080
	474	262	d0d0d0
	297	313	
	268	70	b0b0b0
	328	45	808080
	185	24	
	393	292	b0b0b0
	499	287	
	337	235	d0d0d0
	188	14	808080
	552	62	
	300	307	d0d0d0
	454	89	808080
	345	152	b0b0b0
	393	234	d0d0d0
	237	215	808080
	311	112	
	457	196	
	413	215	d0d0d0
	199	474	808080
	312	333	d0d0d0
	581	123	b0b0b0
	250	369	d0d0d0
	232	399	b0b0b0
	-7138	1382	402000
	-7144	1327	
	-7150	1522	
	-7184	1594	
	-6984	1418	
	-7200	1521	
	-7071	1559	
	-7224	1359	
	-7039	1316	
	-7124	1517	
	-7202	1410	703800
	-7009	1336	
	-7054	1333	
	-7220	1438	
	-7040	1508	
	-7125	1533	
	-7120	1448	
	-7122	1443	
	-7131	1531	
	-7232	1361	
line	508	0	508	480	000050
	128	315	608	315	
	457	286	457	293	ffff7f
	465	276	466	292	00ff00
draw	346	224	382	253	/sprites/559.SMIV/2
	450	273	494	308	/sprites/509.SMIV/0
	562	378	594	403	/sprites/501.SMIV/7
	453	57	489	89	/sprites/637.SMIV/7
dither	200	451	444	468	300000
tint	204	455	212	467	000000	/font/5000/20
	211		219			/font/5000/43
	218		226			/font/5000/72
	225		233			/font/5000/75
	232		240			/font/5000/69
	239		247			/font/5000/73
	246		254			/font/5000/65
	253		261			/font/5000/72
	260		268			/font/5000/20
	267		275			/font/5000/64
	274		282			/font/5000/65
	281		289			/font/5000/73
	288		296			/font/5000/74
	295		303			/font/5000/72
	302		310			/font/5000/6f
	309		317			/font/5000/79
	316		324			/font/5000/65
	323		331			/font/5000/64
	330		338			/font/5000/2e
	337		345			/font/5000/20
	344		352			
	351		359			/font/5000/34
	358		366			/font/5000/20
	365		373			/font/5000/72
	372		380			/font/5000/65
	379		387			/font/5000/6d
	386		394			/font/5000/61
	393		401			/font/5000/69
	400		408			/font/5000/6e
	407		415			/font/5000/69
	414		422			/font/5000/6e
	421		429			/font/5000/67
	428		436			/font/5000/2e
	435		443			/font/5000/20
	203	454	211	466	ff0000	
	210		218			/font/5000/43
	217		225			/font/5000/72
	224		232			/font/5000/75
	231		239			/font/5000/69
	238		246			/font/5000/73
	245		253			/font/5000/65
	252		260			/font/5000/72
	259		267			/font/5000/20
	266		274			/font/5000/64
	273		281			/font/5000/65
	280		288			/font/5000/73
	287		295			/font/5000/74
	294		302			/font/5000/72
	301		309			/font/5000/6f
	308		316			/font/5000/79
	315		323			/font/5000/65
	322		330			/font/5000/64
	329		337			/font/5000/2e
	336		344			/font/5000/20
	343		351			
	350		358			/font/5000/34
	357		365			/font/5000/20
	364		372			/font/5000/72
	371		379			/font/5000/65
	378		386			/font/5000/6d
	385		393			/font/5000/61
	392		400			/font/5000/69
	399		407			/font/5000/6e
	406		414			/font/5000/69
	413		421			/font/5000/6e
	420		428			/font/5000/67
	427		435			/font/5000/2e
	434		442			/font/5000/20
line	458	62	445	70	489048
			458	77	
	445	70			204020
draw	0	0	128	480	/pictures/501.png
	608		640		/pictures/512.png
tint	29	159	37	172	ff0000	/font/5001/30
	35		43			
	41		49			
	102		110		ff7f00	
	108		116			
	114		122			
line	614	407	614	359	00488f
		359	622		
	622			407	002850
		407	614		
rect	615	360	622	407	003870
line	614	456	614	408	007fff
		408	622		
	622			456	00488f
		456	614		
rect	615	409	622	456	0070e0
line	614	328	614	231	909048
		231	622		
	622			328	505028
		328	614		
rect	615	232	622	328	707038
line	614	200	614	103	904848
		103	622		
	622			200	502828
		200	614		
rect	615	104	622	200	703838
line	618	8	629	8	90488f
			618	9	
	629		629		
	618	36		36	
			618	35	
	629		629		
rect	620	10	628	35	703870
		35			c060c0
	634	49	636	52	7fff7f
		53		56	60c060
		57		60	
		61		64	
		65		68	
		69		72	7fff7f
		73		76	60c060
		77		80	
		81		84	
		85		88	
		89		92	904800
		93		96	183018
		97		100	
		101		104	
		105		108	
		109		112	
		113		116	
		117		120	
		121		124	
		125		128	
		129		132	
		133		136	
		137		140	
		141		144	
		145		148	
		149		152	
		153		156	
		157		160	
		161		164	
		165		168	
		169		172	
		173		176	
		177		180	
		181		184	
		185		188	
		189		192	
		193		196	
		197		200	
		201		204	
		205		208	
		209		212	
		213		216	
		217		220	
		221		224	
		225		228	
		229		232	
		233		236	
		237		240	
		241		244	
		245		248	
		249		252	
		253		256	
		257		260	
		261		264	
		265		268	
		269		272	
		273		276	
		277		280	
		281		284	
		285		288	
		289		292	
		293		296	
		297		300	
		301		304	
		305		308	
		309		312	
		313		316	
		317		320	
		321		324	
		325		328	
		329		332	
		333		336	
		337		340	
		341		344	
		345		348	
		349		352	
		353		356	
		357		360	
		361		364	
		365		368	
		369		372	
		373		376	
		377		380	
		381		384	
		385		388	
		389		392	
		393		396	
		397		400	
		401		404	
		405		408	
		409		412	
		413		416	
		417		420	
		421		424	
		425		428	
		429		432	
		433		436	
		437		440	
		441		444	
		445		448	
	621	52	631	56	303000
		57		61	
		62		66	
		67		71	
		72		76	
		77		81	
		82		86	
	7	7	115	115	00ff00
	8	8	114	114	001000
	57	57	65	65	003000
point	33	61	00e000
	69	53	
	68	62	
	62		
	71		
	65	65	
	78		
	65	64	
	62	58	
		62	
	69	61	
	66	53	
	58	68	
	63	62	
	32	89	
	70	61	
rect	12	320	121	440	001000
tint	15	320	23	333	00ff00	/font/5001/42
	21		29			/font/5001/55
	27		35			/font/5001/49
	33		41			/font/5001/4c
	39		47			/font/5001/44
	45		53			/font/5001/20
	51		59			/font/5001/53
	57		65			/font/5001/48
	63		71			/font/5001/49
	69		77			/font/5001/50
	75		83			/font/5001/53
line	12	342	119	342	009000
tint	15	332	23	345	00ff00	/font/5001/46
	21		29			/font/5001/61
	27		35			/font/5001/6e
	33		41			/font/5001/73
	39		47			/font/5001/69
	45		53			/font/5001/20
	51		59			/font/5001/41
	57		65			/font/5001/6c
	63		71			/font/5001/70
	69		77			/font/5001/68
	75		83			/font/5001/61
	15	344	23	357		/font/5001/46
	21		29			/font/5001/69
	27		35			/font/5001/67
	33		41			/font/5001/68
	39		47			/font/5001/74
	45		53			/font/5001/65
	51		59			/font/5001/72
	15	356	23	369		/font/5001/43
	21		29			/font/5001/72
	27		35			/font/5001/75
	33		41			/font/5001/69
	39		47			/font/5001/73
	45		53			/font/5001/65
	51		59			/font/5001/72
line	12	379	12	368	009000
		368	120		
	120			379	005000
		379	12		
rect	13	369	120	379	007000
tint	15	368	23	381	003000	/font/5001/47
	21		29			/font/5001/75
	27		35			/font/5001/6e
	33		41			/font/5001/73
	39		47			/font/5001/68
	45		53			/font/5001/69
	51		59			/font/5001/70
	15	380	23	393	00ff00	/font/5001/54
	21		29			/font/5001/72
	27		35			/font/5001/61
	33		41			/font/5001/6e
	39		47			/font/5001/73
	45		53			/font/5001/70
	51		59			/font/5001/6f
	57		65			/font/5001/72
	63		71			/font/5001/74
	15	392	23	405		/font/5001/45
	21		29			/font/5001/6e
	27		35			/font/5001/67
	33		41			/font/5001/69
	39		47			/font/5001/6e
	45		53			/font/5001/65
	51		59			
	57		65			/font/5001/72
	63		71			/font/5001/20
	69		77			/font/5001/50
	75		83			/font/5001/6f
	81		89			/font/5001/64
	15	404	23	417		/font/5001/41
	21		29			/font/5001/73
	27		35			
	33		41			/font/5001/61
	39		47			/font/5001/75
	45		53			/font/5001/6c
	51		59			/font/5001/74
	57		65			/font/5001/20
	63		71			/font/5001/54
	69		77			/font/5001/72
	75		83			/font/5001/61
	81		89			/font/5001/6e
	87		95			/font/5001/73
	93		101			/font/5001/70
	99		107			/font/5001/6f
	105		113			/font/5001/72
	111		119			/font/5001/74
line	12	438	119	438	009000
rect	16	450	114	475	001010
line	17	461	17	450	00c0c0
		450	43		
	43			461	007070
		461	17		
rect	18	451	43	461	009090
tint	19	450	27	463	00ffff	/font/5001/52
	25		33			/font/5001/47
	31		39			/font/5001/48
	37		45			/font/5001/54
	43		51			/font/5001/20
	49		57			/font/5001/42
	55		63			/font/5001/75
	61		69			/font/5001/69
	67		75			/font/5001/6c
	73		81			/font/5001/64
line	17	473	17	462	00c0c0
		462	43		
	43			473	007070
		473	17		
rect	18	463	43	473	009090
tint	19	462	27	475	00ffff	/font/5001/4c
	25		33			/font/5001/45
	31		39			/font/5001/46
	37		45			/font/5001/54
	43		51			/font/5001/20
	49		57			/font/5001/4d
	55		63			/font/5001/61
	61		69			/font/5001/69
	67		75			/font/5001/6e
	73		81			/font/5001/20
	79		87			/font/5001/4d
	85		93			/font/5001/65
	91		99			/font/5001/6e
	97		105			/font/5001/75
line	12	191	12	180	ffff00
		180	120		
	120			191	909000
		191	12		
rect	13	181	120	191	c0c000
tint	15	180	23	193	000000	/font/5001/43
	21		29			/font/5001/4f
	27		35			/font/5001/4e
	33		41			/font/5001/54
	39		47			/font/5001/52
	45		53			/font/5001/4f
	51		59			/font/5001/4c
	15	192	23	205	7fff7f	/font/5001/43
	21		29			/font/5001/52
	27		35			/font/5001/55
	33		41			/font/5001/49
	39		47			/font/5001/53
	45		53			/font/5001/45
	51		59			/font/5001/52
draw	16	208	34	222	/sprites/501.SMIV/0
line	14	204	35	204	489048
			14	205	
	35		35		
	14	225		225	
			14	224	
	35		35		
rect	42	206	49	210	003870
		210		224	0060c0
line	40	204	50	204	00488f
			40	205	
	50		50		
	40	225		225	
			40	224	
	50		50		
rect	55	206	62	207	707000
		207		224	c0c000
line	53	204	63	204	909000
			53	205	
	63		63		
	53	225		225	
			53	224	
	63		63		
tint	69	204	77	217	7fff7f	/font/5001/50
	75		83			/font/5001/4b
	81		89			/font/5001/42
	87		95			/font/5001/45
	93		101			/font/5001/41
	99		107			/font/5001/4d
	105		113			/font/5001/20
	111		119			/font/5001/31
	69	216	77	229		/font/5001/46
	75		83			/font/5001/20
	81		89			/font/5001/50
	87		95			/font/5001/55
	93		101			/font/5001/4c
	99		107			/font/5001/53
	105		113			/font/5001/45
	12	228	20	241	00ff00	/font/5001/41
	18		26			/font/5001/73
	24		32			
	30		38			/font/5001/61
	36		44			/font/5001/75
	42		50			/font/5001/6c
	48		56			/font/5001/74
	54		62			/font/5001/20
	60		68			/font/5001/54
	66		74			/font/5001/72
	72		80			/font/5001/61
	78		86			/font/5001/6e
	84		92			/font/5001/73
	90		98			/font/5001/70
	96		104			/font/5001/6f
	102		110			/font/5001/72
	108		116			/font/5001/74
line	12	263	12	252	007fff
		252	120		
	120			263	00488f
		263	12		
rect	13	253	120	263	0060c0
tint	15	252	23	265	000000	/font/5001/54
	21		29			/font/5001/41
	27		35			/font/5001/52
	33		41			/font/5001/47
	39		47			/font/5001/45
	45		53			/font/5001/54
	15	264	23	277	7fff7f	/font/5001/41
	21		29			/font/5001/53
	27		35			/font/5001/4c
	33		41			/font/5001/54
	39		47			
	45		53			/font/5001/52
	51		59			/font/5001/41
	57		65			/font/5001/4e
draw	16	280	34	294	/sprites/559.SMIV/0
line	14	276	35	276	489048
			14	277	
	35		35		
	14	297		297	
			14	296	
	35		35		
rect	42	278	49	287	003870
		287		296	0060c0
line	40	276	50	276	00488f
			40	277	
	50		50		
	40	297		297	
			40	296	
	50		50		
rect	55	278	62	296	707000
		296			c0c000
line	53	276	63	276	909000
			53	277	
	63		63		
	53	297		297	
			53	296	
	63		63		
tint	69	276	77	289	7fff7f	/font/5001/50
	75		83			/font/5001/4b
	81		89			/font/5001/42
	87		95			/font/5001/45
	93		101			/font/5001/41
	99		107			/font/5001/4d
	105		113			/font/5001/20
	111		119			/font/5001/32
	69	288	77	301		/font/5001/43
	75		83			/font/5001/4d
	81		89			/font/5001/49
	87		95			/font/5001/53
	93		101			
	99		107			/font/5001/49
	105		113			/font/5001/4c
	111		119			/font/5001/45
	69	264	77	277		/font/5001/41
	75		83			/font/5001/53
	81		89			/font/5001/4c
	87		95			/font/5001/54
	93		101			
	99		107			/font/5001/45
	105		113			/font/5001/41
	111		119			/font/5001/4d
