point	499	161	d0d0d0
	338	122	b0b0b0
	226	241	
	529	95	808080
	441	120	b0b0b0
	509	33	808080
	534	321	d0d0d0
	527	212	808080
	567	258	b0b0b0
	551	301	808080
	239	386	b0b0b0
	224	265	d0d0d0
	262	338	808080
	375	407	b0b0b0
	595	262	
	307	339	d0d0d0
	344	419	b0b0b0
	189	422	d0d0d0
	380	101	
	138	260	b0b0b0
	354	448	
	460	139	808080
	333	379	b0b0b0
	334	459	808080
	515	268	
	348	325	
	393	112	
	582	25	d0d0d0
	181	479	
	403	429	808080
	599	41	
	211	197	
	472	286	
	601	212	d0d0d0
	413	180	808080
	574	378	
	420	452	b0b0b0
	133	94	d0d0d0
	341	219	b0b0b0
	562	73	d0d0d0
	443	447	b0b0b0
	582	341	808080
	410	238	d0d0d0
	266	182	b0b0b0
	370	388	
	476	372	808080
	424	291	b0b0b0
	588	141	
	195		
	598	276	808080
	442	17	
	547	154	d0d0d0
	187	411	808080
	149	105	b0b0b0
	325	108	
	428	193	808080
	457	76	
	576	178	
	196	361	d0d0d0
	443	38	b0b0b0
	558	39	808080
	216	261	d0d0d0
	261	453	b0b0b0
	416	431	
	409	260	808080
	199	184	d0d0d0
	325	416	
	606	197	
	577	305	808080
	241	71	
	551	461	
	215	2	d0d0d0
	339	363	808080
	139	242	b0b0b0
	564	226	d0d0d0
	161	256	
	330	394	808080
	351	359	b0b0b0
	135	281	808080
	477	407	
	450	244	
	143	290	b0b0b0
	498	179	d0d0d0
	269	1	808080
	417	421	b0b0b0
	539	417	
	282	411	808080
	271	322	b0b0b0
	314	80	808080
	459	120	
	523	137	d0d0d0
	473	30	b0b0b0
	567	29	808080
	346	342	
	544	203	
	231	233	
	241	385	
	346	169	b0b0b0
	498	467	d0d0d0
	424	124	b0b0b0
	216	429	
	456	359	808080
	391	414	d0d0d0
	214	466	
	205	183	b0b0b0
	287	120	808080
	143	100	
	330	406	b0b0b0
	437	401	
	254	387	d0d0d0
	146	89	808080
	510	138	
	218	459	d0d0d0
	412	165	808080
	282	266	b0b0b0
	310	386	d0d0d0
	195	291	808080
	269	188	
	415	272	
	330	368	d0d0d0
	605	453	808080
	272	5	d0d0d0
	548	436	808080
	310	41	d0d0d0
	537	22	808080
	494	310	703800
	372	399	
	365	425	
	478	203	
	536	208	
	498	394	
	517	257	
	504	389	
	441	301	
	440	228	
	693	474	ff7f00
	696	472	
	699	473	
	698	469	
	695	468	
	693	475	
	694	474	
	693		
	696	469	
	695	471	
	910	551	301800
	751	703	
	698	431	
	897	608	
	991	697	
	889	560	
	855	541	
	907	525	
	902	706	
	964	645	
	794	548	a05000
	787	411	
	650	469	
	716	480	
	663	496	
	793	549	
	663	525	
	716	556	
	743	539	
	800	529	
	650	478	
	659	451	
	642	588	
	594	615	
	643	459	
	574	475	
	571	601	
	736	586	
	605	558	
	601	538	
	401	225	c06000
	408	202	
	387	217	
	403	265	
	419	283	
	426	274	
	473	232	
	481	271	
	476	235	
	413	246	
	-31726	5761	e07000
	-31710	5780	
	-31734	5764	
	-31732	5784	
	-31721	5794	
	-31730	5760	
		5777	
	-31731	5759	
	-31716	5778	
	-31733	5804	
	638	499	
	652	501	
	662	503	
	654	483	
	671	496	
	660	523	
	654	484	
	617	476	
	627	505	
	666	504	
	607	499	ff7f00
	604	500	
	607	499	
	605	503	
	603	506	
	605	504	
	603	500	
	607	501	
	603	504	
	608	503	
line	421	0	421	480	000050
	128	466	608	466	
	-31900	5765	-31919	5770	00ff00
	367	247	362	267	ff0000
static	345	220	389	250	f0f078	21	/sprites/559.SMIV/8
draw	359	256	371	269	/sprites/512.SMIV/0
	344	20	392	63	/sprites/509.SMIV/9
	430	219	454	252	/sprites/637.SMIV/1
	583	474	631	530	/sprites/504.SMIV/1
	614	475	641	506	/sprites/554.SMIV/1
	392	213	403	222	/sprites/504.SMIV/19
dither	200	473	444	480	300000
tint	204	477	212	489	000000	/font/5000/20
	211		219			/font/5000/43
	218		226			/font/5000/72
	225		233			/font/5000/75
	232		240			/font/5000/69
	239		247			/font/5000/73
	246		254			/font/5000/65
	253		261			/font/5000/72
	260		268			/font/5000/20
	267		275			/font/5000/64
	274		282			/font/5000/65
	281		289			/font/5000/73
	288		296			/font/5000/74
	295		303			/font/5000/72
	302		310			/font/5000/6f
	309		317			/font/5000/79
	316		324			/font/5000/65
	323		331			/font/5000/64
	330		338			/font/5000/2e
	337		345			/font/5000/20
	344		352			
	351		359			/font/5000/33
	358		366			/font/5000/20
	365		373			/font/5000/72
	372		380			/font/5000/65
	379		387			/font/5000/6d
	386		394			/font/5000/61
	393		401			/font/5000/69
	400		408			/font/5000/6e
	407		415			/font/5000/69
	414		422			/font/5000/6e
	421		429			/font/5000/67
	428		436			/font/5000/2e
	435		443			/font/5000/20
	203	476	211	488	ff0000	
	210		218			/font/5000/43
	217		225			/font/5000/72
	224		232			/font/5000/75
	231		239			/font/5000/69
	238		246			/font/5000/73
	245		253			/font/5000/65
	252		260			/font/5000/72
	259		267			/font/5000/20
	266		274			/font/5000/64
	273		281			/font/5000/65
	280		288			/font/5000/73
	287		295			/font/5000/74
	294		302			/font/5000/72
	301		309			/font/5000/6f
	308		316			/font/5000/79
	315		323			/font/5000/65
	322		330			/font/5000/64
	329		337			/font/5000/2e
	336		344			/font/5000/20
	343		351			
	350		358			/font/5000/33
	357		365			/font/5000/20
	364		372			/font/5000/72
	371		379			/font/5000/65
	378		386			/font/5000/6d
	385		393			/font/5000/61
	392		400			/font/5000/69
	399		407			/font/5000/6e
	406		414			/font/5000/69
	413		421			/font/5000/6e
	420		428			/font/5000/67
	427		435			/font/5000/2e
	434		442			/font/5000/20
line	535	348	528	334	489048
			520	348	
	528	334			204020
draw	0	0	128	480	/pictures/501.png
	608		640		/pictures/512.png
tint	29	159	37	172	ff0000	/font/5001/30
	35		43			
	41		49			
	102		110		ff7f00	
	108		116			
	114		122			
line	614	412	614	359	00488f
		359	622		
	622			412	002850
		412	614		
rect	615	360	622	412	003870
line	614	456	614	413	007fff
		413	622		
	622			456	00488f
		456	614		
rect	615	414	622	456	0070e0
line	614	328	614	231	909048
		231	622		
	622			328	505028
		328	614		
rect	615	232	622	328	707038
line	614	200	614	103	904848
		103	622		
	622			200	502828
		200	614		
rect	615	104	622	200	703838
line	618	8	629	8	90488f
			618	9	
	629		629		
	618	36		36	
			618	35	
	629		629		
rect	620	10	628	35	703870
		35			c060c0
	634	49	636	52	007fff
		53		56	0060c0
		57		60	
		61		64	
		65		68	
		69		72	007fff
		73		76	0060c0
		77		80	
		81		84	
		85		88	
		89		92	007fff
		93		96	183018
		97		100	
		101		104	
		105		108	
		109		112	
		113		116	
		117		120	
		121		124	
		125		128	
		129		132	
		133		136	
		137		140	
		141		144	
		145		148	
		149		152	
		153		156	
		157		160	
		161		164	
		165		168	
		169		172	
		173		176	
		177		180	
		181		184	
		185		188	
		189		192	
		193		196	
		197		200	
		201		204	
		205		208	
		209		212	
		213		216	
		217		220	
		221		224	
		225		228	
		229		232	
		233		236	
		237		240	
		241		244	
		245		248	
		249		252	
		253		256	
		257		260	
		261		264	
		265		268	
		269		272	
		273		276	
		277		280	
		281		284	
		285		288	
		289		292	
		293		296	
		297		300	
		301		304	
		305		308	
		309		312	
		313		316	
		317		320	
		321		324	
		325		328	
		329		332	
		333		336	
		337		340	
		341		344	
		345		348	
		349		352	
		353		356	
		357		360	
		361		364	
		365		368	
		369		372	
		373		376	
		377		380	
		381		384	
		385		388	
		389		392	
		393		396	
		397		400	
		401		404	
		405		408	
		409		412	
		413		416	
		417		420	
		421		424	
		425		428	
		429		432	
		433		436	
		437		440	
		441		444	
		445		448	
	621	52	631	56	303000
		57		61	
		62		66	
		67		71	
		72		76	
		77		81	
		82		86	
	7	7	115	115	00ff00
	8	8	114	114	001000
	57	57	65	65	003000
point	31	64	00e000
	69	65	
	66		
	67		
	61	61	
	49	74	
	67	65	
	61	61	
	62		
	32	65	
	64	56	
	61	72	
		58	
	30	98	
	72	66	
	65		
			
	67	65	
	65	66	
			
	66		
	61	61	
	67	65	
	65	66	
rect	12	320	121	440	001000
tint	15	320	23	333	00ff00	/font/5001/42
	21		29			/font/5001/55
	27		35			/font/5001/49
	33		41			/font/5001/4c
	39		47			/font/5001/44
	45		53			/font/5001/20
	51		59			/font/5001/53
	57		65			/font/5001/48
	63		71			/font/5001/49
	69		77			/font/5001/50
	75		83			/font/5001/53
line	12	342	119	342	009000
tint	15	332	23	345	00ff00	/font/5001/46
	21		29			/font/5001/61
	27		35			/font/5001/6e
	33		41			/font/5001/73
	39		47			/font/5001/69
	45		53			/font/5001/20
	51		59			/font/5001/41
	57		65			/font/5001/6c
	63		71			/font/5001/70
	69		77			/font/5001/68
	75		83			/font/5001/61
	15	344	23	357		/font/5001/46
	21		29			/font/5001/69
	27		35			/font/5001/67
	33		41			/font/5001/68
	39		47			/font/5001/74
	45		53			/font/5001/65
	51		59			/font/5001/72
	15	356	23	369		/font/5001/43
	21		29			/font/5001/72
	27		35			/font/5001/75
	33		41			/font/5001/69
	39		47			/font/5001/73
	45		53			/font/5001/65
	51		59			/font/5001/72
line	12	379	12	368	009000
		368	120		
	120			379	005000
		379	12		
rect	13	369	120	379	007000
tint	15	368	23	381	00ff00	/font/5001/47
	21		29			/font/5001/75
	27		35			/font/5001/6e
	33		41			/font/5001/73
	39		47			/font/5001/68
	45		53			/font/5001/69
	51		59			/font/5001/70
	15	380	23	393		/font/5001/54
	21		29			/font/5001/72
	27		35			/font/5001/61
	33		41			/font/5001/6e
	39		47			/font/5001/73
	45		53			/font/5001/70
	51		59			/font/5001/6f
	57		65			/font/5001/72
	63		71			/font/5001/74
	15	392	23	405		/font/5001/45
	21		29			/font/5001/6e
	27		35			/font/5001/67
	33		41			/font/5001/69
	39		47			/font/5001/6e
	45		53			/font/5001/65
	51		59			
	57		65			/font/5001/72
	63		71			/font/5001/20
	69		77			/font/5001/50
	75		83			/font/5001/6f
	81		89			/font/5001/64
	15	404	23	417		/font/5001/41
	21		29			/font/5001/73
	27		35			
	33		41			/font/5001/61
	39		47			/font/5001/75
	45		53			/font/5001/6c
	51		59			/font/5001/74
	57		65			/font/5001/20
	63		71			/font/5001/54
	69		77			/font/5001/72
	75		83			/font/5001/61
	81		89			/font/5001/6e
	87		95			/font/5001/73
	93		101			/font/5001/70
	99		107			/font/5001/6f
	105		113			/font/5001/72
	111		119			/font/5001/74
line	12	438	119	438	009000
rect	16	450	114	475	001010
line	17	461	17	450	00c0c0
		450	43		
	43			461	007070
		461	17		
rect	18	451	43	461	009090
tint	19	450	27	463	00ffff	/font/5001/52
	25		33			/font/5001/47
	31		39			/font/5001/48
	37		45			/font/5001/54
	43		51			/font/5001/20
	49		57			/font/5001/42
	55		63			/font/5001/75
	61		69			/font/5001/69
	67		75			/font/5001/6c
	73		81			/font/5001/64
line	17	473	17	462	00c0c0
		462	43		
	43			473	007070
		473	17		
rect	18	463	43	473	009090
tint	19	462	27	475	00ffff	/font/5001/4c
	25		33			/font/5001/45
	31		39			/font/5001/46
	37		45			/font/5001/54
	43		51			/font/5001/20
	49		57			/font/5001/4d
	55		63			/font/5001/61
	61		69			/font/5001/69
	67		75			/font/5001/6e
	73		81			/font/5001/20
	79		87			/font/5001/4d
	85		93			/font/5001/65
	91		99			/font/5001/6e
	97		105			/font/5001/75
rect	12	180	120	192	000000
line	12	191	12	180	ffff00
		180	119		
	119			191	909000
		191	12		
rect	13	181	119	191	c0c000
tint	15	180	23	193	000000	/font/5001/43
	21		29			/font/5001/4f
	27		35			/font/5001/4e
	33		41			/font/5001/54
	39		47			/font/5001/52
	45		53			/font/5001/4f
	51		59			/font/5001/4c
rect	12	192	120	204	000000
tint	15	192	23	205	7fff7f	/font/5001/43
	21		29			/font/5001/52
	27		35			/font/5001/55
	33		41			/font/5001/49
	39		47			/font/5001/53
	45		53			/font/5001/45
	51		59			/font/5001/52
rect	14	204	36	226	000000
draw	16	208	34	222	/sprites/501.SMIV/0
line	14	204	35	204	489048
			14	205	
	35		35		
	14	225		225	
			14	224	
	35		35		
rect	40	204	51	226	000000
	42	206	49	212	003870
		212		224	0060c0
line	40	204	50	204	00488f
			40	205	
	50		50		
	40	225		225	
			40	224	
	50		50		
rect	53	204	64	226	000000
	55	206	62	207	707000
		207		224	c0c000
line	53	204	63	204	909000
			53	205	
	63		63		
	53	225		225	
			53	224	
	63		63		
rect	69	204	120	216	000000
tint	69	204	77	217	7fff7f	/font/5001/50
	75		83			/font/5001/4b
	81		89			/font/5001/42
	87		95			/font/5001/45
	93		101			/font/5001/41
	99		107			/font/5001/4d
	105		113			/font/5001/20
	111		119			/font/5001/31
rect	69	216	120	228	000000
tint	69	216	77	229	7fff7f	/font/5001/46
	75		83			/font/5001/20
	81		89			/font/5001/50
	87		95			/font/5001/55
	93		101			/font/5001/4c
	99		107			/font/5001/53
	105		113			/font/5001/45
rect	69	192	120	204	000000
	12	228		240	
tint	12	228	20	241	00ff00	/font/5001/41
	18		26			/font/5001/73
	24		32			
	30		38			/font/5001/61
	36		44			/font/5001/75
	42		50			/font/5001/6c
	48		56			/font/5001/74
	54		62			/font/5001/20
	60		68			/font/5001/54
	66		74			/font/5001/72
	72		80			/font/5001/61
	78		86			/font/5001/6e
	84		92			/font/5001/73
	90		98			/font/5001/70
	96		104			/font/5001/6f
	102		110			/font/5001/72
	108		116			/font/5001/74
rect	12	252	120	264	000000
line	12	263	12	252	007fff
		252	119		
	119			263	00488f
		263	12		
rect	13	253	119	263	0060c0
tint	15	252	23	265	000000	/font/5001/54
	21		29			/font/5001/41
	27		35			/font/5001/52
	33		41			/font/5001/47
	39		47			/font/5001/45
	45		53			/font/5001/54
rect	12	264	120	276	000000
tint	15	264	23	277	7fff7f	/font/5001/41
	21		29			/font/5001/53
	27		35			/font/5001/4c
	33		41			/font/5001/54
	39		47			
	45		53			/font/5001/52
	51		59			/font/5001/41
	57		65			/font/5001/4e
rect	14	276	36	298	000000
draw	16	280	34	294	/sprites/559.SMIV/0
line	14	276	35	276	489048
			14	277	
	35		35		
	14	297		297	
			14	296	
	35		35		
rect	40	276	51	298	000000
	42	278	49	288	003870
		288		296	0060c0
line	40	276	50	276	00488f
			40	277	
	50		50		
	40	297		297	
			40	296	
	50		50		
rect	53	276	64	298	000000
	55	278	62	296	707000
		296			c0c000
line	53	276	63	276	909000
			53	277	
	63		63		
	53	297		297	
			53	296	
	63		63		
rect	69	276	120	288	000000
tint	69	276	77	289	7fff7f	/font/5001/50
	75		83			/font/5001/4b
	81		89			/font/5001/42
	87		95			/font/5001/45
	93		101			/font/5001/41
	99		107			/font/5001/4d
	105		113			/font/5001/20
	111		119			/font/5001/32
rect	69	288	120	300	000000
tint	69	288	77	301	7fff7f	/font/5001/43
	75		83			/font/5001/4d
	81		89			/font/5001/49
	87		95			/font/5001/53
	93		101			
	99		107			/font/5001/49
	105		113			/font/5001/4c
	111		119			/font/5001/45
rect	69	264	120	276	000000
tint	69	264	77	277	7fff7f	/font/5001/41
	75		83			/font/5001/53
	81		89			/font/5001/4c
	87		95			/font/5001/54
	93		101			
	99		107			/font/5001/45
	105		113			/font/5001/41
	111		119			/font/5001/4d
rect	12	300	120	312	000000
