point	347	261	b0b0b0
	147	315	808080
	524	135	b0b0b0
	308	87	
	259	128	
	244	467	
	292	384	808080
	165	463	b0b0b0
	472	16	d0d0d0
	341	204	b0b0b0
	538	280	
	136	100	808080
	461	267	
	193	383	b0b0b0
	414	97	
	202	216	
	173	396	d0d0d0
	588	280	
	299	40	
	436	153	b0b0b0
	607	295	d0d0d0
	180	68	808080
	159	134	d0d0d0
	478	247	
	287	367	b0b0b0
	547	254	808080
	592	41	
	502	6	d0d0d0
	489	84	
	602	358	808080
	414	308	b0b0b0
	410	126	808080
	254	123	d0d0d0
	520	190	
	133	224	808080
	375	78	b0b0b0
	545	346	
	350	454	808080
	170	378	d0d0d0
	306	297	808080
	388	385	
	473	257	d0d0d0
	229	242	808080
	564	75	b0b0b0
	169	217	808080
	261	405	d0d0d0
	205	173	808080
	406	150	b0b0b0
	494	34	
	317	219	808080
	357	372	d0d0d0
	466	60	
	386	340	808080
	440	478	b0b0b0
	139	7	808080
	166	35	d0d0d0
	176	261	808080
	331	410	
	595	219	d0d0d0
	217	210	808080
	426	239	d0d0d0
	132	294	808080
	333	389	
	234	256	b0b0b0
	608	189	808080
	598	42	d0d0d0
	216	265	b0b0b0
	326	48	808080
	285	478	
	440	0	
	563	344	b0b0b0
	173	462	808080
	538	292	
	437	135	b0b0b0
	335	384	d0d0d0
	560	114	
	529	323	808080
	184	319	d0d0d0
	334	210	808080
	230	186	b0b0b0
	189	201	
	442	184	
	274	51	808080
	315	410	
	271	100	d0d0d0
	281	345	808080
	481	341	
	569	216	b0b0b0
	513	9	808080
	226	27	d0d0d0
	260	471	808080
	450	431	
	196	443	
	545	272	
	398	168	d0d0d0
	430	162	808080
	441	314	
	559	474	
	560	363	b0b0b0
	206	155	808080
	514	323	b0b0b0
	197	132	
	311	53	d0d0d0
	411	197	b0b0b0
	504	77	
	486	50	808080
	342	29	
	156	216	d0d0d0
	297	178	
	173	329	
	345	19	808080
	330	275	d0d0d0
	445	357	b0b0b0
	134	111	d0d0d0
	581	160	b0b0b0
	204	210	
	394	220	808080
	469	117	
	138	180	b0b0b0
	219	135	
	423	131	
	223	292	808080
	435	372	b0b0b0
	367	403	
	384	329	d0d0d0
	709	-43	b05800
	669	-42	
	703	-44	
	663	10	
	739	-9	
	702	29	
		22	
	689	-3	
	691	-35	
	662	25	
	755	104	d06800
	740	119	
		131	
	742	114	
	751	142	
	715	135	
	751	138	
	721	107	
	725	144	
	713	108	
	683	-8	e07000
	689	-21	
	660	-18	
	675	-13	
	677	-3	
	667	-24	
	684	-18	
	685	-9	
	679	-6	
	672	-26	
	767	106	100800
	638	116	
	839	-90	
	651	135	
	718	-11	
	615	68	
	865	-66	
	782	131	
	767	31	
	708	125	
	614	134	201000
	650	-12	
	704	18	
	706	71	
	689	65	
	852	52	
	863	29	
	684	1	
	632	44	
	684	117	
	710	-35	502800
	751	93	
	720	-12	
	793	68	
	802	10	
	653	-83	
	751	-8	
	734	21	
	644	-14	
	784	-82	
	643	-53	703800
	770	-40	
	637	-75	
	729	6	
	677	-69	
	756	54	
	751	-68	
	727	-36	
	772	-30	
	739	-42	
	732	15	
	674	44	
	678	-42	
	762	2	
	748	61	
	739	-14	
	711	-73	
	701		
	697	-38	
	672	-25	
line	388	0	388	480	000050
	128	256	608	256	
	737	173	742	183	ff0000
	665	22	667	15	00ff00
	-16684	3047	-16682	3055	
draw	356	231	375	246	/sprites/559.SMIV/2
	491	38	503	55	/sprites/637.SMIV/23
	197	257	205	259	/sprites/528.SMIV/6
	517	152	527	160	/sprites/541.SMIV/26
line	487	80	473	86	489048
			486	95	
	473	86			204020
draw	0	0	128	480	/pictures/501.png
	608		640		/pictures/512.png
tint	29	159	37	172	ff0000	/font/5001/30
	35		43			
	41		49			
	102		110		ff7f00	
	108		116			
	114		122			
line	614	431	614	359	00488f
		359	622		
	622			431	002850
		431	614		
rect	615	360	622	431	003870
line	614	456	614	432	007fff
		432	622		
	622			456	00488f
		456	614		
rect	615	433	622	456	0070e0
line	614	328	614	231	909048
		231	622		
	622			328	505028
		328	614		
rect	615	232	622	328	707038
line	614	200	614	103	904848
		103	622		
	622			200	502828
		200	614		
rect	615	104	622	200	703838
line	618	8	629	8	90488f
			618	9	
	629		629		
	618	36		36	
			618	35	
	629		629		
rect	620	10	628	35	703870
		35			c060c0
	634	49	636	52	7fff7f
		53		56	0060c0
		57		60	
		61		64	
		65		68	
		69		72	007fff
		73		76	0060c0
		77		80	
		81		84	
		85		88	
		89		92	007fff
		93		96	0060c0
		97		100	183018
		101		104	
		105		108	
		109		112	
		113		116	
		117		120	
		121		124	
		125		128	
		129		132	
		133		136	
		137		140	
		141		144	
		145		148	
		149		152	
		153		156	
		157		160	
		161		164	
		165		168	
		169		172	
		173		176	
		177		180	
		181		184	
		185		188	
		189		192	
		193		196	
		197		200	
		201		204	
		205		208	
		209		212	
		213		216	
		217		220	
		221		224	
		225		228	
		229		232	
		233		236	
		237		240	
		241		244	
		245		248	
		249		252	
		253		256	
		257		260	
		261		264	
		265		268	
		269		272	
		273		276	
		277		280	
		281		284	
		285		288	
		289		292	
		293		296	
		297		300	
		301		304	
		305		308	
		309		312	
		313		316	
		317		320	
		321		324	
		325		328	
		329		332	
		333		336	
		337		340	
		341		344	
		345		348	
		349		352	
		353		356	
		357		360	
		361		364	
		365		368	
		369		372	
		373		376	
		377		380	
		381		384	
		385		388	
		389		392	
		393		396	
		397		400	
		401		404	
		405		408	
		409		412	
		413		416	
		417		420	
		421		424	
		425		428	
		429		432	
		433		436	
		437		440	
		441		444	
		445		448	
	621	52	631	56	303000
		57		61	
		62		66	
		67		71	
		72		76	
		77		81	
		82		86	
	7	7	115	115	00ff00
	8	8	114	114	001000
	53	53	69	69	003000
point	41	61	00e000
	74	59	
	72	53	
	75	60	
	72	52	
			
			
	71		
	74	57	
	71	51	
	72	60	
	73	57	
	55	61	
	66	58	
	65	54	
	73	57	
			
	78	70	
	72	50	
	39	102	
	86	64	
	79	62	
rect	12	320	121	440	001000
tint	15	320	23	333	00ff00	/font/5001/42
	21		29			/font/5001/55
	27		35			/font/5001/49
	33		41			/font/5001/4c
	39		47			/font/5001/44
	45		53			/font/5001/20
	51		59			/font/5001/53
	57		65			/font/5001/48
	63		71			/font/5001/49
	69		77			/font/5001/50
	75		83			/font/5001/53
line	12	342	119	342	009000
tint	15	332	23	345	00ff00	/font/5001/46
	21		29			/font/5001/61
	27		35			/font/5001/6e
	33		41			/font/5001/73
	39		47			/font/5001/69
	45		53			/font/5001/20
	51		59			/font/5001/41
	57		65			/font/5001/6c
	63		71			/font/5001/70
	69		77			/font/5001/68
	75		83			/font/5001/61
	15	344	23	357		/font/5001/46
	21		29			/font/5001/69
	27		35			/font/5001/67
	33		41			/font/5001/68
	39		47			/font/5001/74
	45		53			/font/5001/65
	51		59			/font/5001/72
	15	356	23	369		/font/5001/43
	21		29			/font/5001/72
	27		35			/font/5001/75
	33		41			/font/5001/69
	39		47			/font/5001/73
	45		53			/font/5001/65
	51		59			/font/5001/72
line	12	379	12	368	009000
		368	120		
	120			379	005000
		379	12		
rect	13	369	120	379	007000
tint	15	368	23	381	00ff00	/font/5001/47
	21		29			/font/5001/75
	27		35			/font/5001/6e
	33		41			/font/5001/73
	39		47			/font/5001/68
	45		53			/font/5001/69
	51		59			/font/5001/70
	15	380	23	393		/font/5001/54
	21		29			/font/5001/72
	27		35			/font/5001/61
	33		41			/font/5001/6e
	39		47			/font/5001/73
	45		53			/font/5001/70
	51		59			/font/5001/6f
	57		65			/font/5001/72
	63		71			/font/5001/74
	15	392	23	405		/font/5001/45
	21		29			/font/5001/6e
	27		35			/font/5001/67
	33		41			/font/5001/69
	39		47			/font/5001/6e
	45		53			/font/5001/65
	51		59			
	57		65			/font/5001/72
	63		71			/font/5001/20
	69		77			/font/5001/50
	75		83			/font/5001/6f
	81		89			/font/5001/64
	15	404	23	417		/font/5001/41
	21		29			/font/5001/73
	27		35			
	33		41			/font/5001/61
	39		47			/font/5001/75
	45		53			/font/5001/6c
	51		59			/font/5001/74
	57		65			/font/5001/20
	63		71			/font/5001/54
	69		77			/font/5001/72
	75		83			/font/5001/61
	81		89			/font/5001/6e
	87		95			/font/5001/73
	93		101			/font/5001/70
	99		107			/font/5001/6f
	105		113			/font/5001/72
	111		119			/font/5001/74
line	12	438	119	438	009000
rect	16	450	114	475	001010
line	17	461	17	450	00c0c0
		450	43		
	43			461	007070
		461	17		
rect	18	451	43	461	009090
tint	19	450	27	463	00ffff	/font/5001/52
	25		33			/font/5001/47
	31		39			/font/5001/48
	37		45			/font/5001/54
	43		51			/font/5001/20
	49		57			/font/5001/42
	55		63			/font/5001/75
	61		69			/font/5001/69
	67		75			/font/5001/6c
	73		81			/font/5001/64
line	17	473	17	462	00c0c0
		462	43		
	43			473	007070
		473	17		
rect	18	463	43	473	009090
tint	19	462	27	475	00ffff	/font/5001/4c
	25		33			/font/5001/45
	31		39			/font/5001/46
	37		45			/font/5001/54
	43		51			/font/5001/20
	49		57			/font/5001/4d
	55		63			/font/5001/61
	61		69			/font/5001/69
	67		75			/font/5001/6e
	73		81			/font/5001/20
	79		87			/font/5001/4d
	85		93			/font/5001/65
	91		99			/font/5001/6e
	97		105			/font/5001/75
line	12	191	12	180	ffff00
		180	120		
	120			191	909000
		191	12		
rect	13	181	120	191	c0c000
tint	15	180	23	193	000000	/font/5001/43
	21		29			/font/5001/4f
	27		35			/font/5001/4e
	33		41			/font/5001/54
	39		47			/font/5001/52
	45		53			/font/5001/4f
	51		59			/font/5001/4c
	15	192	23	205	7fff7f	/font/5001/43
	21		29			/font/5001/52
	27		35			/font/5001/55
	33		41			/font/5001/49
	39		47			/font/5001/53
	45		53			/font/5001/45
	51		59			/font/5001/52
draw	16	208	34	222	/sprites/501.SMIV/0
line	14	204	35	204	489048
			14	205	
	35		35		
	14	225		225	
			14	224	
	35		35		
rect	42	206	49	220	003870
		220		224	0060c0
line	40	204	50	204	00488f
			40	205	
	50		50		
	40	225		225	
			40	224	
	50		50		
rect	55	206	62	207	707000
		207		224	c0c000
line	53	204	63	204	909000
			53	205	
	63		63		
	53	225		225	
			53	224	
	63		63		
tint	69	204	77	217	7fff7f	/font/5001/50
	75		83			/font/5001/4b
	81		89			/font/5001/42
	87		95			/font/5001/45
	93		101			/font/5001/41
	99		107			/font/5001/4d
	105		113			/font/5001/20
	111		119			/font/5001/31
	69	216	77	229		/font/5001/46
	75		83			/font/5001/20
	81		89			/font/5001/50
	87		95			/font/5001/55
	93		101			/font/5001/4c
	99		107			/font/5001/53
	105		113			/font/5001/45
	12	228	20	241	00ff00	/font/5001/41
	18		26			/font/5001/73
	24		32			
	30		38			/font/5001/61
	36		44			/font/5001/75
	42		50			/font/5001/6c
	48		56			/font/5001/74
	54		62			/font/5001/20
	60		68			/font/5001/54
	66		74			/font/5001/72
	72		80			/font/5001/61
	78		86			/font/5001/6e
	84		92			/font/5001/73
	90		98			/font/5001/70
	96		104			/font/5001/6f
	102		110			/font/5001/72
	108		116			/font/5001/74
line	12	263	12	252	007fff
		252	120		
	120			263	00488f
		263	12		
rect	13	253	120	263	0060c0
tint	15	252	23	265	000000	/font/5001/54
	21		29			/font/5001/41
	27		35			/font/5001/52
	33		41			/font/5001/47
	39		47			/font/5001/45
	45		53			/font/5001/54
	15	264	23	277	7fff7f	/font/5001/41
	21		29			/font/5001/53
	27		35			/font/5001/4c
	33		41			/font/5001/54
	39		47			
	45		53			/font/5001/52
	51		59			/font/5001/41
	57		65			/font/5001/4e
draw	16	280	34	294	/sprites/559.SMIV/0
line	14	276	35	276	489048
			14	277	
	35		35		
	14	297		297	
			14	296	
	35		35		
rect	42	278	49	292	003870
		292		296	0060c0
line	40	276	50	276	00488f
			40	277	
	50		50		
	40	297		297	
			40	296	
	50		50		
rect	55	278	62	296	707000
		296			c0c000
line	53	276	63	276	909000
			53	277	
	63		63		
	53	297		297	
			53	296	
	63		63		
tint	69	276	77	289	7fff7f	/font/5001/50
	75		83			/font/5001/4b
	81		89			/font/5001/42
	87		95			/font/5001/45
	93		101			/font/5001/41
	99		107			/font/5001/4d
	105		113			/font/5001/20
	111		119			/font/5001/32
	69	288	77	301		/font/5001/43
	75		83			/font/5001/4d
	81		89			/font/5001/49
	87		95			/font/5001/53
	93		101			
	99		107			/font/5001/49
	105		113			/font/5001/4c
	111		119			/font/5001/45
	69	264	77	277		/font/5001/41
	75		83			/font/5001/53
	81		89			/font/5001/4c
	87		95			/font/5001/54
	93		101			
	99		107			/font/5001/45
	105		113			/font/5001/41
	111		119			/font/5001/4d
