point	542	75	b0b0b0
	523	260	
	319	278	808080
	549	363	d0d0d0
	319	451	808080
	478	228	b0b0b0
	584	46	808080
	205	6	b0b0b0
	220	345	d0d0d0
	338	219	808080
	259	181	
	200	337	b0b0b0
	301	75	808080
	239	88	
	508	168	b0b0b0
	322	358	
	510	301	
	451	145	
	437	143	808080
	477	19	b0b0b0
	233	67	d0d0d0
	221	61	b0b0b0
	285	115	808080
	156	410	b0b0b0
	205	392	
	235	35	808080
	328	184	b0b0b0
	435	377	808080
	586	142	b0b0b0
	270	337	
	228	312	d0d0d0
	483	450	b0b0b0
	308	306	808080
	220	265	b0b0b0
	570	207	d0d0d0
	155	409	808080
	313	372	
	266	190	d0d0d0
	421	176	b0b0b0
	171	39	
	276	70	
	176	22	808080
	147	48	d0d0d0
	569	158	
	284	89	808080
	290	221	
	441	208	b0b0b0
	406	156	
	170	92	d0d0d0
	554	463	808080
	563	244	d0d0d0
	336	29	
	171	416	
	521	421	b0b0b0
	387		808080
	589	38	d0d0d0
	408	385	b0b0b0
	229	0	808080
	224	32	
	527	443	
	538	149	
	270	282	b0b0b0
	188	130	808080
	209	475	
	463	79	d0d0d0
	492	-1	808080
	485	200	b0b0b0
	345	104	
	579	143	d0d0d0
	606	353	808080
	245	42	
	139	160	d0d0d0
	430	44	808080
	340	229	d0d0d0
	139	120	808080
	302	249	
	373	365	b0b0b0
	196	222	
	330	167	808080
	246	424	b0b0b0
	176	253	d0d0d0
	352	410	b0b0b0
	173	201	808080
	310	165	
	600	215	b0b0b0
	219	416	d0d0d0
	437	181	808080
	242	145	
	274	168	b0b0b0
	342	475	808080
	310	108	d0d0d0
	445	132	
	475	353	808080
	531	377	b0b0b0
	459	131	
	607	162	808080
	601	44	
	204	372	
	274	365	d0d0d0
	580	353	
	169	374	
	580	380	b0b0b0
	154	222	
	205	238	808080
	225	6	
	273	92	
	354	365	
	565	152	b0b0b0
	416	462	808080
	201	377	
	152	257	
	426	335	d0d0d0
	522	264	b0b0b0
	314	292	d0d0d0
	458	291	808080
	522	299	
	144	122	b0b0b0
	522	182	808080
	494	457	
	377	76	b0b0b0
	410	364	d0d0d0
	205	164	
	321	272	
	298	71	808080
	388	59	d0d0d0
line	206	0	206	480	000050
	490		490		
	128	129	608	129	
		413		413	
draw	264	361	281	377	/sprites/559.SMIV/1
	430	409	436	416	/sprites/512.SMIV/0
	159	457	180	484	/sprites/506.SMIV/4
	518	440	535	455	/sprites/501.SMIV/9
	354	226	380	249	/sprites/509.SMIV/10
	502	52	521	69	/sprites/637.SMIV/17
	214	391	220	396	/sprites/508.SMIV/3
	451	118	457	123	/sprites/528.SMIV/15
	206	388	212	392	/sprites/508.SMIV/1
	418	107	437	121	/sprites/541.SMIV/16
dither	527	459	582	476	303000
tint	531	463	539	475	000000	/font/5000/43
	538		546			/font/5000/72
	545		553			/font/5000/75
	552		560			/font/5000/69
	559		567			/font/5000/73
	566		574			/font/5000/65
	573		581			/font/5000/72
	530	462	538	474	ffff00	/font/5000/43
	537		545			/font/5000/72
	544		552			/font/5000/75
	551		559			/font/5000/69
	558		566			/font/5000/73
	565		573			/font/5000/65
	572		580			/font/5000/72
line	463	413	463	398	489048
			450	405	
		398			204020
draw	0	0	128	480	/pictures/501.png
	608		640		/pictures/512.png
line	614	378	614	359	00488f
		359	622		
	622			378	002850
		378	614		
rect	615	360	622	378	003870
line	614	456	614	379	007fff
		379	622		
	622			456	00488f
		456	614		
rect	615	380	622	456	0070e0
line	614	328	614	231	ffff7f
		231	622		
	622			328	909048
		328	614		
rect	615	232	622	328	e0e070
line	614	108	614	103	904848
		103	622		
	622			108	502828
		108	614		
rect	615	104	622	108	703838
line	614	200	614	109	ff7f7f
		109	622		
	622			200	904848
		200	614		
rect	615	110	622	200	e07070
line	618	8	629	8	90488f
			618	9	
	629		629		
	618	36		36	
			618	35	
	629		629		
rect	620	10	628	35	703870
		35			c060c0
	634	49	636	52	7fff7f
		53		56	60c060
		57		60	
		61		64	0060c0
		65		68	
		69		72	007fff
		73		76	0060c0
		77		80	
		81		84	
		85		88	
		89		92	007fff
		93		96	0060c0
		97		100	
		101		104	
		105		108	183018
		109		112	
		113		116	
		117		120	
		121		124	
		125		128	
		129		132	
		133		136	
		137		140	
		141		144	
		145		148	
		149		152	
		153		156	
		157		160	
		161		164	
		165		168	
		169		172	
		173		176	
		177		180	
		181		184	
		185		188	
		189		192	
		193		196	
		197		200	
		201		204	
		205		208	
		209		212	
		213		216	
		217		220	
		221		224	
		225		228	
		229		232	
		233		236	
		237		240	
		241		244	
		245		248	
		249		252	
		253		256	
		257		260	
		261		264	
		265		268	
		269		272	
		273		276	
		277		280	
		281		284	
		285		288	
		289		292	
		293		296	
		297		300	
		301		304	
		305		308	
		309		312	
		313		316	
		317		320	
		321		324	
		325		328	
		329		332	
		333		336	
		337		340	
		341		344	
		345		348	
		349		352	
		353		356	
		357		360	
		361		364	
		365		368	
		369		372	
		373		376	
		377		380	
		381		384	
		385		388	
		389		392	
		393		396	
		397		400	
		401		404	
		405		408	
		409		412	
		413		416	
		417		420	
		421		424	
		425		428	
		429		432	
		433		436	
		437		440	
		441		444	
		445		448	
	621	52	631	56	303000
		57		61	
		62		66	
		67		71	
		72		76	
		77		81	
		82		86	
	7	7	115	115	00ff00
	8	8	114	114	001000
	53	53	69	69	003000
point	34	66	00e000
	43	67	
	61	73	
	58	65	
	83	64	
	58	51	
	54	69	
	57	45	
	63	67	
	34	66	
	56		
	66	55	
	56	66	
	63	57	
	66	68	
	64	57	
	86	73	
	80	67	
rect	12	320	121	440	001000
tint	15	320	23	333	00ff00	/font/5001/42
	21		29			/font/5001/55
	27		35			/font/5001/49
	33		41			/font/5001/4c
	39		47			/font/5001/44
	45		53			/font/5001/20
	51		59			/font/5001/53
	57		65			/font/5001/48
	63		71			/font/5001/49
	69		77			/font/5001/50
	75		83			/font/5001/53
line	12	342	119	342	009000
tint	15	332	23	345	00ff00	/font/5001/46
	21		29			/font/5001/61
	27		35			/font/5001/6e
	33		41			/font/5001/73
	39		47			/font/5001/69
	45		53			/font/5001/20
	51		59			/font/5001/41
	57		65			/font/5001/6c
	63		71			/font/5001/70
	69		77			/font/5001/68
	75		83			/font/5001/61
	15	344	23	357		/font/5001/46
	21		29			/font/5001/69
	27		35			/font/5001/67
	33		41			/font/5001/68
	39		47			/font/5001/74
	45		53			/font/5001/65
	51		59			/font/5001/72
	15	356	23	369		/font/5001/43
	21		29			/font/5001/72
	27		35			/font/5001/75
	33		41			/font/5001/69
	39		47			/font/5001/73
	45		53			/font/5001/65
	51		59			/font/5001/72
line	12	379	12	368	009000
		368	120		
	120			379	005000
		379	12		
rect	13	369	120	379	007000
tint	15	368	23	381	00ff00	/font/5001/47
	21		29			/font/5001/75
	27		35			/font/5001/6e
	33		41			/font/5001/73
	39		47			/font/5001/68
	45		53			/font/5001/69
	51		59			/font/5001/70
	15	380	23	393		/font/5001/54
	21		29			/font/5001/72
	27		35			/font/5001/61
	33		41			/font/5001/6e
	39		47			/font/5001/73
	45		53			/font/5001/70
	51		59			/font/5001/6f
	57		65			/font/5001/72
	63		71			/font/5001/74
	15	392	23	405		/font/5001/45
	21		29			/font/5001/6e
	27		35			/font/5001/67
	33		41			/font/5001/69
	39		47			/font/5001/6e
	45		53			/font/5001/65
	51		59			
	57		65			/font/5001/72
	63		71			/font/5001/20
	69		77			/font/5001/50
	75		83			/font/5001/6f
	81		89			/font/5001/64
	15	404	23	417		/font/5001/41
	21		29			/font/5001/73
	27		35			
	33		41			/font/5001/61
	39		47			/font/5001/75
	45		53			/font/5001/6c
	51		59			/font/5001/74
	57		65			/font/5001/20
	63		71			/font/5001/54
	69		77			/font/5001/72
	75		83			/font/5001/61
	81		89			/font/5001/6e
	87		95			/font/5001/73
	93		101			/font/5001/70
	99		107			/font/5001/6f
	105		113			/font/5001/72
	111		119			/font/5001/74
line	12	438	119	438	009000
rect	16	450	114	475	001010
line	17	461	17	450	00c0c0
		450	43		
	43			461	007070
		461	17		
rect	18	451	43	461	009090
tint	19	450	27	463	00ffff	/font/5001/52
	25		33			/font/5001/47
	31		39			/font/5001/48
	37		45			/font/5001/54
	43		51			/font/5001/20
	49		57			/font/5001/42
	55		63			/font/5001/75
	61		69			/font/5001/69
	67		75			/font/5001/6c
	73		81			/font/5001/64
line	17	473	17	462	00c0c0
		462	43		
	43			473	007070
		473	17		
rect	18	463	43	473	009090
tint	19	462	27	475	00ffff	/font/5001/4c
	25		33			/font/5001/45
	31		39			/font/5001/46
	37		45			/font/5001/54
	43		51			/font/5001/20
	49		57			/font/5001/4d
	55		63			/font/5001/61
	61		69			/font/5001/69
	67		75			/font/5001/6e
	73		81			/font/5001/20
	79		87			/font/5001/4d
	85		93			/font/5001/65
	91		99			/font/5001/6e
	97		105			/font/5001/75
rect	12	180	120	192	000000
line	12	191	12	180	ffff00
		180	119		
	119			191	909000
		191	12		
rect	13	181	119	191	c0c000
tint	15	180	23	193	000000	/font/5001/43
	21		29			/font/5001/4f
	27		35			/font/5001/4e
	33		41			/font/5001/54
	39		47			/font/5001/52
	45		53			/font/5001/4f
	51		59			/font/5001/4c
rect	12	192	120	204	000000
tint	15	192	23	205	7fff7f	/font/5001/41
	21		29			/font/5001/53
	27		35			/font/5001/4c
	33		41			/font/5001/54
	39		47			
	45		53			/font/5001/52
	51		59			/font/5001/41
	57		65			/font/5001/4e
rect	14	204	36	226	000000
draw	16	208	34	222	/sprites/559.SMIV/0
line	14	204	35	204	489048
			14	205	
	35		35		
	14	225		225	
			14	224	
	35		35		
rect	40	204	51	226	000000
	42	206	49	220	003870
		220		224	0060c0
line	40	204	50	204	00488f
			40	205	
	50		50		
	40	225		225	
			40	224	
	50		50		
rect	53	204	64	226	000000
	55	206	62	224	707000
		224			c0c000
line	53	204	63	204	909000
			53	205	
	63		63		
	53	225		225	
			53	224	
	63		63		
rect	69	204	120	216	000000
tint	69	204	77	217	7fff7f	/font/5001/50
	75		83			/font/5001/4b
	81		89			/font/5001/42
	87		95			/font/5001/45
	93		101			/font/5001/41
	99		107			/font/5001/4d
	105		113			/font/5001/20
	111		119			/font/5001/32
rect	69	216	120	228	000000
tint	69	216	77	229	7fff7f	/font/5001/43
	75		83			/font/5001/4d
	81		89			/font/5001/49
	87		95			/font/5001/53
	93		101			
	99		107			/font/5001/49
	105		113			/font/5001/4c
	111		119			/font/5001/45
rect	69	192	120	204	000000
tint	69	192	77	205	7fff7f	/font/5001/41
	75		83			/font/5001/53
	81		89			/font/5001/4c
	87		95			/font/5001/54
	93		101			
	99		107			/font/5001/45
	105		113			/font/5001/41
	111		119			/font/5001/4d
rect	12	228	120	240	000000
tint	12	228	20	241	00ff00	/font/5001/47
	18		26			/font/5001/75
	24		32			/font/5001/6e
	30		38			/font/5001/73
	36		44			/font/5001/68
	42		50			/font/5001/69
	48		56			/font/5001/70
rect	12	252	120	264	000000
line	12	263	12	252	007fff
		252	119		
	119			263	00488f
		263	12		
rect	13	253	119	263	0060c0
tint	15	252	23	265	000000	/font/5001/54
	21		29			/font/5001/41
	27		35			/font/5001/52
	33		41			/font/5001/47
	39		47			/font/5001/45
	45		53			/font/5001/54
rect	12	264	120	276	000000
tint	15	264	23	277	7fff7f	/font/5001/47
	21		29			/font/5001/55
	27		35			/font/5001/4e
	33		41			/font/5001/53
	39		47			/font/5001/48
	45		53			/font/5001/49
	51		59			/font/5001/50
rect	14	276	36	298	000000
draw	16	280	34	294	/sprites/509.SMIV/0
line	14	276	35	276	489048
			14	277	
	35		35		
	14	297		297	
			14	296	
	35		35		
rect	40	276	51	298	000000
	42	278	49	282	003870
		282		296	0060c0
line	40	276	50	276	00488f
			40	277	
	50		50		
	40	297		297	
			40	296	
	50		50		
rect	53	276	64	298	000000
	55	278	62	278	707000
				296	c0c000
line	53	276	63	276	909000
			53	277	
	63		63		
	53	297		297	
			53	296	
	63		63		
rect	69	276	120	288	000000
tint	69	276	77	289	7fff7f	/font/5001/50
	75		83			/font/5001/4b
	81		89			/font/5001/42
	87		95			/font/5001/45
	93		101			/font/5001/41
	99		107			/font/5001/4d
	105		113			/font/5001/20
	111		119			/font/5001/31
rect	69	288	120	300	000000
tint	69	288	77	301	7fff7f	/font/5001/4c
	75		83			/font/5001/42
	81		89			/font/5001/45
	87		95			/font/5001/41
	93		101			/font/5001/4d
	99		107			/font/5001/20
	105		113			/font/5001/31
rect	69	264	120	276	000000
	12	300		312	
