point	345	252	b0b0b0
	168	356	
	430	77	808080
	312	19	b0b0b0
	430	249	808080
	266	427	
	564	171	d0d0d0
	545	17	b0b0b0
	376	427	
	606	387	808080
	313	442	d0d0d0
	251	24	808080
	578	353	
	447	312	b0b0b0
	148	387	808080
	145	304	b0b0b0
	306	425	808080
	415	273	d0d0d0
	186	377	
	130	284	b0b0b0
	282	411	808080
	431	317	
	273	349	b0b0b0
	323	108	
	373	91	
	377	312	808080
	608	352	b0b0b0
	546	176	808080
	225	134	
	516	46	d0d0d0
	551	380	
	167	391	b0b0b0
	419	105	808080
	144	168	
	186	44	b0b0b0
	266	207	808080
	424	171	
	462	268	d0d0d0
	420	350	b0b0b0
	484	216	
	255	324	808080
	506	211	b0b0b0
	159	443	808080
	193	92	
	195	54	d0d0d0
	356	19	808080
	161	105	d0d0d0
	517	471	b0b0b0
	429	245	
	176	462	808080
	262	61	b0b0b0
	272	220	
	232	172	
	207	109	
	498	220	808080
	441	205	b0b0b0
	575	83	
	500	178	
	480	143	d0d0d0
	294	446	b0b0b0
	229	423	d0d0d0
	311	454	
	562	339	
	321	274	808080
	402	315	
	464	277	
	591	120	
	340	281	b0b0b0
	296	14	808080
	534	274	b0b0b0
	470	164	d0d0d0
	345	296	b0b0b0
	358	244	
	203	111	808080
	540	356	b0b0b0
	413	48	808080
	540	63	b0b0b0
	276	222	d0d0d0
	427	427	b0b0b0
	414	122	
	523	363	
	519	108	
	163	467	808080
	161	447	
	274	382	
	140	111	b0b0b0
	148	75	808080
	456	419	
	198	311	b0b0b0
	453	274	808080
	382	329	
	330	342	
	586	152	
	373	23	d0d0d0
	160	358	808080
	258	379	
	462	334	
	315	171	
	385	439	d0d0d0
	322	417	b0b0b0
	413	453	808080
	292	23	
	186	51	b0b0b0
	571	55	
	266	250	d0d0d0
	361	265	
	465	164	808080
	253	186	b0b0b0
	527	261	808080
	312	176	
	263	55	
	196	447	b0b0b0
	384	468	
	604	162	808080
	569	90	
	552	31	
	373	358	
	130	273	b0b0b0
	604	292	d0d0d0
	242	328	808080
	544	444	d0d0d0
	589	158	808080
	210	275	d0d0d0
	305	222	
	607	324	b0b0b0
	29	323	100800
	0	366	
	81	263	
	61	345	
	12	295	
	46	312	
	69	300	
	99	325	
	13	370	
			
	45	253	402000
	28	317	
	65	243	
	2	235	
	-20	260	
	-3	300	
	55	267	
	73		
	32	280	
	3	301	
	69	308	502800
	-8	261	
	65	271	
	-11	285	
	42	319	
	15	274	
	4	281	
	-5	300	
	8	362	
	12	271	
line	167	0	167	480	002850
	274		274		000050
	381		381		
	488		488		
	595		595		002850
	128	40	608	40	000050
		147		147	
		254		254	
		361		361	005000
		468		468	000050
rect	150	241	164	255	009000
plus	475	238	485	248	00c000
triangle	459	345	465	351	900000
	411	157	421	167	c00000
	422	417	430	425	00c000
	509	193	515	199	c00000
	362	234	372	244	00c000
rect	291	26	293	28	c00000
	177	246	179	248	
					
					
					
					
					
					
					
					
					
	169	242	171	244	00ff00
	176	245	180	249	ff0000
	170	246	174	250	00ff00
dither	426	431	481	448	303000
crop	430	435	437	446	24	44	000000	/fonts/tactical
	437		444		16	77		
	444		451		40			
	451		458		72	66		
	458		465		24	77		
	465		472		40	66		
	472		479		16	77		
	429	434	436	445	24	44	ffff00	
	436		443		16	77		
	443		450		40			
	450		457		72	66		
	457		464		24	77		
	464		471		40	66		
	471		478		16	77		
dither	200	50	339	67	003030
crop	204	54	211	65	80	55	000000	/fonts/tactical
	211		218		120	66		
	218		225					
	225		232		104			
	232		239		0	22		
	239		246		32	77		
	246		253		120	66		
	253		260		0	22		
	260		267		8	44		
	267		274		96	66		
	274		281					
	281		288		0	22		
	288		295		120	44		
	295		302		16	66		
	302		309		80			
	309		316		40			
	316		323		24			
	323		330		32	77		
	330		337		24			
	203	53	210	64	80	55	00ffff	
	210		217		120	66		
	217		224					
	224		231		104			
	231		238		0	22		
	238		245		32	77		
	245		252		120	66		
	252		259		0	22		
	259		266		8	44		
	266		273		96	66		
	273		280					
	280		287		0	22		
	287		294		120	44		
	294		301		16	66		
	301		308		80			
	308		315		40			
	315		322		24			
	322		329		32	77		
	329		336		24			
line	182	310	197	312	489048
			192	298	
	197	312			204020
draw	0	0	128	480	/pictures/501.png
	608		640		/pictures/512.png
line	614	388	614	359	00488f
		359	622		
	622			388	002850
		388	614		
rect	615	360	622	388	003870
line	614	456	614	389	007fff
		389	622		
	622			456	00488f
		456	614		
rect	615	390	622	456	0070e0
line	614	231	614	231	909048
			622		
	622				505028
			614		
	614	328		232	ffff7f
		232	622		
	622			328	909048
		328	614		
rect	615	233	622	328	e0e070
line	614	112	614	103	904848
		103	622		
	622			112	502828
		112	614		
rect	615	104	622	112	703838
line	614	200	614	113	ff7f7f
		113	622		
	622			200	904848
		200	614		
rect	615	114	622	200	e07070
line	618	8	629	8	90488f
			618	9	
	629		629		
	618	36		36	
			618	35	
	629		629		
rect	620	10	628	35	703870
		35			c060c0
	634	49	636	52	7fff7f
		53		56	60c060
		57		60	
		61		64	
		65		68	
		69		72	7fff7f
		73		76	0060c0
		77		80	
		81		84	
		85		88	
		89		92	007fff
		93		96	0060c0
		97		100	
		101		104	
		105		108	
		109		112	007fff
		113		116	0060c0
		117		120	183018
		121		124	
		125		128	
		129		132	
		133		136	
		137		140	
		141		144	
		145		148	
		149		152	
		153		156	
		157		160	
		161		164	
		165		168	
		169		172	
		173		176	
		177		180	
		181		184	
		185		188	
		189		192	
		193		196	
		197		200	
		201		204	
		205		208	
		209		212	
		213		216	
		217		220	
		221		224	
		225		228	
		229		232	
		233		236	
		237		240	
		241		244	
		245		248	
		249		252	
		253		256	
		257		260	
		261		264	
		265		268	
		269		272	
		273		276	
		277		280	
		281		284	
		285		288	
		289		292	
		293		296	
		297		300	
		301		304	
		305		308	
		309		312	
		313		316	
		317		320	
		321		324	
		325		328	
		329		332	
		333		336	
		337		340	
		341		344	
		345		348	
		349		352	
		353		356	
		357		360	
		361		364	
		365		368	
		369		372	
		373		376	
		377		380	
		381		384	
		385		388	
		389		392	
		393		396	
		397		400	
		401		404	
		405		408	
		409		412	
		413		416	
		417		420	
		421		424	
		425		428	
		429		432	
		433		436	
		437		440	
		441		444	
		445		448	
	621	52	631	56	303000
		57		61	
		62		66	
		67		71	
		72		76	
		77		81	
		82		86	
	7	7	115	115	00ff00
	8	8	114	114	001000
	39	39	83	83	003000
point	41	61	00e000
	42		
	43		
	44		
	71		
	45		
	65	54	
	74	57	
	45	14	
	69	71	
	43	60	
	45	61	
	44	62	
	45	61	
	43	60	
			
	45	62	
	44	63	
	66	78	
	44	63	
	45	61	
	54	41	
	44	62	
		61	
	43	62	
	44		
	43	61	
			
			
			
			
			
			
			
			
			
			
rect	12	320	121	440	001000
crop	15	320	21	332	16	48	00ff00	/fonts/computer
	21		27		40	60		
	27		33		72	48		
	33		39		96			
	39		45		32			
	45		51		0	24		
	51		57		24	60		
	57		63		64	48		
	63		69		72			
	69		75		0	60		
	75		81		24			
line	12	342	119	342	009000
crop	15	332	21	344	48	48	00ff00	/fonts/computer
	21		27		8	72		
	27		33		112			
	33		39		24	84		
	39		45		72	72		
	45		51		0	24		
	51		57		8	48		
	57		63		96	72		
	63		69		0	84		
	69		75		64	72		
	75		81		8			
	15	344	21	356	48	48		
	21		27		72	72		
	27		33		56			
	33		39		64			
	39		45		32	84		
	45		51		40	72		
	51		57		16	84		
	15	356	21	368	24	48		
	21		27		16	84		
	27		33		40			
	33		39		72	72		
	39		45		24	84		
	45		51		40	72		
	51		57		16	84		
line	12	379	12	368	009000
		368	120		
	120			379	005000
		379	12		
rect	13	369	120	379	007000
crop	15	368	21	380	56	48	00ff00	/fonts/computer
	21		27		40	84		
	27		33		112	72		
	33		39		24	84		
	39		45		64	72		
	45		51		72			
	51		57		0	84		
	15	380	21	392	32	60		
	21		27		16	84		
	27		33		8	72		
	33		39		112			
	39		45		24	84		
	45		51		0			
	51		57		120	72		
	57		63		16	84		
	63		69		32			
	15	392	21	404	40	48		
	21		27		112	72		
	27		33		56			
	33		39		72			
	39		45		112			
	45		51		40			
	51		57					
	57		63		16	84		
	63		69		0	24		
	69		75			60		
	75		81		120	72		
	81		87		32			
	15	404	21	416	8	48		
	21		27		24	84		
	27		33					
	33		39		8	72		
	39		45		40	84		
	45		51		96	72		
	51		57		32	84		
	57		63		0	24		
	63		69		32	60		
	69		75		16	84		
	75		81		8	72		
	81		87		112			
	87		93		24	84		
	93		99		0			
	99		105		120	72		
	105		111		16	84		
	111		117		32			
line	12	438	119	438	009000
rect	16	450	114	475	001010
line	17	461	17	450	00c0c0
		450	43		
	43			461	007070
		461	17		
rect	18	451	43	461	009090
crop	19	450	25	462	16	60	00ffff	/fonts/computer
	25		31		56	48		
	31		37		64			
	37		43		32	60		
	43		49		0	24		
	49		55		16	48		
	55		61		40	84		
	61		67		72	72		
	67		73		96			
	73		79		32			
line	17	473	17	462	00c0c0
		462	43		
	43			473	007070
		473	17		
rect	18	463	43	473	009090
crop	19	462	25	474	96	48	00ffff	/fonts/computer
	25		31		40			
	31		37		48			
	37		43		32	60		
	43		49		0	24		
	49		55		104	48		
	55		61		8	72		
	61		67		72			
	67		73		112			
	73		79		0	24		
	79		85		104	48		
	85		91		40	72		
	91		97		112			
	97		103		40	84		
line	12	191	12	180	ffff00
		180	120		
	120			191	909000
		191	12		
rect	13	181	120	191	c0c000
crop	15	180	21	192	24	48	000000	/fonts/computer
	21		27		120			
	27		33		112			
	33		39		32	60		
	39		45		16			
	45		51		120	48		
	51		57		96			
	15	192	21	204	24		7fff7f	
	21		27		16	60		
	27		33		40			
	33		39		72	48		
	39		45		24	60		
	45		51		40	48		
	51		57		16	60		
draw	16	208	34	222	/sprites/501.SMIV/0
line	14	204	35	204	489048
			14	205	
	35		35		
	14	225		225	
			14	224	
	35		35		
rect	42	206	49	220	003870
		220		224	0060c0
line	40	204	50	204	00488f
			40	205	
	50		50		
	40	225		225	
			40	224	
	50		50		
rect	55	206	62	207	707000
		207		224	c0c000
line	53	204	63	204	909000
			53	205	
	63		63		
	53	225		225	
			53	224	
	63		63		
crop	69	204	75	216	0	60	7fff7f	/fonts/computer
	75		81		88	48		
	81		87		16			
	87		93		40			
	93		99		8			
	99		105		104			
	105		111		0	24		
	111		117		8	36		
	69	216	75	228	48	48		
	75		81		0	24		
	81		87			60		
	87		93		40			
	93		99		96	48		
	99		105		24	60		
	105		111		40	48		
	12	228	18	240	56		00ff00	
	18		24		40	84		
	24		30		112	72		
	30		36		24	84		
	36		42		64	72		
	42		48		72			
	48		54		0	84		
line	12	263	12	252	007fff
		252	120		
	120			263	00488f
		263	12		
rect	13	253	120	263	0060c0
crop	15	252	21	264	32	60	000000	/fonts/computer
	21		27		8	48		
	27		33		16	60		
	33		39		56	48		
	39		45		40			
	45		51		32	60		
	15	264	21	276	56	48	7fff7f	
	21		27		40	60		
	27		33		112	48		
	33		39		24	60		
	39		45		64	48		
	45		51		72			
	51		57		0	60		
draw	16	280	34	294	/sprites/509.SMIV/0
line	14	276	35	276	489048
			14	277	
	35		35		
	14	297		297	
			14	296	
	35		35		
rect	42	278	49	284	003870
		284		296	0060c0
line	40	276	50	276	00488f
			40	277	
	50		50		
	40	297		297	
			40	296	
	50		50		
rect	55	278	62	279	707000
		279		296	c0c000
line	53	276	63	276	909000
			53	277	
	63		63		
	53	297		297	
			53	296	
	63		63		
crop	69	276	75	288	0	60	7fff7f	/fonts/computer
	75		81		88	48		
	81		87		16			
	87		93		40			
	93		99		8			
	99		105		104			
	105		111		0	24		
	111		117		8	36		
	69	288	75	300	96	48		
	75		81		16			
	81		87		40			
	87		93		8			
	93		99		104			
	99		105		0	24		
	105		111		8	36		
