point	480	186	b0b0b0
	303	290	
	520	32	808080
	419	416	d0d0d0
	520	205	808080
	355	383	
	197	330	
	395	430	b0b0b0
	512	361	
	261	222	
	493	353	d0d0d0
	575	449	b0b0b0
	248	261	d0d0d0
	582	245	b0b0b0
	238	342	808080
	281	237	b0b0b0
	396	381	808080
	595	185	d0d0d0
	367	289	
	265	217	b0b0b0
	372	367	808080
	521	273	
	408	283	b0b0b0
	458	41	
	508	24	
	466	268	808080
	176	41	b0b0b0
	156	256	808080
	315	90	
	172	207	
	221	121	b0b0b0
	302	325	
	509	61	808080
	234	124	
	321	449	d0d0d0
	356	163	808080
	514	127	
	146	275	
	555	283	b0b0b0
	142	143	d0d0d0
	345	280	808080
	161	183	b0b0b0
	249	398	808080
	283	48	
	550	452	b0b0b0
	151	45	808080
	342	16	d0d0d0
	172	244	b0b0b0
	564	178	
	266	418	808080
	381	475	
	407	153	b0b0b0
	367	106	
	342	42	
	588	176	808080
	576	138	b0b0b0
	197	323	808080
	147	321	
	155	180	
	429	379	b0b0b0
	410	334	d0d0d0
	492	365	
	229	114	b0b0b0
	411	230	808080
	492	271	
	554	233	
	200	341	
	476	215	b0b0b0
	410	420	d0d0d0
	209	140	
	160	139	b0b0b0
	480	229	
	493	177	
	293	67	808080
	194	164	b0b0b0
	503	3	808080
	173	181	
	456	133	d0d0d0
	562	361	b0b0b0
	549	55	
	195	325	d0d0d0
	189	384	
	253	423	808080
	251	402	
	364	338	
	275	45	b0b0b0
	238	30	808080
	546	375	
	333	244	b0b0b0
	543	230	808080
	472	284	
	420	297	
	230	214	b0b0b0
	304	413	d0d0d0
	250	313	808080
	348	335	
	552	289	
	405	127	
	565	350	d0d0d0
	457		b0b0b0
	503	408	808080
	405	447	b0b0b0
	212	468	808080
	258	15	d0d0d0
	447	162	
	542	176	
	555	120	808080
	388	119	b0b0b0
	137	232	808080
	402	132	
	353	11	
	332	380	b0b0b0
	519	401	
	215	85	808080
	230	175	d0d0d0
	195	96	
	463	314	808080
	266	206	b0b0b0
	260	95	
	332	283	808080
	244	125	d0d0d0
	234	347	b0b0b0
	391	186	d0d0d0
	486	133	
	307	247	
rect	305	0	306	480	002850
	563		564		000050
	128	86	608	87	
		344		345	005000
line	382	203	377	197	ff007f
	717	419	727	423	00ff00
draw	247	43	319	100	/sprites/loc/bunker%0
static	358	229	378	249	ffffff	17	/sprites/ish/gunship%6
draw	393	100	401	102	/sprites/dev/cm%7
	324	64	338	73	/sprites/sfx/explosion/gas%24
line	565	215	551	209	489048
			553	224	
	551	209			204020
draw	0	-144	128	624	/pictures/gui/instruments/left.png
	608		640		/pictures/gui/instruments/right.png
rect	614	359	615	389	00488f
			623	360	
	622			389	002850
	614	388			
	615	360	622	388	003870
	614	389	615	457	007fff
			623	390	
	622			457	00488f
	614	456			
	615	390	622	456	0070e0
	614	231	615	232	909048
			623		
	622				505028
	614				
		232	615	329	ffff7f
			623	233	
	622			329	909048
	614	328			
	615	233	622	328	e0e070
	614	103	615	113	904848
			623	104	
	622			113	502828
	614	112			
	615	104	622	112	703838
	614	113	615	201	ff7f7f
			623	114	
	622			201	904848
	614	200			
	615	114	622	200	e07070
	618	8	630	9	90488f
			619	10	
	629		630		
	618	36		37	
		35	619		
	629		630		
	620	10	628	35	703870
		35			c060c0
	634	49	636	52	7fff7f
		53		56	60c060
		57		60	
		61		64	
		65		68	
		69		72	7fff7f
		73		76	60c060
		77		80	0060c0
		81		84	
		85		88	
		89		92	007fff
		93		96	0060c0
		97		100	
		101		104	
		105		108	
		109		112	007fff
		113		116	0060c0
		117		120	
		121		124	183018
		125		128	
		129		132	
		133		136	
		137		140	
		141		144	
		145		148	
		149		152	
		153		156	
		157		160	
		161		164	
		165		168	
		169		172	
		173		176	
		177		180	
		181		184	
		185		188	
		189		192	
		193		196	
		197		200	
		201		204	
		205		208	
		209		212	
		213		216	
		217		220	
		221		224	
		225		228	
		229		232	
		233		236	
		237		240	
		241		244	
		245		248	
		249		252	
		253		256	
		257		260	
		261		264	
		265		268	
		269		272	
		273		276	
		277		280	
		281		284	
		285		288	
		289		292	
		293		296	
		297		300	
		301		304	
		305		308	
		309		312	
		313		316	
		317		320	
		321		324	
		325		328	
		329		332	
		333		336	
		337		340	
		341		344	
		345		348	
		349		352	
		353		356	
		357		360	
		361		364	
		365		368	
		369		372	
		373		376	
		377		380	
		381		384	
		385		388	
		389		392	
		393		396	
		397		400	
		401		404	
		405		408	
		409		412	
		413		416	
		417		420	
		421		424	
		425		428	
		429		432	
		433		436	
		437		440	
		441		444	
		445		448	
	621	52	631	56	303000
		57		61	
		62		66	
		67		71	
		72		76	
		77		81	
		82		86	
	7	7	115	115	00ff00
	8	8	114	114	001000
	53	53	71	71	003000
point	58	55	00e000
	61	56	
	60	55	
	61	60	
	75	68	
	78	69	
	88	45	
	46	64	
	84	51	
	77	68	
	78	69	
	66	27	
rect	12	320	121	440	001000
		342	120	343	009000
		368	13	380	
			121	369	
	120			380	005000
	12	379			
	13	369	120	379	007000
	12	438		439	009000
	16	450	114	475	001010
	17		18	462	00c0c0
			44	451	
	43			462	007070
	17	461			
	18	451	43	461	009090
	17	462	18	474	00c0c0
			44	463	
	43			474	007070
	17	473			
	18	463	43	473	009090
crop	15	320	21	332	16	48	00ff00	/fonts/computer.png
	21		27		40	60		
	27		33		72	48		
	33		39		96			
	39		45		32			
	45		51		0	24		
	51		57		24	60		
	57		63		64	48		
	63		69		72			
	69		75		0	60		
	75		81		24			
	15	332	21	344	48	48		
	21		27		8	72		
	27		33		112			
	33		39		24	84		
	39		45		72	72		
	45		51		0	24		
	51		57		8	48		
	57		63		96	72		
	63		69		0	84		
	69		75		64	72		
	75		81		8			
	15	344	21	356	48	48		
	21		27		72	72		
	27		33		56			
	33		39		64			
	39		45		32	84		
	45		51		40	72		
	51		57		16	84		
	15	356	21	368	24	48		
	21		27		16	84		
	27		33		40			
	33		39		72	72		
	39		45		24	84		
	45		51		40	72		
	51		57		16	84		
	15	368	21	380	56	48		
	21		27		40	84		
	27		33		112	72		
	33		39		24	84		
	39		45		64	72		
	45		51		72			
	51		57		0	84		
	15	380	21	392	32	60		
	21		27		16	84		
	27		33		8	72		
	33		39		112			
	39		45		24	84		
	45		51		0			
	51		57		120	72		
	57		63		16	84		
	63		69		32			
	15	392	21	404	40	48		
	21		27		112	72		
	27		33		56			
	33		39		72			
	39		45		112			
	45		51		40			
	51		57					
	57		63		16	84		
	63		69		0	24		
	69		75			60		
	75		81		120	72		
	81		87		32			
	15	404	21	416	8	48		
	21		27		24	84		
	27		33					
	33		39		8	72		
	39		45		40	84		
	45		51		96	72		
	51		57		32	84		
	57		63		0	24		
	63		69		32	60		
	69		75		16	84		
	75		81		8	72		
	81		87		112			
	87		93		24	84		
	93		99		0			
	99		105		120	72		
	105		111		16	84		
	111		117		32			
	19	450	25	462	16	60	00ffff	
	25		31		56	48		
	31		37		64			
	37		43		32	60		
	43		49		0	24		
	49		55		16	48		
	55		61		40	84		
	61		67		72	72		
	67		73		96			
	73		79		32			
	19	462	25	474	96	48		
	25		31		40			
	31		37		48			
	37		43		32	60		
	43		49		0	24		
	49		55		104	48		
	55		61		8	72		
	61		67		72			
	67		73		112			
	73		79		0	24		
	79		85		104	48		
	85		91		40	72		
	91		97		112			
	97		103		40	84		
rect	12	180	13	192	ffff00
			121	181	
	120			192	909000
	12	191			
	13	181	120	191	c0c000
crop	15	180	21	192	24	48	000000	/fonts/computer.png
	21		27		120			
	27		33		112			
	33		39		32	60		
	39		45		16			
	45		51		120	48		
	51		57		96			
	15	192	21	204	24		7fff7f	
	21		27		16	60		
	27		33		40			
	33		39		72	48		
	39		45		24	60		
	45		51		40	48		
	51		57		16	60		
draw	16	208	34	222	/sprites/ish/cruiser%0
rect	14	204	36	205	489048
			15	206	
	35		36		
	14	225		226	
		224	15		
	35		36		
	42	206	49	220	003870
		220		224	0060c0
	40	204	51	205	00488f
			41	206	
	50		51		
	40	225		226	
		224	41		
	50		51		
	55	206	62	207	707000
		207		224	c0c000
	53	204	64	205	909000
			54	206	
	63		64		
	53	225		226	
		224	54		
	63		64		
crop	69	204	75	216	0	60	7fff7f	/fonts/computer.png
	75		81		88	48		
	81		87		16			
	87		93		40			
	93		99		8			
	99		105		104			
	105		111		0	24		
	111		117		8	36		
	69	216	75	228	48	48		
	75		81		0	24		
	81		87			60		
	87		93		40			
	93		99		96	48		
	99		105		24	60		
	105		111		40	48		
	12	228	18	240	56		00ff00	
	18		24		40	84		
	24		30		112	72		
	30		36		24	84		
	36		42		64	72		
	42		48		72			
	48		54		0	84		
rect	12	252	13	264	007fff
			121	253	
	120			264	00488f
	12	263			
	13	253	120	263	0060c0
crop	15	252	21	264	32	60	000000	/fonts/computer.png
	21		27		8	48		
	27		33		16	60		
	33		39		56	48		
	39		45		40			
	45		51		32	60		
	15	264	21	276	56	48	7fff7f	
	21		27		40	60		
	27		33		112	48		
	33		39		24	60		
	39		45		64	48		
	45		51		72			
	51		57		0	60		
draw	16	280	34	294	/sprites/ish/gunship%0
rect	14	276	36	277	489048
			15	278	
	35		36		
	14	297		298	
		296	15		
	35		36		
	42	278	49	284	003870
		284		296	0060c0
	40	276	51	277	00488f
			41	278	
	50		51		
	40	297		298	
		296	41		
	50		51		
	55	278	62	279	707000
		279		296	c0c000
	53	276	64	277	909000
			54	278	
	63		64		
	53	297		298	
		296	54		
	63		64		
crop	69	276	75	288	0	60	7fff7f	/fonts/computer.png
	75		81		88	48		
	81		87		16			
	87		93		40			
	93		99		8			
	99		105		104			
	105		111		0	24		
	111		117		8	36		
	69	288	75	300	96	48		
	75		81		16			
	81		87		40			
	87		93		8			
	93		99		104			
	99		105		0	24		
	105		111		8	36		
