line	566	136	566	136	b0b0b0
	390	240	390	240	
	577	0	577	0	808080
	535	350	535	350	d0d0d0
	577	173	577	173	808080
	413	351	413	351	
	254	298	254	298	
	482	380	481	380	b0b0b0
	598	311	598	311	
	347	173	347	173	
	129	9	129	9	
	200	104	200	104	d0d0d0
	363	195	363	195	
	272	464	272	464	808080
	295	310	295	310	
	367	188	367	188	b0b0b0
	453	349	453	349	808080
	231	353	231	353	d0d0d0
	482	223	482	223	
	352	168	352	168	b0b0b0
	429	335	429	335	808080
	578	241	578	241	
	494	233	494	233	b0b0b0
	272	468	272	468	d0d0d0
	573	453	573	453	b0b0b0
	524	236	524	236	808080
	489	473	489	473	
	214	224	214	224	
	372	58	372	58	
	230	175	230	175	
	307	71	307	71	b0b0b0
	389	275	389	275	
	567	29	567	29	808080
	291	92	291	92	
	437	383	437	383	d0d0d0
	413	131	413	131	808080
	571	95	571	95	
	204	243	204	243	
	173	212	173	212	d0d0d0
	257	77	257	77	
	402	248	402	248	808080
	248	134	248	134	b0b0b0
	306	366	306	366	808080
	341	16	341	16	
	147	240	147	240	
	209	13	208	13	
	304	442	304	442	b0b0b0
	259	194	259	194	
	185	73	184	73	d0d0d0
	323	386	323	386	808080
	439	443	439	443	
	494	104	493	104	b0b0b0
	454	56	454	56	
	540	474	540	474	808080
	204	266	204	266	d0d0d0
	201	96	201	96	
	254	291	254	291	808080
	204	289	204	289	
	213	148	213	148	
	516	329	516	330	b0b0b0
	525	268	525	268	d0d0d0
	607	299	607	299	
	315	64	315	64	b0b0b0
	468	198	468	198	808080
	550	239	549	239	
	132	464	131	464	
	258	309	258	309	
	562	165	562	165	b0b0b0
	525	354	525	354	d0d0d0
	324	74	324	74	
	246	90	246	90	b0b0b0
	567	180	566	180	
	579	128	579	128	
	351	35	350	35	808080
	281	115	281	115	b0b0b0
	296	435	296	435	
	231	149	230	149	808080
	572	67	572	67	d0d0d0
	168	378	168	378	b0b0b0
	165	436	165	436	d0d0d0
	311	259	311	259	
	305	318	304	318	
	310	391	310	391	808080
	308	370	308	370	
	421	306	421	306	
	364	473	364	473	d0d0d0
	565	476	565	476	b0b0b0
	603	343	603	343	808080
	420	195	420	195	b0b0b0
	600	198	600	198	808080
	529	252	529	252	
	477	265	477	265	
	317	165	317	165	b0b0b0
	420	347	420	347	d0d0d0
	307	281	307	281	808080
	405	303	405	303	
	129	1	129	1	
	463	94	463	94	
	183	147	183	147	b0b0b0
	544	301	544	301	
	561	376	561	376	808080
	491	398	491	398	b0b0b0
	269	436	269	436	808080
	150	274	150	274	
	562	96	562	96	d0d0d0
	165	440	165	440	b0b0b0
	133	381	133	381	808080
	474	70	474	70	b0b0b0
	194	199	194	199	808080
	459	100	459	100	
	225	447	225	447	b0b0b0
	418	331	418	331	
	606	352	606	352	
	272	53	272	53	808080
	346	109	346	109	d0d0d0
	311	30	311	30	
	520	282	520	282	808080
	352	157	352	157	b0b0b0
	347	46	346	46	
	390	251	389	251	808080
	360	59	360	59	d0d0d0
	320	297	320	298	b0b0b0
	506	120	506	120	d0d0d0
	601	67	601	67	
	422	181	422	181	
	167	0	167	480	005000
	271		271		
	375		375		
	479		479		
	583		583		
	128	15	608	15	
		119		119	
		223		223	
		327		327	
		431		431	
rect	400	215	414	229	009000
	301	230	317	246	
	522	191	538	207	900000
	380	218	394	232	009000
plus	493	201	503	211	c00000
rect	372	228	378	234	00c000
	424	215	430	221	c00000
triangle	304	234	314	244	00c000
	523	194	533	204	c00000
	500	204	506	210	
	309	230	317	238	00c000
plus	403	218	413	228	00c000
	378	223	390	235	
	346	234	358	246	
triangle	310	230	318	238	00c000
plus	513	198	521	206	c00000
	425	207	435	217	
triangle	319	234	329	244	c00000
	428	209	434	215	
					
plus	335	237	347	249	00c000
triangle	406	221	414	229	00c000
	403	219	409	225	c00000
plus	368	227	380	239	00c000
triangle	428	209	434	215	c00000
	362	234	372	244	00c000
plus	356	230	368	242	00c000
triangle	421	214	427	220	c00000
	403	216	413	226	
rect	310	245	324	259	00ff00
	405	221	407	223	
	404		406		
	313	233	315	235	
dither	410	235	465	252	303000
crop	414	239	421	250	24	44	000000	/fonts/tactical
	421		428		16	77		
	428		435		40			
	435		442		72	66		
	442		449		24	77		
	449		456		40	66		
	456		463		16	77		
	413	238	420	249	24	44	ffff00	
	420		427		16	77		
	427		434		40			
	434		441		72	66		
	441		448		24	77		
	448		455		40	66		
	455		462		16	77		
line	177	296	192	299	489048
			187	285	
	192	299			204020
draw	0	0	128	480	/pictures/501.png
	608		640		/pictures/512.png
line	614	388	614	359	00488f
		359	622		
	622			388	002850
		388	614		
rect	615	360	622	388	003870
line	614	456	614	389	007fff
		389	622		
	622			456	00488f
		456	614		
rect	615	390	622	456	0070e0
line	614	244	614	231	909048
		231	622		
	622			244	505028
		244	614		
rect	615	232	622	244	707038
line	614	328	614	245	ffff7f
		245	622		
	622			328	909048
		328	614		
rect	615	246	622	328	e0e070
line	614	112	614	103	904848
		103	622		
	622			112	502828
		112	614		
rect	615	104	622	112	703838
line	614	200	614	113	ff7f7f
		113	622		
	622			200	904848
		200	614		
rect	615	114	622	200	e07070
line	618	8	629	8	90488f
			618	9	
	629		629		
	618	36		36	
			618	35	
	629		629		
rect	620	10	628	35	703870
		35			c060c0
	634	49	636	52	7fff7f
		53		56	60c060
		57		60	
		61		64	
		65		68	
		69		72	007fff
		73		76	0060c0
		77		80	
		81		84	
		85		88	
		89		92	183018
		93		96	
		97		100	
		101		104	
		105		108	
		109		112	
		113		116	
		117		120	
		121		124	
		125		128	
		129		132	
		133		136	
		137		140	
		141		144	
		145		148	
		149		152	
		153		156	
		157		160	
		161		164	
		165		168	
		169		172	
		173		176	
		177		180	
		181		184	
		185		188	
		189		192	
		193		196	
		197		200	
		201		204	
		205		208	
		209		212	
		213		216	
		217		220	
		221		224	
		225		228	
		229		232	
		233		236	
		237		240	
		241		244	
		245		248	
		249		252	
		253		256	
		257		260	
		261		264	
		265		268	
		269		272	
		273		276	
		277		280	
		281		284	
		285		288	
		289		292	
		293		296	
		297		300	
		301		304	
		305		308	
		309		312	
		313		316	
		317		320	
		321		324	
		325		328	
		329		332	
		333		336	
		337		340	
		341		344	
		345		348	
		349		352	
		353		356	
		357		360	
		361		364	
		365		368	
		369		372	
		373		376	
		377		380	
		381		384	
		385		388	
		389		392	
		393		396	
		397		400	
		401		404	
		405		408	
		409		412	
		413		416	
		417		420	
		421		424	
		425		428	
		429		432	
		433		436	
		437		440	
		441		444	
		445		448	
	621	52	631	56	303000
		57		61	
		62		66	
		67		71	
		72		76	
		77		81	
		82		86	
	7	7	115	115	00ff00
	8	8	114	114	001000
					003000
point	110	10	00e000
	27	37	
	102	18	
rect	12	320	121	440	001000
crop	15	320	21	332	16	48	00ff00	/fonts/computer
	21		27		40	60		
	27		33		72	48		
	33		39		96			
	39		45		32			
	45		51		0	24		
	51		57		24	60		
	57		63		64	48		
	63		69		72			
	69		75		0	60		
	75		81		24			
line	12	342	119	342	009000
crop	15	332	21	344	48	48	00ff00	/fonts/computer
	21		27		8	72		
	27		33		112			
	33		39		24	84		
	39		45		72	72		
	45		51		0	24		
	51		57		8	48		
	57		63		96	72		
	63		69		0	84		
	69		75		64	72		
	75		81		8			
	15	344	21	356	48	48		
	21		27		72	72		
	27		33		56			
	33		39		64			
	39		45		32	84		
	45		51		40	72		
	51		57		16	84		
line	12	367	12	356	009000
		356	120		
	120			367	005000
		367	12		
rect	13	357	120	367	007000
crop	15	356	21	368	24	48	00ff00	/fonts/computer
	21		27		16	84		
	27		33		40			
	33		39		72	72		
	39		45		24	84		
	45		51		40	72		
	51		57		16	84		
	15	368	21	380	56	48	009000	
	21		27		40	84		
	27		33		112	72		
	33		39		24	84		
	39		45		64	72		
	45		51		72			
	51		57		0	84		
	15	380	21	392	32	60	00ff00	
	21		27		16	84		
	27		33		8	72		
	33		39		112			
	39		45		24	84		
	45		51		0			
	51		57		120	72		
	57		63		16	84		
	63		69		32			
	15	392	21	404	40	48		
	21		27		112	72		
	27		33		56			
	33		39		72			
	39		45		112			
	45		51		40			
	51		57					
	57		63		16	84		
	63		69		0	24		
	69		75			60		
	75		81		120	72		
	81		87		32			
	15	404	21	416	8	48		
	21		27		24	84		
	27		33					
	33		39		8	72		
	39		45		40	84		
	45		51		96	72		
	51		57		32	84		
	57		63		0	24		
	63		69		32	60		
	69		75		16	84		
	75		81		8	72		
	81		87		112			
	87		93		24	84		
	93		99		0			
	99		105		120	72		
	105		111		16	84		
	111		117		32			
line	12	438	119	438	009000
rect	16	450	114	475	001010
line	17	461	17	450	00c0c0
		450	43		
	43			461	007070
		461	17		
rect	18	451	43	461	009090
crop	19	450	25	462	16	60	00ffff	/fonts/computer
	25		31		56	48		
	31		37		64			
	37		43		32	60		
	43		49		0	24		
	49		55		16	48		
	55		61		40	84		
	61		67		72	72		
	67		73		96			
	73		79		32			
line	17	473	17	462	00c0c0
		462	43		
	43			473	007070
		473	17		
rect	18	463	43	473	009090
crop	19	462	25	474	96	48	00ffff	/fonts/computer
	25		31		40			
	31		37		48			
	37		43		32	60		
	43		49		0	24		
	49		55		104	48		
	55		61		8	72		
	61		67		72			
	67		73		112			
	73		79		0	24		
	79		85		104	48		
	85		91		40	72		
	91		97		112			
	97		103		40	84		
line	12	191	12	180	ffff00
		180	120		
	120			191	909000
		191	12		
rect	13	181	120	191	c0c000
crop	15	180	21	192	24	48	000000	/fonts/computer
	21		27		120			
	27		33		112			
	33		39		32	60		
	39		45		16			
	45		51		120	48		
	51		57		96			
	15	192	21	204	24		7fff7f	
	21		27		16	60		
	27		33		40			
	33		39		72	48		
	39		45		24	60		
	45		51		40	48		
	51		57		16	60		
draw	16	208	34	222	/sprites/501.SMIV/0
line	14	204	35	204	489048
			14	205	
	35		35		
	14	225		225	
			14	224	
	35		35		
rect	42	206	49	219	003870
		219		224	0060c0
line	40	204	50	204	00488f
			40	205	
	50		50		
	40	225		225	
			40	224	
	50		50		
rect	55	206	62	207	707000
		207		224	c0c000
line	53	204	63	204	909000
			53	205	
	63		63		
	53	225		225	
			53	224	
	63		63		
crop	69	204	75	216	0	60	7fff7f	/fonts/computer
	75		81		88	48		
	81		87		16			
	87		93		40			
	93		99		8			
	99		105		104			
	105		111		0	24		
	111		117		8	36		
	69	216	75	228	48	48		
	75		81		0	24		
	81		87			60		
	87		93		40			
	93		99		96	48		
	99		105		24	60		
	105		111		40	48		
	12	228	18	240	56		00ff00	
	18		24		40	84		
	24		30		112	72		
	30		36		24	84		
	36		42		64	72		
	42		48		72			
	48		54		0	84		
line	12	263	12	252	007fff
		252	120		
	120			263	00488f
		263	12		
rect	13	253	120	263	0060c0
crop	15	252	21	264	32	60	000000	/fonts/computer
	21		27		8	48		
	27		33		16	60		
	33		39		56	48		
	39		45		40			
	45		51		32	60		
	15	264	21	276	56	48	7fff7f	
	21		27		40	60		
	27		33		112	48		
	33		39		24	60		
	39		45		64	48		
	45		51		72			
	51		57		0	60		
draw	16	280	34	294	/sprites/509.SMIV/0
line	14	276	35	276	489048
			14	277	
	35		35		
	14	297		297	
			14	296	
	35		35		
rect	42	278	49	284	003870
		284		296	0060c0
line	40	276	50	276	00488f
			40	277	
	50		50		
	40	297		297	
			40	296	
	50		50		
rect	55	278	62	281	707000
		281		296	c0c000
line	53	276	63	276	909000
			53	277	
	63		63		
	53	297		297	
			53	296	
	63		63		
crop	69	276	75	288	0	60	7fff7f	/fonts/computer
	75		81		88	48		
	81		87		16			
	87		93		40			
	93		99		8			
	99		105		104			
	105		111		0	24		
	111		117		8	36		
	69	288	75	300	96	48		
	75		81		16			
	81		87		40			
	87		93		8			
	93		99		104			
	99		105		0	24		
	105		111		8	36		
