line	577	134	577	134	b0b0b0
	400	238	400	238	
	552	476	552	476	d0d0d0
	549	346	549	346	
	584	172	584	172	808080
	420	349	420	349	
	261	297	261	297	
	492	378	492	378	b0b0b0
	129	142	129	142	d0d0d0
	357	171	357	171	b0b0b0
	139	6	139	6	
	214	101	213	101	d0d0d0
	377	192	377	192	
	278	462	278	462	808080
	302	309	302	309	
	378	186	377	186	b0b0b0
	460	347	460	347	808080
	244	350	244	350	d0d0d0
	496	219	496	219	
	362	165	362	165	b0b0b0
	436	334	436	334	808080
	585	240	585	240	
	505	231	505	231	b0b0b0
	286	464	286	464	d0d0d0
	584	451	584	451	b0b0b0
	531	235	531	235	808080
	495	472	495	472	
	220	222	220	222	
	379	56	379	56	
	237	174	237	174	
	318	69	318	69	b0b0b0
	399	273	399	273	
	573	28	573	28	808080
	298	90	298	90	
	450	379	450	380	d0d0d0
	420	130	420	130	808080
	578	93	578	93	
	211	241	211	241	
	187	208	187	208	d0d0d0
	271	74	271	74	
	409	246	409	246	808080
	258	131	258	132	b0b0b0
	313	365	313	365	808080
	347	14	347	14	
	154	238	154	238	
	215	11	215	11	
	315	439	315	439	b0b0b0
	269	192	269	192	
	198	70	198	70	d0d0d0
	330	384	330	384	808080
	445	441	445	441	
	504	102	504	102	b0b0b0
	464	54	464	54	
	547	472	547	472	808080
	218	263	218	263	d0d0d0
	215	92	215	92	
	261	290	261	290	808080
	211	288	211	288	
	219	147	219	147	
	526	327	526	327	b0b0b0
	539	265	539	265	d0d0d0
	138	149	138	149	b0b0b0
	326	62	326	62	
	475	196	475	196	808080
	556	237	556	237	
	138	463	138	463	
	265	307	265	307	
	573	163	572	163	b0b0b0
	539	351	539	351	d0d0d0
	338	71	338	71	
	257	87	257	87	b0b0b0
	577	177	577	177	
	590	125	590	125	
	357	33	357	33	808080
	291	113	291	113	b0b0b0
	306	433	306	433	
	237	147	237	147	808080
	586	64	585	64	d0d0d0
	179	376	179	376	b0b0b0
		433		433	d0d0d0
	324	256	324	256	
	318	315	318	315	
	317	390	317	390	808080
	315	369	315	369	
	428	305	428	305	
	378	469	378	469	d0d0d0
	575	474	575	474	b0b0b0
	130	87	130	87	808080
	430	193	430	193	b0b0b0
	607	196	607	196	808080
	536	251	536	251	
	484	264	484	264	
	327	163	327	163	b0b0b0
	433	344	433	344	d0d0d0
	314	280	314	280	808080
	412	302	412	302	
	486	478	486	478	
	469	93	469	93	
	193	145	193	145	b0b0b0
	554	298	554	298	
	567	375	567	375	808080
	502	395	502	395	b0b0b0
	276	434	276	434	808080
	157	272	157	272	
	576	92	576	92	d0d0d0
	175	438	175	438	b0b0b0
	140	379	139	379	808080
	485	68	485	68	b0b0b0
	201	198	201	198	808080
	466	98	466	98	
	235	444	235	444	b0b0b0
	428	329	428	329	
	137	347	136	347	
	279	52	279	52	808080
	360	106	359	106	d0d0d0
	325	27	325	27	
	527	281	527	281	808080
	363	155	362	155	b0b0b0
	357	44	357	44	
	396	250	396	250	808080
	374	56	373	56	d0d0d0
	331	295	331	295	b0b0b0
	520	117	520	117	d0d0d0
	133	178	133	178	b0b0b0
	436		436		d0d0d0
	196	0	196	480	005000
	292		292		
	388		388		
	484		484		
	580		580		
	128	29	608	29	
		125		125	
		221		221	
		317		317	
		413		413	
rect	411	213	425	227	009000
	319	227	335	243	
	523	191	539	207	900000
	392	216	406	230	007000
plus	496	200	506	210	c00000
rect	385	226	391	232	00c000
	433	213	439	219	c00000
triangle	322	232	332	242	00c000
	526	194	536	204	c00000
	501	203	507	209	
	327	226	335	234	00c000
plus	412	216	422	226	00c000
	390	221	402	233	
	360	231	372	243	
triangle	327	226	335	234	00c000
plus	514	198	522	206	c00000
	433	206	443	216	
triangle	325	231	335	241	c00000
	436	208	442	214	
					
plus	350	234	362	246	00c000
triangle	404	223	412	231	00c000
	415	216	421	222	c00000
plus	380	224	392	236	00c000
triangle	436	208	442	214	c00000
	363	235	373	245	00c000
plus	369	227	381	239	00c000
triangle	429	213	435	219	c00000
	413	215	423	225	
rect	328	241	342	255	00ff00
	417	219	419	221	
	330	229	332	231	
	415	218	417	220	
dither	408	237	463	254	303000
tint	412	241	420	253	000000	/font/5000/43
	419		427			/font/5000/72
	426		434			/font/5000/75
	433		441			/font/5000/69
	440		448			/font/5000/73
	447		455			/font/5000/65
	454		462			/font/5000/72
	411	240	419	252	ffff00	/font/5000/43
	418		426			/font/5000/72
	425		433			/font/5000/75
	432		440			/font/5000/69
	439		447			/font/5000/73
	446		454			/font/5000/65
	453		461			/font/5000/72
line	172	274	187	279	489048
			184	264	
	187	279			204020
draw	0	0	128	480	/pictures/501.png
	608		640		/pictures/512.png
line	614	388	614	359	00488f
		359	622		
	622			388	002850
		388	614		
rect	615	360	622	388	003870
line	614	456	614	389	007fff
		389	622		
	622			456	00488f
		456	614		
rect	615	390	622	456	0070e0
line	614	244	614	231	909048
		231	622		
	622			244	505028
		244	614		
rect	615	232	622	244	707038
line	614	328	614	245	ffff7f
		245	622		
	622			328	909048
		328	614		
rect	615	246	622	328	e0e070
line	614	112	614	103	904848
		103	622		
	622			112	502828
		112	614		
rect	615	104	622	112	703838
line	614	200	614	113	ff7f7f
		113	622		
	622			200	904848
		200	614		
rect	615	114	622	200	e07070
line	618	8	629	8	90488f
			618	9	
	629		629		
	618	36		36	
			618	35	
	629		629		
rect	620	10	628	35	703870
		12			c060c0
	634	49	636	52	7fff7f
		53		56	0060c0
		57		60	
		61		64	
		65		68	
		69		72	007fff
		73		76	183018
		77		80	
		81		84	
		85		88	
		89		92	
		93		96	
		97		100	
		101		104	
		105		108	
		109		112	
		113		116	
		117		120	
		121		124	
		125		128	
		129		132	
		133		136	
		137		140	
		141		144	
		145		148	
		149		152	
		153		156	
		157		160	
		161		164	
		165		168	
		169		172	
		173		176	
		177		180	
		181		184	
		185		188	
		189		192	
		193		196	
		197		200	
		201		204	
		205		208	
		209		212	
		213		216	
		217		220	
		221		224	
		225		228	
		229		232	
		233		236	
		237		240	
		241		244	
		245		248	
		249		252	
		253		256	
		257		260	
		261		264	
		265		268	
		269		272	
		273		276	
		277		280	
		281		284	
		285		288	
		289		292	
		293		296	
		297		300	
		301		304	
		305		308	
		309		312	
		313		316	
		317		320	
		321		324	
		325		328	
		329		332	
		333		336	
		337		340	
		341		344	
		345		348	
		349		352	
		353		356	
		357		360	
		361		364	
		365		368	
		369		372	
		373		376	
		377		380	
		381		384	
		385		388	
		389		392	
		393		396	
		397		400	
		401		404	
		405		408	
		409		412	
		413		416	
		417		420	
		421		424	
		425		428	
		429		432	
		433		436	
		437		440	
		441		444	
		445		448	
	621	52	631	56	303000
		57		61	
		62		66	
		67		71	
		72		76	
		77		81	
		82		86	
	7	7	115	115	00ff00
	8	8	114	114	001000
					003000
point	112	17	00e000
	50	44	
rect	12	320	121	440	001000
tint	15	320	23	333	00ff00	/font/5001/42
	21		29			/font/5001/55
	27		35			/font/5001/49
	33		41			/font/5001/4c
	39		47			/font/5001/44
	45		53			/font/5001/20
	51		59			/font/5001/53
	57		65			/font/5001/48
	63		71			/font/5001/49
	69		77			/font/5001/50
	75		83			/font/5001/53
line	12	342	119	342	009000
tint	15	332	23	345	00ff00	/font/5001/46
	21		29			/font/5001/61
	27		35			/font/5001/6e
	33		41			/font/5001/73
	39		47			/font/5001/69
	45		53			/font/5001/20
	51		59			/font/5001/41
	57		65			/font/5001/6c
	63		71			/font/5001/70
	69		77			/font/5001/68
	75		83			/font/5001/61
	15	344	23	357		/font/5001/46
	21		29			/font/5001/69
	27		35			/font/5001/67
	33		41			/font/5001/68
	39		47			/font/5001/74
	45		53			/font/5001/65
	51		59			/font/5001/72
line	12	367	12	356	009000
		356	120		
	120			367	005000
		367	12		
rect	13	357	120	367	007000
tint	15	356	23	369	00ff00	/font/5001/43
	21		29			/font/5001/72
	27		35			/font/5001/75
	33		41			/font/5001/69
	39		47			/font/5001/73
	45		53			/font/5001/65
	51		59			/font/5001/72
	15	368	23	381	009000	/font/5001/47
	21		29			/font/5001/75
	27		35			/font/5001/6e
	33		41			/font/5001/73
	39		47			/font/5001/68
	45		53			/font/5001/69
	51		59			/font/5001/70
	15	380	23	393	00ff00	/font/5001/54
	21		29			/font/5001/72
	27		35			/font/5001/61
	33		41			/font/5001/6e
	39		47			/font/5001/73
	45		53			/font/5001/70
	51		59			/font/5001/6f
	57		65			/font/5001/72
	63		71			/font/5001/74
	15	392	23	405		/font/5001/45
	21		29			/font/5001/6e
	27		35			/font/5001/67
	33		41			/font/5001/69
	39		47			/font/5001/6e
	45		53			/font/5001/65
	51		59			
	57		65			/font/5001/72
	63		71			/font/5001/20
	69		77			/font/5001/50
	75		83			/font/5001/6f
	81		89			/font/5001/64
	15	404	23	417	009000	/font/5001/41
	21		29			/font/5001/73
	27		35			
	33		41			/font/5001/61
	39		47			/font/5001/75
	45		53			/font/5001/6c
	51		59			/font/5001/74
	57		65			/font/5001/20
	63		71			/font/5001/54
	69		77			/font/5001/72
	75		83			/font/5001/61
	81		89			/font/5001/6e
	87		95			/font/5001/73
	93		101			/font/5001/70
	99		107			/font/5001/6f
	105		113			/font/5001/72
	111		119			/font/5001/74
line	12	438	119	438	009000
rect	16	450	114	475	001010
line	17	461	17	450	00c0c0
		450	43		
	43			461	007070
		461	17		
rect	18	451	43	461	009090
tint	19	450	27	463	00ffff	/font/5001/52
	25		33			/font/5001/47
	31		39			/font/5001/48
	37		45			/font/5001/54
	43		51			/font/5001/20
	49		57			/font/5001/42
	55		63			/font/5001/75
	61		69			/font/5001/69
	67		75			/font/5001/6c
	73		81			/font/5001/64
line	17	473	17	462	00c0c0
		462	43		
	43			473	007070
		473	17		
rect	18	463	43	473	009090
tint	19	462	27	475	00ffff	/font/5001/4c
	25		33			/font/5001/45
	31		39			/font/5001/46
	37		45			/font/5001/54
	43		51			/font/5001/20
	49		57			/font/5001/4d
	55		63			/font/5001/61
	61		69			/font/5001/69
	67		75			/font/5001/6e
	73		81			/font/5001/20
	79		87			/font/5001/4d
	85		93			/font/5001/65
	91		99			/font/5001/6e
	97		105			/font/5001/75
line	12	191	12	180	ffff00
		180	119		
	119			191	909000
		191	12		
rect	13	181	119	191	c0c000
tint	15	180	23	193	000000	/font/5001/43
	21		29			/font/5001/4f
	27		35			/font/5001/4e
	33		41			/font/5001/54
	39		47			/font/5001/52
	45		53			/font/5001/4f
	51		59			/font/5001/4c
	15	192	23	205	7fff7f	/font/5001/43
	21		29			/font/5001/52
	27		35			/font/5001/55
	33		41			/font/5001/49
	39		47			/font/5001/53
	45		53			/font/5001/45
	51		59			/font/5001/52
draw	16	208	34	222	/sprites/501.SMIV/0
line	14	204	35	204	489048
			14	205	
	35		35		
	14	225		225	
			14	224	
	35		35		
rect	42	206	49	219	003870
		219		224	0060c0
line	40	204	50	204	00488f
			40	205	
	50		50		
	40	225		225	
			40	224	
	50		50		
rect	55	206	62	209	707000
		209		224	c0c000
line	53	204	63	204	909000
			53	205	
	63		63		
	53	225		225	
			53	224	
	63		63		
tint	69	204	77	217	7fff7f	/font/5001/50
	75		83			/font/5001/4b
	81		89			/font/5001/42
	87		95			/font/5001/45
	93		101			/font/5001/41
	99		107			/font/5001/4d
	105		113			/font/5001/20
	111		119			/font/5001/31
	69	216	77	229		/font/5001/46
	75		83			/font/5001/20
	81		89			/font/5001/50
	87		95			/font/5001/55
	93		101			/font/5001/4c
	99		107			/font/5001/53
	105		113			/font/5001/45
	12	228	20	241	00ff00	/font/5001/47
	18		26			/font/5001/75
	24		32			/font/5001/6e
	30		38			/font/5001/73
	36		44			/font/5001/68
	42		50			/font/5001/69
	48		56			/font/5001/70
line	12	263	12	252	007fff
		252	119		
	119			263	00488f
		263	12		
rect	13	253	119	263	0060c0
tint	15	252	23	265	000000	/font/5001/54
	21		29			/font/5001/41
	27		35			/font/5001/52
	33		41			/font/5001/47
	39		47			/font/5001/45
	45		53			/font/5001/54
	15	264	23	277	7fff7f	/font/5001/47
	21		29			/font/5001/55
	27		35			/font/5001/4e
	33		41			/font/5001/53
	39		47			/font/5001/48
	45		53			/font/5001/49
	51		59			/font/5001/50
draw	16	280	34	294	/sprites/509.SMIV/0
line	14	276	35	276	489048
			14	277	
	35		35		
	14	297		297	
			14	296	
	35		35		
rect	42	278	49	284	003870
		284		296	0060c0
line	40	276	50	276	00488f
			40	277	
	50		50		
	40	297		297	
			40	296	
	50		50		
rect	55	278	62	281	707000
		281		296	c0c000
line	53	276	63	276	909000
			53	277	
	63		63		
	53	297		297	
			53	296	
	63		63		
tint	69	276	77	289	7fff7f	/font/5001/50
	75		83			/font/5001/4b
	81		89			/font/5001/42
	87		95			/font/5001/45
	93		101			/font/5001/41
	99		107			/font/5001/4d
	105		113			/font/5001/20
	111		119			/font/5001/31
	69	288	77	301		/font/5001/4c
	75		83			/font/5001/42
	81		89			/font/5001/45
	87		95			/font/5001/41
	93		101			/font/5001/4d
	99		107			/font/5001/20
	105		113			/font/5001/31
