line	321	211	322	211	b0b0b0
	145	315	146	315	
	137	100	138	99	d0d0d0
	208	450	209	449	
	414	222	415	222	808080
	250	400	250	400	
	535	158	536	157	d0d0d0
	236	455	237	455	b0b0b0
	437	369	438	369	808080
	581	281	581	280	b0b0b0
	362	445	363	445	
	478	433	478	433	808080
	516	465	517	464	d0d0d0
	348	50	349	49	b0b0b0
	132	360	132	359	808080
	602	416	603	416	
	290	398	291	398	
	494	325	494	324	
	155	323	157	322	d0d0d0
	585	185	586	184	b0b0b0
	266	385	267	384	808080
	415	290	415	290	
	249	308	250	308	b0b0b0
	197	43	198	43	808080
	343	64	344	64	d0d0d0
	361	285	361	285	808080
	364	63	364	63	b0b0b0
	530	339	530	339	808080
	209	107	210	107	
	515	149	516	149	b0b0b0
	521	438	522	438	d0d0d0
	144	350	145	350	b0b0b0
	404	78	404	78	808080
	128	141	129	141	
	590	217	591	217	d0d0d0
	250	181	251	180	808080
	408	144	409	144	
	434	156	435	156	d0d0d0
	396	182	397	182	b0b0b0
	409	99	410	99	d0d0d0
	239	297	240	297	808080
	482	137	483	137	b0b0b0
	143	416	143	415	808080
	177	65	178	65	
	463	184	463	184	
	443	217	444	216	d0d0d0
	580	60	581	59	
	531	230	531	230	808080
	337	164	338	164	d0d0d0
	160	435	160	435	808080
	303	18	304	18	b0b0b0
	248	179	249	178	
	208	131	209	131	
	602	30	602	30	
	480	478	480	478	808080
	354	143	355	142	d0d0d0
	552	49	553	48	b0b0b0
	434	398	435	398	d0d0d0
	529	469	529	469	808080
	271	404	272	404	b0b0b0
	198	368	200	368	d0d0d0
	570	31	570	31	808080
	531	342	532	342	d0d0d0
	305	247	305	247	808080
	386	288	387	288	
	369	337	370	337	b0b0b0
	558	120	558	120	
	317	240	318	240	
	198	454	200	453	d0d0d0
	477	221	478	221	
	523	471	523	471	808080
	321	254	322	254	b0b0b0
	334	202	335	202	
	187	84	188	84	808080
	485	292	486	291	d0d0d0
	530	471	530	470	b0b0b0
	517	158	518	157	
	245	167	246	166	d0d0d0
	403	454	404	453	b0b0b0
	318	385	319	385	d0d0d0
	498	214	499	214	b0b0b0
	531	376	531	376	808080
	147	441	148	440	
	145	420	145	419	
	258	355	259	355	
	394	453	395	452	d0d0d0
	130	71	131	71	b0b0b0
	271	311	272	311	d0d0d0
	174	270	175	269	b0b0b0
	436	54	437	54	808080
	366	302	367	301	
	314	315	315	314	
	569	37	569	37	
	580	321	580	320	b0b0b0
	144	331	145	330	808080
	242	352	243	352	
	519	436	520	436	d0d0d0
	300	144	300	144	808080
	354	409	355	408	d0d0d0
	299	375	300	375	b0b0b0
	398	426	398	425	808080
	246	473	247	472	b0b0b0
	585	264	585	264	808080
	327	398	328	398	d0d0d0
	235	196	236	195	
	331	189	332	188	
	371	226	372	226	b0b0b0
	229	145	230	144	
	415	226	416	225	d0d0d0
	296	149	297	149	808080
	459	421	460	421	b0b0b0
	173	406	174	406	
	360	313	360	313	
	579	237	580	236	
	499	194	500	193	d0d0d0
	498	330	499	330	b0b0b0
	357	332	358	331	808080
	593	342	593	341	
	573	173	575	173	d0d0d0
	226	301	227	300	808080
	513	68	514	68	d0d0d0
	554	411	554	410	b0b0b0
	179	220	180	219	d0d0d0
	130	77	131	77	
	589	133	590	132	808080
	166	0	166	480	002850
	334		334		005000
	502		502		002850
	128	54	608	54	
		222		222	005000
		390		390	002850
rect	491	171	505	185	00488f
plus	279	258	289	268	00c000
triangle	229	313	237	321	00c000
	362	234	372	244	
	478	185	484	191	c00000
	521	187	531	197	
dither	233	327	288	344	303000
tint	237	331	245	343	000000	/font/5000/43
	244		252			/font/5000/72
	251		259			/font/5000/75
	258		266			/font/5000/69
	265		273			/font/5000/73
	272		280			/font/5000/65
	279		287			/font/5000/72
	236	330	244	342	ffff00	/font/5000/43
	243		251			/font/5000/72
	250		258			/font/5000/75
	257		265			/font/5000/69
	264		272			/font/5000/73
	271		279			/font/5000/65
	278		286			/font/5000/72
line	549	158	534	157	489048
			540	170	
	534	157			204020
draw	0	0	128	480	/pictures/501.png
	608		640		/pictures/512.png
line	614	388	614	359	00488f
		359	622		
	622			388	002850
		388	614		
rect	615	360	622	388	003870
line	614	456	614	389	007fff
		389	622		
	622			456	00488f
		456	614		
rect	615	390	622	456	0070e0
line	614	247	614	231	909048
		231	622		
	622			247	505028
		247	614		
rect	615	232	622	247	707038
line	614	328	614	248	ffff7f
		248	622		
	622			328	909048
		328	614		
rect	615	249	622	328	e0e070
line	614	112	614	103	904848
		103	622		
	622			112	502828
		112	614		
rect	615	104	622	112	703838
line	614	200	614	113	ff7f7f
		113	622		
	622			200	904848
		200	614		
rect	615	114	622	200	e07070
line	618	8	629	8	90488f
			618	9	
	629		629		
	618	36		36	
			618	35	
	629		629		
rect	620	10	628	35	703870
		35			c060c0
	634	49	636	52	7fff7f
		53		56	60c060
		57		60	
		61		64	
		65		68	703800
		69		72	183018
		73		76	
		77		80	
		81		84	
		85		88	
		89		92	
		93		96	
		97		100	
		101		104	
		105		108	
		109		112	
		113		116	
		117		120	
		121		124	
		125		128	
		129		132	
		133		136	
		137		140	
		141		144	
		145		148	
		149		152	
		153		156	
		157		160	
		161		164	
		165		168	
		169		172	
		173		176	
		177		180	
		181		184	
		185		188	
		189		192	
		193		196	
		197		200	
		201		204	
		205		208	
		209		212	
		213		216	
		217		220	
		221		224	
		225		228	
		229		232	
		233		236	
		237		240	
		241		244	
		245		248	
		249		252	
		253		256	
		257		260	
		261		264	
		265		268	
		269		272	
		273		276	
		277		280	
		281		284	
		285		288	
		289		292	
		293		296	
		297		300	
		301		304	
		305		308	
		309		312	
		313		316	
		317		320	
		321		324	
		325		328	
		329		332	
		333		336	
		337		340	
		341		344	
		345		348	
		349		352	
		353		356	
		357		360	
		361		364	
		365		368	
		369		372	
		373		376	
		377		380	
		381		384	
		385		388	
		389		392	
		393		396	
		397		400	
		401		404	
		405		408	
		409		412	
		413		416	
		417		420	
		421		424	
		425		428	
		429		432	
		433		436	
		437		440	
		441		444	
		445		448	
	621	52	631	56	303000
		57		61	
		62		66	
		67		71	
		72		76	
		77		81	
		82		86	
	7	7	115	115	00ff00
	8	8	114	114	001000
					003000
point	93	46	00e000
	100	44	
	95	51	
	41	66	
	88	49	
	29	79	
	99	50	
rect	12	320	121	440	001000
tint	15	320	23	333	00ff00	/font/5001/42
	21		29			/font/5001/55
	27		35			/font/5001/49
	33		41			/font/5001/4c
	39		47			/font/5001/44
	45		53			/font/5001/20
	51		59			/font/5001/53
	57		65			/font/5001/48
	63		71			/font/5001/49
	69		77			/font/5001/50
	75		83			/font/5001/53
line	12	342	119	342	009000
tint	15	332	23	345	00ff00	/font/5001/46
	21		29			/font/5001/61
	27		35			/font/5001/6e
	33		41			/font/5001/73
	39		47			/font/5001/69
	45		53			/font/5001/20
	51		59			/font/5001/41
	57		65			/font/5001/6c
	63		71			/font/5001/70
	69		77			/font/5001/68
	75		83			/font/5001/61
	15	344	23	357		/font/5001/46
	21		29			/font/5001/69
	27		35			/font/5001/67
	33		41			/font/5001/68
	39		47			/font/5001/74
	45		53			/font/5001/65
	51		59			/font/5001/72
line	12	367	12	356	009000
		356	120		
	120			367	005000
		367	12		
rect	13	357	120	367	007000
tint	15	356	23	369	003000	/font/5001/43
	21		29			/font/5001/72
	27		35			/font/5001/75
	33		41			/font/5001/69
	39		47			/font/5001/73
	45		53			/font/5001/65
	51		59			/font/5001/72
	15	368	23	381	009000	/font/5001/47
	21		29			/font/5001/75
	27		35			/font/5001/6e
	33		41			/font/5001/73
	39		47			/font/5001/68
	45		53			/font/5001/69
	51		59			/font/5001/70
	15	380	23	393	00ff00	/font/5001/54
	21		29			/font/5001/72
	27		35			/font/5001/61
	33		41			/font/5001/6e
	39		47			/font/5001/73
	45		53			/font/5001/70
	51		59			/font/5001/6f
	57		65			/font/5001/72
	63		71			/font/5001/74
	15	392	23	405		/font/5001/45
	21		29			/font/5001/6e
	27		35			/font/5001/67
	33		41			/font/5001/69
	39		47			/font/5001/6e
	45		53			/font/5001/65
	51		59			
	57		65			/font/5001/72
	63		71			/font/5001/20
	69		77			/font/5001/50
	75		83			/font/5001/6f
	81		89			/font/5001/64
	15	404	23	417	009000	/font/5001/41
	21		29			/font/5001/73
	27		35			
	33		41			/font/5001/61
	39		47			/font/5001/75
	45		53			/font/5001/6c
	51		59			/font/5001/74
	57		65			/font/5001/20
	63		71			/font/5001/54
	69		77			/font/5001/72
	75		83			/font/5001/61
	81		89			/font/5001/6e
	87		95			/font/5001/73
	93		101			/font/5001/70
	99		107			/font/5001/6f
	105		113			/font/5001/72
	111		119			/font/5001/74
line	12	438	119	438	009000
rect	16	450	114	475	001010
line	17	461	17	450	00c0c0
		450	43		
	43			461	007070
		461	17		
rect	18	451	43	461	009090
tint	19	450	27	463	00ffff	/font/5001/52
	25		33			/font/5001/47
	31		39			/font/5001/48
	37		45			/font/5001/54
	43		51			/font/5001/20
	49		57			/font/5001/42
	55		63			/font/5001/75
	61		69			/font/5001/69
	67		75			/font/5001/6c
	73		81			/font/5001/64
line	17	473	17	462	00c0c0
		462	43		
	43			473	007070
		473	17		
rect	18	463	43	473	009090
tint	19	462	27	475	00ffff	/font/5001/4c
	25		33			/font/5001/45
	31		39			/font/5001/46
	37		45			/font/5001/54
	43		51			/font/5001/20
	49		57			/font/5001/4d
	55		63			/font/5001/61
	61		69			/font/5001/69
	67		75			/font/5001/6e
	73		81			/font/5001/20
	79		87			/font/5001/4d
	85		93			/font/5001/65
	91		99			/font/5001/6e
	97		105			/font/5001/75
line	12	191	12	180	ffff00
		180	119		
	119			191	909000
		191	12		
rect	13	181	119	191	c0c000
tint	15	180	23	193	000000	/font/5001/43
	21		29			/font/5001/4f
	27		35			/font/5001/4e
	33		41			/font/5001/54
	39		47			/font/5001/52
	45		53			/font/5001/4f
	51		59			/font/5001/4c
	15	192	23	205	7fff7f	/font/5001/43
	21		29			/font/5001/52
	27		35			/font/5001/55
	33		41			/font/5001/49
	39		47			/font/5001/53
	45		53			/font/5001/45
	51		59			/font/5001/52
draw	16	208	34	222	/sprites/501.SMIV/0
line	14	204	35	204	489048
			14	205	
	35		35		
	14	225		225	
			14	224	
	35		35		
rect	42	206	49	219	003870
		219		224	0060c0
line	40	204	50	204	00488f
			40	205	
	50		50		
	40	225		225	
			40	224	
	50		50		
rect	55	206	62	210	707000
		210		224	c0c000
line	53	204	63	204	909000
			53	205	
	63		63		
	53	225		225	
			53	224	
	63		63		
tint	69	204	77	217	7fff7f	/font/5001/50
	75		83			/font/5001/4b
	81		89			/font/5001/42
	87		95			/font/5001/45
	93		101			/font/5001/41
	99		107			/font/5001/4d
	105		113			/font/5001/20
	111		119			/font/5001/31
	69	216	77	229		/font/5001/46
	75		83			/font/5001/20
	81		89			/font/5001/50
	87		95			/font/5001/55
	93		101			/font/5001/4c
	99		107			/font/5001/53
	105		113			/font/5001/45
	12	228	20	241	00ff00	/font/5001/47
	18		26			/font/5001/75
	24		32			/font/5001/6e
	30		38			/font/5001/73
	36		44			/font/5001/68
	42		50			/font/5001/69
	48		56			/font/5001/70
line	12	263	12	252	007fff
		252	119		
	119			263	00488f
		263	12		
rect	13	253	119	263	0060c0
tint	15	252	23	265	000000	/font/5001/54
	21		29			/font/5001/41
	27		35			/font/5001/52
	33		41			/font/5001/47
	39		47			/font/5001/45
	45		53			/font/5001/54
	15	264	23	277	7fff7f	/font/5001/47
	21		29			/font/5001/55
	27		35			/font/5001/4e
	33		41			/font/5001/53
	39		47			/font/5001/48
	45		53			/font/5001/49
	51		59			/font/5001/50
draw	16	280	34	294	/sprites/509.SMIV/0
line	14	276	35	276	489048
			14	277	
	35		35		
	14	297		297	
			14	296	
	35		35		
rect	42	278	49	284	003870
		284		296	0060c0
line	40	276	50	276	00488f
			40	277	
	50		50		
	40	297		297	
			40	296	
	50		50		
rect	55	278	62	282	707000
		282		296	c0c000
line	53	276	63	276	909000
			53	277	
	63		63		
	53	297		297	
			53	296	
	63		63		
tint	69	276	77	289	7fff7f	/font/5001/50
	75		83			/font/5001/4b
	81		89			/font/5001/42
	87		95			/font/5001/45
	93		101			/font/5001/41
	99		107			/font/5001/4d
	105		113			/font/5001/20
	111		119			/font/5001/31
	69	288	77	301		/font/5001/4c
	75		83			/font/5001/42
	81		89			/font/5001/45
	87		95			/font/5001/41
	93		101			/font/5001/4d
	99		107			/font/5001/20
	105		113			/font/5001/31
