point	529	176	d0d0d0
	247	276	b0b0b0
	312	253	808080
	489	228	
	434	274	d0d0d0
	299	28	808080
	471	405	b0b0b0
	570	365	808080
	256	79	d0d0d0
	300	307	b0b0b0
	499	315	808080
	246	304	
	474	213	d0d0d0
	143	98	b0b0b0
		395	d0d0d0
	358	430	808080
	521	75	
	515	138	d0d0d0
	172	37	
	286	406	b0b0b0
	325	63	
	446	428	808080
	517	361	
	135	186	
	391	102	
	596	200	
	217	44	
	190	367	d0d0d0
	381	187	808080
	276	262	b0b0b0
	376	146	808080
	431	302	d0d0d0
	396	284	b0b0b0
	281	200	d0d0d0
	228	458	b0b0b0
	407	474	
	595	461	
	328	465	
	483	43	808080
	319	456	
	567	79	d0d0d0
	584	183	808080
	245	4	
	338	103	b0b0b0
	542	467	808080
	166	264	d0d0d0
	294	0	b0b0b0
	541	343	808080
	321	310	
	139	403	b0b0b0
	381	414	808080
	523	246	
	502	152	d0d0d0
	417	354	808080
	464	262	b0b0b0
	206	109	808080
	154	35	b0b0b0
	451	53	
	523	461	
	348	234	
	366	306	808080
	345	268	b0b0b0
	173	229	808080
	291	380	
	399	428	
	584	382	b0b0b0
	177	387	808080
	405	267	
	498	295	
	160	64	b0b0b0
	186	249	d0d0d0
	245	147	808080
	417	245	d0d0d0
	143	63	808080
	455	216	d0d0d0
	236	163	
		385	b0b0b0
	265	420	d0d0d0
	558	169	808080
	271	247	
	201	399	b0b0b0
	555	240	d0d0d0
	565	110	b0b0b0
	421	443	808080
	238	32	d0d0d0
	413	11	
	357	88	b0b0b0
	321	298	808080
	575	174	
	268	320	d0d0d0
	463	459	b0b0b0
	492	76	808080
	374	26	d0d0d0
	567	148	b0b0b0
	542	348	808080
	315	261	b0b0b0
	183	251	808080
	191	204	
	541	226	d0d0d0
	184	141	808080
	438	331	d0d0d0
	378	295	808080
	246	297	
	374	414	d0d0d0
	214	252	808080
	424	26	
	543	23	
	241	83	
	200	169	
	496	248	
	136	378	
	313	383	d0d0d0
	476	448	b0b0b0
	524	277	d0d0d0
	375	23	808080
	216	122	d0d0d0
	580	260	b0b0b0
	217	343	808080
	287	408	
	445	238	
	315	358	
	427	142	
	313	366	b0b0b0
	469	79	
	374	173	d0d0d0
	368	333	a05000
	391	280	
	336	389	
	397	390	
	425	262	
	318	275	
	421	332	
	336	360	
	373	362	
	367	277	
	383	266	c06000
	371	267	
	398	329	
	352	247	
	384	326	
	416	266	
	371	326	
	410	316	
	439	345	
	442	334	
	110	361	f07800
	124		
	104	358	
	127	369	
	128	376	
	99	366	
	128	371	
	122	380	
	98	379	
	100	360	
rect	280	0	281	481	000050
	128	345	609	346	
line	164	310	184	305	ffff7f
	272	281	288	274	00ff00
	370	255	378	251	ffff7f
	283		297	250	
	367	214	361	196	00ff00
draw	298	216	346	260	/sprites/ish/gunship%15
	351	140	379	166	/sprites/ish/cruiser%12
static	384	270	396	283	f0f078	15	/sprites/can/fighter%18
draw	349	216	393	260	/sprites/ish/gunship%16
	222	115	228	121	/sprites/sfx/crew%18
static	72	330	116	373	f0f078	87	/sprites/can/gunship%1
draw	520	292	528	301	/sprites/dev/fusion%10
	107	358	115	365	/sprites/sfx/explosion/energy%18
	385	259	396	268	/sprites/sfx/explosion/energy%19
	361	156	369	167	/sprites/dev/fusion%12
dither	363	163	418	180	303000
crop	367	167	374	178	24	44	000000	/fonts/tactical.png
	374		381		16	77		
	381		388		40			
	388		395		72	66		
	395		402		24	77		
	402		409		40	66		
	409		416		16	77		
	366	166	373	177	24	44	ffff00	
	373		380		16	77		
	380		387		40			
	387		394		72	66		
	394		401		24	77		
	401		408		40	66		
	408		415		16	77		
line	199	345	214	345	489048
			206	331	
	214				204020
draw	0	-144	128	624	/interfaces/instruments/left.png
	608		640		/interfaces/instruments/right.png
rect	614	359	615	406	00488f
			623	360	
	622			406	002850
	614	405			
	615	360	622	405	003870
	614	406	615	457	007fff
			623	407	
	622			457	00488f
	614	456			
	615	407	622	456	0070e0
	614	231	615	251	909048
			623	232	
	622			251	505028
	614	250			
	615	232	622	250	707038
	614	251	615	329	ffff7f
			623	252	
	622			329	909048
	614	328			
	615	252	622	328	e0e070
	614	103	615	115	904848
			623	104	
	622			115	502828
	614	114			
	615	104	622	114	703838
	614	115	615	201	ff7f7f
			623	116	
	622			201	904848
	614	200			
	615	116	622	200	e07070
	618	8	630	9	90488f
			619	10	
	629		630		
	618	36		37	
		35	619		
	629		630		
	620	10	628	35	703870
		35			c060c0
	634	49	636	52	7fff7f
		53		56	60c060
		57		60	
		61		64	703800
		65		68	183018
		69		72	
		73		76	
		77		80	
		81		84	
		85		88	
		89		92	
		93		96	
		97		100	
		101		104	
		105		108	
		109		112	
		113		116	
		117		120	
		121		124	
		125		128	
		129		132	
		133		136	
		137		140	
		141		144	
		145		148	
		149		152	
		153		156	
		157		160	
		161		164	
		165		168	
		169		172	
		173		176	
		177		180	
		181		184	
		185		188	
		189		192	
		193		196	
		197		200	
		201		204	
		205		208	
		209		212	
		213		216	
		217		220	
		221		224	
		225		228	
		229		232	
		233		236	
		237		240	
		241		244	
		245		248	
		249		252	
		253		256	
		257		260	
		261		264	
		265		268	
		269		272	
		273		276	
		277		280	
		281		284	
		285		288	
		289		292	
		293		296	
		297		300	
		301		304	
		305		308	
		309		312	
		313		316	
		317		320	
		321		324	
		325		328	
		329		332	
		333		336	
		337		340	
		341		344	
		345		348	
		349		352	
		353		356	
		357		360	
		361		364	
		365		368	
		369		372	
		373		376	
		377		380	
		381		384	
		385		388	
		389		392	
		393		396	
		397		400	
		401		404	
		405		408	
		409		412	
		413		416	
		417		420	
		421		424	
		425		428	
		429		432	
		433		436	
		437		440	
		441		444	
		445		448	
	621	52	631	56	303000
		57		61	
		62		66	
		67		71	
		72		76	
		77		81	
		82		86	
	7	7	115	115	00ff00
	8	8	114	114	001000
	58	58	66	66	003000
point	61	61	00e000
	46	60	
	60	61	
	53	55	
	61	61	
	63	68	
	78	57	
	60	61	
	55	54	
	63	62	
	58		
	60	61	
	61		
			
	56	63	
	51	64	
	61	60	
	59	59	
	61	60	
	56	63	
rect	12	320	121	440	001000
		342	120	343	009000
		392	13	404	
			121	393	
	120			404	005000
	12	403			
	13	393	120	403	007000
	12	438		439	009000
	16	450	114	475	001010
	17		18	462	00c0c0
			44	451	
	43			462	007070
	17	461			
	18	451	43	461	009090
	17	462	18	474	00c0c0
			44	463	
	43			474	007070
	17	473			
	18	463	43	473	009090
crop	15	320	21	332	16	48	00ff00	/fonts/computer.png
	21		27		40	60		
	27		33		72	48		
	33		39		96			
	39		45		32			
	45		51		0	24		
	51		57		24	60		
	57		63		64	48		
	63		69		72			
	69		75		0	60		
	75		81		24			
	15	332	21	344	48	48		
	21		27		8	72		
	27		33		112			
	33		39		24	84		
	39		45		72	72		
	45		51		0	24		
	51		57		8	48		
	57		63		96	72		
	63		69		0	84		
	69		75		64	72		
	75		81		8			
	15	344	21	356	48	48		
	21		27		72	72		
	27		33		56			
	33		39		64			
	39		45		32	84		
	45		51		40	72		
	51		57		16	84		
	15	356	21	368	24	48	009000	
	21		27		16	84		
	27		33		40			
	33		39		72	72		
	39		45		24	84		
	45		51		40	72		
	51		57		16	84		
	15	368	21	380	56	48		
	21		27		40	84		
	27		33		112	72		
	33		39		24	84		
	39		45		64	72		
	45		51		72			
	51		57		0	84		
	15	380	21	392	32	60		
	21		27		16	84		
	27		33		8	72		
	33		39		112			
	39		45		24	84		
	45		51		0			
	51		57		120	72		
	57		63		16	84		
	63		69		32			
	15	392	21	404	40	48	003000	
	21		27		112	72		
	27		33		56			
	33		39		72			
	39		45		112			
	45		51		40			
	51		57					
	57		63		16	84		
	63		69		0	24		
	69		75			60		
	75		81		120	72		
	81		87		32			
	15	404	21	416	8	48	009000	
	21		27		24	84		
	27		33					
	33		39		8	72		
	39		45		40	84		
	45		51		96	72		
	51		57		32	84		
	57		63		0	24		
	63		69		32	60		
	69		75		16	84		
	75		81		8	72		
	81		87		112			
	87		93		24	84		
	93		99		0			
	99		105		120	72		
	105		111		16	84		
	111		117		32			
	19	450	25	462	16	60	00ffff	
	25		31		56	48		
	31		37		64			
	37		43		32	60		
	43		49		0	24		
	49		55		16	48		
	55		61		40	84		
	61		67		72	72		
	67		73		96			
	73		79		32			
	19	462	25	474	96	48		
	25		31		40			
	31		37		48			
	37		43		32	60		
	43		49		0	24		
	49		55		104	48		
	55		61		8	72		
	61		67		72			
	67		73		112			
	73		79		0	24		
	79		85		104	48		
	85		91		40	72		
	91		97		112			
	97		103		40	84		
rect	12	180	13	192	ffff00
			121	181	
	120			192	909000
	12	191			
	13	181	120	191	c0c000
crop	15	180	21	192	24	48	000000	/fonts/computer.png
	21		27		120			
	27		33		112			
	33		39		32	60		
	39		45		16			
	45		51		120	48		
	51		57		96			
	15	192	21	204	24		7fff7f	
	21		27		16	60		
	27		33		40			
	33		39		72	48		
	39		45		24	60		
	45		51		40	48		
	51		57		16	60		
draw	16	208	34	222	/sprites/ish/cruiser%0
rect	14	204	36	205	489048
			15	206	
	35		36		
	14	225		226	
		224	15		
	35		36		
	42	206	49	217	003870
		217		224	0060c0
	40	204	51	205	00488f
			41	206	
	50		51		
	40	225		226	
		224	41		
	50		51		
	55	206	62	209	707000
		209		224	c0c000
	53	204	64	205	909000
			54	206	
	63		64		
	53	225		226	
		224	54		
	63		64		
crop	69	204	75	216	0	60	7fff7f	/fonts/computer.png
	75		81		88	48		
	81		87		16			
	87		93		40			
	93		99		8			
	99		105		104			
	105		111		0	24		
	111		117		8	36		
	69	216	75	228	48	48		
	75		81		0	24		
	81		87			60		
	87		93		40			
	93		99		96	48		
	99		105		24	60		
	105		111		40	48		
	12	228	18	240	56		00ff00	
	18		24		40	84		
	24		30		112	72		
	30		36		24	84		
	36		42		64	72		
	42		48		72			
	48		54		0	84		
rect	12	252	13	264	007fff
			121	253	
	120			264	00488f
	12	263			
	13	253	120	263	0060c0
crop	15	252	21	264	32	60	000000	/fonts/computer.png
	21		27		8	48		
	27		33		16	60		
	33		39		56	48		
	39		45		40			
	45		51		32	60		
	15	264	21	276	48	48	7fff7f	
	21		27		96			
	27		33		24			
	33		39		88			
	39		45		32			
	45		51		16	60		
	51		57		120	48		
	57		63		112			
draw	16	279	34	294	/sprites/loc/flak%0
rect	14	276	36	277	489048
			15	278	
	35		36		
	14	297		298	
		296	15		
	35		36		
	42	278	49	278	003870
				296	0060c0
	40	276	51	277	00488f
			41	278	
	50		51		
	40	297		298	
		296	41		
	50		51		
	55	278	62	278	707000
				296	c0c000
	53	276	64	277	909000
			54	278	
	63		64		
	53	297		298	
		296	54		
	63		64		
crop	69	276	75	288	48	48	7fff7f	/fonts/computer.png
	75		81		96			
	81		87		8			
	87		93		88			
	93		99		8			
	99		105		16	60		
	105		111		32			
	69	288	75	300	8	48		
	75		81		0	60		
	81		87		40			
	87		93		96	48		
	93		99		24	60		
	99		105		40	48		
	105		111		0	24		
	111		117		8	36		
	69	264	75	276	24	48		
	75		81		104			
	81		87		72			
	87		93		24	60		
	93		99					
	99		105		72	48		
	105		111		96			
	111		117		40			
