point	203	437	d0d0d0
	362	229	b0b0b0
	389	222	808080
	565	243	
	274	466	
	348	474	b0b0b0
	578	22	d0d0d0
	167	376	808080
	597	199	
	415	260	b0b0b0
	543	117	d0d0d0
	323	273	808080
	150	263	d0d0d0
	225	64	
	298	333	
	435	398	808080
	442	467	d0d0d0
	174	332	b0b0b0
	128	310	808080
	401	359	b0b0b0
	518	16	
	523	396	808080
	587	68	b0b0b0
	212	155	808080
	468	71	
	225	108	b0b0b0
	236	25	d0d0d0
	344	305	
	458	156	808080
	392	215	b0b0b0
	453	115	808080
	580	210	d0d0d0
	512	237	b0b0b0
	436	138	d0d0d0
	343	411	b0b0b0
	523	428	
	197	278	808080
	443	418	b0b0b0
	302	18	
	396	425	808080
	213	427	b0b0b0
	207	245	
	177	390	808080
	435	74	d0d0d0
	136	225	808080
	320	202	d0d0d0
	504	432	b0b0b0
	144	131	d0d0d0
	398	279	808080
	255	357	b0b0b0
	458	383	808080
	304	463	b0b0b0
	505	25	d0d0d0
	494	323	808080
	570	208	d0d0d0
	283	78	808080
	253	464	d0d0d0
	564	32	b0b0b0
	157	318	
	463	188	
	443	275	808080
	460	221	b0b0b0
	250	197	808080
	368	348	
	476	396	
	220	304	b0b0b0
	254	356	808080
	482	236	
	572	40	
	589	188	
	340	187	d0d0d0
	322	115	808080
	579	306	b0b0b0
	359	46	
	606	313	808080
	391	101	d0d0d0
	351	338	b0b0b0
	420	358	d0d0d0
	153	352	808080
	348	215	
	316	352	b0b0b0
	239	58	
	201	198	
	498	412	808080
	274	455	b0b0b0
	549	452	808080
	167	27	
	398	267	
	172	363	
	422	258	d0d0d0
	587	333	808080
	529	129	d0d0d0
	233	443	
	179	318	808080
	140	431	
	430	214	b0b0b0
	260	220	808080
	268	172	
	194	150	b0b0b0
	261	110	808080
	598	186	
	455	264	
	323	266	
	568	315	
	291	221	
	253	470	b0b0b0
	595	135	808080
	318	52	
	277	137	
	224	13	
	213	346	
	467	321	d0d0d0
	595	129	808080
	181	408	b0b0b0
	510	22	808080
	597	447	
	245	404	d0d0d0
	294	312	808080
	364	376	
	522	206	
	392	327	
	504	111	
	429	319	b0b0b0
	342	21	808080
	546	357	b0b0b0
	289	639	502800
	385	543	
	345	392	
	112	604	
	375	384	
	279	464	
	164	512	
	155	391	
	240	528	
	342	507	
	142	502	603000
	278	564	
	365	468	
	239	523	
	356	396	
	227	548	
	394	393	
	317	546	
	351	436	
	178	559	
	267	390	a05000
	155	418	
	179	421	
	195	451	
	152	539	
	134	397	
	235	508	
	242	416	
	214	530	
	171	405	
	185	472	c06000
	216	457	
	189	389	
	181	436	
	271	388	
	258	419	
	201	379	
	242	448	
	215	432	
	190	411	
	364	245	f07800
	370	243	
	384	234	
	382	245	
	360	240	
	370	250	
	367	222	
	382	221	
	365	247	
	388	237	
	207	451	
	216	441	
	230	451	
	212	456	
	223	445	
	204	459	
	211	440	
	226	462	
	235	455	
	231	431	
line	431	0	431	480	000050
	128	284	608	284	
	178	214	196	224	00ff00
draw	305	250	337	277	/sprites/501.SMIV/19
	300	270	332	298	/sprites/501.SMIV/20
	182	435	198	449	/sprites/507.SMIV/4
static	348	216	396	260	ffffff	61	/sprites/509.SMIV/15
draw	195	439	211	454	/sprites/507.SMIV/6
	175	408	191	422	/sprites/507.SMIV/0
	152	28	158	34	/sprites/513.SMIV/18
	199	471	215	484	/sprites/507.SMIV/1
	188	441	200	453	/sprites/507.SMIV/7
	157	418	173	434	/sprites/507.SMIV/3
	151	416	167	431	/sprites/507.SMIV/6
	161	424	177	438	/sprites/507.SMIV/15
	170	407	186	421	
	167	470	183	484	/sprites/507.SMIV/13
	189	428	205	442	/sprites/507.SMIV/9
	142	462	154	476	/sprites/507.SMIV/16
	186	478	202	492	/sprites/507.SMIV/14
	191	434	203	448	/sprites/507.SMIV/16
	144	460	160	474	/sprites/507.SMIV/10
	170	468	182	482	/sprites/507.SMIV/11
	146	452	162	466	/sprites/507.SMIV/15
	202	436	214	450	/sprites/507.SMIV/16
	154	479	170	493	/sprites/507.SMIV/9
	162	450	178	464	/sprites/507.SMIV/22
	166	449	182	465	/sprites/507.SMIV/18
	165		177		/sprites/507.SMIV/19
	162	450	178	464	/sprites/507.SMIV/22
	163	451	179		/sprites/507.SMIV/21
					
	162	450	178		/sprites/507.SMIV/22
	166	449	182	465	/sprites/507.SMIV/18
	172	207	196	228	/sprites/517.SMIV/0
	188	401	199	410	/sprites/504.SMIV/19
	137	460	161	481	/sprites/517.SMIV/0
	145	448	169	469	
	362	226	370	233	/sprites/504.SMIV/18
	123	417	223	507	/sprites/504.SMIV/3
	185	211	197	225	/sprites/504.SMIV/1
	191	209	201	220	/sprites/554.SMIV/2
	206	436	214	443	/sprites/504.SMIV/18
	181	170	193	178	/sprites/503.SMIV/20
dither	312	290	367	307	303000
tint	316	294	324	306	000000	/font/5000/43
	323		331			/font/5000/72
	330		338			/font/5000/75
	337		345			/font/5000/69
	344		352			/font/5000/73
	351		359			/font/5000/65
	358		366			/font/5000/72
	315	293	323	305	ffff00	/font/5000/43
	322		330			/font/5000/72
	329		337			/font/5000/75
	336		344			/font/5000/69
	343		351			/font/5000/73
	350		358			/font/5000/65
	357		365			/font/5000/72
line	238	390	253	385	489048
			241	375	
	253	385			204020
draw	0	0	128	480	/pictures/501.png
	608		640		/pictures/512.png
line	614	410	614	359	00488f
		359	622		
	622			410	002850
		410	614		
rect	615	360	622	410	003870
line	614	456	614	411	007fff
		411	622		
	622			456	00488f
		456	614		
rect	615	412	622	456	0070e0
line	614	264	614	231	909048
		231	622		
	622			264	505028
		264	614		
rect	615	232	622	264	707038
line	614	328	614	265	ffff7f
		265	622		
	622			328	909048
		328	614		
rect	615	266	622	328	e0e070
line	614	117	614	103	904848
		103	622		
	622			117	502828
		117	614		
rect	615	104	622	117	703838
line	614	200	614	118	ff7f7f
		118	622		
	622			200	904848
		200	614		
rect	615	119	622	200	e07070
line	618	8	629	8	90488f
			618	9	
	629		629		
	618	36		36	
			618	35	
	629		629		
rect	620	10	628	35	703870
		35			c060c0
	634	49	636	52	007fff
		53		56	0060c0
		57		60	
		61		64	
		65		68	183018
		69		72	
		73		76	
		77		80	
		81		84	
		85		88	
		89		92	
		93		96	
		97		100	
		101		104	
		105		108	
		109		112	
		113		116	
		117		120	
		121		124	
		125		128	
		129		132	
		133		136	
		137		140	
		141		144	
		145		148	
		149		152	
		153		156	
		157		160	
		161		164	
		165		168	
		169		172	
		173		176	
		177		180	
		181		184	
		185		188	
		189		192	
		193		196	
		197		200	
		201		204	
		205		208	
		209		212	
		213		216	
		217		220	
		221		224	
		225		228	
		229		232	
		233		236	
		237		240	
		241		244	
		245		248	
		249		252	
		253		256	
		257		260	
		261		264	
		265		268	
		269		272	
		273		276	
		277		280	
		281		284	
		285		288	
		289		292	
		293		296	
		297		300	
		301		304	
		305		308	
		309		312	
		313		316	
		317		320	
		321		324	
		325		328	
		329		332	
		333		336	
		337		340	
		341		344	
		345		348	
		349		352	
		353		356	
		357		360	
		361		364	
		365		368	
		369		372	
		373		376	
		377		380	
		381		384	
		385		388	
		389		392	
		393		396	
		397		400	
		401		404	
		405		408	
		409		412	
		413		416	
		417		420	
		421		424	
		425		428	
		429		432	
		433		436	
		437		440	
		441		444	
		445		448	
	621	52	631	56	303000
		57		61	
		62		66	
		67		71	
		72		76	
		77		81	
		82		86	
	7	7	115	115	00ff00
	8	8	114	114	001000
	57	57	65	65	003000
point	61	61	00e000
	10	98	
	59	71	
	58	69	
	61	61	
	57	65	
	58	64	
	109	53	
	58	60	
	46	58	
	57	65	
	58	61	
	57	66	
	58	64	
	48	61	
	58		
			
		65	
			
	57	57	
	60	61	
	58		
		65	
		64	
		65	
			
	57	64	
			
			
	58		
		65	
		64	
	57	66	
		65	
	58		
			
	57		
	58		
	57		
	58		
	57	66	
		65	
	58		
			
			
			
			
			
			
			
rect	12	320	121	440	001000
tint	15	320	23	333	00ff00	/font/5001/42
	21		29			/font/5001/55
	27		35			/font/5001/49
	33		41			/font/5001/4c
	39		47			/font/5001/44
	45		53			/font/5001/20
	51		59			/font/5001/53
	57		65			/font/5001/48
	63		71			/font/5001/49
	69		77			/font/5001/50
	75		83			/font/5001/53
line	12	342	119	342	009000
tint	15	332	23	345	00ff00	/font/5001/46
	21		29			/font/5001/61
	27		35			/font/5001/6e
	33		41			/font/5001/73
	39		47			/font/5001/69
	45		53			/font/5001/20
	51		59			/font/5001/41
	57		65			/font/5001/6c
	63		71			/font/5001/70
	69		77			/font/5001/68
	75		83			/font/5001/61
	15	344	23	357		/font/5001/46
	21		29			/font/5001/69
	27		35			/font/5001/67
	33		41			/font/5001/68
	39		47			/font/5001/74
	45		53			/font/5001/65
	51		59			/font/5001/72
	15	356	23	369	009000	/font/5001/43
	21		29			/font/5001/72
	27		35			/font/5001/75
	33		41			/font/5001/69
	39		47			/font/5001/73
	45		53			/font/5001/65
	51		59			/font/5001/72
	15	368	23	381		/font/5001/47
	21		29			/font/5001/75
	27		35			/font/5001/6e
	33		41			/font/5001/73
	39		47			/font/5001/68
	45		53			/font/5001/69
	51		59			/font/5001/70
	15	380	23	393	00ff00	/font/5001/54
	21		29			/font/5001/72
	27		35			/font/5001/61
	33		41			/font/5001/6e
	39		47			/font/5001/73
	45		53			/font/5001/70
	51		59			/font/5001/6f
	57		65			/font/5001/72
	63		71			/font/5001/74
line	12	403	12	392	009000
		392	120		
	120			403	005000
		403	12		
rect	13	393	120	403	007000
tint	15	392	23	405	00ff00	/font/5001/45
	21		29			/font/5001/6e
	27		35			/font/5001/67
	33		41			/font/5001/69
	39		47			/font/5001/6e
	45		53			/font/5001/65
	51		59			
	57		65			/font/5001/72
	63		71			/font/5001/20
	69		77			/font/5001/50
	75		83			/font/5001/6f
	81		89			/font/5001/64
	15	404	23	417	009000	/font/5001/41
	21		29			/font/5001/73
	27		35			
	33		41			/font/5001/61
	39		47			/font/5001/75
	45		53			/font/5001/6c
	51		59			/font/5001/74
	57		65			/font/5001/20
	63		71			/font/5001/54
	69		77			/font/5001/72
	75		83			/font/5001/61
	81		89			/font/5001/6e
	87		95			/font/5001/73
	93		101			/font/5001/70
	99		107			/font/5001/6f
	105		113			/font/5001/72
	111		119			/font/5001/74
line	12	438	119	438	009000
rect	16	450	114	475	001010
line	17	461	17	450	00c0c0
		450	43		
	43			461	007070
		461	17		
rect	18	451	43	461	009090
tint	19	450	27	463	00ffff	/font/5001/52
	25		33			/font/5001/47
	31		39			/font/5001/48
	37		45			/font/5001/54
	43		51			/font/5001/20
	49		57			/font/5001/42
	55		63			/font/5001/75
	61		69			/font/5001/69
	67		75			/font/5001/6c
	73		81			/font/5001/64
line	17	473	17	462	00c0c0
		462	43		
	43			473	007070
		473	17		
rect	18	463	43	473	009090
tint	19	462	27	475	00ffff	/font/5001/4c
	25		33			/font/5001/45
	31		39			/font/5001/46
	37		45			/font/5001/54
	43		51			/font/5001/20
	49		57			/font/5001/4d
	55		63			/font/5001/61
	61		69			/font/5001/69
	67		75			/font/5001/6e
	73		81			/font/5001/20
	79		87			/font/5001/4d
	85		93			/font/5001/65
	91		99			/font/5001/6e
	97		105			/font/5001/75
rect	12	180	120	192	000000
line	12	191	12	180	ffff00
		180	119		
	119			191	909000
		191	12		
rect	13	181	119	191	c0c000
tint	15	180	23	193	000000	/font/5001/43
	21		29			/font/5001/4f
	27		35			/font/5001/4e
	33		41			/font/5001/54
	39		47			/font/5001/52
	45		53			/font/5001/4f
	51		59			/font/5001/4c
rect	12	192	120	204	000000
tint	15	192	23	205	7fff7f	/font/5001/43
	21		29			/font/5001/52
	27		35			/font/5001/55
	33		41			/font/5001/49
	39		47			/font/5001/53
	45		53			/font/5001/45
	51		59			/font/5001/52
rect	14	204	36	226	000000
draw	16	208	34	222	/sprites/501.SMIV/0
line	14	204	35	204	489048
			14	205	
	35		35		
	14	225		225	
			14	224	
	35		35		
rect	40	204	51	226	000000
	42	206	49	216	003870
		216		224	0060c0
line	40	204	50	204	00488f
			40	205	
	50		50		
	40	225		225	
			40	224	
	50		50		
rect	53	204	64	226	000000
	55	206	62	207	707000
		207		224	c0c000
line	53	204	63	204	909000
			53	205	
	63		63		
	53	225		225	
			53	224	
	63		63		
rect	69	204	120	216	000000
tint	69	204	77	217	7fff7f	/font/5001/50
	75		83			/font/5001/4b
	81		89			/font/5001/42
	87		95			/font/5001/45
	93		101			/font/5001/41
	99		107			/font/5001/4d
	105		113			/font/5001/20
	111		119			/font/5001/31
rect	69	216	120	228	000000
tint	69	216	77	229	7fff7f	/font/5001/46
	75		83			/font/5001/20
	81		89			/font/5001/50
	87		95			/font/5001/55
	93		101			/font/5001/4c
	99		107			/font/5001/53
	105		113			/font/5001/45
rect	69	192	120	204	000000
	12	228		240	
tint	12	228	20	241	00ff00	/font/5001/47
	18		26			/font/5001/75
	24		32			/font/5001/6e
	30		38			/font/5001/73
	36		44			/font/5001/68
	42		50			/font/5001/69
	48		56			/font/5001/70
rect	12	252	120	264	000000
line	12	263	12	252	007fff
		252	119		
	119			263	00488f
		263	12		
rect	13	253	119	263	0060c0
tint	15	252	23	265	000000	/font/5001/54
	21		29			/font/5001/41
	27		35			/font/5001/52
	33		41			/font/5001/47
	39		47			/font/5001/45
	45		53			/font/5001/54
rect	12	264	120	276	000000
tint	15	264	23	277	7fff7f	/font/5001/46
	21		29			/font/5001/4c
	27		35			/font/5001/43
	33		41			/font/5001/4b
	39		47			/font/5001/44
	45		53			/font/5001/52
	51		59			/font/5001/4f
	57		65			/font/5001/4e
rect	14	276	36	298	000000
draw	16	280	34	295	/sprites/542.SMIV/0
line	14	276	35	276	489048
			14	277	
	35		35		
	14	297		297	
			14	296	
	35		35		
rect	40	276	51	298	000000
	42	278	49	278	003870
				296	0060c0
line	40	276	50	276	00488f
			40	277	
	50		50		
	40	297		297	
			40	296	
	50		50		
rect	53	276	64	298	000000
	55	278	62	278	707000
				296	c0c000
line	53	276	63	276	909000
			53	277	
	63		63		
	53	297		297	
			53	296	
	63		63		
rect	69	276	120	288	000000
tint	69	276	77	289	7fff7f	/font/5001/46
	75		83			/font/5001/4c
	81		89			/font/5001/41
	87		95			/font/5001/4b
	93		101			/font/5001/41
	99		107			/font/5001/52
	105		113			/font/5001/54
rect	69	288	120	300	000000
tint	69	288	77	301	7fff7f	/font/5001/41
	75		83			/font/5001/50
	81		89			/font/5001/55
	87		95			/font/5001/4c
	93		101			/font/5001/53
	99		107			/font/5001/45
	105		113			/font/5001/20
	111		119			/font/5001/31
rect	69	264	120	276	000000
tint	69	264	77	277	7fff7f	/font/5001/43
	75		83			/font/5001/4d
	81		89			/font/5001/49
	87		95			/font/5001/53
	93		101			
	99		107			/font/5001/49
	105		113			/font/5001/4c
	111		119			/font/5001/45
rect	12	300	120	312	000000
