point	563	343	d0d0d0
	156	31	
	546	435	b0b0b0
	331	188	
	453	431	808080
	137	422	d0d0d0
	443	442	b0b0b0
	346	342	808080
	295	188	
	180	325	
	348	250	b0b0b0
	502	238	808080
	533	345	b0b0b0
	174	472	
	154	130	808080
	134	73	
	227	129	
	442	280	b0b0b0
	306	410	808080
	170	232	
	241	443	b0b0b0
	268	186	
	457	12	d0d0d0
	391	120	808080
	185	391	b0b0b0
	493	56	
	337	393	
	178	365	808080
	170	3	b0b0b0
	164	86	808080
	172	27	d0d0d0
	458	160	
	300	146	b0b0b0
	147	471	
	131	226	808080
	370	8	d0d0d0
	376	243	808080
	231	63	b0b0b0
	380	272	d0d0d0
	573	170	808080
	481	375	b0b0b0
	475	193	
	356	355	808080
	268	347	b0b0b0
	315	190	808080
	540	392	b0b0b0
	292	283	
	249	455	d0d0d0
	544	120	
	550	204	808080
	156	176	
	582	461	
	193	78	
	223	175	b0b0b0
	288	267	808080
	462	43	
	130	410	d0d0d0
	352	83	b0b0b0
	425	266	
	211	217	808080
	154	299	d0d0d0
	576	284	808080
	428	163	
	547	314	
	197	212	b0b0b0
	488	252	
	433	321	808080
	181	279	
	343	167	b0b0b0
	366	396	
	217	177	d0d0d0
	500	81	808080
	367	361	b0b0b0
	373	469	d0d0d0
	481	23	
	234	356	b0b0b0
	136	409	808080
	298	381	d0d0d0
	331	317	808080
	526	181	
	590	38	
	507	6	b0b0b0
	469	146	
	262	65	d0d0d0
	542	412	b0b0b0
	248	420	808080
	187	470	
	558	304	b0b0b0
	351	328	808080
	258	403	b0b0b0
	286	60	808080
	337	272	b0b0b0
	591	370	d0d0d0
	357	283	808080
	318	396	
	190	441	
	439	186	
	447	138	
	462	98	b0b0b0
	440	75	808080
	382	14	b0b0b0
	176	430	d0d0d0
	501	231	808080
	335	309	b0b0b0
	470	186	808080
	520	180	b0b0b0
	294	336	808080
	497	17	
	456	103	
	312	457	
	391	312	
	291	96	b0b0b0
	376	389	
	449	356	
	604	99	808080
	378	402	b0b0b0
	604	456	808080
	473	277	
	542	342	
	311	233	d0d0d0
	549	92	b0b0b0
	239	446	
	189	152	808080
	129	358	
	334	362	b0b0b0
line	159	0	159	480	005000
	274		274		002850
	389		389		
	504		504		
	128	104	608	104	
		219		219	
		334		334	
		449		449	005000
plus	515	303	525	313	c00000
triangle	352	233	360	241	00c000
rect	152	349	158	355	c00000
triangle	335	220	345	230	00c000
	355	227	363	235	
plus	223	235	233	245	00c000
triangle	356	226	364	234	00c000
	528	304	534	310	c00000
	352	235	360	243	00c000
	362	234	372	244	
dither	356	249	411	266	303000
tint	360	253	368	265	000000	/font/5000/43
	367		375			/font/5000/72
	374		382			/font/5000/75
	381		389			/font/5000/69
	388		396			/font/5000/73
	395		403			/font/5000/65
	402		410			/font/5000/72
	359	252	367	264	ffff00	/font/5000/43
	366		374			/font/5000/72
	373		381			/font/5000/75
	380		388			/font/5000/69
	387		395			/font/5000/73
	394		402			/font/5000/65
	401		409			/font/5000/72
dither	367	219	422	236	001830
tint	371	223	379	235	000000	/font/5000/47
	378		386			/font/5000/75
	385		393			/font/5000/6e
	392		400			/font/5000/73
	399		407			/font/5000/68
	406		414			/font/5000/69
	413		421			/font/5000/70
	370	222	378	234	007fff	/font/5000/47
	377		385			/font/5000/75
	384		392			/font/5000/6e
	391		399			/font/5000/73
	398		406			/font/5000/68
	405		413			/font/5000/69
	412		420			/font/5000/70
line	545	329	537	316	489048
			530	329	
	537	316			204020
draw	0	0	128	480	/pictures/501.png
	608		640		/pictures/512.png
line	614	408	614	359	00488f
		359	622		
	622			408	002850
		408	614		
rect	615	360	622	408	003870
line	614	456	614	409	007fff
		409	622		
	622			456	00488f
		456	614		
rect	615	410	622	456	0070e0
line	614	240	614	231	909048
		231	622		
	622			240	505028
		240	614		
rect	615	232	622	240	707038
line	614	328	614	241	ffff7f
		241	622		
	622			328	909048
		328	614		
rect	615	242	622	328	e0e070
line	614	126	614	103	904848
		103	622		
	622			126	502828
		126	614		
rect	615	104	622	126	703838
line	614	200	614	127	ff7f7f
		127	622		
	622			200	904848
		200	614		
rect	615	128	622	200	e07070
line	618	8	629	8	90488f
			618	9	
	629		629		
	618	36		36	
			618	35	
	629		629		
rect	620	10	628	35	703870
		35			c060c0
	634	49	636	52	7fff7f
		53		56	60c060
		57		60	
		61		64	
		65		68	703800
		69		72	183018
		73		76	
		77		80	
		81		84	
		85		88	
		89		92	
		93		96	
		97		100	
		101		104	
		105		108	
		109		112	
		113		116	
		117		120	
		121		124	
		125		128	
		129		132	
		133		136	
		137		140	
		141		144	
		145		148	
		149		152	
		153		156	
		157		160	
		161		164	
		165		168	
		169		172	
		173		176	
		177		180	
		181		184	
		185		188	
		189		192	
		193		196	
		197		200	
		201		204	
		205		208	
		209		212	
		213		216	
		217		220	
		221		224	
		225		228	
		229		232	
		233		236	
		237		240	
		241		244	
		245		248	
		249		252	
		253		256	
		257		260	
		261		264	
		265		268	
		269		272	
		273		276	
		277		280	
		281		284	
		285		288	
		289		292	
		293		296	
		297		300	
		301		304	
		305		308	
		309		312	
		313		316	
		317		320	
		321		324	
		325		328	
		329		332	
		333		336	
		337		340	
		341		344	
		345		348	
		349		352	
		353		356	
		357		360	
		361		364	
		365		368	
		369		372	
		373		376	
		377		380	
		381		384	
		385		388	
		389		392	
		393		396	
		397		400	
		401		404	
		405		408	
		409		412	
		413		416	
		417		420	
		421		424	
		425		428	
		429		432	
		433		436	
		437		440	
		441		444	
		445		448	
	621	52	631	56	303000
		57		61	
		62		66	
		67		71	
		72		76	
		77		81	
		82		86	
	7	7	115	115	00ff00
	8	8	114	114	001000
					003000
point	57	61	00e000
	52	56	
	59	59	
	12	61	
	59	58	
	57	61	
rect	12	320	121	440	001000
tint	15	320	23	333	00ff00	/font/5001/42
	21		29			/font/5001/55
	27		35			/font/5001/49
	33		41			/font/5001/4c
	39		47			/font/5001/44
	45		53			/font/5001/20
	51		59			/font/5001/53
	57		65			/font/5001/48
	63		71			/font/5001/49
	69		77			/font/5001/50
	75		83			/font/5001/53
line	12	342	119	342	009000
tint	15	332	23	345	00ff00	/font/5001/46
	21		29			/font/5001/61
	27		35			/font/5001/6e
	33		41			/font/5001/73
	39		47			/font/5001/69
	45		53			/font/5001/20
	51		59			/font/5001/41
	57		65			/font/5001/6c
	63		71			/font/5001/70
	69		77			/font/5001/68
	75		83			/font/5001/61
	15	344	23	357		/font/5001/46
	21		29			/font/5001/69
	27		35			/font/5001/67
	33		41			/font/5001/68
	39		47			/font/5001/74
	45		53			/font/5001/65
	51		59			/font/5001/72
line	12	367	12	356	009000
		356	120		
	120			367	005000
		367	12		
rect	13	357	120	367	007000
tint	15	356	23	369	003000	/font/5001/43
	21		29			/font/5001/72
	27		35			/font/5001/75
	33		41			/font/5001/69
	39		47			/font/5001/73
	45		53			/font/5001/65
	51		59			/font/5001/72
	15	368	23	381	009000	/font/5001/47
	21		29			/font/5001/75
	27		35			/font/5001/6e
	33		41			/font/5001/73
	39		47			/font/5001/68
	45		53			/font/5001/69
	51		59			/font/5001/70
	15	380	23	393	00ff00	/font/5001/54
	21		29			/font/5001/72
	27		35			/font/5001/61
	33		41			/font/5001/6e
	39		47			/font/5001/73
	45		53			/font/5001/70
	51		59			/font/5001/6f
	57		65			/font/5001/72
	63		71			/font/5001/74
	15	392	23	405		/font/5001/45
	21		29			/font/5001/6e
	27		35			/font/5001/67
	33		41			/font/5001/69
	39		47			/font/5001/6e
	45		53			/font/5001/65
	51		59			
	57		65			/font/5001/72
	63		71			/font/5001/20
	69		77			/font/5001/50
	75		83			/font/5001/6f
	81		89			/font/5001/64
	15	404	23	417	009000	/font/5001/41
	21		29			/font/5001/73
	27		35			
	33		41			/font/5001/61
	39		47			/font/5001/75
	45		53			/font/5001/6c
	51		59			/font/5001/74
	57		65			/font/5001/20
	63		71			/font/5001/54
	69		77			/font/5001/72
	75		83			/font/5001/61
	81		89			/font/5001/6e
	87		95			/font/5001/73
	93		101			/font/5001/70
	99		107			/font/5001/6f
	105		113			/font/5001/72
	111		119			/font/5001/74
line	12	438	119	438	009000
rect	16	450	114	475	001010
line	17	461	17	450	00c0c0
		450	43		
	43			461	007070
		461	17		
rect	18	451	43	461	009090
tint	19	450	27	463	00ffff	/font/5001/52
	25		33			/font/5001/47
	31		39			/font/5001/48
	37		45			/font/5001/54
	43		51			/font/5001/20
	49		57			/font/5001/42
	55		63			/font/5001/75
	61		69			/font/5001/69
	67		75			/font/5001/6c
	73		81			/font/5001/64
line	17	473	17	462	00c0c0
		462	43		
	43			473	007070
		473	17		
rect	18	463	43	473	009090
tint	19	462	27	475	00ffff	/font/5001/4c
	25		33			/font/5001/45
	31		39			/font/5001/46
	37		45			/font/5001/54
	43		51			/font/5001/20
	49		57			/font/5001/4d
	55		63			/font/5001/61
	61		69			/font/5001/69
	67		75			/font/5001/6e
	73		81			/font/5001/20
	79		87			/font/5001/4d
	85		93			/font/5001/65
	91		99			/font/5001/6e
	97		105			/font/5001/75
line	12	191	12	180	ffff00
		180	119		
	119			191	909000
		191	12		
rect	13	181	119	191	c0c000
tint	15	180	23	193	000000	/font/5001/43
	21		29			/font/5001/4f
	27		35			/font/5001/4e
	33		41			/font/5001/54
	39		47			/font/5001/52
	45		53			/font/5001/4f
	51		59			/font/5001/4c
	15	192	23	205	7fff7f	/font/5001/43
	21		29			/font/5001/52
	27		35			/font/5001/55
	33		41			/font/5001/49
	39		47			/font/5001/53
	45		53			/font/5001/45
	51		59			/font/5001/52
draw	16	208	34	222	/sprites/501.SMIV/0
line	14	204	35	204	489048
			14	205	
	35		35		
	14	225		225	
			14	224	
	35		35		
rect	42	206	49	215	003870
		215		224	0060c0
line	40	204	50	204	00488f
			40	205	
	50		50		
	40	225		225	
			40	224	
	50		50		
rect	55	206	62	207	707000
		207		224	c0c000
line	53	204	63	204	909000
			53	205	
	63		63		
	53	225		225	
			53	224	
	63		63		
tint	69	204	77	217	7fff7f	/font/5001/50
	75		83			/font/5001/4b
	81		89			/font/5001/42
	87		95			/font/5001/45
	93		101			/font/5001/41
	99		107			/font/5001/4d
	105		113			/font/5001/20
	111		119			/font/5001/31
	69	216	77	229		/font/5001/46
	75		83			/font/5001/20
	81		89			/font/5001/50
	87		95			/font/5001/55
	93		101			/font/5001/4c
	99		107			/font/5001/53
	105		113			/font/5001/45
	12	228	20	241	00ff00	/font/5001/47
	18		26			/font/5001/75
	24		32			/font/5001/6e
	30		38			/font/5001/73
	36		44			/font/5001/68
	42		50			/font/5001/69
	48		56			/font/5001/70
line	12	263	12	252	007fff
		252	119		
	119			263	00488f
		263	12		
rect	13	253	119	263	0060c0
tint	15	252	23	265	000000	/font/5001/54
	21		29			/font/5001/41
	27		35			/font/5001/52
	33		41			/font/5001/47
	39		47			/font/5001/45
	45		53			/font/5001/54
	15	264	23	277	7fff7f	/font/5001/46
	21		29			/font/5001/61
	27		35			/font/5001/6e
	33		41			/font/5001/73
	39		47			/font/5001/69
	45		53			/font/5001/20
	51		59			/font/5001/42
	57		65			/font/5001/65
	63		71			/font/5001/74
	69		77			/font/5001/61
draw	16	278	34	296	/sprites/1020.SMIV/0
line	14	276	35	276	489048
			14	277	
	35		35		
	14	297		297	
			14	296	
	35		35		
