point	378	88	d0d0d0
	456	458	
	407	244	b0b0b0
	527	476	808080
	361	304	
	519	10	
	304	251	b0b0b0
	254	215	808080
	203	61	
	526	40	d0d0d0
	209	59	b0b0b0
	410	111	808080
	394	154	b0b0b0
	514	119	
	141	441	808080
	293	380	
	134	2	
	303	89	b0b0b0
	214	283	808080
	507	293	d0d0d0
	589	42	808080
	136	473	d0d0d0
	515	357	808080
	346	470	b0b0b0
	498	286	d0d0d0
	172	344	b0b0b0
	199	202	
	523	135	d0d0d0
	139	354	808080
	522	253	b0b0b0
	292	308	
	459	408	
	189	449	808080
	130	469	
	472	115	b0b0b0
	241	232	d0d0d0
	283	116	808080
	457	351	b0b0b0
	195	17	d0d0d0
	481	43	808080
	342	185	b0b0b0
	336	2	
	264	228	808080
	129	156	b0b0b0
	222	63	808080
	401	201	b0b0b0
	153	92	
	250	436	808080
	434	344	d0d0d0
	458	77	808080
	511	196	b0b0b0
	490	334	808080
	580	272	
	578	75	
	196	140	
	176	353	b0b0b0
	469	166	
	307	407	808080
	286	75	b0b0b0
	598	18	808080
	412	392	
	484	157	
	336	36	
	455	187	
	560	151	
	349	61	b0b0b0
	341	194	808080
	567	347	
	220	455	b0b0b0
	228	205	
	511	113	d0d0d0
	138	411	b0b0b0
	229	170	
	187	214	d0d0d0
	538	83	
	564	210	
	191	408	b0b0b0
	595	391	
	239	190	808080
	434	54	
	366	300	d0d0d0
	225	232	
	146	434	b0b0b0
	251	336	
	404	221	
	156	293	808080
	573	263	
	420	113	b0b0b0
	258	201	808080
	599	315	b0b0b0
	344	345	d0d0d0
	199	81	b0b0b0
	406	115	d0d0d0
	265	156	808080
	226	270	
	576	115	
	347	59	
	354	11	
	583	65	
	594	107	
	132	475	
	469	99	d0d0d0
	409	104	808080
	197	118	b0b0b0
	378	59	808080
	385	467	b0b0b0
	202	209	808080
	442	314	b0b0b0
	359	432	d0d0d0
	220	330	808080
	299	185	
	516	415	
	237	198	b0b0b0
	311	165	
	491	425	d0d0d0
	239	211	b0b0b0
	511	329	808080
	381	150	
	450	215	
	480	466	
	540	412	
	501	445	
	544	98	d0d0d0
	425	86	
	195	171	b0b0b0
	422	396	402000
	488	301	
	392	392	
	470	380	
	463	270	
	457	397	
	395	291	
	372	391	
	404	396	
	463	333	
	428	316	904800
	375	400	
	448		
	415	342	
	398	371	
	457	322	
	382	317	
	407	343	
	444	385	
	452	351	
	474	408	a05000
	387	424	
	377	352	
	477	417	
	419	422	
	404	413	
	380	383	
	396	413	
	408	371	
	418	369	
	332	140	b05800
	300	153	
	321	159	
	303	142	
	315	155	
	269	168	
	284	174	
	276	127	
	327	133	
	273	130	
	395	384	d06800
	372	401	
	393	376	
	375	378	
	396	389	
	349	380	
	371		
	389	379	
	370	395	
	390	377	
	350	424	f07800
	341	407	
	347	402	
	334	424	
	341	408	
	338	412	
	351	404	
		415	
	354	418	
	332	414	
rect	440	0	441	480	000050
	128	108	608	109	
line	308	406	312	391	ffff7f
	354	236	357	229	
	598	155	582	150	00ff00
	347	306	351	294	ffff7f
static	328	356	358	382	f0f078	96	/sprites/can/aslttran%17
	361	59	384	81	ffffff	113	/sprites/ish/cruiser%5
	329	134	355	154		67	/sprites/ish/cruiser%7
draw	440	56	463	79	/sprites/ish/cruiser%11
	404	104	417	117	/sprites/can/fighter%13
	350	219	390	254	/sprites/ish/gunship%14
	332	407	338	412	/sprites/sfx/explosion/energy%18
	398	90	408	101	/sprites/sfx/explosion/large-hit%3
	354	368	363	375	/sprites/sfx/explosion/energy%19
dither	496	4	551	21	303000
crop	500	8	507	19	24	44	000000	/fonts/tactical.png
	507		514		16	77		
	514		521		40			
	521		528		72	66		
	528		535		24	77		
	535		542		40	66		
	542		549		16	77		
	499	7	506	18	24	44	ffff00	
	506		513		16	77		
	513		520		40			
	520		527		72	66		
	527		534		24	77		
	534		541		40	66		
	541		548		16	77		
line	253	402	267	396	489048
			254	387	
	267	396			204020
draw	0	-144	128	624	/pictures/gui/instruments/left.png
	608		640		/pictures/gui/instruments/right.png
rect	614	359	615	408	00488f
			623	360	
	622			408	002850
	614	407			
	615	360	622	407	003870
	614	408	615	457	007fff
			623	409	
	622			457	00488f
	614	456			
	615	409	622	456	0070e0
	614	231	615	236	909048
			623	232	
	622			236	505028
	614	235			
	615	232	622	235	707038
	614	236	615	329	ffff7f
			623	237	
	622			329	909048
	614	328			
	615	237	622	328	e0e070
	614	103	615	130	904848
			623	104	
	622			130	502828
	614	129			
	615	104	622	129	703838
	614	130	615	201	ff7f7f
			623	131	
	622			201	904848
	614	200			
	615	131	622	200	e07070
	618	8	630	9	90488f
			619	10	
	629		630		
	618	36		37	
		35	619		
	629		630		
	620	10	628	35	703870
		28			c060c0
	634	49	636	52	904800
		53		56	703800
		57		60	
		61		64	
		65		68	
		69		72	183018
		73		76	
		77		80	
		81		84	
		85		88	
		89		92	
		93		96	
		97		100	
		101		104	
		105		108	
		109		112	
		113		116	
		117		120	
		121		124	
		125		128	
		129		132	
		133		136	
		137		140	
		141		144	
		145		148	
		149		152	
		153		156	
		157		160	
		161		164	
		165		168	
		169		172	
		173		176	
		177		180	
		181		184	
		185		188	
		189		192	
		193		196	
		197		200	
		201		204	
		205		208	
		209		212	
		213		216	
		217		220	
		221		224	
		225		228	
		229		232	
		233		236	
		237		240	
		241		244	
		245		248	
		249		252	
		253		256	
		257		260	
		261		264	
		265		268	
		269		272	
		273		276	
		277		280	
		281		284	
		285		288	
		289		292	
		293		296	
		297		300	
		301		304	
		305		308	
		309		312	
		313		316	
		317		320	
		321		324	
		325		328	
		329		332	
		333		336	
		337		340	
		341		344	
		345		348	
		349		352	
		353		356	
		357		360	
		361		364	
		365		368	
		369		372	
		373		376	
		377		380	
		381		384	
		385		388	
		389		392	
		393		396	
		397		400	
		401		404	
		405		408	
		409		412	
		413		416	
		417		420	
		421		424	
		425		428	
		429		432	
		433		436	
		437		440	
		441		444	
		445		448	
	621	52	631	56	303000
		57		61	
		62		66	
		67		71	
		72		76	
		77		81	
		82		86	
	7	7	115	115	00ff00
	8	8	114	114	001000
	57	57	67	67	003000
point	61	64	00e000
		57	
	55	52	
	61	59	
	13	40	
	60	64	
	62	58	
	61	65	
	62	57	
	61	61	
		62	
	66	59	
	61	58	
		64	
	64	48	
rect	12	320	121	440	001000
		342	120	343	009000
		356	13	368	
			121	357	
	120			368	005000
	12	367			
	13	357	120	367	007000
	12	438		439	009000
	16	450	114	475	001010
	17		18	462	00c0c0
			44	451	
	43			462	007070
	17	461			
	18	451	43	461	009090
	17	462	18	474	00c0c0
			44	463	
	43			474	007070
	17	473			
	18	463	43	473	009090
crop	15	320	21	332	16	48	00ff00	/fonts/computer.png
	21		27		40	60		
	27		33		72	48		
	33		39		96			
	39		45		32			
	45		51		0	24		
	51		57		24	60		
	57		63		64	48		
	63		69		72			
	69		75		0	60		
	75		81		24			
	15	332	21	344	48	48		
	21		27		8	72		
	27		33		112			
	33		39		24	84		
	39		45		72	72		
	45		51		0	24		
	51		57		8	48		
	57		63		96	72		
	63		69		0	84		
	69		75		64	72		
	75		81		8			
	15	344	21	356	48	48	009000	
	21		27		72	72		
	27		33		56			
	33		39		64			
	39		45		32	84		
	45		51		40	72		
	51		57		16	84		
	15	356	21	368	24	48	003000	
	21		27		16	84		
	27		33		40			
	33		39		72	72		
	39		45		24	84		
	45		51		40	72		
	51		57		16	84		
	15	368	21	380	56	48	009000	
	21		27		40	84		
	27		33		112	72		
	33		39		24	84		
	39		45		64	72		
	45		51		72			
	51		57		0	84		
	15	380	21	392	32	60		
	21		27		16	84		
	27		33		8	72		
	33		39		112			
	39		45		24	84		
	45		51		0			
	51		57		120	72		
	57		63		16	84		
	63		69		32			
	15	392	21	404	40	48		
	21		27		112	72		
	27		33		56			
	33		39		72			
	39		45		112			
	45		51		40			
	51		57					
	57		63		16	84		
	63		69		0	24		
	69		75			60		
	75		81		120	72		
	81		87		32			
	15	404	21	416	8	48		
	21		27		24	84		
	27		33					
	33		39		8	72		
	39		45		40	84		
	45		51		96	72		
	51		57		32	84		
	57		63		0	24		
	63		69		32	60		
	69		75		16	84		
	75		81		8	72		
	81		87		112			
	87		93		24	84		
	93		99		0			
	99		105		120	72		
	105		111		16	84		
	111		117		32			
	19	450	25	462	16	60	00ffff	
	25		31		56	48		
	31		37		64			
	37		43		32	60		
	43		49		0	24		
	49		55		16	48		
	55		61		40	84		
	61		67		72	72		
	67		73		96			
	73		79		32			
	19	462	25	474	96	48		
	25		31		40			
	31		37		48			
	37		43		32	60		
	43		49		0	24		
	49		55		104	48		
	55		61		8	72		
	61		67		72			
	67		73		112			
	73		79		0	24		
	79		85		104	48		
	85		91		40	72		
	91		97		112			
	97		103		40	84		
rect	12	180	13	192	ffff00
			121	181	
	120			192	909000
	12	191			
	13	181	120	191	c0c000
crop	15	180	21	192	24	48	000000	/fonts/computer.png
	21		27		120			
	27		33		112			
	33		39		32	60		
	39		45		16			
	45		51		120	48		
	51		57		96			
	15	192	21	204	24		7fff7f	
	21		27		16	60		
	27		33		40			
	33		39		72	48		
	39		45		24	60		
	45		51		40	48		
	51		57		16	60		
draw	16	208	34	222	/sprites/ish/cruiser%0
rect	14	204	36	205	489048
			15	206	
	35		36		
	14	225		226	
		224	15		
	35		36		
	42	206	49	215	003870
		215		224	0060c0
	40	204	51	205	00488f
			41	206	
	50		51		
	40	225		226	
		224	41		
	50		51		
	55	206	62	207	707000
		207		224	c0c000
	53	204	64	205	909000
			54	206	
	63		64		
	53	225		226	
		224	54		
	63		64		
crop	69	204	75	216	0	60	7fff7f	/fonts/computer.png
	75		81		88	48		
	81		87		16			
	87		93		40			
	93		99		8			
	99		105		104			
	105		111		0	24		
	111		117		8	36		
	69	216	75	228	48	48		
	75		81		0	24		
	81		87			60		
	87		93		40			
	93		99		96	48		
	99		105		24	60		
	105		111		40	48		
	12	228	18	240	56		00ff00	
	18		24		40	84		
	24		30		112	72		
	30		36		24	84		
	36		42		64	72		
	42		48		72			
	48		54		0	84		
rect	12	252	13	264	007fff
			121	253	
	120			264	00488f
	12	263			
	13	253	120	263	0060c0
crop	15	252	21	264	32	60	000000	/fonts/computer.png
	21		27		8	48		
	27		33		16	60		
	33		39		56	48		
	39		45		40			
	45		51		32	60		
	15	264	21	276	56	48	7fff7f	
	21		27		40	60		
	27		33		112	48		
	33		39		24	60		
	39		45		64	48		
	45		51		72			
	51		57		0	60		
draw	16	280	34	294	/sprites/ish/gunship%0
rect	14	276	36	277	489048
			15	278	
	35		36		
	14	297		298	
		296	15		
	35		36		
	42	278	49	287	003870
		287		296	0060c0
	40	276	51	277	00488f
			41	278	
	50		51		
	40	297		298	
		296	41		
	50		51		
	55	278	62	279	707000
		279		296	c0c000
	53	276	64	277	909000
			54	278	
	63		64		
	53	297		298	
		296	54		
	63		64		
crop	69	276	75	288	0	60	7fff7f	/fonts/computer.png
	75		81		88	48		
	81		87		16			
	87		93		40			
	93		99		8			
	99		105		104			
	105		111		0	24		
	111		117		8	36		
	69	288	75	300	96	48		
	75		81		16			
	81		87		40			
	87		93		8			
	93		99		104			
	99		105		0	24		
	105		111		8	36		
