point	377	177	b0b0b0
	567	161	808080
	576	311	
	380	229	
	213	57	
	146	3	
	409	395	
	476	431	b0b0b0
	164	294	808080
	464	430	b0b0b0
	188	169	
	432	448	d0d0d0
	364	474	808080
	380	473	b0b0b0
	398	1	d0d0d0
	145	133	808080
	275	235	
	164	470	b0b0b0
	515	292	
	524	160	808080
	566	346	b0b0b0
	460	209	
	367	110	808080
	604	81	
	450	360	d0d0d0
	164	451	b0b0b0
	379	199	
	563	374	d0d0d0
	334	89	
	300	317	b0b0b0
	246	448	808080
	250	24	
	479	328	b0b0b0
	462	55	808080
	487	248	b0b0b0
	595	12	808080
	205	250	d0d0d0
	402	282	b0b0b0
	428	120	d0d0d0
	276	372	808080
	434	429	
	212	232	
	475	129	d0d0d0
	148	6	b0b0b0
	159	206	
	363	342	
	276	201	
	557	85	d0d0d0
	272	366	b0b0b0
	437	262	808080
	598	183	d0d0d0
	343	87	808080
		315	b0b0b0
	519	380	808080
	170	269	d0d0d0
	480	463	b0b0b0
	180	275	
	160	160	808080
	312	289	b0b0b0
	537	312	
	265	145	808080
	362	469	b0b0b0
	401	161	d0d0d0
	473	346	808080
	414	348	
	452	228	d0d0d0
	445	43	808080
	418	97	
	434	323	d0d0d0
	189	314	b0b0b0
	356	438	808080
	580	354	d0d0d0
	600	275	
	459	398	b0b0b0
	557		808080
	546	301	d0d0d0
	460	71	808080
	319	358	b0b0b0
	543	391	
	257	137	d0d0d0
	444	413	808080
	327	345	
	168	33	b0b0b0
	564	446	
	171	330	
	299	14	808080
	334	272	b0b0b0
	541	49	808080
	134	198	b0b0b0
	495	58	808080
	333	404	
	547	229	d0d0d0
	131	5	
	196	17	808080
	242	35	b0b0b0
	264	470	808080
	514	169	
	231	127	b0b0b0
	186	209	
	445	164	808080
	392	134	b0b0b0
	201	182	
	515	186	d0d0d0
	194	310	808080
	179	108	d0d0d0
	163	97	b0b0b0
	516	68	
	275	420	
	268	445	808080
	497	324	d0d0d0
	300	463	
	369	168	808080
	372	363	
	560	393	
	134	426	d0d0d0
	473	377	808080
	364	82	
	605	5	
	147	446	
	333	219	
	392	165	
	354	198	
	485	81	
	186	299	d0d0d0
	467	258	808080
	383	318	904800
	367	338	
	385	307	
	391	339	
	398	329	
		318	
	372	304	
	402	308	
	385	329	
	393	316	
rect	144	0	145	481	000050
	272		273		
	400		401		
	528		529		005000
	128	79	609	80	000050
		207		208	
		335		336	002850
		463		464	000050
line	281	227	279	224	ff007f
draw	416	106	424	113	/sprites/501.SMIV/22
	114	150	125	160	/sprites/509.SMIV/11
	383	315	387	319	/sprites/512.SMIV/13
	367	291	375	297	/sprites/501.SMIV/4
	40	252	50	258	/sprites/559.SMIV/6
	411	288	418	295	/sprites/501.SMIV/13
	238	196	249	200	/sprites/642.SMIV/17
static	361	124	368	132	00000000	254	/sprites/502.SMIV/7
draw	156	206	163	212	/sprites/501.SMIV/6
	360	273	368	280	/sprites/501.SMIV/8
	364	235	375	245	/sprites/509.SMIV/19
	421	332	424	334	/sprites/503.SMIV/8
	396	347	398	349	/sprites/503.SMIV/13
dither	364	287	419	304	303000
crop	368	291	375	302	24	44	000000	/fonts/tactical
	375		382		16	77		
	382		389		40			
	389		396		72	66		
	396		403		24	77		
	403		410		40	66		
	410		417		16	77		
	367	290	374	301	24	44	ffff00	
	374		381		16	77		
	381		388		40			
	388		395		72	66		
	395		402		24	77		
	402		409		40	66		
	409		416		16	77		
line	173	199	184	209	489048
			188	195	
	184	209			204020
draw	0	0	128	480	/pictures/501.png
	608		640		/pictures/512.png
rect	614	359	615	409	00488f
			623	360	
	622			409	002850
	614	408			
	615	360	622	408	003870
	614	409	615	457	007fff
			623	410	
	622			457	00488f
	614	456			
	615	410	622	456	0070e0
	614	231	615	242	909048
			623	232	
	622			242	505028
	614	241			
	615	232	622	241	707038
	614	242	615	329	ffff7f
			623	243	
	622			329	909048
	614	328			
	615	243	622	328	e0e070
	614	103	615	139	904848
			623	104	
	622			139	502828
	614	138			
	615	104	622	138	703838
	614	139	615	201	ff7f7f
			623	140	
	622			201	904848
	614	200			
	615	140	622	200	e07070
	618	8	630	9	90488f
			619	10	
	629		630		
	618	36		37	
		35	619		
	629		630		
	620	10	628	35	703870
		35			c060c0
	634	49	636	52	7fff7f
		53		56	60c060
		57		60	
		61		64	
		65		68	703800
		69		72	183018
		73		76	
		77		80	
		81		84	
		85		88	
		89		92	
		93		96	
		97		100	
		101		104	
		105		108	
		109		112	
		113		116	
		117		120	
		121		124	
		125		128	
		129		132	
		133		136	
		137		140	
		141		144	
		145		148	
		149		152	
		153		156	
		157		160	
		161		164	
		165		168	
		169		172	
		173		176	
		177		180	
		181		184	
		185		188	
		189		192	
		193		196	
		197		200	
		201		204	
		205		208	
		209		212	
		213		216	
		217		220	
		221		224	
		225		228	
		229		232	
		233		236	
		237		240	
		241		244	
		245		248	
		249		252	
		253		256	
		257		260	
		261		264	
		265		268	
		269		272	
		273		276	
		277		280	
		281		284	
		285		288	
		289		292	
		293		296	
		297		300	
		301		304	
		305		308	
		309		312	
		313		316	
		317		320	
		321		324	
		325		328	
		329		332	
		333		336	
		337		340	
		341		344	
		345		348	
		349		352	
		353		356	
		357		360	
		361		364	
		365		368	
		369		372	
		373		376	
		377		380	
		381		384	
		385		388	
		389		392	
		393		396	
		397		400	
		401		404	
		405		408	
		409		412	
		413		416	
		417		420	
		421		424	
		425		428	
		429		432	
		433		436	
		437		440	
		441		444	
		445		448	
	621	52	631	56	303000
		57		61	
		62		66	
		67		71	
		72		76	
		77		81	
		82		86	
	7	7	115	115	00ff00
	8	8	114	114	001000
	42	42	80	80	003000
point	65	51	00e000
	42	55	
	61	65	
	17	60	
	36	62	
	54	60	
	98	54	
	52	58	
	64	65	
	61	52	
	44	59	
	65	68	
	63	69	
	62	67	
	61	63	
rect	12	320	121	440	001000
crop	15	320	21	332	16	48	00ff00	/fonts/computer
	21		27		40	60		
	27		33		72	48		
	33		39		96			
	39		45		32			
	45		51		0	24		
	51		57		24	60		
	57		63		64	48		
	63		69		72			
	69		75		0	60		
	75		81		24			
rect	12	342	120	343	009000
crop	15	332	21	344	48	48	00ff00	/fonts/computer
	21		27		8	72		
	27		33		112			
	33		39		24	84		
	39		45		72	72		
	45		51		0	24		
	51		57		8	48		
	57		63		96	72		
	63		69		0	84		
	69		75		64	72		
	75		81		8			
	15	344	21	356	48	48		
	21		27		72	72		
	27		33		56			
	33		39		64			
	39		45		32	84		
	45		51		40	72		
	51		57		16	84		
rect	12	356	13	368	009000
			121	357	
	120			368	005000
	12	367			
	13	357	120	367	007000
crop	15	356	21	368	24	48	003000	/fonts/computer
	21		27		16	84		
	27		33		40			
	33		39		72	72		
	39		45		24	84		
	45		51		40	72		
	51		57		16	84		
	15	368	21	380	56	48	009000	
	21		27		40	84		
	27		33		112	72		
	33		39		24	84		
	39		45		64	72		
	45		51		72			
	51		57		0	84		
	15	380	21	392	32	60	00ff00	
	21		27		16	84		
	27		33		8	72		
	33		39		112			
	39		45		24	84		
	45		51		0			
	51		57		120	72		
	57		63		16	84		
	63		69		32			
	15	392	21	404	40	48		
	21		27		112	72		
	27		33		56			
	33		39		72			
	39		45		112			
	45		51		40			
	51		57					
	57		63		16	84		
	63		69		0	24		
	69		75			60		
	75		81		120	72		
	81		87		32			
	15	404	21	416	8	48	009000	
	21		27		24	84		
	27		33					
	33		39		8	72		
	39		45		40	84		
	45		51		96	72		
	51		57		32	84		
	57		63		0	24		
	63		69		32	60		
	69		75		16	84		
	75		81		8	72		
	81		87		112			
	87		93		24	84		
	93		99		0			
	99		105		120	72		
	105		111		16	84		
	111		117		32			
rect	12	438	120	439	009000
	16	450	114	475	001010
	17		18	462	00c0c0
			44	451	
	43			462	007070
	17	461			
	18	451	43	461	009090
crop	19	450	25	462	16	60	00ffff	/fonts/computer
	25		31		56	48		
	31		37		64			
	37		43		32	60		
	43		49		0	24		
	49		55		16	48		
	55		61		40	84		
	61		67		72	72		
	67		73		96			
	73		79		32			
rect	17	462	18	474	00c0c0
			44	463	
	43			474	007070
	17	473			
	18	463	43	473	009090
crop	19	462	25	474	96	48	00ffff	/fonts/computer
	25		31		40			
	31		37		48			
	37		43		32	60		
	43		49		0	24		
	49		55		104	48		
	55		61		8	72		
	61		67		72			
	67		73		112			
	73		79		0	24		
	79		85		104	48		
	85		91		40	72		
	91		97		112			
	97		103		40	84		
rect	12	180	13	192	ffff00
			121	181	
	120			192	909000
	12	191			
	13	181	120	191	c0c000
crop	15	180	21	192	24	48	000000	/fonts/computer
	21		27		120			
	27		33		112			
	33		39		32	60		
	39		45		16			
	45		51		120	48		
	51		57		96			
	15	192	21	204	24		7fff7f	
	21		27		16	60		
	27		33		40			
	33		39		72	48		
	39		45		24	60		
	45		51		40	48		
	51		57		16	60		
draw	16	208	34	222	/sprites/501.SMIV/0
rect	14	204	36	205	489048
			15	206	
	35		36		
	14	225		226	
		224	15		
	35		36		
	42	206	49	215	003870
		215		224	0060c0
	40	204	51	205	00488f
			41	206	
	50		51		
	40	225		226	
		224	41		
	50		51		
	55	206	62	207	707000
		207		224	c0c000
	53	204	64	205	909000
			54	206	
	63		64		
	53	225		226	
		224	54		
	63		64		
crop	69	204	75	216	0	60	7fff7f	/fonts/computer
	75		81		88	48		
	81		87		16			
	87		93		40			
	93		99		8			
	99		105		104			
	105		111		0	24		
	111		117		8	36		
	69	216	75	228	48	48		
	75		81		0	24		
	81		87			60		
	87		93		40			
	93		99		96	48		
	99		105		24	60		
	105		111		40	48		
	12	228	18	240	56		00ff00	
	18		24		40	84		
	24		30		112	72		
	30		36		24	84		
	36		42		64	72		
	42		48		72			
	48		54		0	84		
rect	12	252	13	264	007fff
			121	253	
	120			264	00488f
	12	263			
	13	253	120	263	0060c0
crop	15	252	21	264	32	60	000000	/fonts/computer
	21		27		8	48		
	27		33		16	60		
	33		39		56	48		
	39		45		40			
	45		51		32	60		
	15	264	21	276	56	48	7fff7f	
	21		27		40	60		
	27		33		112	48		
	33		39		24	60		
	39		45		64	48		
	45		51		72			
	51		57		0	60		
draw	16	280	34	294	/sprites/509.SMIV/0
rect	14	276	36	277	489048
			15	278	
	35		36		
	14	297		298	
		296	15		
	35		36		
	42	278	49	288	003870
		288		296	0060c0
	40	276	51	277	00488f
			41	278	
	50		51		
	40	297		298	
		296	41		
	50		51		
	55	278	62	280	707000
		280		296	c0c000
	53	276	64	277	909000
			54	278	
	63		64		
	53	297		298	
		296	54		
	63		64		
crop	69	276	75	288	0	60	7fff7f	/fonts/computer
	75		81		88	48		
	81		87		16			
	87		93		40			
	93		99		8			
	99		105		104			
	105		111		0	24		
	111		117		8	36		
	69	288	75	300	96	48		
	75		81		16			
	81		87		40			
	87		93		8			
	93		99		104			
	99		105		0	24		
	105		111		8	36		
