point	455	179	b0b0b0
	139	355	808080
	167	156	d0d0d0
	432	230	808080
	265	58	
	198	4	
	461	396	
	554	433	b0b0b0
	216	295	808080
	542	432	b0b0b0
	266	171	
	536	451	d0d0d0
	416	475	808080
	458		b0b0b0
	524	1	
	197	135	808080
	327	236	
	242	471	b0b0b0
	593	294	
	576	161	808080
	164	356	b0b0b0
	538	211	
	419	111	808080
	200	85	b0b0b0
	555	363	d0d0d0
	242	453	b0b0b0
	457	200	
	187	3	d0d0d0
	438	92	
	378	319	b0b0b0
	298	449	808080
	302	25	
	557	330	b0b0b0
	513	56	808080
	565	250	b0b0b0
	207	415	d0d0d0
	309	253	
	480	284	b0b0b0
	532	123	d0d0d0
	328	373	808080
	485	431	
	264	233	
	579	131	d0d0d0
	226	8	b0b0b0
	237	208	
	441	344	
	354	203	
	181	271	d0d0d0
	350	368	b0b0b0
	489	264	808080
	175	385	
	395	88	
	421	317	b0b0b0
	571	381	808080
	274	271	d0d0d0
	558	465	b0b0b0
	258	277	
	212	161	808080
	390	291	b0b0b0
	132	202	808080
	317	146	
	440	471	b0b0b0
	505	164	d0d0d0
	525	347	808080
	466	349	
	556	231	d0d0d0
	497	44	808080
	470	98	
	539	325	d0d0d0
	267	316	b0b0b0
	408	439	808080
	204	166	d0d0d0
	199	405	b0b0b0
	538	399	
	129	337	
	160	99	
	512	72	808080
	397	359	b0b0b0
	141	116	
	361	139	d0d0d0
	496	414	808080
	379	346	
	246	35	b0b0b0
	174	68	d0d0d0
	249	332	b0b0b0
	351	15	808080
	412	274	b0b0b0
	593	51	808080
	212	200	b0b0b0
	547	59	808080
	385	405	
	172	124	d0d0d0
	235	7	
	247	18	808080
	320	37	b0b0b0
	316	471	808080
	566	170	
	309	129	b0b0b0
	264	210	
	497	166	808080
	470	136	b0b0b0
	279	184	
	134	250	808080
	246	311	
	283	110	d0d0d0
	241	99	b0b0b0
	594	70	
	353	422	
	320	446	808080
	601	326	d0d0d0
	404	466	
	421	169	808080
	424	364	
	131	96	
	238	428	d0d0d0
	525	378	808080
	416	83	
	177	322	
	199	447	
	385	220	
	444	166	
	406	199	
	537	82	
	290	301	d0d0d0
	519	259	808080
	267	213	f07800
	268	217	
	266	216	
	264	215	
	262	212	
	267	216	
	264	213	
	265	215	
	264	216	
	262	214	
line	249	0	249	480	000050
	377		377		
	505		505		
	128	81	608	81	
		209		209	
		337		337	002850
		465		465	000050
	319	239	324	239	00ff00
	354	236	358	236	ffff7f
	319	211	314	211	
	290	234	295	234	
	550	454	551	450	00ff00
	310	211	305	211	
	326	242	331	242	ffff7f
	552	424	549	421	00ff00
draw	475	147	482	153	/sprites/501.SMIV/6
static	234	212	245	223	ffffff	48	/sprites/509.SMIV/4
draw	568	411	571	414	/sprites/512.SMIV/12
	574	384	582	391	/sprites/501.SMIV/14
	229	232	240	238	/sprites/559.SMIV/4
	499	378	506	384	/sprites/501.SMIV/12
static	255	215	266	219	f0f078	80	/sprites/642.SMIV/17
	517	75	524	85	00000000	254	/sprites/502.SMIV/15
draw	448	197	455	203	/sprites/501.SMIV/6
	493	401	500	407	/sprites/501.SMIV/5
	364	235	374	245	/sprites/509.SMIV/18
	528	458	530	460	/sprites/503.SMIV/10
	225	210	229	214	/sprites/554.SMIV/5
	573	393	575	395	/sprites/503.SMIV/14
	264	214	266	215	/sprites/504.SMIV/18
	497	402	500	403	/sprites/503.SMIV/5
dither	496	413	551	430	303000
tint	500	417	508	429	000000	/font/5000/43
	507		515			/font/5000/72
	514		522			/font/5000/75
	521		529			/font/5000/69
	528		536			/font/5000/73
	535		543			/font/5000/65
	542		550			/font/5000/72
	499	416	507	428	ffff00	/font/5000/43
	506		514			/font/5000/72
	513		521			/font/5000/75
	520		528			/font/5000/69
	527		535			/font/5000/73
	534		542			/font/5000/65
	541		549			/font/5000/72
line	169	230	182	238	489048
			183	223	
	182	238			204020
draw	0	0	128	480	/pictures/501.png
	608		640		/pictures/512.png
line	614	408	614	359	00488f
		359	622		
	622			408	002850
		408	614		
rect	615	360	622	408	003870
line	614	456	614	409	007fff
		409	622		
	622			456	00488f
		456	614		
rect	615	410	622	456	0070e0
line	614	241	614	231	909048
		231	622		
	622			241	505028
		241	614		
rect	615	232	622	241	707038
line	614	328	614	242	ffff7f
		242	622		
	622			328	909048
		328	614		
rect	615	243	622	328	e0e070
line	614	139	614	103	904848
		103	622		
	622			139	502828
		139	614		
rect	615	104	622	139	703838
line	614	200	614	140	ff7f7f
		140	622		
	622			200	904848
		200	614		
rect	615	141	622	200	e07070
line	618	8	629	8	90488f
			618	9	
	629		629		
	618	36		36	
			618	35	
	629		629		
rect	620	10	628	35	703870
		35			c060c0
	634	49	636	52	7fff7f
		53		56	60c060
		57		60	
		61		64	
		65		68	703800
		69		72	183018
		73		76	
		77		80	
		81		84	
		85		88	
		89		92	
		93		96	
		97		100	
		101		104	
		105		108	
		109		112	
		113		116	
		117		120	
		121		124	
		125		128	
		129		132	
		133		136	
		137		140	
		141		144	
		145		148	
		149		152	
		153		156	
		157		160	
		161		164	
		165		168	
		169		172	
		173		176	
		177		180	
		181		184	
		185		188	
		189		192	
		193		196	
		197		200	
		201		204	
		205		208	
		209		212	
		213		216	
		217		220	
		221		224	
		225		228	
		229		232	
		233		236	
		237		240	
		241		244	
		245		248	
		249		252	
		253		256	
		257		260	
		261		264	
		265		268	
		269		272	
		273		276	
		277		280	
		281		284	
		285		288	
		289		292	
		293		296	
		297		300	
		301		304	
		305		308	
		309		312	
		313		316	
		317		320	
		321		324	
		325		328	
		329		332	
		333		336	
		337		340	
		341		344	
		345		348	
		349		352	
		353		356	
		357		360	
		361		364	
		365		368	
		369		372	
		373		376	
		377		380	
		381		384	
		385		388	
		389		392	
		393		396	
		397		400	
		401		404	
		405		408	
		409		412	
		413		416	
		417		420	
		421		424	
		425		428	
		429		432	
		433		436	
		437		440	
		441		444	
		445		448	
	621	52	631	56	303000
		57		61	
		62		66	
		67		71	
		72		76	
		77		81	
		82		86	
	7	7	115	115	00ff00
	8	8	114	114	001000
	42	42	80	80	003000
point	69	54	00e000
	51	60	
	77	72	
	11	62	
	51	61	
	58		
	92	55	
	73	78	
	53	60	
	71	72	
	61	61	
	73	49	
	77	73	
	53	59	
	67	58	
	71	73	
	57	59	
	56	61	
	75	77	
	56	59	
	76	74	
	58	61	
	71	73	
	75	75	
	50	59	
rect	12	320	121	440	001000
tint	15	320	23	333	00ff00	/font/5001/42
	21		29			/font/5001/55
	27		35			/font/5001/49
	33		41			/font/5001/4c
	39		47			/font/5001/44
	45		53			/font/5001/20
	51		59			/font/5001/53
	57		65			/font/5001/48
	63		71			/font/5001/49
	69		77			/font/5001/50
	75		83			/font/5001/53
line	12	342	119	342	009000
tint	15	332	23	345	00ff00	/font/5001/46
	21		29			/font/5001/61
	27		35			/font/5001/6e
	33		41			/font/5001/73
	39		47			/font/5001/69
	45		53			/font/5001/20
	51		59			/font/5001/41
	57		65			/font/5001/6c
	63		71			/font/5001/70
	69		77			/font/5001/68
	75		83			/font/5001/61
	15	344	23	357		/font/5001/46
	21		29			/font/5001/69
	27		35			/font/5001/67
	33		41			/font/5001/68
	39		47			/font/5001/74
	45		53			/font/5001/65
	51		59			/font/5001/72
line	12	367	12	356	009000
		356	120		
	120			367	005000
		367	12		
rect	13	357	120	367	007000
tint	15	356	23	369	003000	/font/5001/43
	21		29			/font/5001/72
	27		35			/font/5001/75
	33		41			/font/5001/69
	39		47			/font/5001/73
	45		53			/font/5001/65
	51		59			/font/5001/72
	15	368	23	381	009000	/font/5001/47
	21		29			/font/5001/75
	27		35			/font/5001/6e
	33		41			/font/5001/73
	39		47			/font/5001/68
	45		53			/font/5001/69
	51		59			/font/5001/70
	15	380	23	393	00ff00	/font/5001/54
	21		29			/font/5001/72
	27		35			/font/5001/61
	33		41			/font/5001/6e
	39		47			/font/5001/73
	45		53			/font/5001/70
	51		59			/font/5001/6f
	57		65			/font/5001/72
	63		71			/font/5001/74
	15	392	23	405		/font/5001/45
	21		29			/font/5001/6e
	27		35			/font/5001/67
	33		41			/font/5001/69
	39		47			/font/5001/6e
	45		53			/font/5001/65
	51		59			
	57		65			/font/5001/72
	63		71			/font/5001/20
	69		77			/font/5001/50
	75		83			/font/5001/6f
	81		89			/font/5001/64
	15	404	23	417	009000	/font/5001/41
	21		29			/font/5001/73
	27		35			
	33		41			/font/5001/61
	39		47			/font/5001/75
	45		53			/font/5001/6c
	51		59			/font/5001/74
	57		65			/font/5001/20
	63		71			/font/5001/54
	69		77			/font/5001/72
	75		83			/font/5001/61
	81		89			/font/5001/6e
	87		95			/font/5001/73
	93		101			/font/5001/70
	99		107			/font/5001/6f
	105		113			/font/5001/72
	111		119			/font/5001/74
line	12	438	119	438	009000
rect	16	450	114	475	001010
line	17	461	17	450	00c0c0
		450	43		
	43			461	007070
		461	17		
rect	18	451	43	461	009090
tint	19	450	27	463	00ffff	/font/5001/52
	25		33			/font/5001/47
	31		39			/font/5001/48
	37		45			/font/5001/54
	43		51			/font/5001/20
	49		57			/font/5001/42
	55		63			/font/5001/75
	61		69			/font/5001/69
	67		75			/font/5001/6c
	73		81			/font/5001/64
line	17	473	17	462	00c0c0
		462	43		
	43			473	007070
		473	17		
rect	18	463	43	473	009090
tint	19	462	27	475	00ffff	/font/5001/4c
	25		33			/font/5001/45
	31		39			/font/5001/46
	37		45			/font/5001/54
	43		51			/font/5001/20
	49		57			/font/5001/4d
	55		63			/font/5001/61
	61		69			/font/5001/69
	67		75			/font/5001/6e
	73		81			/font/5001/20
	79		87			/font/5001/4d
	85		93			/font/5001/65
	91		99			/font/5001/6e
	97		105			/font/5001/75
line	12	191	12	180	ffff00
		180	119		
	119			191	909000
		191	12		
rect	13	181	119	191	c0c000
tint	15	180	23	193	000000	/font/5001/43
	21		29			/font/5001/4f
	27		35			/font/5001/4e
	33		41			/font/5001/54
	39		47			/font/5001/52
	45		53			/font/5001/4f
	51		59			/font/5001/4c
	15	192	23	205	7fff7f	/font/5001/43
	21		29			/font/5001/52
	27		35			/font/5001/55
	33		41			/font/5001/49
	39		47			/font/5001/53
	45		53			/font/5001/45
	51		59			/font/5001/52
draw	16	208	34	222	/sprites/501.SMIV/0
line	14	204	35	204	489048
			14	205	
	35		35		
	14	225		225	
			14	224	
	35		35		
rect	42	206	49	215	003870
		215		224	0060c0
line	40	204	50	204	00488f
			40	205	
	50		50		
	40	225		225	
			40	224	
	50		50		
rect	55	206	62	207	707000
		207		224	c0c000
line	53	204	63	204	909000
			53	205	
	63		63		
	53	225		225	
			53	224	
	63		63		
tint	69	204	77	217	7fff7f	/font/5001/50
	75		83			/font/5001/4b
	81		89			/font/5001/42
	87		95			/font/5001/45
	93		101			/font/5001/41
	99		107			/font/5001/4d
	105		113			/font/5001/20
	111		119			/font/5001/31
	69	216	77	229		/font/5001/46
	75		83			/font/5001/20
	81		89			/font/5001/50
	87		95			/font/5001/55
	93		101			/font/5001/4c
	99		107			/font/5001/53
	105		113			/font/5001/45
	12	228	20	241	00ff00	/font/5001/47
	18		26			/font/5001/75
	24		32			/font/5001/6e
	30		38			/font/5001/73
	36		44			/font/5001/68
	42		50			/font/5001/69
	48		56			/font/5001/70
line	12	263	12	252	007fff
		252	119		
	119			263	00488f
		263	12		
rect	13	253	119	263	0060c0
tint	15	252	23	265	000000	/font/5001/54
	21		29			/font/5001/41
	27		35			/font/5001/52
	33		41			/font/5001/47
	39		47			/font/5001/45
	45		53			/font/5001/54
	15	264	23	277	7fff7f	/font/5001/47
	21		29			/font/5001/55
	27		35			/font/5001/4e
	33		41			/font/5001/53
	39		47			/font/5001/48
	45		53			/font/5001/49
	51		59			/font/5001/50
draw	16	280	34	294	/sprites/509.SMIV/0
line	14	276	35	276	489048
			14	277	
	35		35		
	14	297		297	
			14	296	
	35		35		
rect	42	278	49	288	003870
		288		296	0060c0
line	40	276	50	276	00488f
			40	277	
	50		50		
	40	297		297	
			40	296	
	50		50		
rect	55	278	62	280	707000
		280		296	c0c000
line	53	276	63	276	909000
			53	277	
	63		63		
	53	297		297	
			53	296	
	63		63		
tint	69	276	77	289	7fff7f	/font/5001/50
	75		83			/font/5001/4b
	81		89			/font/5001/42
	87		95			/font/5001/45
	93		101			/font/5001/41
	99		107			/font/5001/4d
	105		113			/font/5001/20
	111		119			/font/5001/31
	69	288	77	301		/font/5001/4c
	75		83			/font/5001/42
	81		89			/font/5001/45
	87		95			/font/5001/41
	93		101			/font/5001/4d
	99		107			/font/5001/20
	105		113			/font/5001/31
