point	545	181	b0b0b0
	198	357	808080
	286	160	d0d0d0
	491	232	808080
	325	60	
	258	6	
	521	398	
	164	199	b0b0b0
	276	297	808080
	160	272	d0d0d0
	355	173	b0b0b0
	176	394	d0d0d0
	475	477	808080
	548	478	b0b0b0
	133	464	
	257	137	808080
	387	238	
	331	474	b0b0b0
	178	239	808080
	183	298	d0d0d0
	253	359	b0b0b0
	154	298	d0d0d0
	479	113	808080
	290	87	b0b0b0
	177	208	
	331	456	
	547	203	
	306	7	d0d0d0
	557	96	
	467	321	b0b0b0
	358	451	808080
	362	27	
	166	343	b0b0b0
	573	58	808080
	190	220	d0d0d0
	326	419	
	429	256	
	569	287	b0b0b0
	172	470	d0d0d0
	387	375	808080
	545	433	
	324	235	
	196	448	b0b0b0
	316	10	
	326	211	
	531	347	
	443	206	
	300	275	d0d0d0
	440	371	b0b0b0
	548	265	808080
	234	387	
	454	90	
	511	320	b0b0b0
	173	244	d0d0d0
	394	275	
	168	351	b0b0b0
	347	280	
	271	163	808080
	480	294	b0b0b0
	192	204	808080
	377	148	
	530	474	b0b0b0
	145	52	d0d0d0
	585	349	808080
	526	351	
	162	145	
	556	46	
	529	100	
	166	213	b0b0b0
	357	318	
	467	441	808080
	324	170	d0d0d0
	289	408	b0b0b0
	153	209	d0d0d0
	218	340	b0b0b0
	249	102	
	572	74	808080
	486	362	b0b0b0
	230	119	
	480	143	d0d0d0
	555	416	808080
	438	348	
	335	37	b0b0b0
	293	71	d0d0d0
	339	335	b0b0b0
	410	17	808080
	501	277	b0b0b0
	194	15	
	302	203	
	606	61	808080
	445	407	
	291	128	d0d0d0
	354	11	
	307	20	808080
	409	39	b0b0b0
	375	473	808080
	145	191	
	399	131	b0b0b0
	354	213	
	557	167	808080
	559	138	b0b0b0
	369	187	
	194	252	808080
	305	313	
	402	114	d0d0d0
	331	102	b0b0b0
	229	296	d0d0d0
	443	425	b0b0b0
	379	448	808080
	241	458	d0d0d0
	523	469	
	480	171	808080
	484	366	
	191	98	
	358	432	d0d0d0
	584	380	808080
	475	85	
	237	324	
	258	449	
	444	222	
	504	168	
	465	201	
	596	84	
	409	305	d0d0d0
	578	261	808080
	331	237	d06800
	330	231	
	328		
	332	226	
	337	234	
	332	239	
	343	226	
	339	236	
	338	239	
	330	233	
	369	248	100800
	339	241	
	343	243	
	348	254	
	342	276	
	348	239	
	357	226	
	353	296	
	331	219	
	329	281	
	343	287	301800
	380	275	
	350	244	
	395	209	
	366	230	
	367	265	
	340	271	
	351	231	
	350	260	
	362	282	
	361	280	603000
	317	228	
	375	257	
	371	214	
	374	239	
	360	236	
	368	229	
	379	246	
	334	263	
	355	228	
	315	260	804000
	326	230	
	318	219	
	337	264	
	326	231	
	361	229	
	332	227	
	349	239	
	360	223	
	339	267	
rect	240	0	241	415	002850
	368		369		000050
	496		497		
	128	85	608	86	
		213		214	
		341		342	002850
line	339	227	337	226	ffff7f
	407	240	402	238	
	368	245	365	243	00ff00
	342	240	346	240	
	367	236	369	236	ffff7f
	314	238	319	238	
	612	114	614	118	00ff00
	346	244	350	244	ffff7f
static	320	216	332	226	ffffff	70	/sprites/ish/gunship%9
draw	353	234	364	240	/sprites/ish/aslttran%5
	320	232	331	236	/sprites/can/engineer%17
static	601	146	608	155	00000000	101	/sprites/can/cruiser%16
draw	635	142	643	149	/sprites/ish/cruiser%20
	364	235	375	245	/sprites/ish/gunship%19
	335	229	337	231	/sprites/sfx/explosion/energy%19
	612	81	614	83	/sprites/dev/fusion%22
	325	221	328	224	/sprites/sfx/explosion/large-hit%3
rect	128	415	608	480	007fff
		416		479	000810
	132	420	139	431	007fff
	139		146		
	146		153		
	153		160		
	160		167		
	167		174		
	174		181		
	181		188		
	188		195		
	195		202		
	202		209		
	209		216		
	216		223		
	223		230		
	230		237		
	237		244		
	244		251		
	251		258		
	258		265		
	265		272		
	272		279		
	279		286		
	286		293		
	293		300		000810
	300		307		
	307		314		
	314		321		
	321		328		
	328		335		
	335		342		
	342		349		
	349		356		
	356		363		
	363		370		
	370		377		
	377		384		
	384		391		
	391		398		
	398		405		
	405		412		
	412		419		
	419		426		
	426		433		
	433		440		
	440		447		
	447		454		
	454		461		
	461		468		
	468		475		
	475		482		
	482		489		
	489		496		
	496		503		
	503		510		
	510		604		
	132	431	139	442	
	139		146		
	146		153		
	153		160		
crop	139	420	146	431	72	44	000810	/fonts/tactical.png
	146		153		112			
	153		160		24			
	160		167		120			
	167		174		104			
	174		181		72			
	181		188		112			
	188		195		56			
	202		209		32	55		
	209		216		16			
	216		223		8	44		
	223		230		112			
	230		237		24	55		
	237		244		104	44		
	244		251		72			
	251		258		24	55		
	258		265					
	265		272		72	44		
	272		279		120			
	279		286		112			
	300		307		24	55	007fff	
	307		314		40	44		
	314		321		24			
	321		328		40	55		
	328		335		16			
	335		342		40	44		
	349		356		88			
	356		363		40			
	363		370		72	55		
	377		384		120	44		
	384		391		88			
	398		405		104	22		
	412		419		112	44		
	419		426		56	55		
	426		433		24	33		
	440		447		32	55		
	447		454		72	44		
	454		461		56			
	461		468		64			
	468		475		32	55		
	482		489		16	44		
	489		496		40			
	496		503		8			
	503		510		104			
	132	431	139	442	24	55		
	139		146		120	44		
	146		153		40	55		
	153		160		16			
rect	160	431	168	442	007fff
line	172	206	184	216	489048
			187	201	
	184	216			204020
draw	0	-144	128	624	/pictures/gui/instruments/left.png
	608		640		/pictures/gui/instruments/right.png
rect	614	359	615	409	00488f
			623	360	
	622			409	002850
	614	408			
	615	360	622	408	003870
	614	409	615	457	007fff
			623	410	
	622			457	00488f
	614	456			
	615	410	622	456	0070e0
	614	231	615	250	909048
			623	232	
	622			250	505028
	614	249			
	615	232	622	249	707038
	614	250	615	329	ffff7f
			623	251	
	622			329	909048
	614	328			
	615	251	622	328	e0e070
	614	103	615	141	904848
			623	104	
	622			141	502828
	614	140			
	615	104	622	140	703838
	614	141	615	201	ff7f7f
			623	142	
	622			201	904848
	614	200			
	615	142	622	200	e07070
	618	8	630	9	90488f
			619	10	
	629		630		
	618	36		37	
		35	619		
	629		630		
	620	10	628	35	703870
		35			c060c0
	634	49	636	52	007fff
		53		56	0060c0
		57		60	
		61		64	
		65		68	
		69		72	183018
		73		76	
		77		80	
		81		84	
		85		88	
		89		92	
		93		96	
		97		100	
		101		104	
		105		108	
		109		112	
		113		116	
		117		120	
		121		124	
		125		128	
		129		132	
		133		136	
		137		140	
		141		144	
		145		148	
		149		152	
		153		156	
		157		160	
		161		164	
		165		168	
		169		172	
		173		176	
		177		180	
		181		184	
		185		188	
		189		192	
		193		196	
		197		200	
		201		204	
		205		208	
		209		212	
		213		216	
		217		220	
		221		224	
		225		228	
		229		232	
		233		236	
		237		240	
		241		244	
		245		248	
		249		252	
		253		256	
		257		260	
		261		264	
		265		268	
		269		272	
		273		276	
		277		280	
		281		284	
		285		288	
		289		292	
		293		296	
		297		300	
		301		304	
		305		308	
		309		312	
		313		316	
		317		320	
		321		324	
		325		328	
		329		332	
		333		336	
		337		340	
		341		344	
		345		348	
		349		352	
		353		356	
		357		360	
		361		364	
		365		368	
		369		372	
		373		376	
		377		380	
		381		384	
		385		388	
		389		392	
		393		396	
		397		400	
		401		404	
		405		408	
		409		412	
		413		416	
		417		420	
		421		424	
		425		428	
		429		432	
		433		436	
		437		440	
		441		444	
		445		448	
	621	52	631	56	303000
		57		61	
		62		66	
		67		71	
		72		76	
		77		81	
		82		86	
	7	7	115	115	00ff00
	8	8	114	114	001000
	43	43	81	81	003000
point	87	50	00e000
	58	60	
	90	80	
	61	61	
	59	60	
	80	49	
	87	57	
	60	61	
	61		
	58		
	85	72	
	79	54	
	63	61	
	61		
	82	54	
	58	61	
	80	52	
	60	61	
	84	50	
		85	
	86	79	
	59	61	
	58	60	
rect	12	320	121	440	001000
		342	120	343	009000
		356	13	368	
			121	357	
	120			368	005000
	12	367			
	13	357	120	367	007000
	12	438		439	009000
	16	450	114	475	001010
	17		18	462	00c0c0
			44	451	
	43			462	007070
	17	461			
	18	451	43	461	009090
	17	462	18	474	00c0c0
			44	463	
	43			474	007070
	17	473			
	18	463	43	473	009090
crop	15	320	21	332	16	48	00ff00	/fonts/computer.png
	21		27		40	60		
	27		33		72	48		
	33		39		96			
	39		45		32			
	45		51		0	24		
	51		57		24	60		
	57		63		64	48		
	63		69		72			
	69		75		0	60		
	75		81		24			
	15	332	21	344	48	48		
	21		27		8	72		
	27		33		112			
	33		39		24	84		
	39		45		72	72		
	45		51		0	24		
	51		57		8	48		
	57		63		96	72		
	63		69		0	84		
	69		75		64	72		
	75		81		8			
	15	344	21	356	48	48		
	21		27		72	72		
	27		33		56			
	33		39		64			
	39		45		32	84		
	45		51		40	72		
	51		57		16	84		
	15	356	21	368	24	48		
	21		27		16	84		
	27		33		40			
	33		39		72	72		
	39		45		24	84		
	45		51		40	72		
	51		57		16	84		
	15	368	21	380	56	48	009000	
	21		27		40	84		
	27		33		112	72		
	33		39		24	84		
	39		45		64	72		
	45		51		72			
	51		57		0	84		
	15	380	21	392	32	60	00ff00	
	21		27		16	84		
	27		33		8	72		
	33		39		112			
	39		45		24	84		
	45		51		0			
	51		57		120	72		
	57		63		16	84		
	63		69		32			
	15	392	21	404	40	48		
	21		27		112	72		
	27		33		56			
	33		39		72			
	39		45		112			
	45		51		40			
	51		57					
	57		63		16	84		
	63		69		0	24		
	69		75			60		
	75		81		120	72		
	81		87		32			
	15	404	21	416	8	48	009000	
	21		27		24	84		
	27		33					
	33		39		8	72		
	39		45		40	84		
	45		51		96	72		
	51		57		32	84		
	57		63		0	24		
	63		69		32	60		
	69		75		16	84		
	75		81		8	72		
	81		87		112			
	87		93		24	84		
	93		99		0			
	99		105		120	72		
	105		111		16	84		
	111		117		32			
	19	450	25	462	16	60	00ffff	
	25		31		56	48		
	31		37		64			
	37		43		32	60		
	43		49		0	24		
	49		55		16	48		
	55		61		40	84		
	61		67		72	72		
	67		73		96			
	73		79		32			
	19	462	25	474	96	48		
	25		31		40			
	31		37		48			
	37		43		32	60		
	43		49		0	24		
	49		55		104	48		
	55		61		8	72		
	61		67		72			
	67		73		112			
	73		79		0	24		
	79		85		104	48		
	85		91		40	72		
	91		97		112			
	97		103		40	84		
rect	12	180	13	192	ffff00
			121	181	
	120			192	909000
	12	191			
	13	181	120	191	c0c000
crop	15	180	21	192	24	48	000000	/fonts/computer.png
	21		27		120			
	27		33		112			
	33		39		32	60		
	39		45		16			
	45		51		120	48		
	51		57		96			
	15	192	21	204	24		7fff7f	
	21		27		16	60		
	27		33		40			
	33		39		72	48		
	39		45		24	60		
	45		51		40	48		
	51		57		16	60		
draw	16	208	34	222	/sprites/ish/cruiser%0
rect	14	204	36	205	489048
			15	206	
	35		36		
	14	225		226	
		224	15		
	35		36		
	42	206	49	215	003870
		215		224	0060c0
	40	204	51	205	00488f
			41	206	
	50		51		
	40	225		226	
		224	41		
	50		51		
	55	206	62	207	707000
		207		224	c0c000
	53	204	64	205	909000
			54	206	
	63		64		
	53	225		226	
		224	54		
	63		64		
crop	69	204	75	216	0	60	7fff7f	/fonts/computer.png
	75		81		88	48		
	81		87		16			
	87		93		40			
	93		99		8			
	99		105		104			
	105		111		0	24		
	111		117		8	36		
	69	216	75	228	48	48		
	75		81		0	24		
	81		87			60		
	87		93		40			
	93		99		96	48		
	99		105		24	60		
	105		111		40	48		
	12	228	18	240	56		00ff00	
	18		24		40	84		
	24		30		112	72		
	30		36		24	84		
	36		42		64	72		
	42		48		72			
	48		54		0	84		
rect	12	252	13	264	007fff
			121	253	
	120			264	00488f
	12	263			
	13	253	120	263	0060c0
crop	15	252	21	264	32	60	000000	/fonts/computer.png
	21		27		8	48		
	27		33		16	60		
	33		39		56	48		
	39		45		40			
	45		51		32	60		
	15	264	21	276	56	48	7fff7f	
	21		27		40	60		
	27		33		112	48		
	33		39		24	60		
	39		45		64	48		
	45		51		72			
	51		57		0	60		
draw	16	280	34	294	/sprites/ish/gunship%0
rect	14	276	36	277	489048
			15	278	
	35		36		
	14	297		298	
		296	15		
	35		36		
	42	278	49	288	003870
		288		296	0060c0
	40	276	51	277	00488f
			41	278	
	50		51		
	40	297		298	
		296	41		
	50		51		
	55	278	62	282	707000
		282		296	c0c000
	53	276	64	277	909000
			54	278	
	63		64		
	53	297		298	
		296	54		
	63		64		
crop	69	276	75	288	0	60	7fff7f	/fonts/computer.png
	75		81		88	48		
	81		87		16			
	87		93		40			
	93		99		8			
	99		105		104			
	105		111		0	24		
	111		117		8	36		
	69	288	75	300	96	48		
	75		81		16			
	81		87		40			
	87		93		8			
	93		99		104			
	99		105		0	24		
	105		111		8	36		
