line	229	278	229	279	b0b0b0
	309	323	309	323	808080
	508	92	507	92	d0d0d0
	602	198	601	198	808080
	435	26	435	26	
	497	437	497	437	b0b0b0
	175	448	175	448	d0d0d0
	329	148	329	148	b0b0b0
	386	263	386	263	808080
	381	204	381	204	d0d0d0
	520	123	520	123	b0b0b0
	397	327	397	327	d0d0d0
	586	443	586	443	808080
	268	50	268	50	d0d0d0
	298	413	298	413	b0b0b0
	367	103	367	103	808080
	497	204	497	204	
	496	423	496	423	b0b0b0
	288	205	288	205	808080
	404	230	404	230	d0d0d0
	418	308	418	308	b0b0b0
	375	230	375	230	d0d0d0
	589	79	589	79	808080
	455	36	455	37	b0b0b0
	342	157	342	157	
	496	405	496	405	
	309	454	309	454	d0d0d0
	558	456	558	456	808080
	255	143	255	144	b0b0b0
	161	325	161	325	d0d0d0
	468	417	468	417	808080
	177	466	176	466	d0d0d0
	331	292	331	292	b0b0b0
	279	206	279	206	d0d0d0
	411	152	411	152	
	547	351	547	351	
	159	261	159	261	b0b0b0
	254	139	254	140	
	393	402	393	403	d0d0d0
	498	341	498	341	808080
	199	393	199	393	b0b0b0
	434	201	434	201	808080
	361	397	361	397	b0b0b0
	490	451	490	451	808080
	491	160	491	160	b0b0b0
	246	255	245	255	d0d0d0
	128	412	128	412	b0b0b0
	521	207	521	207	d0d0d0
	605	320	605	320	b0b0b0
	203	250	203	251	
	344	353	344	353	808080
	565	56	564	56	
	220	127	219	127	d0d0d0
	394	176	394	177	
	133	40	133	41	b0b0b0
	333	300	333	300	
	512	229	512	229	
	382	129	382	129	808080
	165	167	165	167	b0b0b0
	302	170	302	170	808080
	487	114	487	114	
	380	468	380	468	b0b0b0
	368	466	367	466	
	302	345	301	345	d0d0d0
	185	123	185	123	
	273	111	272	111	808080
	215	381	215	382	b0b0b0
	192	103	192	103	d0d0d0
	330	162	330	162	b0b0b0
	522	267	521	268	
	577	407	577	407	808080
	545	102	545	102	d0d0d0
	454	357	454	357	b0b0b0
	374	141	374	141	d0d0d0
	383	289	383	289	b0b0b0
	414	51	414	51	
	276	73	276	73	d0d0d0
	157	188	157	188	808080
	395	68	395	68	b0b0b0
	198	16	197	16	
	214	226	214	227	
	549	314	549	315	808080
	528	461	528	461	d0d0d0
	514	3	514	4	
	504	284	503	284	b0b0b0
	208	462	208	462	808080
	207	282	206	282	d0d0d0
	221	431	220	431	
	467	152	467	152	b0b0b0
	290	31	290	31	
	555	373	555	373	808080
	513	60	512	60	d0d0d0
	196	337	195	337	
	376	452	376	452	
	356	467	356	467	b0b0b0
	485	439	485	439	808080
	256	157	256	157	
	564	80	564	81	b0b0b0
	519	162	518	162	
	247	335	247	335	d0d0d0
	206	171	205	171	808080
	534	136	534	136	b0b0b0
	304	218	304	218	808080
	416	279	416	279	
	136	165	136	165	
	496	51	496	51	b0b0b0
	450	228	449	228	d0d0d0
	128	234	128	234	b0b0b0
	490	414	490	414	808080
	462	390	461	390	d0d0d0
	264	201	264	201	
	590	137	590	137	808080
	594	332	594	332	
	301	64	301	64	
	579	364	579	364	d0d0d0
	257	352	257	353	b0b0b0
	586	51	586	51	808080
	347	290	347	290	
	369	415	368	415	
	555	188	555	188	
	141	163	141	163	d0d0d0
	576	167	576	167	808080
	275	276	275	276	b0b0b0
	139	103	139	103	808080
	209	293	209	293	
rect	195	0	196	416	000050
	332		333		
	469		470		002850
	606		607		000050
	128	136	609	137	
		273		274	002850
		410		411	000050
draw	446	218	458	229	/sprites/509.SMIV/17
	469	249	476	256	/sprites/501.SMIV/18
	314	161	325	167	/sprites/559.SMIV/18
	635	309	643	317	/sprites/501.SMIV/3
	72	183	76	187	/sprites/512.SMIV/10
	492	349	494	350	/sprites/513.SMIV/12
	311	234	312	235	/sprites/513.SMIV/17
	362	233	374	245	/sprites/509.SMIV/16
dither	200	50	360	67	003030
crop	204	54	211	65	80	55	000000	/fonts/tactical.png
	211		218		120	66		
	218		225					
	225		232		104			
	232		239		0	22		
	239		246		32	77		
	246		253		120	66		
	253		260		0	22		
	260		267		24	44		
	267		274		96	66		
	274		281		120			
	281		288		24	77		
	288		295		40	66		
	295		302		24	77		
	302		309		32			
	309		316		0	22		
	316		323		120	44		
	323		330		16	66		
	330		337		80			
	337		344		40			
	344		351		24			
	351		358		32	77		
	203	53	210	64	80	55	00ffff	
	210		217		120	66		
	217		224					
	224		231		104			
	231		238		0	22		
	238		245		32	77		
	245		252		120	66		
	252		259		0	22		
	259		266		24	44		
	266		273		96	66		
	273		280		120			
	280		287		24	77		
	287		294		40	66		
	294		301		24	77		
	301		308		32			
	308		315		0	22		
	315		322		120	44		
	322		329		16	66		
	329		336		80			
	336		343		40			
	343		350		24			
	350		357		32	77		
rect	128	415	608	480	007fff
		416		479	000810
	132	420	139	431	007fff
	139		146		
	146		153		
	153		160		
	160		167		
	167		174		
	174		181		
	181		188		
	188		195		
	195		202		
	202		209		
	209		216		
	216		223		
	223		230		
	230		237		
	237		244		
	244		251		
	251		258		
	258		265		
	265		272		
	272		279		
	279		286		
	286		293		
	293		300		000810
	300		307		
	307		314		
	314		321		
	321		328		
	328		335		
	335		342		
	342		349		
	349		356		
	356		363		
	363		370		
	370		377		
	377		384		
	384		391		
	391		398		
	398		405		
	405		412		
	412		419		
	419		426		
	426		433		
	433		440		
	440		447		
	447		454		
	454		461		
	461		468		
	468		475		
	475		482		
	482		489		
	489		496		
	496		503		
	503		510		
	510		604		
	132	431	139	442	
	139		146		
	146		153		
	153		160		
	160		167		
	167		174		
	174		181		
	181		188		
	188		195		
	195		202		
	202		209		
	209		216		
	216		223		
	223		230		
	230		237		
	237		244		
	244		251		
	251		258		
	258		265		
	265		272		
	272		279		
	279		286		
	286		293		
	293		300		
	300		307		
	307		314		
	314		321		
	321		328		
	328		335		
	335		342		
	342		349		
	349		356		
	356		363		
	363		370		
	370		377		
	377		384		
	384		604		
	132	442	139	453	
	139		146		
	146		153		
	153		160		
	160		167		
	167		174		
	174		181		
	181		188		
	188		195		
	195		202		
	202		209		
	209		216		
	216		223		
	223		230		
	230		237		
	237		244		
	244		251		
	251		258		
	258		265		
	265		272		
	272		279		
	279		286		
	286		293		
	293		300		
	300		307		
	307		314		
	314		321		
	321		328		
	328		335		
	335		342		
	342		349		
	349		356		
	356		363		
	363		370		
	370		377		
	377		384		
	384		391		
	391		398		
	398		405		
	405		412		
	412		419		
	419		426		
	426		433		
	433		440		
	440		447		
	447		454		
	454		461		
	461		468		
	468		475		
	475		482		
	482		489		
	489		496		
	496		503		
	503		510		
	510		517		
	517		524		
	524		531		
	531		538		
	538		545		
	545		552		
	132	453	139	464	
	139		146		
	146		153		
	153		160		
	160		167		
	167		174		
	174		181		
	181		188		
	188		195		
	195		202		
	202		209		
	209		216		
	216		223		
	223		230		
	230		237		
	237		244		
	244		251		
	251		258		
	258		265		
	265		272		
	272		279		
	279		286		
	286		293		
	293		300		
	300		307		
	307		314		
	314		321		
	321		328		
	328		335		
	335		342		
	342		349		
	349		356		
	356		363		
	363		370		
	370		377		
	377		384		
	384		391		
	391		398		
	398		405		
	405		412		
	412		419		
	419		426		
	426		433		
	433		440		
	440		447		
	447		454		
	454		461		
	461		468		
	468		475		
	475		482		
	482		489		
	489		496		
	496		503		
	503		510		
	510		517		
	517		524		
	524		531		
	531		538		
	538		545		
	545		552		
	552		559		
	559		566		
	566		573		
	573		580		
	580		587		
	587		594		
	132	464	139	475	007fff
	139		146		
	146		153		
	153		160		
	160		167		
	167		174		000810
	174		604		
crop	139	420	146	431	72	44	000810	/fonts/tactical.png
	146		153		112			
	153		160		24			
	160		167		120			
	167		174		104			
	174		181		72			
	181		188		112			
	188		195		56			
	202		209		32	55		
	209		216		16			
	216		223		8	44		
	223		230		112			
	230		237		24	55		
	237		244		104	44		
	244		251		72			
	251		258		24	55		
	258		265					
	265		272		72	44		
	272		279		120			
	279		286		112			
	300		307		24	55	007fff	
	307		314		40	44		
	314		321		24			
	321		328		40	55		
	328		335		16			
	335		342		40	44		
	349		356		88			
	356		363		40			
	363		370		72	55		
	377		384		120	44		
	384		391		88			
	398		405		104	22		
	412		419		112	44		
	419		426		56	55		
	426		433		24	33		
	440		447		32	55		
	447		454		72	44		
	454		461		56			
	461		468		64			
	468		475		32	55		
	482		489		16	44		
	489		496		40			
	496		503		8			
	503		510		104			
	132	431	139	442	24	55		
	139		146		120	44		
	146		153		40	55		
	153		160		16			
	160		167		24	44		
	167		174		40			
	174		181		80	33		
	188		195		64	44		
	195		202		40	77		
	202		209		104	66		
	209		216		8			
	216		223		112			
	223		230		120	22		
	230		237		72	44		
	237		244		24	77		
	244		251		64	66		
	251		258		72			
	258		265		104			
	265		272		8			
	272		279		112			
	286		293		24	44		
	293		300		120	66		
	300		307					
	307		314		16	77		
	314		321		32	66		
	321		328		112	22		
	335		342		24	44		
	342		349		120	66		
	349		356		112			
	356		363		32	77		
	363		370		16			
	370		377		120	66		
	377		384		96			
	132	442	139	453	24	44		
	139		146		120	66		
	146		153		112			
	153		160		24	77		
	160		167		32			
	167		174		16			
	174		181		40			
	181		188		24	66		
	188		195		32	77		
	195		202		72	66		
	202		209		120			
	209		216		112			
	223		230		120			
	230		237		112			
	244		251		32	77		
	251		258		64	66		
	258		265		40			
	272		279		120	44		
	279		286		16	66		
	286		293		72			
	293		300		24	77		
	300		307		64	66		
	314		321		32			
	321		328		40			
	328		335		24	77		
	335		342		32			
	342		349		16			
	349		356		120	66		
	356		363		72	77		
	363		370		40	66		
	370		377		16	77		
	384		391		64	66		
	391		398		8			
	398		405		24	77		
	412		419		16	66		
	419		426		40			
	426		433					
	433		440		112			
	447		454		24			
	454		461		120			
	461		468		104			
	468		475		0	77		
	475		482		96	66		
	482		489		40			
	489		496		32	77		
	496		503		40	66		
	503		510		32			
	510		517		112	22		
	524		531		32	55		
	531		538		64	66		
	538		545		40			
	132	453	139	464	32			
	139		146		40			
	146		153		24	77		
	153		160		32			
	160		167		16			
	167		174		120	66		
	174		181		72	77		
	181		188		40	66		
	188		195		16	77		
	202		209		72	66		
	209		216		24	77		
	223		230		8	66		
	230		237		48	77		
	237		244		8	66		
	244		251		72			
	251		258		96			
	258		265		8			
	265		272		16			
	272		279		96			
	279		286		40			
	293		300		48			
	300		307		120			
	307		314		16	77		
	321		328		72			
	328		335		120	66		
	335		342		40	77		
	342		349		16			
	356		363		40			
	363		370		24			
	370		377		40	66		
	384		391		8			
	391		398		32	77		
	405		412					
	412		419		64	66		
	419		426		40			
	433		440		48	44		
	440		447		8	66		
	447		454		112			
	454		461		24	77		
	461		468		72	66		
	475		482		120	44		
	482		489		16	77		
	489		496			66		
	496		503		72			
	503		510		32	77		
	510		517		8	66		
	517		524		96			
	531		538		24	55		
	538		545		64	66		
	545		552		72			
	552		559		0	77		
	559		566		72			
	566		573		8	66		
	573		580		16	77		
	580		587		32	66		
	587		594		112	22		
	132	464	139	475	96	33	000810	
	139		146		40	44		
	146		153		120			
	153		160		32	55		
	160		167		112	33		
line	202	350	217	349	489048
			209	336	
	217	349			204020
draw	0	-144	128	624	/pictures/501.png
	608		640		/pictures/512.png
rect	614	359	615	408	00488f
			623	360	
	622			408	002850
	614	407			
	615	360	622	407	003870
	614	408	615	457	007fff
			623	409	
	622			457	00488f
	614	456			
	615	409	622	456	0070e0
	614	231	615	240	909048
			623	232	
	622			240	505028
	614	239			
	615	232	622	239	707038
	614	240	615	329	ffff7f
			623	241	
	622			329	909048
	614	328			
	615	241	622	328	e0e070
	614	103	615	145	904848
			623	104	
	622			145	502828
	614	144			
	615	104	622	144	703838
	614	145	615	201	ff7f7f
			623	146	
	622			201	904848
	614	200			
	615	146	622	200	e07070
	618	8	630	9	90488f
			619	10	
	629		630		
	618	36		37	
		35	619		
	629		630		
	620	10	628	35	703870
		35			c060c0
	634	49	636	52	7fff7f
		53		56	60c060
		57		60	0060c0
		61		64	
		65		68	
		69		72	007fff
		73		76	0060c0
		77		80	183018
		81		84	
		85		88	
		89		92	
		93		96	
		97		100	
		101		104	
		105		108	
		109		112	
		113		116	
		117		120	
		121		124	
		125		128	
		129		132	
		133		136	
		137		140	
		141		144	
		145		148	
		149		152	
		153		156	
		157		160	
		161		164	
		165		168	
		169		172	
		173		176	
		177		180	
		181		184	
		185		188	
		189		192	
		193		196	
		197		200	
		201		204	
		205		208	
		209		212	
		213		216	
		217		220	
		221		224	
		225		228	
		229		232	
		233		236	
		237		240	
		241		244	
		245		248	
		249		252	
		253		256	
		257		260	
		261		264	
		265		268	
		269		272	
		273		276	
		277		280	
		281		284	
		285		288	
		289		292	
		293		296	
		297		300	
		301		304	
		305		308	
		309		312	
		313		316	
		317		320	
		321		324	
		325		328	
		329		332	
		333		336	
		337		340	
		341		344	
		345		348	
		349		352	
		353		356	
		357		360	
		361		364	
		365		368	
		369		372	
		373		376	
		377		380	
		381		384	
		385		388	
		389		392	
		393		396	
		397		400	
		401		404	
		405		408	
		409		412	
		413		416	
		417		420	
		421		424	
		425		428	
		429		432	
		433		436	
		437		440	
		441		444	
		445		448	
	621	52	631	56	303000
		57		61	
		62		66	
		67		71	
		72		76	
		77		81	
		82		86	
	7	7	115	115	00ff00
	8	8	114	114	001000
	44	44	80	80	003000
point	93	49	00e000
	67	60	
	68	62	
	58	56	
	40	57	
	81	66	
	94	56	
	93	49	
	70	69	
	57	61	
	90	55	
rect	12	320	121	440	001000
		342	120	343	009000
		356	13	368	
			121	357	
	120			368	005000
	12	367			
	13	357	120	367	007000
	12	438		439	009000
	16	450	114	475	001010
	17		18	462	00c0c0
			44	451	
	43			462	007070
	17	461			
	18	451	43	461	009090
	17	462	18	474	00c0c0
			44	463	
	43			474	007070
	17	473			
	18	463	43	473	009090
crop	15	320	21	332	16	48	00ff00	/fonts/computer.png
	21		27		40	60		
	27		33		72	48		
	33		39		96			
	39		45		32			
	45		51		0	24		
	51		57		24	60		
	57		63		64	48		
	63		69		72			
	69		75		0	60		
	75		81		24			
	15	332	21	344	48	48		
	21		27		8	72		
	27		33		112			
	33		39		24	84		
	39		45		72	72		
	45		51		0	24		
	51		57		8	48		
	57		63		96	72		
	63		69		0	84		
	69		75		64	72		
	75		81		8			
	15	344	21	356	48	48		
	21		27		72	72		
	27		33		56			
	33		39		64			
	39		45		32	84		
	45		51		40	72		
	51		57		16	84		
	15	356	21	368	24	48		
	21		27		16	84		
	27		33		40			
	33		39		72	72		
	39		45		24	84		
	45		51		40	72		
	51		57		16	84		
	15	368	21	380	56	48	009000	
	21		27		40	84		
	27		33		112	72		
	33		39		24	84		
	39		45		64	72		
	45		51		72			
	51		57		0	84		
	15	380	21	392	32	60	00ff00	
	21		27		16	84		
	27		33		8	72		
	33		39		112			
	39		45		24	84		
	45		51		0			
	51		57		120	72		
	57		63		16	84		
	63		69		32			
	15	392	21	404	40	48		
	21		27		112	72		
	27		33		56			
	33		39		72			
	39		45		112			
	45		51		40			
	51		57					
	57		63		16	84		
	63		69		0	24		
	69		75			60		
	75		81		120	72		
	81		87		32			
	15	404	21	416	8	48	009000	
	21		27		24	84		
	27		33					
	33		39		8	72		
	39		45		40	84		
	45		51		96	72		
	51		57		32	84		
	57		63		0	24		
	63		69		32	60		
	69		75		16	84		
	75		81		8	72		
	81		87		112			
	87		93		24	84		
	93		99		0			
	99		105		120	72		
	105		111		16	84		
	111		117		32			
	19	450	25	462	16	60	00ffff	
	25		31		56	48		
	31		37		64			
	37		43		32	60		
	43		49		0	24		
	49		55		16	48		
	55		61		40	84		
	61		67		72	72		
	67		73		96			
	73		79		32			
	19	462	25	474	96	48		
	25		31		40			
	31		37		48			
	37		43		32	60		
	43		49		0	24		
	49		55		104	48		
	55		61		8	72		
	61		67		72			
	67		73		112			
	73		79		0	24		
	79		85		104	48		
	85		91		40	72		
	91		97		112			
	97		103		40	84		
rect	12	180	13	192	ffff00
			121	181	
	120			192	909000
	12	191			
	13	181	120	191	c0c000
crop	15	180	21	192	24	48	000000	/fonts/computer.png
	21		27		120			
	27		33		112			
	33		39		32	60		
	39		45		16			
	45		51		120	48		
	51		57		96			
	15	192	21	204	16		7fff7f	
	21		27		32	60		
	27		33					
	33		39		96	48		
	39		45		24	60		
	45		51		64	48		
	51		57		72			
	57		63		0	60		
draw	18	206	32	224	/sprites/636.SMIV/0
rect	14	204	36	205	489048
			15	206	
	35		36		
	14	225		226	
		224	15		
	35		36		
	42	206	49	206	003870
				224	0060c0
	40	204	51	205	00488f
			41	206	
	50		51		
	40	225		226	
		224	41		
	50		51		
	55	206	62	206	707000
				224	c0c000
	53	204	64	205	909000
			54	206	
	63		64		
	53	225		226	
		224	54		
	63		64		
crop	69	204	75	216	24	48	7fff7f	/fonts/computer.png
	75		81		104			
	81		87		72			
	87		93		24	60		
	93		99					
	99		105		72	48		
	105		111		96			
	111		117		40			
	69	216	75	228	32	60		
	75		81		56			
	81		87		112	48		
	87		93		0	60		
	93		99					
	99		105		40			
	105		111		96	48		
	111		117		24	60		
	12	228	18	240	56	48	00ff00	
	18		24		40	84		
	24		30		112	72		
	30		36		24	84		
	36		42		64	72		
	42		48		72			
	48		54		0	84		
rect	12	252	13	264	007fff
			121	253	
	120			264	00488f
	12	263			
	13	253	120	263	0060c0
crop	15	252	21	264	32	60	000000	/fonts/computer.png
	21		27		8	48		
	27		33		16	60		
	33		39		56	48		
	39		45		40			
	45		51		32	60		
	15	264	21	276	56	48	7fff7f	
	21		27		40	60		
	27		33		112	48		
	33		39		24	60		
	39		45		64	48		
	45		51		72			
	51		57		0	60		
draw	16	280	34	294	/sprites/509.SMIV/0
rect	14	276	36	277	489048
			15	278	
	35		36		
	14	297		298	
		296	15		
	35		36		
	42	278	49	287	003870
		287		296	0060c0
	40	276	51	277	00488f
			41	278	
	50		51		
	40	297		298	
		296	41		
	50		51		
	55	278	62	280	707000
		280		296	c0c000
	53	276	64	277	909000
			54	278	
	63		64		
	53	297		298	
		296	54		
	63		64		
crop	69	276	75	288	0	60	7fff7f	/fonts/computer.png
	75		81		88	48		
	81		87		16			
	87		93		40			
	93		99		8			
	99		105		104			
	105		111		0	24		
	111		117		8	36		
	69	288	75	300	96	48		
	75		81		16			
	81		87		40			
	87		93		8			
	93		99		104			
	99		105		0	24		
	105		111		8	36		
