point	188	139	b0b0b0
	308	105	
	394	300	
	163	433	
	315	217	808080
	435	28	b0b0b0
	409	63	
	387	302	808080
	367	201	b0b0b0
	449	160	d0d0d0
	450	470	808080
	563	316	d0d0d0
	309	191	b0b0b0
	360	259	
	447	160	
	368	462	
	529	418	d0d0d0
	366	351	808080
	338	380	b0b0b0
	411	160	808080
	265	1	
	437	154	d0d0d0
	577	360	
	268	382	b0b0b0
	536	461	d0d0d0
	386	275	b0b0b0
	149	448	808080
	401	228	
	516	381	
	268	125	b0b0b0
	227	453	
	258	440	808080
	542	163	
	199	441	b0b0b0
	324	42	808080
	357	423	b0b0b0
	166	371	d0d0d0
	548	343	808080
	460	99	d0d0d0
	158	181	808080
	410	325	b0b0b0
	585	260	808080
	458	49	
	498	392	b0b0b0
	427	345	808080
	606	292	d0d0d0
	338	434	b0b0b0
	152	331	808080
	283	165	
	183	67	b0b0b0
	170	66	808080
	464	267	
	280	324	d0d0d0
	218	164	808080
	491	306	
	312	438	
	370	182	d0d0d0
	601	445	
	394	300	808080
	137	126	b0b0b0
	453	337	808080
	198	423	b0b0b0
	601	246	
	544	306	808080
	418	91	
	508	240	
	425	419	b0b0b0
	544	379	808080
	209	467	
	520	79	d0d0d0
	396	61	b0b0b0
	596	174	808080
	160	360	
	595	58	d0d0d0
	293	15	808080
	575	188	d0d0d0
	415	104	808080
	473	279	d0d0d0
	290	458	
	483	61	
	150	359	808080
	348	363	b0b0b0
	157	218	d0d0d0
	603	132	808080
	141	78	b0b0b0
	349	171	808080
	398	428	
	424	397	b0b0b0
	174	188	808080
	245	219	b0b0b0
	212	178	808080
	220	333	
	202	70	d0d0d0
	358	356	
	501	397	
	420	1	808080
	262	281	b0b0b0
	590	125	
	211	243	808080
	155	421	d0d0d0
	258	303	b0b0b0
	219	182	808080
	490	244	
	276	218	b0b0b0
	559	73	d0d0d0
	584	423	808080
	499	144	
	467	108	
	580	116	d0d0d0
	351	151	b0b0b0
	211	302	808080
	226	379	
	554	196	d0d0d0
	318	66	808080
	377	396	d0d0d0
	156	226	b0b0b0
	159	362	808080
	467	474	b0b0b0
	471	185	
	135	441	
	556	361	
	389	44	
	538	223	
	314	33	808080
	543	3	
rect	258	0	259	416	002850
	517		518		000050
	128	183	609	184	
line	382	541	373	538	00ff00
	395	543	388	540	ffff7f
	354	540	350	539	
	436	601	428	596	
draw	199	141	272	198	/sprites/643.SMIV/0
	504	428	518	442	/sprites/501.SMIV/13
	358	228	380	249	/sprites/509.SMIV/17
	465	198	473	205	/sprites/507.SMIV/10
	492	475	498	479	/sprites/508.SMIV/1
rect	128	415	608	480	007fff
		416		479	000810
	132	420	139	431	007fff
	139		146		
	146		153		
	153		160		
	160		167		
	167		174		
	174		181		
	181		188		
	188		195		
	195		202		
	202		209		
	209		216		
	216		223		
	223		230		
	230		237		
	237		244		
	244		251		
	251		258		
	258		265		
	265		272		
	272		279		
	279		286		
	286		293		
	293		300		000810
	300		307		
	307		314		
	314		321		
	321		328		
	328		335		
	335		342		
	342		349		
	349		356		
	356		363		
	363		370		
	370		377		
	377		384		
	384		391		
	391		398		
	398		405		
	405		412		
	412		419		
	419		426		
	426		433		
	433		440		
	440		447		
	447		454		
	454		461		
	461		468		
	468		475		
	475		482		
	482		489		
	489		496		
	496		503		
	503		510		
	510		604		
	132	431	139	442	
	139		146		
	146		153		
	153		160		
	160		167		
	167		174		
	174		181		
	181		188		
	188		195		
	195		202		
	202		209		
	209		216		
	216		223		
	223		230		
	230		237		
	237		244		
	244		251		
	251		258		
	258		265		
	265		272		
	272		279		
	279		286		
	286		293		
	293		300		
	300		307		
	307		314		
	314		321		
	321		328		
	328		335		
	335		342		
	342		349		
	349		356		
	356		363		
	363		370		
	370		377		
	377		384		
	384		604		
	132	442	139	453	
	139		146		
	146		153		
	153		160		
	160		167		
	167		174		
	174		181		
	181		188		
	188		195		
	195		202		
	202		209		
	209		216		
	216		223		
	223		230		
	230		237		
	237		244		
	244		251		
	251		258		
	258		265		
	265		272		
	272		279		
	279		286		
	286		293		
	293		300		
	300		307		
	307		314		
	314		321		
	321		328		
	328		335		
	335		342		
	342		349		
	349		356		
	356		363		
	363		370		
	370		377		
	377		384		
	384		391		
	391		398		
	398		405		
	405		412		
	412		419		
	419		426		
	426		433		
	433		440		
	440		447		
	447		454		
	454		461		
	461		468		
	468		475		
	475		482		
	482		489		
	489		496		
	496		503		
	503		510		
	510		517		
	517		524		
	524		531		
	531		538		
	538		545		
	545		552		
	132	453	139	464	
	139		146		
	146		153		
	153		160		
	160		167		
	167		174		
	174		181		
	181		188		
	188		195		
	195		202		
	202		209		
	209		216		
	216		223		
	223		230		
	230		237		
	237		244		
	244		251		
	251		258		
	258		265		
	265		272		
	272		279		
	279		286		
	286		293		
	293		300		
	300		307		
	307		314		
	314		321		
	321		328		
	328		335		
	335		342		
	342		349		
	349		356		
	356		363		
	363		370		
	370		377		
	377		384		
	384		391		
	391		398		
	398		405		
	405		412		
	412		419		
	419		426		
	426		433		
	433		440		
	440		447		
	447		454		
	454		461		
	461		468		
	468		475		
	475		482		
	482		489		
	489		496		
	496		503		
	503		510		
	510		517		
	517		524		
	524		531		
	531		538		
	538		545		
	545		552		
	552		559		
	559		566		
	566		573		
	573		580		
	580		587		
	587		594		
	132	464	139	475	007fff
	139		146		
	146		153		
	153		160		
	160		167		
	167		174		000810
	174		604		
crop	139	420	146	431	72	44	000810	/fonts/tactical.png
	146		153		112			
	153		160		24			
	160		167		120			
	167		174		104			
	174		181		72			
	181		188		112			
	188		195		56			
	202		209		32	55		
	209		216		16			
	216		223		8	44		
	223		230		112			
	230		237		24	55		
	237		244		104	44		
	244		251		72			
	251		258		24	55		
	258		265					
	265		272		72	44		
	272		279		120			
	279		286		112			
	300		307		24	55	007fff	
	307		314		40	44		
	314		321		24			
	321		328		40	55		
	328		335		16			
	335		342		40	44		
	349		356		88			
	356		363		40			
	363		370		72	55		
	377		384		120	44		
	384		391		88			
	398		405		104	22		
	412		419		112	44		
	419		426		56	55		
	426		433		24	33		
	440		447		32	55		
	447		454		72	44		
	454		461		56			
	461		468		64			
	468		475		32	55		
	482		489		16	44		
	489		496		40			
	496		503		8			
	503		510		104			
	132	431	139	442	24	55		
	139		146		120	44		
	146		153		40	55		
	153		160		16			
	160		167		24	44		
	167		174		40			
	174		181		80	33		
	188		195		64	44		
	195		202		40	77		
	202		209		104	66		
	209		216		8			
	216		223		112			
	223		230		120	22		
	230		237		72	44		
	237		244		24	77		
	244		251		64	66		
	251		258		72			
	258		265		104			
	265		272		8			
	272		279		112			
	286		293		24	44		
	293		300		120	66		
	300		307					
	307		314		16	77		
	314		321		32	66		
	321		328		112	22		
	335		342		24	44		
	342		349		120	66		
	349		356		112			
	356		363		32	77		
	363		370		16			
	370		377		120	66		
	377		384		96			
	132	442	139	453	24	44		
	139		146		120	66		
	146		153		112			
	153		160		24	77		
	160		167		32			
	167		174		16			
	174		181		40			
	181		188		24	66		
	188		195		32	77		
	195		202		72	66		
	202		209		120			
	209		216		112			
	223		230		120			
	230		237		112			
	244		251		32	77		
	251		258		64	66		
	258		265		40			
	272		279		120	44		
	279		286		16	66		
	286		293		72			
	293		300		24	77		
	300		307		64	66		
	314		321		32			
	321		328		40			
	328		335		24	77		
	335		342		32			
	342		349		16			
	349		356		120	66		
	356		363		72	77		
	363		370		40	66		
	370		377		16	77		
	384		391		64	66		
	391		398		8			
	398		405		24	77		
	412		419		16	66		
	419		426		40			
	426		433					
	433		440		112			
	447		454		24			
	454		461		120			
	461		468		104			
	468		475		0	77		
	475		482		96	66		
	482		489		40			
	489		496		32	77		
	496		503		40	66		
	503		510		32			
	510		517		112	22		
	524		531		32	55		
	531		538		64	66		
	538		545		40			
	132	453	139	464	32			
	139		146		40			
	146		153		24	77		
	153		160		32			
	160		167		16			
	167		174		120	66		
	174		181		72	77		
	181		188		40	66		
	188		195		16	77		
	202		209		72	66		
	209		216		24	77		
	223		230		8	66		
	230		237		48	77		
	237		244		8	66		
	244		251		72			
	251		258		96			
	258		265		8			
	265		272		16			
	272		279		96			
	279		286		40			
	293		300		48			
	300		307		120			
	307		314		16	77		
	321		328		72			
	328		335		120	66		
	335		342		40	77		
	342		349		16			
	356		363		40			
	363		370		24			
	370		377		40	66		
	384		391		8			
	391		398		32	77		
	405		412					
	412		419		64	66		
	419		426		40			
	433		440		48	44		
	440		447		8	66		
	447		454		112			
	454		461		24	77		
	461		468		72	66		
	475		482		120	44		
	482		489		16	77		
	489		496			66		
	496		503		72			
	503		510		32	77		
	510		517		8	66		
	517		524		96			
	531		538		24	55		
	538		545		64	66		
	545		552		72			
	552		559		0	77		
	559		566		72			
	566		573		8	66		
	573		580		16	77		
	580		587		32	66		
	587		594		112	22		
	132	464	139	475	96	33	000810	
	139		146		40	44		
	146		153		120			
	153		160		32	55		
	160		167		112	33		
line	175	290	190	294	489048
			186	279	
	190	294			204020
draw	0	-144	128	624	/pictures/501.png
	608		640		/pictures/512.png
rect	614	359	615	411	00488f
			623	360	
	622			411	002850
	614	410			
	615	360	622	410	003870
	614	411	615	457	007fff
			623	412	
	622			457	00488f
	614	456			
	615	412	622	456	0070e0
	614	231	615	250	909048
			623	232	
	622			250	505028
	614	249			
	615	232	622	249	707038
	614	250	615	329	ffff7f
			623	251	
	622			329	909048
	614	328			
	615	251	622	328	e0e070
	614	103	615	146	904848
			623	104	
	622			146	502828
	614	145			
	615	104	622	145	703838
	614	146	615	201	ff7f7f
			623	147	
	622			201	904848
	614	200			
	615	147	622	200	e07070
	618	8	630	9	90488f
			619	10	
	629		630		
	618	36		37	
		35	619		
	629		630		
	620	10	628	35	703870
		35			c060c0
	634	49	636	52	7fff7f
		53		56	60c060
		57		60	
		61		64	
		65		68	
		69		72	7fff7f
		73		76	60c060
		77		80	0060c0
		81		84	
		85		88	
		89		92	007fff
		93		96	0060c0
		97		100	183018
		101		104	
		105		108	
		109		112	
		113		116	
		117		120	
		121		124	
		125		128	
		129		132	
		133		136	
		137		140	
		141		144	
		145		148	
		149		152	
		153		156	
		157		160	
		161		164	
		165		168	
		169		172	
		173		176	
		177		180	
		181		184	
		185		188	
		189		192	
		193		196	
		197		200	
		201		204	
		205		208	
		209		212	
		213		216	
		217		220	
		221		224	
		225		228	
		229		232	
		233		236	
		237		240	
		241		244	
		245		248	
		249		252	
		253		256	
		257		260	
		261		264	
		265		268	
		269		272	
		273		276	
		277		280	
		281		284	
		285		288	
		289		292	
		293		296	
		297		300	
		301		304	
		305		308	
		309		312	
		313		316	
		317		320	
		321		324	
		325		328	
		329		332	
		333		336	
		337		340	
		341		344	
		345		348	
		349		352	
		353		356	
		357		360	
		361		364	
		365		368	
		369		372	
		373		376	
		377		380	
		381		384	
		385		388	
		389		392	
		393		396	
		397		400	
		401		404	
		405		408	
		409		412	
		413		416	
		417		420	
		421		424	
		425		428	
		429		432	
		433		436	
		437		440	
		441		444	
		445		448	
	621	52	631	56	303000
		57		61	
		62		66	
		67		71	
		72		76	
		77		81	
		82		86	
	7	7	115	115	00ff00
	8	8	114	114	001000
	52	52	70	70	003000
point	56	59	00e000
	91	53	
	73	86	
	61	72	
	66	68	
	56	48	
	65	70	
	61	72	
	54	49	
	70	76	
	63	75	
	66	76	
			
	97	94	
	61	72	
	64	73	
	61	72	
	64	74	
		60	
rect	12	320	121	440	001000
		342	120	343	009000
		356	13	368	
			121	357	
	120			368	005000
	12	367			
	13	357	120	367	007000
	12	438		439	009000
	16	450	114	475	001010
	17		18	462	00c0c0
			44	451	
	43			462	007070
	17	461			
	18	451	43	461	009090
	17	462	18	474	00c0c0
			44	463	
	43			474	007070
	17	473			
	18	463	43	473	009090
crop	15	320	21	332	16	48	00ff00	/fonts/computer.png
	21		27		40	60		
	27		33		72	48		
	33		39		96			
	39		45		32			
	45		51		0	24		
	51		57		24	60		
	57		63		64	48		
	63		69		72			
	69		75		0	60		
	75		81		24			
	15	332	21	344	48	48		
	21		27		8	72		
	27		33		112			
	33		39		24	84		
	39		45		72	72		
	45		51		0	24		
	51		57		8	48		
	57		63		96	72		
	63		69		0	84		
	69		75		64	72		
	75		81		8			
	15	344	21	356	48	48		
	21		27		72	72		
	27		33		56			
	33		39		64			
	39		45		32	84		
	45		51		40	72		
	51		57		16	84		
	15	356	21	368	24	48		
	21		27		16	84		
	27		33		40			
	33		39		72	72		
	39		45		24	84		
	45		51		40	72		
	51		57		16	84		
	15	368	21	380	56	48		
	21		27		40	84		
	27		33		112	72		
	33		39		24	84		
	39		45		64	72		
	45		51		72			
	51		57		0	84		
	15	380	21	392	32	60		
	21		27		16	84		
	27		33		8	72		
	33		39		112			
	39		45		24	84		
	45		51		0			
	51		57		120	72		
	57		63		16	84		
	63		69		32			
	15	392	21	404	40	48		
	21		27		112	72		
	27		33		56			
	33		39		72			
	39		45		112			
	45		51		40			
	51		57					
	57		63		16	84		
	63		69		0	24		
	69		75			60		
	75		81		120	72		
	81		87		32			
	15	404	21	416	8	48		
	21		27		24	84		
	27		33					
	33		39		8	72		
	39		45		40	84		
	45		51		96	72		
	51		57		32	84		
	57		63		0	24		
	63		69		32	60		
	69		75		16	84		
	75		81		8	72		
	81		87		112			
	87		93		24	84		
	93		99		0			
	99		105		120	72		
	105		111		16	84		
	111		117		32			
	19	450	25	462	16	60	00ffff	
	25		31		56	48		
	31		37		64			
	37		43		32	60		
	43		49		0	24		
	49		55		16	48		
	55		61		40	84		
	61		67		72	72		
	67		73		96			
	73		79		32			
	19	462	25	474	96	48		
	25		31		40			
	31		37		48			
	37		43		32	60		
	43		49		0	24		
	49		55		104	48		
	55		61		8	72		
	61		67		72			
	67		73		112			
	73		79		0	24		
	79		85		104	48		
	85		91		40	72		
	91		97		112			
	97		103		40	84		
rect	12	180	13	192	ffff00
			121	181	
	120			192	909000
	12	191			
	13	181	120	191	c0c000
crop	15	180	21	192	24	48	000000	/fonts/computer.png
	21		27		120			
	27		33		112			
	33		39		32	60		
	39		45		16			
	45		51		120	48		
	51		57		96			
	15	192	21	204	16		7fff7f	
	21		27		32	60		
	27		33					
	33		39		96	48		
	39		45		24	60		
	45		51		64	48		
	51		57		72			
	57		63		0	60		
draw	18	206	32	224	/sprites/636.SMIV/0
rect	14	204	36	205	489048
			15	206	
	35		36		
	14	225		226	
		224	15		
	35		36		
	42	206	49	206	003870
				224	0060c0
	40	204	51	205	00488f
			41	206	
	50		51		
	40	225		226	
		224	41		
	50		51		
	55	206	62	211	707000
		211		224	c0c000
	53	204	64	205	909000
			54	206	
	63		64		
	53	225		226	
		224	54		
	63		64		
crop	69	204	75	216	24	48	7fff7f	/fonts/computer.png
	75		81		104			
	81		87		72			
	87		93		24	60		
	93		99					
	99		105		72	48		
	105		111		96			
	111		117		40			
	69	216	75	228	32	60		
	75		81		56			
	81		87		112	48		
	87		93		0	60		
	93		99					
	99		105		40			
	105		111		96	48		
	111		117		24	60		
	12	228	18	240	56	48	00ff00	
	18		24		40	84		
	24		30		112	72		
	30		36		24	84		
	36		42		64	72		
	42		48		72			
	48		54		0	84		
rect	12	252	13	264	007fff
			121	253	
	120			264	00488f
	12	263			
	13	253	120	263	0060c0
crop	15	252	21	264	32	60	000000	/fonts/computer.png
	21		27		8	48		
	27		33		16	60		
	33		39		56	48		
	39		45		40			
	45		51		32	60		
	15	264	21	276	56	48	7fff7f	
	21		27		40	60		
	27		33		112	48		
	33		39		24	60		
	39		45		64	48		
	45		51		72			
	51		57		0	60		
draw	16	280	34	294	/sprites/509.SMIV/0
rect	14	276	36	277	489048
			15	278	
	35		36		
	14	297		298	
		296	15		
	35		36		
	42	278	49	288	003870
		288		296	0060c0
	40	276	51	277	00488f
			41	278	
	50		51		
	40	297		298	
		296	41		
	50		51		
	55	278	62	282	707000
		282		296	c0c000
	53	276	64	277	909000
			54	278	
	63		64		
	53	297		298	
		296	54		
	63		64		
crop	69	276	75	288	0	60	7fff7f	/fonts/computer.png
	75		81		88	48		
	81		87		16			
	87		93		40			
	93		99		8			
	99		105		104			
	105		111		0	24		
	111		117		8	36		
	69	288	75	300	96	48		
	75		81		16			
	81		87		40			
	87		93		8			
	93		99		104			
	99		105		0	24		
	105		111		8	36		
