line	195	280	195	280	b0b0b0
	314	247	314	247	
	331	448	331	448	d0d0d0
	394	63	394	63	808080
	320	311	320	311	
	495	380	495	380	
	415	41	415	41	b0b0b0
	391	396	391	396	808080
	373	343	373	343	b0b0b0
	494	27	494	27	
	500	231	500	231	d0d0d0
	580	358	580	358	b0b0b0
	315	332	315	332	
	366	400	366	400	
	403	243	403	243	d0d0d0
	514	321	514	321	808080
	537	304	537	304	d0d0d0
	370	445	370	445	808080
	133	56	133	56	d0d0d0
	416	255	416	255	808080
	580	465	580	465	
	525	320	525	320	
	591	75	591	75	b0b0b0
	304	29	304	29	808080
	577	114	577	114	
	412	307	412	307	d0d0d0
	191	63	191	63	808080
	405	322	405	322	
	323	72	323	72	b0b0b0
	274	267	274	267	
	555	478	555	478	
	197	108	197	108	d0d0d0
	482	349	482	349	
	340	259	340	259	
	328	136	328	136	808080
	319	84	319	84	b0b0b0
	561	110	561	110	d0d0d0
	549	52	549	52	808080
	474	414	474	414	d0d0d0
	163	275	163	275	808080
	415	194	415	194	b0b0b0
	568	208	568	208	d0d0d0
	462	143	462	143	808080
	507	343	507	343	b0b0b0
	431	440	431	440	808080
	244	151	245	151	d0d0d0
	286	96	286	96	b0b0b0
	157	425	157	425	808080
	288	259	288	259	
	190	209	190	209	b0b0b0
	174	161	174	161	808080
	396	368	396	368	b0b0b0
	277	33	277	33	d0d0d0
	223	258	223	258	808080
	437	49	437	49	b0b0b0
	413	373	413	373	d0d0d0
	493	148	493	148	808080
	130	446	130	446	
	399	395	399	395	
	143	268	143	268	b0b0b0
	457	431	457	431	808080
	354	84	354	84	b0b0b0
	128	356	128	356	
	547	196	547	196	808080
	422	185	422	185	
	462	69	462	69	b0b0b0
	490	196	490	196	808080
	287	48	287	48	d0d0d0
	502	229	502	229	808080
	484	42	484	42	d0d0d0
	324	12	324	12	b0b0b0
	598	292	598	292	808080
	164	455	164	455	
	602	398	602	398	
	297	109	297	109	
	585	319	585	319	d0d0d0
	419	198	419	198	808080
	205	62	205	62	d0d0d0
	385	84	385	84	808080
	491	24	491	24	d0d0d0
	155	454	155	454	808080
	509	305	509	305	d0d0d0
	165	407	165	407	
	605	369	605	369	808080
	148	219	148	219	b0b0b0
	353	266	353	266	808080
	266	85	266	85	d0d0d0
	489	173	489	173	808080
	178	283	178	283	
	251	360	251	360	b0b0b0
	217	272	217	272	808080
	224	428	224	428	
	211	260	211	260	d0d0d0
	426	199	426	199	b0b0b0
	560	50	560	50	808080
	257	95	257	95	
	268	422	268	422	b0b0b0
	595	26	595	26	
	215	337	215	337	808080
	514	123	514	123	d0d0d0
	264	445	264	445	b0b0b0
	223	276	223	276	808080
	493	215	493	215	
	282	359	282	359	b0b0b0
	368	437	368	437	d0d0d0
	584	431	584	431	808080
	448	468	448	468	b0b0b0
	402	54	402	54	
	172	150	172	150	d0d0d0
	358	292	358	292	b0b0b0
	215	396	215	396	808080
	230	473	230	473	
	566	123	566	123	d0d0d0
	322	160	322	160	808080
	444	59	444	59	b0b0b0
	162	367	162	367	
	163	456	163	456	808080
	501	439	501	439	d0d0d0
	475	105	475	105	b0b0b0
	268	137	268	137	d0d0d0
	550	454	550	454	
	323	82	323	82	
	526	236	526	236	
	318	128	318	128	808080
	480	6	480	6	
	172	0	172	415	005000
	316		316		
	460		460		
	604		604		
	128	101	608	101	
		245		245	
		389		389	
rect	354	235	368	249	00488f
	217	257	233	273	009000
	523	204	539	220	900000
	326	240	340	254	009000
triangle	527	208	535	216	c00000
	363	235	371	243	00c000
rect	314	253	320	259	00c000
	385	234	391	240	c00000
triangle	360	236	370	246	00c000
	363		371	244	
plus	290	244	300	254	00c000
	522	208	532	218	c00000
triangle	225	254	233	262	00c000
plus	390	232	400	242	00c000
triangle	473	220	479	226	c00000
	363	236	371	244	00c000
	225	254	233	262	
	461	219	467	225	c00000
	525	206	535	216	
	363	236	371	244	00c000
	507	215	513	221	c00000
	363	236	371	244	00c000
plus	433	224	441	232	c00000
triangle	437	225	443	231	c00000
diamond	357	229	375	247	00c000
triangle	362	234	372	244	00c000
rect	361	245	363	247	c00000
		248		250	
plus	308	247	316	255	00c000
triangle	445	220	451	226	c00000
rect	229	278	243	292	00ff00
dither	366	248	442	265	303000
tint	370	252	377	263	000000	/fonts/tactical/42
	377		384			/fonts/tactical/61
	384		391			/fonts/tactical/74
	391		398			
	398		405			/fonts/tactical/6c
	405		412			/fonts/tactical/65
	412		419			/fonts/tactical/73
	419		426			/fonts/tactical/68
	426		433			/fonts/tactical/69
	433		440			/fonts/tactical/70
	369	251	376	262	ffff00	/fonts/tactical/42
	376		383			/fonts/tactical/61
	383		390			/fonts/tactical/74
	390		397			
	397		404			/fonts/tactical/6c
	404		411			/fonts/tactical/65
	411		418			/fonts/tactical/73
	418		425			/fonts/tactical/68
	425		432			/fonts/tactical/69
	432		439			/fonts/tactical/70
rect	128	415	608	480	007fff
		416		479	000810
	132	420	139	431	007fff
tint	132	420	139	431	000810	/fonts/tactical/20
rect	139	420	146	431	007fff
tint	139	420	146	431	000810	/fonts/tactical/49
rect	146	420	153	431	007fff
tint	146	420	153	431	000810	/fonts/tactical/4e
rect	153	420	160	431	007fff
tint	153	420	160	431	000810	/fonts/tactical/43
rect	160	420	167	431	007fff
tint	160	420	167	431	000810	/fonts/tactical/4f
rect	167	420	174	431	007fff
tint	167	420	174	431	000810	/fonts/tactical/4d
rect	174	420	181	431	007fff
tint	174	420	181	431	000810	/fonts/tactical/49
rect	181	420	188	431	007fff
tint	181	420	188	431	000810	/fonts/tactical/4e
rect	188	420	195	431	007fff
tint	188	420	195	431	000810	/fonts/tactical/47
rect	195	420	202	431	007fff
tint	195	420	202	431	000810	/fonts/tactical/20
rect	202	420	209	431	007fff
tint	202	420	209	431	000810	/fonts/tactical/54
rect	209	420	216	431	007fff
tint	209	420	216	431	000810	/fonts/tactical/52
rect	216	420	223	431	007fff
tint	216	420	223	431	000810	/fonts/tactical/41
rect	223	420	230	431	007fff
tint	223	420	230	431	000810	/fonts/tactical/4e
rect	230	420	237	431	007fff
tint	230	420	237	431	000810	/fonts/tactical/53
rect	237	420	244	431	007fff
tint	237	420	244	431	000810	/fonts/tactical/4d
rect	244	420	251	431	007fff
tint	244	420	251	431	000810	/fonts/tactical/49
rect	251	420	258	431	007fff
tint	251	420	258	431	000810	/fonts/tactical/53
rect	258	420	265	431	007fff
tint	258	420	265	431	000810	/fonts/tactical/53
rect	265	420	272	431	007fff
tint	265	420	272	431	000810	/fonts/tactical/49
rect	272	420	279	431	007fff
tint	272	420	279	431	000810	/fonts/tactical/4f
rect	279	420	286	431	007fff
tint	279	420	286	431	000810	/fonts/tactical/4e
rect	286	420	293	431	007fff
tint	286	420	293	431	000810	/fonts/tactical/20
rect	293	420	300	431	000810
tint	293	420	300	431	007fff	/fonts/tactical/20
rect	300	420	307	431	000810
tint	300	420	307	431	007fff	/fonts/tactical/53
rect	307	420	314	431	000810
tint	307	420	314	431	007fff	/fonts/tactical/45
rect	314	420	321	431	000810
tint	314	420	321	431	007fff	/fonts/tactical/43
rect	321	420	328	431	000810
tint	321	420	328	431	007fff	/fonts/tactical/55
rect	328	420	335	431	000810
tint	328	420	335	431	007fff	/fonts/tactical/52
rect	335	420	342	431	000810
tint	335	420	342	431	007fff	/fonts/tactical/45
rect	342	420	349	431	000810
tint	342	420	349	431	007fff	/fonts/tactical/20
rect	349	420	356	431	000810
tint	349	420	356	431	007fff	/fonts/tactical/4b
rect	356	420	363	431	000810
tint	356	420	363	431	007fff	/fonts/tactical/45
rect	363	420	370	431	000810
tint	363	420	370	431	007fff	/fonts/tactical/59
rect	370	420	377	431	000810
tint	370	420	377	431	007fff	/fonts/tactical/20
rect	377	420	384	431	000810
tint	377	420	384	431	007fff	/fonts/tactical/4f
rect	384	420	391	431	000810
tint	384	420	391	431	007fff	/fonts/tactical/4b
rect	391	420	398	431	000810
tint	391	420	398	431	007fff	/fonts/tactical/20
rect	398	420	405	431	000810
tint	398	420	405	431	007fff	/fonts/tactical/2d
rect	405	420	412	431	000810
tint	405	420	412	431	007fff	/fonts/tactical/20
rect	412	420	419	431	000810
tint	412	420	419	431	007fff	/fonts/tactical/4e
rect	419	420	426	431	000810
tint	419	420	426	431	007fff	/fonts/tactical/57
rect	426	420	433	431	000810
tint	426	420	433	431	007fff	/fonts/tactical/33
rect	433	420	440	431	000810
tint	433	420	440	431	007fff	/fonts/tactical/20
rect	440	420	447	431	000810
tint	440	420	447	431	007fff	/fonts/tactical/54
rect	447	420	454	431	000810
tint	447	420	454	431	007fff	/fonts/tactical/49
rect	454	420	461	431	000810
tint	454	420	461	431	007fff	/fonts/tactical/47
rect	461	420	468	431	000810
tint	461	420	468	431	007fff	/fonts/tactical/48
rect	468	420	475	431	000810
tint	468	420	475	431	007fff	/fonts/tactical/54
rect	475	420	482	431	000810
tint	475	420	482	431	007fff	/fonts/tactical/20
rect	482	420	489	431	000810
tint	482	420	489	431	007fff	/fonts/tactical/42
rect	489	420	496	431	000810
tint	489	420	496	431	007fff	/fonts/tactical/45
rect	496	420	503	431	000810
tint	496	420	503	431	007fff	/fonts/tactical/41
rect	503	420	510	431	000810
tint	503	420	510	431	007fff	/fonts/tactical/4d
rect	510	420	604	431	000810
	132	431	139	442	
tint	132	431	139	442	007fff	/fonts/tactical/53
rect	139	431	146	442	000810
tint	139	431	146	442	007fff	/fonts/tactical/4f
rect	146	431	153	442	000810
tint	146	431	153	442	007fff	/fonts/tactical/55
rect	153	431	160	442	000810
tint	153	431	160	442	007fff	/fonts/tactical/52
rect	160	431	167	442	000810
tint	160	431	167	442	007fff	/fonts/tactical/43
rect	167	431	174	442	000810
tint	167	431	174	442	007fff	/fonts/tactical/45
rect	174	431	181	442	000810
tint	174	431	181	442	007fff	/fonts/tactical/3a
rect	181	431	188	442	000810
tint	181	431	188	442	007fff	/fonts/tactical/20
rect	188	431	195	442	000810
tint	188	431	195	442	007fff	/fonts/tactical/48
rect	195	431	202	442	000810
tint	195	431	202	442	007fff	/fonts/tactical/75
rect	202	431	209	442	000810
tint	202	431	209	442	007fff	/fonts/tactical/6d
rect	209	431	216	442	000810
tint	209	431	216	442	007fff	/fonts/tactical/61
rect	216	431	223	442	000810
tint	216	431	223	442	007fff	/fonts/tactical/6e
rect	223	431	230	442	000810
tint	223	431	230	442	007fff	/fonts/tactical/2f
rect	230	431	237	442	000810
tint	230	431	237	442	007fff	/fonts/tactical/49
rect	237	431	244	442	000810
tint	237	431	244	442	007fff	/fonts/tactical/73
rect	244	431	251	442	000810
tint	244	431	251	442	007fff	/fonts/tactical/68
rect	251	431	258	442	000810
tint	251	431	258	442	007fff	/fonts/tactical/69
rect	258	431	265	442	000810
tint	258	431	265	442	007fff	/fonts/tactical/6d
rect	265	431	272	442	000810
tint	265	431	272	442	007fff	/fonts/tactical/61
rect	272	431	279	442	000810
tint	272	431	279	442	007fff	/fonts/tactical/6e
rect	279	431	286	442	000810
tint	279	431	286	442	007fff	/fonts/tactical/20
rect	286	431	293	442	000810
tint	286	431	293	442	007fff	/fonts/tactical/43
rect	293	431	300	442	000810
tint	293	431	300	442	007fff	/fonts/tactical/6f
rect	300	431	307	442	000810
tint	300	431	307	442	007fff	/fonts/tactical/6f
rect	307	431	314	442	000810
tint	307	431	314	442	007fff	/fonts/tactical/72
rect	314	431	321	442	000810
tint	314	431	321	442	007fff	/fonts/tactical/64
rect	321	431	328	442	000810
tint	321	431	328	442	007fff	/fonts/tactical/2e
rect	328	431	335	442	000810
tint	328	431	335	442	007fff	/fonts/tactical/20
rect	335	431	342	442	000810
tint	335	431	342	442	007fff	/fonts/tactical/43
rect	342	431	349	442	000810
tint	342	431	349	442	007fff	/fonts/tactical/6f
rect	349	431	356	442	000810
tint	349	431	356	442	007fff	/fonts/tactical/6e
rect	356	431	363	442	000810
tint	356	431	363	442	007fff	/fonts/tactical/74
rect	363	431	370	442	000810
tint	363	431	370	442	007fff	/fonts/tactical/72
rect	370	431	377	442	000810
tint	370	431	377	442	007fff	/fonts/tactical/6f
rect	377	431	384	442	000810
tint	377	431	384	442	007fff	/fonts/tactical/6c
rect	384	431	604	442	000810
	132	442	139	453	
tint	132	442	139	453	007fff	/fonts/tactical/43
rect	139	442	146	453	000810
tint	139	442	146	453	007fff	/fonts/tactical/6f
rect	146	442	153	453	000810
tint	146	442	153	453	007fff	/fonts/tactical/6e
rect	153	442	160	453	000810
tint	153	442	160	453	007fff	/fonts/tactical/73
rect	160	442	167	453	000810
tint	160	442	167	453	007fff	/fonts/tactical/74
rect	167	442	174	453	000810
tint	167	442	174	453	007fff	/fonts/tactical/72
rect	174	442	181	453	000810
tint	174	442	181	453	007fff	/fonts/tactical/75
rect	181	442	188	453	000810
tint	181	442	188	453	007fff	/fonts/tactical/63
rect	188	442	195	453	000810
tint	188	442	195	453	007fff	/fonts/tactical/74
rect	195	442	202	453	000810
tint	195	442	202	453	007fff	/fonts/tactical/69
rect	202	442	209	453	000810
tint	202	442	209	453	007fff	/fonts/tactical/6f
rect	209	442	216	453	000810
tint	209	442	216	453	007fff	/fonts/tactical/6e
rect	216	442	223	453	000810
tint	216	442	223	453	007fff	/fonts/tactical/20
rect	223	442	230	453	000810
tint	223	442	230	453	007fff	/fonts/tactical/6f
rect	230	442	237	453	000810
tint	230	442	237	453	007fff	/fonts/tactical/6e
rect	237	442	244	453	000810
tint	237	442	244	453	007fff	/fonts/tactical/20
rect	244	442	251	453	000810
tint	244	442	251	453	007fff	/fonts/tactical/74
rect	251	442	258	453	000810
tint	251	442	258	453	007fff	/fonts/tactical/68
rect	258	442	265	453	000810
tint	258	442	265	453	007fff	/fonts/tactical/65
rect	265	442	272	453	000810
tint	265	442	272	453	007fff	/fonts/tactical/20
rect	272	442	279	453	000810
tint	272	442	279	453	007fff	/fonts/tactical/4f
rect	279	442	286	453	000810
tint	279	442	286	453	007fff	/fonts/tactical/62
rect	286	442	293	453	000810
tint	286	442	293	453	007fff	/fonts/tactical/69
rect	293	442	300	453	000810
tint	293	442	300	453	007fff	/fonts/tactical/73
rect	300	442	307	453	000810
tint	300	442	307	453	007fff	/fonts/tactical/68
rect	307	442	314	453	000810
tint	307	442	314	453	007fff	/fonts/tactical/20
rect	314	442	321	453	000810
tint	314	442	321	453	007fff	/fonts/tactical/64
rect	321	442	328	453	000810
tint	321	442	328	453	007fff	/fonts/tactical/65
rect	328	442	335	453	000810
tint	328	442	335	453	007fff	/fonts/tactical/73
rect	335	442	342	453	000810
tint	335	442	342	453	007fff	/fonts/tactical/74
rect	342	442	349	453	000810
tint	342	442	349	453	007fff	/fonts/tactical/72
rect	349	442	356	453	000810
tint	349	442	356	453	007fff	/fonts/tactical/6f
rect	356	442	363	453	000810
tint	356	442	363	453	007fff	/fonts/tactical/79
rect	363	442	370	453	000810
tint	363	442	370	453	007fff	/fonts/tactical/65
rect	370	442	377	453	000810
tint	370	442	377	453	007fff	/fonts/tactical/72
rect	377	442	384	453	000810
tint	377	442	384	453	007fff	/fonts/tactical/20
rect	384	442	391	453	000810
tint	384	442	391	453	007fff	/fonts/tactical/68
rect	391	442	398	453	000810
tint	391	442	398	453	007fff	/fonts/tactical/61
rect	398	442	405	453	000810
tint	398	442	405	453	007fff	/fonts/tactical/73
rect	405	442	412	453	000810
tint	405	442	412	453	007fff	/fonts/tactical/20
rect	412	442	419	453	000810
tint	412	442	419	453	007fff	/fonts/tactical/62
rect	419	442	426	453	000810
tint	419	442	426	453	007fff	/fonts/tactical/65
rect	426	442	433	453	000810
tint	426	442	433	453	007fff	/fonts/tactical/65
rect	433	442	440	453	000810
tint	433	442	440	453	007fff	/fonts/tactical/6e
rect	440	442	447	453	000810
tint	440	442	447	453	007fff	/fonts/tactical/20
rect	447	442	454	453	000810
tint	447	442	454	453	007fff	/fonts/tactical/63
rect	454	442	461	453	000810
tint	454	442	461	453	007fff	/fonts/tactical/6f
rect	461	442	468	453	000810
tint	461	442	468	453	007fff	/fonts/tactical/6d
rect	468	442	475	453	000810
tint	468	442	475	453	007fff	/fonts/tactical/70
rect	475	442	482	453	000810
tint	475	442	482	453	007fff	/fonts/tactical/6c
rect	482	442	489	453	000810
tint	482	442	489	453	007fff	/fonts/tactical/65
rect	489	442	496	453	000810
tint	489	442	496	453	007fff	/fonts/tactical/74
rect	496	442	503	453	000810
tint	496	442	503	453	007fff	/fonts/tactical/65
rect	503	442	510	453	000810
tint	503	442	510	453	007fff	/fonts/tactical/64
rect	510	442	517	453	000810
tint	510	442	517	453	007fff	/fonts/tactical/2e
rect	517	442	524	453	000810
tint	517	442	524	453	007fff	/fonts/tactical/20
rect	524	442	531	453	000810
tint	524	442	531	453	007fff	/fonts/tactical/54
rect	531	442	538	453	000810
tint	531	442	538	453	007fff	/fonts/tactical/68
rect	538	442	545	453	000810
tint	538	442	545	453	007fff	/fonts/tactical/65
rect	545	442	552	453	000810
tint	545	442	552	453	007fff	/fonts/tactical/20
rect	132	453	139	464	000810
tint	132	453	139	464	007fff	/fonts/tactical/64
rect	139	453	146	464	000810
tint	139	453	146	464	007fff	/fonts/tactical/65
rect	146	453	153	464	000810
tint	146	453	153	464	007fff	/fonts/tactical/73
rect	153	453	160	464	000810
tint	153	453	160	464	007fff	/fonts/tactical/74
rect	160	453	167	464	000810
tint	160	453	167	464	007fff	/fonts/tactical/72
rect	167	453	174	464	000810
tint	167	453	174	464	007fff	/fonts/tactical/6f
rect	174	453	181	464	000810
tint	174	453	181	464	007fff	/fonts/tactical/79
rect	181	453	188	464	000810
tint	181	453	188	464	007fff	/fonts/tactical/65
rect	188	453	195	464	000810
tint	188	453	195	464	007fff	/fonts/tactical/72
rect	195	453	202	464	000810
tint	195	453	202	464	007fff	/fonts/tactical/20
rect	202	453	209	464	000810
tint	202	453	209	464	007fff	/fonts/tactical/69
rect	209	453	216	464	000810
tint	209	453	216	464	007fff	/fonts/tactical/73
rect	216	453	223	464	000810
tint	216	453	223	464	007fff	/fonts/tactical/20
rect	223	453	230	464	000810
tint	223	453	230	464	007fff	/fonts/tactical/61
rect	230	453	237	464	000810
tint	230	453	237	464	007fff	/fonts/tactical/76
rect	237	453	244	464	000810
tint	237	453	244	464	007fff	/fonts/tactical/61
rect	244	453	251	464	000810
tint	244	453	251	464	007fff	/fonts/tactical/69
rect	251	453	258	464	000810
tint	251	453	258	464	007fff	/fonts/tactical/6c
rect	258	453	265	464	000810
tint	258	453	265	464	007fff	/fonts/tactical/61
rect	265	453	272	464	000810
tint	265	453	272	464	007fff	/fonts/tactical/62
rect	272	453	279	464	000810
tint	272	453	279	464	007fff	/fonts/tactical/6c
rect	279	453	286	464	000810
tint	279	453	286	464	007fff	/fonts/tactical/65
rect	286	453	293	464	000810
tint	286	453	293	464	007fff	/fonts/tactical/20
rect	293	453	300	464	000810
tint	293	453	300	464	007fff	/fonts/tactical/66
rect	300	453	307	464	000810
tint	300	453	307	464	007fff	/fonts/tactical/6f
rect	307	453	314	464	000810
tint	307	453	314	464	007fff	/fonts/tactical/72
rect	314	453	321	464	000810
tint	314	453	321	464	007fff	/fonts/tactical/20
rect	321	453	328	464	000810
tint	321	453	328	464	007fff	/fonts/tactical/79
rect	328	453	335	464	000810
tint	328	453	335	464	007fff	/fonts/tactical/6f
rect	335	453	342	464	000810
tint	335	453	342	464	007fff	/fonts/tactical/75
rect	342	453	349	464	000810
tint	342	453	349	464	007fff	/fonts/tactical/72
rect	349	453	356	464	000810
tint	349	453	356	464	007fff	/fonts/tactical/20
rect	356	453	363	464	000810
tint	356	453	363	464	007fff	/fonts/tactical/75
rect	363	453	370	464	000810
tint	363	453	370	464	007fff	/fonts/tactical/73
rect	370	453	377	464	000810
tint	370	453	377	464	007fff	/fonts/tactical/65
rect	377	453	384	464	000810
tint	377	453	384	464	007fff	/fonts/tactical/20
rect	384	453	391	464	000810
tint	384	453	391	464	007fff	/fonts/tactical/61
rect	391	453	398	464	000810
tint	391	453	398	464	007fff	/fonts/tactical/74
rect	398	453	405	464	000810
tint	398	453	405	464	007fff	/fonts/tactical/20
rect	405	453	412	464	000810
tint	405	453	412	464	007fff	/fonts/tactical/74
rect	412	453	419	464	000810
tint	412	453	419	464	007fff	/fonts/tactical/68
rect	419	453	426	464	000810
tint	419	453	426	464	007fff	/fonts/tactical/65
rect	426	453	433	464	000810
tint	426	453	433	464	007fff	/fonts/tactical/20
rect	433	453	440	464	000810
tint	433	453	440	464	007fff	/fonts/tactical/46
rect	440	453	447	464	000810
tint	440	453	447	464	007fff	/fonts/tactical/61
rect	447	453	454	464	000810
tint	447	453	454	464	007fff	/fonts/tactical/6e
rect	454	453	461	464	000810
tint	454	453	461	464	007fff	/fonts/tactical/73
rect	461	453	468	464	000810
tint	461	453	468	464	007fff	/fonts/tactical/69
rect	468	453	475	464	000810
tint	468	453	475	464	007fff	/fonts/tactical/20
rect	475	453	482	464	000810
tint	475	453	482	464	007fff	/fonts/tactical/4f
rect	482	453	489	464	000810
tint	482	453	489	464	007fff	/fonts/tactical/72
rect	489	453	496	464	000810
tint	489	453	496	464	007fff	/fonts/tactical/62
rect	496	453	503	464	000810
tint	496	453	503	464	007fff	/fonts/tactical/69
rect	503	453	510	464	000810
tint	503	453	510	464	007fff	/fonts/tactical/74
rect	510	453	517	464	000810
tint	510	453	517	464	007fff	/fonts/tactical/61
rect	517	453	524	464	000810
tint	517	453	524	464	007fff	/fonts/tactical/6c
rect	524	453	531	464	000810
tint	524	453	531	464	007fff	/fonts/tactical/20
rect	531	453	538	464	000810
tint	531	453	538	464	007fff	/fonts/tactical/53
rect	538	453	545	464	000810
tint	538	453	545	464	007fff	/fonts/tactical/68
rect	545	453	552	464	000810
tint	545	453	552	464	007fff	/fonts/tactical/69
rect	552	453	559	464	000810
tint	552	453	559	464	007fff	/fonts/tactical/70
rect	559	453	566	464	000810
tint	559	453	566	464	007fff	/fonts/tactical/79
rect	566	453	573	464	000810
tint	566	453	573	464	007fff	/fonts/tactical/61
rect	573	453	580	464	000810
tint	573	453	580	464	007fff	/fonts/tactical/72
rect	580	453	587	464	000810
tint	580	453	587	464	007fff	/fonts/tactical/64
rect	587	453	594	464	000810
tint	587	453	594	464	007fff	/fonts/tactical/2e
rect	132	464	139	475	007fff
tint	132	464	139	475	000810	/fonts/tactical/3c
rect	139	464	146	475	007fff
tint	139	464	146	475	000810	/fonts/tactical/45
rect	146	464	153	475	007fff
tint	146	464	153	475	000810	/fonts/tactical/4f
rect	153	464	160	475	007fff
tint	153	464	160	475	000810	/fonts/tactical/54
rect	160	464	167	475	007fff
tint	160	464	167	475	000810	/fonts/tactical/3e
rect	167	464	174	475	000810
tint	167	464	174	475	007fff	/fonts/tactical/20
rect	174	464	604	475	000810
line	566	236	553	229	489048
				244	
	553	229			204020
draw	0	0	128	480	/pictures/501.png
	608		640		/pictures/512.png
line	614	409	614	359	00488f
		359	622		
	622			409	002850
		409	614		
rect	615	360	622	409	003870
line	614	456	614	410	007fff
		410	622		
	622			456	00488f
		456	614		
rect	615	411	622	456	0070e0
line	614	237	614	231	909048
		231	622		
	622			237	505028
		237	614		
rect	615	232	622	237	707038
line	614	328	614	238	ffff7f
		238	622		
	622			328	909048
		328	614		
rect	615	239	622	328	e0e070
line	614	149	614	103	904848
		103	622		
	622			149	502828
		149	614		
rect	615	104	622	149	703838
line	614	200	614	150	ff7f7f
		150	622		
	622			200	904848
		200	614		
rect	615	151	622	200	e07070
line	618	8	629	8	90488f
			618	9	
	629		629		
	618	36		36	
			618	35	
	629		629		
rect	620	10	628	35	703870
		35			c060c0
	634	49	636	52	7fff7f
		53		56	60c060
		57		60	
		61		64	
		65		68	
		69		72	7fff7f
		73		76	60c060
		77		80	
		81		84	
		85		88	0060c0
		89		92	007fff
		93		96	0060c0
		97		100	
		101		104	
		105		108	183018
		109		112	
		113		116	
		117		120	
		121		124	
		125		128	
		129		132	
		133		136	
		137		140	
		141		144	
		145		148	
		149		152	
		153		156	
		157		160	
		161		164	
		165		168	
		169		172	
		173		176	
		177		180	
		181		184	
		185		188	
		189		192	
		193		196	
		197		200	
		201		204	
		205		208	
		209		212	
		213		216	
		217		220	
		221		224	
		225		228	
		229		232	
		233		236	
		237		240	
		241		244	
		245		248	
		249		252	
		253		256	
		257		260	
		261		264	
		265		268	
		269		272	
		273		276	
		277		280	
		281		284	
		285		288	
		289		292	
		293		296	
		297		300	
		301		304	
		305		308	
		309		312	
		313		316	
		317		320	
		321		324	
		325		328	
		329		332	
		333		336	
		337		340	
		341		344	
		345		348	
		349		352	
		353		356	
		357		360	
		361		364	
		365		368	
		369		372	
		373		376	
		377		380	
		381		384	
		385		388	
		389		392	
		393		396	
		397		400	
		401		404	
		405		408	
		409		412	
		413		416	
		417		420	
		421		424	
		425		428	
		429		432	
		433		436	
		437		440	
		441		444	
		445		448	
	621	52	631	56	303000
		57		61	
		62		66	
		67		71	
		72		76	
		77		81	
		82		86	
	7	7	115	115	00ff00
	8	8	114	114	001000
					003000
point	31	73	00e000
	59	61	
	50	67	
	58	61	
		63	
	57	54	
	58	61	
	37	92	
	57	62	
	35	102	
rect	12	320	121	440	001000
tint	15	320	21	332	00ff00	/fonts/computer/42
	21		27			/fonts/computer/55
	27		33			/fonts/computer/49
	33		39			/fonts/computer/4c
	39		45			/fonts/computer/44
	45		51			/fonts/computer/20
	51		57			/fonts/computer/53
	57		63			/fonts/computer/48
	63		69			/fonts/computer/49
	69		75			/fonts/computer/50
	75		81			/fonts/computer/53
line	12	342	119	342	009000
tint	15	332	21	344	00ff00	/fonts/computer/46
	21		27			/fonts/computer/61
	27		33			/fonts/computer/6e
	33		39			/fonts/computer/73
	39		45			/fonts/computer/69
	45		51			/fonts/computer/20
	51		57			/fonts/computer/41
	57		63			/fonts/computer/6c
	63		69			/fonts/computer/70
	69		75			/fonts/computer/68
	75		81			/fonts/computer/61
	15	344	21	356		/fonts/computer/46
	21		27			/fonts/computer/69
	27		33			/fonts/computer/67
	33		39			/fonts/computer/68
	39		45			/fonts/computer/74
	45		51			/fonts/computer/65
	51		57			/fonts/computer/72
line	12	367	12	356	009000
		356	120		
	120			367	005000
		367	12		
rect	13	357	120	367	007000
tint	15	356	21	368	00ff00	/fonts/computer/43
	21		27			/fonts/computer/72
	27		33			/fonts/computer/75
	33		39			/fonts/computer/69
	39		45			/fonts/computer/73
	45		51			/fonts/computer/65
	51		57			/fonts/computer/72
	15	368	21	380		/fonts/computer/47
	21		27			/fonts/computer/75
	27		33			/fonts/computer/6e
	33		39			/fonts/computer/73
	39		45			/fonts/computer/68
	45		51			/fonts/computer/69
	51		57			/fonts/computer/70
	15	380	21	392		/fonts/computer/54
	21		27			/fonts/computer/72
	27		33			/fonts/computer/61
	33		39			/fonts/computer/6e
	39		45			/fonts/computer/73
	45		51			/fonts/computer/70
	51		57			/fonts/computer/6f
	57		63			/fonts/computer/72
	63		69			/fonts/computer/74
	15	392	21	404		/fonts/computer/45
	21		27			/fonts/computer/6e
	27		33			/fonts/computer/67
	33		39			/fonts/computer/69
	39		45			/fonts/computer/6e
	45		51			/fonts/computer/65
	51		57			
	57		63			/fonts/computer/72
	63		69			/fonts/computer/20
	69		75			/fonts/computer/50
	75		81			/fonts/computer/6f
	81		87			/fonts/computer/64
	15	404	21	416		/fonts/computer/41
	21		27			/fonts/computer/73
	27		33			
	33		39			/fonts/computer/61
	39		45			/fonts/computer/75
	45		51			/fonts/computer/6c
	51		57			/fonts/computer/74
	57		63			/fonts/computer/20
	63		69			/fonts/computer/54
	69		75			/fonts/computer/72
	75		81			/fonts/computer/61
	81		87			/fonts/computer/6e
	87		93			/fonts/computer/73
	93		99			/fonts/computer/70
	99		105			/fonts/computer/6f
	105		111			/fonts/computer/72
	111		117			/fonts/computer/74
line	12	438	119	438	009000
rect	16	450	114	475	001010
line	17	461	17	450	00c0c0
		450	43		
	43			461	007070
		461	17		
rect	18	451	43	461	009090
tint	19	450	25	462	00ffff	/fonts/computer/52
	25		31			/fonts/computer/47
	31		37			/fonts/computer/48
	37		43			/fonts/computer/54
	43		49			/fonts/computer/20
	49		55			/fonts/computer/42
	55		61			/fonts/computer/75
	61		67			/fonts/computer/69
	67		73			/fonts/computer/6c
	73		79			/fonts/computer/64
line	17	473	17	462	00c0c0
		462	43		
	43			473	007070
		473	17		
rect	18	463	43	473	009090
tint	19	462	25	474	00ffff	/fonts/computer/4c
	25		31			/fonts/computer/45
	31		37			/fonts/computer/46
	37		43			/fonts/computer/54
	43		49			/fonts/computer/20
	49		55			/fonts/computer/4d
	55		61			/fonts/computer/61
	61		67			/fonts/computer/69
	67		73			/fonts/computer/6e
	73		79			/fonts/computer/20
	79		85			/fonts/computer/4d
	85		91			/fonts/computer/65
	91		97			/fonts/computer/6e
	97		103			/fonts/computer/75
line	12	191	12	180	ffff00
		180	120		
	120			191	909000
		191	12		
rect	13	181	120	191	c0c000
tint	15	180	21	192	000000	/fonts/computer/43
	21		27			/fonts/computer/4f
	27		33			/fonts/computer/4e
	33		39			/fonts/computer/54
	39		45			/fonts/computer/52
	45		51			/fonts/computer/4f
	51		57			/fonts/computer/4c
	15	192	21	204	7fff7f	/fonts/computer/42
	21		27			/fonts/computer/54
	27		33			
	33		39			/fonts/computer/4c
	39		45			/fonts/computer/53
	45		51			/fonts/computer/48
	51		57			/fonts/computer/49
	57		63			/fonts/computer/50
draw	18	206	32	224	/sprites/636.SMIV/0
line	14	204	35	204	489048
			14	205	
	35		35		
	14	225		225	
			14	224	
	35		35		
rect	42	206	49	206	003870
				224	0060c0
line	40	204	50	204	00488f
			40	205	
	50		50		
	40	225		225	
			40	224	
	50		50		
rect	55	206	62	209	707000
		209		224	c0c000
line	53	204	63	204	909000
			53	205	
	63		63		
	53	225		225	
			53	224	
	63		63		
tint	69	204	75	216	7fff7f	/fonts/computer/43
	75		81			/fonts/computer/4d
	81		87			/fonts/computer/49
	87		93			/fonts/computer/53
	93		99			
	99		105			/fonts/computer/49
	105		111			/fonts/computer/4c
	111		117			/fonts/computer/45
	69	216	75	228		/fonts/computer/54
	75		81			/fonts/computer/57
	81		87			/fonts/computer/4e
	87		93			/fonts/computer/50
	93		99			
	99		105			/fonts/computer/55
	105		111			/fonts/computer/4c
	111		117			/fonts/computer/53
	12	228	18	240	00ff00	/fonts/computer/47
	18		24			/fonts/computer/75
	24		30			/fonts/computer/6e
	30		36			/fonts/computer/73
	36		42			/fonts/computer/68
	42		48			/fonts/computer/69
	48		54			/fonts/computer/70
line	12	263	12	252	007fff
		252	120		
	120			263	00488f
		263	12		
rect	13	253	120	263	0060c0
tint	15	252	21	264	000000	/fonts/computer/54
	21		27			/fonts/computer/41
	27		33			/fonts/computer/52
	33		39			/fonts/computer/47
	39		45			/fonts/computer/45
	45		51			/fonts/computer/54
	15	264	21	276	7fff7f	/fonts/computer/47
	21		27			/fonts/computer/55
	27		33			/fonts/computer/4e
	33		39			/fonts/computer/53
	39		45			/fonts/computer/48
	45		51			/fonts/computer/49
	51		57			/fonts/computer/50
draw	16	280	34	294	/sprites/509.SMIV/0
line	14	276	35	276	489048
			14	277	
	35		35		
	14	297		297	
			14	296	
	35		35		
rect	42	278	49	288	003870
		288		296	0060c0
line	40	276	50	276	00488f
			40	277	
	50		50		
	40	297		297	
			40	296	
	50		50		
rect	55	278	62	280	707000
		280		296	c0c000
line	53	276	63	276	909000
			53	277	
	63		63		
	53	297		297	
			53	296	
	63		63		
tint	69	276	75	288	7fff7f	/fonts/computer/50
	75		81			/fonts/computer/4b
	81		87			/fonts/computer/42
	87		93			/fonts/computer/45
	93		99			/fonts/computer/41
	99		105			/fonts/computer/4d
	105		111			/fonts/computer/20
	111		117			/fonts/computer/31
	69	288	75	300		/fonts/computer/4c
	75		81			/fonts/computer/42
	81		87			/fonts/computer/45
	87		93			/fonts/computer/41
	93		99			/fonts/computer/4d
	99		105			/fonts/computer/20
	105		111			/fonts/computer/31
