point	523	82	808080
	600	35	d0d0d0
	567	59	b0b0b0
	266	64	808080
	192	312	
	367	381	
	223	43	b0b0b0
	264	397	808080
	182	345	b0b0b0
	302	29	
	244	233	d0d0d0
	388	360	b0b0b0
	604	120	808080
	174	402	b0b0b0
	147	246	d0d0d0
	387	322	808080
	281	307	d0d0d0
	243	446	808080
	419	84	b0b0b0
	288	255	808080
	452	466	
	398	321	
	400	77	b0b0b0
	176	30	808080
	450	114	
	156	310	d0d0d0
	544	282	808080
	278	323	
	132	74	b0b0b0
	549	220	d0d0d0
	208	479	b0b0b0
	422	292	d0d0d0
	226	351	
	573	254	b0b0b0
	201	137	808080
	606	432	b0b0b0
	305	112	d0d0d0
	421	53	808080
	218	416	d0d0d0
	516	90	808080
	223	196	b0b0b0
	312	210	d0d0d0
	335	144	808080
	315	345	b0b0b0
	304	441	808080
	536	201	
	574	55	b0b0b0
	509	403	808080
	160	260	
	520	96	
	488	470	b0b0b0
	205	370	
	527	79	
	545	392	d0d0d0
	245	51	b0b0b0
	157	375	d0d0d0
	366	149	808080
	418	384	b0b0b0
	271	396	808080
	489	19	
	329	432	
	162	86	b0b0b0
	479	194	808080
	419	197	
	295	186	
	271	70	b0b0b0
	363	196	808080
	512	125	d0d0d0
	374	230	808080
	228	44	d0d0d0
	132	14	b0b0b0
	471	293	808080
	428	321	d0d0d0
	474	399	808080
	169	110	
	329	321	d0d0d0
	292	199	808080
	518	88	
	258	85	
	235	26	d0d0d0
	459	158	b0b0b0
	253	307	d0d0d0
	388	198	
	477	370	808080
	492	5	
	225	267	
	491	124	d0d0d0
	362	174	808080
	457	239	d0d0d0
	540	465	b0b0b0
	570	113	808080
	547	213	d0d0d0
	478	137	b0b0b0
	234	201	
	433	51	808080
	129	96	
	556	203	b0b0b0
	403	27	
	567	113	808080
	258	126	d0d0d0
	571	305	808080
	575	284	
	365	216	
	569	286	b0b0b0
	598	173	808080
	457	432	
	256	469	b0b0b0
	210	55	
	448	7	
	166	294	
	549	76	
	570	43	
	310	125	d0d0d0
	194	161	808080
	252	61	b0b0b0
	450	103	
	516	4	808080
	245	441	d0d0d0
	283	106	b0b0b0
	493	313	d0d0d0
	293	457	
	576	182	808080
	270	238	d0d0d0
	191	129	808080
	353	6	
line	255	0	255	415	002850
	407		407		005000
	559		559		002850
	128	30	608	30	
		182		182	
		334		334	
triangle	349	234	357	242	00c000
	199	251	209	261	
	194	244	202	252	
	330	229	338	237	
	226	232	234	240	
	223	252	231	260	
plus	525	217	533	225	c00000
triangle	537	210	543	216	c00000
diamond	265	244	283	262	00c000
triangle	362	234	372	244	00c000
	609	139	615	145	c00000
dither	274	263	350	280	303000
crop	278	267	285	278	16	44	000000	/fonts/tactical
	285		292		8	66		
	292		299		32	77		
	299		306					
	306		313		96	66		
	313		320		40			
	320		327		24	77		
	327		334		64	66		
	334		341		72			
	341		348		0	77		
	277	266	284	277	16	44	ffff00	
	284		291		8	66		
	291		298		32	77		
	298		305					
	305		312		96	66		
	312		319		40			
	319		326		24	77		
	326		333		64	66		
	333		340		72			
	340		347		0	77		
rect	128	415	608	480	007fff
		416		479	000810
	132	420	139	431	007fff
	139		146		
	146		153		
	153		160		
	160		167		
	167		174		
	174		181		
	181		188		
	188		195		
	195		202		
	202		209		
	209		216		
	216		223		
	223		230		
	230		237		
	237		244		
	244		251		
	251		258		
	258		265		
	265		272		
	272		279		
	279		286		
	286		293		
	293		300		000810
	300		307		
	307		314		
	314		321		
	321		328		
	328		335		
	335		342		
	342		349		
	349		356		
	356		363		
	363		370		
	370		377		
	377		384		
	384		391		
	391		398		
	398		405		
	405		412		
	412		419		
	419		426		
	426		433		
	433		440		
	440		447		
	447		454		
	454		461		
	461		468		
	468		475		
	475		482		
	482		489		
	489		496		
	496		503		
	503		510		
	510		604		
	132	431	139	442	
	139		146		
	146		153		
	153		160		
	160		167		
	167		174		
	174		181		
	181		188		
	188		195		
	195		202		
	202		209		
	209		216		
	216		223		
	223		230		
	230		237		
	237		244		
	244		251		
	251		258		
	258		265		
	265		272		
	272		279		
	279		286		
	286		293		
	293		300		
	300		307		
	307		314		
	314		321		
	321		328		
	328		335		
	335		342		
	342		349		
	349		356		
	356		363		
	363		370		
	370		377		
	377		384		
	384		604		
	132	442	139	453	
	139		146		
	146		153		
	153		160		
	160		167		
	167		174		
	174		181		
	181		188		
	188		195		
	195		202		
	202		209		
	209		216		
	216		223		
	223		230		
	230		237		
	237		244		
	244		251		
	251		258		
	258		265		
	265		272		
	272		279		
	279		286		
	286		293		
	293		300		
	300		307		
	307		314		
	314		321		
	321		328		
	328		335		
	335		342		
	342		349		
	349		356		
	356		363		
	363		370		
	370		377		
	377		384		
	384		391		
	391		398		
	398		405		
	405		412		
	412		419		
	419		426		
	426		433		
	433		440		
	440		447		
	447		454		
	454		461		
	461		468		
	468		475		
	475		482		
	482		489		
	489		496		
	496		503		
	503		510		
	510		517		
	517		524		
	524		531		
	531		538		
	538		545		
	545		552		
	132	453	139	464	
	139		146		
	146		153		
	153		160		
	160		167		
	167		174		
	174		181		
	181		188		
	188		195		
	195		202		
	202		209		
	209		216		
	216		223		
	223		230		
	230		237		
	237		244		
	244		251		
	251		258		
	258		265		
	265		272		
	272		279		
	279		286		
	286		293		
	293		300		
	300		307		
	307		314		
	314		321		
	321		328		
	328		335		
	335		342		
	342		349		
	349		356		
	356		363		
	363		370		
	370		377		
	377		384		
	384		391		
	391		398		
	398		405		
	405		412		
	412		419		
	419		426		
	426		433		
	433		440		
	440		447		
	447		454		
	454		461		
	461		468		
	468		475		
	475		482		
	482		489		
	489		496		
	496		503		
	503		510		
	510		517		
	517		524		
	524		531		
	531		538		
	538		545		
	545		552		
	552		559		
	559		566		
	566		573		
	573		580		
	580		587		
	587		594		
	132	464	139	475	007fff
	139		146		
	146		153		
	153		160		
	160		167		
	167		174		000810
	174		604		
crop	139	420	146	431	72	44	000810	/fonts/tactical
	146		153		112			
	153		160		24			
	160		167		120			
	167		174		104			
	174		181		72			
	181		188		112			
	188		195		56			
	202		209		32	55		
	209		216		16			
	216		223		8	44		
	223		230		112			
	230		237		24	55		
	237		244		104	44		
	244		251		72			
	251		258		24	55		
	258		265					
	265		272		72	44		
	272		279		120			
	279		286		112			
	300		307		24	55	007fff	
	307		314		40	44		
	314		321		24			
	321		328		40	55		
	328		335		16			
	335		342		40	44		
	349		356		88			
	356		363		40			
	363		370		72	55		
	377		384		120	44		
	384		391		88			
	398		405		104	22		
	412		419		112	44		
	419		426		56	55		
	426		433		24	33		
	440		447		32	55		
	447		454		72	44		
	454		461		56			
	461		468		64			
	468		475		32	55		
	482		489		16	44		
	489		496		40			
	496		503		8			
	503		510		104			
	132	431	139	442	24	55		
	139		146		120	44		
	146		153		40	55		
	153		160		16			
	160		167		24	44		
	167		174		40			
	174		181		80	33		
	188		195		64	44		
	195		202		40	77		
	202		209		104	66		
	209		216		8			
	216		223		112			
	223		230		120	22		
	230		237		72	44		
	237		244		24	77		
	244		251		64	66		
	251		258		72			
	258		265		104			
	265		272		8			
	272		279		112			
	286		293		24	44		
	293		300		120	66		
	300		307					
	307		314		16	77		
	314		321		32	66		
	321		328		112	22		
	335		342		24	44		
	342		349		120	66		
	349		356		112			
	356		363		32	77		
	363		370		16			
	370		377		120	66		
	377		384		96			
	132	442	139	453	24	44		
	139		146		120	66		
	146		153		112			
	153		160		24	77		
	160		167		32			
	167		174		16			
	174		181		40			
	181		188		24	66		
	188		195		32	77		
	195		202		72	66		
	202		209		120			
	209		216		112			
	223		230		120			
	230		237		112			
	244		251		32	77		
	251		258		64	66		
	258		265		40			
	272		279		120	44		
	279		286		16	66		
	286		293		72			
	293		300		24	77		
	300		307		64	66		
	314		321		32			
	321		328		40			
	328		335		24	77		
	335		342		32			
	342		349		16			
	349		356		120	66		
	356		363		72	77		
	363		370		40	66		
	370		377		16	77		
	384		391		64	66		
	391		398		8			
	398		405		24	77		
	412		419		16	66		
	419		426		40			
	426		433					
	433		440		112			
	447		454		24			
	454		461		120			
	461		468		104			
	468		475		0	77		
	475		482		96	66		
	482		489		40			
	489		496		32	77		
	496		503		40	66		
	503		510		32			
	510		517		112	22		
	524		531		32	55		
	531		538		64	66		
	538		545		40			
	132	453	139	464	32			
	139		146		40			
	146		153		24	77		
	153		160		32			
	160		167		16			
	167		174		120	66		
	174		181		72	77		
	181		188		40	66		
	188		195		16	77		
	202		209		72	66		
	209		216		24	77		
	223		230		8	66		
	230		237		48	77		
	237		244		8	66		
	244		251		72			
	251		258		96			
	258		265		8			
	265		272		16			
	272		279		96			
	279		286		40			
	293		300		48			
	300		307		120			
	307		314		16	77		
	321		328		72			
	328		335		120	66		
	335		342		40	77		
	342		349		16			
	356		363		40			
	363		370		24			
	370		377		40	66		
	384		391		8			
	391		398		32	77		
	405		412					
	412		419		64	66		
	419		426		40			
	433		440		48	44		
	440		447		8	66		
	447		454		112			
	454		461		24	77		
	461		468		72	66		
	475		482		120	44		
	482		489		16	77		
	489		496			66		
	496		503		72			
	503		510		32	77		
	510		517		8	66		
	517		524		96			
	531		538		24	55		
	538		545		64	66		
	545		552		72			
	552		559		0	77		
	559		566		72			
	566		573		8	66		
	573		580		16	77		
	580		587		32	66		
	587		594		112	22		
	132	464	139	475	96	33	000810	
	139		146		40	44		
	146		153		120			
	153		160		32	55		
	160		167		112	33		
line	566	245	553	237	489048
			552	252	
	553	237			204020
draw	0	0	128	480	/pictures/501.png
	608		640		/pictures/512.png
line	614	409	614	359	00488f
		359	622		
	622			409	002850
		409	614		
rect	615	360	622	409	003870
line	614	456	614	410	007fff
		410	622		
	622			456	00488f
		456	614		
rect	615	411	622	456	0070e0
line	614	248	614	231	909048
		231	622		
	622			248	505028
		248	614		
rect	615	232	622	248	707038
line	614	328	614	249	ffff7f
		249	622		
	622			328	909048
		328	614		
rect	615	250	622	328	e0e070
line	614	147	614	103	904848
		103	622		
	622			147	502828
		147	614		
rect	615	104	622	147	703838
line	614	200	614	148	ff7f7f
		148	622		
	622			200	904848
		200	614		
rect	615	149	622	200	e07070
line	618	8	629	8	90488f
			618	9	
	629		629		
	618	36		36	
			618	35	
	629		629		
rect	620	10	628	35	703870
		35			c060c0
	634	49	636	52	7fff7f
		53		56	60c060
		57		60	
		61		64	
		65		68	
		69		72	7fff7f
		73		76	60c060
		77		80	
		81		84	
		85		88	
		89		92	007fff
		93		96	0060c0
		97		100	
		101		104	
		105		108	
		109		112	183018
		113		116	
		117		120	
		121		124	
		125		128	
		129		132	
		133		136	
		137		140	
		141		144	
		145		148	
		149		152	
		153		156	
		157		160	
		161		164	
		165		168	
		169		172	
		173		176	
		177		180	
		181		184	
		185		188	
		189		192	
		193		196	
		197		200	
		201		204	
		205		208	
		209		212	
		213		216	
		217		220	
		221		224	
		225		228	
		229		232	
		233		236	
		237		240	
		241		244	
		245		248	
		249		252	
		253		256	
		257		260	
		261		264	
		265		268	
		269		272	
		273		276	
		277		280	
		281		284	
		285		288	
		289		292	
		293		296	
		297		300	
		301		304	
		305		308	
		309		312	
		313		316	
		317		320	
		321		324	
		325		328	
		329		332	
		333		336	
		337		340	
		341		344	
		345		348	
		349		352	
		353		356	
		357		360	
		361		364	
		365		368	
		369		372	
		373		376	
		377		380	
		381		384	
		385		388	
		389		392	
		393		396	
		397		400	
		401		404	
		405		408	
		409		412	
		413		416	
		417		420	
		421		424	
		425		428	
		429		432	
		433		436	
		437		440	
		441		444	
		445		448	
	621	52	631	56	303000
		57		61	
		62		66	
		67		71	
		72		76	
		77		81	
		82		86	
	7	7	115	115	00ff00
	8	8	114	114	001000
					003000
point	58	61	00e000
	17	65	
	16	63	
	104	57	
	52	60	
	36	64	
	25	61	
	107	54	
	23	65	
rect	12	320	121	440	001000
crop	15	320	21	332	16	48	00ff00	/fonts/computer
	21		27		40	60		
	27		33		72	48		
	33		39		96			
	39		45		32			
	45		51		0	24		
	51		57		24	60		
	57		63		64	48		
	63		69		72			
	69		75		0	60		
	75		81		24			
line	12	342	119	342	009000
crop	15	332	21	344	48	48	00ff00	/fonts/computer
	21		27		8	72		
	27		33		112			
	33		39		24	84		
	39		45		72	72		
	45		51		0	24		
	51		57		8	48		
	57		63		96	72		
	63		69		0	84		
	69		75		64	72		
	75		81		8			
	15	344	21	356	48	48		
	21		27		72	72		
	27		33		56			
	33		39		64			
	39		45		32	84		
	45		51		40	72		
	51		57		16	84		
line	12	367	12	356	009000
		356	120		
	120			367	005000
		367	12		
rect	13	357	120	367	007000
crop	15	356	21	368	24	48	00ff00	/fonts/computer
	21		27		16	84		
	27		33		40			
	33		39		72	72		
	39		45		24	84		
	45		51		40	72		
	51		57		16	84		
	15	368	21	380	56	48		
	21		27		40	84		
	27		33		112	72		
	33		39		24	84		
	39		45		64	72		
	45		51		72			
	51		57		0	84		
	15	380	21	392	32	60		
	21		27		16	84		
	27		33		8	72		
	33		39		112			
	39		45		24	84		
	45		51		0			
	51		57		120	72		
	57		63		16	84		
	63		69		32			
	15	392	21	404	40	48		
	21		27		112	72		
	27		33		56			
	33		39		72			
	39		45		112			
	45		51		40			
	51		57					
	57		63		16	84		
	63		69		0	24		
	69		75			60		
	75		81		120	72		
	81		87		32			
	15	404	21	416	8	48		
	21		27		24	84		
	27		33					
	33		39		8	72		
	39		45		40	84		
	45		51		96	72		
	51		57		32	84		
	57		63		0	24		
	63		69		32	60		
	69		75		16	84		
	75		81		8	72		
	81		87		112			
	87		93		24	84		
	93		99		0			
	99		105		120	72		
	105		111		16	84		
	111		117		32			
line	12	438	119	438	009000
rect	16	450	114	475	001010
line	17	461	17	450	00c0c0
		450	43		
	43			461	007070
		461	17		
rect	18	451	43	461	009090
crop	19	450	25	462	16	60	00ffff	/fonts/computer
	25		31		56	48		
	31		37		64			
	37		43		32	60		
	43		49		0	24		
	49		55		16	48		
	55		61		40	84		
	61		67		72	72		
	67		73		96			
	73		79		32			
line	17	473	17	462	00c0c0
		462	43		
	43			473	007070
		473	17		
rect	18	463	43	473	009090
crop	19	462	25	474	96	48	00ffff	/fonts/computer
	25		31		40			
	31		37		48			
	37		43		32	60		
	43		49		0	24		
	49		55		104	48		
	55		61		8	72		
	61		67		72			
	67		73		112			
	73		79		0	24		
	79		85		104	48		
	85		91		40	72		
	91		97		112			
	97		103		40	84		
line	12	191	12	180	ffff00
		180	120		
	120			191	909000
		191	12		
rect	13	181	120	191	c0c000
crop	15	180	21	192	24	48	000000	/fonts/computer
	21		27		120			
	27		33		112			
	33		39		32	60		
	39		45		16			
	45		51		120	48		
	51		57		96			
	15	192	21	204	16		7fff7f	
	21		27		32	60		
	27		33					
	33		39		96	48		
	39		45		24	60		
	45		51		64	48		
	51		57		72			
	57		63		0	60		
draw	18	206	32	224	/sprites/636.SMIV/0
line	14	204	35	204	489048
			14	205	
	35		35		
	14	225		225	
			14	224	
	35		35		
rect	42	206	49	207	003870
		207		224	0060c0
line	40	204	50	204	00488f
			40	205	
	50		50		
	40	225		225	
			40	224	
	50		50		
rect	55	206	62	211	707000
		211		224	c0c000
line	53	204	63	204	909000
			53	205	
	63		63		
	53	225		225	
			53	224	
	63		63		
crop	69	204	75	216	24	48	7fff7f	/fonts/computer
	75		81		104			
	81		87		72			
	87		93		24	60		
	93		99					
	99		105		72	48		
	105		111		96			
	111		117		40			
	69	216	75	228	32	60		
	75		81		56			
	81		87		112	48		
	87		93		0	60		
	93		99					
	99		105		40			
	105		111		96	48		
	111		117		24	60		
	12	228	18	240	56	48	00ff00	
	18		24		40	84		
	24		30		112	72		
	30		36		24	84		
	36		42		64	72		
	42		48		72			
	48		54		0	84		
line	12	263	12	252	007fff
		252	120		
	120			263	00488f
		263	12		
rect	13	253	120	263	0060c0
crop	15	252	21	264	32	60	000000	/fonts/computer
	21		27		8	48		
	27		33		16	60		
	33		39		56	48		
	39		45		40			
	45		51		32	60		
	15	264	21	276	56	48	7fff7f	
	21		27		40	60		
	27		33		112	48		
	33		39		24	60		
	39		45		64	48		
	45		51		72			
	51		57		0	60		
draw	16	280	34	294	/sprites/509.SMIV/0
line	14	276	35	276	489048
			14	277	
	35		35		
	14	297		297	
			14	296	
	35		35		
rect	42	278	49	288	003870
		288		296	0060c0
line	40	276	50	276	00488f
			40	277	
	50		50		
	40	297		297	
			40	296	
	50		50		
rect	55	278	62	282	707000
		282		296	c0c000
line	53	276	63	276	909000
			53	277	
	63		63		
	53	297		297	
			53	296	
	63		63		
crop	69	276	75	288	0	60	7fff7f	/fonts/computer
	75		81		88	48		
	81		87		16			
	87		93		40			
	93		99		8			
	99		105		104			
	105		111		0	24		
	111		117		8	36		
	69	288	75	300	96	48		
	75		81		16			
	81		87		40			
	87		93		8			
	93		99		104			
	99		105		0	24		
	105		111		8	36		
