point	319	99	808080
	192	69	d0d0d0
	261	84	b0b0b0
	510	274	
	468	432	808080
	164	398	
	466	354	
	539	379	
	439	342	
	432	284	d0d0d0
	315	337	
	547	31	
	400	137	808080
	261	250	d0d0d0
	412	262	808080
	183	339	
	352	345	d0d0d0
	518	77	808080
	596	370	
	543	389	b0b0b0
	242	4	
	194	338	808080
	562	217	d0d0d0
	451	277	808080
	246	131	
	417	158	
	340	299	
	501	323	d0d0d0
	204	111	
	141	254	
	456	275	808080
	521	389	b0b0b0
	590	8	808080
	267	279	b0b0b0
	476	70	808080
	300	457	b0b0b0
	490	147	808080
	218	70	
	289	222	d0d0d0
	312	107	808080
	466	175	
	494	218	
	131	161	
	449	84	d0d0d0
	553	40	
	332	218	808080
	267	80	b0b0b0
	305	420	808080
	435	88	
	317	113	
	408	330	d0d0d0
	377	201	b0b0b0
	221	104	
	137	426	d0d0d0
	418	275	b0b0b0
	228	84	d0d0d0
	162	166	808080
	591	108	b0b0b0
	517	57	
	285	36	808080
	603	28	d0d0d0
	245	414	
	275	211	808080
	216	213	
	570	152	
	498	75	
	159	213	
	583	20	d0d0d0
	170	247	808080
	299	133	d0d0d0
	305	54	b0b0b0
	267	310	808080
	525	425	b0b0b0
	270	416	808080
	283	234	d0d0d0
	400	159	
	567	61	808080
	314	104	
	497	392	b0b0b0
	200	-1	808080
	153	183	b0b0b0
	324	429	d0d0d0
	531	370	808080
	274	387	
	288	22	
	448	341	b0b0b0
	583	243	808080
	158	191	
	529	180	d0d0d0
	264	10	b0b0b0
	366	130	808080
	139	247	d0d0d0
	172	162	b0b0b0
	341	333	d0d0d0
	229	68	808080
	404	344	
	250	228	b0b0b0
	586	310	808080
	364	130	
	599	428	
	367	322	
	371	300	
	161	233	
	263	311	b0b0b0
	395	190	808080
	253	448	
	371	303	d0d0d0
	309	139	
	142	32	b0b0b0
	428	303	808080
	242	101	b0b0b0
	264	68	
	380	252	d0d0d0
	334	46	
	424	232	b0b0b0
	144	128	
	312	21	808080
	460	201	
	505	149	
	574	7	b0b0b0
	424	275	
	373	198	808080
	473	170	
	466	224	
	149	23	
	300	490	b05800
	219	451	
	300	446	
	270	501	
	244	444	
		438	
	232	506	
	272	439	
	300	459	
	293	492	
line	468	0	468	415	000050
	128	90	608	90	
static	209	389	230	408	ffffff	80	/sprites/501.SMIV/20
draw	289	316	310	334	/sprites/501.SMIV/16
	27	392	46	409	/sprites/501.SMIV/12
	102	372	131	383	/sprites/642.SMIV/17
	164	395	172	403	/sprites/512.SMIV/12
	192	181	262	240	/sprites/636.SMIV/9
	353	225	382	252	/sprites/509.SMIV/13
	313	432	326	440	/sprites/547.SMIV/1
	219	409	227	418	/sprites/554.SMIV/4
	466	376	476	379	/sprites/528.SMIV/7
	221	225	234	234	/sprites/547.SMIV/4
	307	433	320	442	
	241	383	249	387	/sprites/503.SMIV/16
	221	222	231	234	/sprites/547.SMIV/0
dither	231	230	307	247	303000
crop	235	234	242	245	16	44	000000	/fonts/tactical
	242		249		8	66		
	249		256		32	77		
	256		263					
	263		270		96	66		
	270		277		40			
	277		284		24	77		
	284		291		64	66		
	291		298		72			
	298		305		0	77		
	234	233	241	244	16	44	ffff00	
	241		248		8	66		
	248		255		32	77		
	255		262					
	262		269		96	66		
	269		276		40			
	276		283		24	77		
	283		290		64	66		
	290		297		72			
	297		304		0	77		
rect	128	415	608	480	007fff
		416		479	000810
	132	420	139	431	007fff
crop	132	420	139	431	0	22	000810	/fonts/tactical
rect	139	420	146	431	007fff
crop	139	420	146	431	72	44	000810	/fonts/tactical
rect	146	420	153	431	007fff
crop	146	420	153	431	112	44	000810	/fonts/tactical
rect	153	420	160	431	007fff
crop	153	420	160	431	24	44	000810	/fonts/tactical
rect	160	420	167	431	007fff
crop	160	420	167	431	120	44	000810	/fonts/tactical
rect	167	420	174	431	007fff
crop	167	420	174	431	104	44	000810	/fonts/tactical
rect	174	420	181	431	007fff
crop	174	420	181	431	72	44	000810	/fonts/tactical
rect	181	420	188	431	007fff
crop	181	420	188	431	112	44	000810	/fonts/tactical
rect	188	420	195	431	007fff
crop	188	420	195	431	56	44	000810	/fonts/tactical
rect	195	420	202	431	007fff
crop	195	420	202	431	0	22	000810	/fonts/tactical
rect	202	420	209	431	007fff
crop	202	420	209	431	32	55	000810	/fonts/tactical
rect	209	420	216	431	007fff
crop	209	420	216	431	16	55	000810	/fonts/tactical
rect	216	420	223	431	007fff
crop	216	420	223	431	8	44	000810	/fonts/tactical
rect	223	420	230	431	007fff
crop	223	420	230	431	112	44	000810	/fonts/tactical
rect	230	420	237	431	007fff
crop	230	420	237	431	24	55	000810	/fonts/tactical
rect	237	420	244	431	007fff
crop	237	420	244	431	104	44	000810	/fonts/tactical
rect	244	420	251	431	007fff
crop	244	420	251	431	72	44	000810	/fonts/tactical
rect	251	420	258	431	007fff
crop	251	420	258	431	24	55	000810	/fonts/tactical
rect	258	420	265	431	007fff
crop	258	420	265	431	24	55	000810	/fonts/tactical
rect	265	420	272	431	007fff
crop	265	420	272	431	72	44	000810	/fonts/tactical
rect	272	420	279	431	007fff
crop	272	420	279	431	120	44	000810	/fonts/tactical
rect	279	420	286	431	007fff
crop	279	420	286	431	112	44	000810	/fonts/tactical
rect	286	420	293	431	007fff
crop	286	420	293	431	0	22	000810	/fonts/tactical
rect	293	420	300	431	000810
crop	293	420	300	431	0	22	007fff	/fonts/tactical
rect	300	420	307	431	000810
crop	300	420	307	431	24	55	007fff	/fonts/tactical
rect	307	420	314	431	000810
crop	307	420	314	431	40	44	007fff	/fonts/tactical
rect	314	420	321	431	000810
crop	314	420	321	431	24	44	007fff	/fonts/tactical
rect	321	420	328	431	000810
crop	321	420	328	431	40	55	007fff	/fonts/tactical
rect	328	420	335	431	000810
crop	328	420	335	431	16	55	007fff	/fonts/tactical
rect	335	420	342	431	000810
crop	335	420	342	431	40	44	007fff	/fonts/tactical
rect	342	420	349	431	000810
crop	342	420	349	431	0	22	007fff	/fonts/tactical
rect	349	420	356	431	000810
crop	349	420	356	431	88	44	007fff	/fonts/tactical
rect	356	420	363	431	000810
crop	356	420	363	431	40	44	007fff	/fonts/tactical
rect	363	420	370	431	000810
crop	363	420	370	431	72	55	007fff	/fonts/tactical
rect	370	420	377	431	000810
crop	370	420	377	431	0	22	007fff	/fonts/tactical
rect	377	420	384	431	000810
crop	377	420	384	431	120	44	007fff	/fonts/tactical
rect	384	420	391	431	000810
crop	384	420	391	431	88	44	007fff	/fonts/tactical
rect	391	420	398	431	000810
crop	391	420	398	431	0	22	007fff	/fonts/tactical
rect	398	420	405	431	000810
crop	398	420	405	431	104	22	007fff	/fonts/tactical
rect	405	420	412	431	000810
crop	405	420	412	431	0	22	007fff	/fonts/tactical
rect	412	420	419	431	000810
crop	412	420	419	431	112	44	007fff	/fonts/tactical
rect	419	420	426	431	000810
crop	419	420	426	431	56	55	007fff	/fonts/tactical
rect	426	420	433	431	000810
crop	426	420	433	431	24	33	007fff	/fonts/tactical
rect	433	420	440	431	000810
crop	433	420	440	431	0	22	007fff	/fonts/tactical
rect	440	420	447	431	000810
crop	440	420	447	431	32	55	007fff	/fonts/tactical
rect	447	420	454	431	000810
crop	447	420	454	431	72	44	007fff	/fonts/tactical
rect	454	420	461	431	000810
crop	454	420	461	431	56	44	007fff	/fonts/tactical
rect	461	420	468	431	000810
crop	461	420	468	431	64	44	007fff	/fonts/tactical
rect	468	420	475	431	000810
crop	468	420	475	431	32	55	007fff	/fonts/tactical
rect	475	420	482	431	000810
crop	475	420	482	431	0	22	007fff	/fonts/tactical
rect	482	420	489	431	000810
crop	482	420	489	431	16	44	007fff	/fonts/tactical
rect	489	420	496	431	000810
crop	489	420	496	431	40	44	007fff	/fonts/tactical
rect	496	420	503	431	000810
crop	496	420	503	431	8	44	007fff	/fonts/tactical
rect	503	420	510	431	000810
crop	503	420	510	431	104	44	007fff	/fonts/tactical
rect	510	420	604	431	000810
	132	431	139	442	
crop	132	431	139	442	24	55	007fff	/fonts/tactical
rect	139	431	146	442	000810
crop	139	431	146	442	120	44	007fff	/fonts/tactical
rect	146	431	153	442	000810
crop	146	431	153	442	40	55	007fff	/fonts/tactical
rect	153	431	160	442	000810
crop	153	431	160	442	16	55	007fff	/fonts/tactical
rect	160	431	167	442	000810
crop	160	431	167	442	24	44	007fff	/fonts/tactical
rect	167	431	174	442	000810
crop	167	431	174	442	40	44	007fff	/fonts/tactical
rect	174	431	181	442	000810
crop	174	431	181	442	80	33	007fff	/fonts/tactical
rect	181	431	188	442	000810
crop	181	431	188	442	0	22	007fff	/fonts/tactical
rect	188	431	195	442	000810
crop	188	431	195	442	64	44	007fff	/fonts/tactical
rect	195	431	202	442	000810
crop	195	431	202	442	40	77	007fff	/fonts/tactical
rect	202	431	209	442	000810
crop	202	431	209	442	104	66	007fff	/fonts/tactical
rect	209	431	216	442	000810
crop	209	431	216	442	8	66	007fff	/fonts/tactical
rect	216	431	223	442	000810
crop	216	431	223	442	112	66	007fff	/fonts/tactical
rect	223	431	230	442	000810
crop	223	431	230	442	120	22	007fff	/fonts/tactical
rect	230	431	237	442	000810
crop	230	431	237	442	72	44	007fff	/fonts/tactical
rect	237	431	244	442	000810
crop	237	431	244	442	24	77	007fff	/fonts/tactical
rect	244	431	251	442	000810
crop	244	431	251	442	64	66	007fff	/fonts/tactical
rect	251	431	258	442	000810
crop	251	431	258	442	72	66	007fff	/fonts/tactical
rect	258	431	265	442	000810
crop	258	431	265	442	104	66	007fff	/fonts/tactical
rect	265	431	272	442	000810
crop	265	431	272	442	8	66	007fff	/fonts/tactical
rect	272	431	279	442	000810
crop	272	431	279	442	112	66	007fff	/fonts/tactical
rect	279	431	286	442	000810
crop	279	431	286	442	0	22	007fff	/fonts/tactical
rect	286	431	293	442	000810
crop	286	431	293	442	24	44	007fff	/fonts/tactical
rect	293	431	300	442	000810
crop	293	431	300	442	120	66	007fff	/fonts/tactical
rect	300	431	307	442	000810
crop	300	431	307	442	120	66	007fff	/fonts/tactical
rect	307	431	314	442	000810
crop	307	431	314	442	16	77	007fff	/fonts/tactical
rect	314	431	321	442	000810
crop	314	431	321	442	32	66	007fff	/fonts/tactical
rect	321	431	328	442	000810
crop	321	431	328	442	112	22	007fff	/fonts/tactical
rect	328	431	335	442	000810
crop	328	431	335	442	0	22	007fff	/fonts/tactical
rect	335	431	342	442	000810
crop	335	431	342	442	24	44	007fff	/fonts/tactical
rect	342	431	349	442	000810
crop	342	431	349	442	120	66	007fff	/fonts/tactical
rect	349	431	356	442	000810
crop	349	431	356	442	112	66	007fff	/fonts/tactical
rect	356	431	363	442	000810
crop	356	431	363	442	32	77	007fff	/fonts/tactical
rect	363	431	370	442	000810
crop	363	431	370	442	16	77	007fff	/fonts/tactical
rect	370	431	377	442	000810
crop	370	431	377	442	120	66	007fff	/fonts/tactical
rect	377	431	384	442	000810
crop	377	431	384	442	96	66	007fff	/fonts/tactical
rect	384	431	604	442	000810
	132	442	139	453	
crop	132	442	139	453	24	44	007fff	/fonts/tactical
rect	139	442	146	453	000810
crop	139	442	146	453	120	66	007fff	/fonts/tactical
rect	146	442	153	453	000810
crop	146	442	153	453	112	66	007fff	/fonts/tactical
rect	153	442	160	453	000810
crop	153	442	160	453	24	77	007fff	/fonts/tactical
rect	160	442	167	453	000810
crop	160	442	167	453	32	77	007fff	/fonts/tactical
rect	167	442	174	453	000810
crop	167	442	174	453	16	77	007fff	/fonts/tactical
rect	174	442	181	453	000810
crop	174	442	181	453	40	77	007fff	/fonts/tactical
rect	181	442	188	453	000810
crop	181	442	188	453	24	66	007fff	/fonts/tactical
rect	188	442	195	453	000810
crop	188	442	195	453	32	77	007fff	/fonts/tactical
rect	195	442	202	453	000810
crop	195	442	202	453	72	66	007fff	/fonts/tactical
rect	202	442	209	453	000810
crop	202	442	209	453	120	66	007fff	/fonts/tactical
rect	209	442	216	453	000810
crop	209	442	216	453	112	66	007fff	/fonts/tactical
rect	216	442	223	453	000810
crop	216	442	223	453	0	22	007fff	/fonts/tactical
rect	223	442	230	453	000810
crop	223	442	230	453	120	66	007fff	/fonts/tactical
rect	230	442	237	453	000810
crop	230	442	237	453	112	66	007fff	/fonts/tactical
rect	237	442	244	453	000810
crop	237	442	244	453	0	22	007fff	/fonts/tactical
rect	244	442	251	453	000810
crop	244	442	251	453	32	77	007fff	/fonts/tactical
rect	251	442	258	453	000810
crop	251	442	258	453	64	66	007fff	/fonts/tactical
rect	258	442	265	453	000810
crop	258	442	265	453	40	66	007fff	/fonts/tactical
rect	265	442	272	453	000810
crop	265	442	272	453	0	22	007fff	/fonts/tactical
rect	272	442	279	453	000810
crop	272	442	279	453	120	44	007fff	/fonts/tactical
rect	279	442	286	453	000810
crop	279	442	286	453	16	66	007fff	/fonts/tactical
rect	286	442	293	453	000810
crop	286	442	293	453	72	66	007fff	/fonts/tactical
rect	293	442	300	453	000810
crop	293	442	300	453	24	77	007fff	/fonts/tactical
rect	300	442	307	453	000810
crop	300	442	307	453	64	66	007fff	/fonts/tactical
rect	307	442	314	453	000810
crop	307	442	314	453	0	22	007fff	/fonts/tactical
rect	314	442	321	453	000810
crop	314	442	321	453	32	66	007fff	/fonts/tactical
rect	321	442	328	453	000810
crop	321	442	328	453	40	66	007fff	/fonts/tactical
rect	328	442	335	453	000810
crop	328	442	335	453	24	77	007fff	/fonts/tactical
rect	335	442	342	453	000810
crop	335	442	342	453	32	77	007fff	/fonts/tactical
rect	342	442	349	453	000810
crop	342	442	349	453	16	77	007fff	/fonts/tactical
rect	349	442	356	453	000810
crop	349	442	356	453	120	66	007fff	/fonts/tactical
rect	356	442	363	453	000810
crop	356	442	363	453	72	77	007fff	/fonts/tactical
rect	363	442	370	453	000810
crop	363	442	370	453	40	66	007fff	/fonts/tactical
rect	370	442	377	453	000810
crop	370	442	377	453	16	77	007fff	/fonts/tactical
rect	377	442	384	453	000810
crop	377	442	384	453	0	22	007fff	/fonts/tactical
rect	384	442	391	453	000810
crop	384	442	391	453	64	66	007fff	/fonts/tactical
rect	391	442	398	453	000810
crop	391	442	398	453	8	66	007fff	/fonts/tactical
rect	398	442	405	453	000810
crop	398	442	405	453	24	77	007fff	/fonts/tactical
rect	405	442	412	453	000810
crop	405	442	412	453	0	22	007fff	/fonts/tactical
rect	412	442	419	453	000810
crop	412	442	419	453	16	66	007fff	/fonts/tactical
rect	419	442	426	453	000810
crop	419	442	426	453	40	66	007fff	/fonts/tactical
rect	426	442	433	453	000810
crop	426	442	433	453	40	66	007fff	/fonts/tactical
rect	433	442	440	453	000810
crop	433	442	440	453	112	66	007fff	/fonts/tactical
rect	440	442	447	453	000810
crop	440	442	447	453	0	22	007fff	/fonts/tactical
rect	447	442	454	453	000810
crop	447	442	454	453	24	66	007fff	/fonts/tactical
rect	454	442	461	453	000810
crop	454	442	461	453	120	66	007fff	/fonts/tactical
rect	461	442	468	453	000810
crop	461	442	468	453	104	66	007fff	/fonts/tactical
rect	468	442	475	453	000810
crop	468	442	475	453	0	77	007fff	/fonts/tactical
rect	475	442	482	453	000810
crop	475	442	482	453	96	66	007fff	/fonts/tactical
rect	482	442	489	453	000810
crop	482	442	489	453	40	66	007fff	/fonts/tactical
rect	489	442	496	453	000810
crop	489	442	496	453	32	77	007fff	/fonts/tactical
rect	496	442	503	453	000810
crop	496	442	503	453	40	66	007fff	/fonts/tactical
rect	503	442	510	453	000810
crop	503	442	510	453	32	66	007fff	/fonts/tactical
rect	510	442	517	453	000810
crop	510	442	517	453	112	22	007fff	/fonts/tactical
rect	517	442	524	453	000810
crop	517	442	524	453	0	22	007fff	/fonts/tactical
rect	524	442	531	453	000810
crop	524	442	531	453	32	55	007fff	/fonts/tactical
rect	531	442	538	453	000810
crop	531	442	538	453	64	66	007fff	/fonts/tactical
rect	538	442	545	453	000810
crop	538	442	545	453	40	66	007fff	/fonts/tactical
rect	545	442	552	453	000810
crop	545	442	552	453	0	22	007fff	/fonts/tactical
rect	132	453	139	464	000810
crop	132	453	139	464	32	66	007fff	/fonts/tactical
rect	139	453	146	464	000810
crop	139	453	146	464	40	66	007fff	/fonts/tactical
rect	146	453	153	464	000810
crop	146	453	153	464	24	77	007fff	/fonts/tactical
rect	153	453	160	464	000810
crop	153	453	160	464	32	77	007fff	/fonts/tactical
rect	160	453	167	464	000810
crop	160	453	167	464	16	77	007fff	/fonts/tactical
rect	167	453	174	464	000810
crop	167	453	174	464	120	66	007fff	/fonts/tactical
rect	174	453	181	464	000810
crop	174	453	181	464	72	77	007fff	/fonts/tactical
rect	181	453	188	464	000810
crop	181	453	188	464	40	66	007fff	/fonts/tactical
rect	188	453	195	464	000810
crop	188	453	195	464	16	77	007fff	/fonts/tactical
rect	195	453	202	464	000810
crop	195	453	202	464	0	22	007fff	/fonts/tactical
rect	202	453	209	464	000810
crop	202	453	209	464	72	66	007fff	/fonts/tactical
rect	209	453	216	464	000810
crop	209	453	216	464	24	77	007fff	/fonts/tactical
rect	216	453	223	464	000810
crop	216	453	223	464	0	22	007fff	/fonts/tactical
rect	223	453	230	464	000810
crop	223	453	230	464	8	66	007fff	/fonts/tactical
rect	230	453	237	464	000810
crop	230	453	237	464	48	77	007fff	/fonts/tactical
rect	237	453	244	464	000810
crop	237	453	244	464	8	66	007fff	/fonts/tactical
rect	244	453	251	464	000810
crop	244	453	251	464	72	66	007fff	/fonts/tactical
rect	251	453	258	464	000810
crop	251	453	258	464	96	66	007fff	/fonts/tactical
rect	258	453	265	464	000810
crop	258	453	265	464	8	66	007fff	/fonts/tactical
rect	265	453	272	464	000810
crop	265	453	272	464	16	66	007fff	/fonts/tactical
rect	272	453	279	464	000810
crop	272	453	279	464	96	66	007fff	/fonts/tactical
rect	279	453	286	464	000810
crop	279	453	286	464	40	66	007fff	/fonts/tactical
rect	286	453	293	464	000810
crop	286	453	293	464	0	22	007fff	/fonts/tactical
rect	293	453	300	464	000810
crop	293	453	300	464	48	66	007fff	/fonts/tactical
rect	300	453	307	464	000810
crop	300	453	307	464	120	66	007fff	/fonts/tactical
rect	307	453	314	464	000810
crop	307	453	314	464	16	77	007fff	/fonts/tactical
rect	314	453	321	464	000810
crop	314	453	321	464	0	22	007fff	/fonts/tactical
rect	321	453	328	464	000810
crop	321	453	328	464	72	77	007fff	/fonts/tactical
rect	328	453	335	464	000810
crop	328	453	335	464	120	66	007fff	/fonts/tactical
rect	335	453	342	464	000810
crop	335	453	342	464	40	77	007fff	/fonts/tactical
rect	342	453	349	464	000810
crop	342	453	349	464	16	77	007fff	/fonts/tactical
rect	349	453	356	464	000810
crop	349	453	356	464	0	22	007fff	/fonts/tactical
rect	356	453	363	464	000810
crop	356	453	363	464	40	77	007fff	/fonts/tactical
rect	363	453	370	464	000810
crop	363	453	370	464	24	77	007fff	/fonts/tactical
rect	370	453	377	464	000810
crop	370	453	377	464	40	66	007fff	/fonts/tactical
rect	377	453	384	464	000810
crop	377	453	384	464	0	22	007fff	/fonts/tactical
rect	384	453	391	464	000810
crop	384	453	391	464	8	66	007fff	/fonts/tactical
rect	391	453	398	464	000810
crop	391	453	398	464	32	77	007fff	/fonts/tactical
rect	398	453	405	464	000810
crop	398	453	405	464	0	22	007fff	/fonts/tactical
rect	405	453	412	464	000810
crop	405	453	412	464	32	77	007fff	/fonts/tactical
rect	412	453	419	464	000810
crop	412	453	419	464	64	66	007fff	/fonts/tactical
rect	419	453	426	464	000810
crop	419	453	426	464	40	66	007fff	/fonts/tactical
rect	426	453	433	464	000810
crop	426	453	433	464	0	22	007fff	/fonts/tactical
rect	433	453	440	464	000810
crop	433	453	440	464	48	44	007fff	/fonts/tactical
rect	440	453	447	464	000810
crop	440	453	447	464	8	66	007fff	/fonts/tactical
rect	447	453	454	464	000810
crop	447	453	454	464	112	66	007fff	/fonts/tactical
rect	454	453	461	464	000810
crop	454	453	461	464	24	77	007fff	/fonts/tactical
rect	461	453	468	464	000810
crop	461	453	468	464	72	66	007fff	/fonts/tactical
rect	468	453	475	464	000810
crop	468	453	475	464	0	22	007fff	/fonts/tactical
rect	475	453	482	464	000810
crop	475	453	482	464	120	44	007fff	/fonts/tactical
rect	482	453	489	464	000810
crop	482	453	489	464	16	77	007fff	/fonts/tactical
rect	489	453	496	464	000810
crop	489	453	496	464	16	66	007fff	/fonts/tactical
rect	496	453	503	464	000810
crop	496	453	503	464	72	66	007fff	/fonts/tactical
rect	503	453	510	464	000810
crop	503	453	510	464	32	77	007fff	/fonts/tactical
rect	510	453	517	464	000810
crop	510	453	517	464	8	66	007fff	/fonts/tactical
rect	517	453	524	464	000810
crop	517	453	524	464	96	66	007fff	/fonts/tactical
rect	524	453	531	464	000810
crop	524	453	531	464	0	22	007fff	/fonts/tactical
rect	531	453	538	464	000810
crop	531	453	538	464	24	55	007fff	/fonts/tactical
rect	538	453	545	464	000810
crop	538	453	545	464	64	66	007fff	/fonts/tactical
rect	545	453	552	464	000810
crop	545	453	552	464	72	66	007fff	/fonts/tactical
rect	552	453	559	464	000810
crop	552	453	559	464	0	77	007fff	/fonts/tactical
rect	559	453	566	464	000810
crop	559	453	566	464	72	77	007fff	/fonts/tactical
rect	566	453	573	464	000810
crop	566	453	573	464	8	66	007fff	/fonts/tactical
rect	573	453	580	464	000810
crop	573	453	580	464	16	77	007fff	/fonts/tactical
rect	580	453	587	464	000810
crop	580	453	587	464	32	66	007fff	/fonts/tactical
rect	587	453	594	464	000810
crop	587	453	594	464	112	22	007fff	/fonts/tactical
rect	132	464	139	475	007fff
crop	132	464	139	475	96	33	000810	/fonts/tactical
rect	139	464	146	475	007fff
crop	139	464	146	475	40	44	000810	/fonts/tactical
rect	146	464	153	475	007fff
crop	146	464	153	475	120	44	000810	/fonts/tactical
rect	153	464	160	475	007fff
crop	153	464	160	475	32	55	000810	/fonts/tactical
rect	160	464	167	475	007fff
crop	160	464	167	475	112	33	000810	/fonts/tactical
rect	167	464	174	475	000810
crop	167	464	174	475	0	22	007fff	/fonts/tactical
rect	174	464	604	475	000810
line	296	424	308	414	489048
			294	409	
	308	414			204020
draw	0	0	128	480	/pictures/501.png
	608		640		/pictures/512.png
line	614	410	614	359	00488f
		359	622		
	622			410	002850
		410	614		
rect	615	360	622	410	003870
line	614	456	614	411	007fff
		411	622		
	622			456	00488f
		456	614		
rect	615	412	622	456	0070e0
line	614	248	614	231	909048
		231	622		
	622			248	505028
		248	614		
rect	615	232	622	248	707038
line	614	328	614	249	ffff7f
		249	622		
	622			328	909048
		328	614		
rect	615	250	622	328	e0e070
line	614	150	614	103	904848
		103	622		
	622			150	502828
		150	614		
rect	615	104	622	150	703838
line	614	200	614	151	ff7f7f
		151	622		
	622			200	904848
		200	614		
rect	615	152	622	200	e07070
line	618	8	629	8	90488f
			618	9	
	629		629		
	618	36		36	
			618	35	
	629		629		
rect	620	10	628	35	703870
		26			c060c0
	634	49	636	52	7fff7f
		53		56	60c060
		57		60	
		61		64	
		65		68	
		69		72	904800
		73		76	703800
		77		80	
		81		84	
		85		88	
		89		92	904800
		93		96	183018
		97		100	
		101		104	
		105		108	
		109		112	
		113		116	
		117		120	
		121		124	
		125		128	
		129		132	
		133		136	
		137		140	
		141		144	
		145		148	
		149		152	
		153		156	
		157		160	
		161		164	
		165		168	
		169		172	
		173		176	
		177		180	
		181		184	
		185		188	
		189		192	
		193		196	
		197		200	
		201		204	
		205		208	
		209		212	
		213		216	
		217		220	
		221		224	
		225		228	
		229		232	
		233		236	
		237		240	
		241		244	
		245		248	
		249		252	
		253		256	
		257		260	
		261		264	
		265		268	
		269		272	
		273		276	
		277		280	
		281		284	
		285		288	
		289		292	
		293		296	
		297		300	
		301		304	
		305		308	
		309		312	
		313		316	
		317		320	
		321		324	
		325		328	
		329		332	
		333		336	
		337		340	
		341		344	
		345		348	
		349		352	
		353		356	
		357		360	
		361		364	
		365		368	
		369		372	
		373		376	
		377		380	
		381		384	
		385		388	
		389		392	
		393		396	
		397		400	
		401		404	
		405		408	
		409		412	
		413		416	
		417		420	
		421		424	
		425		428	
		429		432	
		433		436	
		437		440	
		441		444	
		445		448	
	621	52	631	56	303000
		57		61	
		62		66	
		67		71	
		72		76	
		77		81	
		82		86	
	7	7	115	115	00ff00
	8	8	114	114	001000
	55	55	67	67	003000
point	57	65	00e000
	60	66	
	46	61	
	29	63	
	63	64	
	54		
	60	66	
	57	61	
	60	63	
	57	61	
		66	
		61	
	38	62	
	56	65	
	58		
	52		
	106	35	
rect	12	320	121	440	001000
crop	15	320	21	332	16	48	00ff00	/fonts/computer
	21		27		40	60		
	27		33		72	48		
	33		39		96			
	39		45		32			
	45		51		0	24		
	51		57		24	60		
	57		63		64	48		
	63		69		72			
	69		75		0	60		
	75		81		24			
line	12	342	119	342	009000
crop	15	332	21	344	48	48	00ff00	/fonts/computer
	21		27		8	72		
	27		33		112			
	33		39		24	84		
	39		45		72	72		
	45		51		0	24		
	51		57		8	48		
	57		63		96	72		
	63		69		0	84		
	69		75		64	72		
	75		81		8			
	15	344	21	356	48	48		
	21		27		72	72		
	27		33		56			
	33		39		64			
	39		45		32	84		
	45		51		40	72		
	51		57		16	84		
	15	356	21	368	24	48		
	21		27		16	84		
	27		33		40			
	33		39		72	72		
	39		45		24	84		
	45		51		40	72		
	51		57		16	84		
line	12	379	12	368	009000
		368	120		
	120			379	005000
		379	12		
rect	13	369	120	379	007000
crop	15	368	21	380	56	48	003000	/fonts/computer
	21		27		40	84		
	27		33		112	72		
	33		39		24	84		
	39		45		64	72		
	45		51		72			
	51		57		0	84		
	15	380	21	392	32	60	00ff00	
	21		27		16	84		
	27		33		8	72		
	33		39		112			
	39		45		24	84		
	45		51		0			
	51		57		120	72		
	57		63		16	84		
	63		69		32			
	15	392	21	404	40	48		
	21		27		112	72		
	27		33		56			
	33		39		72			
	39		45		112			
	45		51		40			
	51		57					
	57		63		16	84		
	63		69		0	24		
	69		75			60		
	75		81		120	72		
	81		87		32			
	15	404	21	416	8	48	009000	
	21		27		24	84		
	27		33					
	33		39		8	72		
	39		45		40	84		
	45		51		96	72		
	51		57		32	84		
	57		63		0	24		
	63		69		32	60		
	69		75		16	84		
	75		81		8	72		
	81		87		112			
	87		93		24	84		
	93		99		0			
	99		105		120	72		
	105		111		16	84		
	111		117		32			
line	12	438	119	438	009000
rect	16	450	114	475	001010
line	17	461	17	450	00c0c0
		450	43		
	43			461	007070
		461	17		
rect	18	451	43	461	009090
crop	19	450	25	462	16	60	00ffff	/fonts/computer
	25		31		56	48		
	31		37		64			
	37		43		32	60		
	43		49		0	24		
	49		55		16	48		
	55		61		40	84		
	61		67		72	72		
	67		73		96			
	73		79		32			
line	17	473	17	462	00c0c0
		462	43		
	43			473	007070
		473	17		
rect	18	463	43	473	009090
crop	19	462	25	474	96	48	00ffff	/fonts/computer
	25		31		40			
	31		37		48			
	37		43		32	60		
	43		49		0	24		
	49		55		104	48		
	55		61		8	72		
	61		67		72			
	67		73		112			
	73		79		0	24		
	79		85		104	48		
	85		91		40	72		
	91		97		112			
	97		103		40	84		
line	12	191	12	180	ffff00
		180	120		
	120			191	909000
		191	12		
rect	13	181	120	191	c0c000
crop	15	180	21	192	24	48	000000	/fonts/computer
	21		27		120			
	27		33		112			
	33		39		32	60		
	39		45		16			
	45		51		120	48		
	51		57		96			
	15	192	21	204	16		7fff7f	
	21		27		32	60		
	27		33					
	33		39		96	48		
	39		45		24	60		
	45		51		64	48		
	51		57		72			
	57		63		0	60		
draw	18	206	32	224	/sprites/636.SMIV/0
line	14	204	35	204	489048
			14	205	
	35		35		
	14	225		225	
			14	224	
	35		35		
rect	42	206	49	207	003870
		207		224	0060c0
line	40	204	50	204	00488f
			40	205	
	50		50		
	40	225		225	
			40	224	
	50		50		
rect	55	206	62	211	707000
		211		224	c0c000
line	53	204	63	204	909000
			53	205	
	63		63		
	53	225		225	
			53	224	
	63		63		
crop	69	204	75	216	24	48	7fff7f	/fonts/computer
	75		81		104			
	81		87		72			
	87		93		24	60		
	93		99					
	99		105		72	48		
	105		111		96			
	111		117		40			
	69	216	75	228	32	60		
	75		81		56			
	81		87		112	48		
	87		93		0	60		
	93		99					
	99		105		40			
	105		111		96	48		
	111		117		24	60		
	12	228	18	240	56	48	00ff00	
	18		24		40	84		
	24		30		112	72		
	30		36		24	84		
	36		42		64	72		
	42		48		72			
	48		54		0	84		
line	12	263	12	252	007fff
		252	120		
	120			263	00488f
		263	12		
rect	13	253	120	263	0060c0
crop	15	252	21	264	32	60	000000	/fonts/computer
	21		27		8	48		
	27		33		16	60		
	33		39		56	48		
	39		45		40			
	45		51		32	60		
	15	264	21	276	56	48	7fff7f	
	21		27		40	60		
	27		33		112	48		
	33		39		24	60		
	39		45		64	48		
	45		51		72			
	51		57		0	60		
draw	16	280	34	294	/sprites/509.SMIV/0
line	14	276	35	276	489048
			14	277	
	35		35		
	14	297		297	
			14	296	
	35		35		
rect	42	278	49	288	003870
		288		296	0060c0
line	40	276	50	276	00488f
			40	277	
	50		50		
	40	297		297	
			40	296	
	50		50		
rect	55	278	62	282	707000
		282		296	c0c000
line	53	276	63	276	909000
			53	277	
	63		63		
	53	297		297	
			53	296	
	63		63		
crop	69	276	75	288	0	60	7fff7f	/fonts/computer
	75		81		88	48		
	81		87		16			
	87		93		40			
	93		99		8			
	99		105		104			
	105		111		0	24		
	111		117		8	36		
	69	288	75	300	96	48		
	75		81		16			
	81		87		40			
	87		93		8			
	93		99		104			
	99		105		0	24		
	105		111		8	36		
