point	147	464	d0d0d0
	572	341	808080
	375	402	b0b0b0
	295	360	808080
	265	369	b0b0b0
	396	291	808080
	263	125	b0b0b0
	530	209	808080
	191	14	
	345	84	b0b0b0
	427	462	
	285	355	808080
	152	206	
	246	55	d0d0d0
	182	316	b0b0b0
	415	232	808080
	334	5	
	270	206	
	458	258	b0b0b0
	317	231	808080
	181	333	
	426	231	
	338	208	
	279	86	d0d0d0
	478	24	808080
	209	374	d0d0d0
	552	270	b0b0b0
	308	166	808080
	351	427	
	605	9	d0d0d0
	515	411	b0b0b0
	540	18	808080
	400	207	b0b0b0
	135	369	
	278	281	
	155	421	808080
	355	138	d0d0d0
	157	104	
	201	245	808080
	510	26	b0b0b0
	217	144	808080
	305	318	b0b0b0
	362	14	808080
	421	414	
	532	74	d0d0d0
	561	359	808080
	209	229	b0b0b0
	500	57	
	217	311	
	547	42	808080
	282	476	d0d0d0
	285	107	
	254	281	b0b0b0
	605	437	808080
	234	299	
	513	349	d0d0d0
	394	59	808080
	348	190	
	225	465	b0b0b0
	503	196	
	380	11	d0d0d0
	205	165	b0b0b0
	507	104	808080
	448	106	
	481	348	d0d0d0
	371	249	
	391	106	808080
	277	384	b0b0b0
	402	140	808080
	349	452	
	357	338	d0d0d0
	499	203	808080
	393	318	b0b0b0
	502	309	808080
	149	458	
	321	155	b0b0b0
	560	241	808080
	217	475	b0b0b0
	286	74	808080
	556	358	
	536	390	
	264	320	b0b0b0
	283	143	808080
	506	280	
	303	222	
	391	0	d0d0d0
	140	425	808080
	390	84	
	559	236	
	165	148	b0b0b0
	592	151	
	606	378	
	518	47	
	326	378	d0d0d0
	248	30	b0b0b0
	156	169	808080
	600	134	
	338	162	
	583	189	d0d0d0
	590	50	808080
	594	279	b0b0b0
	601	29	808080
	393	126	
	131	235	
	155	321	b0b0b0
	485	341	808080
	299	86	b0b0b0
	266	441	808080
	182	310	b0b0b0
	135	5	d0d0d0
	214	161	808080
	554	89	b0b0b0
	365	356	d0d0d0
	358	232	
	238	356	808080
	589	72	b0b0b0
	348	298	d0d0d0
	296	333	
	258	433	808080
	353	142	
	293	223	b0b0b0
	601	460	
	273	172	
	218	329	808080
	411	278	b0b0b0
rect	289	0	290	480	000050
	128	369	608	370	
draw	422	326	451	350	/sprites/ish/cruiser%17
	395	350	424	375	/sprites/ish/cruiser%16
	505	320	534	345	
	440	360	465	384	/sprites/ish/cruiser%12
	348	221	385	259	/sprites/ish/gunship%5
	307	476	318	484	/sprites/dev/fusion%15
	381	450	388	459	/sprites/dev/fusion%14
	365	414	376	422	/sprites/dev/fusion%15
line	554	172	539	170	489048
			544	184	
	539	170			204020
draw	0	-144	128	624	/pictures/gui/instruments/left.png
	608		640		/pictures/gui/instruments/right.png
rect	614	359	615	409	00488f
			623	360	
	622			409	002850
	614	408			
	615	360	622	408	003870
	614	409	615	457	007fff
			623	410	
	622			457	00488f
	614	456			
	615	410	622	456	0070e0
	614	231	615	256	909048
			623	232	
	622			256	505028
	614	255			
	615	232	622	255	707038
	614	256	615	329	ffff7f
			623	257	
	622			329	909048
	614	328			
	615	257	622	328	e0e070
	614	103	615	158	904848
			623	104	
	622			158	502828
	614	157			
	615	104	622	157	703838
	614	158	615	201	ff7f7f
			623	159	
	622			201	904848
	614	200			
	615	159	622	200	e07070
	618	8	630	9	90488f
			619	10	
	629		630		
	618	36		37	
		35	619		
	629		630		
	620	10	628	35	703870
		34			c060c0
	634	49	636	52	7fff7f
		53		56	60c060
		57		60	
		61		64	703800
		65		68	
		69		72	183018
		73		76	
		77		80	
		81		84	
		85		88	
		89		92	
		93		96	
		97		100	
		101		104	
		105		108	
		109		112	
		113		116	
		117		120	
		121		124	
		125		128	
		129		132	
		133		136	
		137		140	
		141		144	
		145		148	
		149		152	
		153		156	
		157		160	
		161		164	
		165		168	
		169		172	
		173		176	
		177		180	
		181		184	
		185		188	
		189		192	
		193		196	
		197		200	
		201		204	
		205		208	
		209		212	
		213		216	
		217		220	
		221		224	
		225		228	
		229		232	
		233		236	
		237		240	
		241		244	
		245		248	
		249		252	
		253		256	
		257		260	
		261		264	
		265		268	
		269		272	
		273		276	
		277		280	
		281		284	
		285		288	
		289		292	
		293		296	
		297		300	
		301		304	
		305		308	
		309		312	
		313		316	
		317		320	
		321		324	
		325		328	
		329		332	
		333		336	
		337		340	
		341		344	
		345		348	
		349		352	
		353		356	
		357		360	
		361		364	
		365		368	
		369		372	
		373		376	
		377		380	
		381		384	
		385		388	
		389		392	
		393		396	
		397		400	
		401		404	
		405		408	
		409		412	
		413		416	
		417		420	
		421		424	
		425		428	
		429		432	
		433		436	
		437		440	
		441		444	
		445		448	
	621	52	631	56	303000
		57		61	
		62		66	
		67		71	
		72		76	
		77		81	
		82		86	
	7	7	115	115	00ff00
	8	8	114	114	001000
	57	57	67	67	003000
point	62	63	00e000
	60	65	
	58	69	
	61	63	
		65	
	22	61	
	59	66	
	70	61	
	61	64	
	64	63	
	70	61	
	62	63	
	69	62	
	39	63	
rect	12	320	121	440	001000
		342	120	343	009000
		356	13	368	
			121	357	
	120			368	005000
	12	367			
	13	357	120	367	007000
	12	438		439	009000
	16	450	114	475	001010
	17		18	462	00c0c0
			44	451	
	43			462	007070
	17	461			
	18	451	43	461	009090
	17	462	18	474	00c0c0
			44	463	
	43			474	007070
	17	473			
	18	463	43	473	009090
crop	15	320	21	332	16	48	00ff00	/fonts/computer.png
	21		27		40	60		
	27		33		72	48		
	33		39		96			
	39		45		32			
	45		51		0	24		
	51		57		24	60		
	57		63		64	48		
	63		69		72			
	69		75		0	60		
	75		81		24			
	15	332	21	344	48	48		
	21		27		8	72		
	27		33		112			
	33		39		24	84		
	39		45		72	72		
	45		51		0	24		
	51		57		8	48		
	57		63		96	72		
	63		69		0	84		
	69		75		64	72		
	75		81		8			
	15	344	21	356	48	48		
	21		27		72	72		
	27		33		56			
	33		39		64			
	39		45		32	84		
	45		51		40	72		
	51		57		16	84		
	15	356	21	368	24	48	003000	
	21		27		16	84		
	27		33		40			
	33		39		72	72		
	39		45		24	84		
	45		51		40	72		
	51		57		16	84		
	15	368	21	380	56	48	009000	
	21		27		40	84		
	27		33		112	72		
	33		39		24	84		
	39		45		64	72		
	45		51		72			
	51		57		0	84		
	15	380	21	392	32	60		
	21		27		16	84		
	27		33		8	72		
	33		39		112			
	39		45		24	84		
	45		51		0			
	51		57		120	72		
	57		63		16	84		
	63		69		32			
	15	392	21	404	40	48		
	21		27		112	72		
	27		33		56			
	33		39		72			
	39		45		112			
	45		51		40			
	51		57					
	57		63		16	84		
	63		69		0	24		
	69		75			60		
	75		81		120	72		
	81		87		32			
	15	404	21	416	8	48		
	21		27		24	84		
	27		33					
	33		39		8	72		
	39		45		40	84		
	45		51		96	72		
	51		57		32	84		
	57		63		0	24		
	63		69		32	60		
	69		75		16	84		
	75		81		8	72		
	81		87		112			
	87		93		24	84		
	93		99		0			
	99		105		120	72		
	105		111		16	84		
	111		117		32			
	19	450	25	462	16	60	00ffff	
	25		31		56	48		
	31		37		64			
	37		43		32	60		
	43		49		0	24		
	49		55		16	48		
	55		61		40	84		
	61		67		72	72		
	67		73		96			
	73		79		32			
	19	462	25	474	96	48		
	25		31		40			
	31		37		48			
	37		43		32	60		
	43		49		0	24		
	49		55		104	48		
	55		61		8	72		
	61		67		72			
	67		73		112			
	73		79		0	24		
	79		85		104	48		
	85		91		40	72		
	91		97		112			
	97		103		40	84		
rect	12	180	13	192	ffff00
			121	181	
	120			192	909000
	12	191			
	13	181	120	191	c0c000
crop	15	180	21	192	24	48	000000	/fonts/computer.png
	21		27		120			
	27		33		112			
	33		39		32	60		
	39		45		16			
	45		51		120	48		
	51		57		96			
	15	192	21	204	16		7fff7f	
	21		27		32	60		
	27		33					
	33		39		96	48		
	39		45		24	60		
	45		51		64	48		
	51		57		72			
	57		63		0	60		
draw	18	206	32	224	/sprites/uns/etc/bttlship%0
rect	14	204	36	205	489048
			15	206	
	35		36		
	14	225		226	
		224	15		
	35		36		
	42	206	49	207	003870
		207		224	0060c0
	40	204	51	205	00488f
			41	206	
	50		51		
	40	225		226	
		224	41		
	50		51		
	55	206	62	209	707000
		209		224	c0c000
	53	204	64	205	909000
			54	206	
	63		64		
	53	225		226	
		224	54		
	63		64		
crop	69	204	75	216	24	48	7fff7f	/fonts/computer.png
	75		81		104			
	81		87		72			
	87		93		24	60		
	93		99					
	99		105		72	48		
	105		111		96			
	111		117		40			
	69	216	75	228	32	60		
	75		81		56			
	81		87		112	48		
	87		93		0	60		
	93		99					
	99		105		40			
	105		111		96	48		
	111		117		24	60		
	12	228	18	240	56	48	00ff00	
	18		24		40	84		
	24		30		112	72		
	30		36		24	84		
	36		42		64	72		
	42		48		72			
	48		54		0	84		
rect	12	252	13	264	007fff
			121	253	
	120			264	00488f
	12	263			
	13	253	120	263	0060c0
crop	15	252	21	264	32	60	000000	/fonts/computer.png
	21		27		8	48		
	27		33		16	60		
	33		39		56	48		
	39		45		40			
	45		51		32	60		
	15	264	21	276	56	48	7fff7f	
	21		27		40	60		
	27		33		112	48		
	33		39		24	60		
	39		45		64	48		
	45		51		72			
	51		57		0	60		
draw	16	280	34	294	/sprites/ish/gunship%0
rect	14	276	36	277	489048
			15	278	
	35		36		
	14	297		298	
		296	15		
	35		36		
	42	278	49	288	003870
		288		296	0060c0
	40	276	51	277	00488f
			41	278	
	50		51		
	40	297		298	
		296	41		
	50		51		
	55	278	62	283	707000
		283		296	c0c000
	53	276	64	277	909000
			54	278	
	63		64		
	53	297		298	
		296	54		
	63		64		
crop	69	276	75	288	0	60	7fff7f	/fonts/computer.png
	75		81		88	48		
	81		87		16			
	87		93		40			
	93		99		8			
	99		105		104			
	105		111		0	24		
	111		117		8	36		
	69	288	75	300	96	48		
	75		81		16			
	81		87		40			
	87		93		8			
	93		99		104			
	99		105		0	24		
	105		111		8	36		
