line	262	154	264	153	d0d0d0
	391	400	391	400	808080
	598	367	600	367	d0d0d0
	588	178	589	178	b0b0b0
	517	361	518	360	808080
	215	350	215	350	
	424	392	425	392	d0d0d0
	349	268	349	268	808080
	489	135	489	134	
	552	261	553	261	b0b0b0
	298	71	299	71	
	562	307	563	307	d0d0d0
	450	209	451	209	808080
	362	453	364	453	d0d0d0
	317	305	318	305	
	234	292	235	291	808080
	153	64	154	64	
	530	77	532	77	d0d0d0
	186	348	187	348	b0b0b0
	136	291	137	291	808080
	350	396	352	395	d0d0d0
	245	290	246	290	808080
	157	268	157	268	
	447	441	448	441	b0b0b0
	297	84	298	84	808080
	465	439	466	439	
	279	360	280	360	b0b0b0
	517	14	518	13	d0d0d0
	242	129	243	129	
	162	14	163	14	808080
	359	78	360	78	
	128	297	129	297	b0b0b0
	253	474	255	474	d0d0d0
	484	49	485	49	b0b0b0
	377	441	378	441	
	471	159	472	159	d0d0d0
	440	137	440	137	808080
	499	129	500	129	
	237	116	238	116	b0b0b0
	469	112	470	112	
	512	27	513	27	
	181	74	182	74	808080
	240	473	241	473	
	169	195	170	194	d0d0d0
	380	418	381	418	808080
	480	369	480	369	
	228	147	229	147	b0b0b0
	424	90	425	90	
	366	102	366	102	808080
	260	58	260	57	
	504	382	504	382	
	460	295	461	295	b0b0b0
	530	417	532	417	d0d0d0
	532	47	533	47	808080
	150	470	151	469	d0d0d0
	213	118	214	118	808080
	167	249	168	249	
	198	75	199	75	b0b0b0
	230	286	231	286	
	551	166	552	166	808080
	411	137	412	137	b0b0b0
	326	163	326	163	808080
	267	166	267	166	
	597	184	599	184	d0d0d0
	546	111	547	111	808080
	210	166	211	166	
	524	474	525	474	
	221	200	222	200	
	567	247	568	247	b0b0b0
	473	405	475	405	d0d0d0
	318	262	319	262	808080
	600	399	601	399	b0b0b0
	321	369	322	368	808080
	288	217	289	217	d0d0d0
	502	295	503	295	
	379	300	380	300	808080
	430	175	432	175	d0d0d0
	564	96	565	95	
	375	418	376	417	808080
	355	450	356	449	
	140	20	141	20	d0d0d0
	581	120	581	120	808080
	325	339	325	339	
	598	424	600	424	d0d0d0
	556	324	556	324	808080
	268	472	270	471	d0d0d0
	209	143	209	143	808080
	378	295	379	295	
	451	222	451	222	
	319	241	320	241	b0b0b0
	334	468	335	468	
	246	137	247	137	
	483	212	484	212	
	415	18	416	18	
	378	136	379	136	
	419	193	419	193	808080
	157	221	157	221	
	219	309	221	309	d0d0d0
	409	110	410	110	808080
	322	369	323	369	b0b0b0
	420	88	421	88	808080
	212	185	213	185	
	429	464	429	464	
	362	331	363	331	b0b0b0
	304	401	305	401	808080
	540	43	540	43	
	530	391	531	391	b0b0b0
	315	321	317	320	d0d0d0
	251	322	252	322	
	464	293	465	293	b0b0b0
	282	179	283	179	
	512	94	513	93	
	506	429	507	429	
	466	256	467	256	d0d0d0
	317	162	318	162	b0b0b0
	500	239	501	239	
	412	283	413	282	d0d0d0
	481	340	482	340	b0b0b0
	172	201	172	201	808080
	465	430	466	430	d0d0d0
	128	46	128	46	808080
	480	111	481	110	b0b0b0
	470	344	471	344	
	139	368	140	368	
	372	0	372	480	005000
	128	111	608	111	
		383		383	
triangle	116	292	124	300	00c000
	129	280	139	290	
	66	312	76	322	
	112	292	120	300	
plus	74	282	84	292	00c000
triangle	114	299	122	307	00c000
	119	287	127	295	
	129	285	137	293	
diamond	104	294	122	312	00c000
triangle	362	234	372	244	00c000
rect	13	308	15	310	c00000
triangle	498	184	504	190	c00000
dither	132	313	208	330	303000
tint	136	317	144	329	000000	/font/5000/42
	143		151			/font/5000/61
	150		158			/font/5000/74
	157		165			
	164		172			/font/5000/6c
	171		179			/font/5000/65
	178		186			/font/5000/73
	185		193			/font/5000/68
	192		200			/font/5000/69
	199		207			/font/5000/70
	135	316	143	328	ffff00	/font/5000/42
	142		150			/font/5000/61
	149		157			/font/5000/74
	156		164			
	163		171			/font/5000/6c
	170		178			/font/5000/65
	177		185			/font/5000/73
	184		192			/font/5000/68
	191		199			/font/5000/69
	198		206			/font/5000/70
line	563	208	549	203	489048
			551	218	
	549	203			204020
draw	0	0	128	480	/pictures/501.png
	608		640		/pictures/512.png
line	614	407	614	359	00488f
		359	622		
	622			407	002850
		407	614		
rect	615	360	622	407	003870
line	614	456	614	408	007fff
		408	622		
	622			456	00488f
		456	614		
rect	615	409	622	456	0070e0
line	614	260	614	231	909048
		231	622		
	622			260	505028
		260	614		
rect	615	232	622	260	707038
line	614	328	614	261	ffff7f
		261	622		
	622			328	909048
		328	614		
rect	615	262	622	328	e0e070
line	614	159	614	103	904848
		103	622		
	622			159	502828
		159	614		
rect	615	104	622	159	703838
line	614	200	614	160	ff7f7f
		160	622		
	622			200	904848
		200	614		
rect	615	161	622	200	e07070
line	618	8	629	8	90488f
			618	9	
	629		629		
	618	36		36	
			618	35	
	629		629		
rect	620	10	628	35	703870
		35			c060c0
	634	49	636	52	007fff
		53		56	0060c0
		57		60	
		61		64	
		65		68	
		69		72	183018
		73		76	
		77		80	
		81		84	
		85		88	
		89		92	
		93		96	
		97		100	
		101		104	
		105		108	
		109		112	
		113		116	
		117		120	
		121		124	
		125		128	
		129		132	
		133		136	
		137		140	
		141		144	
		145		148	
		149		152	
		153		156	
		157		160	
		161		164	
		165		168	
		169		172	
		173		176	
		177		180	
		181		184	
		185		188	
		189		192	
		193		196	
		197		200	
		201		204	
		205		208	
		209		212	
		213		216	
		217		220	
		221		224	
		225		228	
		229		232	
		233		236	
		237		240	
		241		244	
		245		248	
		249		252	
		253		256	
		257		260	
		261		264	
		265		268	
		269		272	
		273		276	
		277		280	
		281		284	
		285		288	
		289		292	
		293		296	
		297		300	
		301		304	
		305		308	
		309		312	
		313		316	
		317		320	
		321		324	
		325		328	
		329		332	
		333		336	
		337		340	
		341		344	
		345		348	
		349		352	
		353		356	
		357		360	
		361		364	
		365		368	
		369		372	
		373		376	
		377		380	
		381		384	
		385		388	
		389		392	
		393		396	
		397		400	
		401		404	
		405		408	
		409		412	
		413		416	
		417		420	
		421		424	
		425		428	
		429		432	
		433		436	
		437		440	
		441		444	
		445		448	
	621	52	631	56	303000
		57		61	
		62		66	
		67		71	
		72		76	
		77		81	
		82		86	
	7	7	115	115	00ff00
	8	8	114	114	001000
					003000
	12	320	121	440	001000
tint	15	320	23	333	00ff00	/font/5001/42
	21		29			/font/5001/55
	27		35			/font/5001/49
	33		41			/font/5001/4c
	39		47			/font/5001/44
	45		53			/font/5001/20
	51		59			/font/5001/53
	57		65			/font/5001/48
	63		71			/font/5001/49
	69		77			/font/5001/50
	75		83			/font/5001/53
line	12	342	119	342	009000
tint	15	332	23	345	00ff00	/font/5001/46
	21		29			/font/5001/61
	27		35			/font/5001/6e
	33		41			/font/5001/73
	39		47			/font/5001/69
	45		53			/font/5001/20
	51		59			/font/5001/41
	57		65			/font/5001/6c
	63		71			/font/5001/70
	69		77			/font/5001/68
	75		83			/font/5001/61
	15	344	23	357		/font/5001/46
	21		29			/font/5001/69
	27		35			/font/5001/67
	33		41			/font/5001/68
	39		47			/font/5001/74
	45		53			/font/5001/65
	51		59			/font/5001/72
line	12	367	12	356	009000
		356	120		
	120			367	005000
		367	12		
rect	13	357	120	367	007000
tint	15	356	23	369	00ff00	/font/5001/43
	21		29			/font/5001/72
	27		35			/font/5001/75
	33		41			/font/5001/69
	39		47			/font/5001/73
	45		53			/font/5001/65
	51		59			/font/5001/72
	15	368	23	381	009000	/font/5001/47
	21		29			/font/5001/75
	27		35			/font/5001/6e
	33		41			/font/5001/73
	39		47			/font/5001/68
	45		53			/font/5001/69
	51		59			/font/5001/70
	15	380	23	393	00ff00	/font/5001/54
	21		29			/font/5001/72
	27		35			/font/5001/61
	33		41			/font/5001/6e
	39		47			/font/5001/73
	45		53			/font/5001/70
	51		59			/font/5001/6f
	57		65			/font/5001/72
	63		71			/font/5001/74
	15	392	23	405		/font/5001/45
	21		29			/font/5001/6e
	27		35			/font/5001/67
	33		41			/font/5001/69
	39		47			/font/5001/6e
	45		53			/font/5001/65
	51		59			
	57		65			/font/5001/72
	63		71			/font/5001/20
	69		77			/font/5001/50
	75		83			/font/5001/6f
	81		89			/font/5001/64
	15	404	23	417	009000	/font/5001/41
	21		29			/font/5001/73
	27		35			
	33		41			/font/5001/61
	39		47			/font/5001/75
	45		53			/font/5001/6c
	51		59			/font/5001/74
	57		65			/font/5001/20
	63		71			/font/5001/54
	69		77			/font/5001/72
	75		83			/font/5001/61
	81		89			/font/5001/6e
	87		95			/font/5001/73
	93		101			/font/5001/70
	99		107			/font/5001/6f
	105		113			/font/5001/72
	111		119			/font/5001/74
line	12	438	119	438	009000
rect	16	450	114	475	001010
line	17	461	17	450	00c0c0
		450	43		
	43			461	007070
		461	17		
rect	18	451	43	461	009090
tint	19	450	27	463	00ffff	/font/5001/52
	25		33			/font/5001/47
	31		39			/font/5001/48
	37		45			/font/5001/54
	43		51			/font/5001/20
	49		57			/font/5001/42
	55		63			/font/5001/75
	61		69			/font/5001/69
	67		75			/font/5001/6c
	73		81			/font/5001/64
line	17	473	17	462	00c0c0
		462	43		
	43			473	007070
		473	17		
rect	18	463	43	473	009090
tint	19	462	27	475	00ffff	/font/5001/4c
	25		33			/font/5001/45
	31		39			/font/5001/46
	37		45			/font/5001/54
	43		51			/font/5001/20
	49		57			/font/5001/4d
	55		63			/font/5001/61
	61		69			/font/5001/69
	67		75			/font/5001/6e
	73		81			/font/5001/20
	79		87			/font/5001/4d
	85		93			/font/5001/65
	91		99			/font/5001/6e
	97		105			/font/5001/75
line	12	191	12	180	ffff00
		180	120		
	120			191	909000
		191	12		
rect	13	181	120	191	c0c000
tint	15	180	23	193	000000	/font/5001/43
	21		29			/font/5001/4f
	27		35			/font/5001/4e
	33		41			/font/5001/54
	39		47			/font/5001/52
	45		53			/font/5001/4f
	51		59			/font/5001/4c
	15	192	23	205	7fff7f	/font/5001/42
	21		29			/font/5001/54
	27		35			
	33		41			/font/5001/4c
	39		47			/font/5001/53
	45		53			/font/5001/48
	51		59			/font/5001/49
	57		65			/font/5001/50
draw	18	206	32	224	/sprites/636.SMIV/0
line	14	204	35	204	489048
			14	205	
	35		35		
	14	225		225	
			14	224	
	35		35		
rect	42	206	49	207	003870
		207		224	0060c0
line	40	204	50	204	00488f
			40	205	
	50		50		
	40	225		225	
			40	224	
	50		50		
rect	55	206	62	210	707000
		210		224	c0c000
line	53	204	63	204	909000
			53	205	
	63		63		
	53	225		225	
			53	224	
	63		63		
tint	69	204	77	217	7fff7f	/font/5001/43
	75		83			/font/5001/4d
	81		89			/font/5001/49
	87		95			/font/5001/53
	93		101			
	99		107			/font/5001/49
	105		113			/font/5001/4c
	111		119			/font/5001/45
	69	216	77	229		/font/5001/54
	75		83			/font/5001/57
	81		89			/font/5001/4e
	87		95			/font/5001/50
	93		101			
	99		107			/font/5001/55
	105		113			/font/5001/4c
	111		119			/font/5001/53
	12	228	20	241	00ff00	/font/5001/47
	18		26			/font/5001/75
	24		32			/font/5001/6e
	30		38			/font/5001/73
	36		44			/font/5001/68
	42		50			/font/5001/69
	48		56			/font/5001/70
line	12	263	12	252	007fff
		252	120		
	120			263	00488f
		263	12		
rect	13	253	120	263	0060c0
tint	15	252	23	265	000000	/font/5001/54
	21		29			/font/5001/41
	27		35			/font/5001/52
	33		41			/font/5001/47
	39		47			/font/5001/45
	45		53			/font/5001/54
	15	264	23	277	7fff7f	/font/5001/47
	21		29			/font/5001/55
	27		35			/font/5001/4e
	33		41			/font/5001/53
	39		47			/font/5001/48
	45		53			/font/5001/49
	51		59			/font/5001/50
draw	16	280	34	294	/sprites/509.SMIV/0
line	14	276	35	276	489048
			14	277	
	35		35		
	14	297		297	
			14	296	
	35		35		
rect	42	278	49	287	003870
		287		296	0060c0
line	40	276	50	276	00488f
			40	277	
	50		50		
	40	297		297	
			40	296	
	50		50		
rect	55	278	62	284	707000
		284		296	c0c000
line	53	276	63	276	909000
			53	277	
	63		63		
	53	297		297	
			53	296	
	63		63		
tint	69	276	77	289	7fff7f	/font/5001/50
	75		83			/font/5001/4b
	81		89			/font/5001/42
	87		95			/font/5001/45
	93		101			/font/5001/41
	99		107			/font/5001/4d
	105		113			/font/5001/20
	111		119			/font/5001/31
	69	288	77	301		/font/5001/4c
	75		83			/font/5001/42
	81		89			/font/5001/45
	87		95			/font/5001/41
	93		101			/font/5001/4d
	99		107			/font/5001/20
	105		113			/font/5001/31
