point	305	443	b0b0b0
	232	56	
	461	437	
	567	419	808080
	536	56	
	548	226	
	240	413	
	198	474	b0b0b0
	462	65	
	457	393	808080
	191	131	b0b0b0
	202	60	808080
	540	431	b0b0b0
	347	457	
	480	170	808080
	250	462	b0b0b0
	174	317	808080
	346	113	
	211	96	b0b0b0
	473	384	808080
	577	210	
	340	461	b0b0b0
	494	153	808080
	208	253	b0b0b0
	253	422	
	519	295	
	310	183	
	151	48	
	583	326	808080
	276	168	d0d0d0
	452	128	b0b0b0
	159	393	d0d0d0
	471	374	808080
	299	159	
	151	76	d0d0d0
	505	442	
	605	378	808080
	432	310	b0b0b0
	479	98	
	140	84	808080
	262	272	b0b0b0
	394	423	d0d0d0
	444	7	
	341	360	808080
	429	204	b0b0b0
	241	92	
	321	38	
	188	335	
	212	264	
	388	68	808080
	480	244	b0b0b0
	446	56	d0d0d0
	253	371	b0b0b0
	372	44	808080
	500	128	d0d0d0
	183	17	
	508	422	b0b0b0
	459	125	
	304	365	808080
	329	396	d0d0d0
	536	267	b0b0b0
	336	248	808080
	347	70	
	287	320	
	156	9	b0b0b0
	565	246	808080
	467	302	
	282	453	d0d0d0
	420	95	b0b0b0
	155	369	808080
	198	435	b0b0b0
	340	254	808080
	530	397	d0d0d0
	307	302	b0b0b0
	224	172	808080
	332		
	404	424	b0b0b0
	453	377	d0d0d0
	286	232	
	466	250	
	241	13	b0b0b0
	508	426	d0d0d0
	600	118	808080
	571	413	d0d0d0
	310	212	b0b0b0
	575	226	808080
	350	325	b0b0b0
	278	314	
	393	415	d0d0d0
	407	30	b0b0b0
	515	85	808080
	578	105	
	225	130	
	541	125	
	230	246	d0d0d0
	478	225	808080
	237	312	b0b0b0
	253	31	808080
	520	259	d0d0d0
	418	194	
	277	230	808080
	442	103	
	528	458	b0b0b0
	588	34	
	487	51	d0d0d0
	550	467	
	516	50	
	598	274	
	151	244	
	208	37	808080
	437	55	d0d0d0
	570	60	808080
	403	178	
	595	248	
	400	202	b0b0b0
	513	197	808080
	501	270	d0d0d0
	286	202	808080
	323	372	d0d0d0
	536	27	
	177	37	
	443	29	b0b0b0
	380	168	808080
	566	376	d0d0d0
	450	388	
rect	140	0	141	481	000050
	255		256		002850
	370		371		000050
	485		486		
	600		601		
	128	71	609	72	
		186		187	002850
		301		302	000050
		416		417	
triangle	518	137	526	145	00c000
	574	197	582	205	
plus	219	145	229	155	c00000
triangle	516	125	524	133	00c000
	538	146	546	154	
	515	126	523	134	
	362	234	372	244	
line	171	208	183	218	489048
			185	203	
	183	218			204020
draw	0	0	128	480	/pictures/501.png
	608		640		/pictures/512.png
rect	614	359	615	408	00488f
			623	360	
	622			408	002850
	614	407			
	615	360	622	407	003870
	614	408	615	457	007fff
			623	409	
	622			457	00488f
	614	456			
	615	409	622	456	0070e0
	614	231	615	245	909048
			623	232	
	622			245	505028
	614	244			
	615	232	622	244	707038
	614	245	615	329	ffff7f
			623	246	
	622			329	909048
	614	328			
	615	246	622	328	e0e070
	614	103	615	161	904848
			623	104	
	622			161	502828
	614	160			
	615	104	622	160	703838
	614	161	615	201	ff7f7f
			623	162	
	622			201	904848
	614	200			
	615	162	622	200	e07070
	618	8	630	9	90488f
			619	10	
	629		630		
	618	36		37	
		35	619		
	629		630		
	620	10	628	35	703870
		35			c060c0
	634	49	636	52	7fff7f
		53		56	60c060
		57		60	0060c0
		61		64	
		65		68	
		69		72	007fff
		73		76	0060c0
		77		80	183018
		81		84	
		85		88	
		89		92	
		93		96	
		97		100	
		101		104	
		105		108	
		109		112	
		113		116	
		117		120	
		121		124	
		125		128	
		129		132	
		133		136	
		137		140	
		141		144	
		145		148	
		149		152	
		153		156	
		157		160	
		161		164	
		165		168	
		169		172	
		173		176	
		177		180	
		181		184	
		185		188	
		189		192	
		193		196	
		197		200	
		201		204	
		205		208	
		209		212	
		213		216	
		217		220	
		221		224	
		225		228	
		229		232	
		233		236	
		237		240	
		241		244	
		245		248	
		249		252	
		253		256	
		257		260	
		261		264	
		265		268	
		269		272	
		273		276	
		277		280	
		281		284	
		285		288	
		289		292	
		293		296	
		297		300	
		301		304	
		305		308	
		309		312	
		313		316	
		317		320	
		321		324	
		325		328	
		329		332	
		333		336	
		337		340	
		341		344	
		345		348	
		349		352	
		353		356	
		357		360	
		361		364	
		365		368	
		369		372	
		373		376	
		377		380	
		381		384	
		385		388	
		389		392	
		393		396	
		397		400	
		401		404	
		405		408	
		409		412	
		413		416	
		417		420	
		421		424	
		425		428	
		429		432	
		433		436	
		437		440	
		441		444	
		445		448	
	621	52	631	56	303000
		57		61	
		62		66	
		67		71	
		72		76	
		77		81	
		82		86	
	7	7	115	115	00ff00
	8	8	114	114	001000
	40	40	82	82	003000
point	74	53	00e000
	93	59	
	79	58	
	49	53	
	74	52	
	94	29	
	95	47	
	76	53	
	74	52	
	24	48	
rect	12	320	121	440	001000
		342	120	343	009000
		356	13	368	
			121	357	
	120			368	005000
	12	367			
	13	357	120	367	007000
	12	438		439	009000
	16	450	114	475	001010
	17		18	462	00c0c0
			44	451	
	43			462	007070
	17	461			
	18	451	43	461	009090
	17	462	18	474	00c0c0
			44	463	
	43			474	007070
	17	473			
	18	463	43	473	009090
crop	15	320	21	332	16	48	00ff00	/fonts/computer
	21		27		40	60		
	27		33		72	48		
	33		39		96			
	39		45		32			
	45		51		0	24		
	51		57		24	60		
	57		63		64	48		
	63		69		72			
	69		75		0	60		
	75		81		24			
	15	332	21	344	48	48		
	21		27		8	72		
	27		33		112			
	33		39		24	84		
	39		45		72	72		
	45		51		0	24		
	51		57		8	48		
	57		63		96	72		
	63		69		0	84		
	69		75		64	72		
	75		81		8			
	15	344	21	356	48	48		
	21		27		72	72		
	27		33		56			
	33		39		64			
	39		45		32	84		
	45		51		40	72		
	51		57		16	84		
	15	356	21	368	24	48		
	21		27		16	84		
	27		33		40			
	33		39		72	72		
	39		45		24	84		
	45		51		40	72		
	51		57		16	84		
	15	368	21	380	56	48	009000	
	21		27		40	84		
	27		33		112	72		
	33		39		24	84		
	39		45		64	72		
	45		51		72			
	51		57		0	84		
	15	380	21	392	32	60	00ff00	
	21		27		16	84		
	27		33		8	72		
	33		39		112			
	39		45		24	84		
	45		51		0			
	51		57		120	72		
	57		63		16	84		
	63		69		32			
	15	392	21	404	40	48		
	21		27		112	72		
	27		33		56			
	33		39		72			
	39		45		112			
	45		51		40			
	51		57					
	57		63		16	84		
	63		69		0	24		
	69		75			60		
	75		81		120	72		
	81		87		32			
	15	404	21	416	8	48	009000	
	21		27		24	84		
	27		33					
	33		39		8	72		
	39		45		40	84		
	45		51		96	72		
	51		57		32	84		
	57		63		0	24		
	63		69		32	60		
	69		75		16	84		
	75		81		8	72		
	81		87		112			
	87		93		24	84		
	93		99		0			
	99		105		120	72		
	105		111		16	84		
	111		117		32			
	19	450	25	462	16	60	00ffff	
	25		31		56	48		
	31		37		64			
	37		43		32	60		
	43		49		0	24		
	49		55		16	48		
	55		61		40	84		
	61		67		72	72		
	67		73		96			
	73		79		32			
	19	462	25	474	96	48		
	25		31		40			
	31		37		48			
	37		43		32	60		
	43		49		0	24		
	49		55		104	48		
	55		61		8	72		
	61		67		72			
	67		73		112			
	73		79		0	24		
	79		85		104	48		
	85		91		40	72		
	91		97		112			
	97		103		40	84		
rect	12	180	13	192	ffff00
			121	181	
	120			192	909000
	12	191			
	13	181	120	191	c0c000
crop	15	180	21	192	24	48	000000	/fonts/computer
	21		27		120			
	27		33		112			
	33		39		32	60		
	39		45		16			
	45		51		120	48		
	51		57		96			
	15	192	21	204	16		7fff7f	
	21		27		32	60		
	27		33					
	33		39		96	48		
	39		45		24	60		
	45		51		64	48		
	51		57		72			
	57		63		0	60		
draw	18	206	32	224	/sprites/636.SMIV/0
rect	14	204	36	205	489048
			15	206	
	35		36		
	14	225		226	
		224	15		
	35		36		
	42	206	49	207	003870
		207		224	0060c0
	40	204	51	205	00488f
			41	206	
	50		51		
	40	225		226	
		224	41		
	50		51		
	55	206	62	210	707000
		210		224	c0c000
	53	204	64	205	909000
			54	206	
	63		64		
	53	225		226	
		224	54		
	63		64		
crop	69	204	75	216	24	48	7fff7f	/fonts/computer
	75		81		104			
	81		87		72			
	87		93		24	60		
	93		99					
	99		105		72	48		
	105		111		96			
	111		117		40			
	69	216	75	228	32	60		
	75		81		56			
	81		87		112	48		
	87		93		0	60		
	93		99					
	99		105		40			
	105		111		96	48		
	111		117		24	60		
	12	228	18	240	56	48	00ff00	
	18		24		40	84		
	24		30		112	72		
	30		36		24	84		
	36		42		64	72		
	42		48		72			
	48		54		0	84		
rect	12	252	13	264	007fff
			121	253	
	120			264	00488f
	12	263			
	13	253	120	263	0060c0
crop	15	252	21	264	32	60	000000	/fonts/computer
	21		27		8	48		
	27		33		16	60		
	33		39		56	48		
	39		45		40			
	45		51		32	60		
	15	264	21	276	56	48	7fff7f	
	21		27		40	60		
	27		33		112	48		
	33		39		24	60		
	39		45		64	48		
	45		51		72			
	51		57		0	60		
draw	16	280	34	294	/sprites/509.SMIV/0
rect	14	276	36	277	489048
			15	278	
	35		36		
	14	297		298	
		296	15		
	35		36		
	42	278	49	287	003870
		287		296	0060c0
	40	276	51	277	00488f
			41	278	
	50		51		
	40	297		298	
		296	41		
	50		51		
	55	278	62	281	707000
		281		296	c0c000
	53	276	64	277	909000
			54	278	
	63		64		
	53	297		298	
		296	54		
	63		64		
crop	69	276	75	288	0	60	7fff7f	/fonts/computer
	75		81		88	48		
	81		87		16			
	87		93		40			
	93		99		8			
	99		105		104			
	105		111		0	24		
	111		117		8	36		
	69	288	75	300	96	48		
	75		81		16			
	81		87		40			
	87		93		8			
	93		99		104			
	99		105		0	24		
	105		111		8	36		
