line	514	165	516	165	d0d0d0
	238	373	239	372	808080
	127	14	128	14	b0b0b0
	260	26	261	25	808080
	575	319	576	319	
	577	235	579	235	b0b0b0
	595	291	597	291	d0d0d0
	402	67	403	66	
	548	225	549	224	808080
	372	434	373	434	d0d0d0
	251	448	253	448	b0b0b0
	575	192	576	192	808080
	357	152	359	152	b0b0b0
	505	206	506	206	808080
	445	295	447	294	d0d0d0
	475	109	476	108	b0b0b0
	223	249	225	249	d0d0d0
	516	185	517	185	b0b0b0
	578	18	580	18	
	504	308	505	308	
	143	249	145	248	d0d0d0
	421	442	423	442	
	326	261	328	261	
	387	349	388	348	b0b0b0
	530	295	531	294	
	591	311	592	311	808080
	453	31	454	30	b0b0b0
	185	286	186	286	808080
	345	329	346	329	d0d0d0
	233	124	235	124	
	147	79	148	79	808080
	241	262	242	262	d0d0d0
	380	275	380	275	808080
	179	74	180	74	
	324	200	326	200	b0b0b0
	271	356	273	356	d0d0d0
	196	116	197	116	808080
	387	109	388	109	d0d0d0
	401	255	402	255	808080
	540	395	541	395	
	502	271	503	270	d0d0d0
	576	138	577	138	808080
	416	12	418	12	b0b0b0
	221	140	222	140	808080
	165	409	166	408	b0b0b0
	367	451	368	451	d0d0d0
	373	472	374	472	
	210	224	210	224	808080
	550	89	552	89	d0d0d0
	277	60	278	60	808080
	225	194	227	194	d0d0d0
	405	453	406	453	808080
	423	282	425	282	d0d0d0
	382	326	384	326	
	585	406	585	406	808080
	339	182	341	182	d0d0d0
	421	197	421	197	808080
	176	244	178	243	d0d0d0
	413	221	414	221	808080
	348	367	348	367	
	274	145	275	145	b0b0b0
	379	238	380	237	
	196	35	197	35	d0d0d0
	418	283	419	282	b0b0b0
	352	107	353	107	
	565	240	566	240	808080
	406	356	408	356	d0d0d0
	487	275	488	275	b0b0b0
	363	316	363	316	808080
	528	35	529	35	
	373	119	374	119	
	220	191	221	191	
	212	391	212	391	
	445	74	446	74	
	564	297	565	297	d0d0d0
	518	279	520	278	
	419	224	420	224	b0b0b0
	539	194	541	194	d0d0d0
	383	164	384	164	808080
	320	123	322	123	b0b0b0
	198	350	199	350	d0d0d0
	597	191	598	190	808080
	203	436	204	436	b0b0b0
	511	316	512	316	808080
	457	391	459	391	d0d0d0
	176	457	177	457	b0b0b0
	175	103		103	
	427	386	428	386	d0d0d0
	148	233	150	233	b0b0b0
	473	193	474	193	808080
	310	14	311	14	b0b0b0
	311	253	312	253	d0d0d0
	566	63	567	62	
	474	125	475	124	808080
	563	432	564	432	d0d0d0
	484	349	485	349	808080
	482	347	483	347	
	564	152	565	152	b0b0b0
	398	408	400	408	d0d0d0
	286	310	288	310	b0b0b0
	184	412	185	412	d0d0d0
	245	140	246	140	b0b0b0
	227	349	228	348	
	472	213	473	213	808080
	426	16	427	16	d0d0d0
	310	380	311	380	
	276	272	278	271	
	368	157	369	156	b0b0b0
	419	333	420	332	808080
	524	179	525	178	d0d0d0
	165	166	166	166	808080
	322	405	323	404	d0d0d0
	283	169	284	169	808080
	238	406	239	405	
	511	365	512	365	
	197	69	198	68	b0b0b0
	585	328	586	328	808080
	184	239	185	238	b0b0b0
	565	298	566	297	d0d0d0
	355	3	357	3	
	511	174	512	174	808080
	261	391	263	391	b0b0b0
		268	261	268	808080
	383	451	384	451	
	173	479	174	478	
rect	186	0	187	480	005000
	514		515		
	128	210	608	211	
	495	230	511	246	900000
triangle	499	234	507	242	c00000
	211	292	219	300	00c000
	202	286	212	296	
	223	288	231		
	208	295	218	305	
	231	286	239	294	
plus	494	234	504	244	c00000
triangle	496	229	502	235	c00000
	228	288	236	296	00c000
	494	233	504	243	c00000
	501	231	509	239	
	494	227	504	237	
	231	286	239	294	00c000
	506	231	512	237	c00000
	220	291	228	299	00c000
diamond	205	293	223	311	00c000
triangle	362	234	372	244	00c000
rect	200	315	202	317	c00000
	204	284	206	286	
dither	214	312	290	329	303000
crop	218	316	225	327	16	44	000000	/fonts/tactical.png
	225		232		8	66		
	232		239		32	77		
	239		246					
	246		253		96	66		
	253		260		40			
	260		267		24	77		
	267		274		64	66		
	274		281		72			
	281		288		0	77		
	217	315	224	326	16	44	ffff00	
	224		231		8	66		
	231		238		32	77		
	238		245					
	245		252		96	66		
	252		259		40			
	259		266		24	77		
	266		273		64	66		
	273		280		72			
	280		287		0	77		
dither	200	50	367	67	003030
crop	204	54	211	65	80	55	000000	/fonts/tactical.png
	211		218		120	66		
	218		225					
	225		232		104			
	239		246		32	77		
	246		253		120	66		
	260		267		24	44		
	267		274		96	66		
	274		281		120			
	281		288		24	77		
	288		295		40	66		
	295		302		24	77		
	302		309		32			
	316		323		64	44		
	323		330		120	66		
	330		337		24	77		
	337		344		32			
	344		351		72	66		
	351		358		96			
	358		365		40			
	203	53	210	64	80	55	00ffff	
	210		217		120	66		
	217		224					
	224		231		104			
	238		245		32	77		
	245		252		120	66		
	259		266		24	44		
	266		273		96	66		
	273		280		120			
	280		287		24	77		
	287		294		40	66		
	294		301		24	77		
	301		308		32			
	315		322		64	44		
	322		329		120	66		
	329		336		24	77		
	336		343		32			
	343		350		72	66		
	350		357		96			
	357		364		40			
line	563	202	548	197	489048
			551	212	
	548	197			204020
draw	0	-144	128	624	/pictures/gui/instruments/left.png
	608		640		/pictures/gui/instruments/right.png
rect	614	359	615	408	00488f
			623	360	
	622			408	002850
	614	407			
	615	360	622	407	003870
	614	408	615	457	007fff
			623	409	
	622			457	00488f
	614	456			
	615	409	622	456	0070e0
	614	231	615	253	909048
			623	232	
	622			253	505028
	614	252			
	615	232	622	252	707038
	614	253	615	329	ffff7f
			623	254	
	622			329	909048
	614	328			
	615	254	622	328	e0e070
	614	103	615	167	904848
			623	104	
	622			167	502828
	614	166			
	615	104	622	166	703838
	614	167	615	201	ff7f7f
			623	168	
	622			201	904848
	614	200			
	615	168	622	200	e07070
	618	8	630	9	90488f
			619	10	
	629		630		
	618	36		37	
		35	619		
	629		630		
	620	10	628	35	703870
		35			c060c0
	634	49	636	52	7fff7f
		53		56	60c060
		57		60	
		61		64	
		65		68	
		69		72	007fff
		73		76	0060c0
		77		80	
		81		84	
		85		88	
		89		92	183018
		93		96	
		97		100	
		101		104	
		105		108	
		109		112	
		113		116	
		117		120	
		121		124	
		125		128	
		129		132	
		133		136	
		137		140	
		141		144	
		145		148	
		149		152	
		153		156	
		157		160	
		161		164	
		165		168	
		169		172	
		173		176	
		177		180	
		181		184	
		185		188	
		189		192	
		193		196	
		197		200	
		201		204	
		205		208	
		209		212	
		213		216	
		217		220	
		221		224	
		225		228	
		229		232	
		233		236	
		237		240	
		241		244	
		245		248	
		249		252	
		253		256	
		257		260	
		261		264	
		265		268	
		269		272	
		273		276	
		277		280	
		281		284	
		285		288	
		289		292	
		293		296	
		297		300	
		301		304	
		305		308	
		309		312	
		313		316	
		317		320	
		321		324	
		325		328	
		329		332	
		333		336	
		337		340	
		341		344	
		345		348	
		349		352	
		353		356	
		357		360	
		361		364	
		365		368	
		369		372	
		373		376	
		377		380	
		381		384	
		385		388	
		389		392	
		393		396	
		397		400	
		401		404	
		405		408	
		409		412	
		413		416	
		417		420	
		421		424	
		425		428	
		429		432	
		433		436	
		437		440	
		441		444	
		445		448	
	621	52	631	56	303000
		57		61	
		62		66	
		67		71	
		72		76	
		77		81	
		82		86	
	7	7	115	115	00ff00
	8	8	114	114	001000
					003000
	12	320	121	440	001000
		342	120	343	009000
		356	13	368	
			121	357	
	120			368	005000
	12	367			
	13	357	120	367	007000
	12	438		439	009000
	16	450	114	475	001010
	17		18	462	00c0c0
			44	451	
	43			462	007070
	17	461			
	18	451	43	461	009090
	17	462	18	474	00c0c0
			44	463	
	43			474	007070
	17	473			
	18	463	43	473	009090
crop	15	320	21	332	16	48	00ff00	/fonts/computer.png
	21		27		40	60		
	27		33		72	48		
	33		39		96			
	39		45		32			
	51		57		24	60		
	57		63		64	48		
	63		69		72			
	69		75		0	60		
	75		81		24			
	15	332	21	344	48	48		
	21		27		8	72		
	27		33		112			
	33		39		24	84		
	39		45		72	72		
	51		57		8	48		
	57		63		96	72		
	63		69		0	84		
	69		75		64	72		
	75		81		8			
	15	344	21	356	48	48		
	21		27		72	72		
	27		33		56			
	33		39		64			
	39		45		32	84		
	45		51		40	72		
	51		57		16	84		
	15	356	21	368	24	48		
	21		27		16	84		
	27		33		40			
	33		39		72	72		
	39		45		24	84		
	45		51		40	72		
	51		57		16	84		
	15	368	21	380	56	48	009000	
	21		27		40	84		
	27		33		112	72		
	33		39		24	84		
	39		45		64	72		
	45		51		72			
	51		57		0	84		
	15	380	21	392	32	60	00ff00	
	21		27		16	84		
	27		33		8	72		
	33		39		112			
	39		45		24	84		
	45		51		0			
	51		57		120	72		
	57		63		16	84		
	63		69		32			
	15	392	21	404	40	48		
	21		27		112	72		
	27		33		56			
	33		39		72			
	39		45		112			
	45		51		40			
	51		57					
	57		63		16	84		
	69		75		0	60		
	75		81		120	72		
	81		87		32			
	15	404	21	416	8	48		
	21		27		24	84		
	27		33					
	33		39		8	72		
	39		45		40	84		
	45		51		96	72		
	51		57		32	84		
	63		69			60		
	69		75		16	84		
	75		81		8	72		
	81		87		112			
	87		93		24	84		
	93		99		0			
	99		105		120	72		
	105		111		16	84		
	111		117		32			
	19	450	25	462	16	60	00ffff	
	25		31		56	48		
	31		37		64			
	37		43		32	60		
	49		55		16	48		
	55		61		40	84		
	61		67		72	72		
	67		73		96			
	73		79		32			
	19	462	25	474	96	48		
	25		31		40			
	31		37		48			
	37		43		32	60		
	49		55		104	48		
	55		61		8	72		
	61		67		72			
	67		73		112			
	79		85		104	48		
	85		91		40	72		
	91		97		112			
	97		103		40	84		
rect	12	180	13	192	ffff00
			121	181	
	120			192	909000
	12	191			
	13	181	120	191	c0c000
crop	15	180	21	192	24	48	000000	/fonts/computer.png
	21		27		120			
	27		33		112			
	33		39		32	60		
	39		45		16			
	45		51		120	48		
	51		57		96			
	15	192	21	204	16		7fff7f	
	21		27		32	60		
	27		33					
	33		39		96	48		
	39		45		24	60		
	45		51		64	48		
	51		57		72			
	57		63		0	60		
draw	18	206	32	224	/sprites/uns/etc/bttlship%0
rect	14	204	36	205	489048
			15	206	
	35		36		
	14	225		226	
		224	15		
	35		36		
	42	206	49	207	003870
		207		224	0060c0
	40	204	51	205	00488f
			41	206	
	50		51		
	40	225		226	
		224	41		
	50		51		
	55	206	62	207	707000
		207		224	c0c000
	53	204	64	205	909000
			54	206	
	63		64		
	53	225		226	
		224	54		
	63		64		
crop	69	204	75	216	24	48	7fff7f	/fonts/computer.png
	75		81		104			
	81		87		72			
	87		93		24	60		
	93		99					
	99		105		72	48		
	105		111		96			
	111		117		40			
	69	216	75	228	32	60		
	75		81		56			
	81		87		112	48		
	87		93		0	60		
	93		99					
	99		105		40			
	105		111		96	48		
	111		117		24	60		
	12	228	18	240	56	48	00ff00	
	18		24		40	84		
	24		30		112	72		
	30		36		24	84		
	36		42		64	72		
	42		48		72			
	48		54		0	84		
rect	12	252	13	264	007fff
			121	253	
	120			264	00488f
	12	263			
	13	253	120	263	0060c0
crop	15	252	21	264	32	60	000000	/fonts/computer.png
	21		27		8	48		
	27		33		16	60		
	33		39		56	48		
	39		45		40			
	45		51		32	60		
	15	264	21	276	56	48	7fff7f	
	21		27		40	60		
	27		33		112	48		
	33		39		24	60		
	39		45		64	48		
	45		51		72			
	51		57		0	60		
draw	16	280	34	294	/sprites/ish/gunship%0
rect	14	276	36	277	489048
			15	278	
	35		36		
	14	297		298	
		296	15		
	35		36		
	42	278	49	287	003870
		287		296	0060c0
	40	276	51	277	00488f
			41	278	
	50		51		
	40	297		298	
		296	41		
	50		51		
	55	278	62	282	707000
		282		296	c0c000
	53	276	64	277	909000
			54	278	
	63		64		
	53	297		298	
		296	54		
	63		64		
crop	69	276	75	288	0	60	7fff7f	/fonts/computer.png
	75		81		88	48		
	81		87		16			
	87		93		40			
	93		99		8			
	99		105		104			
	111		117		8	36		
	69	288	75	300	96	48		
	75		81		16			
	81		87		40			
	87		93		8			
	93		99		104			
	105		111		8	36		
