point	247	204	d0d0d0
	563	21	
	441	15	b0b0b0
	127	45	808080
	442	339	
	377	264	b0b0b0
	328	330	d0d0d0
	135	106	
	415	244	808080
	589	32	b0b0b0
	505	278	d0d0d0
	442	212	808080
	157	181	b0b0b0
	372	226	808080
	178	334	d0d0d0
	275	138	b0b0b0
	478	108	
	316	215	
	378	47	
	303	337	
	419	414	
	427	1	d0d0d0
	571	164	808080
	187	378	b0b0b0
	329	324	
	458	330	808080
	253	60	b0b0b0
	494	320	
	581	204	808080
	525	353	
	438	429	b0b0b0
	529	195	808080
	246	294	
	446	335	d0d0d0
	603	229	b0b0b0
	544	84	808080
	542	24	
	601	178	
	267	274	
	407	414	
	235	309	d0d0d0
	443	157	808080
	216	41	b0b0b0
	567	132	808080
	498	283	
	333	7	b0b0b0
	342	16	808080
	504	209	d0d0d0
	283	128	
	144	80	808080
	521	475	
	272	473	
	156	321	d0d0d0
	594	231	
	451	425	808080
	551	423	d0d0d0
	287	216	808080
	496	168	
	280	240	
	214	387	
	535	56	d0d0d0
	178	267	b0b0b0
	408	68	d0d0d0
	218	312	b0b0b0
	152	136	
	432	259	808080
	139	395	d0d0d0
	286	304	b0b0b0
	229	335	808080
	395	54	
	240	138	
	524	460	d0d0d0
	533	330	b0b0b0
	312	93	808080
	297	336	d0d0d0
	251	318	
	218	253	b0b0b0
	272	233	d0d0d0
	250	183	808080
	601	149	
	507	109	
	464	210	
	523	187	
	378	336	
	190	430	d0d0d0
	406	272	
	504	101	808080
	159	425	d0d0d0
	428	342	b0b0b0
	340	212	808080
	588	73	b0b0b0
	543	376	
	299	102	d0d0d0
	341	144	808080
	296	471	d0d0d0
	351	368	808080
	348	366	
	364	182	b0b0b0
	131	447	d0d0d0
	565	94	b0b0b0
	449	235	
	148	19	d0d0d0
	539	411	808080
	338	233	
	159	55	d0d0d0
	521	37	
	546	158	808080
	167	186	b0b0b0
	285	352	808080
	257	217	d0d0d0
	416	125	
	569	107	808080
	150	188	
	573	96	b0b0b0
	378	385	808080
	434	115	d0d0d0
	452	348	808080
	511	141	
	298	337	d0d0d0
	586	316	808080
	378	193	
	562	196	
	127	288	
	250	470	
	589	102	
line	302	0	302	480	000050
	515		515		
	128	43	608	43	005000
		256		256	000050
		469		469	
	366	245	363	245	ffff7f
	400	250	395	248	
	449	277	441	275	
	463	262	456	261	00ff00
draw	585	307	639	361	/sprites/1020.SMIV/0
static	420	321	430	337	00000000	77	/sprites/502.SMIV/22
draw	588	326	608	343	/sprites/514.SMIV/20
	558	337	580	356	/sprites/514.SMIV/5
	506	367	512	373	/sprites/512.SMIV/13
static	556	297	567	312	00000000	254	/sprites/502.SMIV/20
draw	593	253	609	274	/sprites/506.SMIV/19
	568	380	579	395	/sprites/502.SMIV/20
	560	265	576	287	/sprites/506.SMIV/9
	612	311	618	317	/sprites/512.SMIV/11
static	564	208	575	221	00000000	254	/sprites/502.SMIV/18
draw	357	229	375	247	/sprites/509.SMIV/8
line	538	341	531	328	489048
			523	341	
	531	328			204020
draw	0	0	128	480	/pictures/501.png
	608		640		/pictures/512.png
line	614	407	614	359	00488f
		359	622		
	622			407	002850
		407	614		
rect	615	360	622	407	003870
line	614	456	614	408	007fff
		408	622		
	622			456	00488f
		456	614		
rect	615	409	622	456	0070e0
line	614	250	614	231	909048
		231	622		
	622			250	505028
		250	614		
rect	615	232	622	250	707038
line	614	328	614	251	ffff7f
		251	622		
	622			328	909048
		328	614		
rect	615	252	622	328	e0e070
line	614	164	614	103	904848
		103	622		
	622			164	502828
		164	614		
rect	615	104	622	164	703838
line	614	200	614	165	ff7f7f
		165	622		
	622			200	904848
		200	614		
rect	615	166	622	200	e07070
line	618	8	629	8	90488f
			618	9	
	629		629		
	618	36		36	
			618	35	
	629		629		
rect	620	10	628	35	703870
		35			c060c0
	634	49	636	52	7fff7f
		53		56	60c060
		57		60	
		61		64	
		65		68	
		69		72	7fff7f
		73		76	0060c0
		77		80	
		81		84	
		85		88	
		89		92	007fff
		93		96	183018
		97		100	
		101		104	
		105		108	
		109		112	
		113		116	
		117		120	
		121		124	
		125		128	
		129		132	
		133		136	
		137		140	
		141		144	
		145		148	
		149		152	
		153		156	
		157		160	
		161		164	
		165		168	
		169		172	
		173		176	
		177		180	
		181		184	
		185		188	
		189		192	
		193		196	
		197		200	
		201		204	
		205		208	
		209		212	
		213		216	
		217		220	
		221		224	
		225		228	
		229		232	
		233		236	
		237		240	
		241		244	
		245		248	
		249		252	
		253		256	
		257		260	
		261		264	
		265		268	
		269		272	
		273		276	
		277		280	
		281		284	
		285		288	
		289		292	
		293		296	
		297		300	
		301		304	
		305		308	
		309		312	
		313		316	
		317		320	
		321		324	
		325		328	
		329		332	
		333		336	
		337		340	
		341		344	
		345		348	
		349		352	
		353		356	
		357		360	
		361		364	
		365		368	
		369		372	
		373		376	
		377		380	
		381		384	
		385		388	
		389		392	
		393		396	
		397		400	
		401		404	
		405		408	
		409		412	
		413		416	
		417		420	
		421		424	
		425		428	
		429		432	
		433		436	
		437		440	
		441		444	
		445		448	
	621	52	631	56	303000
		57		61	
		62		66	
		67		71	
		72		76	
		77		81	
		82		86	
	7	7	115	115	00ff00
	8	8	114	114	001000
	50	50	72	72	003000
point	63	65	00e000
	72		
	33	69	
	32	68	
	23	67	
	32	69	
	72	62	
	70	66	
	71	67	
	70	64	
	72	65	
	67	67	
	61	61	
	62		
	73	64	
	32	69	
	31	65	
	70	62	
		60	
	64	62	
	65		
	22	67	
	31	68	
	33	69	
rect	12	320	121	440	001000
tint	15	320	23	333	00ff00	/font/5001/42
	21		29			/font/5001/55
	27		35			/font/5001/49
	33		41			/font/5001/4c
	39		47			/font/5001/44
	45		53			/font/5001/20
	51		59			/font/5001/53
	57		65			/font/5001/48
	63		71			/font/5001/49
	69		77			/font/5001/50
	75		83			/font/5001/53
line	12	342	119	342	009000
tint	15	332	23	345	00ff00	/font/5001/46
	21		29			/font/5001/61
	27		35			/font/5001/6e
	33		41			/font/5001/73
	39		47			/font/5001/69
	45		53			/font/5001/20
	51		59			/font/5001/41
	57		65			/font/5001/6c
	63		71			/font/5001/70
	69		77			/font/5001/68
	75		83			/font/5001/61
	15	344	23	357		/font/5001/46
	21		29			/font/5001/69
	27		35			/font/5001/67
	33		41			/font/5001/68
	39		47			/font/5001/74
	45		53			/font/5001/65
	51		59			/font/5001/72
line	12	367	12	356	009000
		356	120		
	120			367	005000
		367	12		
rect	13	357	120	367	007000
tint	15	356	23	369	00ff00	/font/5001/43
	21		29			/font/5001/72
	27		35			/font/5001/75
	33		41			/font/5001/69
	39		47			/font/5001/73
	45		53			/font/5001/65
	51		59			/font/5001/72
	15	368	23	381		/font/5001/47
	21		29			/font/5001/75
	27		35			/font/5001/6e
	33		41			/font/5001/73
	39		47			/font/5001/68
	45		53			/font/5001/69
	51		59			/font/5001/70
	15	380	23	393		/font/5001/54
	21		29			/font/5001/72
	27		35			/font/5001/61
	33		41			/font/5001/6e
	39		47			/font/5001/73
	45		53			/font/5001/70
	51		59			/font/5001/6f
	57		65			/font/5001/72
	63		71			/font/5001/74
	15	392	23	405		/font/5001/45
	21		29			/font/5001/6e
	27		35			/font/5001/67
	33		41			/font/5001/69
	39		47			/font/5001/6e
	45		53			/font/5001/65
	51		59			
	57		65			/font/5001/72
	63		71			/font/5001/20
	69		77			/font/5001/50
	75		83			/font/5001/6f
	81		89			/font/5001/64
	15	404	23	417		/font/5001/41
	21		29			/font/5001/73
	27		35			
	33		41			/font/5001/61
	39		47			/font/5001/75
	45		53			/font/5001/6c
	51		59			/font/5001/74
	57		65			/font/5001/20
	63		71			/font/5001/54
	69		77			/font/5001/72
	75		83			/font/5001/61
	81		89			/font/5001/6e
	87		95			/font/5001/73
	93		101			/font/5001/70
	99		107			/font/5001/6f
	105		113			/font/5001/72
	111		119			/font/5001/74
line	12	438	119	438	009000
rect	16	450	114	475	001010
line	17	461	17	450	00c0c0
		450	43		
	43			461	007070
		461	17		
rect	18	451	43	461	009090
tint	19	450	27	463	00ffff	/font/5001/52
	25		33			/font/5001/47
	31		39			/font/5001/48
	37		45			/font/5001/54
	43		51			/font/5001/20
	49		57			/font/5001/42
	55		63			/font/5001/75
	61		69			/font/5001/69
	67		75			/font/5001/6c
	73		81			/font/5001/64
line	17	473	17	462	00c0c0
		462	43		
	43			473	007070
		473	17		
rect	18	463	43	473	009090
tint	19	462	27	475	00ffff	/font/5001/4c
	25		33			/font/5001/45
	31		39			/font/5001/46
	37		45			/font/5001/54
	43		51			/font/5001/20
	49		57			/font/5001/4d
	55		63			/font/5001/61
	61		69			/font/5001/69
	67		75			/font/5001/6e
	73		81			/font/5001/20
	79		87			/font/5001/4d
	85		93			/font/5001/65
	91		99			/font/5001/6e
	97		105			/font/5001/75
line	12	191	12	180	ffff00
		180	119		
	119			191	909000
		191	12		
rect	13	181	119	191	c0c000
tint	15	180	23	193	000000	/font/5001/43
	21		29			/font/5001/4f
	27		35			/font/5001/4e
	33		41			/font/5001/54
	39		47			/font/5001/52
	45		53			/font/5001/4f
	51		59			/font/5001/4c
	15	192	23	205	7fff7f	/font/5001/42
	21		29			/font/5001/54
	27		35			
	33		41			/font/5001/4c
	39		47			/font/5001/53
	45		53			/font/5001/48
	51		59			/font/5001/49
	57		65			/font/5001/50
draw	18	206	32	224	/sprites/636.SMIV/0
line	14	204	35	204	489048
			14	205	
	35		35		
	14	225		225	
			14	224	
	35		35		
rect	42	206	49	207	003870
		207		224	0060c0
line	40	204	50	204	00488f
			40	205	
	50		50		
	40	225		225	
			40	224	
	50		50		
rect	55	206	62	209	707000
		209		224	c0c000
line	53	204	63	204	909000
			53	205	
	63		63		
	53	225		225	
			53	224	
	63		63		
tint	69	204	77	217	7fff7f	/font/5001/43
	75		83			/font/5001/4d
	81		89			/font/5001/49
	87		95			/font/5001/53
	93		101			
	99		107			/font/5001/49
	105		113			/font/5001/4c
	111		119			/font/5001/45
	69	216	77	229		/font/5001/54
	75		83			/font/5001/57
	81		89			/font/5001/4e
	87		95			/font/5001/50
	93		101			
	99		107			/font/5001/55
	105		113			/font/5001/4c
	111		119			/font/5001/53
	12	228	20	241	00ff00	/font/5001/47
	18		26			/font/5001/75
	24		32			/font/5001/6e
	30		38			/font/5001/73
	36		44			/font/5001/68
	42		50			/font/5001/69
	48		56			/font/5001/70
line	12	263	12	252	007fff
		252	119		
	119			263	00488f
		263	12		
rect	13	253	119	263	0060c0
tint	15	252	23	265	000000	/font/5001/54
	21		29			/font/5001/41
	27		35			/font/5001/52
	33		41			/font/5001/47
	39		47			/font/5001/45
	45		53			/font/5001/54
	15	264	23	277	7fff7f	/font/5001/47
	21		29			/font/5001/55
	27		35			/font/5001/4e
	33		41			/font/5001/53
	39		47			/font/5001/48
	45		53			/font/5001/49
	51		59			/font/5001/50
draw	16	280	34	294	/sprites/509.SMIV/0
line	14	276	35	276	489048
			14	277	
	35		35		
	14	297		297	
			14	296	
	35		35		
rect	42	278	49	287	003870
		287		296	0060c0
line	40	276	50	276	00488f
			40	277	
	50		50		
	40	297		297	
			40	296	
	50		50		
rect	55	278	62	282	707000
		282		296	c0c000
line	53	276	63	276	909000
			53	277	
	63		63		
	53	297		297	
			53	296	
	63		63		
tint	69	276	77	289	7fff7f	/font/5001/50
	75		83			/font/5001/4b
	81		89			/font/5001/42
	87		95			/font/5001/45
	93		101			/font/5001/41
	99		107			/font/5001/4d
	105		113			/font/5001/20
	111		119			/font/5001/31
	69	288	77	301		/font/5001/4c
	75		83			/font/5001/42
	81		89			/font/5001/45
	87		95			/font/5001/41
	93		101			/font/5001/4d
	99		107			/font/5001/20
	105		113			/font/5001/31
