point	220	208	d0d0d0
	541	56	
	425	41	b0b0b0
	590	348	
	431	356	808080
	361	290	b0b0b0
	307	365	d0d0d0
	598	324	808080
	404	261	
	573	59	b0b0b0
	484	313	d0d0d0
	431	229	808080
	135	394	
	361	243	
	351	2	
	259	164	b0b0b0
	462	134	
	300	241	
	362	73	
	287	363	
	403	440	
	405	36	d0d0d0
	561	182	808080
	154	85	
	313	350	b0b0b0
	447	348	808080
	237	86	b0b0b0
	478	346	
	570	222	808080
	515	370	
	422	455	b0b0b0
	518	212	808080
	235	312	
	424	371	d0d0d0
	587	255	b0b0b0
	534	102	808080
	532	42	
	590	195	
	257	291	
	396	432	
	204	286	d0d0d0
	432	175	808080
	220	331	d0d0d0
	556	149	808080
	487	300	
	317	33	b0b0b0
	331		808080
	483	244	d0d0d0
	262	163	
	137	342	b0b0b0
	368	12	808080
	332	10	
	131	321	
	572	266	d0d0d0
	440	443	808080
	529	458	d0d0d0
	276	234	808080
	485	185	
	269	258	
	203	404	
	513	91	d0d0d0
	161	141	b0b0b0
	387	103	d0d0d0
	178	224	808080
	134	162	d0d0d0
	421	276	808080
	600	459	
	270	330	b0b0b0
	218	352	808080
	384	72	
	229	156	
	328	12	b0b0b0
	517	357	
	301	110	808080
	275	371	d0d0d0
	230	353	
	224	286	
	250	268	
	239	201	808080
	591	166	
	497	126	
	453	227	
	512	204	
	367	353	
	158	300	b0b0b0
	384	307	d0d0d0
	493	119	808080
	131	35	b0b0b0
	412	368	
	329	230	808080
	572	99	b0b0b0
	527	402	
	277	137	d0d0d0
	330	161	808080
	574	19	b0b0b0
	340	386	808080
	338	383	
	347	208	b0b0b0
	593	81	
	549	120	
	433	261	
	605	435	
	528	429	808080
	328	250	
	132	284	d0d0d0
	500	72	
	536	176	808080
	157	408	d0d0d0
	275	369	808080
	235	252	d0d0d0
	395	160	
	558	124	808080
	146	401	b0b0b0
	557	122	
	367	402	808080
	413	150	d0d0d0
	441	365	808080
	500	158	
	276	372	d0d0d0
	575	333	808080
	367	210	
	552	214	
	591	260	b0b0b0
	561	15	d0d0d0
	578	120	808080
	635	426	301800
	438	395	
	547	471	
	577	456	
	710	334	
	756	361	
	576	456	
	515	294	
	455	418	
	593	265	
rect	137	0	138	481	000050
	128	332	609	333	
line	502	302	489	295	00ff00
	582	396	568	384	ffff7f
	398	235	392	232	
	466	312	455	305	
crop	635	266	675	316	98	123	ffffff	/sprites/...
static	515	245	543	288	00000000	32	/sprites/...
crop	345	218	389	260	57	52	ffffff	/sprites/...
	-11	337	5	341	0	19		
line	560	291	549	280	489048
			545	295	
	549	280			204020
draw	0	0	128	480	/pictures/501.png
	608		640		/pictures/512.png
rect	614	359	615	414	00488f
			623	360	
	622			414	002850
	614	413			
	615	360	622	413	003870
	614	414	615	457	007fff
			623	415	
	622			457	00488f
	614	456			
	615	415	622	456	0070e0
	614	231	615	258	909048
			623	232	
	622			258	505028
	614	257			
	615	232	622	257	707038
	614	258	615	329	ffff7f
			623	259	
	622			329	909048
	614	328			
	615	259	622	328	e0e070
	614	103	615	166	904848
			623	104	
	622			166	502828
	614	165			
	615	104	622	165	703838
	614	166	615	201	ff7f7f
			623	167	
	622			201	904848
	614	200			
	615	167	622	200	e07070
	618	8	630	9	90488f
			619	10	
	629		630		
	618	36		37	
		35	619		
	629		630		
	620	10	628	35	703870
		35			c060c0
	634	49	636	52	7fff7f
		53		56	60c060
		57		60	
		61		64	
		65		68	
		69		72	7fff7f
		73		76	0060c0
		77		80	
		81		84	
		85		88	
		89		92	007fff
		93		96	183018
		97		100	
		101		104	
		105		108	
		109		112	
		113		116	
		117		120	
		121		124	
		125		128	
		129		132	
		133		136	
		137		140	
		141		144	
		145		148	
		149		152	
		153		156	
		157		160	
		161		164	
		165		168	
		169		172	
		173		176	
		177		180	
		181		184	
		185		188	
		189		192	
		193		196	
		197		200	
		201		204	
		205		208	
		209		212	
		213		216	
		217		220	
		221		224	
		225		228	
		229		232	
		233		236	
		237		240	
		241		244	
		245		248	
		249		252	
		253		256	
		257		260	
		261		264	
		265		268	
		269		272	
		273		276	
		277		280	
		281		284	
		285		288	
		289		292	
		293		296	
		297		300	
		301		304	
		305		308	
		309		312	
		313		316	
		317		320	
		321		324	
		325		328	
		329		332	
		333		336	
		337		340	
		341		344	
		345		348	
		349		352	
		353		356	
		357		360	
		361		364	
		365		368	
		369		372	
		373		376	
		377		380	
		381		384	
		385		388	
		389		392	
		393		396	
		397		400	
		401		404	
		405		408	
		409		412	
		413		416	
		417		420	
		421		424	
		425		428	
		429		432	
		433		436	
		437		440	
		441		444	
		445		448	
	621	52	631	56	303000
		57		61	
		62		66	
		67		71	
		72		76	
		77		81	
		82		86	
	7	7	115	115	00ff00
	8	8	114	114	001000
	57	57	65	65	003000
point	67	64	00e000
	71	66	
	49	71	
	50	66	
	49	62	
	51	67	
	66	62	
	69	67	
	72	61	
	61	72	
	70	66	
	59	70	
	54	62	
	65	68	
	62	62	
	50	69	
		63	
	68	67	
	64	61	
	61		
	64	63	
	49	61	
		69	
	63	62	
	50	69	
rect	12	320	121	440	001000
		342	120	343	009000
		356	13	368	
			121	357	
	120			368	005000
	12	367			
	13	357	120	367	007000
	12	438		439	009000
	16	450	114	475	001010
	17		18	462	00c0c0
			44	451	
	43			462	007070
	17	461			
	18	451	43	461	009090
	17	462	18	474	00c0c0
			44	463	
	43			474	007070
	17	473			
	18	463	43	473	009090
crop	15	320	21	332	16	48	00ff00	/fonts/computer.png
	21		27		40	60		
	27		33		72	48		
	33		39		96			
	39		45		32			
	45		51		0	24		
	51		57		24	60		
	57		63		64	48		
	63		69		72			
	69		75		0	60		
	75		81		24			
	15	332	21	344	48	48		
	21		27		8	72		
	27		33		112			
	33		39		24	84		
	39		45		72	72		
	45		51		0	24		
	51		57		8	48		
	57		63		96	72		
	63		69		0	84		
	69		75		64	72		
	75		81		8			
	15	344	21	356	48	48		
	21		27		72	72		
	27		33		56			
	33		39		64			
	39		45		32	84		
	45		51		40	72		
	51		57		16	84		
	15	356	21	368	24	48		
	21		27		16	84		
	27		33		40			
	33		39		72	72		
	39		45		24	84		
	45		51		40	72		
	51		57		16	84		
	15	368	21	380	56	48		
	21		27		40	84		
	27		33		112	72		
	33		39		24	84		
	39		45		64	72		
	45		51		72			
	51		57		0	84		
	15	380	21	392	32	60		
	21		27		16	84		
	27		33		8	72		
	33		39		112			
	39		45		24	84		
	45		51		0			
	51		57		120	72		
	57		63		16	84		
	63		69		32			
	15	392	21	404	40	48		
	21		27		112	72		
	27		33		56			
	33		39		72			
	39		45		112			
	45		51		40			
	51		57					
	57		63		16	84		
	63		69		0	24		
	69		75			60		
	75		81		120	72		
	81		87		32			
	15	404	21	416	8	48		
	21		27		24	84		
	27		33					
	33		39		8	72		
	39		45		40	84		
	45		51		96	72		
	51		57		32	84		
	57		63		0	24		
	63		69		32	60		
	69		75		16	84		
	75		81		8	72		
	81		87		112			
	87		93		24	84		
	93		99		0			
	99		105		120	72		
	105		111		16	84		
	111		117		32			
	19	450	25	462	16	60	00ffff	
	25		31		56	48		
	31		37		64			
	37		43		32	60		
	43		49		0	24		
	49		55		16	48		
	55		61		40	84		
	61		67		72	72		
	67		73		96			
	73		79		32			
	19	462	25	474	96	48		
	25		31		40			
	31		37		48			
	37		43		32	60		
	43		49		0	24		
	49		55		104	48		
	55		61		8	72		
	61		67		72			
	67		73		112			
	73		79		0	24		
	79		85		104	48		
	85		91		40	72		
	91		97		112			
	97		103		40	84		
rect	12	180	13	192	ffff00
			121	181	
	120			192	909000
	12	191			
	13	181	120	191	c0c000
crop	15	180	21	192	24	48	000000	/fonts/computer.png
	21		27		120			
	27		33		112			
	33		39		32	60		
	39		45		16			
	45		51		120	48		
	51		57		96			
	15	192	21	204	16		7fff7f	
	21		27		32	60		
	27		33					
	33		39		96	48		
	39		45		24	60		
	45		51		64	48		
	51		57		72			
	57		63		0	60		
	18	206	32	224	19	10	ffffff	/sprites/...
rect	14	204	36	205	489048
			15	206	
	35		36		
	14	225		226	
		224	15		
	35		36		
	42	206	49	207	003870
		207		224	0060c0
	40	204	51	205	00488f
			41	206	
	50		51		
	40	225		226	
		224	41		
	50		51		
	55	206	62	209	707000
		209		224	c0c000
	53	204	64	205	909000
			54	206	
	63		64		
	53	225		226	
		224	54		
	63		64		
crop	69	204	75	216	24	48	7fff7f	/fonts/computer.png
	75		81		104			
	81		87		72			
	87		93		24	60		
	93		99					
	99		105		72	48		
	105		111		96			
	111		117		40			
	69	216	75	228	32	60		
	75		81		56			
	81		87		112	48		
	87		93		0	60		
	93		99					
	99		105		40			
	105		111		96	48		
	111		117		24	60		
	12	228	18	240	56	48	00ff00	
	18		24		40	84		
	24		30		112	72		
	30		36		24	84		
	36		42		64	72		
	42		48		72			
	48		54		0	84		
rect	12	252	13	264	007fff
			121	253	
	120			264	00488f
	12	263			
	13	253	120	263	0060c0
crop	15	252	21	264	32	60	000000	/fonts/computer.png
	21		27		8	48		
	27		33		16	60		
	33		39		56	48		
	39		45		40			
	45		51		32	60		
	15	264	21	276	56	48	7fff7f	
	21		27		40	60		
	27		33		112	48		
	33		39		24	60		
	39		45		64	48		
	45		51		72			
	51		57		0	60		
	16	280	34	294	5	6	ffffff	/sprites/...
rect	14	276	36	277	489048
			15	278	
	35		36		
	14	297		298	
		296	15		
	35		36		
	42	278	49	288	003870
		288		296	0060c0
	40	276	51	277	00488f
			41	278	
	50		51		
	40	297		298	
		296	41		
	50		51		
	55	278	62	283	707000
		283		296	c0c000
	53	276	64	277	909000
			54	278	
	63		64		
	53	297		298	
		296	54		
	63		64		
crop	69	276	75	288	0	60	7fff7f	/fonts/computer.png
	75		81		88	48		
	81		87		16			
	87		93		40			
	93		99		8			
	99		105		104			
	105		111		0	24		
	111		117		8	36		
	69	288	75	300	96	48		
	75		81		16			
	81		87		40			
	87		93		8			
	93		99		104			
	99		105		0	24		
	105		111		8	36		
