point	147	358	b0b0b0
	246	227	
	184	247	
	204	445	d0d0d0
	430	451	808080
	272	398	b0b0b0
	422	169	d0d0d0
	157	359	808080
	587	119	b0b0b0
	419	165	d0d0d0
	586	233	b0b0b0
	353	318	
	293	213	d0d0d0
	160	137	808080
	362	168	d0d0d0
	425	459	b0b0b0
	477	91	
	454	150	808080
	273	94	b0b0b0
	155	180	808080
	429	327	b0b0b0
	189	119	
	496	238	808080
	161	96	d0d0d0
	547	296	808080
	412	197	d0d0d0
	451	308	b0b0b0
	458	341	808080
	371	469	b0b0b0
	572	395	808080
	465	365	d0d0d0
	194	76	b0b0b0
	430	79	
	514	99	808080
	573	38	
	225	251	
	232	277	
	571	105	
	354	6	d0d0d0
	265	126	
	547	43	b0b0b0
	556	87	
	431	188	d0d0d0
	254	220	b0b0b0
	578	36	
	169	13	808080
	132	452	d0d0d0
	425	323	b0b0b0
	218	321	
	470	123	808080
	537	196	b0b0b0
	420	383	
	520	14	
	548	376	
	296	295	
	536	448	808080
	318	456	d0d0d0
	169	103	808080
	168	253	d0d0d0
	346	104	b0b0b0
	375	157	808080
	343	408	
	545	60	
	149	236	d0d0d0
	517	208	b0b0b0
	236	124	d0d0d0
	171	414	b0b0b0
	564	58	d0d0d0
	418	76	b0b0b0
	248	277	
	591	337	808080
	597	393	d0d0d0
	542	464	b0b0b0
	327	360	808080
	143	21	b0b0b0
	149	440	808080
	138	382	d0d0d0
	195	139	b0b0b0
	436	171	d0d0d0
	495	12	808080
	216	83	d0d0d0
	497	324	b0b0b0
	600	262	808080
	490	334	d0d0d0
	447	71	808080
	551	120	d0d0d0
	347	456	
	147	423	
	423	195	
	338	163	b0b0b0
	470	306	d0d0d0
	378	265	808080
	565	149	
	149	171	d0d0d0
	385	78	b0b0b0
	291	364	808080
	554	395	
	587	306	b0b0b0
	291	409	808080
	578	233	b0b0b0
	465	467	808080
	522	259	
	561	27	d0d0d0
	350	275	
	276	299	b0b0b0
	243	40	d0d0d0
	184	340	b0b0b0
	579	443	
	525	58	
	281	86	d0d0d0
	203	262	
	192	406	b0b0b0
	568	2	
	229	390	d0d0d0
	149	139	808080
	507	59	b0b0b0
	165	9	808080
	313	390	b0b0b0
	442	257	808080
	336	404	
	444	178	
	171	140	
	264	470	
	344	99	d0d0d0
	142	3	808080
	-473	1469	100800
	-233	1395	
	-425	1481	
	-191	1529	
	-177	1348	
	-481	1253	
	-158	1374	
	-260	1364	
	-209	1279	
	-445	1286	
	465	249	703800
	471	224	
	572	387	
	576	464	
	391	250	
	584	417	
	457	343	
	593	403	
	436	300	
	582	365	
	624	402	
	412	399	
	421	485	
	537	401	
	620	331	
	572	466	
	392	321	
	493	291	
	519	463	
	401	441	
	474	308	c06000
	452	292	
	535	265	
	538	318	
	527	263	
	532	276	
	467	305	
	474	299	
	526	342	
	459	261	
	548	237	ff7f00
	550	243	
	554	242	
	550		
	548	244	
	553	238	
	548	243	
	554	241	
	551	244	
	553	241	
	506	405	201000
	670	456	
	408	397	
	457	246	
	693	586	
	588	445	
	407	338	
	566	513	
	619	310	
	451	461	
rect	173	0	174	481	000050
	128	83	609	84	
line	124	-319	110	-309	00ff00
	616	377	602	368	
	422	251	412	245	ffff7f
	510	331	495	322	
draw	339	205	467	333	/sprites/1020.SMIV/0
	345	218	389	260	/sprites/509.SMIV/7
	527	313	559	340	/sprites/501.SMIV/23
static	512	224	564	270	f0f078	124	/sprites/514.SMIV/17
draw	100	46	132	75	/sprites/501.SMIV/15
	424	173	452	216	/sprites/502.SMIV/9
	473	201	517	253	/sprites/506.SMIV/13
	171	85	187	101	/sprites/507.SMIV/5
static	416	391	444	430	00000000	100	/sprites/502.SMIV/8
draw	187	235	251	329	/sprites/636.SMIV/11
	194	132	210	147	/sprites/507.SMIV/6
	193	103	201	107	/sprites/513.SMIV/10
	372	358	388	377	/sprites/547.SMIV/0
	63	26	167	114	/sprites/504.SMIV/11
	337	408	357	420	/sprites/547.SMIV/1
	452	256	463	265	/sprites/504.SMIV/19
	322	366	337	382	/sprites/554.SMIV/10
	534	275	542	286	/sprites/503.SMIV/0
	249	313	265	320	/sprites/528.SMIV/8
	543	235	551	242	/sprites/504.SMIV/18
	91	-11	203	81	/sprites/504.SMIV/13
dither	200	451	444	468	300000
crop	204	455	211	466	0	22	000000	/fonts/tactical
	211		218		24	44		
	218		225		16	77		
	225		232		40			
	232		239		72	66		
	239		246		24	77		
	246		253		40	66		
	253		260		16	77		
	260		267		0	22		
	267		274		32	66		
	274		281		40			
	281		288		24	77		
	288		295		32			
	295		302		16			
	302		309		120	66		
	309		316		72	77		
	316		323		40	66		
	323		330		32			
	330		337		112	22		
	337		344		0			
	344		351					
	351		358		56	33		
	358		365		0	22		
	365		372		16	77		
	372		379		40	66		
	379		386		104			
	386		393		8			
	393		400		72			
	400		407		112			
	407		414		72			
	414		421		112			
	421		428		56			
	428		435		112	22		
	435		442		0			
	203	454	210	465			ff0000	
	210		217		24	44		
	217		224		16	77		
	224		231		40			
	231		238		72	66		
	238		245		24	77		
	245		252		40	66		
	252		259		16	77		
	259		266		0	22		
	266		273		32	66		
	273		280		40			
	280		287		24	77		
	287		294		32			
	294		301		16			
	301		308		120	66		
	308		315		72	77		
	315		322		40	66		
	322		329		32			
	329		336		112	22		
	336		343		0			
	343		350					
	350		357		56	33		
	357		364		0	22		
	364		371		16	77		
	371		378		40	66		
	378		385		104			
	385		392		8			
	392		399		72			
	399		406		112			
	406		413		72			
	413		420		112			
	420		427		56			
	427		434		112	22		
	434		441		0			
line	557	301	547	290	489048
			542	304	
	547	290			204020
draw	0	0	128	480	/pictures/501.png
	608		640		/pictures/512.png
rect	614	359	615	390	00488f
			623	360	
	622			390	002850
	614	389			
	615	360	622	389	003870
	614	390	615	457	007fff
			623	391	
	622			457	00488f
	614	456			
	615	391	622	456	0070e0
	614	231	615	237	909048
			623	232	
	622			237	505028
	614	236			
	615	232	622	236	707038
	614	237	615	329	ffff7f
			623	238	
	622			329	909048
	614	328			
	615	238	622	328	e0e070
	614	103	615	115	904848
			623	104	
	622			115	502828
	614	114			
	615	104	622	114	703838
	614	115	615	201	ff7f7f
			623	116	
	622			201	904848
	614	200			
	615	116	622	200	e07070
	618	8	630	9	90488f
			619	10	
	629		630		
	618	36		37	
		35	619		
	629		630		
	620	10	628	35	703870
		35			c060c0
	634	49	636	52	7fff7f
		53		56	60c060
		57		60	
		61		64	
		65		68	
		69		72	7fff7f
		73		76	60c060
		77		80	
		81		84	
		85		88	0060c0
		89		92	007fff
		93		96	0060c0
		97		100	
		101		104	
		105		108	183018
		109		112	
		113		116	
		117		120	
		121		124	
		125		128	
		129		132	
		133		136	
		137		140	
		141		144	
		145		148	
		149		152	
		153		156	
		157		160	
		161		164	
		165		168	
		169		172	
		173		176	
		177		180	
		181		184	
		185		188	
		189		192	
		193		196	
		197		200	
		201		204	
		205		208	
		209		212	
		213		216	
		217		220	
		221		224	
		225		228	
		229		232	
		233		236	
		237		240	
		241		244	
		245		248	
		249		252	
		253		256	
		257		260	
		261		264	
		265		268	
		269		272	
		273		276	
		277		280	
		281		284	
		285		288	
		289		292	
		293		296	
		297		300	
		301		304	
		305		308	
		309		312	
		313		316	
		317		320	
		321		324	
		325		328	
		329		332	
		333		336	
		337		340	
		341		344	
		345		348	
		349		352	
		353		356	
		357		360	
		361		364	
		365		368	
		369		372	
		373		376	
		377		380	
		381		384	
		385		388	
		389		392	
		393		396	
		397		400	
		401		404	
		405		408	
		409		412	
		413		416	
		417		420	
		421		424	
		425		428	
		429		432	
		433		436	
		437		440	
		441		444	
		445		448	
	621	52	631	56	303000
		57		61	
		62		66	
		67		71	
		72		76	
		77		81	
		82		86	
	7	7	115	115	00ff00
	8	8	114	114	001000
	57	57	65	65	003000
point	61	61	00e000
	65	49	
	56	51	
	64	62	
	57	50	
	64	61	
	56	51	
	40	81	
	61	63	
	41	79	
	64	61	
	56	58	
			
	59	62	
	63	61	
	62	64	
	59	62	
	61	64	
	46	79	
	44	81	
	62	61	
	58	59	
	79	87	
	58	56	
	61	61	
		63	
	56	51	
	49	57	
	45		
	64	61	
	65	63	
	63	62	
	57	57	
	62	60	
	38	65	
	63	55	
	58	59	
			
rect	12	320	121	440	001000
		342	120	343	009000
		356	13	368	
			121	357	
	120			368	005000
	12	367			
	13	357	120	367	007000
	12	438		439	009000
	16	450	114	475	001010
	17		18	462	00c0c0
			44	451	
	43			462	007070
	17	461			
	18	451	43	461	009090
	17	462	18	474	00c0c0
			44	463	
	43			474	007070
	17	473			
	18	463	43	473	009090
crop	15	320	21	332	16	48	00ff00	/fonts/computer
	21		27		40	60		
	27		33		72	48		
	33		39		96			
	39		45		32			
	45		51		0	24		
	51		57		24	60		
	57		63		64	48		
	63		69		72			
	69		75		0	60		
	75		81		24			
	15	332	21	344	48	48		
	21		27		8	72		
	27		33		112			
	33		39		24	84		
	39		45		72	72		
	45		51		0	24		
	51		57		8	48		
	57		63		96	72		
	63		69		0	84		
	69		75		64	72		
	75		81		8			
	15	344	21	356	48	48		
	21		27		72	72		
	27		33		56			
	33		39		64			
	39		45		32	84		
	45		51		40	72		
	51		57		16	84		
	15	356	21	368	24	48		
	21		27		16	84		
	27		33		40			
	33		39		72	72		
	39		45		24	84		
	45		51		40	72		
	51		57		16	84		
	15	368	21	380	56	48		
	21		27		40	84		
	27		33		112	72		
	33		39		24	84		
	39		45		64	72		
	45		51		72			
	51		57		0	84		
	15	380	21	392	32	60		
	21		27		16	84		
	27		33		8	72		
	33		39		112			
	39		45		24	84		
	45		51		0			
	51		57		120	72		
	57		63		16	84		
	63		69		32			
	15	392	21	404	40	48		
	21		27		112	72		
	27		33		56			
	33		39		72			
	39		45		112			
	45		51		40			
	51		57					
	57		63		16	84		
	63		69		0	24		
	69		75			60		
	75		81		120	72		
	81		87		32			
	15	404	21	416	8	48		
	21		27		24	84		
	27		33					
	33		39		8	72		
	39		45		40	84		
	45		51		96	72		
	51		57		32	84		
	57		63		0	24		
	63		69		32	60		
	69		75		16	84		
	75		81		8	72		
	81		87		112			
	87		93		24	84		
	93		99		0			
	99		105		120	72		
	105		111		16	84		
	111		117		32			
	19	450	25	462	16	60	00ffff	
	25		31		56	48		
	31		37		64			
	37		43		32	60		
	43		49		0	24		
	49		55		16	48		
	55		61		40	84		
	61		67		72	72		
	67		73		96			
	73		79		32			
	19	462	25	474	96	48		
	25		31		40			
	31		37		48			
	37		43		32	60		
	43		49		0	24		
	49		55		104	48		
	55		61		8	72		
	61		67		72			
	67		73		112			
	73		79		0	24		
	79		85		104	48		
	85		91		40	72		
	91		97		112			
	97		103		40	84		
rect	12	180	13	192	ffff00
			121	181	
	120			192	909000
	12	191			
	13	181	120	191	c0c000
crop	15	180	21	192	24	48	000000	/fonts/computer
	21		27		120			
	27		33		112			
	33		39		32	60		
	39		45		16			
	45		51		120	48		
	51		57		96			
	15	192	21	204	56		7fff7f	
	21		27		40	60		
	27		33		112	48		
	33		39		24	60		
	39		45		64	48		
	45		51		72			
	51		57		0	60		
draw	16	208	34	222	/sprites/509.SMIV/0
rect	14	204	36	205	489048
			15	206	
	35		36		
	14	225		226	
		224	15		
	35		36		
	42	206	49	212	003870
		212		224	0060c0
	40	204	51	205	00488f
			41	206	
	50		51		
	40	225		226	
		224	41		
	50		51		
	55	206	62	207	707000
		207		224	c0c000
	53	204	64	205	909000
			54	206	
	63		64		
	53	225		226	
		224	54		
	63		64		
crop	69	204	75	216	0	60	7fff7f	/fonts/computer
	75		81		88	48		
	81		87		16			
	87		93		40			
	93		99		8			
	99		105		104			
	105		111		0	24		
	111		117		8	36		
	69	216	75	228	96	48		
	75		81		16			
	81		87		40			
	87		93		8			
	93		99		104			
	99		105		0	24		
	105		111		8	36		
	12	228	18	240		48	ff0000	
	18		24		112	72		
	24		30		32	84		
	30		36		72	72		
	36		42		104			
	42		48		8			
	48		54		32	84		
	54		60					
	60		66		40	72		
	66		72		16	84		
	72		78		0	24		
	78		84			60		
	84		90		40	84		
	90		96		96	72		
	96		102		24	84		
	102		108		40	72		
rect	12	252	13	264	007fff
			121	253	
	120			264	00488f
	12	263			
	13	253	120	263	0060c0
crop	15	252	21	264	32	60	000000	/fonts/computer
	21		27		8	48		
	27		33		16	60		
	33		39		56	48		
	39		45		40			
	45		51		32	60		
rect	14	276	36	277	489048
			15	278	
	35		36		
	14	297		298	
		296	15		
	35		36		
