point	477	332	b0b0b0
	576	270	
	544	295	808080
		172	
	330	442	
	602	144	b0b0b0
	262	27	808080
	470	278	d0d0d0
	438	105	b0b0b0
	172	68	808080
	437	220	b0b0b0
	203	410	
	589	81	808080
	475	335	d0d0d0
	328	64	b0b0b0
	323	8	d0d0d0
	134	241	808080
	355	141	
	436	59	b0b0b0
	500	236	
	330	17	d0d0d0
	547	384	808080
	397	229	
	483	313	b0b0b0
	447	287	808080
	173	465	
	302	294	b0b0b0
	359	332	808080
	219	74	b0b0b0
	473	386	808080
	227	39	b0b0b0
	489	81	d0d0d0
	206	98	
	415	90	808080
	531	59	d0d0d0
	605	238	
	132	51	808080
	471	96	
	181	225	
	410	79	b0b0b0
	440	26	
	249	180	
	181	209	808080
	581	36	d0d0d0
	519	28	
	337	19	808080
	414	399	d0d0d0
	400	18	
	529	262	
	371	114	808080
	389	182	b0b0b0
	223	364	808080
	263	479	
	399	362	b0b0b0
	148	179	
	437	439	808080
	365	10	
	549	262	
	527	398	
	403	60	
	276	148	
	244	399	
	152	272	
	331	51	b0b0b0
	368	194	
	568	103	d0d0d0
	536	273	808080
	227	50	d0d0d0
	577	79	
	484	17	b0b0b0
	492	327	808080
	400	375	d0d0d0
	393	450	b0b0b0
	279	128	
	430	136	d0d0d0
	452	474	
	285	411	
	552	259	808080
	183	470	
	260	227	b0b0b0
	596	32	808080
	348	310	b0b0b0
	501	252	808080
	210	406	
	379	124	d0d0d0
	503	75	b0b0b0
	145	334	d0d0d0
	472	215	b0b0b0
	224	105	d0d0d0
	205	4	
	265	243	
	279	256	808080
	466	140	
	473	474	b0b0b0
	373	62	
	407	51	
	454	385	808080
	438	293	b0b0b0
	578	14	
	429	219	
	366	458	808080
	422	250	
	597	195	
	147	269	b0b0b0
	606	428	808080
	162	359	
	539	161	b0b0b0
	430	429	
	508	264	d0d0d0
	461	47	b0b0b0
	454	86	d0d0d0
	391	10	808080
	580	438	d0d0d0
	557	434	808080
	453	339	d0d0d0
	475	29	808080
	506	0	
	154	232	
	343	248	
	237	423	
	345	169	
	551	231	
	163	216	
	603	464	b0b0b0
	532	185	
	456	177	a05000
	378	323	
	470	341	
	440	323	
	422	234	
	487	308	
	516	212	
	415	325	
	515	194	
	383	338	
line	492	0	492	480	005000
	128	67	608	67	000050
	642	360	657	367	ff0000
draw	146	189	274	317	/sprites/1020.SMIV/0
	349	218	393	260	/sprites/509.SMIV/17
	308	469	340	498	/sprites/501.SMIV/3
	521	318	553	345	/sprites/501.SMIV/1
static	497	203	525	242	00000000	49	/sprites/502.SMIV/16
draw	327	305	447	363	/sprites/636.SMIV/5
	69	416	73	422	/sprites/513.SMIV/15
	313	169	329	182	/sprites/507.SMIV/1
	415	436	431	450	/sprites/507.SMIV/0
	280	458	288	462	/sprites/513.SMIV/10
	559	160	575	174	/sprites/507.SMIV/22
	560	161	576		/sprites/507.SMIV/21
					
	563	159	579	175	/sprites/507.SMIV/18
	560	161	576	174	/sprites/507.SMIV/21
	559	160	575		/sprites/507.SMIV/22
					
	392	327	412	339	/sprites/547.SMIV/1
	603	53	623	69	/sprites/547.SMIV/2
	424	298	436	308	/sprites/528.SMIV/3
	581	229	593	238	/sprites/508.SMIV/1
	386	324	406	338	/sprites/547.SMIV/4
	583	241	615	272	/sprites/541.SMIV/6
dither	212	233	330	250	001830
tint	216	237	224	249	000000	/font/5000/46
	223		231			/font/5000/61
	230		238			/font/5000/6e
	237		245			/font/5000/73
	244		252			/font/5000/69
	251		259			/font/5000/20
	258		266			/font/5000/42
	265		273			/font/5000/65
	272		280			/font/5000/74
	279		287			/font/5000/61
	286		294			/font/5000/20
	293		301			/font/5000/3c
	300		308			/font/5000/20
	307		315			/font/5000/33
	314		322			/font/5000/20
	321		329			/font/5000/3e
	215	236	223	248	007fff	/font/5000/46
	222		230			/font/5000/61
	229		237			/font/5000/6e
	236		244			/font/5000/73
	243		251			/font/5000/69
	250		258			/font/5000/20
	257		265			/font/5000/42
	264		272			/font/5000/65
	271		279			/font/5000/74
	278		286			/font/5000/61
	285		293			/font/5000/20
	292		300			/font/5000/3c
	299		307			/font/5000/20
	306		314			/font/5000/33
	313		321			/font/5000/20
	320		328			/font/5000/3e
line	174	284	189	288	489048
			185	274	
	189	288			204020
draw	0	0	128	480	/pictures/501.png
	608		640		/pictures/512.png
line	614	405	614	359	00488f
		359	622		
	622			405	002850
		405	614		
rect	615	360	622	405	003870
line	614	456	614	406	007fff
		406	622		
	622			456	00488f
		456	614		
rect	615	407	622	456	0070e0
line	614	328	614	231	ffff7f
		231	622		
	622			328	909048
		328	614		
rect	615	232	622	328	e0e070
line	614	114	614	103	904848
		103	622		
	622			114	502828
		114	614		
rect	615	104	622	114	703838
line	614	200	614	115	ff7f7f
		115	622		
	622			200	904848
		200	614		
rect	615	116	622	200	e07070
line	618	8	629	8	90488f
			618	9	
	629		629		
	618	36		36	
			618	35	
	629		629		
rect	620	10	628	35	703870
		35			c060c0
	634	49	636	52	7fff7f
		53		56	60c060
		57		60	
		61		64	
		65		68	
		69		72	007fff
		73		76	0060c0
		77		80	
		81		84	
		85		88	
		89		92	183018
		93		96	
		97		100	
		101		104	
		105		108	
		109		112	
		113		116	
		117		120	
		121		124	
		125		128	
		129		132	
		133		136	
		137		140	
		141		144	
		145		148	
		149		152	
		153		156	
		157		160	
		161		164	
		165		168	
		169		172	
		173		176	
		177		180	
		181		184	
		185		188	
		189		192	
		193		196	
		197		200	
		201		204	
		205		208	
		209		212	
		213		216	
		217		220	
		221		224	
		225		228	
		229		232	
		233		236	
		237		240	
		241		244	
		245		248	
		249		252	
		253		256	
		257		260	
		261		264	
		265		268	
		269		272	
		273		276	
		277		280	
		281		284	
		285		288	
		289		292	
		293		296	
		297		300	
		301		304	
		305		308	
		309		312	
		313		316	
		317		320	
		321		324	
		325		328	
		329		332	
		333		336	
		337		340	
		341		344	
		345		348	
		349		352	
		353		356	
		357		360	
		361		364	
		365		368	
		369		372	
		373		376	
		377		380	
		381		384	
		385		388	
		389		392	
		393		396	
		397		400	
		401		404	
		405		408	
		409		412	
		413		416	
		417		420	
		421		424	
		425		428	
		429		432	
		433		436	
		437		440	
		441		444	
		445		448	
	621	52	631	56	303000
		57		61	
		62		66	
		67		71	
		72		76	
		77		81	
		82		86	
	7	7	115	115	00ff00
	8	8	114	114	001000
	57	57	65	65	003000
point	65	58	00e000
	58	61	
	77	51	
	73	63	
	60	65	
	75	61	
	61	63	
			
	66	59	
	62	62	
	65	61	
	66	63	
	65	61	
	64	62	
	61	63	
	66		
	36	81	
	42	60	
	64	47	
	39	55	
	27	54	
	66	56	
	60	60	
	62	65	
	64	55	
	52	65	
	55	64	
	63	61	
	21	66	
	71	45	
	60	65	
	68	60	
	66	57	
	64	60	
			
			
			
			
			
			
rect	12	320	121	440	001000
tint	15	320	23	333	00ff00	/font/5001/42
	21		29			/font/5001/55
	27		35			/font/5001/49
	33		41			/font/5001/4c
	39		47			/font/5001/44
	45		53			/font/5001/20
	51		59			/font/5001/53
	57		65			/font/5001/48
	63		71			/font/5001/49
	69		77			/font/5001/50
	75		83			/font/5001/53
line	12	342	119	342	009000
tint	15	332	23	345	00ff00	/font/5001/46
	21		29			/font/5001/61
	27		35			/font/5001/6e
	33		41			/font/5001/73
	39		47			/font/5001/69
	45		53			/font/5001/20
	51		59			/font/5001/41
	57		65			/font/5001/6c
	63		71			/font/5001/70
	69		77			/font/5001/68
	75		83			/font/5001/61
	15	344	23	357		/font/5001/46
	21		29			/font/5001/69
	27		35			/font/5001/67
	33		41			/font/5001/68
	39		47			/font/5001/74
	45		53			/font/5001/65
	51		59			/font/5001/72
line	12	367	12	356	009000
		356	120		
	120			367	005000
		367	12		
rect	13	357	120	367	007000
tint	15	356	23	369	00ff00	/font/5001/43
	21		29			/font/5001/72
	27		35			/font/5001/75
	33		41			/font/5001/69
	39		47			/font/5001/73
	45		53			/font/5001/65
	51		59			/font/5001/72
	15	368	23	381		/font/5001/47
	21		29			/font/5001/75
	27		35			/font/5001/6e
	33		41			/font/5001/73
	39		47			/font/5001/68
	45		53			/font/5001/69
	51		59			/font/5001/70
	15	380	23	393		/font/5001/54
	21		29			/font/5001/72
	27		35			/font/5001/61
	33		41			/font/5001/6e
	39		47			/font/5001/73
	45		53			/font/5001/70
	51		59			/font/5001/6f
	57		65			/font/5001/72
	63		71			/font/5001/74
	15	392	23	405		/font/5001/45
	21		29			/font/5001/6e
	27		35			/font/5001/67
	33		41			/font/5001/69
	39		47			/font/5001/6e
	45		53			/font/5001/65
	51		59			
	57		65			/font/5001/72
	63		71			/font/5001/20
	69		77			/font/5001/50
	75		83			/font/5001/6f
	81		89			/font/5001/64
	15	404	23	417		/font/5001/41
	21		29			/font/5001/73
	27		35			
	33		41			/font/5001/61
	39		47			/font/5001/75
	45		53			/font/5001/6c
	51		59			/font/5001/74
	57		65			/font/5001/20
	63		71			/font/5001/54
	69		77			/font/5001/72
	75		83			/font/5001/61
	81		89			/font/5001/6e
	87		95			/font/5001/73
	93		101			/font/5001/70
	99		107			/font/5001/6f
	105		113			/font/5001/72
	111		119			/font/5001/74
line	12	438	119	438	009000
rect	16	450	114	475	001010
line	17	461	17	450	00c0c0
		450	43		
	43			461	007070
		461	17		
rect	18	451	43	461	009090
tint	19	450	27	463	00ffff	/font/5001/52
	25		33			/font/5001/47
	31		39			/font/5001/48
	37		45			/font/5001/54
	43		51			/font/5001/20
	49		57			/font/5001/42
	55		63			/font/5001/75
	61		69			/font/5001/69
	67		75			/font/5001/6c
	73		81			/font/5001/64
line	17	473	17	462	00c0c0
		462	43		
	43			473	007070
		473	17		
rect	18	463	43	473	009090
tint	19	462	27	475	00ffff	/font/5001/4c
	25		33			/font/5001/45
	31		39			/font/5001/46
	37		45			/font/5001/54
	43		51			/font/5001/20
	49		57			/font/5001/4d
	55		63			/font/5001/61
	61		69			/font/5001/69
	67		75			/font/5001/6e
	73		81			/font/5001/20
	79		87			/font/5001/4d
	85		93			/font/5001/65
	91		99			/font/5001/6e
	97		105			/font/5001/75
line	12	191	12	180	ffff00
		180	120		
	120			191	909000
		191	12		
rect	13	181	120	191	c0c000
tint	15	180	23	193	000000	/font/5001/43
	21		29			/font/5001/4f
	27		35			/font/5001/4e
	33		41			/font/5001/54
	39		47			/font/5001/52
	45		53			/font/5001/4f
	51		59			/font/5001/4c
	15	192	23	205	7fff7f	/font/5001/47
	21		29			/font/5001/55
	27		35			/font/5001/4e
	33		41			/font/5001/53
	39		47			/font/5001/48
	45		53			/font/5001/49
	51		59			/font/5001/50
draw	16	208	34	222	/sprites/509.SMIV/0
line	14	204	35	204	489048
			14	205	
	35		35		
	14	225		225	
			14	224	
	35		35		
rect	42	206	49	215	003870
		215		224	0060c0
line	40	204	50	204	00488f
			40	205	
	50		50		
	40	225		225	
			40	224	
	50		50		
rect	55	206	62	206	707000
				224	c0c000
line	53	204	63	204	909000
			53	205	
	63		63		
	53	225		225	
			53	224	
	63		63		
tint	69	204	77	217	7fff7f	/font/5001/50
	75		83			/font/5001/4b
	81		89			/font/5001/42
	87		95			/font/5001/45
	93		101			/font/5001/41
	99		107			/font/5001/4d
	105		113			/font/5001/20
	111		119			/font/5001/31
	69	216	77	229		/font/5001/4c
	75		83			/font/5001/42
	81		89			/font/5001/45
	87		95			/font/5001/41
	93		101			/font/5001/4d
	99		107			/font/5001/20
	105		113			/font/5001/31
	12	228	20	241	ff0000	/font/5001/46
	18		26			/font/5001/61
	24		32			/font/5001/6e
	30		38			/font/5001/73
	36		44			/font/5001/69
	42		50			/font/5001/20
	48		56			/font/5001/42
	54		62			/font/5001/65
	60		68			/font/5001/74
	66		74			/font/5001/61
line	12	263	12	252	007fff
		252	120		
	120			263	00488f
		263	12		
rect	13	253	120	263	0060c0
tint	15	252	23	265	000000	/font/5001/54
	21		29			/font/5001/41
	27		35			/font/5001/52
	33		41			/font/5001/47
	39		47			/font/5001/45
	45		53			/font/5001/54
	15	264	23	277	7fff7f	/font/5001/46
	21		29			/font/5001/61
	27		35			/font/5001/6e
	33		41			/font/5001/73
	39		47			/font/5001/69
	45		53			/font/5001/20
	51		59			/font/5001/42
	57		65			/font/5001/65
	63		71			/font/5001/74
	69		77			/font/5001/61
draw	16	278	34	296	/sprites/1020.SMIV/0
line	14	276	35	276	489048
			14	277	
	35		35		
	14	297		297	
			14	296	
	35		35		
