point	249	236	d0d0d0
	291	459	808080
	282	74	
	552	177	
	369	477	b0b0b0
	161	304	d0d0d0
	279	51	b0b0b0
	289	62	808080
	449	401	
	229	397	
	325	441	
	586	46	
	434	25	
	363	103	b0b0b0
	504	161	808080
	299	460	b0b0b0
	342	11	d0d0d0
	553	429	808080
	428	133	d0d0d0
	330	40	
	431	1	
	581	52	b0b0b0
	423	138	808080
	512	252	b0b0b0
	387	220	808080
	427	192	b0b0b0
	537	322	808080
	304	50	
	549	458	b0b0b0
	257	296	808080
	274	264	d0d0d0
	170	476	b0b0b0
	420	231	808080
	541	161	
	381	160	
	262	262	d0d0d0
	514	195	
	487	342	
	462	269	b0b0b0
	536	285	808080
	207	450	
	369	33	b0b0b0
	331	45	
	428	335	808080
	431	182	d0d0d0
	389	199	b0b0b0
	265	180	808080
	198	305	d0d0d0
	493	248	
	391	266	
	525	395	b0b0b0
	491	438	808080
	355	247	
	172	82	b0b0b0
	421	437	
	139	359	808080
	182	197	
	181	337	d0d0d0
	254	84	
	467	3	b0b0b0
	547	127	808080
	402	366	d0d0d0
	468	61	808080
	592	252	b0b0b0
	409	369	
	265	29	d0d0d0
	139	445	
	261	310	b0b0b0
	452	372	d0d0d0
	418	5	
	194	468	b0b0b0
	138	20	808080
	324	384	
	488	343	
	385	26	b0b0b0
	401	407	808080
	601	163	b0b0b0
	396	381	
	525	212	d0d0d0
	339	47	808080
	305	421	
	229	246	d0d0d0
	376	450	808080
	492	220	d0d0d0
	186	180	
	201	284	b0b0b0
	276	144	808080
	372	214	d0d0d0
	287	472	b0b0b0
	606	394	d0d0d0
	469	214	
	528	82	808080
	249	129	
	390	94	b0b0b0
	535	188	
	597	287	808080
	340	332	d0d0d0
	395	76	b0b0b0
	279	272	808080
	326	148	
	532	336	
	204	398	b0b0b0
	337	94	808080
	513	329	
	575	451	
	406	29	b0b0b0
	498	181	
	460	417	808080
	352	158	
	380	89	b0b0b0
	409	123	
	188	251	808080
	418	324	
	530	327	b0b0b0
	591	311	d0d0d0
	367	322	808080
	191	34	b0b0b0
	314	2	
	293	118	808080
	337	411	b0b0b0
	433	91	808080
	147	407	d0d0d0
	516	455	808080
	331	156	b0b0b0
	313	307	d0d0d0
line	260	0	260	480	005000
	548		548		
	128	255	608	255	
rect	275	247	289	261	00488f
	206	258	222	274	009000
	359	231	375	247	900000
	261	250	275	264	009000
triangle	363	234	371	242	00c000
rect	257	258	263	264	00c000
	293	249	299	255	
triangle	361	233	371	243	00c000
	363	235			
	362	234	372	244	
		235	370	243	007000
plus	300	245	310	255	00c000
triangle	363	235	371	243	00c000
	213	258	221	266	
plus	347	237	357	247	00c000
triangle	317	238	327	248	00c000
	362	235	370	243	007000
	212	258	220	266	00c000
	363	235	371	243	
rect	366	235	368	237	c00000
		237		239	
		239		241	
diamond	357	229	375	247	00c000
rect	366	237	368	239	c00000
	213	269	227	283	00ff00
dither	367	219	485	236	001830
crop	371	223	378	234	48	44	000000	/fonts/tactical
	378		385		8	66		
	385		392		112			
	392		399		24	77		
	399		406		72	66		
	406		413		0	22		
	413		420		16	44		
	420		427		40	66		
	427		434		32	77		
	434		441		8	66		
	441		448		0	22		
	448		455		96	33		
	455		462		0	22		
	462		469		24	33		
	469		476		0	22		
	476		483		112	33		
	370	222	377	233	48	44	007fff	
	377		384		8	66		
	384		391		112			
	391		398		24	77		
	398		405		72	66		
	405		412		0	22		
	412		419		16	44		
	419		426		40	66		
	426		433		32	77		
	433		440		8	66		
	440		447		0	22		
	447		454		96	33		
	454		461		0	22		
	461		468		24	33		
	468		475		0	22		
	475		482		112	33		
dither	200	50	339	67	003030
crop	204	54	211	65	80	55	000000	/fonts/tactical
	211		218		120	66		
	218		225					
	225		232		104			
	232		239		0	22		
	239		246		32	77		
	246		253		120	66		
	253		260		0	22		
	260		267		8	44		
	267		274		96	66		
	274		281					
	281		288		0	22		
	288		295		120	44		
	295		302		16	66		
	302		309		80			
	309		316		40			
	316		323		24			
	323		330		32	77		
	330		337		24			
	203	53	210	64	80	55	00ffff	
	210		217		120	66		
	217		224					
	224		231		104			
	231		238		0	22		
	238		245		32	77		
	245		252		120	66		
	252		259		0	22		
	259		266		8	44		
	266		273		96	66		
	273		280					
	280		287		0	22		
	287		294		120	44		
	294		301		16	66		
	301		308		80			
	308		315		40			
	315		322		24			
	322		329		32	77		
	329		336		24			
line	229	96	232	111	489048
			244	100	
	232	111			204020
draw	0	0	128	480	/pictures/501.png
	608		640		/pictures/512.png
crop	29	159	35	171	0	36	ff0000	/fonts/computer
	35		41		8			
	41		47		16			
line	614	361	614	359	00488f
		359	622		
	622			361	002850
		361	614		
rect	615	360	622	361	003870
line	614	456	614	362	007fff
		362	622		
	622			456	00488f
		456	614		
rect	615	363	622	456	0070e0
line	614	232	614	231	909048
		231	622		
	622			232	505028
		232	614		
	614	328		233	ffff7f
		233	622		
	622			328	909048
		328	614		
rect	615	234	622	328	e0e070
line	614	123	614	103	904848
		103	622		
	622			123	502828
		123	614		
rect	615	104	622	123	703838
line	614	200	614	124	ff7f7f
		124	622		
	622			200	904848
		200	614		
rect	615	125	622	200	e07070
line	618	8	629	8	90488f
			618	9	
	629		629		
	618	36		36	
			618	35	
	629		629		
rect	620	10	628	35	703870
		35			c060c0
	634	49	636	52	7fff7f
		53		56	60c060
		57		60	
		61		64	
		65		68	
		69		72	7fff7f
		73		76	703800
		77		80	
		81		84	
		85		88	
		89		92	904800
		93		96	183018
		97		100	
		101		104	
		105		108	
		109		112	
		113		116	
		117		120	
		121		124	
		125		128	
		129		132	
		133		136	
		137		140	
		141		144	
		145		148	
		149		152	
		153		156	
		157		160	
		161		164	
		165		168	
		169		172	
		173		176	
		177		180	
		181		184	
		185		188	
		189		192	
		193		196	
		197		200	
		201		204	
		205		208	
		209		212	
		213		216	
		217		220	
		221		224	
		225		228	
		229		232	
		233		236	
		237		240	
		241		244	
		245		248	
		249		252	
		253		256	
		257		260	
		261		264	
		265		268	
		269		272	
		273		276	
		277		280	
		281		284	
		285		288	
		289		292	
		293		296	
		297		300	
		301		304	
		305		308	
		309		312	
		313		316	
		317		320	
		321		324	
		325		328	
		329		332	
		333		336	
		337		340	
		341		344	
		345		348	
		349		352	
		353		356	
		357		360	
		361		364	
		365		368	
		369		372	
		373		376	
		377		380	
		381		384	
		385		388	
		389		392	
		393		396	
		397		400	
		401		404	
		405		408	
		409		412	
		413		416	
		417		420	
		421		424	
		425		428	
		429		432	
		433		436	
		437		440	
		441		444	
		445		448	
	621	52	631	56	303000
		57		61	
		62		66	
		67		71	
		72		76	
		77		81	
		82		86	
	7	7	115	115	00ff00
	8	8	114	114	001000
					003000
point	60	56	00e000
	55	52	
	56	53	
	47	48	
		54	
	57	58	
	52	55	
		51	
	54	55	
	56	28	
	53	64	
	59	47	
	54	51	
rect	12	320	121	440	001000
crop	15	320	21	332	16	48	00ff00	/fonts/computer
	21		27		40	60		
	27		33		72	48		
	33		39		96			
	39		45		32			
	45		51		0	24		
	51		57		24	60		
	57		63		64	48		
	63		69		72			
	69		75		0	60		
	75		81		24			
line	12	342	119	342	009000
crop	15	332	21	344	48	48	00ff00	/fonts/computer
	21		27		8	72		
	27		33		112			
	33		39		24	84		
	39		45		72	72		
	45		51		0	24		
	51		57		8	48		
	57		63		96	72		
	63		69		0	84		
	69		75		64	72		
	75		81		8			
	15	344	21	356	48	48		
	21		27		72	72		
	27		33		56			
	33		39		64			
	39		45		32	84		
	45		51		40	72		
	51		57		16	84		
	15	356	21	368	24	48		
	21		27		16	84		
	27		33		40			
	33		39		72	72		
	39		45		24	84		
	45		51		40	72		
	51		57		16	84		
line	12	379	12	368	009000
		368	120		
	120			379	005000
		379	12		
rect	13	369	120	379	007000
crop	15	368	21	380	56	48	003000	/fonts/computer
	21		27		40	84		
	27		33		112	72		
	33		39		24	84		
	39		45		64	72		
	45		51		72			
	51		57		0	84		
	15	380	21	392	32	60	00ff00	
	21		27		16	84		
	27		33		8	72		
	33		39		112			
	39		45		24	84		
	45		51		0			
	51		57		120	72		
	57		63		16	84		
	63		69		32			
	15	392	21	404	40	48		
	21		27		112	72		
	27		33		56			
	33		39		72			
	39		45		112			
	45		51		40			
	51		57					
	57		63		16	84		
	63		69		0	24		
	69		75			60		
	75		81		120	72		
	81		87		32			
	15	404	21	416	8	48	009000	
	21		27		24	84		
	27		33					
	33		39		8	72		
	39		45		40	84		
	45		51		96	72		
	51		57		32	84		
	57		63		0	24		
	63		69		32	60		
	69		75		16	84		
	75		81		8	72		
	81		87		112			
	87		93		24	84		
	93		99		0			
	99		105		120	72		
	105		111		16	84		
	111		117		32			
line	12	438	119	438	009000
rect	16	450	114	475	001010
line	17	461	17	450	00c0c0
		450	43		
	43			461	007070
		461	17		
rect	18	451	43	461	009090
crop	19	450	25	462	16	60	00ffff	/fonts/computer
	25		31		56	48		
	31		37		64			
	37		43		32	60		
	43		49		0	24		
	49		55		16	48		
	55		61		40	84		
	61		67		72	72		
	67		73		96			
	73		79		32			
line	17	473	17	462	00c0c0
		462	43		
	43			473	007070
		473	17		
rect	18	463	43	473	009090
crop	19	462	25	474	96	48	00ffff	/fonts/computer
	25		31		40			
	31		37		48			
	37		43		32	60		
	43		49		0	24		
	49		55		104	48		
	55		61		8	72		
	61		67		72			
	67		73		112			
	73		79		0	24		
	79		85		104	48		
	85		91		40	72		
	91		97		112			
	97		103		40	84		
line	12	191	12	180	ffff00
		180	120		
	120			191	909000
		191	12		
rect	13	181	120	191	c0c000
crop	15	180	21	192	24	48	000000	/fonts/computer
	21		27		120			
	27		33		112			
	33		39		32	60		
	39		45		16			
	45		51		120	48		
	51		57		96			
	15	192	21	204	24		7fff7f	
	21		27		16	60		
	27		33		40			
	33		39		72	48		
	39		45		24	60		
	45		51		40	48		
	51		57		16	60		
draw	16	208	34	222	/sprites/501.SMIV/0
line	14	204	35	204	489048
			14	205	
	35		35		
	14	225		225	
			14	224	
	35		35		
rect	42	206	49	207	003870
		207		224	0060c0
line	40	204	50	204	00488f
			40	205	
	50		50		
	40	225		225	
			40	224	
	50		50		
rect	55	206	62	207	707000
		207		224	c0c000
line	53	204	63	204	909000
			53	205	
	63		63		
	53	225		225	
			53	224	
	63		63		
crop	69	204	75	216	0	60	7fff7f	/fonts/computer
	75		81		88	48		
	81		87		16			
	87		93		40			
	93		99		8			
	99		105		104			
	105		111		0	24		
	111		117		8	36		
	69	216	75	228	48	48		
	75		81		0	24		
	81		87			60		
	87		93		40			
	93		99		96	48		
	99		105		24	60		
	105		111		40	48		
line	12	263	12	252	007fff
		252	120		
	120			263	00488f
		263	12		
rect	13	253	120	263	0060c0
crop	15	252	21	264	32	60	000000	/fonts/computer
	21		27		8	48		
	27		33		16	60		
	33		39		56	48		
	39		45		40			
	45		51		32	60		
	15	264	21	276	48	48	7fff7f	
	21		27		8	72		
	27		33		112			
	33		39		24	84		
	39		45		72	72		
	45		51		0	24		
	51		57		16	48		
	57		63		40	72		
	63		69		32	84		
	69		75		8	72		
draw	16	278	34	296	/sprites/1020.SMIV/0
line	14	276	35	276	489048
			14	277	
	35		35		
	14	297		297	
			14	296	
	35		35		
