point	510	469	b0b0b0
	423	260	d0d0d0
	496	93	
	425	257	
	538	436	
	560	67	b0b0b0
	382	406	d0d0d0
	335	185	
	480	347	b0b0b0
	426	435	
	506	295	808080
	181	228	d0d0d0
	410	158	b0b0b0
	265	476	d0d0d0
	341	58	808080
	518	438	b0b0b0
	221	39	
	387	345	808080
	561	52	
	301	355	
	511	205	
	268	223	b0b0b0
	452	116	808080
	604	25	
	436	246	d0d0d0
	235	420	b0b0b0
	131	232	808080
	432	238	
	516	474	d0d0d0
	588	315	808080
	361	56	
	537	275	d0d0d0
	483	39	808080
	155	413	d0d0d0
	334	195	808080
	499	146	
	582	231	
	464	474	d0d0d0
	542	328	808080
	369	337	
	598	199	b0b0b0
	545	83	d0d0d0
	332	104	
	174	101	808080
	381	315	d0d0d0
	522	407	b0b0b0
	383	178	d0d0d0
	286	296	808080
	259	108	b0b0b0
	324	362	808080
	386	176	
	422	92	b0b0b0
	181	369	808080
	475	113	b0b0b0
	439	201	808080
	365	84	b0b0b0
	499	435	
	324	347	808080
	471	432	d0d0d0
	224	253	808080
	353	300	d0d0d0
	324	81	
	483	396	b0b0b0
	383	26	d0d0d0
	394	326	b0b0b0
	433	463	d0d0d0
	422	220	808080
	293	318	
	345	221	
	455	443	d0d0d0
	319	288	
	263	48	808080
	532	212	b0b0b0
	128	21	808080
	173	158	b0b0b0
	288	150	
	134	228	808080
	460	209	b0b0b0
	578	310	808080
	148	124	b0b0b0
	581	90	
	301	250	
	537	291	808080
	395	448	
	594	241	d0d0d0
	474	357	b0b0b0
	267	366	808080
	375	277	
	378	312	d0d0d0
	584	40	808080
	547	410	d0d0d0
	321	37	b0b0b0
	344	356	d0d0d0
	227	148	808080
	451	342	
	335	137	b0b0b0
	441	320	d0d0d0
	206	11	808080
	462	180	b0b0b0
	303	307	
	536	248	808080
	286	129	
	313	191	
	346	171	
	563	205	
	581	338	b0b0b0
	431	3	808080
	293	47	
	207	389	b0b0b0
	292	267	d0d0d0
	514	168	808080
	462	126	
	576	434	
	339	48	
	312	296	b0b0b0
	530	251	d0d0d0
	256	88	808080
	401	347	
	372	167	
	334	362	
	316	395	
	176	319	d0d0d0
	459	473	b0b0b0
	364	119	
	155	463	
rect	174	0	175	481	000050
	281		282		
	388		389		002850
	495		496		000050
	602		603		
	128	80	609	81	
		187		188	
		294		295	002850
		401		402	000050
plus	433	220	443	230	00c000
triangle	363	235	371	243	00c000
dither	200	50	262	67	003030
crop	204	54	211	65	8	33	000000	/fonts/tactical.png
	211		218		80			
	218		225		32			
	225		232		0	22		
	232		239		80	55		
	239		246		120	66		
	246		253					
	253		260		104			
	203	53	210	64	8	33	00ffff	
	210		217		80			
	217		224		32			
	224		231		0	22		
	231		238		80	55		
	238		245		120	66		
	245		252					
	252		259		104			
line	563	205	549	200	489048
			551	215	
	549	200			204020
draw	0	-144	128	624	/pictures/gui/instruments/left.png
	608		640		/pictures/gui/instruments/right.png
crop	29	159	35	171	0	36	ff0000	/fonts/computer.png
	35		41		16			
	41		47		32			
rect	614	359	615	362	00488f
			623	360	
	622			362	002850
	614	361			
	615	360	622	361	003870
	614	362	615	457	007fff
			623	363	
	622			457	00488f
	614	456			
	615	363	622	456	0070e0
	614	231	615	232	909048
			623		
	622				505028
	614				
		232	615	329	ffff7f
			623	233	
	622			329	909048
	614	328			
	615	233	622	328	e0e070
	614	103	615	136	904848
			623	104	
	622			136	502828
	614	135			
	615	104	622	135	703838
	614	136	615	201	ff7f7f
			623	137	
	622			201	904848
	614	200			
	615	137	622	200	e07070
	618	8	630	9	90488f
			619	10	
	629		630		
	618	36		37	
		35	619		
	629		630		
	620	10	628	35	703870
		35			c060c0
	634	49	636	52	007fff
		53		56	0060c0
		57		60	
		61		64	
		65		68	
		69		72	183018
		73		76	
		77		80	
		81		84	
		85		88	
		89		92	
		93		96	
		97		100	
		101		104	
		105		108	
		109		112	
		113		116	
		117		120	
		121		124	
		125		128	
		129		132	
		133		136	
		137		140	
		141		144	
		145		148	
		149		152	
		153		156	
		157		160	
		161		164	
		165		168	
		169		172	
		173		176	
		177		180	
		181		184	
		185		188	
		189		192	
		193		196	
		197		200	
		201		204	
		205		208	
		209		212	
		213		216	
		217		220	
		221		224	
		225		228	
		229		232	
		233		236	
		237		240	
		241		244	
		245		248	
		249		252	
		253		256	
		257		260	
		261		264	
		265		268	
		269		272	
		273		276	
		277		280	
		281		284	
		285		288	
		289		292	
		293		296	
		297		300	
		301		304	
		305		308	
		309		312	
		313		316	
		317		320	
		321		324	
		325		328	
		329		332	
		333		336	
		337		340	
		341		344	
		345		348	
		349		352	
		353		356	
		357		360	
		361		364	
		365		368	
		369		372	
		373		376	
		377		380	
		381		384	
		385		388	
		389		392	
		393		396	
		397		400	
		401		404	
		405		408	
		409		412	
		413		416	
		417		420	
		421		424	
		425		428	
		429		432	
		433		436	
		437		440	
		441		444	
		445		448	
	621	52	631	56	303000
		57		61	
		62		66	
		67		71	
		72		76	
		77		81	
		82		86	
	7	7	115	115	00ff00
	8	8	114	114	001000
	39	39	85	85	003000
point	67	60	00e000
rect	12	320	121	440	001000
		342	120	343	009000
		356	13	368	
			121	357	
	120			368	005000
	12	367			
	13	357	120	367	007000
	12	438		439	009000
	16	450	114	475	001010
	17		18	462	00c0c0
			44	451	
	43			462	007070
	17	461			
	18	451	43	461	009090
	17	462	18	474	00c0c0
			44	463	
	43			474	007070
	17	473			
	18	463	43	473	009090
crop	15	320	21	332	16	48	00ff00	/fonts/computer.png
	21		27		40	60		
	27		33		72	48		
	33		39		96			
	39		45		32			
	45		51		0	24		
	51		57		24	60		
	57		63		64	48		
	63		69		72			
	69		75		0	60		
	75		81		24			
	15	332	21	344	48	48		
	21		27		8	72		
	27		33		112			
	33		39		24	84		
	39		45		72	72		
	45		51		0	24		
	51		57		8	48		
	57		63		96	72		
	63		69		0	84		
	69		75		64	72		
	75		81		8			
	15	344	21	356	48	48		
	21		27		72	72		
	27		33		56			
	33		39		64			
	39		45		32	84		
	45		51		40	72		
	51		57		16	84		
	15	356	21	368	24	48		
	21		27		16	84		
	27		33		40			
	33		39		72	72		
	39		45		24	84		
	45		51		40	72		
	51		57		16	84		
	15	368	21	380	56	48	009000	
	21		27		40	84		
	27		33		112	72		
	33		39		24	84		
	39		45		64	72		
	45		51		72			
	51		57		0	84		
	15	380	21	392	32	60	00ff00	
	21		27		16	84		
	27		33		8	72		
	33		39		112			
	39		45		24	84		
	45		51		0			
	51		57		120	72		
	57		63		16	84		
	63		69		32			
	15	392	21	404	40	48		
	21		27		112	72		
	27		33		56			
	33		39		72			
	39		45		112			
	45		51		40			
	51		57					
	57		63		16	84		
	63		69		0	24		
	69		75			60		
	75		81		120	72		
	81		87		32			
	15	404	21	416	8	48	009000	
	21		27		24	84		
	27		33					
	33		39		8	72		
	39		45		40	84		
	45		51		96	72		
	51		57		32	84		
	57		63		0	24		
	63		69		32	60		
	69		75		16	84		
	75		81		8	72		
	81		87		112			
	87		93		24	84		
	93		99		0			
	99		105		120	72		
	105		111		16	84		
	111		117		32			
	19	450	25	462	16	60	00ffff	
	25		31		56	48		
	31		37		64			
	37		43		32	60		
	43		49		0	24		
	49		55		16	48		
	55		61		40	84		
	61		67		72	72		
	67		73		96			
	73		79		32			
	19	462	25	474	96	48		
	25		31		40			
	31		37		48			
	37		43		32	60		
	43		49		0	24		
	49		55		104	48		
	55		61		8	72		
	61		67		72			
	67		73		112			
	73		79		0	24		
	79		85		104	48		
	85		91		40	72		
	91		97		112			
	97		103		40	84		
rect	12	180	13	192	ffff00
			121	181	
	120			192	909000
	12	191			
	13	181	120	191	c0c000
crop	15	180	21	192	24	48	000000	/fonts/computer.png
	21		27		120			
	27		33		112			
	33		39		32	60		
	39		45		16			
	45		51		120	48		
	51		57		96			
	15	192	21	204	32	60	7fff7f	
	21		27		16			
	27		33		8	48		
	33		39		112			
	39		45		24	60		
	45		51		0			
	51		57		16			
	57		63		32			
draw	19	206	30	224	/sprites/ish/transprt%0
rect	14	204	36	205	489048
			15	206	
	35		36		
	14	225		226	
		224	15		
	35		36		
	42	206	49	206	003870
				224	0060c0
	40	204	51	205	00488f
			41	206	
	50		51		
	40	225		226	
		224	41		
	50		51		
	55	206	62	206	707000
				224	c0c000
	53	204	64	205	909000
			54	206	
	63		64		
	53	225		226	
		224	54		
	63		64		
crop	12	228	18	240	48	48	ff0000	/fonts/computer.png
	18		24		8	72		
	24		30		112			
	30		36		24	84		
	36		42		72	72		
	42		48		0	24		
	48		54		16	48		
	54		60		40	72		
	60		66		32	84		
	66		72		8	72		
rect	12	252	13	264	007fff
			121	253	
	120			264	00488f
	12	263			
	13	253	120	263	0060c0
crop	15	252	21	264	32	60	000000	/fonts/computer.png
	21		27		8	48		
	27		33		16	60		
	33		39		56	48		
	39		45		40			
	45		51		32	60		
	15	264	21	276	48	48	7fff7f	
	21		27		8	72		
	27		33		112			
	33		39		24	84		
	39		45		72	72		
	45		51		0	24		
	51		57		16	48		
	57		63		40	72		
	63		69		32	84		
	69		75		8	72		
draw	16	278	34	296	/sprites/loc/planets/cloudtones%0
rect	14	276	36	277	489048
			15	278	
	35		36		
	14	297		298	
		296	15		
	35		36		
