point	173	19	d0d0d0
	550	335	808080
	565	293	d0d0d0
	523	241	b0b0b0
	129	470	d0d0d0
	254	91	b0b0b0
	452	153	d0d0d0
	404	46	
	174	371	b0b0b0
	596	190	d0d0d0
	303	310	808080
	251	389	d0d0d0
	583	393	b0b0b0
	415	384	d0d0d0
	138	73	808080
	212	462	b0b0b0
	395	225	
	184	360	808080
	358	67	
	545	167	d0d0d0
	308	220	808080
	497	70	
	249	131	
	402	40	
	530	356	b0b0b0
	341	418	d0d0d0
	306	201	b0b0b0
	230	253	808080
	333	12	
	385	330	
	158	71	
	128	309	d0d0d0
	280	55	808080
	416	248	
	131	210	
	297	161	
	379	246	
	181	20	b0b0b0
	339	343	808080
	166	352	
	292	223	b0b0b0
	135	117	d0d0d0
	402	473	
	450	224	808080
	529	209	
	216	431	b0b0b0
	530	253	808080
	562	431	
	491	289	
	593	327	d0d0d0
	183	191	808080
	599	459	
	382	51	b0b0b0
	169	137	
	236	216	808080
	562	408	
	193	458	b0b0b0
	600	223	808080
	557	202	b0b0b0
	500	464	808080
	423	349	d0d0d0
	422	6	808080
	177	420	b0b0b0
	491	454	
	567	381	
	273	7	808080
	219	235	
	569	118	
	142	236	
	472	0	
	388	83	d0d0d0
	469	388	
	226	236	b0b0b0
	301	53	
	258	118	d0d0d0
	413	150	
	410	221	808080
	154	233	b0b0b0
	375	325	808080
	321	409	b0b0b0
	275	114	
	429	174	d0d0d0
	334	306	808080
	192	463	
	184	274	d0d0d0
	168	381	b0b0b0
	477	193	d0d0d0
	172	292	808080
	448	230	d0d0d0
	382	55	808080
	137	444	d0d0d0
	456	96	
	413	450	
	397	460	
	248	357	808080
	542	62	
	534	78	b0b0b0
	356	163	d0d0d0
	156	204	b0b0b0
	520	409	808080
	333	263	
	538	364	b0b0b0
	569	195	d0d0d0
	143	186	808080
	360	220	
	275	362	b0b0b0
	229	18	808080
	569	349	
	456	127	
	361	60	d0d0d0
	312	183	808080
	259	141	
	374	449	
	136	63	
	484	246	b0b0b0
	603	462	808080
	457	130	d0d0d0
	198	362	808080
	169	182	
	131	377	
	575		d0d0d0
	427	474	808080
	451	10	
	538	256	b0b0b0
	422	462	808080
line	252	0	252	480	005000
	396		396		
	540		540		
	128	37	608	37	
		181		181	
		325		325	
		469		469	
rect	527	185	543	201	900000
triangle	527	189	537	199	00c000
	528	186	536	194	
	527	188	537	198	
	521	178	529	186	
	524	195	534	205	
	525	189	533	197	
plus	365	229	375	239	00c000
triangle	523	187	531	195	00c000
	531	185	539	193	
		188		196	
plus	528	185	538	195	00c000
triangle	530	187	540	197	00c000
	526	184	534	192	
	538	187	546	195	
	363	235	371	243	
rect	533	188	535	190	c00000
diamond	516	192	534	210	00c000
rect	531	190	533	192	c00000
	530	189	534	193	ff0000
line	552	165	537	163	489048
			543	177	
	537	163			204020
draw	0	0	128	480	/pictures/501.png
	608		640		/pictures/512.png
crop	29	159	35	171	0	36	ff0000	/fonts/computer
	35		41		16			
	41		47		40			
line	614	361	614	359	00488f
		359	622		
	622			361	002850
		361	614		
rect	615	360	622	361	003870
line	614	456	614	362	007fff
		362	622		
	622			456	00488f
		456	614		
rect	615	363	622	456	0070e0
line	614	231	614	231	909048
			622		
	622				505028
			614		
	614	328		232	ffff7f
		232	622		
	622			328	909048
		328	614		
rect	615	233	622	328	e0e070
line	614	135	614	103	904848
		103	622		
	622			135	502828
		135	614		
rect	615	104	622	135	703838
line	614	200	614	136	ff7f7f
		136	622		
	622			200	904848
		200	614		
rect	615	137	622	200	e07070
line	618	8	629	8	90488f
			618	9	
	629		629		
	618	36		36	
			618	35	
	629		629		
rect	620	10	628	35	703870
		35			c060c0
	634	49	636	52	7fff7f
		53		56	60c060
		57		60	
		61		64	
		65		68	703800
		69		72	183018
		73		76	
		77		80	
		81		84	
		85		88	
		89		92	
		93		96	
		97		100	
		101		104	
		105		108	
		109		112	
		113		116	
		117		120	
		121		124	
		125		128	
		129		132	
		133		136	
		137		140	
		141		144	
		145		148	
		149		152	
		153		156	
		157		160	
		161		164	
		165		168	
		169		172	
		173		176	
		177		180	
		181		184	
		185		188	
		189		192	
		193		196	
		197		200	
		201		204	
		205		208	
		209		212	
		213		216	
		217		220	
		221		224	
		225		228	
		229		232	
		233		236	
		237		240	
		241		244	
		245		248	
		249		252	
		253		256	
		257		260	
		261		264	
		265		268	
		269		272	
		273		276	
		277		280	
		281		284	
		285		288	
		289		292	
		293		296	
		297		300	
		301		304	
		305		308	
		309		312	
		313		316	
		317		320	
		321		324	
		325		328	
		329		332	
		333		336	
		337		340	
		341		344	
		345		348	
		349		352	
		353		356	
		357		360	
		361		364	
		365		368	
		369		372	
		373		376	
		377		380	
		381		384	
		385		388	
		389		392	
		393		396	
		397		400	
		401		404	
		405		408	
		409		412	
		413		416	
		417		420	
		421		424	
		425		428	
		429		432	
		433		436	
		437		440	
		441		444	
		445		448	
	621	52	631	56	303000
		57		61	
		62		66	
		67		71	
		72		76	
		77		81	
		82		86	
	7	7	115	115	00ff00
	8	8	114	114	001000
					003000
point	64	55	00e000
rect	12	320	121	440	001000
crop	15	320	21	332	16	48	00ff00	/fonts/computer
	21		27		40	60		
	27		33		72	48		
	33		39		96			
	39		45		32			
	45		51		0	24		
	51		57		24	60		
	57		63		64	48		
	63		69		72			
	69		75		0	60		
	75		81		24			
line	12	342	119	342	009000
crop	15	332	21	344	48	48	00ff00	/fonts/computer
	21		27		8	72		
	27		33		112			
	33		39		24	84		
	39		45		72	72		
	45		51		0	24		
	51		57		8	48		
	57		63		96	72		
	63		69		0	84		
	69		75		64	72		
	75		81		8			
	15	344	21	356	48	48		
	21		27		72	72		
	27		33		56			
	33		39		64			
	39		45		32	84		
	45		51		40	72		
	51		57		16	84		
line	12	367	12	356	009000
		356	120		
	120			367	005000
		367	12		
rect	13	357	120	367	007000
crop	15	356	21	368	24	48	003000	/fonts/computer
	21		27		16	84		
	27		33		40			
	33		39		72	72		
	39		45		24	84		
	45		51		40	72		
	51		57		16	84		
	15	368	21	380	56	48	009000	
	21		27		40	84		
	27		33		112	72		
	33		39		24	84		
	39		45		64	72		
	45		51		72			
	51		57		0	84		
	15	380	21	392	32	60	00ff00	
	21		27		16	84		
	27		33		8	72		
	33		39		112			
	39		45		24	84		
	45		51		0			
	51		57		120	72		
	57		63		16	84		
	63		69		32			
	15	392	21	404	40	48		
	21		27		112	72		
	27		33		56			
	33		39		72			
	39		45		112			
	45		51		40			
	51		57					
	57		63		16	84		
	63		69		0	24		
	69		75			60		
	75		81		120	72		
	81		87		32			
	15	404	21	416	8	48	009000	
	21		27		24	84		
	27		33					
	33		39		8	72		
	39		45		40	84		
	45		51		96	72		
	51		57		32	84		
	57		63		0	24		
	63		69		32	60		
	69		75		16	84		
	75		81		8	72		
	81		87		112			
	87		93		24	84		
	93		99		0			
	99		105		120	72		
	105		111		16	84		
	111		117		32			
line	12	438	119	438	009000
rect	16	450	114	475	001010
line	17	461	17	450	00c0c0
		450	43		
	43			461	007070
		461	17		
rect	18	451	43	461	009090
crop	19	450	25	462	16	60	00ffff	/fonts/computer
	25		31		56	48		
	31		37		64			
	37		43		32	60		
	43		49		0	24		
	49		55		16	48		
	55		61		40	84		
	61		67		72	72		
	67		73		96			
	73		79		32			
line	17	473	17	462	00c0c0
		462	43		
	43			473	007070
		473	17		
rect	18	463	43	473	009090
crop	19	462	25	474	96	48	00ffff	/fonts/computer
	25		31		40			
	31		37		48			
	37		43		32	60		
	43		49		0	24		
	49		55		104	48		
	55		61		8	72		
	61		67		72			
	67		73		112			
	73		79		0	24		
	79		85		104	48		
	85		91		40	72		
	91		97		112			
	97		103		40	84		
line	12	191	12	180	ffff00
		180	120		
	120			191	909000
		191	12		
rect	13	181	120	191	c0c000
crop	15	180	21	192	24	48	000000	/fonts/computer
	21		27		120			
	27		33		112			
	33		39		32	60		
	39		45		16			
	45		51		120	48		
	51		57		96			
	15	192	21	204	32	60	7fff7f	
	21		27		16			
	27		33		8	48		
	33		39		112			
	39		45		24	60		
	45		51		0			
	51		57		16			
	57		63		32			
draw	20	206	31	224	/sprites/515.SMIV/0
line	14	204	35	204	489048
			14	205	
	35		35		
	14	225		225	
			14	224	
	35		35		
rect	42	206	49	206	003870
				224	0060c0
line	40	204	50	204	00488f
			40	205	
	50		50		
	40	225		225	
			40	224	
	50		50		
rect	55	206	62	206	707000
				224	c0c000
line	53	204	63	204	909000
			53	205	
	63		63		
	53	225		225	
			53	224	
	63		63		
crop	12	228	18	240	48	48	ff0000	/fonts/computer
	18		24		8	72		
	24		30		112			
	30		36		24	84		
	36		42		72	72		
	42		48		0	24		
	48		54		16	48		
	54		60		40	72		
	60		66		32	84		
	66		72		8	72		
line	12	263	12	252	007fff
		252	120		
	120			263	00488f
		263	12		
rect	13	253	120	263	0060c0
crop	15	252	21	264	32	60	000000	/fonts/computer
	21		27		8	48		
	27		33		16	60		
	33		39		56	48		
	39		45		40			
	45		51		32	60		
	15	264	21	276	48	48	7fff7f	
	21		27		8	72		
	27		33		112			
	33		39		24	84		
	39		45		72	72		
	45		51		0	24		
	51		57		16	48		
	57		63		40	72		
	63		69		32	84		
	69		75		8	72		
draw	16	278	34	296	/sprites/1020.SMIV/0
line	14	276	35	276	489048
			14	277	
	35		35		
	14	297		297	
			14	296	
	35		35		
