point	245	345	808080
	166	470	
	449	243	d0d0d0
	364	228	
	222	168	808080
	515	108	b0b0b0
	383	188	808080
	359	398	
	492	456	
	379	290	b0b0b0
	399	413	808080
	283	291	
	222	88	b0b0b0
	489	144	d0d0d0
	303	109	808080
	278	173	
	297	367	b0b0b0
	171	46	808080
	453	258	
	254	240	d0d0d0
	199	265	
	577	436	
	212	171	b0b0b0
	365	51	
	486	450	d0d0d0
	572	265	b0b0b0
	341	258	808080
	183	216	b0b0b0
	250	127	d0d0d0
	354	278	
	253	283	808080
	222	221	
	412	15	
	417	243	d0d0d0
	225	451	808080
	392	443	
	474	335	
	441	235	b0b0b0
	434	179	808080
	446	383	b0b0b0
	332	93	808080
	226	457	
	461	445	
	515	452	b0b0b0
	145	344	808080
	345	179	
	146	388	
	511	208	
	388	9	b0b0b0
	386	2	d0d0d0
	278	268	808080
	424	76	b0b0b0
	177	234	d0d0d0
	371	418	
	533	443	
	172	96	b0b0b0
	504	372	808080
	216	358	
	222	28	
	142	180	b0b0b0
	151	70	808080
	462	44	d0d0d0
	255	477	808080
	183	157	b0b0b0
	414	334	d0d0d0
	248	447	b0b0b0
	314	387	808080
	185	253	
	237	173	
	547	190	b0b0b0
	550	157	
	408	453	d0d0d0
	288	256	808080
	202	2	b0b0b0
	361	181	808080
	242	344	b0b0b0
	403	133	d0d0d0
	510	14	808080
	470	377	
	274	88	
	320	105	
	371	322	
	252	242	d0d0d0
	547	2	
	500	51	b0b0b0
	428	243	
	185	133	d0d0d0
	527	218	
	156	285	
	477	382	808080
	227	154	
	164	171	d0d0d0
	153	412	
	322	190	
	210	88	b0b0b0
	158	197	808080
	493	460	
	200	170	b0b0b0
	560	167	808080
	485	53	
	250	113	d0d0d0
	129	87	b0b0b0
	359	66	
	238	240	808080
	380	341	b0b0b0
	320	193	808080
	550	321	b0b0b0
	230	4	808080
	524	328	b0b0b0
	245	16	808080
	307	344	b0b0b0
	587	60	
	435	152	808080
	481	58	d0d0d0
	313	251	
	276	131	
	164	365	
	166	102	808080
	583	119	
	389	409	
	528	443	b0b0b0
	289	55	
	485	137	d0d0d0
	439	249	b0b0b0
	440	153	d0d0d0
line	221	0	221	480	000050
	349		349		
	477		477		002850
	605		605		000050
	128	62	608	62	
		190		190	002850
		318		318	000050
		446		446	
draw	417	231	431	238	/sprites/515.SMIV/5
	365	238	372	244	/sprites/501.SMIV/5
dither	423	214	492	231	001830
tint	427	218	435	230	000000	/font/5000/54
	434		442			/font/5000/72
	441		449			/font/5000/61
	448		456			/font/5000/6e
	455		463			/font/5000/73
	462		470			/font/5000/70
	469		477			/font/5000/6f
	476		484			/font/5000/72
	483		491			/font/5000/74
	426	217	434	229	007fff	/font/5000/54
	433		441			/font/5000/72
	440		448			/font/5000/61
	447		455			/font/5000/6e
	454		462			/font/5000/73
	461		469			/font/5000/70
	468		476			/font/5000/6f
	475		483			/font/5000/72
	482		490			/font/5000/74
line	564	206	550	201	489048
			552	216	
	550	201			204020
draw	0	0	128	480	/pictures/501.png
	608		640		/pictures/512.png
tint	29	159	37	172	ff0000	/font/5001/30
	35		43			/font/5001/32
	41		49			/font/5001/35
line	614	361	614	359	00488f
		359	622		
	622			361	002850
		361	614		
rect	615	360	622	361	003870
line	614	456	614	362	007fff
		362	622		
	622			456	00488f
		456	614		
rect	615	363	622	456	0070e0
line	614	231	614	231	909048
			622		
	622				505028
			614		
	614	328		232	ffff7f
		232	622		
	622			328	909048
		328	614		
rect	615	233	622	328	e0e070
line	614	135	614	103	904848
		103	622		
	622			135	502828
		135	614		
rect	615	104	622	135	703838
line	614	200	614	136	ff7f7f
		136	622		
	622			200	904848
		200	614		
rect	615	137	622	200	e07070
line	618	8	629	8	90488f
			618	9	
	629		629		
	618	36		36	
			618	35	
	629		629		
rect	620	10	628	35	703870
		35			c060c0
	634	49	636	52	7fff7f
		53		56	60c060
		57		60	
		61		64	0060c0
		65		68	
		69		72	007fff
		73		76	0060c0
		77		80	
		81		84	183018
		85		88	
		89		92	
		93		96	
		97		100	
		101		104	
		105		108	
		109		112	
		113		116	
		117		120	
		121		124	
		125		128	
		129		132	
		133		136	
		137		140	
		141		144	
		145		148	
		149		152	
		153		156	
		157		160	
		161		164	
		165		168	
		169		172	
		173		176	
		177		180	
		181		184	
		185		188	
		189		192	
		193		196	
		197		200	
		201		204	
		205		208	
		209		212	
		213		216	
		217		220	
		221		224	
		225		228	
		229		232	
		233		236	
		237		240	
		241		244	
		245		248	
		249		252	
		253		256	
		257		260	
		261		264	
		265		268	
		269		272	
		273		276	
		277		280	
		281		284	
		285		288	
		289		292	
		293		296	
		297		300	
		301		304	
		305		308	
		309		312	
		313		316	
		317		320	
		321		324	
		325		328	
		329		332	
		333		336	
		337		340	
		341		344	
		345		348	
		349		352	
		353		356	
		357		360	
		361		364	
		365		368	
		369		372	
		373		376	
		377		380	
		381		384	
		385		388	
		389		392	
		393		396	
		397		400	
		401		404	
		405		408	
		409		412	
		413		416	
		417		420	
		421		424	
		425		428	
		429		432	
		433		436	
		437		440	
		441		444	
		445		448	
	621	52	631	56	303000
		57		61	
		62		66	
		67		71	
		72		76	
		77		81	
		82		86	
	7	7	115	115	00ff00
	8	8	114	114	001000
	42	42	80	80	003000
point	65	61	00e000
rect	12	320	121	440	001000
tint	15	320	23	333	00ff00	/font/5001/42
	21		29			/font/5001/55
	27		35			/font/5001/49
	33		41			/font/5001/4c
	39		47			/font/5001/44
	45		53			/font/5001/20
	51		59			/font/5001/53
	57		65			/font/5001/48
	63		71			/font/5001/49
	69		77			/font/5001/50
	75		83			/font/5001/53
line	12	342	119	342	009000
tint	15	332	23	345	00ff00	/font/5001/46
	21		29			/font/5001/61
	27		35			/font/5001/6e
	33		41			/font/5001/73
	39		47			/font/5001/69
	45		53			/font/5001/20
	51		59			/font/5001/41
	57		65			/font/5001/6c
	63		71			/font/5001/70
	69		77			/font/5001/68
	75		83			/font/5001/61
	15	344	23	357		/font/5001/46
	21		29			/font/5001/69
	27		35			/font/5001/67
	33		41			/font/5001/68
	39		47			/font/5001/74
	45		53			/font/5001/65
	51		59			/font/5001/72
line	12	367	12	356	009000
		356	120		
	120			367	005000
		367	12		
rect	13	357	120	367	007000
tint	15	356	23	369	00ff00	/font/5001/43
	21		29			/font/5001/72
	27		35			/font/5001/75
	33		41			/font/5001/69
	39		47			/font/5001/73
	45		53			/font/5001/65
	51		59			/font/5001/72
	15	368	23	381	009000	/font/5001/47
	21		29			/font/5001/75
	27		35			/font/5001/6e
	33		41			/font/5001/73
	39		47			/font/5001/68
	45		53			/font/5001/69
	51		59			/font/5001/70
	15	380	23	393	00ff00	/font/5001/54
	21		29			/font/5001/72
	27		35			/font/5001/61
	33		41			/font/5001/6e
	39		47			/font/5001/73
	45		53			/font/5001/70
	51		59			/font/5001/6f
	57		65			/font/5001/72
	63		71			/font/5001/74
	15	392	23	405		/font/5001/45
	21		29			/font/5001/6e
	27		35			/font/5001/67
	33		41			/font/5001/69
	39		47			/font/5001/6e
	45		53			/font/5001/65
	51		59			
	57		65			/font/5001/72
	63		71			/font/5001/20
	69		77			/font/5001/50
	75		83			/font/5001/6f
	81		89			/font/5001/64
	15	404	23	417	009000	/font/5001/41
	21		29			/font/5001/73
	27		35			
	33		41			/font/5001/61
	39		47			/font/5001/75
	45		53			/font/5001/6c
	51		59			/font/5001/74
	57		65			/font/5001/20
	63		71			/font/5001/54
	69		77			/font/5001/72
	75		83			/font/5001/61
	81		89			/font/5001/6e
	87		95			/font/5001/73
	93		101			/font/5001/70
	99		107			/font/5001/6f
	105		113			/font/5001/72
	111		119			/font/5001/74
line	12	438	119	438	009000
rect	16	450	114	475	001010
line	17	461	17	450	00c0c0
		450	43		
	43			461	007070
		461	17		
rect	18	451	43	461	009090
tint	19	450	27	463	00ffff	/font/5001/52
	25		33			/font/5001/47
	31		39			/font/5001/48
	37		45			/font/5001/54
	43		51			/font/5001/20
	49		57			/font/5001/42
	55		63			/font/5001/75
	61		69			/font/5001/69
	67		75			/font/5001/6c
	73		81			/font/5001/64
line	17	473	17	462	00c0c0
		462	43		
	43			473	007070
		473	17		
rect	18	463	43	473	009090
tint	19	462	27	475	00ffff	/font/5001/4c
	25		33			/font/5001/45
	31		39			/font/5001/46
	37		45			/font/5001/54
	43		51			/font/5001/20
	49		57			/font/5001/4d
	55		63			/font/5001/61
	61		69			/font/5001/69
	67		75			/font/5001/6e
	73		81			/font/5001/20
	79		87			/font/5001/4d
	85		93			/font/5001/65
	91		99			/font/5001/6e
	97		105			/font/5001/75
line	12	191	12	180	ffff00
		180	119		
	119			191	909000
		191	12		
rect	13	181	119	191	c0c000
tint	15	180	23	193	000000	/font/5001/43
	21		29			/font/5001/4f
	27		35			/font/5001/4e
	33		41			/font/5001/54
	39		47			/font/5001/52
	45		53			/font/5001/4f
	51		59			/font/5001/4c
	15	192	23	205	7fff7f	/font/5001/54
	21		29			/font/5001/52
	27		35			/font/5001/41
	33		41			/font/5001/4e
	39		47			/font/5001/53
	45		53			/font/5001/50
	51		59			/font/5001/52
	57		65			/font/5001/54
draw	20	206	31	224	/sprites/515.SMIV/0
line	14	204	35	204	489048
			14	205	
	35		35		
	14	225		225	
			14	224	
	35		35		
rect	42	206	49	206	003870
				224	0060c0
line	40	204	50	204	00488f
			40	205	
	50		50		
	40	225		225	
			40	224	
	50		50		
rect	55	206	62	206	707000
				224	c0c000
line	53	204	63	204	909000
			53	205	
	63		63		
	53	225		225	
			53	224	
	63		63		
tint	12	228	20	241	ff0000	/font/5001/46
	18		26			/font/5001/61
	24		32			/font/5001/6e
	30		38			/font/5001/73
	36		44			/font/5001/69
	42		50			/font/5001/20
	48		56			/font/5001/42
	54		62			/font/5001/65
	60		68			/font/5001/74
	66		74			/font/5001/61
line	12	263	12	252	007fff
		252	119		
	119			263	00488f
		263	12		
rect	13	253	119	263	0060c0
tint	15	252	23	265	000000	/font/5001/54
	21		29			/font/5001/41
	27		35			/font/5001/52
	33		41			/font/5001/47
	39		47			/font/5001/45
	45		53			/font/5001/54
	15	264	23	277	7fff7f	
	21		29			/font/5001/52
	27		35			/font/5001/41
	33		41			/font/5001/4e
	39		47			/font/5001/53
	45		53			/font/5001/50
	51		59			/font/5001/52
	57		65			/font/5001/54
draw	20	278	31	296	/sprites/515.SMIV/0
line	14	276	35	276	489048
			14	277	
	35		35		
	14	297		297	
			14	296	
	35		35		
rect	42	278	49	278	003870
				296	0060c0
line	40	276	50	276	00488f
			40	277	
	50		50		
	40	297		297	
			40	296	
	50		50		
rect	55	278	62	278	707000
				296	c0c000
line	53	276	63	276	909000
			53	277	
	63		63		
	53	297		297	
			53	296	
	63		63		
tint	12	300	20	313	ff0000	/font/5001/46
	18		26			/font/5001/61
	24		32			/font/5001/6e
	30		38			/font/5001/73
	36		44			/font/5001/69
	42		50			/font/5001/20
	48		56			/font/5001/42
	54		62			/font/5001/65
	60		68			/font/5001/74
	66		74			/font/5001/61
