point	204	362	808080
	600	305	
	368	278	d0d0d0
	283	262	
	182	186	808080
	454	134	b0b0b0
	342	206	808080
	319	415	
	452	474	
	319	316	b0b0b0
	359	430	808080
	243	308	
	162	114	b0b0b0
	408	179	d0d0d0
	263	127	808080
	238	190	
	236	393	b0b0b0
	131	63	808080
	413	275	
	173		d0d0d0
	600	108	b0b0b0
	497	471	d0d0d0
	152	197	b0b0b0
	304	77	
	219	4	
	512	291	
	301	275	808080
	603	371	
	169	162	d0d0d0
	273	313	
	213	300	808080
	182	239	
	372	33	
	336	278	d0d0d0
	185	468	808080
	351	460	
	434	352	
	380	261	b0b0b0
	393	196	808080
	386	409	b0b0b0
	292	110	808080
	185	474	
	420	462	
	454	478	b0b0b0
	584	13	808080
	305	196	
	585	195	
	470	225	
	327	35	b0b0b0
	305	37	d0d0d0
	238	285	808080
	363	102	b0b0b0
	590	108	808080
	290	453	d0d0d0
	452	478	
	596	388	808080
	464	389	
	175	376	
	181	45	
	545	456	d0d0d0
	573	303	
	381	79	
	602	322	b0b0b0
	603	467	808080
	333	369	d0d0d0
	188	473	b0b0b0
	273	404	808080
	145	270	
	197	190	
	487	216	b0b0b0
	489	183	
	256	8	d0d0d0
	248	273	808080
	141	28	b0b0b0
	321	198	808080
	181	370	b0b0b0
	323	168	d0d0d0
	470	32	808080
	430	395	
	234	106	
	280	122	
	331	339	
	171	276	d0d0d0
	467	37	
	439	77	b0b0b0
	368	269	
	589	250	
	446	253	d0d0d0
	554	54	
	436	399	808080
	187	171	
	574	310	b0b0b0
	579	401	808080
	242	225	d0d0d0
	150	114	b0b0b0
	591	411	
	453	478	808080
	139	196	b0b0b0
	520	184	808080
	445	70	
	169	148	d0d0d0
	567	122	808080
	299	92	b0b0b0
	198	257	808080
	319	367	b0b0b0
	280	210	808080
	489	347	b0b0b0
	190	21	808080
	463	354	b0b0b0
	205	33	808080
	246	370	b0b0b0
	526	86	
	395	169	808080
	400	93	d0d0d0
	233	285	
	195	166	
	585	16	808080
	605	58	
	543	136	
	349	426	
	468	469	b0b0b0
	229	81	
	404	172	d0d0d0
	379	275	b0b0b0
	359	188	d0d0d0
line	304	0	304	480	005000
	546		546		
	128	179	608	179	
		421		421	
tint	529	192	545	208	900000	/x/square/8
	527	196	537	206	00c000	/x/triangle/5
	519	189	527	197		/x/triangle/4
	528	195	538	205		/x/triangle/5
	521	191	529	199		/x/triangle/4
	519	190		200		/x/triangle/5
	508		516	198		/x/triangle/4
	368	236	378	246		/x/plus/5
	538	196	546	204		/x/triangle/4
	535	194	543	202		
	533	196	541	204		
	528	190	538	200		/x/plus/5
	533	194	543	204		/x/triangle/5
	521	191	529	199		/x/triangle/4
	537	198	545	206		
	533	196	541	204		
	363	235	371	243		
	517	200	519	202	c00000	/x/square/1
	518	187	536	205	00c000	/x/diamond/9
dither	373	221	442	238	001830
tint	377	225	385	237	000000	/font/5000/54
	384		392			/font/5000/72
	391		399			/font/5000/61
	398		406			/font/5000/6e
	405		413			/font/5000/73
	412		420			/font/5000/70
	419		427			/font/5000/6f
	426		434			/font/5000/72
	433		441			/font/5000/74
	376	224	384	236	007fff	/font/5000/54
	383		391			/font/5000/72
	390		398			/font/5000/61
	397		405			/font/5000/6e
	404		412			/font/5000/73
	411		419			/font/5000/70
	418		426			/font/5000/6f
	425		433			/font/5000/72
	432		440			/font/5000/74
dither	200	50	367	67	003030
tint	204	54	212	66	000000	/font/5000/5a
	211		219			/font/5000/6f
	218		226			
	225		233			/font/5000/6d
	232		240			/font/5000/20
	239		247			/font/5000/74
	246		254			/font/5000/6f
	253		261			/font/5000/20
	260		268			/font/5000/43
	267		275			/font/5000/6c
	274		282			/font/5000/6f
	281		289			/font/5000/73
	288		296			/font/5000/65
	295		303			/font/5000/73
	302		310			/font/5000/74
	309		317			/font/5000/20
	316		324			/font/5000/48
	323		331			/font/5000/6f
	330		338			/font/5000/73
	337		345			/font/5000/74
	344		352			/font/5000/69
	351		359			/font/5000/6c
	358		366			/font/5000/65
	203	53	211	65	00ffff	/font/5000/5a
	210		218			/font/5000/6f
	217		225			
	224		232			/font/5000/6d
	231		239			/font/5000/20
	238		246			/font/5000/74
	245		253			/font/5000/6f
	252		260			/font/5000/20
	259		267			/font/5000/43
	266		274			/font/5000/6c
	273		281			/font/5000/6f
	280		288			/font/5000/73
	287		295			/font/5000/65
	294		302			/font/5000/73
	301		309			/font/5000/74
	308		316			/font/5000/20
	315		323			/font/5000/48
	322		330			/font/5000/6f
	329		337			/font/5000/73
	336		344			/font/5000/74
	343		351			/font/5000/69
	350		358			/font/5000/6c
	357		365			/font/5000/65
line	563	205	549	200	489048
			551	215	
	549	200			204020
draw	0	0	128	480	/pictures/501.png
	608		640		/pictures/512.png
tint	29	159	37	172	ff0000	/font/5001/30
	35		43			/font/5001/32
	41		49			/font/5001/35
line	614	361	614	359	00488f
		359	622		
	622			361	002850
		361	614		
rect	615	360	622	361	003870
line	614	456	614	362	007fff
		362	622		
	622			456	00488f
		456	614		
rect	615	363	622	456	0070e0
line	614	231	614	231	909048
			622		
	622				505028
			614		
	614	328		232	ffff7f
		232	622		
	622			328	909048
		328	614		
rect	615	233	622	328	e0e070
line	614	135	614	103	904848
		103	622		
	622			135	502828
		135	614		
rect	615	104	622	135	703838
line	614	200	614	136	ff7f7f
		136	622		
	622			200	904848
		200	614		
rect	615	137	622	200	e07070
line	618	8	629	8	90488f
			618	9	
	629		629		
	618	36		36	
			618	35	
	629		629		
rect	620	10	628	35	703870
		35			c060c0
	634	49	636	52	7fff7f
		53		56	60c060
		57		60	
		61		64	0060c0
		65		68	
		69		72	007fff
		73		76	0060c0
		77		80	
		81		84	183018
		85		88	
		89		92	
		93		96	
		97		100	
		101		104	
		105		108	
		109		112	
		113		116	
		117		120	
		121		124	
		125		128	
		129		132	
		133		136	
		137		140	
		141		144	
		145		148	
		149		152	
		153		156	
		157		160	
		161		164	
		165		168	
		169		172	
		173		176	
		177		180	
		181		184	
		185		188	
		189		192	
		193		196	
		197		200	
		201		204	
		205		208	
		209		212	
		213		216	
		217		220	
		221		224	
		225		228	
		229		232	
		233		236	
		237		240	
		241		244	
		245		248	
		249		252	
		253		256	
		257		260	
		261		264	
		265		268	
		269		272	
		273		276	
		277		280	
		281		284	
		285		288	
		289		292	
		293		296	
		297		300	
		301		304	
		305		308	
		309		312	
		313		316	
		317		320	
		321		324	
		325		328	
		329		332	
		333		336	
		337		340	
		341		344	
		345		348	
		349		352	
		353		356	
		357		360	
		361		364	
		365		368	
		369		372	
		373		376	
		377		380	
		381		384	
		385		388	
		389		392	
		393		396	
		397		400	
		401		404	
		405		408	
		409		412	
		413		416	
		417		420	
		421		424	
		425		428	
		429		432	
		433		436	
		437		440	
		441		444	
		445		448	
	621	52	631	56	303000
		57		61	
		62		66	
		67		71	
		72		76	
		77		81	
		82		86	
	7	7	115	115	00ff00
	8	8	114	114	001000
					003000
point	64	62	00e000
rect	12	320	121	440	001000
tint	15	320	23	333	00ff00	/font/5001/42
	21		29			/font/5001/55
	27		35			/font/5001/49
	33		41			/font/5001/4c
	39		47			/font/5001/44
	45		53			/font/5001/20
	51		59			/font/5001/53
	57		65			/font/5001/48
	63		71			/font/5001/49
	69		77			/font/5001/50
	75		83			/font/5001/53
line	12	342	119	342	009000
tint	15	332	23	345	00ff00	/font/5001/46
	21		29			/font/5001/61
	27		35			/font/5001/6e
	33		41			/font/5001/73
	39		47			/font/5001/69
	45		53			/font/5001/20
	51		59			/font/5001/41
	57		65			/font/5001/6c
	63		71			/font/5001/70
	69		77			/font/5001/68
	75		83			/font/5001/61
	15	344	23	357		/font/5001/46
	21		29			/font/5001/69
	27		35			/font/5001/67
	33		41			/font/5001/68
	39		47			/font/5001/74
	45		53			/font/5001/65
	51		59			/font/5001/72
line	12	367	12	356	009000
		356	120		
	120			367	005000
		367	12		
rect	13	357	120	367	007000
tint	15	356	23	369	00ff00	/font/5001/43
	21		29			/font/5001/72
	27		35			/font/5001/75
	33		41			/font/5001/69
	39		47			/font/5001/73
	45		53			/font/5001/65
	51		59			/font/5001/72
	15	368	23	381	009000	/font/5001/47
	21		29			/font/5001/75
	27		35			/font/5001/6e
	33		41			/font/5001/73
	39		47			/font/5001/68
	45		53			/font/5001/69
	51		59			/font/5001/70
	15	380	23	393	00ff00	/font/5001/54
	21		29			/font/5001/72
	27		35			/font/5001/61
	33		41			/font/5001/6e
	39		47			/font/5001/73
	45		53			/font/5001/70
	51		59			/font/5001/6f
	57		65			/font/5001/72
	63		71			/font/5001/74
	15	392	23	405		/font/5001/45
	21		29			/font/5001/6e
	27		35			/font/5001/67
	33		41			/font/5001/69
	39		47			/font/5001/6e
	45		53			/font/5001/65
	51		59			
	57		65			/font/5001/72
	63		71			/font/5001/20
	69		77			/font/5001/50
	75		83			/font/5001/6f
	81		89			/font/5001/64
	15	404	23	417	009000	/font/5001/41
	21		29			/font/5001/73
	27		35			
	33		41			/font/5001/61
	39		47			/font/5001/75
	45		53			/font/5001/6c
	51		59			/font/5001/74
	57		65			/font/5001/20
	63		71			/font/5001/54
	69		77			/font/5001/72
	75		83			/font/5001/61
	81		89			/font/5001/6e
	87		95			/font/5001/73
	93		101			/font/5001/70
	99		107			/font/5001/6f
	105		113			/font/5001/72
	111		119			/font/5001/74
line	12	438	119	438	009000
rect	16	450	114	475	001010
line	17	461	17	450	00c0c0
		450	43		
	43			461	007070
		461	17		
rect	18	451	43	461	009090
tint	19	450	27	463	00ffff	/font/5001/52
	25		33			/font/5001/47
	31		39			/font/5001/48
	37		45			/font/5001/54
	43		51			/font/5001/20
	49		57			/font/5001/42
	55		63			/font/5001/75
	61		69			/font/5001/69
	67		75			/font/5001/6c
	73		81			/font/5001/64
line	17	473	17	462	00c0c0
		462	43		
	43			473	007070
		473	17		
rect	18	463	43	473	009090
tint	19	462	27	475	00ffff	/font/5001/4c
	25		33			/font/5001/45
	31		39			/font/5001/46
	37		45			/font/5001/54
	43		51			/font/5001/20
	49		57			/font/5001/4d
	55		63			/font/5001/61
	61		69			/font/5001/69
	67		75			/font/5001/6e
	73		81			/font/5001/20
	79		87			/font/5001/4d
	85		93			/font/5001/65
	91		99			/font/5001/6e
	97		105			/font/5001/75
rect	12	180	120	192	000000
line	12	191	12	180	ffff00
		180	119		
	119			191	909000
		191	12		
rect	13	181	119	191	c0c000
tint	15	180	23	193	000000	/font/5001/43
	21		29			/font/5001/4f
	27		35			/font/5001/4e
	33		41			/font/5001/54
	39		47			/font/5001/52
	45		53			/font/5001/4f
	51		59			/font/5001/4c
rect	12	192	120	204	000000
tint	15	192	23	205	7fff7f	/font/5001/54
	21		29			/font/5001/52
	27		35			/font/5001/41
	33		41			/font/5001/4e
	39		47			/font/5001/53
	45		53			/font/5001/50
	51		59			/font/5001/52
	57		65			/font/5001/54
rect	14	204	36	226	000000
draw	20	206	31	224	/sprites/515.SMIV/0
line	14	204	35	204	489048
			14	205	
	35		35		
	14	225		225	
			14	224	
	35		35		
rect	40	204	51	226	000000
	42	206	49	206	003870
				224	0060c0
line	40	204	50	204	00488f
			40	205	
	50		50		
	40	225		225	
			40	224	
	50		50		
rect	53	204	64	226	000000
	55	206	62	206	707000
				224	c0c000
line	53	204	63	204	909000
			53	205	
	63		63		
	53	225		225	
			53	224	
	63		63		
rect	69	204	120	216	000000
		216		228	
		192		204	
	12	228		240	
tint	12	228	20	241	ff0000	/font/5001/46
	18		26			/font/5001/61
	24		32			/font/5001/6e
	30		38			/font/5001/73
	36		44			/font/5001/69
	42		50			/font/5001/20
	48		56			/font/5001/42
	54		62			/font/5001/65
	60		68			/font/5001/74
	66		74			/font/5001/61
rect	12	252	120	264	000000
line	12	263	12	252	007fff
		252	119		
	119			263	00488f
		263	12		
rect	13	253	119	263	0060c0
tint	15	252	23	265	000000	/font/5001/54
	21		29			/font/5001/41
	27		35			/font/5001/52
	33		41			/font/5001/47
	39		47			/font/5001/45
	45		53			/font/5001/54
rect	12	264	120	276	000000
tint	15	264	23	277	7fff7f	/font/5001/54
	21		29			/font/5001/52
	27		35			/font/5001/41
	33		41			/font/5001/4e
	39		47			/font/5001/53
	45		53			/font/5001/50
	51		59			/font/5001/52
	57		65			/font/5001/54
rect	14	276	36	298	000000
draw	20	278	31	296	/sprites/515.SMIV/0
line	14	276	35	276	489048
			14	277	
	35		35		
	14	297		297	
			14	296	
	35		35		
rect	40	276	51	298	000000
	42	278	49	278	003870
				296	0060c0
line	40	276	50	276	00488f
			40	277	
	50		50		
	40	297		297	
			40	296	
	50		50		
rect	53	276	64	298	000000
	55	278	62	278	707000
				296	c0c000
line	53	276	63	276	909000
			53	277	
	63		63		
	53	297		297	
			53	296	
	63		63		
rect	69	276	120	288	000000
		288		300	
		264		276	
	12	300		312	
tint	12	300	20	313	ff0000	/font/5001/46
	18		26			/font/5001/61
	24		32			/font/5001/6e
	30		38			/font/5001/73
	36		44			/font/5001/69
	42		50			/font/5001/20
	48		56			/font/5001/42
	54		62			/font/5001/65
	60		68			/font/5001/74
	66		74			/font/5001/61
