point	449	200	808080
	129	380	
	436	36	b0b0b0
	373	58	
	190	179	808080
	584	402	b0b0b0
	350	205	808080
	326	456	
	555	354	
	262	273	
	597	235	
	402	43	
	347	152	d0d0d0
	513	134	808080
	270	307	
	524	316	d0d0d0
	525	385	808080
	139	470	
	422	253	
	290	291	b0b0b0
	370	124	
	192	116	808080
	400	95	b0b0b0
	433	456	
	263	177	d0d0d0
	390	336	808080
	309	271	
	132	445	
	218	42	
	207	451	
	220	346	
	206	17	b0b0b0
	381	308	808080
	476	265	
	193	85	
	319	301	b0b0b0
	279	452	d0d0d0
	150	119	b0b0b0
	299	110	
	306	165	808080
	145	263	b0b0b0
	331	459	808080
	564	53	b0b0b0
	570	436	808080
	592	405	
	589	253	
	579	258	d0d0d0
	415	307	b0b0b0
	567	468	d0d0d0
	542	462	808080
	245	132	
	133	256	b0b0b0
	598	11	808080
	524	308	
	576	103	b0b0b0
	601	210	d0d0d0
	339	67	
	184	174	808080
	157	25	
	314	190	
	356	106	
	346	283	b0b0b0
	295	195	d0d0d0
	575	188	
	410	429	b0b0b0
	286	389	d0d0d0
	530	47	
	470	45	808080
	300	27	
	309	37	b0b0b0
	144	233	d0d0d0
	199	334	808080
	383	120	d0d0d0
	434	205	808080
	329	294	
	408	387	
	232	258	
	351	160	d0d0d0
	354	264	b0b0b0
	355	277	d0d0d0
	287	285	808080
	552	188	d0d0d0
	394	145	808080
	303	326	
	209	350	b0b0b0
	138	315	
	278	372	d0d0d0
	293	42	808080
	587	178	
	365	188	b0b0b0
	513	203	808080
	548	1	d0d0d0
	577	132	b0b0b0
	461	439	
	399	278	
	245	30	808080
	369	124	
	461	53	
	489	79	b0b0b0
	452	477	808080
	422	280	d0d0d0
	560	265	b0b0b0
	567	22	808080
	283	301	d0d0d0
	556	29	
	128	159	b0b0b0
	260	209	
	470	145	
	358	222	808080
	213	332	
	374	65	b0b0b0
	296	164	
	202	135	d0d0d0
	270	321	808080
	334	378	b0b0b0
	168	221	808080
	585	170	b0b0b0
	134	133	808080
	523	110	b0b0b0
	357	479	808080
	207	177	b0b0b0
	520	441	808080
	272	345	
	507	54	b0b0b0
	429	363	
rect	152	0	153	480	005000
	296		297		
	440		441		
	584		585		
	128	128	608	129	
		272		273	
		416		417	
	190	263	204	277	00488f
	53	285	69	301	009000
	359	231	375	247	
	162	268	176	282	
triangle	362	235	372	245	00c000
	363	237	371		
rect	150	280	156	286	00c000
	221	262	227	268	
triangle	361	234	371	244	00c000
	363	236			
	362	234	372		
	361	233	369	241	
	363	235	371	243	
					
					
plus	361	234	371	244	007000
triangle	362	234	372	244	00c000
	364	236			
	363	235	371	243	
					
					
	255	260	263	268	
	363	235	371	243	
rect	365	238	367	240	c00000
diamond	356	228	374	246	00c000
rect	365	237	367	239	c00000
	65	306	79	320	00ff00
dither	367	219	485	236	001830
crop	371	223	378	234	48	44	000000	/fonts/tactical.png
	378		385		8	66		
	385		392		112			
	392		399		24	77		
	399		406		72	66		
	413		420		16	44		
	420		427		40	66		
	427		434		32	77		
	434		441		8	66		
	448		455		96	33		
	462		469		24			
	476		483		112			
	370	222	377	233	48	44	007fff	
	377		384		8	66		
	384		391		112			
	391		398		24	77		
	398		405		72	66		
	412		419		16	44		
	419		426		40	66		
	426		433		32	77		
	433		440		8	66		
	447		454		96	33		
	461		468		24			
	475		482		112			
dither	200	472	577	480	300000
crop	204	476	211	487	48	44	000000	/fonts/tactical.png
	211		218		8	66		
	218		225		112			
	225		232		24	77		
	232		239		72	66		
	246		253		16	44		
	253		260		40	66		
	260		267		32	77		
	267		274		8	66		
	281		288		24			
	288		295		8			
	295		302		0	77		
	302		309		32			
	309		316		40			
	316		323		16			
	323		330		40	66		
	330		337		32			
	344		351		16			
	351		358		72	77		
	365		372		32	55		
	372		379		64	66		
	379		386		40			
	393		400		64	44		
	400		407		40	77		
	407		414		104	66		
	414		421		8			
	421		428		112			
	428		435		120	22		
	435		442		72	44		
	442		449		24	77		
	449		456		64	66		
	456		463		72			
	463		470		104			
	470		477		8			
	477		484		112			
	491		498		24	44		
	498		505		120	66		
	505		512					
	512		519		0	77		
	519		526		40	66		
	526		533		16	77		
	533		540		8	66		
	540		547		32	77		
	547		554		72	66		
	554		561		48	77		
	561		568		40	66		
	568		575		112	22		
	203	475	210	486	48	44	ff0000	
	210		217		8	66		
	217		224		112			
	224		231		24	77		
	231		238		72	66		
	245		252		16	44		
	252		259		40	66		
	259		266		32	77		
	266		273		8	66		
	280		287		24			
	287		294		8			
	294		301		0	77		
	301		308		32			
	308		315		40			
	315		322		16			
	322		329		40	66		
	329		336		32			
	343		350		16			
	350		357		72	77		
	364		371		32	55		
	371		378		64	66		
	378		385		40			
	392		399		64	44		
	399		406		40	77		
	406		413		104	66		
	413		420		8			
	420		427		112			
	427		434		120	22		
	434		441		72	44		
	441		448		24	77		
	448		455		64	66		
	455		462		72			
	462		469		104			
	469		476		8			
	476		483		112			
	490		497		24	44		
	497		504		120	66		
	504		511					
	511		518		0	77		
	518		525		40	66		
	525		532		16	77		
	532		539		8	66		
	539		546		32	77		
	546		553		72	66		
	553		560		48	77		
	560		567		40	66		
	567		574		112	22		
line	188	152	196	165	489048
			203	151	
	196	165			204020
draw	0	-144	128	624	/pictures/gui/instruments/left.png
	608		640		/pictures/gui/instruments/right.png
crop	29	159	35	171	0	36	ff0000	/fonts/computer.png
	35		41		16			
	41		47		40			
rect	614	359	615	362	00488f
			623	360	
	622			362	002850
	614	361			
	615	360	622	361	003870
	614	362	615	457	007fff
			623	363	
	622			457	00488f
	614	456			
	615	363	622	456	0070e0
	614	231	615	232	909048
			623		
	622				505028
	614				
		232	615	329	ffff7f
			623	233	
	622			329	909048
	614	328			
	615	233	622	328	e0e070
	614	103	615	136	904848
			623	104	
	622			136	502828
	614	135			
	615	104	622	135	703838
	614	136	615	201	ff7f7f
			623	137	
	622			201	904848
	614	200			
	615	137	622	200	e07070
	618	8	630	9	90488f
			619	10	
	629		630		
	618	36		37	
		35	619		
	629		630		
	620	10	628	35	703870
		35			c060c0
	634	49	636	52	7fff7f
		53		56	0060c0
		57		60	
		61		64	
		65		68	
		69		72	007fff
		73		76	183018
		77		80	
		81		84	
		85		88	
		89		92	
		93		96	
		97		100	
		101		104	
		105		108	
		109		112	
		113		116	
		117		120	
		121		124	
		125		128	
		129		132	
		133		136	
		137		140	
		141		144	
		145		148	
		149		152	
		153		156	
		157		160	
		161		164	
		165		168	
		169		172	
		173		176	
		177		180	
		181		184	
		185		188	
		189		192	
		193		196	
		197		200	
		201		204	
		205		208	
		209		212	
		213		216	
		217		220	
		221		224	
		225		228	
		229		232	
		233		236	
		237		240	
		241		244	
		245		248	
		249		252	
		253		256	
		257		260	
		261		264	
		265		268	
		269		272	
		273		276	
		277		280	
		281		284	
		285		288	
		289		292	
		293		296	
		297		300	
		301		304	
		305		308	
		309		312	
		313		316	
		317		320	
		321		324	
		325		328	
		329		332	
		333		336	
		337		340	
		341		344	
		345		348	
		349		352	
		353		356	
		357		360	
		361		364	
		365		368	
		369		372	
		373		376	
		377		380	
		381		384	
		385		388	
		389		392	
		393		396	
		397		400	
		401		404	
		405		408	
		409		412	
		413		416	
		417		420	
		421		424	
		425		428	
		429		432	
		433		436	
		437		440	
		441		444	
		445		448	
	621	52	631	56	303000
		57		61	
		62		66	
		67		71	
		72		76	
		77		81	
		82		86	
	7	7	115	115	00ff00
	8	8	114	114	001000
					003000
point	57	63	00e000
	58	60	
	61	66	
		61	
	56	60	
	51	52	
	60	60	
	61	59	
	57	58	
	58	60	
	56		
	60	61	
	57		
	61	62	
	51	49	
	61	61	
	58	60	
	52		
	56	56	
rect	12	320	121	440	001000
		342	120	343	009000
		356	13	368	
			121	357	
	120			368	005000
	12	367			
	13	357	120	367	007000
	12	438		439	009000
	16	450	114	475	001010
	17		18	462	00c0c0
			44	451	
	43			462	007070
	17	461			
	18	451	43	461	009090
	17	462	18	474	00c0c0
			44	463	
	43			474	007070
	17	473			
	18	463	43	473	009090
crop	15	320	21	332	16	48	00ff00	/fonts/computer.png
	21		27		40	60		
	27		33		72	48		
	33		39		96			
	39		45		32			
	51		57		24	60		
	57		63		64	48		
	63		69		72			
	69		75		0	60		
	75		81		24			
	15	332	21	344	48	48		
	21		27		8	72		
	27		33		112			
	33		39		24	84		
	39		45		72	72		
	51		57		8	48		
	57		63		96	72		
	63		69		0	84		
	69		75		64	72		
	75		81		8			
	15	344	21	356	48	48		
	21		27		72	72		
	27		33		56			
	33		39		64			
	39		45		32	84		
	45		51		40	72		
	51		57		16	84		
	15	356	21	368	24	48		
	21		27		16	84		
	27		33		40			
	33		39		72	72		
	39		45		24	84		
	45		51		40	72		
	51		57		16	84		
	15	368	21	380	56	48	009000	
	21		27		40	84		
	27		33		112	72		
	33		39		24	84		
	39		45		64	72		
	45		51		72			
	51		57		0	84		
	15	380	21	392	32	60	00ff00	
	21		27		16	84		
	27		33		8	72		
	33		39		112			
	39		45		24	84		
	45		51		0			
	51		57		120	72		
	57		63		16	84		
	63		69		32			
	15	392	21	404	40	48		
	21		27		112	72		
	27		33		56			
	33		39		72			
	39		45		112			
	45		51		40			
	51		57					
	57		63		16	84		
	69		75		0	60		
	75		81		120	72		
	81		87		32			
	15	404	21	416	8	48	009000	
	21		27		24	84		
	27		33					
	33		39		8	72		
	39		45		40	84		
	45		51		96	72		
	51		57		32	84		
	63		69			60		
	69		75		16	84		
	75		81		8	72		
	81		87		112			
	87		93		24	84		
	93		99		0			
	99		105		120	72		
	105		111		16	84		
	111		117		32			
	19	450	25	462	16	60	00ffff	
	25		31		56	48		
	31		37		64			
	37		43		32	60		
	49		55		16	48		
	55		61		40	84		
	61		67		72	72		
	67		73		96			
	73		79		32			
	19	462	25	474	96	48		
	25		31		40			
	31		37		48			
	37		43		32	60		
	49		55		104	48		
	55		61		8	72		
	61		67		72			
	67		73		112			
	79		85		104	48		
	85		91		40	72		
	91		97		112			
	97		103		40	84		
rect	12	180	13	192	ffff00
			121	181	
	120			192	909000
	12	191			
	13	181	120	191	c0c000
crop	15	180	21	192	24	48	000000	/fonts/computer.png
	21		27		120			
	27		33		112			
	33		39		32	60		
	39		45		16			
	45		51		120	48		
	51		57		96			
rect	14	204	36	205	489048
			15	206	
	35		36		
	14	225		226	
		224	15		
	35		36		
	12	252	13	264	007fff
			121	253	
	120			264	00488f
	12	263			
	13	253	120	263	0060c0
crop	15	252	21	264	32	60	000000	/fonts/computer.png
	21		27		8	48		
	27		33		16	60		
	33		39		56	48		
	39		45		40			
	45		51		32	60		
	15	264	21	276	48	48	7fff7f	
	21		27		8	72		
	27		33		112			
	33		39		24	84		
	39		45		72	72		
	51		57		16	48		
	57		63		40	72		
	63		69		32	84		
	69		75		8	72		
draw	16	278	34	296	/sprites/loc/planets/cloudtones%0
rect	14	276	36	277	489048
			15	278	
	35		36		
	14	297		298	
		296	15		
	35		36		
