point	189	284	b0b0b0
	474	143	
	418	209	d0d0d0
	244	401	b0b0b0
	373	299	d0d0d0
	179		
	247	184	b0b0b0
	257	480	808080
	250	169	d0d0d0
	287	403	b0b0b0
	483	155	808080
	275	141	d0d0d0
	345	478	808080
	301	262	d0d0d0
	329	348	
	402	268	
	464	132	b0b0b0
	448	398	
	192	269	d0d0d0
	504	66	
	171	196	808080
	232	138	b0b0b0
	235	142	d0d0d0
	206	419	
	232	54	808080
	358	7	
	384	432	d0d0d0
	333	54	b0b0b0
	211	292	
	331	289	d0d0d0
	324	404	b0b0b0
	509	334	d0d0d0
	393	295	808080
	376	69	d0d0d0
	460	44	808080
	600	466	d0d0d0
	344	167	b0b0b0
	479	113	808080
	477	56	b0b0b0
	230	373	d0d0d0
	349	254	
	384	465	
	300	424	
	225	221	b0b0b0
	451	181	
	556	451	
	574	415	808080
	210	416	
	458	293	b0b0b0
	260	115	
	264	14	
	530	161	d0d0d0
	412	214	808080
	441	222	b0b0b0
	495	404	808080
	329	342	
	601	290	
	365	338	b0b0b0
	232	132	808080
	433	164	
	587	145	d0d0d0
	496	267	
	599	381	b0b0b0
	467	32	808080
	177	126	
	578	55	
	563	178	
	295	111	d0d0d0
	376	336	
	599	467	808080
	288	228	d0d0d0
	503	326	808080
	507	160	d0d0d0
	301	106	b0b0b0
	178	34	d0d0d0
	476	362	b0b0b0
	138	185	808080
	150	219	d0d0d0
	400	302	b0b0b0
	319	143	808080
	512	274	b0b0b0
	372	371	d0d0d0
	397	58	808080
	376	316	b0b0b0
	234	52	808080
	471	366	d0d0d0
	335	6	808080
	273	325	b0b0b0
	549	346	808080
	192	250	d0d0d0
	139	131	
	354	334	808080
	544	299	b0b0b0
	480	306	808080
	455	179	b0b0b0
	245	270	d0d0d0
	501	256	808080
	600	102	d0d0d0
	246	133	b0b0b0
	291	296	808080
	467	324	d0d0d0
	538	401	808080
	158	220	
	597	338	d0d0d0
	246	366	
	518	288	808080
	596	423	d0d0d0
	547	82	b0b0b0
	364	8	d0d0d0
	525	48	b0b0b0
	285	10	808080
	247	411	
	145	74	b0b0b0
	304	207	d0d0d0
	590	403	
	522	51	
	595	190	b0b0b0
	320	90	d0d0d0
	235	388	
	516	367	808080
	558	221	
	319		b0b0b0
	587	431	
	575	84	d0d0d0
	560	272	b0b0b0
line	239	0	239	480	005000
	441		441		
	128	97	608	97	
		299		299	
tint	350	211	366	227	009000	/x/square/8
	434	90	448	104	900000	/x/square/7
	361	233	373	245	00c000	/x/triangle/6
	322	212	338	228		/x/diamond/8
	337	246	353	262		
line	232	93	235	108	489048
			247	97	
	235	108			204020
draw	0	0	128	480	/pictures/501.png
	608		640		/pictures/512.png
tint	29	159	37	172	ff0000	/font/5001/31
	35		43			/font/5001/35
	41		49			/font/5001/30
	102		110		ff7f00	/font/5001/31
	108		116			/font/5001/35
	114		122			/font/5001/30
line	614	456	614	359	007fff
		359	622		
	622			456	00488f
		456	614		
rect	615	360	622	456	0070e0
line	614	328	614	231	ffff7f
		231	622		
	622			328	909048
		328	614		
rect	615	232	622	328	e0e070
line	614	200	614	103	ff7f7f
		103	622		
	622			200	904848
		200	614		
rect	615	104	622	200	e07070
line	618	8	629	8	90488f
			618	9	
	629		629		
	618	36		36	
			618	35	
	629		629		
rect	620	10	628	35	703870
		35			c060c0
	634	49	636	52	7fff7f
		53		56	60c060
		57		60	
		61		64	
		65		68	
		69		72	7fff7f
		73		76	60c060
		77		80	
		81		84	
		85		88	
		89		92	7fff7f
		93		96	60c060
		97		100	
		101		104	
		105		108	
		109		112	7fff7f
		113		116	60c060
		117		120	
		121		124	
		125		128	
		129		132	7fff7f
		133		136	60c060
		137		140	
		141		144	
		145		148	
		149		152	183018
		153		156	
		157		160	
		161		164	
		165		168	
		169		172	
		173		176	
		177		180	
		181		184	
		185		188	
		189		192	
		193		196	
		197		200	
		201		204	
		205		208	
		209		212	
		213		216	
		217		220	
		221		224	
		225		228	
		229		232	
		233		236	
		237		240	
		241		244	
		245		248	
		249		252	
		253		256	
		257		260	
		261		264	
		265		268	
		269		272	
		273		276	
		277		280	
		281		284	
		285		288	
		289		292	
		293		296	
		297		300	
		301		304	
		305		308	
		309		312	
		313		316	
		317		320	
		321		324	
		325		328	
		329		332	
		333		336	
		337		340	
		341		344	
		345		348	
		349		352	
		353		356	
		357		360	
		361		364	
		365		368	
		369		372	
		373		376	
		377		380	
		381		384	
		385		388	
		389		392	
		393		396	
		397		400	
		401		404	
		405		408	
		409		412	
		413		416	
		417		420	
		421		424	
		425		428	
		429		432	
		433		436	
		437		440	
		441		444	
		445		448	
	621	52	631	56	303000
		57		61	
		62		66	
		67		71	
		72		76	
		77		81	
		82		86	
	7	7	115	115	00ff00
	8	8	114	114	001000
					003000
point	54	45	00e000
	32	46	
	43	72	
rect	12	320	121	440	001000
line	12	330	119	330	009000
tint	15	320	23	333	00ff00	/font/5001/4d
	21		29			/font/5001/41
	27		35			/font/5001/49
	33		41			/font/5001/4e
	39		47			/font/5001/20
	45		53			/font/5001/4d
	51		59			/font/5001/45
	57		65			/font/5001/4e
	63		71			/font/5001/55
line	12	343	12	332	009000
		332	120		
	120			343	005000
		343	12		
rect	13	333	120	343	007000
tint	15	332	23	345	00ff00	/font/5001/3c
	21		29			/font/5001/42
	27		35			/font/5001/75
	33		41			/font/5001/69
	39		47			/font/5001/6c
	45		53			/font/5001/64
	51		59			/font/5001/3e
	15	344	23	357		/font/5001/3c
	21		29			/font/5001/53
	27		35			/font/5001/70
	33		41			/font/5001/65
	39		47			/font/5001/63
	45		53			/font/5001/69
	51		59			/font/5001/61
	57		65			/font/5001/6c
	63		71			/font/5001/20
	69		77			/font/5001/4f
	75		83			/font/5001/72
	81		89			/font/5001/64
	87		95			/font/5001/65
	93		101			/font/5001/72
	99		107			/font/5001/73
	105		113			/font/5001/3e
	15	356	23	369		/font/5001/3c
	21		29			/font/5001/4d
	27		35			/font/5001/65
	33		41			/font/5001/73
	39		47			
	45		53			/font/5001/61
	51		59			/font/5001/67
	57		65			/font/5001/65
	63		71			/font/5001/3e
	15	368	23	381		/font/5001/3c
	21		29			/font/5001/4d
	27		35			/font/5001/69
	33		41			/font/5001/73
	39		47			
	45		53			/font/5001/69
	51		59			/font/5001/6f
	57		65			/font/5001/6e
	63		71			/font/5001/20
	69		77			/font/5001/53
	75		83			/font/5001/74
	81		89			/font/5001/61
	87		95			/font/5001/74
	93		101			/font/5001/75
	99		107			/font/5001/73
	105		113			/font/5001/3e
line	12	438	119	438	009000
rect	16	450	114	475	001010
line	17	461	17	450	00c0c0
		450	43		
	43			461	007070
		461	17		
rect	18	451	43	461	009090
tint	19	450	27	463	00ffff	/font/5001/52
	25		33			/font/5001/47
	31		39			/font/5001/48
	37		45			/font/5001/54
	43		51			/font/5001/20
	49		57			/font/5001/53
	55		63			/font/5001/65
	61		69			/font/5001/6c
	67		75			/font/5001/65
	73		81			/font/5001/63
	79		87			/font/5001/74
rect	12	180	120	192	000000
line	12	191	12	180	ffff00
		180	119		
	119			191	909000
		191	12		
rect	13	181	119	191	c0c000
tint	15	180	23	193	000000	/font/5001/43
	21		29			/font/5001/4f
	27		35			/font/5001/4e
	33		41			/font/5001/54
	39		47			/font/5001/52
	45		53			/font/5001/4f
	51		59			/font/5001/4c
rect	12	192	120	204	000000
tint	15	192	23	205	7fff7f	/font/5001/54
	21		29			/font/5001/68
	27		35			/font/5001/61
	33		41			/font/5001/73
	39		47			/font/5001/65
	45		53			/font/5001/72
	51		59			/font/5001/6f
	57		65			/font/5001/20
	63		71			/font/5001/41
	69		77			/font/5001/6c
	75		83			/font/5001/70
	81		89			/font/5001/68
	87		95			/font/5001/61
rect	14	204	36	226	000000
draw	16	206	34	224	/sprites/1026.SMIV/0
line	14	204	35	204	489048
			14	205	
	35		35		
	14	225		225	
			14	224	
	35		35		
rect	40	204	51	226	000000
	53		64		
	69		120	216	
		216		228	
	12	228		240	
		252		264	
line	12	263	12	252	007fff
		252	119		
	119			263	00488f
		263	12		
rect	13	253	119	263	0060c0
tint	15	252	23	265	000000	/font/5001/54
	21		29			/font/5001/41
	27		35			/font/5001/52
	33		41			/font/5001/47
	39		47			/font/5001/45
	45		53			/font/5001/54
rect	12	264	120	276	000000
tint	15	264	23	277	7fff7f	/font/5001/54
	21		29			/font/5001/68
	27		35			/font/5001/61
	33		41			/font/5001/73
	39		47			/font/5001/65
	45		53			/font/5001/72
	51		59			/font/5001/6f
	57		65			/font/5001/20
	63		71			/font/5001/41
	69		77			/font/5001/6c
	75		83			/font/5001/70
	81		89			/font/5001/68
	87		95			/font/5001/61
rect	14	276	36	298	000000
draw	16	278	34	296	/sprites/1026.SMIV/0
line	14	276	35	276	489048
			14	277	
	35		35		
	14	297		297	
			14	296	
	35		35		
rect	40	276	51	298	000000
	53		64		
	69		120	288	
		288		300	
	12	300		312	
