point	186	299	b0b0b0
	471	158	
	414	230	d0d0d0
	241	416	b0b0b0
	369	320	d0d0d0
	175		
	244	199	b0b0b0
	281	21	d0d0d0
	246	190	
	284	418	b0b0b0
	481	165	808080
	271	162	d0d0d0
	363	12	b0b0b0
	297	283	d0d0d0
	325	369	
	398	289	
	461	147	b0b0b0
	445	413	
	188	290	d0d0d0
	500	87	
	169	206	808080
	229	153	b0b0b0
	231	163	d0d0d0
	202	440	
	230	64	808080
	356	17	
	380	453	d0d0d0
	330	69	b0b0b0
	208	307	
	327	310	d0d0d0
	321	419	b0b0b0
	505	355	d0d0d0
	391	305	808080
	372	90	d0d0d0
	458	54	808080
	399	5	b0b0b0
	341	182	
	477	123	808080
	474	71	b0b0b0
	226	394	d0d0d0
	345	275	
	322	3	808080
	296	445	d0d0d0
	222	236	b0b0b0
	448	196	
	553	466	
	572	425	808080
	208	426	
	455	308	b0b0b0
	257	130	
	261	29	
	526	182	d0d0d0
	410	224	808080
	438	237	b0b0b0
	493	414	808080
	327	352	
	599	300	
	362	353	b0b0b0
	230	142	808080
	431	174	
	583	166	d0d0d0
	492	288	
	596	396	b0b0b0
	465	42	808080
	175	136	
	576	65	
	561	188	
	291	132	d0d0d0
	372	357	
	597	477	808080
	284	249	d0d0d0
	501	336	808080
	503	181	d0d0d0
	298	121	b0b0b0
	174	55	d0d0d0
	473	377	b0b0b0
	136	195	808080
	146	240	d0d0d0
	397	317	b0b0b0
	317	153	808080
	509	289	b0b0b0
	368	392	d0d0d0
	395	68	808080
	373	331	b0b0b0
	232	62	808080
	467	387	d0d0d0
	333	16	808080
	270	340	b0b0b0
	547	356	808080
	188	271	d0d0d0
	135	152	
	352	344	808080
	541	314	b0b0b0
	478	316	808080
	452	194	b0b0b0
	241	291	d0d0d0
	499	266	808080
	596	123	d0d0d0
	243	148	b0b0b0
	289	306	808080
	463	345	d0d0d0
	536	411	808080
	156	230	
	593	359	d0d0d0
	242	387	
	516	298	808080
	592	444	d0d0d0
	544	97	b0b0b0
	360	29	d0d0d0
	522	63	b0b0b0
	283	20	808080
	245	421	
	142	89	b0b0b0
	300	228	d0d0d0
	586	424	
	518	72	
	592	205	b0b0b0
	316	111	d0d0d0
	231	409	
	514	377	808080
	556	231	
	316	236	b0b0b0
	584	446	
	571	105	d0d0d0
	557	287	b0b0b0
rect	206	0	207	481	005000
	452		453		
	128	88	609	89	
		334		335	
	344	230	360	246	009000
	445	81	459	95	900000
triangle	361	233	373	245	00c000
diamond	292	237	308	253	00c000
	348	274	364	290	
dither	352	248	449	265	303000
crop	356	252	363	263	32	55	000000	/fonts/tactical.png
	363		370		64	66		
	370		377		8			
	377		384		24	77		
	384		391		40	66		
	391		398		16	77		
	398		405		120	66		
	405		412		0	22		
	412		419		8	44		
	419		426		96	66		
	426		433		0	77		
	433		440		64	66		
	440		447		8			
	355	251	362	262	32	55	ffff00	
	362		369		64	66		
	369		376		8			
	376		383		24	77		
	383		390		40	66		
	390		397		16	77		
	397		404		120	66		
	404		411		0	22		
	411		418		8	44		
	418		425		96	66		
	425		432		0	77		
	432		439		64	66		
	439		446		8			
dither	472	4	604	21	001830
crop	476	8	483	19	32	55	000000	/fonts/tactical.png
	483		490		64	66		
	490		497		8			
	497		504		24	77		
	504		511		40	66		
	511		518		16	77		
	518		525		120	66		
	525		532		0	22		
	532		539		16	44		
	539		546		40	66		
	546		553		32	77		
	553		560		8	66		
	560		567		0	22		
	567		574		96	33		
	574		581		0	22		
	581		588		24	33		
	588		595		0	22		
	595		602		112	33		
	475	7	482	18	32	55	007fff	
	482		489		64	66		
	489		496		8			
	496		503		24	77		
	503		510		40	66		
	510		517		16	77		
	517		524		120	66		
	524		531		0	22		
	531		538		16	44		
	538		545		40	66		
	545		552		32	77		
	552		559		8	66		
	559		566		0	22		
	566		573		96	33		
	573		580		0	22		
	580		587		24	33		
	587		594		0	22		
	594		601		112	33		
line	193	143	201	156	489048
			208	143	
	201	156			204020
draw	0	0	128	480	/pictures/501.png
	608		640		/pictures/512.png
crop	29	159	35	171	8	36	ff0000	/fonts/computer.png
	35		41		40			
	41		47		0			
	102		108		8		ff7f00	
	108		114		40			
	114		120		0			
rect	614	359	615	457	007fff
			623	360	
	622			457	00488f
	614	456			
	615	360	622	456	0070e0
	614	231	615	329	ffff7f
			623	232	
	622			329	909048
	614	328			
	615	232	622	328	e0e070
	614	103	615	201	ff7f7f
			623	104	
	622			201	904848
	614	200			
	615	104	622	200	e07070
	618	8	630	9	90488f
			619	10	
	629		630		
	618	36		37	
		35	619		
	629		630		
	620	10	628	35	703870
		14			c060c0
	634	49	636	52	7fff7f
		53		56	60c060
		57		60	
		61		64	
		65		68	
		69		72	007fff
		73		76	0060c0
		77		80	
		81		84	
		85		88	
		89		92	007fff
		93		96	0060c0
		97		100	
		101		104	
		105		108	
		109		112	183018
		113		116	
		117		120	
		121		124	
		125		128	
		129		132	
		133		136	
		137		140	
		141		144	
		145		148	
		149		152	
		153		156	
		157		160	
		161		164	
		165		168	
		169		172	
		173		176	
		177		180	
		181		184	
		185		188	
		189		192	
		193		196	
		197		200	
		201		204	
		205		208	
		209		212	
		213		216	
		217		220	
		221		224	
		225		228	
		229		232	
		233		236	
		237		240	
		241		244	
		245		248	
		249		252	
		253		256	
		257		260	
		261		264	
		265		268	
		269		272	
		273		276	
		277		280	
		281		284	
		285		288	
		289		292	
		293		296	
		297		300	
		301		304	
		305		308	
		309		312	
		313		316	
		317		320	
		321		324	
		325		328	
		329		332	
		333		336	
		337		340	
		341		344	
		345		348	
		349		352	
		353		356	
		357		360	
		361		364	
		365		368	
		369		372	
		373		376	
		377		380	
		381		384	
		385		388	
		389		392	
		393		396	
		397		400	
		401		404	
		405		408	
		409		412	
		413		416	
		417		420	
		421		424	
		425		428	
		429		432	
		433		436	
		437		440	
		441		444	
		445		448	
	621	52	631	56	303000
		57		61	
		62		66	
		67		71	
		72		76	
		77		81	
		82		86	
	7	7	115	115	00ff00
	8	8	114	114	001000
					003000
point	51	60	00e000
	17	64	
	54	89	
rect	12	320	121	440	001000
		342	120	343	009000
		392	13	404	
			121	393	
	120			404	005000
	12	403			
	13	393	120	403	007000
	12	438		439	009000
	16	450	114	475	001010
	17		18	462	00c0c0
			44	451	
	43			462	007070
	17	461			
	18	451	43	461	009090
	17	462	18	474	00c0c0
			44	463	
	43			474	007070
	17	473			
	18	463	43	473	009090
crop	15	320	21	332	16	48	00ff00	/fonts/computer.png
	21		27		40	60		
	27		33		72	48		
	33		39		96			
	39		45		32			
	45		51		0	24		
	51		57		24	60		
	57		63		64	48		
	63		69		72			
	69		75		0	60		
	75		81		24			
	15	332	21	344	32			
	21		27		64	72		
	27		33		8			
	33		39		24	84		
	39		45		40	72		
	45		51		16	84		
	51		57		120	72		
	57		63		0	24		
	63		69		8	48		
	69		75		96	72		
	75		81		0	84		
	81		87		64	72		
	87		93		8			
	15	344	21	356	48	48		
	21		27		72	72		
	27		33		56			
	33		39		64			
	39		45		32	84		
	45		51		40	72		
	51		57		16	84		
	15	356	21	368	24	48		
	21		27		16	84		
	27		33		40			
	33		39		72	72		
	39		45		24	84		
	45		51		40	72		
	51		57		16	84		
	15	368	21	380	56	48		
	21		27		40	84		
	27		33		112	72		
	33		39		24	84		
	39		45		64	72		
	45		51		72			
	51		57		0	84		
	15	380	21	392	32	60		
	21		27		16	84		
	27		33		8	72		
	33		39		112			
	39		45		24	84		
	45		51		0			
	51		57		120	72		
	57		63		16	84		
	63		69		32			
	15	392	21	404	8	48		
	21		27		24	84		
	27		33					
	33		39		8	72		
	39		45		40	84		
	45		51		96	72		
	51		57		32	84		
	57		63		0	24		
	63		69		32	60		
	69		75		16	84		
	75		81		8	72		
	81		87		112			
	87		93		24	84		
	93		99		0			
	99		105		120	72		
	105		111		16	84		
	111		117		32			
	19	450	25	462	16	60	00ffff	
	25		31		56	48		
	31		37		64			
	37		43		32	60		
	43		49		0	24		
	49		55		16	48		
	55		61		40	84		
	61		67		72	72		
	67		73		96			
	73		79		32			
	19	462	25	474	96	48		
	25		31		40			
	31		37		48			
	37		43		32	60		
	43		49		0	24		
	49		55		104	48		
	55		61		8	72		
	61		67		72			
	67		73		112			
	73		79		0	24		
	79		85		104	48		
	85		91		40	72		
	91		97		112			
	97		103		40	84		
rect	12	180	13	192	ffff00
			121	181	
	120			192	909000
	12	191			
	13	181	120	191	c0c000
crop	15	180	21	192	24	48	000000	/fonts/computer.png
	21		27		120			
	27		33		112			
	33		39		32	60		
	39		45		16			
	45		51		120	48		
	51		57		96			
	15	192	21	204	32	60	7fff7f	
	21		27		64	72		
	27		33		8			
	33		39		24	84		
	39		45		40	72		
	45		51		16	84		
	51		57		120	72		
	57		63		0	24		
	63		69		8	48		
	69		75		96	72		
	75		81		0	84		
	81		87		64	72		
	87		93		8			
draw	16	206	34	224	/sprites/1026.SMIV/0
rect	14	204	36	205	489048
			15	206	
	35		36		
	14	225		226	
		224	15		
	35		36		
	12	252	13	264	007fff
			121	253	
	120			264	00488f
	12	263			
	13	253	120	263	0060c0
crop	15	252	21	264	32	60	000000	/fonts/computer.png
	21		27		8	48		
	27		33		16	60		
	33		39		56	48		
	39		45		40			
	45		51		32	60		
	15	264	21	276			7fff7f	
	21		27		64	72		
	27		33		8			
	33		39		24	84		
	39		45		40	72		
	45		51		16	84		
	51		57		120	72		
	57		63		0	24		
	63		69		16	48		
	69		75		40	72		
	75		81		32	84		
	81		87		8	72		
draw	16	278	34	296	/sprites/1028.SMIV/0
rect	14	276	36	277	489048
			15	278	
	35		36		
	14	297		298	
		296	15		
	35		36		
