point	192	395	b0b0b0
	477	254	
	423	358	d0d0d0
	293	21	808080
	378	448	d0d0d0
	184		
	250	295	b0b0b0
	289	149	d0d0d0
	255	318	
	180	46	
	485	228	808080
	280	290	d0d0d0
	369	108	b0b0b0
	306	411	d0d0d0
	536	9	808080
	407	417	d0d0d0
	467	243	b0b0b0
	177	19	808080
	197	418	d0d0d0
	509	215	
	173	269	808080
	235	249	b0b0b0
	240	291	d0d0d0
	327	88	
	234	127	808080
	360	80	
	335	50	
	336	165	b0b0b0
	214	403	
	336	438	d0d0d0
	570	23	808080
	235	3	d0d0d0
	395	368	808080
	381	218	d0d0d0
	462	117	808080
	405	101	b0b0b0
	347	278	
	481	186	808080
	480	167	b0b0b0
	464	42	d0d0d0
	354	403	
	326	66	808080
	276	46	
	228	332	b0b0b0
	454	292	
	459	82	
	439	12	
	302	18	d0d0d0
	461	404	b0b0b0
	263	226	
	267	125	
	535	310	d0d0d0
	414	287	808080
	444	333	b0b0b0
	497	477	808080
	331	415	
	603	363	
	368	449	b0b0b0
	234	205	808080
	435	237	
	592	294	d0d0d0
	501	416	
	212	16	
	469	105	808080
	179	199	
	580	128	
	565	251	
	300	260	d0d0d0
	467	5	
	399	91	b0b0b0
	293	377	d0d0d0
	505	399	808080
	512	309	d0d0d0
	304	217	b0b0b0
	183	183	d0d0d0
	479	473	b0b0b0
	152	171	d0d0d0
	141	83	808080
	403	413	b0b0b0
	321	216	808080
	515	385	b0b0b0
	263	40	d0d0d0
	399	131	808080
	379	427	b0b0b0
	236	125	808080
	162	35	d0d0d0
	337	79	808080
	276	436	b0b0b0
	551	419	808080
	197	399	d0d0d0
	138	232	b0b0b0
	356	407	808080
	547	410	b0b0b0
	482	379	808080
	458	290	b0b0b0
	250	419	d0d0d0
	503	329	808080
	605	235	
	249	244	b0b0b0
	293	369	808080
	472	473	d0d0d0
	540	474	808080
	160	293	
	272	7	d0d0d0
	488	26	b0b0b0
	520	361	808080
	334	92	d0d0d0
	550	193	b0b0b0
	369	157	d0d0d0
	528	159	b0b0b0
	287	83	808080
	522	8	d0d0d0
	384	60	
	309	356	
	561	72	
	527	200	
	598	301	b0b0b0
	325	239	d0d0d0
	540	28	808080
	518	440	
	560	294	
	322	332	b0b0b0
	191	62	
	580	233	d0d0d0
	563	383	b0b0b0
line	189	0	189	480	002850
	294		294		
	399		399		
	504		504		005000
	128	31	608	31	002850
		136		136	005000
		241		241	002850
		346		346	
		451		451	
rect	324	385	340	401	009000
	498	130	512	144	900000
triangle	361	233	373	245	00c000
diamond	304	392	320	408	00c000
	321	375	337	391	
triangle	559	55	565	61	c00000
plus	366	348	376	358	00c000
dither	329	393	405	410	303000
tint	333	397	341	409	000000	/font/5000/42
	340		348			/font/5000/61
	347		355			/font/5000/74
	354		362			
	361		369			/font/5000/6c
	368		376			/font/5000/65
	375		383			/font/5000/73
	382		390			/font/5000/68
	389		397			/font/5000/69
	396		404			/font/5000/70
	332	396	340	408	ffff00	/font/5000/42
	339		347			/font/5000/61
	346		354			/font/5000/74
	353		361			
	360		368			/font/5000/6c
	367		375			/font/5000/65
	374		382			/font/5000/73
	381		389			/font/5000/68
	388		396			/font/5000/69
	395		403			/font/5000/70
line	469	68	456	75	489048
			469	83	
	456	75			204020
draw	0	0	128	480	/pictures/501.png
	608		640		/pictures/512.png
tint	29	159	37	172	ff0000	/font/5001/31
	35		43			/font/5001/35
	41		49			/font/5001/30
	102		110		ff7f00	/font/5001/31
	108		116			/font/5001/35
	114		122			/font/5001/30
line	614	456	614	359	007fff
		359	622		
	622			456	00488f
		456	614		
rect	615	360	622	456	0070e0
line	614	328	614	231	ffff7f
		231	622		
	622			328	909048
		328	614		
rect	615	232	622	328	e0e070
line	614	200	614	103	ff7f7f
		103	622		
	622			200	904848
		200	614		
rect	615	104	622	200	e07070
line	618	8	629	8	90488f
			618	9	
	629		629		
	618	36		36	
			618	35	
	629		629		
rect	620	10	628	35	703870
		25			c060c0
	634	49	636	52	7fff7f
		53		56	60c060
		57		60	
		61		64	
		65		68	
		69		72	7fff7f
		73		76	703800
		77		80	
		81		84	
		85		88	
		89		92	904800
		93		96	183018
		97		100	
		101		104	
		105		108	
		109		112	
		113		116	
		117		120	
		121		124	
		125		128	
		129		132	
		133		136	
		137		140	
		141		144	
		145		148	
		149		152	
		153		156	
		157		160	
		161		164	
		165		168	
		169		172	
		173		176	
		177		180	
		181		184	
		185		188	
		189		192	
		193		196	
		197		200	
		201		204	
		205		208	
		209		212	
		213		216	
		217		220	
		221		224	
		225		228	
		229		232	
		233		236	
		237		240	
		241		244	
		245		248	
		249		252	
		253		256	
		257		260	
		261		264	
		265		268	
		269		272	
		273		276	
		277		280	
		281		284	
		285		288	
		289		292	
		293		296	
		297		300	
		301		304	
		305		308	
		309		312	
		313		316	
		317		320	
		321		324	
		325		328	
		329		332	
		333		336	
		337		340	
		341		344	
		345		348	
		349		352	
		353		356	
		357		360	
		361		364	
		365		368	
		369		372	
		373		376	
		377		380	
		381		384	
		385		388	
		389		392	
		393		396	
		397		400	
		401		404	
		405		408	
		409		412	
		413		416	
		417		420	
		421		424	
		425		428	
		429		432	
		433		436	
		437		440	
		441		444	
		445		448	
	621	52	631	56	303000
		57		61	
		62		66	
		67		71	
		72		76	
		77		81	
		82		86	
	7	7	115	115	00ff00
	8	8	114	114	001000
					003000
point	62	105	00e000
rect	12	320	121	440	001000
tint	15	320	23	333	00ff00	/font/5001/42
	21		29			/font/5001/55
	27		35			/font/5001/49
	33		41			/font/5001/4c
	39		47			/font/5001/44
	45		53			/font/5001/20
	51		59			/font/5001/53
	57		65			/font/5001/48
	63		71			/font/5001/49
	69		77			/font/5001/50
	75		83			/font/5001/53
line	12	342	119	342	009000
tint	15	332	23	345	00ff00	/font/5001/54
	21		29			/font/5001/68
	27		35			/font/5001/61
	33		41			/font/5001/73
	39		47			/font/5001/65
	45		53			/font/5001/72
	51		59			/font/5001/6f
	57		65			/font/5001/20
	63		71			/font/5001/41
	69		77			/font/5001/6c
	75		83			/font/5001/70
	81		89			/font/5001/68
	87		95			/font/5001/61
	15	344	23	357		/font/5001/46
	21		29			/font/5001/69
	27		35			/font/5001/67
	33		41			/font/5001/68
	39		47			/font/5001/74
	45		53			/font/5001/65
	51		59			/font/5001/72
	15	356	23	369		/font/5001/43
	21		29			/font/5001/72
	27		35			/font/5001/75
	33		41			/font/5001/69
	39		47			/font/5001/73
	45		53			/font/5001/65
	51		59			/font/5001/72
line	12	379	12	368	009000
		368	120		
	120			379	005000
		379	12		
rect	13	369	120	379	007000
tint	15	368	23	381	003000	/font/5001/47
	21		29			/font/5001/75
	27		35			/font/5001/6e
	33		41			/font/5001/73
	39		47			/font/5001/68
	45		53			/font/5001/69
	51		59			/font/5001/70
	15	380	23	393	00ff00	/font/5001/54
	21		29			/font/5001/72
	27		35			/font/5001/61
	33		41			/font/5001/6e
	39		47			/font/5001/73
	45		53			/font/5001/70
	51		59			/font/5001/6f
	57		65			/font/5001/72
	63		71			/font/5001/74
	15	392	23	405	009000	/font/5001/41
	21		29			/font/5001/73
	27		35			
	33		41			/font/5001/61
	39		47			/font/5001/75
	45		53			/font/5001/6c
	51		59			/font/5001/74
	57		65			/font/5001/20
	63		71			/font/5001/54
	69		77			/font/5001/72
	75		83			/font/5001/61
	81		89			/font/5001/6e
	87		95			/font/5001/73
	93		101			/font/5001/70
	99		107			/font/5001/6f
	105		113			/font/5001/72
	111		119			/font/5001/74
line	12	438	119	438	009000
rect	16	450	114	475	001010
line	17	461	17	450	00c0c0
		450	43		
	43			461	007070
		461	17		
rect	18	451	43	461	009090
tint	19	450	27	463	00ffff	/font/5001/52
	25		33			/font/5001/47
	31		39			/font/5001/48
	37		45			/font/5001/54
	43		51			/font/5001/20
	49		57			/font/5001/42
	55		63			/font/5001/75
	61		69			/font/5001/69
	67		75			/font/5001/6c
	73		81			/font/5001/64
line	17	473	17	462	00c0c0
		462	43		
	43			473	007070
		473	17		
rect	18	463	43	473	009090
tint	19	462	27	475	00ffff	/font/5001/4c
	25		33			/font/5001/45
	31		39			/font/5001/46
	37		45			/font/5001/54
	43		51			/font/5001/20
	49		57			/font/5001/4d
	55		63			/font/5001/61
	61		69			/font/5001/69
	67		75			/font/5001/6e
	73		81			/font/5001/20
	79		87			/font/5001/4d
	85		93			/font/5001/65
	91		99			/font/5001/6e
	97		105			/font/5001/75
line	12	191	12	180	ffff00
		180	119		
	119			191	909000
		191	12		
rect	13	181	119	191	c0c000
tint	15	180	23	193	000000	/font/5001/43
	21		29			/font/5001/4f
	27		35			/font/5001/4e
	33		41			/font/5001/54
	39		47			/font/5001/52
	45		53			/font/5001/4f
	51		59			/font/5001/4c
	15	192	23	205	7fff7f	/font/5001/42
	21		29			/font/5001/54
	27		35			
	33		41			/font/5001/4c
	39		47			/font/5001/53
	45		53			/font/5001/48
	51		59			/font/5001/49
	57		65			/font/5001/50
draw	20	206	30	224	/sprites/535.SMIV/0
line	14	204	35	204	489048
			14	205	
	35		35		
	14	225		225	
			14	224	
	35		35		
rect	42	206	49	206	003870
				224	0060c0
line	40	204	50	204	00488f
			40	205	
	50		50		
	40	225		225	
			40	224	
	50		50		
rect	55	206	62	206	707000
				224	c0c000
line	53	204	63	204	909000
			53	205	
	63		63		
	53	225		225	
			53	224	
	63		63		
tint	69	204	77	217	7fff7f	/font/5001/5a
	75		83			/font/5001/20
	81		89			/font/5001/42
	87		95			/font/5001/45
	93		101			/font/5001/41
	99		107			/font/5001/4d
	69	216	77	229		/font/5001/52
	75		83			/font/5001/50
	81		89			/font/5001/4c
	87		95			/font/5001/41
	93		101			/font/5001/53
	99		107			/font/5001/4d
	105		113			/font/5001/41
	12	228	20	241	00ff00	/font/5001/48
	18		26			/font/5001/65
	24		32			/font/5001/61
	30		38			/font/5001/76
	36		44			/font/5001/79
	42		50			/font/5001/20
	48		56			/font/5001/44
	54		62			/font/5001/65
	60		68			/font/5001/73
	66		74			/font/5001/74
	72		80			/font/5001/72
	78		86			/font/5001/6f
	84		92			/font/5001/79
	90		98			/font/5001/65
	96		104			/font/5001/72
line	12	263	12	252	007fff
		252	119		
	119			263	00488f
		263	12		
rect	13	253	119	263	0060c0
tint	15	252	23	265	000000	/font/5001/54
	21		29			/font/5001/41
	27		35			/font/5001/52
	33		41			/font/5001/47
	39		47			/font/5001/45
	45		53			/font/5001/54
	15	264	23	277	7fff7f	/font/5001/48
	21		29			/font/5001/56
	27		35			/font/5001/44
	33		41			/font/5001/53
	39		47			/font/5001/54
	45		53			/font/5001/52
	51		59			/font/5001/59
	57		65			/font/5001/52
draw	16	279	34	295	/sprites/646.SMIV/0
line	14	276	35	276	489048
			14	277	
	35		35		
	14	297		297	
			14	296	
	35		35		
rect	42	278	49	278	003870
				296	0060c0
line	40	276	50	276	00488f
			40	277	
	50		50		
	40	297		297	
			40	296	
	50		50		
rect	55	278	62	278	707000
				296	c0c000
line	53	276	63	276	909000
			53	277	
	63		63		
	53	297		297	
			53	296	
	63		63		
tint	69	276	77	289	7fff7f	/font/5001/4c
	75		83			/font/5001/42
	81		89			/font/5001/45
	87		95			/font/5001/41
	93		101			/font/5001/4d
	99		107			/font/5001/20
	105		113			/font/5001/31
	69	288	77	301		/font/5001/46
	75		83			/font/5001/55
	81		89			/font/5001/4c
	87		95			
	93		101			/font/5001/50
	99		107			/font/5001/4c
	105		113			/font/5001/53
	111		119			/font/5001/45
	69	264	77	277		/font/5001/43
	75		83			/font/5001/4d
	81		89			/font/5001/49
	87		95			/font/5001/53
	93		101			
	99		107			/font/5001/49
	105		113			/font/5001/4c
	111		119			/font/5001/45
