point	183	415	b0b0b0
	468	274	
	410	384	d0d0d0
	287	34	808080
	365	474	d0d0d0
	171		
	241	315	b0b0b0
	276	175	d0d0d0
	242	344	
	167	72	
	479	241	808080
	267	316	d0d0d0
	360	127	b0b0b0
	293	437	d0d0d0
	529	22	808080
	394	443	d0d0d0
	458	263	b0b0b0
	171	32	808080
	184	444	d0d0d0
	496	241	
	167	282	808080
	226	269	b0b0b0
	227	317	d0d0d0
	314	115	
	228	140	808080
	354	93	
	329	63	
	327	185	b0b0b0
	205	423	
	323	464	d0d0d0
	564	36	808080
	222	29	d0d0d0
	389	381	808080
	368	244	d0d0d0
	456	130	808080
	395	121	b0b0b0
	338	298	
	475	199	808080
	471	187	b0b0b0
	451	69	d0d0d0
	341	429	
	320	79	808080
	270	59	
	219	352	b0b0b0
	445	312	
	450	102	
	430	32	
	289	45	d0d0d0
	452	424	b0b0b0
	254	246	
	258	145	
	522	336	d0d0d0
	408	300	808080
	435	353	b0b0b0
	570	20	d0d0d0
	325	428	808080
	597	376	
	359	469	b0b0b0
	228	218	808080
	429	250	
	579	320	d0d0d0
	488	442	
	199	43	
	463	118	808080
	173	212	
	574	141	
	559	264	
	287	286	d0d0d0
	454	31	
	390	111	b0b0b0
	280	403	d0d0d0
	499	412	808080
		335	d0d0d0
	295	237	b0b0b0
	170	209	d0d0d0
	519	13	b0b0b0
	140	197	d0d0d0
	134	96	808080
	394	433	b0b0b0
	315	229	808080
	506	405	b0b0b0
	250	67	d0d0d0
	393	144	808080
	370	447	b0b0b0
	230	138	808080
	150	62	d0d0d0
	331	92	808080
	267	456	b0b0b0
	545	432	808080
	184	425	d0d0d0
	129	252	b0b0b0
	350	420	808080
	538	430	b0b0b0
	476	392	808080
	449	310	b0b0b0
	237	445	d0d0d0
	497	342	808080
	599	248	
	240	264	b0b0b0
	287	382	808080
	260	10	
	262	11	b0b0b0
	154	306	808080
	259	33	d0d0d0
	479	46	b0b0b0
	514	374	808080
	321	119	d0d0d0
	541	213	b0b0b0
	356	183	d0d0d0
	519	179	b0b0b0
	281	96	808080
	509	34	d0d0d0
	371	86	
	296	382	
	548	99	
	514	226	
	589	321	b0b0b0
	312	265	d0d0d0
	534	41	808080
	512	453	
	554	307	
	313	352	b0b0b0
	181	82	
	567	259	d0d0d0
	554	403	b0b0b0
rect	145	0	146	481	002850
	268		269		
	391		392		
	514		515		005000
	128	25	609	26	002850
		148		149	005000
		271		272	002850
		394		395	
	305	439	321	455	009000
	507	141	521	155	900000
triangle	361	233	373	245	00c000
diamond	293	431	309	447	00c000
	308	427	324	443	
triangle	551	88	557	94	c00000
plus	365	378	375	388	00c000
dither	316	445	392	462	303000
crop	320	449	327	460	16	44	000000	/fonts/tactical.png
	327		334		8	66		
	334		341		32	77		
	341		348					
	348		355		96	66		
	355		362		40			
	362		369		24	77		
	369		376		64	66		
	376		383		72			
	383		390		0	77		
	319	448	326	459	16	44	ffff00	
	326		333		8	66		
	333		340		32	77		
	340		347					
	347		354		96	66		
	354		361		40			
	361		368		24	77		
	368		375		64	66		
	375		382		72			
	382		389		0	77		
line	370	40	362	53	489048
			377		
	362	53			204020
draw	0	-144	128	624	/interfaces/instruments/left.png
	608		640		/interfaces/instruments/right.png
crop	29	159	35	171	8	36	ff0000	/fonts/computer.png
	35		41		40			
	41		47		0			
	102		108		8		ff7f00	
	108		114		40			
	114		120		0			
rect	614	359	615	457	007fff
			623	360	
	622			457	00488f
	614	456			
	615	360	622	456	0070e0
	614	231	615	329	ffff7f
			623	232	
	622			329	909048
	614	328			
	615	232	622	328	e0e070
	614	103	615	201	ff7f7f
			623	104	
	622			201	904848
	614	200			
	615	104	622	200	e07070
	618	8	630	9	90488f
			619	10	
	629		630		
	618	36		37	
		35	619		
	629		630		
	620	10	628	35	703870
		32			c060c0
	634	49	636	52	7fff7f
		53		56	60c060
		57		60	
		61		64	
		65		68	
		69		72	7fff7f
		73		76	703800
		77		80	
		81		84	
		85		88	
		89		92	904800
		93		96	183018
		97		100	
		101		104	
		105		108	
		109		112	
		113		116	
		117		120	
		121		124	
		125		128	
		129		132	
		133		136	
		137		140	
		141		144	
		145		148	
		149		152	
		153		156	
		157		160	
		161		164	
		165		168	
		169		172	
		173		176	
		177		180	
		181		184	
		185		188	
		189		192	
		193		196	
		197		200	
		201		204	
		205		208	
		209		212	
		213		216	
		217		220	
		221		224	
		225		228	
		229		232	
		233		236	
		237		240	
		241		244	
		245		248	
		249		252	
		253		256	
		257		260	
		261		264	
		265		268	
		269		272	
		273		276	
		277		280	
		281		284	
		285		288	
		289		292	
		293		296	
		297		300	
		301		304	
		305		308	
		309		312	
		313		316	
		317		320	
		321		324	
		325		328	
		329		332	
		333		336	
		337		340	
		341		344	
		345		348	
		349		352	
		353		356	
		357		360	
		361		364	
		365		368	
		369		372	
		373		376	
		377		380	
		381		384	
		385		388	
		389		392	
		393		396	
		397		400	
		401		404	
		405		408	
		409		412	
		413		416	
		417		420	
		421		424	
		425		428	
		429		432	
		433		436	
		437		440	
		441		444	
		445		448	
	621	52	631	56	303000
		57		61	
		62		66	
		67		71	
		72		76	
		77		81	
		82		86	
	7	7	115	115	00ff00
	8	8	114	114	001000
					003000
point	109	31	00e000
	61	108	
rect	12	320	121	440	001000
		342	120	343	009000
		368	13	380	
			121	369	
	120			380	005000
	12	379			
	13	369	120	379	007000
	12	438		439	009000
	16	450	114	475	001010
	17		18	462	00c0c0
			44	451	
	43			462	007070
	17	461			
	18	451	43	461	009090
	17	462	18	474	00c0c0
			44	463	
	43			474	007070
	17	473			
	18	463	43	473	009090
crop	15	320	21	332	16	48	00ff00	/fonts/computer.png
	21		27		40	60		
	27		33		72	48		
	33		39		96			
	39		45		32			
	45		51		0	24		
	51		57		24	60		
	57		63		64	48		
	63		69		72			
	69		75		0	60		
	75		81		24			
	15	332	21	344	32			
	21		27		64	72		
	27		33		8			
	33		39		24	84		
	39		45		40	72		
	45		51		16	84		
	51		57		120	72		
	57		63		0	24		
	63		69		8	48		
	69		75		96	72		
	75		81		0	84		
	81		87		64	72		
	87		93		8			
	15	344	21	356	48	48		
	21		27		72	72		
	27		33		56			
	33		39		64			
	39		45		32	84		
	45		51		40	72		
	51		57		16	84		
	15	356	21	368	24	48		
	21		27		16	84		
	27		33		40			
	33		39		72	72		
	39		45		24	84		
	45		51		40	72		
	51		57		16	84		
	15	368	21	380	56	48	003000	
	21		27		40	84		
	27		33		112	72		
	33		39		24	84		
	39		45		64	72		
	45		51		72			
	51		57		0	84		
	15	380	21	392	32	60	00ff00	
	21		27		16	84		
	27		33		8	72		
	33		39		112			
	39		45		24	84		
	45		51		0			
	51		57		120	72		
	57		63		16	84		
	63		69		32			
	15	392	21	404	8	48	009000	
	21		27		24	84		
	27		33					
	33		39		8	72		
	39		45		40	84		
	45		51		96	72		
	51		57		32	84		
	57		63		0	24		
	63		69		32	60		
	69		75		16	84		
	75		81		8	72		
	81		87		112			
	87		93		24	84		
	93		99		0			
	99		105		120	72		
	105		111		16	84		
	111		117		32			
	19	450	25	462	16	60	00ffff	
	25		31		56	48		
	31		37		64			
	37		43		32	60		
	43		49		0	24		
	49		55		16	48		
	55		61		40	84		
	61		67		72	72		
	67		73		96			
	73		79		32			
	19	462	25	474	96	48		
	25		31		40			
	31		37		48			
	37		43		32	60		
	43		49		0	24		
	49		55		104	48		
	55		61		8	72		
	61		67		72			
	67		73		112			
	73		79		0	24		
	79		85		104	48		
	85		91		40	72		
	91		97		112			
	97		103		40	84		
rect	12	180	13	192	ffff00
			121	181	
	120			192	909000
	12	191			
	13	181	120	191	c0c000
crop	15	180	21	192	24	48	000000	/fonts/computer.png
	21		27		120			
	27		33		112			
	33		39		32	60		
	39		45		16			
	45		51		120	48		
	51		57		96			
	15	192	21	204	16		7fff7f	
	21		27		32	60		
	27		33					
	33		39		96	48		
	39		45		24	60		
	45		51		64	48		
	51		57		72			
	57		63		0	60		
draw	20	206	30	224	/sprites/535.SMIV/0
rect	14	204	36	205	489048
			15	206	
	35		36		
	14	225		226	
		224	15		
	35		36		
	42	206	49	206	003870
				224	0060c0
	40	204	51	205	00488f
			41	206	
	50		51		
	40	225		226	
		224	41		
	50		51		
	55	206	62	206	707000
				224	c0c000
	53	204	64	205	909000
			54	206	
	63		64		
	53	225		226	
		224	54		
	63		64		
crop	69	204	75	216	80	60	7fff7f	/fonts/computer.png
	75		81		0	24		
	81		87		16	48		
	87		93		40			
	93		99		8			
	99		105		104			
	69	216	75	228	16	60		
	75		81		0			
	81		87		96	48		
	87		93		8			
	93		99		24	60		
	99		105		104	48		
	105		111		8			
	12	228	18	240	64		00ff00	
	18		24		40	72		
	24		30		8			
	30		36		48	84		
	36		42		72			
	42		48		0	24		
	48		54		32	48		
	54		60		40	72		
	60		66		24	84		
	66		72		32			
	72		78		16			
	78		84		120	72		
	84		90		72	84		
	90		96		40	72		
	96		102		16	84		
rect	12	252	13	264	007fff
			121	253	
	120			264	00488f
	12	263			
	13	253	120	263	0060c0
crop	15	252	21	264	32	60	000000	/fonts/computer.png
	21		27		8	48		
	27		33		16	60		
	33		39		56	48		
	39		45		40			
	45		51		32	60		
	15	264	21	276	64	48	7fff7f	
	21		27		48	60		
	27		33		32	48		
	33		39		24	60		
	39		45		32			
	45		51		16			
	51		57		72			
	57		63		16			
draw	16	279	34	295	/sprites/646.SMIV/0
rect	14	276	36	277	489048
			15	278	
	35		36		
	14	297		298	
		296	15		
	35		36		
	42	278	49	278	003870
				296	0060c0
	40	276	51	277	00488f
			41	278	
	50		51		
	40	297		298	
		296	41		
	50		51		
	55	278	62	278	707000
				296	c0c000
	53	276	64	277	909000
			54	278	
	63		64		
	53	297		298	
		296	54		
	63		64		
crop	69	276	75	288	96	48	7fff7f	/fonts/computer.png
	75		81		16			
	81		87		40			
	87		93		8			
	93		99		104			
	99		105		0	24		
	105		111		8	36		
	69	288	75	300	48	48		
	75		81		40	60		
	81		87		96	48		
	87		93					
	93		99		0	60		
	99		105		96	48		
	105		111		24	60		
	111		117		40	48		
	69	264	75	276	24			
	75		81		104			
	81		87		72			
	87		93		24	60		
	93		99					
	99		105		72	48		
	105		111		96			
	111		117		40			
