point	237	6	808080
	455	348	b0b0b0
	408	4	d0d0d0
	279	84	808080
	503	47	
	189		
	228	389	b0b0b0
	259	275	d0d0d0
	224	444	
	149	171	
	471	290	808080
	249	416	d0d0d0
	347	202	b0b0b0
	467	42	
	521	71	808080
	303	63	d0d0d0
	445	337	b0b0b0
	163	82	808080
	263	48	b0b0b0
	478	341	d0d0d0
	159	331	808080
	213	343	b0b0b0
	209	417	d0d0d0
	296	214	
	220	189	808080
	346	142	
	321	112	
	314	259	b0b0b0
	342	23	d0d0d0
	245	42	808080
	556	85	
	205	129	d0d0d0
	381	430	808080
	350	344	d0d0d0
	448	179	808080
	383	195	b0b0b0
	325	372	
	467	248	808080
	458	261	b0b0b0
	434	168	d0d0d0
	568	49	
	311	128	808080
	262	108	
	206	426	b0b0b0
	432	386	
	437	176	
	417	106	
	272	144	d0d0d0
	355	18	b0b0b0
	241	320	
	245	219	
	504	436	d0d0d0
	400	349	808080
	422	427	b0b0b0
	552	120	d0d0d0
	317	477	808080
	589	425	
	599	262	b0b0b0
	220	267	808080
	421	299	
	561	420	d0d0d0
	205	62	
	182	142	
	455	167	808080
	165	261	
	566	190	
	551	313	
	269	386	d0d0d0
	437	131	
	377	185	b0b0b0
	254	23	d0d0d0
	491	461	808080
	481	435	d0d0d0
	282	311	b0b0b0
	152	309	d0d0d0
	506	87	b0b0b0
	602	241	
	604	184	
	207	36	d0d0d0
	307	278	808080
	493	479	b0b0b0
	233	166	d0d0d0
	385	193	808080
	568	55	d0d0d0
	222	187	808080
	132	161	d0d0d0
	323	141	808080
	184	33	
	467	1	
	232	22	
	599	154	
	342	469	
	196	24	b0b0b0
	468	441	808080
	436	384	b0b0b0
	381	32	808080
	489	391	
	590	297	
	227	338	b0b0b0
	279	431	808080
	251	59	
	249	85	b0b0b0
	146	355	808080
	241	133	d0d0d0
	466	120	b0b0b0
	506	423	808080
	303	218	d0d0d0
	528	287	b0b0b0
	338	283	d0d0d0
	506	253	b0b0b0
	273	145	808080
	492	134	d0d0d0
	354	186	
	147	2	b0b0b0
	531	198	d0d0d0
	496	326	
	576	395	b0b0b0
	294	365	d0d0d0
	525	91	808080
	576	33	b0b0b0
	546	356	808080
	300	426	b0b0b0
	168	156	
	549	359	d0d0d0
	541	477	b0b0b0
rect	211	0	212	480	002850
	380		381		
	549		550		005000
	128	63	608	64	002850
		232		233	005000
		401		402	002850
	543	226	557	240	900000
triangle	361	233	373	245	00c000
	540	239	546		c00000
plus	406	466	416	476	00c000
line	561	283	550	273	489048
			546	287	
	550	273			204020
draw	0	-144	128	624	/pictures/gui/instruments/left.png
	608		640		/pictures/gui/instruments/right.png
crop	29	159	35	171	8	36	ff0000	/fonts/computer.png
	35		41		40			
	41		47		0			
	102		108		8		ff7f00	
	108		114		40			
	114		120		0			
rect	614	359	615	457	007fff
			623	360	
	622			457	00488f
	614	456			
	615	360	622	456	0070e0
	614	231	615	329	ffff7f
			623	232	
	622			329	909048
	614	328			
	615	232	622	328	e0e070
	614	103	615	201	ff7f7f
			623	104	
	622			201	904848
	614	200			
	615	104	622	200	e07070
	618	8	630	9	90488f
			619	10	
	629		630		
	618	36		37	
		35	619		
	629		630		
	620	10	628	35	703870
		35			c060c0
	634	49	636	52	7fff7f
		53		56	60c060
		57		60	703800
		61		64	
		65		68	
		69		72	183018
		73		76	
		77		80	
		81		84	
		85		88	
		89		92	
		93		96	
		97		100	
		101		104	
		105		108	
		109		112	
		113		116	
		117		120	
		121		124	
		125		128	
		129		132	
		133		136	
		137		140	
		141		144	
		145		148	
		149		152	
		153		156	
		157		160	
		161		164	
		165		168	
		169		172	
		173		176	
		177		180	
		181		184	
		185		188	
		189		192	
		193		196	
		197		200	
		201		204	
		205		208	
		209		212	
		213		216	
		217		220	
		221		224	
		225		228	
		229		232	
		233		236	
		237		240	
		241		244	
		245		248	
		249		252	
		253		256	
		257		260	
		261		264	
		265		268	
		269		272	
		273		276	
		277		280	
		281		284	
		285		288	
		289		292	
		293		296	
		297		300	
		301		304	
		305		308	
		309		312	
		313		316	
		317		320	
		321		324	
		325		328	
		329		332	
		333		336	
		337		340	
		341		344	
		345		348	
		349		352	
		353		356	
		357		360	
		361		364	
		365		368	
		369		372	
		373		376	
		377		380	
		381		384	
		385		388	
		389		392	
		393		396	
		397		400	
		401		404	
		405		408	
		409		412	
		413		416	
		417		420	
		421		424	
		425		428	
		429		432	
		433		436	
		437		440	
		441		444	
		445		448	
	621	52	631	56	303000
		57		61	
		62		66	
		67		71	
		72		76	
		77		81	
		82		86	
	7	7	115	115	00ff00
	8	8	114	114	001000
					003000
point	105	60	00e000
	103	61	
rect	12	320	121	440	001000
		342	120	343	009000
		356	13	368	
			121	357	
	120			368	005000
	12	367			
	13	357	120	367	007000
	12	438		439	009000
	16	450	114	475	001010
	17		18	462	00c0c0
			44	451	
	43			462	007070
	17	461			
	18	451	43	461	009090
	17	462	18	474	00c0c0
			44	463	
	43			474	007070
	17	473			
	18	463	43	473	009090
crop	15	320	21	332	16	48	00ff00	/fonts/computer.png
	21		27		40	60		
	27		33		72	48		
	33		39		96			
	39		45		32			
	51		57		24	60		
	57		63		64	48		
	63		69		72			
	69		75		0	60		
	75		81		24			
	15	332	21	344	32			
	21		27		64	72		
	27		33		8			
	33		39		24	84		
	39		45		40	72		
	45		51		16	84		
	51		57		120	72		
	63		69		8	48		
	69		75		96	72		
	75		81		0	84		
	81		87		64	72		
	87		93		8			
	15	344	21	356	48	48	009000	
	21		27		72	72		
	27		33		56			
	33		39		64			
	39		45		32	84		
	45		51		40	72		
	51		57		16	84		
	15	356	21	368	24	48	003000	
	21		27		16	84		
	27		33		40			
	33		39		72	72		
	39		45		24	84		
	45		51		40	72		
	51		57		16	84		
	15	368	21	380	56	48	009000	
	21		27		40	84		
	27		33		112	72		
	33		39		24	84		
	39		45		64	72		
	45		51		72			
	51		57		0	84		
	15	380	21	392	32	60		
	21		27		16	84		
	27		33		8	72		
	33		39		112			
	39		45		24	84		
	45		51		0			
	51		57		120	72		
	57		63		16	84		
	63		69		32			
	15	392	21	404	8	48		
	21		27		24	84		
	27		33					
	33		39		8	72		
	39		45		40	84		
	45		51		96	72		
	51		57		32	84		
	63		69			60		
	69		75		16	84		
	75		81		8	72		
	81		87		112			
	87		93		24	84		
	93		99		0			
	99		105		120	72		
	105		111		16	84		
	111		117		32			
	19	450	25	462	16	60	00ffff	
	25		31		56	48		
	31		37		64			
	37		43		32	60		
	49		55		16	48		
	55		61		40	84		
	61		67		72	72		
	67		73		96			
	73		79		32			
	19	462	25	474	96	48		
	25		31		40			
	31		37		48			
	37		43		32	60		
	49		55		104	48		
	55		61		8	72		
	61		67		72			
	67		73		112			
	79		85		104	48		
	85		91		40	72		
	91		97		112			
	97		103		40	84		
rect	12	180	13	192	ffff00
			121	181	
	120			192	909000
	12	191			
	13	181	120	191	c0c000
crop	15	180	21	192	24	48	000000	/fonts/computer.png
	21		27		120			
	27		33		112			
	33		39		32	60		
	39		45		16			
	45		51		120	48		
	51		57		96			
	15	192	21	204	16		7fff7f	
	21		27		32	60		
	27		33					
	33		39		96	48		
	39		45		24	60		
	45		51		64	48		
	51		57		72			
	57		63		0	60		
draw	20	206	30	224	/sprites/baz/bttlship%0
rect	14	204	36	205	489048
			15	206	
	35		36		
	14	225		226	
		224	15		
	35		36		
	42	206	49	206	003870
				224	0060c0
	40	204	51	205	00488f
			41	206	
	50		51		
	40	225		226	
		224	41		
	50		51		
	55	206	62	206	707000
				224	c0c000
	53	204	64	205	909000
			54	206	
	63		64		
	53	225		226	
		224	54		
	63		64		
crop	69	204	75	216	80	60	7fff7f	/fonts/computer.png
	81		87		16	48		
	87		93		40			
	93		99		8			
	99		105		104			
	69	216	75	228	16	60		
	75		81		0			
	81		87		96	48		
	87		93		8			
	93		99		24	60		
	99		105		104	48		
	105		111		8			
	12	228	18	240	64		00ff00	
	18		24		40	72		
	24		30		8			
	30		36		48	84		
	36		42		72			
	48		54		32	48		
	54		60		40	72		
	60		66		24	84		
	66		72		32			
	72		78		16			
	78		84		120	72		
	84		90		72	84		
	90		96		40	72		
	96		102		16	84		
rect	12	252	13	264	007fff
			121	253	
	120			264	00488f
	12	263			
	13	253	120	263	0060c0
crop	15	252	21	264	32	60	000000	/fonts/computer.png
	21		27		8	48		
	27		33		16	60		
	33		39		56	48		
	39		45		40			
	45		51		32	60		
	15	264	21	276	64	48	7fff7f	
	21		27		48	60		
	27		33		32	48		
	33		39		24	60		
	39		45		32			
	45		51		16			
	51		57		72			
	57		63		16			
draw	16	279	34	295	/sprites/ish/hvd%0
rect	14	276	36	277	489048
			15	278	
	35		36		
	14	297		298	
		296	15		
	35		36		
	42	278	49	278	003870
				296	0060c0
	40	276	51	277	00488f
			41	278	
	50		51		
	40	297		298	
		296	41		
	50		51		
	55	278	62	278	707000
				296	c0c000
	53	276	64	277	909000
			54	278	
	63		64		
	53	297		298	
		296	54		
	63		64		
crop	69	276	75	288	96	48	7fff7f	/fonts/computer.png
	75		81		16			
	81		87		40			
	87		93		8			
	93		99		104			
	105		111		8	36		
	69	288	75	300	48	48		
	75		81		40	60		
	81		87		96	48		
	87		93					
	93		99		0	60		
	99		105		96	48		
	105		111		24	60		
	111		117		40	48		
	69	264	75	276	24			
	75		81		104			
	81		87		72			
	87		93		24	60		
	93		99					
	99		105		72	48		
	105		111		96			
	111		117		40			
