point	221	22	808080
	430	371	b0b0b0
	375	36	d0d0d0
	263	99	808080
	486	62	
	172		
	203	412	b0b0b0
	226	306	d0d0d0
	191	475	
	598	331	b0b0b0
	455	305	808080
	216	447	d0d0d0
	323	225	b0b0b0
	443	66	
	505	86	808080
	270	94	d0d0d0
	420	360	b0b0b0
	146	97	808080
	239	71	b0b0b0
	445	372	d0d0d0
	143	346	808080
	188	366	b0b0b0
	176	448	d0d0d0
	263	246	
	204	204	808080
	330	157	
	304	128	
	289	282	b0b0b0
	309	54	d0d0d0
	228	57	808080
	540	101	
	172	160	d0d0d0
	365	445	808080
	317	375	d0d0d0
	432	194	808080
	358	218	b0b0b0
	300	395	
	451	263	808080
	433	284	b0b0b0
	401	199	d0d0d0
	535	80	
	295	144	808080
	245	124	
	181	449	b0b0b0
	407	409	
	412	200	
	393	130	
	239	176	d0d0d0
	331	42	b0b0b0
	216	343	
	220	242	
	471	467	d0d0d0
	384	364	808080
	397	450	b0b0b0
	519	151	d0d0d0
	207	13	808080
	573	440	
	575	286	b0b0b0
	204	282	808080
	405	314	
	528	451	d0d0d0
	172	93	
	149	174	
	439	182	808080
	149	276	
	550	205	
	535	328	
	236	417	d0d0d0
	404	162	
	353	209	b0b0b0
	221	54	d0d0d0
	475	476	808080
	448	466	d0d0d0
	257	334	b0b0b0
	598	217	d0d0d0
	481	111	b0b0b0
	577	264	
	579	207	
	174	68	d0d0d0
	291	293	808080
	240	30	d0d0d0
	200	198	
	369	208	808080
	535	86	d0d0d0
	206	202	808080
	578	153	d0d0d0
	307	156	808080
	167	49	
	450	17	
	215	38	
	582	169	
	516	7	b0b0b0
	171	47	
	452	456	808080
	411	407	b0b0b0
	364	48	808080
	473	406	
	574	313	
	202	361	b0b0b0
	263	446	808080
	235	74	
	225	108	b0b0b0
	130	370	808080
	208	164	d0d0d0
	442	144	b0b0b0
	490	438	808080
	270	250	d0d0d0
	503	310	b0b0b0
	305	314	d0d0d0
	481	276	b0b0b0
	257	160	808080
	459	165	d0d0d0
	321	217	
	603	98	808080
	498	229	d0d0d0
	463	357	
	551	418	b0b0b0
	261	396	d0d0d0
	509	106	808080
	552	57	b0b0b0
	530	371	808080
	275	449	b0b0b0
	144	180	
	516	390	d0d0d0
	172	28	
rect	146	0	147	481	002850
	346		347		
	546		547		005000
	128	66	609	67	002850
		266		267	005000
		466		467	002850
	539	259	553	273	900000
triangle	361	233	373	245	00c000
	536	274	542	280	c00000
	311	347	319	355	00c000
line	497	389	495	374	489048
			482	384	
	495	374			204020
draw	0	0	128	480	/pictures/501.png
	608		640		/pictures/512.png
crop	29	159	35	171	8	36	ff0000	/fonts/computer
	35		41		40			
	41		47		0			
	102		108		8		ff7f00	
	108		114		40			
	114		120		0			
rect	614	359	615	457	007fff
			623	360	
	622			457	00488f
	614	456			
	615	360	622	456	0070e0
	614	231	615	329	ffff7f
			623	232	
	622			329	909048
	614	328			
	615	232	622	328	e0e070
	614	103	615	201	ff7f7f
			623	104	
	622			201	904848
	614	200			
	615	104	622	200	e07070
	618	8	630	9	90488f
			619	10	
	629		630		
	618	36		37	
		35	619		
	629		630		
	620	10	628	35	703870
		35			c060c0
	634	49	636	52	7fff7f
		53		56	60c060
		57		60	703800
		61		64	
		65		68	
		69		72	183018
		73		76	
		77		80	
		81		84	
		85		88	
		89		92	
		93		96	
		97		100	
		101		104	
		105		108	
		109		112	
		113		116	
		117		120	
		121		124	
		125		128	
		129		132	
		133		136	
		137		140	
		141		144	
		145		148	
		149		152	
		153		156	
		157		160	
		161		164	
		165		168	
		169		172	
		173		176	
		177		180	
		181		184	
		185		188	
		189		192	
		193		196	
		197		200	
		201		204	
		205		208	
		209		212	
		213		216	
		217		220	
		221		224	
		225		228	
		229		232	
		233		236	
		237		240	
		241		244	
		245		248	
		249		252	
		253		256	
		257		260	
		261		264	
		265		268	
		269		272	
		273		276	
		277		280	
		281		284	
		285		288	
		289		292	
		293		296	
		297		300	
		301		304	
		305		308	
		309		312	
		313		316	
		317		320	
		321		324	
		325		328	
		329		332	
		333		336	
		337		340	
		341		344	
		345		348	
		349		352	
		353		356	
		357		360	
		361		364	
		365		368	
		369		372	
		373		376	
		377		380	
		381		384	
		385		388	
		389		392	
		393		396	
		397		400	
		401		404	
		405		408	
		409		412	
		413		416	
		417		420	
		421		424	
		425		428	
		429		432	
		433		436	
		437		440	
		441		444	
		445		448	
	621	52	631	56	303000
		57		61	
		62		66	
		67		71	
		72		76	
		77		81	
		82		86	
	7	7	115	115	00ff00
	8	8	114	114	001000
	12	12	110	110	003000
point	97	66	00e000
	96	68	
	72	112	
	51	84	
rect	12	320	121	440	001000
		342	120	343	009000
		356	13	368	
			121	357	
	120			368	005000
	12	367			
	13	357	120	367	007000
	12	438		439	009000
	16	450	114	475	001010
	17		18	462	00c0c0
			44	451	
	43			462	007070
	17	461			
	18	451	43	461	009090
	17	462	18	474	00c0c0
			44	463	
	43			474	007070
	17	473			
	18	463	43	473	009090
crop	15	320	21	332	16	48	00ff00	/fonts/computer
	21		27		40	60		
	27		33		72	48		
	33		39		96			
	39		45		32			
	45		51		0	24		
	51		57		24	60		
	57		63		64	48		
	63		69		72			
	69		75		0	60		
	75		81		24			
	15	332	21	344	32			
	21		27		64	72		
	27		33		8			
	33		39		24	84		
	39		45		40	72		
	45		51		16	84		
	51		57		120	72		
	57		63		0	24		
	63		69		8	48		
	69		75		96	72		
	75		81		0	84		
	81		87		64	72		
	87		93		8			
	15	344	21	356	48	48	009000	
	21		27		72	72		
	27		33		56			
	33		39		64			
	39		45		32	84		
	45		51		40	72		
	51		57		16	84		
	15	356	21	368	24	48	003000	
	21		27		16	84		
	27		33		40			
	33		39		72	72		
	39		45		24	84		
	45		51		40	72		
	51		57		16	84		
	15	368	21	380	56	48	009000	
	21		27		40	84		
	27		33		112	72		
	33		39		24	84		
	39		45		64	72		
	45		51		72			
	51		57		0	84		
	15	380	21	392	32	60		
	21		27		16	84		
	27		33		8	72		
	33		39		112			
	39		45		24	84		
	45		51		0			
	51		57		120	72		
	57		63		16	84		
	63		69		32			
	15	392	21	404	8	48		
	21		27		24	84		
	27		33					
	33		39		8	72		
	39		45		40	84		
	45		51		96	72		
	51		57		32	84		
	57		63		0	24		
	63		69		32	60		
	69		75		16	84		
	75		81		8	72		
	81		87		112			
	87		93		24	84		
	93		99		0			
	99		105		120	72		
	105		111		16	84		
	111		117		32			
	19	450	25	462	16	60	00ffff	
	25		31		56	48		
	31		37		64			
	37		43		32	60		
	43		49		0	24		
	49		55		16	48		
	55		61		40	84		
	61		67		72	72		
	67		73		96			
	73		79		32			
	19	462	25	474	96	48		
	25		31		40			
	31		37		48			
	37		43		32	60		
	43		49		0	24		
	49		55		104	48		
	55		61		8	72		
	61		67		72			
	67		73		112			
	73		79		0	24		
	79		85		104	48		
	85		91		40	72		
	91		97		112			
	97		103		40	84		
rect	12	180	13	192	ffff00
			121	181	
	120			192	909000
	12	191			
	13	181	120	191	c0c000
crop	15	180	21	192	24	48	000000	/fonts/computer
	21		27		120			
	27		33		112			
	33		39		32	60		
	39		45		16			
	45		51		120	48		
	51		57		96			
	15	192	21	204	8		7fff7f	
	21		27		24	60		
	27		33		96	48		
	33		39		32	60		
	39		45					
	45		51		16			
	51		57		8	48		
	57		63		112			
draw	16	208	34	222	/sprites/559.SMIV/0
rect	14	204	36	205	489048
			15	206	
	35		36		
	14	225		226	
		224	15		
	35		36		
	42	206	49	206	003870
				224	0060c0
	40	204	51	205	00488f
			41	206	
	50		51		
	40	225		226	
		224	41		
	50		51		
	55	206	62	206	707000
				224	c0c000
	53	204	64	205	909000
			54	206	
	63		64		
	53	225		226	
		224	54		
	63		64		
crop	69	204	75	216	0	60	7fff7f	/fonts/computer
	75		81		88	48		
	81		87		16			
	87		93		40			
	93		99		8			
	99		105		104			
	105		111		0	24		
	111		117		16	36		
	69	216	75	228	24	48		
	75		81		104			
	81		87		72			
	87		93		24	60		
	93		99					
	99		105		72	48		
	105		111		96			
	111		117		40			
	69	192	75	204	8			
	75		81		24	60		
	81		87		96	48		
	87		93		32	60		
	93		99					
	99		105		40	48		
	105		111		8			
	111		117		104			
	12	228	18	240	32	60	ff0000	
	18		24		64	72		
	24		30		8			
	30		36		24	84		
	36		42		40	72		
	42		48		16	84		
	48		54		120	72		
	54		60		0	24		
	60		66		24	60		
	66		72		32	84		
	72		78		8	72		
	78		84		32	84		
	84		90		72	72		
	90		96		120			
	96		102		112			
rect	12	252	13	264	007fff
			121	253	
	120			264	00488f
	12	263			
	13	253	120	263	0060c0
crop	15	252	21	264	32	60	000000	/fonts/computer
	21		27		8	48		
	27		33		16	60		
	33		39		56	48		
	39		45		40			
	45		51		32	60		
	15	264	21	276			7fff7f	
	21		27		64	72		
	27		33		8			
	33		39		24	84		
	39		45		40	72		
	45		51		16	84		
	51		57		120	72		
	57		63		0	24		
	63		69		16	48		
	69		75		40	72		
	75		81		32	84		
	81		87		8	72		
draw	16	278	34	296	/sprites/1028.SMIV/0
rect	14	276	36	277	489048
			15	278	
	35		36		
	14	297		298	
		296	15		
	35		36		
