point	276	109	b0b0b0
	385	181	d0d0d0
	460	143	b0b0b0
	292	209	808080
	345	443	d0d0d0
	509	452	808080
	161	90	b0b0b0
	297	108	d0d0d0
	415	73	
	405	407	
	176	416	808080
	426	113	
	532	56	b0b0b0
	576	144	
	537	424	808080
	284	80	
	389	109	
	405	212	b0b0b0
	291	294	808080
	465	52	
	258	399	d0d0d0
	444	36	808080
	207	338	b0b0b0
	498	165	808080
	573	417	
	352	201	b0b0b0
	443	472	d0d0d0
	364	369	808080
	428	256	b0b0b0
	579	47	808080
	434	396	d0d0d0
	337	313	b0b0b0
	336	424	d0d0d0
	221	278	
	287	167	b0b0b0
	430	181	
	194	87	808080
	334	393	d0d0d0
	242	438	b0b0b0
	295	239	d0d0d0
	315	416	808080
	354	91	d0d0d0
	564	372	b0b0b0
	457	110	
	158	15	d0d0d0
	314	423	b0b0b0
	318	283	
	288	10	d0d0d0
	220	40	b0b0b0
	242	212	d0d0d0
	459	322	808080
	315	55	b0b0b0
	438	461	d0d0d0
	273	295	
	596	67	808080
	384	169	b0b0b0
	217	226	808080
	284	357	b0b0b0
	328	45	808080
	559	460	
	315	468	b0b0b0
	477	469	808080
	571	299	
	147	127	d0d0d0
	398	202	b0b0b0
	178	98	808080
	290	118	
	476	476	b0b0b0
	310	434	808080
	367	327	b0b0b0
	349	362	808080
	178	206	b0b0b0
	214	332	d0d0d0
	497	80	808080
	187	69	
	220	295	
	191	416	b0b0b0
	602	307	808080
	449	303	b0b0b0
	170	17	808080
	529	335	b0b0b0
	342	52	808080
	447	409	
	324	117	d0d0d0
	568	177	
	600	184	808080
	268	429	d0d0d0
	270	343	b0b0b0
	127	249	808080
	498	242	b0b0b0
	320	281	
	406	77	
	467	238	d0d0d0
	264	348	808080
	158	57	d0d0d0
	481	478	808080
	486	202	d0d0d0
	332	227	b0b0b0
	213	398	d0d0d0
	243	301	808080
	161	441	b0b0b0
	472	214	d0d0d0
	568	36	
	584	323	
	202	65	b0b0b0
	526	293	808080
	155	394	
	594	379	d0d0d0
	288	477	b0b0b0
	312	132	808080
	451	303	
	232	167	d0d0d0
	543	94	b0b0b0
	275	392	808080
	351	180	b0b0b0
	446	454	d0d0d0
	284	247	b0b0b0
	454	371	
	366	44	d0d0d0
	480	337	
	337	333	808080
	413	67	
	595	107	b0b0b0
	280	257	
	495	216	
	-59	-1113	d06800
	-17	-1112	
	-50	-1062	
	-64	-1074	
	-17	-1063	
	-53	-1098	
	-32	-1088	
	-37	-1134	
	-54	-1067	
	-32	-1095	
rect	429	0	430	481	005000
	128	142	609	143	
line	420	153	428	141	ff007f
	-87	-975	-71	-978	ff7f00
	-585	-1182	-571	-1180	
draw	335	80	525	216	/sprites/572.SMIV/0
static	345	225	384	252	f0f078	13	/sprites/559.SMIV/3
draw	414	147	433	162	/sprites/547.SMIV/2
	411	158	418	169	/sprites/528.SMIV/14
	294	326	329	358	/sprites/541.SMIV/10
	335	261	350	277	/sprites/554.SMIV/5
	321	281	336	297	
dither	428	121	581	138	001830
crop	432	125	439	136	32	55	000000	/fonts/tactical
	439		446		64	66		
	446		453		8			
	453		460		24	77		
	460		467		40	66		
	467		474		16	77		
	474		481		120	66		
	481		488		0	22		
	488		495		24	55		
	495		502		32	77		
	502		509		8	66		
	509		516		32	77		
	516		523		72	66		
	523		530		120			
	530		537		112			
	537		544		0	22		
	544		551		96	33		
	551		558		0	22		
	558		565		16	33		
	565		572		0	22		
	572		579		112	33		
	431	124	438	135	32	55	007fff	
	438		445		64	66		
	445		452		8			
	452		459		24	77		
	459		466		40	66		
	466		473		16	77		
	473		480		120	66		
	480		487		0	22		
	487		494		24	55		
	494		501		32	77		
	501		508		8	66		
	508		515		32	77		
	515		522		72	66		
	522		529		120			
	529		536		112			
	536		543		0	22		
	543		550		96	33		
	550		557		0	22		
	557		564		16	33		
	564		571		0	22		
	571		578		112	33		
line	497	89	482	94	489048
			495	104	
	482	94			204020
draw	0	0	128	480	/pictures/501.png
	608		640		/pictures/512.png
crop	29	159	35	171	0	36	ff0000	/fonts/computer
	35		41					
	41		47		24			
	102		108		0		ff7f00	
	108		114					
	114		120		16			
rect	614	359	615	410	00488f
			623	360	
	622			410	002850
	614	409			
	615	360	622	409	003870
	614	410	615	457	007fff
			623	411	
	622			457	00488f
	614	456			
	615	411	622	456	0070e0
	614	231	615	232	909048
			623		
	622				505028
	614				
		232	615	329	ffff7f
			623	233	
	622			329	909048
	614	328			
	615	233	622	328	e0e070
	614	103	615	201	ff7f7f
			623	104	
	622			201	904848
	614	200			
	615	104	622	200	e07070
	618	8	630	9	90488f
			619	10	
	629		630		
	618	36		37	
		35	619		
	629		630		
	620	10	628	35	703870
		35			c060c0
	634	49	636	52	7fff7f
		53		56	60c060
		57		60	
		61		64	703800
		65		68	
		69		72	183018
		73		76	
		77		80	
		81		84	
		85		88	
		89		92	
		93		96	
		97		100	
		101		104	
		105		108	
		109		112	
		113		116	
		117		120	
		121		124	
		125		128	
		129		132	
		133		136	
		137		140	
		141		144	
		145		148	
		149		152	
		153		156	
		157		160	
		161		164	
		165		168	
		169		172	
		173		176	
		177		180	
		181		184	
		185		188	
		189		192	
		193		196	
		197		200	
		201		204	
		205		208	
		209		212	
		213		216	
		217		220	
		221		224	
		225		228	
		229		232	
		233		236	
		237		240	
		241		244	
		245		248	
		249		252	
		253		256	
		257		260	
		261		264	
		265		268	
		269		272	
		273		276	
		277		280	
		281		284	
		285		288	
		289		292	
		293		296	
		297		300	
		301		304	
		305		308	
		309		312	
		313		316	
		317		320	
		321		324	
		325		328	
		329		332	
		333		336	
		337		340	
		341		344	
		345		348	
		349		352	
		353		356	
		357		360	
		361		364	
		365		368	
		369		372	
		373		376	
		377		380	
		381		384	
		385		388	
		389		392	
		393		396	
		397		400	
		401		404	
		405		408	
		409		412	
		413		416	
		417		420	
		421		424	
		425		428	
		429		432	
		433		436	
		437		440	
		441		444	
		445		448	
	621	52	631	56	303000
		57		61	
		62		66	
		67		71	
		72		76	
		77		81	
		82		86	
	7	7	115	115	00ff00
	8	8	114	114	001000
	57	57	65	65	003000
point	62	59	00e000
	87	53	
	26	73	
	37	52	
	55	36	
	33	58	
	52	33	
	62	59	
	60	62	
	62	60	
	53	33	
		37	
	52	32	
	43	33	
	62	59	
	61	61	
			
rect	12	320	121	440	001000
crop	15	320	21	332	16	48	00ff00	/fonts/computer
	21		27		40	60		
	27		33		72	48		
	33		39		96			
	39		45		32			
	45		51		0	24		
	51		57		24	60		
	57		63		64	48		
	63		69		72			
	69		75		0	60		
	75		81		24			
rect	12	342	120	343	009000
crop	15	332	21	344	32	60	00ff00	/fonts/computer
	21		27		64	72		
	27		33		8			
	33		39		24	84		
	39		45		40	72		
	45		51		16	84		
	51		57		120	72		
	57		63		0	24		
	63		69		8	48		
	69		75		96	72		
	75		81		0	84		
	81		87		64	72		
	87		93		8			
	15	344	21	356	48	48		
	21		27		72	72		
	27		33		56			
	33		39		64			
	39		45		32	84		
	45		51		40	72		
	51		57		16	84		
rect	12	356	13	368	009000
			121	357	
	120			368	005000
	12	367			
	13	357	120	367	007000
crop	15	356	21	368	24	48	003000	/fonts/computer
	21		27		16	84		
	27		33		40			
	33		39		72	72		
	39		45		24	84		
	45		51		40	72		
	51		57		16	84		
	15	368	21	380	56	48	009000	
	21		27		40	84		
	27		33		112	72		
	33		39		24	84		
	39		45		64	72		
	45		51		72			
	51		57		0	84		
	15	380	21	392	32	60		
	21		27		16	84		
	27		33		8	72		
	33		39		112			
	39		45		24	84		
	45		51		0			
	51		57		120	72		
	57		63		16	84		
	63		69		32			
	15	392	21	404	8	48		
	21		27		24	84		
	27		33					
	33		39		8	72		
	39		45		40	84		
	45		51		96	72		
	51		57		32	84		
	57		63		0	24		
	63		69		32	60		
	69		75		16	84		
	75		81		8	72		
	81		87		112			
	87		93		24	84		
	93		99		0			
	99		105		120	72		
	105		111		16	84		
	111		117		32			
rect	12	438	120	439	009000
	16	450	114	475	001010
	17		18	462	00c0c0
			44	451	
	43			462	007070
	17	461			
	18	451	43	461	009090
crop	19	450	25	462	16	60	00ffff	/fonts/computer
	25		31		56	48		
	31		37		64			
	37		43		32	60		
	43		49		0	24		
	49		55		16	48		
	55		61		40	84		
	61		67		72	72		
	67		73		96			
	73		79		32			
rect	17	462	18	474	00c0c0
			44	463	
	43			474	007070
	17	473			
	18	463	43	473	009090
crop	19	462	25	474	96	48	00ffff	/fonts/computer
	25		31		40			
	31		37		48			
	37		43		32	60		
	43		49		0	24		
	49		55		104	48		
	55		61		8	72		
	61		67		72			
	67		73		112			
	73		79		0	24		
	79		85		104	48		
	85		91		40	72		
	91		97		112			
	97		103		40	84		
rect	12	180	13	192	ffff00
			121	181	
	120			192	909000
	12	191			
	13	181	120	191	c0c000
crop	15	180	21	192	24	48	000000	/fonts/computer
	21		27		120			
	27		33		112			
	33		39		32	60		
	39		45		16			
	45		51		120	48		
	51		57		96			
	15	192	21	204	8		7fff7f	
	21		27		24	60		
	27		33		96	48		
	33		39		32	60		
	39		45					
	45		51		16			
	51		57		8	48		
	57		63		112			
draw	16	208	34	222	/sprites/559.SMIV/0
rect	14	204	36	205	489048
			15	206	
	35		36		
	14	225		226	
		224	15		
	35		36		
	42	206	49	216	003870
		216		224	0060c0
	40	204	51	205	00488f
			41	206	
	50		51		
	40	225		226	
		224	41		
	50		51		
	55	206	62	206	707000
				224	c0c000
	53	204	64	205	909000
			54	206	
	63		64		
	53	225		226	
		224	54		
	63		64		
crop	69	204	75	216	0	60	7fff7f	/fonts/computer
	75		81		88	48		
	81		87		16			
	87		93		40			
	93		99		8			
	99		105		104			
	105		111		0	24		
	111		117		16	36		
	69	216	75	228	24	48		
	75		81		104			
	81		87		72			
	87		93		24	60		
	93		99					
	99		105		72	48		
	105		111		96			
	111		117		40			
	69	192	75	204	8			
	75		81		24	60		
	81		87		96	48		
	87		93		32	60		
	93		99					
	99		105		40	48		
	105		111		8			
	111		117		104			
	12	228	18	240	32	60	ff0000	
	18		24		64	72		
	24		30		8			
	30		36		24	84		
	36		42		40	72		
	42		48		16	84		
	48		54		120	72		
	54		60		0	24		
	60		66		24	60		
	66		72		32	84		
	72		78		8	72		
	78		84		32	84		
	84		90		72	72		
	90		96		120			
	96		102		112			
rect	12	252	13	264	007fff
			121	253	
	120			264	00488f
	12	263			
	13	253	120	263	0060c0
crop	15	252	21	264	32	60	000000	/fonts/computer
	21		27		8	48		
	27		33		16	60		
	33		39		56	48		
	39		45		40			
	45		51		32	60		
	15	264	21	276			7fff7f	
	21		27		64	72		
	27		33		8			
	33		39		24	84		
	39		45		40	72		
	45		51		16	84		
	51		57		120	72		
	57		63		0	24		
	63		69		24	60		
	69		75		32	84		
	75		81		8	72		
	81		87		32	84		
	87		93		72	72		
	93		99		120			
	99		105		112			
draw	16	281	34	293	/sprites/572.SMIV/0
rect	14	276	36	277	489048
			15	278	
	35		36		
	14	297		298	
		296	15		
	35		36		
	42	278	49	278	003870
				296	0060c0
	40	276	51	277	00488f
			41	278	
	50		51		
	40	297		298	
		296	41		
	50		51		
	55	278	62	280	707000
		280		296	c0c000
	53	276	64	277	909000
			54	278	
	63		64		
	53	297		298	
		296	54		
	63		64		
crop	69	276	75	288	16	60	7fff7f	/fonts/computer
	75		81		40	48		
	81		87		0	60		
	87		93		40			
	93		99		96	48		
	99		105		24	60		
	105		111		40	48		
	111		117		16	60		
	69	288	75	300	0			
	75		81		40			
	81		87		96	48		
	87		93		24	60		
	93		99			48		
	99		105		8			
	105		111		112			
	111		117					
