point	233	207	b0b0b0
	328	312	d0d0d0
	417	242	b0b0b0
	264	275	808080
	304	72	b0b0b0
	289	74	d0d0d0
	594	102	
	240	240	
	359	205	
	243	44	b0b0b0
	511	1	808080
	397	178	
	490	155	b0b0b0
	533	242	
	538	14	
	255	146	808080
	360	174	
	362	311	b0b0b0
	263	360	808080
	436	118	
	541	50	d0d0d0
	416	102	808080
	165	436	b0b0b0
	470	231	808080
	132	5	d0d0d0
	309	299	b0b0b0
	561	93	
	336	435	808080
	386	354	b0b0b0
	550	112	808080
	349	48	d0d0d0
	295	411	b0b0b0
	355	76	d0d0d0
	165	409	
	244	266	b0b0b0
	387	279	
	166	152	808080
	400	34	b0b0b0
	399	75	d0d0d0
	238	371	
	473	3	
	297	222	
	522	470	b0b0b0
	414	209	
	591	166	808080
	516	28	
	276	381	b0b0b0
	232	141	d0d0d0
	177	138	b0b0b0
	185	344	d0d0d0
	431	388	808080
	273	154	b0b0b0
	509	57	808080
	217	427	d0d0d0
	568	132	808080
	342	268	b0b0b0
	189	292	808080
	242	455	b0b0b0
	300	111	808080
	364	89	d0d0d0
	152	86	b0b0b0
	553	108	d0d0d0
	543	365	808080
	587	207	
	355	300	b0b0b0
	149	163	808080
	261	183	
	366	64	
	237	19	
	325	425	b0b0b0
	321	428	808080
	135	196	b0b0b0
	157	463	d0d0d0
	468	146	808080
	159	134	
	192	361	
	257	34	b0b0b0
	574	373	808080
	407	401	b0b0b0
	142	82	808080
	487	433	b0b0b0
	313	118	808080
	419	475	
	267	249	d0d0d0
	512	308	
	572	250	808080
	362	80	d0d0d0
	228	441	b0b0b0
	578	154	808080
	455	341	b0b0b0
	278	379	
	364	176	
	410	369	d0d0d0
	236	414	808080
	580	278	d0d0d0
	432	63	808080
	430	333	d0d0d0
	289	326	b0b0b0
	462	38	
	215	367	808080
	594	60	b0b0b0
	415	346	d0d0d0
	511	168	
	528	454	
	159	164	b0b0b0
	498	358	808080
	606	207	b0b0b0
	361	23	
	582	299	808080
	283	198	
	423	369	
	175	299	d0d0d0
	501	192	b0b0b0
	247	458	808080
	309	278	b0b0b0
	363	79	
	242	345	
	412	469	
	309	175	d0d0d0
	423	469	
	309	399	808080
	384	132	
	552	205	b0b0b0
	238	355	
	452	314	
	370	261	b05800
	360	250	
	368	254	
	379	279	
	394	254	
	374	260	
	386	248	
	365	264	
	372	278	
	390	268	
	348	221	e07000
	364	225	
	360	226	
	357	232	
	358	221	
	351	224	
	354	228	
	363	227	
	356	222	
	350	223	
	366	240	
	356	234	
	355	243	
	356	244	
	364	232	
	360	240	
	362	237	
	358	240	
	363	244	
	370	231	
line	193	0	193	480	000050
	384		384		005000
	575		575		000050
	128	95	608	95	
		286		286	005000
		477		477	000050
	339	197	335	190	ff7f00
	382	281	384	286	ff007f
draw	349	263	422	315	/sprites/572.SMIV/0
	321	160	325	164	/sprites/566.SMIV/10
	362	234	375	244	/sprites/559.SMIV/22
	256	43	268	54	/sprites/501.SMIV/10
	466	227	468	229	/sprites/549.SMIV/15
	343	218	350	222	/sprites/547.SMIV/1
	348		352	221	/sprites/504.SMIV/19
	357	238	361	241	
dither	262	59	317	76	303000
tint	266	63	274	75	000000	/font/5000/43
	273		281			/font/5000/72
	280		288			/font/5000/75
	287		295			/font/5000/69
	294		302			/font/5000/73
	301		309			/font/5000/65
	308		316			/font/5000/72
	265	62	273	74	ffff00	/font/5000/43
	272		280			/font/5000/72
	279		287			/font/5000/75
	286		294			/font/5000/69
	293		301			/font/5000/73
	300		308			/font/5000/65
	307		315			/font/5000/72
dither	384	266	537	283	001830
tint	388	270	396	282	000000	/font/5000/54
	395		403			/font/5000/68
	402		410			/font/5000/61
	409		417			/font/5000/73
	416		424			/font/5000/65
	423		431			/font/5000/72
	430		438			/font/5000/6f
	437		445			/font/5000/20
	444		452			/font/5000/53
	451		459			/font/5000/74
	458		466			/font/5000/61
	465		473			/font/5000/74
	472		480			/font/5000/69
	479		487			/font/5000/6f
	486		494			/font/5000/6e
	493		501			/font/5000/20
	500		508			/font/5000/3c
	507		515			/font/5000/20
	514		522			/font/5000/32
	521		529			/font/5000/20
	528		536			/font/5000/3e
	387	269	395	281	007fff	/font/5000/54
	394		402			/font/5000/68
	401		409			/font/5000/61
	408		416			/font/5000/73
	415		423			/font/5000/65
	422		430			/font/5000/72
	429		437			/font/5000/6f
	436		444			/font/5000/20
	443		451			/font/5000/53
	450		458			/font/5000/74
	457		465			/font/5000/61
	464		472			/font/5000/74
	471		479			/font/5000/69
	478		486			/font/5000/6f
	485		493			/font/5000/6e
	492		500			/font/5000/20
	499		507			/font/5000/3c
	506		514			/font/5000/20
	513		521			/font/5000/32
	520		528			/font/5000/20
	527		535			/font/5000/3e
dither	200	457	608	474	300000
tint	204	461	212	473	000000	/font/5000/54
	211		219			/font/5000/68
	218		226			/font/5000/61
	225		233			/font/5000/73
	232		240			/font/5000/65
	239		247			/font/5000/72
	246		254			/font/5000/6f
	253		261			/font/5000/20
	260		268			/font/5000/53
	267		275			/font/5000/74
	274		282			/font/5000/61
	281		289			/font/5000/74
	288		296			/font/5000/69
	295		303			/font/5000/6f
	302		310			/font/5000/6e
	309		317			/font/5000/20
	316		324			/font/5000/63
	323		331			/font/5000/61
	330		338			/font/5000/70
	337		345			/font/5000/74
	344		352			/font/5000/75
	351		359			/font/5000/72
	358		366			/font/5000/65
	365		373			/font/5000/64
	372		380			/font/5000/20
	379		387			/font/5000/62
	386		394			/font/5000/79
	393		401			/font/5000/20
	400		408			/font/5000/54
	407		415			/font/5000/68
	414		422			/font/5000/65
	421		429			/font/5000/20
	428		436			/font/5000/48
	435		443			/font/5000/75
	442		450			/font/5000/6d
	449		457			/font/5000/61
	456		464			/font/5000/6e
	463		471			/font/5000/2f
	470		478			/font/5000/49
	477		485			/font/5000/73
	484		492			/font/5000/68
	491		499			/font/5000/69
	498		506			/font/5000/6d
	505		513			/font/5000/61
	512		520			/font/5000/6e
	519		527			/font/5000/20
	526		534			/font/5000/43
	533		541			/font/5000/6f
	540		548			
	547		555			/font/5000/70
	554		562			/font/5000/65
	561		569			/font/5000/72
	568		576			/font/5000/61
	575		583			/font/5000/74
	582		590			/font/5000/69
	589		597			/font/5000/76
	596		604			/font/5000/65
	603		611			/font/5000/2e
	203	460	211	472	ff0000	/font/5000/54
	210		218			/font/5000/68
	217		225			/font/5000/61
	224		232			/font/5000/73
	231		239			/font/5000/65
	238		246			/font/5000/72
	245		253			/font/5000/6f
	252		260			/font/5000/20
	259		267			/font/5000/53
	266		274			/font/5000/74
	273		281			/font/5000/61
	280		288			/font/5000/74
	287		295			/font/5000/69
	294		302			/font/5000/6f
	301		309			/font/5000/6e
	308		316			/font/5000/20
	315		323			/font/5000/63
	322		330			/font/5000/61
	329		337			/font/5000/70
	336		344			/font/5000/74
	343		351			/font/5000/75
	350		358			/font/5000/72
	357		365			/font/5000/65
	364		372			/font/5000/64
	371		379			/font/5000/20
	378		386			/font/5000/62
	385		393			/font/5000/79
	392		400			/font/5000/20
	399		407			/font/5000/54
	406		414			/font/5000/68
	413		421			/font/5000/65
	420		428			/font/5000/20
	427		435			/font/5000/48
	434		442			/font/5000/75
	441		449			/font/5000/6d
	448		456			/font/5000/61
	455		463			/font/5000/6e
	462		470			/font/5000/2f
	469		477			/font/5000/49
	476		484			/font/5000/73
	483		491			/font/5000/68
	490		498			/font/5000/69
	497		505			/font/5000/6d
	504		512			/font/5000/61
	511		519			/font/5000/6e
	518		526			/font/5000/20
	525		533			/font/5000/43
	532		540			/font/5000/6f
	539		547			
	546		554			/font/5000/70
	553		561			/font/5000/65
	560		568			/font/5000/72
	567		575			/font/5000/61
	574		582			/font/5000/74
	581		589			/font/5000/69
	588		596			/font/5000/76
	595		603			/font/5000/65
	602		610			/font/5000/2e
dither	200	50	346	67	300018
tint	204	54	212	66	000000	/font/5000/57
	211		219			/font/5000/41
	218		226			/font/5000/52
	225		233			/font/5000/4e
	232		240			/font/5000/49
	239		247			/font/5000/4e
	246		254			/font/5000/47
	253		261			/font/5000/3a
	260		268			/font/5000/20
	267		275			/font/5000/53
	274		282			/font/5000/68
	281		289			/font/5000/69
	288		296			/font/5000/65
	295		303			/font/5000/6c
	302		310			/font/5000/64
	309		317			/font/5000/73
	316		324			/font/5000/20
	323		331			/font/5000/4c
	330		338			/font/5000/6f
	337		345			/font/5000/77
	203	53	211	65	ff007f	/font/5000/57
	210		218			/font/5000/41
	217		225			/font/5000/52
	224		232			/font/5000/4e
	231		239			/font/5000/49
	238		246			/font/5000/4e
	245		253			/font/5000/47
	252		260			/font/5000/3a
	259		267			/font/5000/20
	266		274			/font/5000/53
	273		281			/font/5000/68
	280		288			/font/5000/69
	287		295			/font/5000/65
	294		302			/font/5000/6c
	301		309			/font/5000/64
	308		316			/font/5000/73
	315		323			/font/5000/20
	322		330			/font/5000/4c
	329		337			/font/5000/6f
	336		344			/font/5000/77
line	283	58	282	73	489048
			296	67	
	282	73			204020
draw	0	0	128	480	/pictures/501.png
	608		640		/pictures/512.png
tint	29	159	37	172	ff0000	/font/5001/30
	35		43			
	41		49			/font/5001/33
	102		110		ff7f00	/font/5001/30
	108		116			
	114		122			/font/5001/31
line	614	435	614	359	00488f
		359	622		
	622			435	002850
		435	614		
rect	615	360	622	435	003870
line	614	456	614	436	007fff
		436	622		
	622			456	00488f
		456	614		
rect	615	437	622	456	0070e0
line	614	232	614	231	909048
		231	622		
	622			232	505028
		232	614		
	614	328		233	ffff7f
		233	622		
	622			328	909048
		328	614		
rect	615	234	622	328	e0e070
line	614	104	614	103	904848
		103	622		
	622			104	502828
		104	614		
	614	200		105	ff7f7f
		105	622		
	622			200	904848
		200	614		
rect	615	106	622	200	e07070
line	618	8	629	8	90488f
			618	9	
	629		629		
	618	36		36	
			618	35	
	629		629		
rect	620	10	628	35	703870
		35			c060c0
	634	49	636	52	7fff7f
		53		56	60c060
		57		60	
		61		64	
		65		68	703800
		69		72	183018
		73		76	
		77		80	
		81		84	
		85		88	
		89		92	
		93		96	
		97		100	
		101		104	
		105		108	
		109		112	
		113		116	
		117		120	
		121		124	
		125		128	
		129		132	
		133		136	
		137		140	
		141		144	
		145		148	
		149		152	
		153		156	
		157		160	
		161		164	
		165		168	
		169		172	
		173		176	
		177		180	
		181		184	
		185		188	
		189		192	
		193		196	
		197		200	
		201		204	
		205		208	
		209		212	
		213		216	
		217		220	
		221		224	
		225		228	
		229		232	
		233		236	
		237		240	
		241		244	
		245		248	
		249		252	
		253		256	
		257		260	
		261		264	
		265		268	
		269		272	
		273		276	
		277		280	
		281		284	
		285		288	
		289		292	
		293		296	
		297		300	
		301		304	
		305		308	
		309		312	
		313		316	
		317		320	
		321		324	
		325		328	
		329		332	
		333		336	
		337		340	
		341		344	
		345		348	
		349		352	
		353		356	
		357		360	
		361		364	
		365		368	
		369		372	
		373		376	
		377		380	
		381		384	
		385		388	
		389		392	
		393		396	
		397		400	
		401		404	
		405		408	
		409		412	
		413		416	
		417		420	
		421		424	
		425		428	
		429		432	
		433		436	
		437		440	
		441		444	
		445		448	
	621	52	631	56	303000
		57		61	
		62		66	
		67		71	
		72		76	
		77		81	
		82		86	
	7	7	115	115	00ff00
	8	8	114	114	001000
	48	48	74	74	003000
point	61	63	00e000
	39	67	
	33	52	
	59	57	
	37	52	
	56	51	
	61	63	
	87	21	
	100	9	
	66	61	
	60		
	54	48	
	60	59	
	61	60	
		61	
rect	12	320	121	440	001000
tint	15	320	23	333	00ff00	/font/5001/42
	21		29			/font/5001/55
	27		35			/font/5001/49
	33		41			/font/5001/4c
	39		47			/font/5001/44
	45		53			/font/5001/20
	51		59			/font/5001/53
	57		65			/font/5001/48
	63		71			/font/5001/49
	69		77			/font/5001/50
	75		83			/font/5001/53
line	12	342	119	342	009000
tint	15	332	23	345	00ff00	/font/5001/54
	21		29			/font/5001/68
	27		35			/font/5001/61
	33		41			/font/5001/73
	39		47			/font/5001/65
	45		53			/font/5001/72
	51		59			/font/5001/6f
	57		65			/font/5001/20
	63		71			/font/5001/41
	69		77			/font/5001/6c
	75		83			/font/5001/70
	81		89			/font/5001/68
	87		95			/font/5001/61
	15	344	23	357		/font/5001/46
	21		29			/font/5001/69
	27		35			/font/5001/67
	33		41			/font/5001/68
	39		47			/font/5001/74
	45		53			/font/5001/65
	51		59			/font/5001/72
line	12	367	12	356	009000
		356	120		
	120			367	005000
		367	12		
rect	13	357	120	367	007000
tint	15	356	23	369	003000	/font/5001/43
	21		29			/font/5001/72
	27		35			/font/5001/75
	33		41			/font/5001/69
	39		47			/font/5001/73
	45		53			/font/5001/65
	51		59			/font/5001/72
	15	368	23	381	009000	/font/5001/47
	21		29			/font/5001/75
	27		35			/font/5001/6e
	33		41			/font/5001/73
	39		47			/font/5001/68
	45		53			/font/5001/69
	51		59			/font/5001/70
	15	380	23	393	00ff00	/font/5001/54
	21		29			/font/5001/72
	27		35			/font/5001/61
	33		41			/font/5001/6e
	39		47			/font/5001/73
	45		53			/font/5001/70
	51		59			/font/5001/6f
	57		65			/font/5001/72
	63		71			/font/5001/74
	15	392	23	405	009000	/font/5001/41
	21		29			/font/5001/73
	27		35			
	33		41			/font/5001/61
	39		47			/font/5001/75
	45		53			/font/5001/6c
	51		59			/font/5001/74
	57		65			/font/5001/20
	63		71			/font/5001/54
	69		77			/font/5001/72
	75		83			/font/5001/61
	81		89			/font/5001/6e
	87		95			/font/5001/73
	93		101			/font/5001/70
	99		107			/font/5001/6f
	105		113			/font/5001/72
	111		119			/font/5001/74
line	12	438	119	438	009000
rect	16	450	114	475	001010
line	17	461	17	450	00c0c0
		450	43		
	43			461	007070
		461	17		
rect	18	451	43	461	009090
tint	19	450	27	463	00ffff	/font/5001/52
	25		33			/font/5001/47
	31		39			/font/5001/48
	37		45			/font/5001/54
	43		51			/font/5001/20
	49		57			/font/5001/42
	55		63			/font/5001/75
	61		69			/font/5001/69
	67		75			/font/5001/6c
	73		81			/font/5001/64
line	17	473	17	462	00c0c0
		462	43		
	43			473	007070
		473	17		
rect	18	463	43	473	009090
tint	19	462	27	475	00ffff	/font/5001/4c
	25		33			/font/5001/45
	31		39			/font/5001/46
	37		45			/font/5001/54
	43		51			/font/5001/20
	49		57			/font/5001/4d
	55		63			/font/5001/61
	61		69			/font/5001/69
	67		75			/font/5001/6e
	73		81			/font/5001/20
	79		87			/font/5001/4d
	85		93			/font/5001/65
	91		99			/font/5001/6e
	97		105			/font/5001/75
line	12	191	12	180	ffff00
		180	119		
	119			191	909000
		191	12		
rect	13	181	119	191	c0c000
tint	15	180	23	193	000000	/font/5001/43
	21		29			/font/5001/4f
	27		35			/font/5001/4e
	33		41			/font/5001/54
	39		47			/font/5001/52
	45		53			/font/5001/4f
	51		59			/font/5001/4c
	15	192	23	205	7fff7f	/font/5001/43
	21		29			/font/5001/52
	27		35			/font/5001/55
	33		41			/font/5001/49
	39		47			/font/5001/53
	45		53			/font/5001/45
	51		59			/font/5001/52
draw	16	208	34	222	/sprites/501.SMIV/0
line	14	204	35	204	489048
			14	205	
	35		35		
	14	225		225	
			14	224	
	35		35		
rect	42	206	49	208	003870
		208		224	0060c0
line	40	204	50	204	00488f
			40	205	
	50		50		
	40	225		225	
			40	224	
	50		50		
rect	55	206	62	207	707000
		207		224	c0c000
line	53	204	63	204	909000
			53	205	
	63		63		
	53	225		225	
			53	224	
	63		63		
tint	69	204	77	217	7fff7f	/font/5001/50
	75		83			/font/5001/4b
	81		89			/font/5001/42
	87		95			/font/5001/45
	93		101			/font/5001/41
	99		107			/font/5001/4d
	105		113			/font/5001/20
	111		119			/font/5001/31
	69	216	77	229		/font/5001/46
	75		83			/font/5001/20
	81		89			/font/5001/50
	87		95			/font/5001/55
	93		101			/font/5001/4c
	99		107			/font/5001/53
	105		113			/font/5001/45
	12	228	20	241	00ff00	/font/5001/48
	18		26			/font/5001/65
	24		32			/font/5001/61
	30		38			/font/5001/76
	36		44			/font/5001/79
	42		50			/font/5001/20
	48		56			/font/5001/44
	54		62			/font/5001/65
	60		68			/font/5001/73
	66		74			/font/5001/74
	72		80			/font/5001/72
	78		86			/font/5001/6f
	84		92			/font/5001/79
	90		98			/font/5001/65
	96		104			/font/5001/72
line	12	263	12	252	007fff
		252	119		
	119			263	00488f
		263	12		
rect	13	253	119	263	0060c0
tint	15	252	23	265	000000	/font/5001/54
	21		29			/font/5001/41
	27		35			/font/5001/52
	33		41			/font/5001/47
	39		47			/font/5001/45
	45		53			/font/5001/54
	15	264	23	277	7fff7f	
	21		29			/font/5001/68
	27		35			/font/5001/61
	33		41			/font/5001/73
	39		47			/font/5001/65
	45		53			/font/5001/72
	51		59			/font/5001/6f
	57		65			/font/5001/20
	63		71			/font/5001/53
	69		77			/font/5001/74
	75		83			/font/5001/61
	81		89			/font/5001/74
	87		95			/font/5001/69
	93		101			/font/5001/6f
	99		107			/font/5001/6e
draw	16	281	34	293	/sprites/572.SMIV/0
line	14	276	35	276	489048
			14	277	
	35		35		
	14	297		297	
			14	296	
	35		35		
rect	42	278	49	279	003870
		279		296	0060c0
line	40	276	50	276	00488f
			40	277	
	50		50		
	40	297		297	
			40	296	
	50		50		
rect	55	278	62	279	707000
		279		296	c0c000
line	53	276	63	276	909000
			53	277	
	63		63		
	53	297		297	
			53	296	
	63		63		
tint	69	276	77	289	7fff7f	/font/5001/52
	75		83			/font/5001/45
	81		89			/font/5001/50
	87		95			/font/5001/55
	93		101			/font/5001/4c
	99		107			/font/5001/53
	105		113			/font/5001/45
	111		119			/font/5001/52
	69	288	77	301		/font/5001/50
	75		83			/font/5001/55
	81		89			/font/5001/4c
	87		95			/font/5001/53
	93		101			/font/5001/43
	99		107			/font/5001/41
	105		113			/font/5001/4e
	111		119			
