point	372	427	808080
	491	302	d0d0d0
	551	180	
	543	9	b0b0b0
	509	160	
	324	114	
	518	214	808080
	243	257	
	170	13	
	203	44	
	169	377	
	301	79	
	395	142	d0d0d0
	311	290	808080
	567	115	d0d0d0
	540	273	
	354	241	
	594	331	
	503	227	808080
	431	115	b0b0b0
	550	64	d0d0d0
	180	167	
	184	463	808080
	315	352	
	249	135	d0d0d0
	434	292	808080
	475	88	d0d0d0
	257	103	808080
	375	285	b0b0b0
	185	339	d0d0d0
	403	31	
	522	218	808080
	233	28	b0b0b0
	195	128	808080
	461	475	d0d0d0
	233	271	
	287	128	
	589	428	808080
	451	261	b0b0b0
	541	257	
	207	255	808080
	200	254	
	559	132	b0b0b0
	587	202	808080
	570	57	b0b0b0
	295	245	d0d0d0
	277	14	808080
	196	426	
	567	164	b0b0b0
	367	16	d0d0d0
	469	22	808080
	391	48	d0d0d0
	201	354	b0b0b0
	601	245	
	299	54	d0d0d0
	403	22	b0b0b0
	172	43	
	500	359	d0d0d0
	587	429	808080
	333	376	
	211	461	d0d0d0
	133	231	b0b0b0
	530	403	d0d0d0
	283	454	808080
	375	194	b0b0b0
	516	151	d0d0d0
	482	250	
	373	383	
	347	182	
	225	64	808080
	165	45	
	419	76	d0d0d0
	582	24	
	277	257	b0b0b0
	454	451	808080
		145	
	585	6	b0b0b0
	281	98	
	325	402	808080
	449	321	b0b0b0
	143	106	808080
	572	475	b0b0b0
	274	331	
	374	332	
	160	361	808080
		331	d0d0d0
	182	298	
	554	472	b0b0b0
	405	309	808080
	568	325	b0b0b0
	338	300	808080
	493	469	
	404	183	b0b0b0
	331	405	d0d0d0
	500	326	
	547	8	
	468	430	b0b0b0
	359	71	
	380	187	808080
	236	307	d0d0d0
	207	322	b0b0b0
	526	423	d0d0d0
	198	132	808080
	300	274	
	349	437	
	414	81	d0d0d0
	280	352	b0b0b0
	380	388	808080
	400	41	
	346	225	b0b0b0
	232	318	d0d0d0
	282	35	
	510	110	
	534	337	808080
	379	220	d0d0d0
	564	392	
	459	75	
	241	83	
	327	11	808080
	222	339	
	402	408	d0d0d0
	236	84	b0b0b0
	537	178	d0d0d0
	186	383	808080
	168	111	d0d0d0
	-442	1660	502800
	-407	1642	
	-465	1659	
	-474	1610	
	-412	1599	
	-445	1676	
	-423	1663	
	-436	1664	
	-400	1602	
	-421	1635	
line	194	0	194	480	002850
	345		345		000050
	496		496		
	128	99	608	99	
		250		250	002850
		401		401	000050
	149	479	153	474	ff7f00
	-306	1492	-310	1490	ff007f
	226	377	228	373	ff7f00
draw	357	232	375	244	/sprites/646.SMIV/9
static	199	323	224	346	ffffff	92	/sprites/525.SMIV/2
draw	338	340	352	353	/sprites/509.SMIV/3
static	251	368	255	372	ffffff	56	/sprites/510.SMIV/2
	235	362	238	365	f0f078	92	/sprites/566.SMIV/14
draw	224	355	228	360	/sprites/547.SMIV/3
	335	260	339	265	/sprites/547.SMIV/0
	231	350	236	354	/sprites/547.SMIV/4
	348	292	353	296	
line	497	389	495	374	489048
			482	384	
	495	374			204020
draw	0	0	128	480	/pictures/501.png
	608		640		/pictures/512.png
crop	29	159	35	171	8	36	ff0000	/fonts/computer
	35		41		24			
	41		47		64			
	102		108		8		ff7f00	
	108		114		32			
	114		120		64			
line	614	360	614	359	00488f
		359	622		
	622			360	002850
		360	614		
	614	456		361	007fff
		361	622		
	622			456	00488f
		456	614		
rect	615	362	622	456	0070e0
line	614	234	614	231	909048
		231	622		
	622			234	505028
		234	614		
rect	615	232	622	234	707038
line	614	328	614	235	ffff7f
		235	622		
	622			328	909048
		328	614		
rect	615	236	622	328	e0e070
line	614	104	614	103	904848
		103	622		
	622			104	502828
		104	614		
	614	200		105	ff7f7f
		105	622		
	622			200	904848
		200	614		
rect	615	106	622	200	e07070
line	618	8	629	8	90488f
			618	9	
	629		629		
	618	36		36	
			618	35	
	629		629		
rect	620	10	628	35	703870
		35			c060c0
	634	49	636	52	007fff
		53		56	0060c0
		57		60	
		61		64	
		65		68	
		69		72	183018
		73		76	
		77		80	
		81		84	
		85		88	
		89		92	
		93		96	
		97		100	
		101		104	
		105		108	
		109		112	
		113		116	
		117		120	
		121		124	
		125		128	
		129		132	
		133		136	
		137		140	
		141		144	
		145		148	
		149		152	
		153		156	
		157		160	
		161		164	
		165		168	
		169		172	
		173		176	
		177		180	
		181		184	
		185		188	
		189		192	
		193		196	
		197		200	
		201		204	
		205		208	
		209		212	
		213		216	
		217		220	
		221		224	
		225		228	
		229		232	
		233		236	
		237		240	
		241		244	
		245		248	
		249		252	
		253		256	
		257		260	
		261		264	
		265		268	
		269		272	
		273		276	
		277		280	
		281		284	
		285		288	
		289		292	
		293		296	
		297		300	
		301		304	
		305		308	
		309		312	
		313		316	
		317		320	
		321		324	
		325		328	
		329		332	
		333		336	
		337		340	
		341		344	
		345		348	
		349		352	
		353		356	
		357		360	
		361		364	
		365		368	
		369		372	
		373		376	
		377		380	
		381		384	
		385		388	
		389		392	
		393		396	
		397		400	
		401		404	
		405		408	
		409		412	
		413		416	
		417		420	
		421		424	
		425		428	
		429		432	
		433		436	
		437		440	
		441		444	
		445		448	
	621	52	631	56	303000
		57		61	
		62		66	
		67		71	
		72		76	
		77		81	
		82		86	
	7	7	115	115	00ff00
	8	8	114	114	001000
	45	45	77	77	003000
point	91	20	00e000
	88	19	
	51	67	
	93	20	
	91		
	60	68	
	93	23	
	59	62	
	32	105	
	88	21	
	94	23	
	53	69	
	54		
	52	68	
	60	64	
	47	76	
	52	68	
		70	
rect	12	320	121	440	001000
crop	15	320	21	332	16	48	00ff00	/fonts/computer
	21		27		40	60		
	27		33		72	48		
	33		39		96			
	39		45		32			
	45		51		0	24		
	51		57		24	60		
	57		63		64	48		
	63		69		72			
	69		75		0	60		
	75		81		24			
line	12	342	119	342	009000
crop	15	332	21	344	32	60	00ff00	/fonts/computer
	21		27		64	72		
	27		33		8			
	33		39		24	84		
	39		45		40	72		
	45		51		16	84		
	51		57		120	72		
	57		63		0	24		
	63		69		8	48		
	69		75		96	72		
	75		81		0	84		
	81		87		64	72		
	87		93		8			
	15	344	21	356	48	48		
	21		27		72	72		
	27		33		56			
	33		39		64			
	39		45		32	84		
	45		51		40	72		
	51		57		16	84		
line	12	367	12	356	009000
		356	120		
	120			367	005000
		367	12		
rect	13	357	120	367	007000
crop	15	356	21	368	24	48	00ff00	/fonts/computer
	21		27		16	84		
	27		33		40			
	33		39		72	72		
	39		45		24	84		
	45		51		40	72		
	51		57		16	84		
	15	368	21	380	56	48	009000	
	21		27		40	84		
	27		33		112	72		
	33		39		24	84		
	39		45		64	72		
	45		51		72			
	51		57		0	84		
	15	380	21	392	32	60	00ff00	
	21		27		16	84		
	27		33		8	72		
	33		39		112			
	39		45		24	84		
	45		51		0			
	51		57		120	72		
	57		63		16	84		
	63		69		32			
	15	392	21	404	8	48	009000	
	21		27		24	84		
	27		33					
	33		39		8	72		
	39		45		40	84		
	45		51		96	72		
	51		57		32	84		
	57		63		0	24		
	63		69		32	60		
	69		75		16	84		
	75		81		8	72		
	81		87		112			
	87		93		24	84		
	93		99		0			
	99		105		120	72		
	105		111		16	84		
	111		117		32			
line	12	438	119	438	009000
rect	16	450	114	475	001010
line	17	461	17	450	00c0c0
		450	43		
	43			461	007070
		461	17		
rect	18	451	43	461	009090
crop	19	450	25	462	16	60	00ffff	/fonts/computer
	25		31		56	48		
	31		37		64			
	37		43		32	60		
	43		49		0	24		
	49		55		16	48		
	55		61		40	84		
	61		67		72	72		
	67		73		96			
	73		79		32			
line	17	473	17	462	00c0c0
		462	43		
	43			473	007070
		473	17		
rect	18	463	43	473	009090
crop	19	462	25	474	96	48	00ffff	/fonts/computer
	25		31		40			
	31		37		48			
	37		43		32	60		
	43		49		0	24		
	49		55		104	48		
	55		61		8	72		
	61		67		72			
	67		73		112			
	73		79		0	24		
	79		85		104	48		
	85		91		40	72		
	91		97		112			
	97		103		40	84		
line	12	191	12	180	ffff00
		180	120		
	120			191	909000
		191	12		
rect	13	181	120	191	c0c000
crop	15	180	21	192	24	48	000000	/fonts/computer
	21		27		120			
	27		33		112			
	33		39		32	60		
	39		45		16			
	45		51		120	48		
	51		57		96			
	15	192	21	204	64		7fff7f	
	21		27		48	60		
	27		33		32	48		
	33		39		24	60		
	39		45		32			
	45		51		16			
	51		57		72			
	57		63		16			
draw	16	207	34	223	/sprites/646.SMIV/0
line	14	204	35	204	489048
			14	205	
	35		35		
	14	225		225	
			14	224	
	35		35		
rect	42	206	49	207	003870
		207		224	0060c0
line	40	204	50	204	00488f
			40	205	
	50		50		
	40	225		225	
			40	224	
	50		50		
rect	55	206	62	207	707000
		207		224	c0c000
line	53	204	63	204	909000
			53	205	
	63		63		
	53	225		225	
			53	224	
	63		63		
crop	69	204	75	216	96	48	7fff7f	/fonts/computer
	75		81		16			
	81		87		40			
	87		93		8			
	93		99		104			
	99		105		0	24		
	105		111		8	36		
	69	216	75	228	48	48		
	75		81		40	60		
	81		87		96	48		
	87		93					
	93		99		0	60		
	99		105		96	48		
	105		111		24	60		
	111		117		40	48		
	69	192	75	204	24			
	75		81		104			
	81		87		72			
	87		93		24	60		
	93		99					
	99		105		72	48		
	105		111		96			
	111		117		40			
	12	228	18	240	32	60	ff0000	
	18		24		64	72		
	24		30		8			
	30		36		24	84		
	36		42		40	72		
	42		48		16	84		
	48		54		120	72		
	54		60		0	24		
	60		66		16	48		
	66		72		40	72		
	72		78		32	84		
	78		84		8	72		
line	12	263	12	252	007fff
		252	120		
	120			263	00488f
		263	12		
rect	13	253	120	263	0060c0
crop	15	252	21	264	32	60	000000	/fonts/computer
	21		27		8	48		
	27		33		16	60		
	33		39		56	48		
	39		45		40			
	45		51		32	60		
	15	264	21	276			7fff7f	
	21		27		64	72		
	27		33		8			
	33		39		24	84		
	39		45		40	72		
	45		51		16	84		
	51		57		120	72		
	57		63		0	24		
	63		69		24	60		
	69		75		32	84		
	75		81		8	72		
	81		87		32	84		
	87		93		72	72		
	93		99		120			
	99		105		112			
draw	16	281	34	293	/sprites/572.SMIV/0
line	14	276	35	276	489048
			14	277	
	35		35		
	14	297		297	
			14	296	
	35		35		
rect	42	278	49	279	003870
		279		296	0060c0
line	40	276	50	276	00488f
			40	277	
	50		50		
	40	297		297	
			40	296	
	50		50		
rect	55	278	62	282	707000
		282		296	c0c000
line	53	276	63	276	909000
			53	277	
	63		63		
	53	297		297	
			53	296	
	63		63		
crop	69	276	75	288	16	60	7fff7f	/fonts/computer
	75		81		40	48		
	81		87		0	60		
	87		93		40			
	93		99		96	48		
	99		105		24	60		
	105		111		40	48		
	111		117		16	60		
	69	288	75	300	0			
	75		81		40			
	81		87		96	48		
	87		93		24	60		
	93		99			48		
	99		105		8			
	105		111		112			
	111		117					
