point	329	414	808080
	404	277	d0d0d0
	464	155	
	430	467	
	444	141	b0b0b0
	259	95	
	475	201	808080
	200	244	
	138	480	
	380	63	d0d0d0
	604	396	b0b0b0
	258	66	808080
	308	117	d0d0d0
	268	277	808080
	349	89	d0d0d0
	453	248	
	267	216	
	507	306	
	460	214	808080
	366	96	b0b0b0
	331	28	
	572	236	d0d0d0
	141	450	808080
	272	339	
	162	110	d0d0d0
	391	279	808080
	571	243	b0b0b0
	214	90	808080
	310	266	b0b0b0
	578	392	d0d0d0
	378	2	808080
	479	205	
	471	8	b0b0b0
	152	115	808080
	375	450	d0d0d0
	146	246	
	200	103	
	546	415	808080
	386	242	b0b0b0
	476	238	
	164	242	808080
	157	241	
	494	113	b0b0b0
	544	189	808080
	207	38	b0b0b0
	208	220	d0d0d0
		0	808080
	153	413	
	502	145	b0b0b0
	185	470	d0d0d0
	602	30	808080
	345	10	
	136	335	b0b0b0
	536	226	
	291	18	
	570	3	808080
	229	23	b0b0b0
	413	334	d0d0d0
	544	417	808080
	290	363	
	604	227	d0d0d0
	567	204	808080
	443	378	d0d0d0
	240	441	808080
	310	175	b0b0b0
	429	126	d0d0d0
	395	225	
	287	358	
	260	157	
	182	51	808080
	580	160	
	474	49	d0d0d0
	571	463	
	212	238	b0b0b0
	411	438	808080
		132	
	234	466	b0b0b0
	216	79	
	282	389	808080
	384	302	b0b0b0
	307	54	d0d0d0
	508	456	b0b0b0
	209	312	
	309	313	
	585	199	d0d0d0
	552	422	
	575	147	
	489	453	b0b0b0
	362	296	808080
	503	306	b0b0b0
	295	287	808080
	450	456	
	339	164	b0b0b0
	245	380	d0d0d0
	413	301	
	444	466	b0b0b0
	403	411	
	392	34	808080
	337	174	
	149	282	d0d0d0
	142	303	b0b0b0
	439	398	d0d0d0
	155	119	808080
	257	261	
	306	425	
	387	39	b0b0b0
	215	333	
	337	375	808080
	164	27	
	281	206	b0b0b0
	145	293	d0d0d0
	261	9	
	127	85	
	491	324	808080
	292	195	d0d0d0
	478	367	
	267	49	
	364	40	b0b0b0
	388	478	d0d0d0
	179	326	808080
	315	383	d0d0d0
	383	85	
	450	153	
	143	370	808080
	251	42	
	360	255	ff7f00
	361	256	
	359	257	
	360		
		255	
	359		
	361		
		257	
	359		
	362		
line	162	0	162	480	000050
	341		341		
	520		520		
	128	6	608	6	
		185		185	
		364		364	
	-733	2066	-730	2073	ff7f00
	-684	1939	-680	1941	
	-791	1875	-789	1879	ff007f
	424	198	429	194	ff7f00
	-533	1978	-528	1980	
	-614	1959	-609	1961	
	292	334	297	329	
	432	200	426	204	ffff7f
	393	223	388	226	
	369	237	366	239	
static	355	233	377	247	ffffff	136	/sprites/646.SMIV/4
	445	172	466	187	f0eac3	121	/sprites/569.SMIV/15
	486	200	501	209	f0f078	1	/sprites/571.SMIV/14
draw	183	444	200	458	/sprites/509.SMIV/2
	418	194	427	202	/sprites/522.SMIV/2
	451	175	454	178	/sprites/554.SMIV/1
	489	194	493	198	/sprites/554.SMIV/3
	368	233	376	242	/sprites/522.SMIV/5
	358	256	360	258	/sprites/504.SMIV/18
line	550	161	535	160	489048
			541	173	
	535	160			204020
draw	0	0	128	480	/pictures/501.png
	608		640		/pictures/512.png
tint	29	159	37	172	ff0000	/font/5001/31
	35		43			/font/5001/33
	41		49			/font/5001/34
	102		110		ff7f00	/font/5001/31
	108		116			/font/5001/34
	114		122			/font/5001/38
line	614	361	614	359	00488f
		359	622		
	622			361	002850
		361	614		
rect	615	360	622	361	003870
line	614	456	614	362	007fff
		362	622		
	622			456	00488f
		456	614		
rect	615	363	622	456	0070e0
line	614	231	614	231	909048
			622		
	622				505028
			614		
	614	328		232	ffff7f
		232	622		
	622			328	909048
		328	614		
rect	615	233	622	328	e0e070
line	614	105	614	103	904848
		103	622		
	622			105	502828
		105	614		
rect	615	104	622	105	703838
line	614	200	614	106	ff7f7f
		106	622		
	622			200	904848
		200	614		
rect	615	107	622	200	e07070
line	618	8	629	8	90488f
			618	9	
	629		629		
	618	36		36	
			618	35	
	629		629		
rect	620	10	628	35	703870
		35			c060c0
	634	49	636	52	7fff7f
		53		56	60c060
		57		60	703800
		61		64	
		65		68	
		69		72	183018
		73		76	
		77		80	
		81		84	
		85		88	
		89		92	
		93		96	
		97		100	
		101		104	
		105		108	
		109		112	
		113		116	
		117		120	
		121		124	
		125		128	
		129		132	
		133		136	
		137		140	
		141		144	
		145		148	
		149		152	
		153		156	
		157		160	
		161		164	
		165		168	
		169		172	
		173		176	
		177		180	
		181		184	
		185		188	
		189		192	
		193		196	
		197		200	
		201		204	
		205		208	
		209		212	
		213		216	
		217		220	
		221		224	
		225		228	
		229		232	
		233		236	
		237		240	
		241		244	
		245		248	
		249		252	
		253		256	
		257		260	
		261		264	
		265		268	
		269		272	
		273		276	
		277		280	
		281		284	
		285		288	
		289		292	
		293		296	
		297		300	
		301		304	
		305		308	
		309		312	
		313		316	
		317		320	
		321		324	
		325		328	
		329		332	
		333		336	
		337		340	
		341		344	
		345		348	
		349		352	
		353		356	
		357		360	
		361		364	
		365		368	
		369		372	
		373		376	
		377		380	
		381		384	
		385		388	
		389		392	
		393		396	
		397		400	
		401		404	
		405		408	
		409		412	
		413		416	
		417		420	
		421		424	
		425		428	
		429		432	
		433		436	
		437		440	
		441		444	
		445		448	
	621	52	631	56	303000
		57		61	
		62		66	
		67		71	
		72		76	
		77		81	
		82		86	
	7	7	115	115	00ff00
	8	8	114	114	001000
	48	48	74	74	003000
point	81	37	00e000
	66	58	
	48	87	
	44	100	
	77	55	
	68	59	
	51	73	
	83	39	
	29	110	
	79	37	
	34	106	
	80	38	
	64	59	
	63		
	57	66	
	32	107	
	62	61	
	38	98	
	32	107	
	64	59	
	41	103	
	37	104	
	46	89	
	79	41	
	65	58	
	44	100	
	68	59	
	61	61	
			
			
rect	12	320	121	440	001000
tint	15	320	23	333	00ff00	/font/5001/42
	21		29			/font/5001/55
	27		35			/font/5001/49
	33		41			/font/5001/4c
	39		47			/font/5001/44
	45		53			/font/5001/20
	51		59			/font/5001/53
	57		65			/font/5001/48
	63		71			/font/5001/49
	69		77			/font/5001/50
	75		83			/font/5001/53
line	12	342	119	342	009000
tint	15	332	23	345	00ff00	/font/5001/54
	21		29			/font/5001/68
	27		35			/font/5001/61
	33		41			/font/5001/73
	39		47			/font/5001/65
	45		53			/font/5001/72
	51		59			/font/5001/6f
	57		65			/font/5001/20
	63		71			/font/5001/41
	69		77			/font/5001/6c
	75		83			/font/5001/70
	81		89			/font/5001/68
	87		95			/font/5001/61
	15	344	23	357	009000	/font/5001/46
	21		29			/font/5001/69
	27		35			/font/5001/67
	33		41			/font/5001/68
	39		47			/font/5001/74
	45		53			/font/5001/65
	51		59			/font/5001/72
line	12	367	12	356	009000
		356	120		
	120			367	005000
		367	12		
rect	13	357	120	367	007000
tint	15	356	23	369	003000	/font/5001/43
	21		29			/font/5001/72
	27		35			/font/5001/75
	33		41			/font/5001/69
	39		47			/font/5001/73
	45		53			/font/5001/65
	51		59			/font/5001/72
	15	368	23	381	009000	/font/5001/47
	21		29			/font/5001/75
	27		35			/font/5001/6e
	33		41			/font/5001/73
	39		47			/font/5001/68
	45		53			/font/5001/69
	51		59			/font/5001/70
	15	380	23	393		/font/5001/54
	21		29			/font/5001/72
	27		35			/font/5001/61
	33		41			/font/5001/6e
	39		47			/font/5001/73
	45		53			/font/5001/70
	51		59			/font/5001/6f
	57		65			/font/5001/72
	63		71			/font/5001/74
	15	392	23	405		/font/5001/41
	21		29			/font/5001/73
	27		35			
	33		41			/font/5001/61
	39		47			/font/5001/75
	45		53			/font/5001/6c
	51		59			/font/5001/74
	57		65			/font/5001/20
	63		71			/font/5001/54
	69		77			/font/5001/72
	75		83			/font/5001/61
	81		89			/font/5001/6e
	87		95			/font/5001/73
	93		101			/font/5001/70
	99		107			/font/5001/6f
	105		113			/font/5001/72
	111		119			/font/5001/74
line	12	438	119	438	009000
rect	16	450	114	475	001010
line	17	461	17	450	00c0c0
		450	43		
	43			461	007070
		461	17		
rect	18	451	43	461	009090
tint	19	450	27	463	00ffff	/font/5001/52
	25		33			/font/5001/47
	31		39			/font/5001/48
	37		45			/font/5001/54
	43		51			/font/5001/20
	49		57			/font/5001/42
	55		63			/font/5001/75
	61		69			/font/5001/69
	67		75			/font/5001/6c
	73		81			/font/5001/64
line	17	473	17	462	00c0c0
		462	43		
	43			473	007070
		473	17		
rect	18	463	43	473	009090
tint	19	462	27	475	00ffff	/font/5001/4c
	25		33			/font/5001/45
	31		39			/font/5001/46
	37		45			/font/5001/54
	43		51			/font/5001/20
	49		57			/font/5001/4d
	55		63			/font/5001/61
	61		69			/font/5001/69
	67		75			/font/5001/6e
	73		81			/font/5001/20
	79		87			/font/5001/4d
	85		93			/font/5001/65
	91		99			/font/5001/6e
	97		105			/font/5001/75
line	12	191	12	180	ffff00
		180	120		
	120			191	909000
		191	12		
rect	13	181	120	191	c0c000
tint	15	180	23	193	000000	/font/5001/43
	21		29			/font/5001/4f
	27		35			/font/5001/4e
	33		41			/font/5001/54
	39		47			/font/5001/52
	45		53			/font/5001/4f
	51		59			/font/5001/4c
	15	192	23	205	7fff7f	/font/5001/48
	21		29			/font/5001/56
	27		35			/font/5001/44
	33		41			/font/5001/53
	39		47			/font/5001/54
	45		53			/font/5001/52
	51		59			/font/5001/59
	57		65			/font/5001/52
draw	16	207	34	223	/sprites/646.SMIV/0
line	14	204	35	204	489048
			14	205	
	35		35		
	14	225		225	
			14	224	
	35		35		
rect	42	206	49	207	003870
		207		224	0060c0
line	40	204	50	204	00488f
			40	205	
	50		50		
	40	225		225	
			40	224	
	50		50		
rect	55	206	62	207	707000
		207		224	c0c000
line	53	204	63	204	909000
			53	205	
	63		63		
	53	225		225	
			53	224	
	63		63		
tint	69	204	77	217	7fff7f	/font/5001/4c
	75		83			/font/5001/42
	81		89			/font/5001/45
	87		95			/font/5001/41
	93		101			/font/5001/4d
	99		107			/font/5001/20
	105		113			/font/5001/31
	69	216	77	229		/font/5001/46
	75		83			/font/5001/55
	81		89			/font/5001/4c
	87		95			
	93		101			/font/5001/50
	99		107			/font/5001/4c
	105		113			/font/5001/53
	111		119			/font/5001/45
	69	192	77	205		/font/5001/43
	75		83			/font/5001/4d
	81		89			/font/5001/49
	87		95			/font/5001/53
	93		101			
	99		107			/font/5001/49
	105		113			/font/5001/4c
	111		119			/font/5001/45
line	12	263	12	252	007fff
		252	120		
	120			263	00488f
		263	12		
rect	13	253	120	263	0060c0
tint	15	252	23	265	000000	/font/5001/54
	21		29			/font/5001/41
	27		35			/font/5001/52
	33		41			/font/5001/47
	39		47			/font/5001/45
	45		53			/font/5001/54
	15	264	23	277	7fff7f	/font/5001/48
	21		29			/font/5001/56
	27		35			/font/5001/44
	33		41			/font/5001/53
	39		47			/font/5001/54
	45		53			/font/5001/52
	51		59			/font/5001/59
	57		65			/font/5001/52
draw	16	279	34	295	/sprites/646.SMIV/0
line	14	276	35	276	489048
			14	277	
	35		35		
	14	297		297	
			14	296	
	35		35		
rect	42	278	49	279	003870
		279		296	0060c0
line	40	276	50	276	00488f
			40	277	
	50		50		
	40	297		297	
			40	296	
	50		50		
rect	55	278	62	279	707000
		279		296	c0c000
line	53	276	63	276	909000
			53	277	
	63		63		
	53	297		297	
			53	296	
	63		63		
tint	69	276	77	289	7fff7f	/font/5001/4c
	75		83			/font/5001/42
	81		89			/font/5001/45
	87		95			/font/5001/41
	93		101			/font/5001/4d
	99		107			/font/5001/20
	105		113			/font/5001/31
	69	288	77	301		/font/5001/46
	75		83			/font/5001/55
	81		89			/font/5001/4c
	87		95			
	93		101			/font/5001/50
	99		107			/font/5001/4c
	105		113			/font/5001/53
	111		119			/font/5001/45
	69	264	77	277		/font/5001/43
	75		83			/font/5001/4d
	81		89			/font/5001/49
	87		95			/font/5001/53
	93		101			
	99		107			/font/5001/49
	105		113			/font/5001/4c
	111		119			/font/5001/45
rect	0	0	640	480	ffffff7f
