point	166	93	b0b0b0
	273	27	808080
	201	427	b0b0b0
	545	235	808080
	249	333	b0b0b0
	543	406	
	345	329	808080
	492	294	d0d0d0
	489	289	
	346	398	808080
	277	29	
	128	194	
	383	440	
	368	330	d0d0d0
	189	344	
	316	12	808080
	583	474	d0d0d0
	289	133	
	330	342	808080
	171	288	b0b0b0
	136	220	
	460	337	808080
	430	202	b0b0b0
	288	465	808080
	517	148	b0b0b0
	418	370	
	582	330	808080
	562	436	
	284	463	
	290	77	
	248	130	
	349	333	
	277	199	b0b0b0
	284	361	d0d0d0
	234	113	808080
	462	190	
	416	93	d0d0d0
	308	126	
	139	418	
	516	412	
	515	424	b0b0b0
	368	369	d0d0d0
	299	305	b0b0b0
	414	317	808080
	492	22	b0b0b0
	606	476	
	551	443	d0d0d0
	278	31	b0b0b0
	307	337	
	197	123	808080
	585	461	
	215	138	
	139	379	b0b0b0
	450	442	
	566	116	d0d0d0
	476	1	808080
	544	285	
	428	55	
	225	96	b0b0b0
	314	10	808080
	311	442	b0b0b0
	377	260	d0d0d0
	315	77	808080
	251	178	d0d0d0
	354	404	808080
	485	405	b0b0b0
	151	428	808080
	530	80	d0d0d0
	480	456	b0b0b0
	456	236	d0d0d0
	448	355	808080
	215	305	d0d0d0
	457	193	808080
	493	162	
	501	464	d0d0d0
	281	260	808080
	538	126	d0d0d0
	465	41	
	410	36	808080
	570	47	b0b0b0
	546	122	
	528	133	
	142	16	808080
	138	33	d0d0d0
	555	192	
	418	335	
	315	209	
	443	281	b0b0b0
	212	394	
	312	12	808080
	368	32	d0d0d0
	298	104	808080
	144	356	b0b0b0
	558	14	d0d0d0
	601	165	
	206	118	808080
	258	163	d0d0d0
	262	162	808080
	207	302	
	419	108	
	211	87	d0d0d0
	310	174	
	187	97	808080
	127	389	
	136	145	d0d0d0
	192	230	b0b0b0
	239	465	d0d0d0
	375	34	b0b0b0
	467	280	
	301	396	
	546	456	d0d0d0
	543	9	808080
	502	240	
	482	396	
	559	45	b0b0b0
	193	108	
	487	355	d0d0d0
	169	232	b0b0b0
	223	254	d0d0d0
	357	286	
	467	150	808080
	243	376	b0b0b0
	416	455	808080
	432	17	b0b0b0
	595	29	d0d0d0
	104	1505	301800
	133	1500	
	137	1423	
	27	1406	
	95	1516	
	46	1499	
	37	1394	
	-3	1424	
	92	1457	
	45	1473	
line	134	0	134	480	000050
	469		469		002850
	128	335	608	335	000050
	316	363	310	374	ff7f00
	354	271	355	263	ffff7f
	562	164	553	172	ff7f00
	418	435	414	423	ffff7f
	590	427	578	431	ff7f00
	355	345	355	334	ffff7f
draw	480	-75	564	9	/sprites/1028.SMIV/0
	354	224	385	254	/sprites/646.SMIV/13
	584	134	620	155	/sprites/600.SMIV/11
	315	387	333	404	/sprites/530.SMIV/20
	299	327	330	354	/sprites/509.SMIV/14
static	516	338	537	355	00000000	254	/sprites/530.SMIV/23
draw	274	376	295	391	/sprites/581.SMIV/4
	481	477	496	491	/sprites/522.SMIV/3
	349	270	367	287	/sprites/522.SMIV/4
	370	386	385	400	/sprites/522.SMIV/3
line	303	428	315	418	489048
			301	413	
	315	418			204020
draw	0	0	128	480	/pictures/501.png
	608		640		/pictures/512.png
crop	29	159	35	171	8	36	ff0000	/fonts/computer
	35		41		0			
	41		47		72			
	102		108		8		ff7f00	
	108		114		32			
	114		120		64			
line	614	381	614	359	00488f
		359	622		
	622			381	002850
		381	614		
rect	615	360	622	381	003870
line	614	456	614	382	007fff
		382	622		
	622			456	00488f
		456	614		
rect	615	383	622	456	0070e0
line	614	233	614	231	909048
		231	622		
	622			233	505028
		233	614		
rect	615	232	622	233	707038
line	614	328	614	234	ffff7f
		234	622		
	622			328	909048
		328	614		
rect	615	235	622	328	e0e070
line	614	108	614	103	904848
		103	622		
	622			108	502828
		108	614		
rect	615	104	622	108	703838
line	614	200	614	109	ff7f7f
		109	622		
	622			200	904848
		200	614		
rect	615	110	622	200	e07070
line	618	8	629	8	90488f
			618	9	
	629		629		
	618	36		36	
			618	35	
	629		629		
rect	620	10	628	35	703870
		27			c060c0
	634	49	636	52	7fff7f
		53		56	60c060
		57		60	703800
		61		64	
		65		68	183018
		69		72	
		73		76	
		77		80	
		81		84	
		85		88	
		89		92	
		93		96	
		97		100	
		101		104	
		105		108	
		109		112	
		113		116	
		117		120	
		121		124	
		125		128	
		129		132	
		133		136	
		137		140	
		141		144	
		145		148	
		149		152	
		153		156	
		157		160	
		161		164	
		165		168	
		169		172	
		173		176	
		177		180	
		181		184	
		185		188	
		189		192	
		193		196	
		197		200	
		201		204	
		205		208	
		209		212	
		213		216	
		217		220	
		221		224	
		225		228	
		229		232	
		233		236	
		237		240	
		241		244	
		245		248	
		249		252	
		253		256	
		257		260	
		261		264	
		265		268	
		269		272	
		273		276	
		277		280	
		281		284	
		285		288	
		289		292	
		293		296	
		297		300	
		301		304	
		305		308	
		309		312	
		313		316	
		317		320	
		321		324	
		325		328	
		329		332	
		333		336	
		337		340	
		341		344	
		345		348	
		349		352	
		353		356	
		357		360	
		361		364	
		365		368	
		369		372	
		373		376	
		377		380	
		381		384	
		385		388	
		389		392	
		393		396	
		397		400	
		401		404	
		405		408	
		409		412	
		413		416	
		417		420	
		421		424	
		425		428	
		429		432	
		433		436	
		437		440	
		441		444	
		445		448	
	621	52	631	56	303000
		57		61	
		62		66	
		67		71	
		72		76	
		77		81	
		82		86	
	7	7	115	115	00ff00
	8	8	114	114	001000
	54	54	68	68	003000
point	65	53	00e000
	59	65	
	68	59	
	37	96	
	60	64	
	67	66	
	53	71	
	62	66	
	65	64	
	61	61	
			
	60	65	
	37	99	
	64	68	
	66	60	
	58	69	
	42	89	
	60	65	
	70	68	
	45	110	
	61	65	
	76		
	61	63	
	79		
	40	65	
rect	12	320	121	440	001000
crop	15	320	21	332	16	48	00ff00	/fonts/computer
	21		27		40	60		
	27		33		72	48		
	33		39		96			
	39		45		32			
	45		51		0	24		
	51		57		24	60		
	57		63		64	48		
	63		69		72			
	69		75		0	60		
	75		81		24			
line	12	342	119	342	009000
crop	15	332	21	344	32	60	00ff00	/fonts/computer
	21		27		64	72		
	27		33		8			
	33		39		24	84		
	39		45		40	72		
	45		51		16	84		
	51		57		120	72		
	57		63		0	24		
	63		69		8	48		
	69		75		96	72		
	75		81		0	84		
	81		87		64	72		
	87		93		8			
	15	344	21	356	48	48	009000	
	21		27		72	72		
	27		33		56			
	33		39		64			
	39		45		32	84		
	45		51		40	72		
	51		57		16	84		
	15	356	21	368	24	48		
	21		27		16	84		
	27		33		40			
	33		39		72	72		
	39		45		24	84		
	45		51		40	72		
	51		57		16	84		
	15	368	21	380	56	48		
	21		27		40	84		
	27		33		112	72		
	33		39		24	84		
	39		45		64	72		
	45		51		72			
	51		57		0	84		
line	12	391	12	380	009000
		380	120		
	120			391	005000
		391	12		
rect	13	381	120	391	007000
crop	15	380	21	392	32	60	003000	/fonts/computer
	21		27		16	84		
	27		33		8	72		
	33		39		112			
	39		45		24	84		
	45		51		0			
	51		57		120	72		
	57		63		16	84		
	63		69		32			
	15	392	21	404	8	48	009000	
	21		27		24	84		
	27		33					
	33		39		8	72		
	39		45		40	84		
	45		51		96	72		
	51		57		32	84		
	57		63		0	24		
	63		69		32	60		
	69		75		16	84		
	75		81		8	72		
	81		87		112			
	87		93		24	84		
	93		99		0			
	99		105		120	72		
	105		111		16	84		
	111		117		32			
line	12	438	119	438	009000
rect	16	450	114	475	001010
line	17	461	17	450	00c0c0
		450	43		
	43			461	007070
		461	17		
rect	18	451	43	461	009090
crop	19	450	25	462	16	60	00ffff	/fonts/computer
	25		31		56	48		
	31		37		64			
	37		43		32	60		
	43		49		0	24		
	49		55		16	48		
	55		61		40	84		
	61		67		72	72		
	67		73		96			
	73		79		32			
line	17	473	17	462	00c0c0
		462	43		
	43			473	007070
		473	17		
rect	18	463	43	473	009090
crop	19	462	25	474	96	48	00ffff	/fonts/computer
	25		31		40			
	31		37		48			
	37		43		32	60		
	43		49		0	24		
	49		55		104	48		
	55		61		8	72		
	61		67		72			
	67		73		112			
	73		79		0	24		
	79		85		104	48		
	85		91		40	72		
	91		97		112			
	97		103		40	84		
line	12	191	12	180	ffff00
		180	120		
	120			191	909000
		191	12		
rect	13	181	120	191	c0c000
crop	15	180	21	192	24	48	000000	/fonts/computer
	21		27		120			
	27		33		112			
	33		39		32	60		
	39		45		16			
	45		51		120	48		
	51		57		96			
	15	192	21	204	64		7fff7f	
	21		27		48	60		
	27		33		32	48		
	33		39		24	60		
	39		45		32			
	45		51		16			
	51		57		72			
	57		63		16			
draw	16	207	34	223	/sprites/646.SMIV/0
line	14	204	35	204	489048
			14	205	
	35		35		
	14	225		225	
			14	224	
	35		35		
rect	42	206	49	211	003870
		211		224	0060c0
line	40	204	50	204	00488f
			40	205	
	50		50		
	40	225		225	
			40	224	
	50		50		
rect	55	206	62	207	707000
		207		224	c0c000
line	53	204	63	204	909000
			53	205	
	63		63		
	53	225		225	
			53	224	
	63		63		
crop	69	204	75	216	96	48	7fff7f	/fonts/computer
	75		81		16			
	81		87		40			
	87		93		8			
	93		99		104			
	99		105		0	24		
	105		111		8	36		
	69	216	75	228	48	48		
	75		81		40	60		
	81		87		96	48		
	87		93					
	93		99		0	60		
	99		105		96	48		
	105		111		24	60		
	111		117		40	48		
	69	192	75	204	24			
	75		81		104			
	81		87		72			
	87		93		24	60		
	93		99					
	99		105		72	48		
	105		111		96			
	111		117		40			
	12	228	18	240	32	60	ff0000	
	18		24		64	72		
	24		30		8			
	30		36		24	84		
	36		42		40	72		
	42		48		16	84		
	48		54		120	72		
	54		60		0	24		
	60		66		16	48		
	66		72		40	72		
	72		78		32	84		
	78		84		8	72		
line	12	263	12	252	007fff
		252	120		
	120			263	00488f
		263	12		
rect	13	253	120	263	0060c0
crop	15	252	21	264	32	60	000000	/fonts/computer
	21		27		8	48		
	27		33		16	60		
	33		39		56	48		
	39		45		40			
	45		51		32	60		
	15	264	21	276			7fff7f	
	21		27		64	72		
	27		33		8			
	33		39		24	84		
	39		45		40	72		
	45		51		16	84		
	51		57		120	72		
	57		63		0	24		
	63		69		16	48		
	69		75		40	72		
	75		81		32	84		
	81		87		8	72		
draw	16	278	34	296	/sprites/1028.SMIV/0
line	14	276	35	276	489048
			14	277	
	35		35		
	14	297		297	
			14	296	
	35		35		
