point	270	445	b0b0b0
	342	421	808080
	191	300	b0b0b0
	539	151	808080
	239	206	b0b0b0
	533	280	
	338	245	808080
	479	125	d0d0d0
	476	120	
	339	314	808080
	201	397	b0b0b0
	597	103	
	376	356	808080
	355	161	d0d0d0
	176	176	
	439	407	808080
	569	305	d0d0d0
	581	458	808080
	323	258	
	161	161	b0b0b0
	605	165	808080
	453	253	
	420	75	b0b0b0
	281	381	808080
	507	22	b0b0b0
	408	243	
	575	246	808080
	556	351	
	277	378	
	210	472	
	241	45	
	342	249	
	267	72	b0b0b0
	271	192	d0d0d0
	228	28	808080
	455	106	
	171	421	b0b0b0
	520	456	808080
	578	468	b0b0b0
	502	243	d0d0d0
	505	297	b0b0b0
	355	200	d0d0d0
	289	178	b0b0b0
	407	233	808080
	128	172	b0b0b0
	596	349	
	538	274	d0d0d0
	375	414	808080
	297	210	b0b0b0
	190	38	808080
	578	376	
	209	53	
	129	277	d0d0d0
	440	315	b0b0b0
	367	438	
	329	315	d0d0d0
	537	200	808080
	139	132	d0d0d0
	358	439	
	232	369	b0b0b0
	301	315	
	364	91	d0d0d0
	143	467	
	238	9	
	347	319	808080
	476	278	b0b0b0
	145	343	808080
	177	390	d0d0d0
	470	330	b0b0b0
	443	67	d0d0d0
	441	271	808080
	202	136	d0d0d0
	451	109	808080
	486	77	
	488	295	d0d0d0
	274	176	808080
	319	436	d0d0d0
	145	382	b0b0b0
	348	387	d0d0d0
	152	425	808080
	522	475	
	518	7	b0b0b0
	354	411	808080
	604	233	
	542	23	d0d0d0
	405	167	
	302	40	
	433	155	b0b0b0
	202	268	
	460	407	808080
	346	408	
	291	19	
	227	382	d0d0d0
	369	400	808080
	405	476	d0d0d0
	199	34	808080
	540	474	b0b0b0
	255	77	808080
	200	218	
	412	23	
	348	436	
	297	6	d0d0d0
	180	13	808080
	596	167	b0b0b0
	603	227	808080
	182	104	b0b0b0
	226	296	d0d0d0
	360	386	b0b0b0
	457	154	
	291	269	
	533	287	d0d0d0
	345	404	808080
	495	156	
	476	312	
	235	397	b0b0b0
	497	460	
	474	186	d0d0d0
	159	105	b0b0b0
	210	85	d0d0d0
	344	117	
	460	66	808080
	233	249	b0b0b0
	409	370	808080
	505	335	d0d0d0
	411	406	808080
	287	531	502800
	335	317	
	200	383	
	185	456	
	198	332	
	308	433	
	317	385	
	310	318	
	226	428	
	414	550	
	201	455	703800
	249	461	
	373	521	
	282	545	
	314	395	
	195	373	
	383	408	
	400	545	
	396	350	
	338	475	
	242	388	904800
	270	365	
	319	387	
	198	499	
	285	386	
	311	511	
	304	527	
	276	409	
	268	499	
	212	467	
	197	238	d06800
	255	295	
	232	226	
	259	231	
	223	260	
	259	268	
	221	229	
	248	235	
	238	288	
	257	232	
line	499	0	499	480	002850
	128	189	608	189	000050
	565	-231	553	-216	ff7f00
	530	165	538	154	
	670	-4	681	-18	
	-893	1738	-906	1745	00ff00
	144	364	161	353	ffff7f
	-842	1768	-828	1764	ff7f00
	193	288	195	279	ffff7f
	301	147	316	143	ff7f00
	189	403	193	387	ffff7f
	158	467	163	452	00ff00
	252	276	266	269	ffff7f
	343	250	351	245	
draw	338	217	404	256	/sprites/646.SMIV/16
static	105	401	132	426	f0f078	55	/sprites/530.SMIV/4
	195	222	234	257	ffffff	68	/sprites/509.SMIV/12
	512	60	539	84	00000000	188	/sprites/530.SMIV/15
draw	241	321	252	332	/sprites/566.SMIV/10
static	118	472	145	497	00000000	44	/sprites/530.SMIV/10
draw	516	42	539	73	/sprites/581.SMIV/3
	207	218	217	227	/sprites/504.SMIV/19
	145	357	160	373	/sprites/554.SMIV/6
	168	263	179	272	/sprites/508.SMIV/0
	416	105	427	113	/sprites/508.SMIV/1
	133	391	142	401	/sprites/554.SMIV/2
	303	251	330	276	/sprites/522.SMIV/4
	233	204	268	232	/sprites/541.SMIV/14
	151	335	178	363	/sprites/522.SMIV/1
line	184	317	199	318	489048
			193	305	
	199	318			204020
draw	0	0	128	480	/pictures/501.png
	608		640		/pictures/512.png
tint	29	159	37	172	ff0000	/font/5001/31
	35		43			/font/5001/30
	41		49			/font/5001/34
	102		110		ff7f00	/font/5001/31
	108		116			/font/5001/34
	114		122			/font/5001/38
line	614	381	614	359	00488f
		359	622		
	622			381	002850
		381	614		
rect	615	360	622	381	003870
line	614	456	614	382	007fff
		382	622		
	622			456	00488f
		456	614		
rect	615	383	622	456	0070e0
line	614	234	614	231	909048
		231	622		
	622			234	505028
		234	614		
rect	615	232	622	234	707038
line	614	328	614	235	ffff7f
		235	622		
	622			328	909048
		328	614		
rect	615	236	622	328	e0e070
line	614	109	614	103	904848
		103	622		
	622			109	502828
		109	614		
rect	615	104	622	109	703838
line	614	200	614	110	ff7f7f
		110	622		
	622			200	904848
		200	614		
rect	615	111	622	200	e07070
line	618	8	629	8	90488f
			618	9	
	629		629		
	618	36		36	
			618	35	
	629		629		
rect	620	10	628	35	703870
		29			c060c0
	634	49	636	52	7fff7f
		53		56	60c060
		57		60	703800
		61		64	
		65		68	183018
		69		72	
		73		76	
		77		80	
		81		84	
		85		88	
		89		92	
		93		96	
		97		100	
		101		104	
		105		108	
		109		112	
		113		116	
		117		120	
		121		124	
		125		128	
		129		132	
		133		136	
		137		140	
		141		144	
		145		148	
		149		152	
		153		156	
		157		160	
		161		164	
		165		168	
		169		172	
		173		176	
		177		180	
		181		184	
		185		188	
		189		192	
		193		196	
		197		200	
		201		204	
		205		208	
		209		212	
		213		216	
		217		220	
		221		224	
		225		228	
		229		232	
		233		236	
		237		240	
		241		244	
		245		248	
		249		252	
		253		256	
		257		260	
		261		264	
		265		268	
		269		272	
		273		276	
		277		280	
		281		284	
		285		288	
		289		292	
		293		296	
		297		300	
		301		304	
		305		308	
		309		312	
		313		316	
		317		320	
		321		324	
		325		328	
		329		332	
		333		336	
		337		340	
		341		344	
		345		348	
		349		352	
		353		356	
		357		360	
		361		364	
		365		368	
		369		372	
		373		376	
		377		380	
		381		384	
		385		388	
		389		392	
		393		396	
		397		400	
		401		404	
		405		408	
		409		412	
		413		416	
		417		420	
		421		424	
		425		428	
		429		432	
		433		436	
		437		440	
		441		444	
		445		448	
	621	52	631	56	303000
		57		61	
		62		66	
		67		71	
		72		76	
		77		81	
		82		86	
	7	7	115	115	00ff00
	8	8	114	114	001000
	57	57	65	65	003000
point	65	49	00e000
	57	61	
	68	55	
	37	92	
	61	61	
	58		
	38	109	
	67	56	
	57	65	
	39	110	
	64	60	
	37	92	
	64	58	
	57	63	
	37	92	
	59	61	
	56	64	
	64	58	
		52	
	34	92	
	40	112	
	41		
	35	92	
	41	110	
	59	61	
	40	111	
	35	91	
	62	59	
	59	62	
	57	63	
	58	61	
	40	86	
	60	60	
	58	64	
	57	65	
	58	63	
	44	103	
	58	61	
	57	64	
	61	61	
	81	59	
	38	61	
rect	12	320	121	440	001000
tint	15	320	23	333	00ff00	/font/5001/42
	21		29			/font/5001/55
	27		35			/font/5001/49
	33		41			/font/5001/4c
	39		47			/font/5001/44
	45		53			/font/5001/20
	51		59			/font/5001/53
	57		65			/font/5001/48
	63		71			/font/5001/49
	69		77			/font/5001/50
	75		83			/font/5001/53
line	12	342	119	342	009000
tint	15	332	23	345	00ff00	/font/5001/54
	21		29			/font/5001/68
	27		35			/font/5001/61
	33		41			/font/5001/73
	39		47			/font/5001/65
	45		53			/font/5001/72
	51		59			/font/5001/6f
	57		65			/font/5001/20
	63		71			/font/5001/41
	69		77			/font/5001/6c
	75		83			/font/5001/70
	81		89			/font/5001/68
	87		95			/font/5001/61
	15	344	23	357	009000	/font/5001/46
	21		29			/font/5001/69
	27		35			/font/5001/67
	33		41			/font/5001/68
	39		47			/font/5001/74
	45		53			/font/5001/65
	51		59			/font/5001/72
	15	356	23	369		/font/5001/43
	21		29			/font/5001/72
	27		35			/font/5001/75
	33		41			/font/5001/69
	39		47			/font/5001/73
	45		53			/font/5001/65
	51		59			/font/5001/72
	15	368	23	381		/font/5001/47
	21		29			/font/5001/75
	27		35			/font/5001/6e
	33		41			/font/5001/73
	39		47			/font/5001/68
	45		53			/font/5001/69
	51		59			/font/5001/70
line	12	391	12	380	009000
		380	120		
	120			391	005000
		391	12		
rect	13	381	120	391	007000
tint	15	380	23	393	003000	/font/5001/54
	21		29			/font/5001/72
	27		35			/font/5001/61
	33		41			/font/5001/6e
	39		47			/font/5001/73
	45		53			/font/5001/70
	51		59			/font/5001/6f
	57		65			/font/5001/72
	63		71			/font/5001/74
	15	392	23	405	009000	/font/5001/41
	21		29			/font/5001/73
	27		35			
	33		41			/font/5001/61
	39		47			/font/5001/75
	45		53			/font/5001/6c
	51		59			/font/5001/74
	57		65			/font/5001/20
	63		71			/font/5001/54
	69		77			/font/5001/72
	75		83			/font/5001/61
	81		89			/font/5001/6e
	87		95			/font/5001/73
	93		101			/font/5001/70
	99		107			/font/5001/6f
	105		113			/font/5001/72
	111		119			/font/5001/74
line	12	438	119	438	009000
rect	16	450	114	475	001010
line	17	461	17	450	00c0c0
		450	43		
	43			461	007070
		461	17		
rect	18	451	43	461	009090
tint	19	450	27	463	00ffff	/font/5001/52
	25		33			/font/5001/47
	31		39			/font/5001/48
	37		45			/font/5001/54
	43		51			/font/5001/20
	49		57			/font/5001/42
	55		63			/font/5001/75
	61		69			/font/5001/69
	67		75			/font/5001/6c
	73		81			/font/5001/64
line	17	473	17	462	00c0c0
		462	43		
	43			473	007070
		473	17		
rect	18	463	43	473	009090
tint	19	462	27	475	00ffff	/font/5001/4c
	25		33			/font/5001/45
	31		39			/font/5001/46
	37		45			/font/5001/54
	43		51			/font/5001/20
	49		57			/font/5001/4d
	55		63			/font/5001/61
	61		69			/font/5001/69
	67		75			/font/5001/6e
	73		81			/font/5001/20
	79		87			/font/5001/4d
	85		93			/font/5001/65
	91		99			/font/5001/6e
	97		105			/font/5001/75
rect	12	180	120	192	000000
line	12	191	12	180	ffff00
		180	119		
	119			191	909000
		191	12		
rect	13	181	119	191	c0c000
tint	15	180	23	193	000000	/font/5001/43
	21		29			/font/5001/4f
	27		35			/font/5001/4e
	33		41			/font/5001/54
	39		47			/font/5001/52
	45		53			/font/5001/4f
	51		59			/font/5001/4c
rect	12	192	120	204	000000
tint	15	192	23	205	7fff7f	/font/5001/48
	21		29			/font/5001/56
	27		35			/font/5001/44
	33		41			/font/5001/53
	39		47			/font/5001/54
	45		53			/font/5001/52
	51		59			/font/5001/59
	57		65			/font/5001/52
rect	14	204	36	226	000000
draw	16	207	34	223	/sprites/646.SMIV/0
line	14	204	35	204	489048
			14	205	
	35		35		
	14	225		225	
			14	224	
	35		35		
rect	40	204	51	226	000000
	42	206	49	211	003870
		211		224	0060c0
line	40	204	50	204	00488f
			40	205	
	50		50		
	40	225		225	
			40	224	
	50		50		
rect	53	204	64	226	000000
	55	206	62	207	707000
		207		224	c0c000
line	53	204	63	204	909000
			53	205	
	63		63		
	53	225		225	
			53	224	
	63		63		
rect	69	204	120	216	000000
tint	69	204	77	217	7fff7f	/font/5001/4c
	75		83			/font/5001/42
	81		89			/font/5001/45
	87		95			/font/5001/41
	93		101			/font/5001/4d
	99		107			/font/5001/20
	105		113			/font/5001/31
rect	69	216	120	228	000000
tint	69	216	77	229	7fff7f	/font/5001/46
	75		83			/font/5001/55
	81		89			/font/5001/4c
	87		95			
	93		101			/font/5001/50
	99		107			/font/5001/4c
	105		113			/font/5001/53
	111		119			/font/5001/45
rect	69	192	120	204	000000
tint	69	192	77	205	7fff7f	/font/5001/43
	75		83			/font/5001/4d
	81		89			/font/5001/49
	87		95			/font/5001/53
	93		101			
	99		107			/font/5001/49
	105		113			/font/5001/4c
	111		119			/font/5001/45
rect	12	228	120	240	000000
tint	12	228	20	241	ff0000	/font/5001/54
	18		26			/font/5001/68
	24		32			/font/5001/61
	30		38			/font/5001/73
	36		44			/font/5001/65
	42		50			/font/5001/72
	48		56			/font/5001/6f
	54		62			/font/5001/20
	60		68			/font/5001/42
	66		74			/font/5001/65
	72		80			/font/5001/74
	78		86			/font/5001/61
rect	12	252	120	264	000000
line	12	263	12	252	007fff
		252	119		
	119			263	00488f
		263	12		
rect	13	253	119	263	0060c0
tint	15	252	23	265	000000	/font/5001/54
	21		29			/font/5001/41
	27		35			/font/5001/52
	33		41			/font/5001/47
	39		47			/font/5001/45
	45		53			/font/5001/54
rect	12	264	120	276	000000
tint	15	264	23	277	7fff7f	/font/5001/54
	21		29			/font/5001/68
	27		35			/font/5001/61
	33		41			/font/5001/73
	39		47			/font/5001/65
	45		53			/font/5001/72
	51		59			/font/5001/6f
	57		65			/font/5001/20
	63		71			/font/5001/42
	69		77			/font/5001/65
	75		83			/font/5001/74
	81		89			/font/5001/61
rect	14	276	36	298	000000
draw	16	278	34	296	/sprites/1028.SMIV/0
line	14	276	35	276	489048
			14	277	
	35		35		
	14	297		297	
			14	296	
	35		35		
rect	40	276	51	298	000000
	53		64		
	69		120	288	
		288		300	
	12	300		312	
