point	257	402	d0d0d0
	240	43	808080
	185	461	
	142	448	
	524	359	b0b0b0
	337	387	
	528	346	808080
	315	52	
	254	401	
	529	416	
	506	47	
	136	287	b0b0b0
	529	444	
	195	378	808080
	556	380	d0d0d0
	553	29	808080
	228	95	
	371	370	b0b0b0
	513	359	808080
	446	314	b0b0b0
	284	106	808080
	196	236	d0d0d0
	457	150	808080
	509	3	
	444	118	
	448	12	b0b0b0
	364	420	
	266	204	808080
	210	-1	d0d0d0
	497	186	
	420	219	b0b0b0
	532	350	808080
	444	147	
	171	392	d0d0d0
	174	363	b0b0b0
	165	357	808080
	519	94	b0b0b0
	352	77	808080
	509	471	
	266	224	
	479	32	
	194	35	
	574	331	b0b0b0
	597	334	808080
	413	325	b0b0b0
	401	346	
	438	298	d0d0d0
	313	36	808080
	582	363	b0b0b0
	600	102	
	288	305	808080
	398	155	
	537	1	d0d0d0
	579	-1	b0b0b0
	477	111	
	488	20	808080
	365	418	d0d0d0
	519	336	
	215	124	808080
	484	29	
	551	463	d0d0d0
	509	294	
	209	131	
	386	360	b0b0b0
	537	421	808080
	231	448	
	334	445	
	461	114	d0d0d0
	275	152	b0b0b0
	261	365	808080
	161	367	b0b0b0
	582	340	d0d0d0
	175	350	b0b0b0
	195	408	808080
	258	133	
	464	277	
	449	121	b0b0b0
	457	38	808080
	398	111	d0d0d0
	414	46	808080
	149	389	
	362	177	b0b0b0
	243	49	
	313	357	808080
	194	356	
	315	44	
	144	465	
	274	348	d0d0d0
	487	420	b0b0b0
	281	29	808080
	512	57	d0d0d0
	371	252	b0b0b0
	326	80	
	551	32	
	409	101	808080
	546	57	d0d0d0
	140	407	b0b0b0
	445	179	808080
	390	319	
	533	189	b0b0b0
	438	87	
	214	473	808080
	482	117	
	256	42	
	313	161	
	467	256	b0b0b0
	234	12	808080
	373	59	b0b0b0
	268	21	d0d0d0
	576	422	b0b0b0
	305	438	
	176	90	808080
	243	356	b0b0b0
	242	246	d0d0d0
	524	70	b0b0b0
	442	134	
	374	263	d0d0d0
	443	258	b0b0b0
	596	216	
	216	68	
	190	358	
	518	402	
	428	463	d0d0d0
	336	305	b0b0b0
	193	116	
	229	1751	502800
	164	1785	
	259	1794	
	272	1735	
	261	1776	
	179	1737	
	203	1720	
	185	1703	
	275	1724	
	222	1768	
	294	1811	
	291	1697	
	307	1780	
	181	1770	
	278	1804	
	189	1751	
	249	1684	
	245	1776	
	189	1739	
	207	1755	
	342	1831	904800
	281	1815	
	298	1779	
	344	1800	
	300	1818	
	298	1766	
	250	1790	
	270	1778	
	302	1784	
	340	1752	
	327		a05000
	273		
	325	1792	
	252	1758	
	263	1751	
	331		
	298	1819	
	250	1767	
	277	1791	
	319	1797	
	529	515	b05800
	552	530	
	513	469	
	521	478	
	519	490	
	528	542	
	513	495	
	556	506	
	571	516	
	551	496	
rect	152	0	153	481	000050
	408		409		
	128	64	609	65	002850
		320		321	000050
line	409	286	404	280	ffff7f
	606	546	610	555	ff7f00
	378	957	369	960	
	408	445	416	440	
	674	-26	683	-29	
	377	249	374	245	ffff7f
draw	351	228	383	250	/sprites/646.SMIV/9
	523	364	539	376	/sprites/530.SMIV/16
static	516	468	540	489	ffffff	15	/sprites/509.SMIV/9
	396	304	412	317	f0f078	101	/sprites/530.SMIV/12
draw	385	255	397	266	/sprites/522.SMIV/3
	473	448	491	461	/sprites/541.SMIV/17
	415	306	419	311	/sprites/554.SMIV/1
dither	200	50	262	67	003030
crop	204	54	211	65	8	33	000000	/fonts/tactical
	211		218		80			
	218		225		16			
	225		232		0	22		
	232		239		80	55		
	239		246		120	66		
	246		253					
	253		260		104			
	203	53	210	64	8	33	00ffff	
	210		217		80			
	217		224		16			
	224		231		0	22		
	231		238		80	55		
	238		245		120	66		
	245		252					
	252		259		104			
line	493	394	491	379	489048
			479	389	
	491	379			204020
draw	0	0	128	480	/pictures/501.png
	608		640		/pictures/512.png
crop	29	159	35	171	0	36	ff0000	/fonts/computer
	35		41		72			
	41		47					
	102		108		8		ff7f00	
	108		114		32			
	114		120		64			
rect	614	359	615	404	00488f
			623	360	
	622			404	002850
	614	403			
	615	360	622	403	003870
	614	404	615	457	007fff
			623	405	
	622			457	00488f
	614	456			
	615	405	622	456	0070e0
	614	231	615	232	909048
			623		
	622				505028
	614				
		232	615	329	ffff7f
			623	233	
	622			329	909048
	614	328			
	615	233	622	328	e0e070
	614	103	615	111	904848
			623	104	
	622			111	502828
	614	110			
	615	104	622	110	703838
	614	111	615	201	ff7f7f
			623	112	
	622			201	904848
	614	200			
	615	112	622	200	e07070
	618	8	630	9	90488f
			619	10	
	629		630		
	618	36		37	
		35	619		
	629		630		
	620	10	628	35	703870
		35			c060c0
	634	49	636	52	7fff7f
		53		56	60c060
		57		60	
		61		64	703800
		65		68	183018
		69		72	
		73		76	
		77		80	
		81		84	
		85		88	
		89		92	
		93		96	
		97		100	
		101		104	
		105		108	
		109		112	
		113		116	
		117		120	
		121		124	
		125		128	
		129		132	
		133		136	
		137		140	
		141		144	
		145		148	
		149		152	
		153		156	
		157		160	
		161		164	
		165		168	
		169		172	
		173		176	
		177		180	
		181		184	
		185		188	
		189		192	
		193		196	
		197		200	
		201		204	
		205		208	
		209		212	
		213		216	
		217		220	
		221		224	
		225		228	
		229		232	
		233		236	
		237		240	
		241		244	
		245		248	
		249		252	
		253		256	
		257		260	
		261		264	
		265		268	
		269		272	
		273		276	
		277		280	
		281		284	
		285		288	
		289		292	
		293		296	
		297		300	
		301		304	
		305		308	
		309		312	
		313		316	
		317		320	
		321		324	
		325		328	
		329		332	
		333		336	
		337		340	
		341		344	
		345		348	
		349		352	
		353		356	
		357		360	
		361		364	
		365		368	
		369		372	
		373		376	
		377		380	
		381		384	
		385		388	
		389		392	
		393		396	
		397		400	
		401		404	
		405		408	
		409		412	
		413		416	
		417		420	
		421		424	
		425		428	
		429		432	
		433		436	
		437		440	
		441		444	
		445		448	
	621	52	631	56	303000
		57		61	
		62		66	
		67		71	
		72		76	
		77		81	
		82		86	
	7	7	115	115	00ff00
	8	8	114	114	001000
	52	52	70	70	003000
point	74	54	00e000
	66	72	
	49	95	
	62	69	
	67	70	
	40	101	
	61	89	
	62	63	
	40	105	
	71	75	
	70	73	
	65	69	
	67	66	
	73	51	
	56	89	
	61	61	
			
	62	62	
	63	63	
	46	96	
	74	51	
	58	113	
	44	60	
rect	12	320	121	440	001000
		342	120	343	009000
		380	13	392	
			121	381	
	120			392	005000
	12	391			
	13	381	120	391	007000
	12	438		439	009000
	16	450	114	475	001010
	17		18	462	00c0c0
			44	451	
	43			462	007070
	17	461			
	18	451	43	461	009090
	17	462	18	474	00c0c0
			44	463	
	43			474	007070
	17	473			
	18	463	43	473	009090
crop	15	320	21	332	16	48	00ff00	/fonts/computer
	21		27		40	60		
	27		33		72	48		
	33		39		96			
	39		45		32			
	45		51		0	24		
	51		57		24	60		
	57		63		64	48		
	63		69		72			
	69		75		0	60		
	75		81		24			
	15	332	21	344	32			
	21		27		64	72		
	27		33		8			
	33		39		24	84		
	39		45		40	72		
	45		51		16	84		
	51		57		120	72		
	57		63		0	24		
	63		69		8	48		
	69		75		96	72		
	75		81		0	84		
	81		87		64	72		
	87		93		8			
	15	344	21	356	48	48		
	21		27		72	72		
	27		33		56			
	33		39		64			
	39		45		32	84		
	45		51		40	72		
	51		57		16	84		
	15	356	21	368	24	48	009000	
	21		27		16	84		
	27		33		40			
	33		39		72	72		
	39		45		24	84		
	45		51		40	72		
	51		57		16	84		
	15	368	21	380	56	48		
	21		27		40	84		
	27		33		112	72		
	33		39		24	84		
	39		45		64	72		
	45		51		72			
	51		57		0	84		
	15	380	21	392	32	60	003000	
	21		27		16	84		
	27		33		8	72		
	33		39		112			
	39		45		24	84		
	45		51		0			
	51		57		120	72		
	57		63		16	84		
	63		69		32			
	15	392	21	404	8	48	009000	
	21		27		24	84		
	27		33					
	33		39		8	72		
	39		45		40	84		
	45		51		96	72		
	51		57		32	84		
	57		63		0	24		
	63		69		32	60		
	69		75		16	84		
	75		81		8	72		
	81		87		112			
	87		93		24	84		
	93		99		0			
	99		105		120	72		
	105		111		16	84		
	111		117		32			
	19	450	25	462	16	60	00ffff	
	25		31		56	48		
	31		37		64			
	37		43		32	60		
	43		49		0	24		
	49		55		16	48		
	55		61		40	84		
	61		67		72	72		
	67		73		96			
	73		79		32			
	19	462	25	474	96	48		
	25		31		40			
	31		37		48			
	37		43		32	60		
	43		49		0	24		
	49		55		104	48		
	55		61		8	72		
	61		67		72			
	67		73		112			
	73		79		0	24		
	79		85		104	48		
	85		91		40	72		
	91		97		112			
	97		103		40	84		
rect	12	180	13	192	ffff00
			121	181	
	120			192	909000
	12	191			
	13	181	120	191	c0c000
crop	15	180	21	192	24	48	000000	/fonts/computer
	21		27		120			
	27		33		112			
	33		39		32	60		
	39		45		16			
	45		51		120	48		
	51		57		96			
	15	192	21	204	64		7fff7f	
	21		27		48	60		
	27		33		32	48		
	33		39		24	60		
	39		45		32			
	45		51		16			
	51		57		72			
	57		63		16			
draw	16	207	34	223	/sprites/646.SMIV/0
rect	14	204	36	205	489048
			15	206	
	35		36		
	14	225		226	
		224	15		
	35		36		
	42	206	49	215	003870
		215		224	0060c0
	40	204	51	205	00488f
			41	206	
	50		51		
	40	225		226	
		224	41		
	50		51		
	55	206	62	207	707000
		207		224	c0c000
	53	204	64	205	909000
			54	206	
	63		64		
	53	225		226	
		224	54		
	63		64		
crop	69	204	75	216	96	48	7fff7f	/fonts/computer
	75		81		16			
	81		87		40			
	87		93		8			
	93		99		104			
	99		105		0	24		
	105		111		8	36		
	69	216	75	228	48	48		
	75		81		40	60		
	81		87		96	48		
	87		93					
	93		99		0	60		
	99		105		96	48		
	105		111		24	60		
	111		117		40	48		
	69	192	75	204	24			
	75		81		104			
	81		87		72			
	87		93		24	60		
	93		99					
	99		105		72	48		
	105		111		96			
	111		117		40			
	12	228	18	240	32	60	ff0000	
	18		24		64	72		
	24		30		8			
	30		36		24	84		
	36		42		40	72		
	42		48		16	84		
	48		54		120	72		
	54		60		0	24		
	60		66		16	48		
	66		72		40	72		
	72		78		32	84		
	78		84		8	72		
rect	12	252	13	264	007fff
			121	253	
	120			264	00488f
	12	263			
	13	253	120	263	0060c0
crop	15	252	21	264	32	60	000000	/fonts/computer
	21		27		8	48		
	27		33		16	60		
	33		39		56	48		
	39		45		40			
	45		51		32	60		
	15	264	21	276			7fff7f	
	21		27		64	72		
	27		33		8			
	33		39		24	84		
	39		45		40	72		
	45		51		16	84		
	51		57		120	72		
	57		63		0	24		
	63		69		16	48		
	69		75		40	72		
	75		81		32	84		
	81		87		8	72		
draw	16	278	34	296	/sprites/1028.SMIV/0
rect	14	276	36	277	489048
			15	278	
	35		36		
	14	297		298	
		296	15		
	35		36		
