point	503	2	808080
	409	65	
	394	329	d0d0d0
	379	50	808080
	485	260	
	459	282	
	355	306	d0d0d0
	392	148	
	154	423	808080
	429	438	
	339	94	
	548	142	
	235	320	b0b0b0
	542	306	d0d0d0
	515	240	
	576	196	b0b0b0
	338	107	
	139	30	808080
	413	381	
	260	346	b0b0b0
	507	191	
	204	162	808080
	451	171	
	210	48	d0d0d0
	583	285	808080
	577	360	d0d0d0
	188	300	808080
	347	340	b0b0b0
	285	339	808080
	596	251	
	268	90	b0b0b0
	432	372	808080
	389	449	b0b0b0
	491	429	d0d0d0
	193	331	808080
	192	217	
	164	83	
	512	290	b0b0b0
	305	13	808080
	592	280	
	597	124	
	258	114	d0d0d0
	484	396	808080
	418	371	b0b0b0
	601	262	808080
	272	377	b0b0b0
	197	170	808080
	398	59	
	368	29	
	477	177	d0d0d0
	482	328	808080
	327	269	b0b0b0
	406	32	
	297	22	808080
	394	139	b0b0b0
	525	82	d0d0d0
	473	343	b0b0b0
	459	376	d0d0d0
	319	222	b0b0b0
	348	261	d0d0d0
	502	183	b0b0b0
	595	61	
	418	168	d0d0d0
	149	22	808080
	437	443	
	131	470	
	235	467	
	604	78	
	600	182	
	161	387	
	520	266	
	191	61	b0b0b0
	515	203	
	575	190	808080
	195	268	
	203	298	
	581	16	
	450	200	
	228	75	
	380	212	
	358	384	b0b0b0
	184	277	d0d0d0
	594	344	b0b0b0
	214	379	808080
	542	88	d0d0d0
	521	301	808080
	133	32	b0b0b0
	168	385	d0d0d0
	131	421	b0b0b0
	496	50	808080
	499	97	d0d0d0
	308	192	808080
	240	34	
	500	64	b0b0b0
	515	375	808080
	242	369	
	189	79	d0d0d0
	201	204	808080
	395	168	
	262	95	
	563	412	
	287	30	d0d0d0
	219	213	808080
	466	63	b0b0b0
	472	95	808080
	480	384	d0d0d0
	254	411	b0b0b0
	588	79	808080
	549	418	b0b0b0
	584	332	d0d0d0
	353	313	808080
	181	222	d0d0d0
	571	438	
	424	145	808080
	450	357	d0d0d0
	299	220	
	358	153	808080
	518	287	b0b0b0
	197	38	808080
	325	67	
	324	390	b0b0b0
	261	101	d0d0d0
	426	254	808080
	249	420	b0b0b0
	284	196	d0d0d0
	292	1388	a05000
	279	1367	
	251	1386	
	272	1390	
	263	1352	
	207	1378	
	252		
	209	1355	
	276	1334	
	269	1390	
	209	1356	ff7f00
	208	1353	
		1355	
	206	1356	
	207	1355	
	206	1354	
	209		
	206	1357	
	209	1354	
	207	1356	
	347	543	
	348	544	
	350	543	
	349	546	
	348	544	
		546	
	349	543	
	347	542	
	350	545	
	347	543	
	405	645	
		644	
	408	642	
	405	643	
		644	
	408	643	
	407	644	
	406		
	405	645	
	406		
line	207	0	207	480	000050
	463		463		002850
	128	114	608	114	
		370		370	000050
	302	277	299	285	ff7f00
	242	238	249	231	
	257	391	253	399	
	375	591	378	596	ffff7f
		145	375	137	ff7f00
	-265	1774	-269	1782	00ff00
	385	632	387	635	ffff7f
	515	935	521	932	ff7fff
draw	471	57	535	121	/sprites/1028.SMIV/0
	352	231	384	248	/sprites/646.SMIV/6
static	243	392	259	405	00000000	176	/sprites/530.SMIV/2
	456	217	470	230		254	/sprites/530.SMIV/21
draw	388	210	404	224	/sprites/501.SMIV/8
	358	93	362	99	/sprites/566.SMIV/11
	481	448	489	456	/sprites/538.SMIV/1
line	566	264	554	255	489048
			552	270	
	554	255			204020
draw	0	0	128	480	/pictures/501.png
	608		640		/pictures/512.png
tint	29	159	37	172	ff0000	/font/5001/30
	35		43			/font/5001/38
	41		49			/font/5001/31
	102		110		ff7f00	
	108		116			/font/5001/34
	114		122			/font/5001/38
line	614	422	614	359	00488f
		359	622		
	622			422	002850
		422	614		
rect	615	360	622	422	003870
line	614	456	614	423	007fff
		423	622		
	622			456	00488f
		456	614		
rect	615	424	622	456	0070e0
line	614	235	614	231	909048
		231	622		
	622			235	505028
		235	614		
rect	615	232	622	235	707038
line	614	328	614	236	ffff7f
		236	622		
	622			328	909048
		328	614		
rect	615	237	622	328	e0e070
line	614	116	614	103	904848
		103	622		
	622			116	502828
		116	614		
rect	615	104	622	116	703838
line	614	200	614	117	ff7f7f
		117	622		
	622			200	904848
		200	614		
rect	615	118	622	200	e07070
line	618	8	629	8	90488f
			618	9	
	629		629		
	618	36		36	
			618	35	
	629		629		
rect	620	10	628	35	703870
		35			c060c0
	634	49	636	52	7fff7f
		53		56	60c060
		57		60	703800
		61		64	
		65		68	
		69		72	183018
		73		76	
		77		80	
		81		84	
		85		88	
		89		92	
		93		96	
		97		100	
		101		104	
		105		108	
		109		112	
		113		116	
		117		120	
		121		124	
		125		128	
		129		132	
		133		136	
		137		140	
		141		144	
		145		148	
		149		152	
		153		156	
		157		160	
		161		164	
		165		168	
		169		172	
		173		176	
		177		180	
		181		184	
		185		188	
		189		192	
		193		196	
		197		200	
		201		204	
		205		208	
		209		212	
		213		216	
		217		220	
		221		224	
		225		228	
		229		232	
		233		236	
		237		240	
		241		244	
		245		248	
		249		252	
		253		256	
		257		260	
		261		264	
		265		268	
		269		272	
		273		276	
		277		280	
		281		284	
		285		288	
		289		292	
		293		296	
		297		300	
		301		304	
		305		308	
		309		312	
		313		316	
		317		320	
		321		324	
		325		328	
		329		332	
		333		336	
		337		340	
		341		344	
		345		348	
		349		352	
		353		356	
		357		360	
		361		364	
		365		368	
		369		372	
		373		376	
		377		380	
		381		384	
		385		388	
		389		392	
		393		396	
		397		400	
		401		404	
		405		408	
		409		412	
		413		416	
		417		420	
		421		424	
		425		428	
		429		432	
		433		436	
		437		440	
		441		444	
		445		448	
	621	52	631	56	303000
		57		61	
		62		66	
		67		71	
		72		76	
		77		81	
		82		86	
	7	7	115	115	00ff00
	8	8	114	114	001000
	52	52	70	70	003000
point	66	55	00e000
	59	88	
	67		
	55	105	
	64	61	
	62	76	
		61	
	59	62	
	61	56	
	57	61	
		67	
	62	85	
	65	69	
	61	73	
		76	
	55	105	
	57	67	
	67	88	
	54	105	
	55		
	61	74	
		75	
		57	
		94	
	50	91	
	55	105	
	39	89	
	57	105	
	48	103	
	61	72	
		75	
		73	
	62	77	
rect	12	320	121	440	001000
tint	15	320	23	333	00ff00	/font/5001/42
	21		29			/font/5001/55
	27		35			/font/5001/49
	33		41			/font/5001/4c
	39		47			/font/5001/44
	45		53			/font/5001/20
	51		59			/font/5001/53
	57		65			/font/5001/48
	63		71			/font/5001/49
	69		77			/font/5001/50
	75		83			/font/5001/53
line	12	342	119	342	009000
tint	15	332	23	345	00ff00	/font/5001/54
	21		29			/font/5001/68
	27		35			/font/5001/61
	33		41			/font/5001/73
	39		47			/font/5001/65
	45		53			/font/5001/72
	51		59			/font/5001/6f
	57		65			/font/5001/20
	63		71			/font/5001/41
	69		77			/font/5001/6c
	75		83			/font/5001/70
	81		89			/font/5001/68
	87		95			/font/5001/61
	15	344	23	357	009000	/font/5001/46
	21		29			/font/5001/69
	27		35			/font/5001/67
	33		41			/font/5001/68
	39		47			/font/5001/74
	45		53			/font/5001/65
	51		59			/font/5001/72
line	12	367	12	356	009000
		356	120		
	120			367	005000
		367	12		
rect	13	357	120	367	007000
tint	15	356	23	369	003000	/font/5001/43
	21		29			/font/5001/72
	27		35			/font/5001/75
	33		41			/font/5001/69
	39		47			/font/5001/73
	45		53			/font/5001/65
	51		59			/font/5001/72
	15	368	23	381	009000	/font/5001/47
	21		29			/font/5001/75
	27		35			/font/5001/6e
	33		41			/font/5001/73
	39		47			/font/5001/68
	45		53			/font/5001/69
	51		59			/font/5001/70
	15	380	23	393		/font/5001/54
	21		29			/font/5001/72
	27		35			/font/5001/61
	33		41			/font/5001/6e
	39		47			/font/5001/73
	45		53			/font/5001/70
	51		59			/font/5001/6f
	57		65			/font/5001/72
	63		71			/font/5001/74
	15	392	23	405		/font/5001/41
	21		29			/font/5001/73
	27		35			
	33		41			/font/5001/61
	39		47			/font/5001/75
	45		53			/font/5001/6c
	51		59			/font/5001/74
	57		65			/font/5001/20
	63		71			/font/5001/54
	69		77			/font/5001/72
	75		83			/font/5001/61
	81		89			/font/5001/6e
	87		95			/font/5001/73
	93		101			/font/5001/70
	99		107			/font/5001/6f
	105		113			/font/5001/72
	111		119			/font/5001/74
line	12	438	119	438	009000
rect	16	450	114	475	001010
line	17	461	17	450	00c0c0
		450	43		
	43			461	007070
		461	17		
rect	18	451	43	461	009090
tint	19	450	27	463	00ffff	/font/5001/52
	25		33			/font/5001/47
	31		39			/font/5001/48
	37		45			/font/5001/54
	43		51			/font/5001/20
	49		57			/font/5001/42
	55		63			/font/5001/75
	61		69			/font/5001/69
	67		75			/font/5001/6c
	73		81			/font/5001/64
line	17	473	17	462	00c0c0
		462	43		
	43			473	007070
		473	17		
rect	18	463	43	473	009090
tint	19	462	27	475	00ffff	/font/5001/4c
	25		33			/font/5001/45
	31		39			/font/5001/46
	37		45			/font/5001/54
	43		51			/font/5001/20
	49		57			/font/5001/4d
	55		63			/font/5001/61
	61		69			/font/5001/69
	67		75			/font/5001/6e
	73		81			/font/5001/20
	79		87			/font/5001/4d
	85		93			/font/5001/65
	91		99			/font/5001/6e
	97		105			/font/5001/75
line	12	191	12	180	ffff00
		180	120		
	120			191	909000
		191	12		
rect	13	181	120	191	c0c000
tint	15	180	23	193	000000	/font/5001/43
	21		29			/font/5001/4f
	27		35			/font/5001/4e
	33		41			/font/5001/54
	39		47			/font/5001/52
	45		53			/font/5001/4f
	51		59			/font/5001/4c
	15	192	23	205	7fff7f	/font/5001/48
	21		29			/font/5001/56
	27		35			/font/5001/44
	33		41			/font/5001/53
	39		47			/font/5001/54
	45		53			/font/5001/52
	51		59			/font/5001/59
	57		65			/font/5001/52
draw	16	207	34	223	/sprites/646.SMIV/0
line	14	204	35	204	489048
			14	205	
	35		35		
	14	225		225	
			14	224	
	35		35		
rect	42	206	49	218	003870
		218		224	0060c0
line	40	204	50	204	00488f
			40	205	
	50		50		
	40	225		225	
			40	224	
	50		50		
rect	55	206	62	207	707000
		207		224	c0c000
line	53	204	63	204	909000
			53	205	
	63		63		
	53	225		225	
			53	224	
	63		63		
tint	69	204	77	217	7fff7f	/font/5001/4c
	75		83			/font/5001/42
	81		89			/font/5001/45
	87		95			/font/5001/41
	93		101			/font/5001/4d
	99		107			/font/5001/20
	105		113			/font/5001/31
	69	216	77	229		/font/5001/46
	75		83			/font/5001/55
	81		89			/font/5001/4c
	87		95			
	93		101			/font/5001/50
	99		107			/font/5001/4c
	105		113			/font/5001/53
	111		119			/font/5001/45
	69	192	77	205		/font/5001/43
	75		83			/font/5001/4d
	81		89			/font/5001/49
	87		95			/font/5001/53
	93		101			
	99		107			/font/5001/49
	105		113			/font/5001/4c
	111		119			/font/5001/45
	12	228	20	241	ff0000	/font/5001/54
	18		26			/font/5001/68
	24		32			/font/5001/61
	30		38			/font/5001/73
	36		44			/font/5001/65
	42		50			/font/5001/72
	48		56			/font/5001/6f
	54		62			/font/5001/20
	60		68			/font/5001/42
	66		74			/font/5001/65
	72		80			/font/5001/74
	78		86			/font/5001/61
line	12	263	12	252	007fff
		252	120		
	120			263	00488f
		263	12		
rect	13	253	120	263	0060c0
tint	15	252	23	265	000000	/font/5001/54
	21		29			/font/5001/41
	27		35			/font/5001/52
	33		41			/font/5001/47
	39		47			/font/5001/45
	45		53			/font/5001/54
	15	264	23	277	7fff7f	
	21		29			/font/5001/68
	27		35			/font/5001/61
	33		41			/font/5001/73
	39		47			/font/5001/65
	45		53			/font/5001/72
	51		59			/font/5001/6f
	57		65			/font/5001/20
	63		71			/font/5001/42
	69		77			/font/5001/65
	75		83			/font/5001/74
	81		89			/font/5001/61
draw	16	278	34	296	/sprites/1028.SMIV/0
line	14	276	35	276	489048
			14	277	
	35		35		
	14	297		297	
			14	296	
	35		35		
