point	352	106	808080
	303	186	
	337	70	b0b0b0
	273	172	808080
	379	381	
	353	403	
	528	35	
	180	391	d0d0d0
	527	338	808080
	152	158	d0d0d0
	233	215	808080
	442	263	
	569	140	
	501	53	b0b0b0
	513	2	808080
	479	167	
	179	289	b0b0b0
	344	116	808080
	483	33	b0b0b0
	138	129	808080
	348	373	b0b0b0
	546	447	d0d0d0
	345	292	808080
	510	255	b0b0b0
	345	472	d0d0d0
	426	454	b0b0b0
	367	13	808080
	604	154	
	179	460	
	552	6	
	584	131	d0d0d0
	232	13	808080
	187	37	d0d0d0
	327	96	808080
	525	215	d0d0d0
	243	100	
	564	409	808080
	353	472	b0b0b0
	241	268	d0d0d0
	164	49	808080
	374	466	d0d0d0
	408	0	808080
	483	74	d0d0d0
	246	73	b0b0b0
	546	410	
	592		d0d0d0
	532	440	
	292	180	808080
	262	150	
	265	420	d0d0d0
	376	449	808080
	168	450	b0b0b0
	247	214	
	191	143	808080
	235	321	b0b0b0
	313	325	d0d0d0
	527	45	b0b0b0
	468	105	
	160	404	
	131	250	808080
	343	364	b0b0b0
	435	270	
	206	412	d0d0d0
	438	404	
	514	2	
	453	351	b0b0b0
	398	161	
	307	167	
	185	36	808080
	281	97	b0b0b0
	414	387	808080
	543	305	
	356	385	b0b0b0
	469	312	808080
	528	416	d0d0d0
	574	442	808080
	474	189	
	344	321	
	573	34	
	274	333	
	267	86	b0b0b0
	478	13	808080
	591	173	
	574	72	b0b0b0
	330	332	d0d0d0
	415	422	808080
	451	318	b0b0b0
	435	446	d0d0d0
	501	287	808080
	390	171	
	287	340	d0d0d0
	202	313	808080
	134	155	
	341	246	b0b0b0
	563	24	
	232	19	d0d0d0
	178	136	808080
	371	274	d0d0d0
	289	289	808080
	156	216	
	212	105	d0d0d0
	248	135	808080
	578	361	d0d0d0
	307	245	b0b0b0
	366	216	808080
	513	111	b0b0b0
	161	130	d0d0d0
	419	475	b0b0b0
	287	160	d0d0d0
	209	78	
	247	434	808080
	348	10	
	421	356	b0b0b0
	318	266	808080
	266	90	b0b0b0
	585	204	808080
	252	274	
	359	469	b0b0b0
	550	39	d0d0d0
	219	188	808080
	357	91	b0b0b0
	522		808080
	320	375	
	580	445	
	434	195	d0d0d0
	-67	895	100800
	-139	917	
	-46	861	
	-47	920	
	-171	902	
		865	
	-66	777	
	-88	758	
	-46	935	
	-61	900	
	-158	876	a05000
	-110	874	
	-144	840	
	-166	851	
	-156	898	
	-147	819	
	-115	854	
	-130	869	
	-161	821	
	-143	870	
	-180	825	402000
	-122	833	
	-107	885	
	-34	850	
	-178	840	
	-27	774	
	-166	895	
	-156	852	
	-89	856	
	-75	927	
	-41		502800
	-72	869	
	-164	878	
	-167	813	
	-132	907	
	-124	920	
	-183	910	
	-142	827	
	-181	852	
	-49	834	
	-97	891	b05800
	-61	855	
	-119	870	
	-128	894	
	-123	847	
	-72	861	
	-79	843	
	-70	873	
		918	
	-112	854	
rect	251	0	252	481	002850
	507		508		000050
	128	102	609	103	
		358		359	002850
line	-1402	1384	-1394	1390	ff7f00
	333	202	329	211	
	-1291	1462	-1284	1470	
	262	395	256	404	
	-113	880	-119	877	ff7fff
	330	58	327	67	ff7f00
	-1511	1304	-1504	1311	
draw	259	301	323	365	/sprites/1028.SMIV/0
	353	229	387	249	/sprites/646.SMIV/16
	255	398	261	404	/sprites/566.SMIV/2
	318	435	321	439	/sprites/513.SMIV/2
	344	411	348	413	/sprites/513.SMIV/11
dither	292	313	424	330	001830
crop	296	317	303	328	32	55	000000	/fonts/tactical.png
	303		310		64	66		
	310		317		8			
	317		324		24	77		
	324		331		40	66		
	331		338		16	77		
	338		345		120	66		
	345		352		0	22		
	352		359		16	44		
	359		366		40	66		
	366		373		32	77		
	373		380		8	66		
	380		387		0	22		
	387		394		96	33		
	394		401		0	22		
	401		408		24	33		
	408		415		0	22		
	415		422		112	33		
	295	316	302	327	32	55	007fff	
	302		309		64	66		
	309		316		8			
	316		323		24	77		
	323		330		40	66		
	330		337		16	77		
	337		344		120	66		
	344		351		0	22		
	351		358		16	44		
	358		365		40	66		
	365		372		32	77		
	372		379		8	66		
	379		386		0	22		
	386		393		96	33		
	393		400		0	22		
	400		407		24	33		
	407		414		0	22		
	414		421		112	33		
line	185	318	200	319	489048
			194	306	
	200	319			204020
draw	0	-144	128	624	/interfaces/instruments/left.png
	608		640		/interfaces/instruments/right.png
crop	29	159	35	171	0	36	ff0000	/fonts/computer.png
	35		41		48			
	41		47		72			
	102		108		8		ff7f00	
	108		114		32			
	114		120		64			
rect	614	359	615	430	00488f
			623	360	
	622			430	002850
	614	429			
	615	360	622	429	003870
	614	430	615	457	007fff
			623	431	
	622			457	00488f
	614	456			
	615	431	622	456	0070e0
	614	231	615	237	909048
			623	232	
	622			237	505028
	614	236			
	615	232	622	236	707038
	614	237	615	329	ffff7f
			623	238	
	622			329	909048
	614	328			
	615	238	622	328	e0e070
	614	103	615	122	904848
			623	104	
	622			122	502828
	614	121			
	615	104	622	121	703838
	614	122	615	201	ff7f7f
			623	123	
	622			201	904848
	614	200			
	615	123	622	200	e07070
	618	8	630	9	90488f
			619	10	
	629		630		
	618	36		37	
		35	619		
	629		630		
	620	10	628	35	703870
		35			c060c0
	634	49	636	52	007fff
		53		56	0060c0
		57		60	
		61		64	
		65		68	
		69		72	183018
		73		76	
		77		80	
		81		84	
		85		88	
		89		92	
		93		96	
		97		100	
		101		104	
		105		108	
		109		112	
		113		116	
		117		120	
		121		124	
		125		128	
		129		132	
		133		136	
		137		140	
		141		144	
		145		148	
		149		152	
		153		156	
		157		160	
		161		164	
		165		168	
		169		172	
		173		176	
		177		180	
		181		184	
		185		188	
		189		192	
		193		196	
		197		200	
		201		204	
		205		208	
		209		212	
		213		216	
		217		220	
		221		224	
		225		228	
		229		232	
		233		236	
		237		240	
		241		244	
		245		248	
		249		252	
		253		256	
		257		260	
		261		264	
		265		268	
		269		272	
		273		276	
		277		280	
		281		284	
		285		288	
		289		292	
		293		296	
		297		300	
		301		304	
		305		308	
		309		312	
		313		316	
		317		320	
		321		324	
		325		328	
		329		332	
		333		336	
		337		340	
		341		344	
		345		348	
		349		352	
		353		356	
		357		360	
		361		364	
		365		368	
		369		372	
		373		376	
		377		380	
		381		384	
		385		388	
		389		392	
		393		396	
		397		400	
		401		404	
		405		408	
		409		412	
		413		416	
		417		420	
		421		424	
		425		428	
		429		432	
		433		436	
		437		440	
		441		444	
		445		448	
	621	52	631	56	303000
		57		61	
		62		66	
		67		71	
		72		76	
		77		81	
		82		86	
	7	7	115	115	00ff00
	8	8	114	114	001000
	53	53	71	71	003000
point	58	64	00e000
	32	113	
	39	85	
	42		
	60	60	
	46	61	
	57	67	
			
	42	86	
			
	60	71	
	44	87	
	60	55	
	41	86	
	69	79	
	47	81	
	60	68	
	59	78	
	61	67	
	36	106	
rect	12	320	121	440	001000
		342	120	343	009000
		356	13	368	
			121	357	
	120			368	005000
	12	367			
	13	357	120	367	007000
	12	438		439	009000
	16	450	114	475	001010
	17		18	462	00c0c0
			44	451	
	43			462	007070
	17	461			
	18	451	43	461	009090
	17	462	18	474	00c0c0
			44	463	
	43			474	007070
	17	473			
	18	463	43	473	009090
crop	15	320	21	332	16	48	00ff00	/fonts/computer.png
	21		27		40	60		
	27		33		72	48		
	33		39		96			
	39		45		32			
	45		51		0	24		
	51		57		24	60		
	57		63		64	48		
	63		69		72			
	69		75		0	60		
	75		81		24			
	15	332	21	344	32			
	21		27		64	72		
	27		33		8			
	33		39		24	84		
	39		45		40	72		
	45		51		16	84		
	51		57		120	72		
	57		63		0	24		
	63		69		8	48		
	69		75		96	72		
	75		81		0	84		
	81		87		64	72		
	87		93		8			
	15	344	21	356	48	48		
	21		27		72	72		
	27		33		56			
	33		39		64			
	39		45		32	84		
	45		51		40	72		
	51		57		16	84		
	15	356	21	368	24	48		
	21		27		16	84		
	27		33		40			
	33		39		72	72		
	39		45		24	84		
	45		51		40	72		
	51		57		16	84		
	15	368	21	380	56	48	009000	
	21		27		40	84		
	27		33		112	72		
	33		39		24	84		
	39		45		64	72		
	45		51		72			
	51		57		0	84		
	15	380	21	392	32	60	00ff00	
	21		27		16	84		
	27		33		8	72		
	33		39		112			
	39		45		24	84		
	45		51		0			
	51		57		120	72		
	57		63		16	84		
	63		69		32			
	15	392	21	404	8	48	009000	
	21		27		24	84		
	27		33					
	33		39		8	72		
	39		45		40	84		
	45		51		96	72		
	51		57		32	84		
	57		63		0	24		
	63		69		32	60		
	69		75		16	84		
	75		81		8	72		
	81		87		112			
	87		93		24	84		
	93		99		0			
	99		105		120	72		
	105		111		16	84		
	111		117		32			
	19	450	25	462	16	60	00ffff	
	25		31		56	48		
	31		37		64			
	37		43		32	60		
	43		49		0	24		
	49		55		16	48		
	55		61		40	84		
	61		67		72	72		
	67		73		96			
	73		79		32			
	19	462	25	474	96	48		
	25		31		40			
	31		37		48			
	37		43		32	60		
	43		49		0	24		
	49		55		104	48		
	55		61		8	72		
	61		67		72			
	67		73		112			
	73		79		0	24		
	79		85		104	48		
	85		91		40	72		
	91		97		112			
	97		103		40	84		
rect	12	180	13	192	ffff00
			121	181	
	120			192	909000
	12	191			
	13	181	120	191	c0c000
crop	15	180	21	192	24	48	000000	/fonts/computer.png
	21		27		120			
	27		33		112			
	33		39		32	60		
	39		45		16			
	45		51		120	48		
	51		57		96			
	15	192	21	204	64		7fff7f	
	21		27		48	60		
	27		33		32	48		
	33		39		24	60		
	39		45		32			
	45		51		16			
	51		57		72			
	57		63		16			
draw	16	207	34	223	/sprites/646.SMIV/0
rect	14	204	36	205	489048
			15	206	
	35		36		
	14	225		226	
		224	15		
	35		36		
	42	206	49	220	003870
		220		224	0060c0
	40	204	51	205	00488f
			41	206	
	50		51		
	40	225		226	
		224	41		
	50		51		
	55	206	62	208	707000
		208		224	c0c000
	53	204	64	205	909000
			54	206	
	63		64		
	53	225		226	
		224	54		
	63		64		
crop	69	204	75	216	96	48	7fff7f	/fonts/computer.png
	75		81		16			
	81		87		40			
	87		93		8			
	93		99		104			
	99		105		0	24		
	105		111		8	36		
	69	216	75	228	48	48		
	75		81		40	60		
	81		87		96	48		
	87		93					
	93		99		0	60		
	99		105		96	48		
	105		111		24	60		
	111		117		40	48		
	69	192	75	204	24			
	75		81		104			
	81		87		72			
	87		93		24	60		
	93		99					
	99		105		72	48		
	105		111		96			
	111		117		40			
	12	228	18	240	32	60	ff0000	
	18		24		64	72		
	24		30		8			
	30		36		24	84		
	36		42		40	72		
	42		48		16	84		
	48		54		120	72		
	54		60		0	24		
	60		66		16	48		
	66		72		40	72		
	72		78		32	84		
	78		84		8	72		
rect	12	252	13	264	007fff
			121	253	
	120			264	00488f
	12	263			
	13	253	120	263	0060c0
crop	15	252	21	264	32	60	000000	/fonts/computer.png
	21		27		8	48		
	27		33		16	60		
	33		39		56	48		
	39		45		40			
	45		51		32	60		
	15	264	21	276			7fff7f	
	21		27		64	72		
	27		33		8			
	33		39		24	84		
	39		45		40	72		
	45		51		16	84		
	51		57		120	72		
	57		63		0	24		
	63		69		16	48		
	69		75		40	72		
	75		81		32	84		
	81		87		8	72		
draw	16	278	34	296	/sprites/1028.SMIV/0
rect	14	276	36	277	489048
			15	278	
	35		36		
	14	297		298	
		296	15		
	35		36		
