point	188	275	b0b0b0
	473	134	
	416	196	d0d0d0
	243	392	b0b0b0
	371	286	d0d0d0
	177		
	246	175	b0b0b0
	324	472	808080
	248	156	d0d0d0
	286	394	b0b0b0
	482	148	808080
	273	128	d0d0d0
	402	466	b0b0b0
	299	249	d0d0d0
	327	335	
	400	255	
	463	123	b0b0b0
	447	389	
	190	256	d0d0d0
	502	53	
	170	189	808080
	231	129	b0b0b0
	233		d0d0d0
	204	406	
	231	47	808080
	357	0	
	382	419	d0d0d0
	332	45	b0b0b0
	210	283	
	329	276	d0d0d0
	323	395	b0b0b0
	507	321	d0d0d0
	392	288	808080
	374	56	d0d0d0
	459	37	808080
	598	453	d0d0d0
	343	158	b0b0b0
	478	106	808080
	476	47	b0b0b0
	228	360	d0d0d0
	347	241	
	382	452	
	298	411	
	224	212	b0b0b0
	450	172	
	555	442	
	573	408	808080
	209	409	
	457	284	b0b0b0
	259	106	
	263	5	
	528	148	d0d0d0
	411	207	808080
	440	213	b0b0b0
	494	397	808080
	328	335	
	600	283	
	364	329	b0b0b0
	231	125	808080
	432	157	
	585	132	d0d0d0
	494	254	
	598	372	b0b0b0
	466	25	808080
	176	119	
	577	48	
	562	171	
	293	98	d0d0d0
	374	323	
	598	460	808080
	286	215	d0d0d0
	502	319	808080
	505	147	d0d0d0
	300	97	b0b0b0
	176	21	d0d0d0
	475	353	b0b0b0
	137	178	808080
	148	206	d0d0d0
	399	293	b0b0b0
	318	136	808080
	511	265	b0b0b0
	370	358	d0d0d0
	396	51	808080
	375	307	b0b0b0
	233	45	808080
	469	353	d0d0d0
	334	477	b0b0b0
	272	316	
	548	339	808080
	190	237	d0d0d0
	137	118	
	353	327	808080
	543	290	b0b0b0
	479	299	808080
	454	170	b0b0b0
	243	257	d0d0d0
	500	249	808080
	598	89	d0d0d0
	245	124	b0b0b0
	290	289	808080
	465	311	d0d0d0
	537	394	808080
	157	213	
	595	325	d0d0d0
	244	353	
	517	281	808080
	594	410	d0d0d0
	546	73	b0b0b0
	391	475	
	524	39	
	284	3	808080
	246	404	
	144	65	b0b0b0
	302	194	d0d0d0
	588	390	
	520	38	
	594	181	b0b0b0
	318	77	d0d0d0
	233	375	
	515	360	808080
	557	214	
	318	212	b0b0b0
	586	422	
	573	71	d0d0d0
	559	263	b0b0b0
rect	301	0	302	481	005000
	128	214	609	215	
	356	224	372	240	009000
	362	215	374	227	
	375	246	387	258	
	181	238	193	250	900000
	175	197	187	209	
	176	218	192	234	
triangle	363	235	373	245	00c000
diamond	182	228	202	248	c00000
	168	223	184	239	
	176	217	192	233	
	398	224	414	240	00c000
	363	222	379	238	
plus	181	220	191	230	c00000
triangle	361	230	371	240	00c000
dither	371	240	426	257	303000
crop	375	244	382	255	24	44	000000	/fonts/tactical.png
	382		389		8	66		
	389		396		16	77		
	396		403					
	403		410		72	66		
	410		417		40			
	417		424		16	77		
	374	243	381	254	24	44	ffff00	
	381		388		8	66		
	388		395		16	77		
	395		402					
	402		409		72	66		
	409		416		40			
	416		423		16	77		
dither	381	232	548	249	001830
crop	385	236	392	247	0	55	000000	/fonts/tactical.png
	392		399		120	66		
	399		406		56	77		
	406		413		40	66		
	413		420		16	77		
	420		427		0	22		
	427		434		24	55		
	434		441		32	77		
	441		448		8	66		
	448		455		32	77		
	455		462		72	66		
	462		469		120			
	469		476		112			
	476		483		0	22		
	483		490		16	44		
	490		497		0	55		
	497		504		8	33		
	504		511		0	22		
	511		518		96	33		
	518		525		0	22		
	525		532		8	33		
	532		539		0	22		
	539		546		112	33		
	384	235	391	246	0	55	007fff	
	391		398		120	66		
	398		405		56	77		
	405		412		40	66		
	412		419		16	77		
	419		426		0	22		
	426		433		24	55		
	433		440		32	77		
	440		447		8	66		
	447		454		32	77		
	454		461		72	66		
	461		468		120			
	468		475		112			
	475		482		0	22		
	482		489		16	44		
	489		496		0	55		
	496		503		8	33		
	503		510		0	22		
	510		517		96	33		
	517		524		0	22		
	524		531		8	33		
	531		538		0	22		
	538		545		112	33		
line	321	433	332	422	489048
			317	418	
	332	422			204020
draw	0	-144	128	624	/interfaces/instruments/left.png
	608		640		/interfaces/instruments/right.png
crop	29	159	35	171	40	36	ff0000	/fonts/computer.png
	35		41		0			
	41		47					
rect	614	359	615	457	007fff
			623	360	
	622			457	00488f
	614	456			
	615	360	622	456	0070e0
	614	231	615	329	ffff7f
			623	232	
	622			329	909048
	614	328			
	615	232	622	328	e0e070
	614	103	615	201	ff7f7f
			623	104	
	622			201	904848
	614	200			
	615	104	622	200	e07070
	618	8	630	9	90488f
			619	10	
	629		630		
	618	36		37	
		35	619		
	629		630		
	620	10	628	35	703870
		12			c060c0
	634	49	636	52	7fff7f
		53		56	60c060
		57		60	
		61		64	
		65		68	
		69		72	7fff7f
		73		76	60c060
		77		80	703800
		81		84	
		85		88	
		89		92	904800
		93		96	183018
		97		100	
		101		104	
		105		108	
		109		112	
		113		116	
		117		120	
		121		124	
		125		128	
		129		132	
		133		136	
		137		140	
		141		144	
		145		148	
		149		152	
		153		156	
		157		160	
		161		164	
		165		168	
		169		172	
		173		176	
		177		180	
		181		184	
		185		188	
		189		192	
		193		196	
		197		200	
		201		204	
		205		208	
		209		212	
		213		216	
		217		220	
		221		224	
		225		228	
		229		232	
		233		236	
		237		240	
		241		244	
		245		248	
		249		252	
		253		256	
		257		260	
		261		264	
		265		268	
		269		272	
		273		276	
		277		280	
		281		284	
		285		288	
		289		292	
		293		296	
		297		300	
		301		304	
		305		308	
		309		312	
		313		316	
		317		320	
		321		324	
		325		328	
		329		332	
		333		336	
		337		340	
		341		344	
		345		348	
		349		352	
		353		356	
		357		360	
		361		364	
		365		368	
		369		372	
		373		376	
		377		380	
		381		384	
		385		388	
		389		392	
		393		396	
		397		400	
		401		404	
		405		408	
		409		412	
		413		416	
		417		420	
		421		424	
		425		428	
		429		432	
		433		436	
		437		440	
		441		444	
		445		448	
	621	52	631	56	303000
		57		61	
		62		66	
		67		71	
		72		76	
		77		81	
		82		86	
	7	7	115	115	00ff00
	8	8	114	114	001000
					003000
point	54	47	00e000
	62	24	
	89	86	
	69	42	
	59	52	
rect	12	320	121	440	001000
		342	120	343	009000
		368	13	380	
			121	369	
	120			380	005000
	12	379			
	13	369	120	379	007000
	12	438		439	009000
	16	450	114	475	001010
	17		18	462	00c0c0
			44	451	
	43			462	007070
	17	461			
	18	451	43	461	009090
	17	462	18	474	00c0c0
			44	463	
	43			474	007070
	17	473			
	18	463	43	473	009090
crop	15	320	21	332	16	48	00ff00	/fonts/computer.png
	21		27		40	60		
	27		33		72	48		
	33		39		96			
	39		45		32			
	45		51		0	24		
	51		57		24	60		
	57		63		64	48		
	63		69		72			
	69		75		0	60		
	75		81		24			
	15	332	21	344	0			
	21		27		72	72		
	27		33		24			
	33		39		32	84		
	39		45		120	72		
	45		51		16	84		
	51		57		72	72		
	57		63		24	84		
	63		69		0	24		
	69		75		8	48		
	75		81		96	72		
	81		87		0	84		
	87		93		64	72		
	93		99		8			
	15	344	21	356	48	48		
	21		27		72	72		
	27		33		56			
	33		39		64			
	39		45		32	84		
	45		51		40	72		
	51		57		16	84		
	15	356	21	368	24	48		
	21		27		16	84		
	27		33		40			
	33		39		72	72		
	39		45		24	84		
	45		51		40	72		
	51		57		16	84		
	15	368	21	380	56	48	003000	
	21		27		40	84		
	27		33		112	72		
	33		39		24	84		
	39		45		64	72		
	45		51		72			
	51		57		0	84		
	15	380	21	392	32	60	00ff00	
	21		27		16	84		
	27		33		8	72		
	33		39		112			
	39		45		24	84		
	45		51		0			
	51		57		120	72		
	57		63		16	84		
	63		69		32			
	19	450	25	462	16	60	00ffff	
	25		31		56	48		
	31		37		64			
	37		43		32	60		
	43		49		0	24		
	49		55		16	48		
	55		61		40	84		
	61		67		72	72		
	67		73		96			
	73		79		32			
	19	462	25	474	96	48		
	25		31		40			
	31		37		48			
	37		43		32	60		
	43		49		0	24		
	49		55		104	48		
	55		61		8	72		
	61		67		72			
	67		73		112			
	73		79		0	24		
	79		85		104	48		
	85		91		40	72		
	91		97		112			
	97		103		40	84		
rect	12	180	13	192	ffff00
			121	181	
	120			192	909000
	12	191			
	13	181	120	191	c0c000
crop	15	180	21	192	24	48	000000	/fonts/computer.png
	21		27		120			
	27		33		112			
	33		39		32	60		
	39		45		16			
	45		51		120	48		
	51		57		96			
	15	192	21	204	24		7fff7f	
	21		27		8			
	27		33		16	60		
	33		39					
	39		45		72	48		
	45		51		40			
	51		57		16	60		
draw	21	206	29	224	/sprites/649.SMIV/0
rect	14	204	36	205	489048
			15	206	
	35		36		
	14	225		226	
		224	15		
	35		36		
	42	206	49	206	003870
				224	0060c0
	40	204	51	205	00488f
			41	206	
	50		51		
	40	225		226	
		224	41		
	50		51		
	55	206	62	206	707000
				224	c0c000
	53	204	64	205	909000
			54	206	
	63		64		
	53	225		226	
		224	54		
	63		64		
crop	69	204	75	216	96	48	7fff7f	/fonts/computer.png
	75		81		24	60		
	81		87		16			
	87		93		32			
	93		99		40			
	99		105		16			
	105		111					
	111		117		32			
	69	216	75	228	104	48		
	75		81		56			
	81		87		112			
	87		93		32	60		
	93		99		120	48		
	99		105		0	60		
	105		111		96	48		
	111		117		24	60		
	69	192	75	204	96	48		
	75		81		112			
	81		87		24			
	87		93		64			
	93		99		16			
	99		105		8			
	105		111		72	60		
	12	228	18	240	0		00ff00	
	18		24		120	72		
	24		30		56	84		
	30		36		40	72		
	36		42		16	84		
	42		48		0	24		
	48		54		24	60		
	54		60		32	84		
	60		66		8	72		
	66		72		32	84		
	72		78		72	72		
	78		84		120			
	84		90		112			
	90		96		0	24		
	96		102		16	48		
	102		108		0	60		
	108		114		8	36		
rect	12	252	13	264	007fff
			121	253	
	120			264	00488f
	12	263			
	13	253	120	263	0060c0
crop	15	252	21	264	32	60	000000	/fonts/computer.png
	21		27		8	48		
	27		33		16	60		
	33		39		56	48		
	39		45		40			
	45		51		32	60		
	15	264	21	276	0		7fff7f	
	21		27		120	72		
	27		33		56	84		
	33		39		40	72		
	39		45		16	84		
	45		51		0	24		
	51		57		24	60		
	57		63		32	84		
	63		69		8	72		
	69		75		32	84		
	75		81		72	72		
	81		87		120			
	87		93		112			
	93		99		0	24		
	99		105		16	48		
	105		111		0	60		
	111		117		8	36		
draw	16	279	34	295	/sprites/564.SMIV/0
rect	14	276	36	277	489048
			15	278	
	35		36		
	14	297		298	
		296	15		
	35		36		
	42	278	49	278	003870
				296	0060c0
	40	276	51	277	00488f
			41	278	
	50		51		
	40	297		298	
		296	41		
	50		51		
