point	191	261	b0b0b0
	476	120	
	420	178	d0d0d0
	246	378	b0b0b0
	375	268	d0d0d0
	181		
	249	161	b0b0b0
	326	463	808080
	252	138	d0d0d0
	289	380	b0b0b0
	484	139	808080
	277	110	d0d0d0
	406	452	b0b0b0
	303	231	d0d0d0
	331	317	
	404	237	
	466	109	b0b0b0
	450	375	
	194	238	d0d0d0
	506	35	
	172	180	808080
	234	115	b0b0b0
	237	111	d0d0d0
	208	388	
	233	38	808080
	447	465	b0b0b0
	386	401	d0d0d0
	335	31	b0b0b0
	213	269	
	333	258	d0d0d0
	326	381	b0b0b0
	511	303	d0d0d0
	394	279	808080
	378	38	d0d0d0
	461	28	808080
	602	435	d0d0d0
	346	144	b0b0b0
	480	97	808080
	479	33	b0b0b0
	232	342	d0d0d0
	351	223	
	386	434	
	302	393	
	227	198	b0b0b0
	453	158	
	558	428	
	575	399	808080
	211	400	
	460	270	b0b0b0
	262	92	
	240	467	d0d0d0
	532	130	
	413	198	808080
	443	199	b0b0b0
	496	388	808080
	330	326	
	602	274	
	367	315	b0b0b0
	233	116	808080
	434	148	
	589	114	d0d0d0
	498	236	
	601	358	b0b0b0
	468	16	808080
	178	110	
	579	39	
	564	162	
	297	80	d0d0d0
	378	305	
	600	451	808080
	290	197	d0d0d0
	504	310	808080
	509	129	d0d0d0
	303	83	b0b0b0
	180	3	d0d0d0
	478	339	b0b0b0
	139	169	808080
	152	188	d0d0d0
	402	279	b0b0b0
	320	127	808080
	514	251	b0b0b0
	374	340	d0d0d0
	398	42	808080
	378	293	b0b0b0
	235	36	808080
	473	335	d0d0d0
	338	464	b0b0b0
	275	302	
	550	330	808080
	194	219	d0d0d0
	141	100	
	355	318	808080
	546	276	b0b0b0
	481	290	808080
	457	156	b0b0b0
	247	239	d0d0d0
	502	240	808080
	602	71	d0d0d0
	248	110	b0b0b0
	292	280	808080
	469	293	d0d0d0
	539	385	808080
	159	204	
	599	307	d0d0d0
	248	335	
	519	272	808080
	598	392	d0d0d0
	549	59	b0b0b0
	395	461	
	527	25	
	518	467	d0d0d0
	248	395	808080
	147	51	b0b0b0
	306	176	d0d0d0
	592	372	
	524	20	
	597	167	b0b0b0
	322	59	d0d0d0
	237	357	
	517	351	808080
	559	205	
	321	198	b0b0b0
	589	408	
	577	53	d0d0d0
	562	249	b0b0b0
rect	304	0	305	481	005000
	128	193	609	194	
	361	205	377	221	009000
	368	195	380	207	
	382	227	394	239	
	178	219	190	231	900000
	172	175	184	187	
	173	198	189	214	
triangle	362	234	372	244	00c000
diamond	178	200	198	220	c00000
	172	213	188	229	
	173	191	189	207	
	376	228	392	244	00c000
	374	213	390	229	
plus	190	199	200	209	c00000
triangle	382	226	392	236	00c000
	197	183	203	189	c00000
dither	382	231	437	248	303000
crop	386	235	393	246	24	44	000000	/fonts/tactical.png
	393		400		8	66		
	400		407		16	77		
	407		414					
	414		421		72	66		
	421		428		40			
	428		435		16	77		
	385	234	392	245	24	44	ffff00	
	392		399		8	66		
	399		406		16	77		
	406		413					
	413		420		72	66		
	420		427		40			
	427		434		16	77		
dither	388	213	555	230	001830
crop	392	217	399	228	0	55	000000	/fonts/tactical.png
	399		406		120	66		
	406		413		56	77		
	413		420		40	66		
	420		427		16	77		
	427		434		0	22		
	434		441		24	55		
	441		448		32	77		
	448		455		8	66		
	455		462		32	77		
	462		469		72	66		
	469		476		120			
	476		483		112			
	483		490		0	22		
	490		497		16	44		
	497		504		0	55		
	504		511		8	33		
	511		518		0	22		
	518		525		96	33		
	525		532		0	22		
	532		539		8	33		
	539		546		0	22		
	546		553		112	33		
	391	216	398	227	0	55	007fff	
	398		405		120	66		
	405		412		56	77		
	412		419		40	66		
	419		426		16	77		
	426		433		0	22		
	433		440		24	55		
	440		447		32	77		
	447		454		8	66		
	454		461		32	77		
	461		468		72	66		
	468		475		120			
	475		482		112			
	482		489		0	22		
	489		496		16	44		
	496		503		0	55		
	503		510		8	33		
	510		517		0	22		
	517		524		96	33		
	524		531		0	22		
	531		538		8	33		
	538		545		0	22		
	545		552		112	33		
line	204	125	210	139	489048
			219	126	
	210	139			204020
draw	0	-144	128	624	/interfaces/instruments/left.png
	608		640		/interfaces/instruments/right.png
crop	29	159	35	171	40	36	ff0000	/fonts/computer.png
	35		41		0			
	41		47					
rect	614	359	615	457	007fff
			623	360	
	622			457	00488f
	614	456			
	615	360	622	456	0070e0
	614	231	615	329	ffff7f
			623	232	
	622			329	909048
	614	328			
	615	232	622	328	e0e070
	614	103	615	201	ff7f7f
			623	104	
	622			201	904848
	614	200			
	615	104	622	200	e07070
	618	8	630	9	90488f
			619	10	
	629		630		
	618	36		37	
		35	619		
	629		630		
	620	10	628	35	703870
		30			c060c0
	634	49	636	52	7fff7f
		53		56	60c060
		57		60	
		61		64	
		65		68	
		69		72	007fff
		73		76	0060c0
		77		80	
		81		84	
		85		88	183018
		89		92	
		93		96	
		97		100	
		101		104	
		105		108	
		109		112	
		113		116	
		117		120	
		121		124	
		125		128	
		129		132	
		133		136	
		137		140	
		141		144	
		145		148	
		149		152	
		153		156	
		157		160	
		161		164	
		165		168	
		169		172	
		173		176	
		177		180	
		181		184	
		185		188	
		189		192	
		193		196	
		197		200	
		201		204	
		205		208	
		209		212	
		213		216	
		217		220	
		221		224	
		225		228	
		229		232	
		233		236	
		237		240	
		241		244	
		245		248	
		249		252	
		253		256	
		257		260	
		261		264	
		265		268	
		269		272	
		273		276	
		277		280	
		281		284	
		285		288	
		289		292	
		293		296	
		297		300	
		301		304	
		305		308	
		309		312	
		313		316	
		317		320	
		321		324	
		325		328	
		329		332	
		333		336	
		337		340	
		341		344	
		345		348	
		349		352	
		353		356	
		357		360	
		361		364	
		365		368	
		369		372	
		373		376	
		377		380	
		381		384	
		385		388	
		389		392	
		393		396	
		397		400	
		401		404	
		405		408	
		409		412	
		413		416	
		417		420	
		421		424	
		425		428	
		429		432	
		433		436	
		437		440	
		441		444	
		445		448	
	621	52	631	56	303000
		57		61	
		62		66	
		67		71	
		72		76	
		77		81	
		82		86	
	7	7	115	115	00ff00
	8	8	114	114	001000
					003000
point	64	9	00e000
	100	49	
	92	54	
	88	25	
	98	45	
rect	12	320	121	440	001000
		342	120	343	009000
		380	13	392	
			121	381	
	120			392	005000
	12	391			
	13	381	120	391	007000
	12	438		439	009000
	16	450	114	475	001010
	17		18	462	00c0c0
			44	451	
	43			462	007070
	17	461			
	18	451	43	461	009090
	17	462	18	474	00c0c0
			44	463	
	43			474	007070
	17	473			
	18	463	43	473	009090
crop	15	320	21	332	16	48	00ff00	/fonts/computer.png
	21		27		40	60		
	27		33		72	48		
	33		39		96			
	39		45		32			
	45		51		0	24		
	51		57		24	60		
	57		63		64	48		
	63		69		72			
	69		75		0	60		
	75		81		24			
	15	332	21	344	0			
	21		27		72	72		
	27		33		24			
	33		39		32	84		
	39		45		120	72		
	45		51		16	84		
	51		57		72	72		
	57		63		24	84		
	63		69		0	24		
	69		75		8	48		
	75		81		96	72		
	81		87		0	84		
	87		93		64	72		
	93		99		8			
	15	344	21	356	48	48		
	21		27		72	72		
	27		33		56			
	33		39		64			
	39		45		32	84		
	45		51		40	72		
	51		57		16	84		
	15	356	21	368	24	48		
	21		27		16	84		
	27		33		40			
	33		39		72	72		
	39		45		24	84		
	45		51		40	72		
	51		57		16	84		
	15	368	21	380	56	48	009000	
	21		27		40	84		
	27		33		112	72		
	33		39		24	84		
	39		45		64	72		
	45		51		72			
	51		57		0	84		
	15	380	21	392	32	60	00ff00	
	21		27		16	84		
	27		33		8	72		
	33		39		112			
	39		45		24	84		
	45		51		0			
	51		57		120	72		
	57		63		16	84		
	63		69		32			
	19	450	25	462	16	60	00ffff	
	25		31		56	48		
	31		37		64			
	37		43		32	60		
	43		49		0	24		
	49		55		16	48		
	55		61		40	84		
	61		67		72	72		
	67		73		96			
	73		79		32			
	19	462	25	474	96	48		
	25		31		40			
	31		37		48			
	37		43		32	60		
	43		49		0	24		
	49		55		104	48		
	55		61		8	72		
	61		67		72			
	67		73		112			
	73		79		0	24		
	79		85		104	48		
	85		91		40	72		
	91		97		112			
	97		103		40	84		
rect	12	180	13	192	ffff00
			121	181	
	120			192	909000
	12	191			
	13	181	120	191	c0c000
crop	15	180	21	192	24	48	000000	/fonts/computer.png
	21		27		120			
	27		33		112			
	33		39		32	60		
	39		45		16			
	45		51		120	48		
	51		57		96			
	15	192	21	204	24		7fff7f	
	21		27		8			
	27		33		16	60		
	33		39					
	39		45		72	48		
	45		51		40			
	51		57		16	60		
draw	21	206	29	224	/sprites/uns/carrier%0
rect	14	204	36	205	489048
			15	206	
	35		36		
	14	225		226	
		224	15		
	35		36		
	42	206	49	206	003870
				224	0060c0
	40	204	51	205	00488f
			41	206	
	50		51		
	40	225		226	
		224	41		
	50		51		
	55	206	62	206	707000
				224	c0c000
	53	204	64	205	909000
			54	206	
	63		64		
	53	225		226	
		224	54		
	63		64		
crop	69	204	75	216	96	48	7fff7f	/fonts/computer.png
	75		81		24	60		
	81		87		16			
	87		93		32			
	93		99		40			
	99		105		16			
	105		111					
	111		117		32			
	69	216	75	228	104	48		
	75		81		56			
	81		87		112			
	87		93		32	60		
	93		99		120	48		
	99		105		0	60		
	105		111		96	48		
	111		117		24	60		
	69	192	75	204	96	48		
	75		81		112			
	81		87		24			
	87		93		64			
	93		99		16			
	99		105		8			
	105		111		72	60		
	12	228	18	240	0		00ff00	
	18		24		120	72		
	24		30		56	84		
	30		36		40	72		
	36		42		16	84		
	42		48		0	24		
	48		54		24	60		
	54		60		32	84		
	60		66		8	72		
	66		72		32	84		
	72		78		72	72		
	78		84		120			
	84		90		112			
	90		96		0	24		
	96		102		16	48		
	102		108		0	60		
	108		114		8	36		
rect	12	252	13	264	007fff
			121	253	
	120			264	00488f
	12	263			
	13	253	120	263	0060c0
crop	15	252	21	264	32	60	000000	/fonts/computer.png
	21		27		8	48		
	27		33		16	60		
	33		39		56	48		
	39		45		40			
	45		51		32	60		
	15	264	21	276	0		7fff7f	
	21		27		120	72		
	27		33		56	84		
	33		39		40	72		
	39		45		16	84		
	45		51		0	24		
	51		57		24	60		
	57		63		32	84		
	63		69		8	72		
	69		75		32	84		
	75		81		72	72		
	81		87		120			
	87		93		112			
	93		99		0	24		
	99		105		16	48		
	105		111		0	60		
	111		117		8	36		
draw	16	279	34	295	/sprites/loc/power%0
rect	14	276	36	277	489048
			15	278	
	35		36		
	14	297		298	
		296	15		
	35		36		
	42	278	49	278	003870
				296	0060c0
	40	276	51	277	00488f
			41	278	
	50		51		
	40	297		298	
		296	41		
	50		51		
