point	194	260	b0b0b0
	479	119	
	423	176	d0d0d0
	249	377	b0b0b0
	378	266	d0d0d0
	184		
	252	160	b0b0b0
	328	462	808080
	255	136	d0d0d0
	292	379	b0b0b0
	486	138	808080
	280	108	d0d0d0
	408	451	b0b0b0
	306	229	d0d0d0
	334	315	
	407	235	
	469	108	b0b0b0
	453	374	
	197	236	d0d0d0
	509	33	
	174	179	808080
	237	114	b0b0b0
	240	109	d0d0d0
	211	386	
	235	37	808080
	449	464	b0b0b0
	389	399	d0d0d0
	338	30	b0b0b0
	216	268	
	336	256	d0d0d0
	329	380	b0b0b0
	514	301	d0d0d0
	396	278	808080
	381	36	d0d0d0
	463	27	808080
	605	433	d0d0d0
	349	143	b0b0b0
	482	96	808080
		32	b0b0b0
	235	340	d0d0d0
	354	221	
	389	432	
	305	391	
	230	197	b0b0b0
	456	157	
	561	427	
	577	398	808080
	213	399	
	463	269	b0b0b0
	265	91	
	243	465	d0d0d0
	535	128	
	415	197	808080
	446	198	b0b0b0
	498	387	808080
	332	325	
	604	273	
	370	314	b0b0b0
	235	115	808080
	436	147	
	592	112	d0d0d0
	501	234	
	604	357	b0b0b0
	470	15	808080
	180	109	
	581	38	
	566	161	
	300	78	d0d0d0
	381	303	
	602	450	808080
	293	195	d0d0d0
	506	309	808080
	512	127	d0d0d0
	306	82	b0b0b0
	183	1	d0d0d0
	481	338	b0b0b0
	141	168	808080
	155	186	d0d0d0
	405	278	b0b0b0
	322	126	808080
	517	250	b0b0b0
	377	338	d0d0d0
	400	41	808080
	381	292	b0b0b0
	237	35	808080
	476	333	d0d0d0
	340	462	b0b0b0
	278	301	
	552	329	808080
	197	217	d0d0d0
	144	98	
	357	317	808080
	549	275	b0b0b0
	483	289	808080
	460	155	b0b0b0
	250	237	d0d0d0
	504	239	808080
	605	69	d0d0d0
	251	109	b0b0b0
	294	279	808080
	472	291	d0d0d0
	541	384	808080
	161	203	
	602	305	d0d0d0
	251	333	
	521	271	808080
	601	390	d0d0d0
	552	58	b0b0b0
	397	459	
	530	24	
	521	465	d0d0d0
	250	394	808080
	150	50	b0b0b0
	309	174	d0d0d0
	595	370	
	527	18	
	600	166	b0b0b0
	325	57	d0d0d0
	240	355	
	519	350	808080
	561	204	
	324	197	b0b0b0
	592	407	
	580	51	d0d0d0
	565	248	b0b0b0
rect	174	0	175	481	005000
	286		287		
	398		399		
	510		511		
	128	63	609	64	
		175		176	
		287		288	
		399		400	
	366	193	382	209	009000
	374	179	386	191	
	392	222	404	234	
	120	211	132	223	900000
	112	153	124	165	
	115	184	131	200	
triangle	362	234	372	244	00c000
diamond	121	183	141	203	c00000
	117	208	133	224	
	115	175	131	191	
	384	226	400	242	00c000
		208		224	
plus	142	184	152	194	c00000
triangle	395	225	405	235	00c000
	155	165	161	171	c00000
	121	186	131	196	
dither	392	226	447	243	303000
crop	396	230	403	241	24	44	000000	/fonts/tactical.png
	403		410		8	66		
	410		417		16	77		
	417		424					
	424		431		72	66		
	431		438		40			
	438		445		16	77		
	395	229	402	240	24	44	ffff00	
	402		409		8	66		
	409		416		16	77		
	416		423					
	423		430		72	66		
	430		437		40			
	437		444		16	77		
dither	398	208	565	225	001830
crop	402	212	409	223	0	55	000000	/fonts/tactical.png
	409		416		120	66		
	416		423		56	77		
	423		430		40	66		
	430		437		16	77		
	437		444		0	22		
	444		451		24	55		
	451		458		32	77		
	458		465		8	66		
	465		472		32	77		
	472		479		72	66		
	479		486		120			
	486		493		112			
	493		500		0	22		
	500		507		16	44		
	507		514		0	55		
	514		521		8	33		
	521		528		0	22		
	528		535		96	33		
	535		542		0	22		
	542		549		8	33		
	549		556		0	22		
	556		563		112	33		
	401	211	408	222	0	55	007fff	
	408		415		120	66		
	415		422		56	77		
	422		429		40	66		
	429		436		16	77		
	436		443		0	22		
	443		450		24	55		
	450		457		32	77		
	457		464		8	66		
	464		471		32	77		
	471		478		72	66		
	478		485		120			
	485		492		112			
	492		499		0	22		
	499		506		16	44		
	506		513		0	55		
	513		520		8	33		
	520		527		0	22		
	527		534		96	33		
	534		541		0	22		
	541		548		8	33		
	548		555		0	22		
	555		562		112	33		
line	296	54	294	69	489048
			308	64	
	294	69			204020
draw	0	-144	128	624	/pictures/501.png
	608		640		/pictures/512.png
crop	29	159	35	171	40	36	ff0000	/fonts/computer.png
	35		41		0			
	41		47					
rect	614	359	615	457	007fff
			623	360	
	622			457	00488f
	614	456			
	615	360	622	456	0070e0
	614	231	615	329	ffff7f
			623	232	
	622			329	909048
	614	328			
	615	232	622	328	e0e070
	614	103	615	201	ff7f7f
			623	104	
	622			201	904848
	614	200			
	615	104	622	200	e07070
	618	8	630	9	90488f
			619	10	
	629		630		
	618	36		37	
		35	619		
	629		630		
	620	10	628	35	703870
		33			c060c0
	634	49	636	52	7fff7f
		53		56	60c060
		57		60	
		61		64	
		65		68	
		69		72	007fff
		73		76	0060c0
		77		80	
		81		84	
		85		88	183018
		89		92	
		93		96	
		97		100	
		101		104	
		105		108	
		109		112	
		113		116	
		117		120	
		121		124	
		125		128	
		129		132	
		133		136	
		137		140	
		141		144	
		145		148	
		149		152	
		153		156	
		157		160	
		161		164	
		165		168	
		169		172	
		173		176	
		177		180	
		181		184	
		185		188	
		189		192	
		193		196	
		197		200	
		201		204	
		205		208	
		209		212	
		213		216	
		217		220	
		221		224	
		225		228	
		229		232	
		233		236	
		237		240	
		241		244	
		245		248	
		249		252	
		253		256	
		257		260	
		261		264	
		265		268	
		269		272	
		273		276	
		277		280	
		281		284	
		285		288	
		289		292	
		293		296	
		297		300	
		301		304	
		305		308	
		309		312	
		313		316	
		317		320	
		321		324	
		325		328	
		329		332	
		333		336	
		337		340	
		341		344	
		345		348	
		349		352	
		353		356	
		357		360	
		361		364	
		365		368	
		369		372	
		373		376	
		377		380	
		381		384	
		385		388	
		389		392	
		393		396	
		397		400	
		401		404	
		405		408	
		409		412	
		413		416	
		417		420	
		421		424	
		425		428	
		429		432	
		433		436	
		437		440	
		441		444	
		445		448	
	621	52	631	56	303000
		57		61	
		62		66	
		67		71	
		72		76	
		77		81	
		82		86	
	7	7	115	115	00ff00
	8	8	114	114	001000
					003000
point	106	45	00e000
	96	53	
		27	
	107	47	
rect	12	320	121	440	001000
		342	120	343	009000
		380	13	392	
			121	381	
	120			392	005000
	12	391			
	13	381	120	391	007000
	12	438		439	009000
	16	450	114	475	001010
	17		18	462	00c0c0
			44	451	
	43			462	007070
	17	461			
	18	451	43	461	009090
	17	462	18	474	00c0c0
			44	463	
	43			474	007070
	17	473			
	18	463	43	473	009090
crop	15	320	21	332	16	48	00ff00	/fonts/computer.png
	21		27		40	60		
	27		33		72	48		
	33		39		96			
	39		45		32			
	45		51		0	24		
	51		57		24	60		
	57		63		64	48		
	63		69		72			
	69		75		0	60		
	75		81		24			
	15	332	21	344	0			
	21		27		72	72		
	27		33		24			
	33		39		32	84		
	39		45		120	72		
	45		51		16	84		
	51		57		72	72		
	57		63		24	84		
	63		69		0	24		
	69		75		8	48		
	75		81		96	72		
	81		87		0	84		
	87		93		64	72		
	93		99		8			
	15	344	21	356	48	48		
	21		27		72	72		
	27		33		56			
	33		39		64			
	39		45		32	84		
	45		51		40	72		
	51		57		16	84		
	15	356	21	368	24	48		
	21		27		16	84		
	27		33		40			
	33		39		72	72		
	39		45		24	84		
	45		51		40	72		
	51		57		16	84		
	15	368	21	380	56	48	009000	
	21		27		40	84		
	27		33		112	72		
	33		39		24	84		
	39		45		64	72		
	45		51		72			
	51		57		0	84		
	15	380	21	392	32	60	00ff00	
	21		27		16	84		
	27		33		8	72		
	33		39		112			
	39		45		24	84		
	45		51		0			
	51		57		120	72		
	57		63		16	84		
	63		69		32			
	19	450	25	462	16	60	00ffff	
	25		31		56	48		
	31		37		64			
	37		43		32	60		
	43		49		0	24		
	49		55		16	48		
	55		61		40	84		
	61		67		72	72		
	67		73		96			
	73		79		32			
	19	462	25	474	96	48		
	25		31		40			
	31		37		48			
	37		43		32	60		
	43		49		0	24		
	49		55		104	48		
	55		61		8	72		
	61		67		72			
	67		73		112			
	73		79		0	24		
	79		85		104	48		
	85		91		40	72		
	91		97		112			
	97		103		40	84		
rect	12	180	13	192	ffff00
			121	181	
	120			192	909000
	12	191			
	13	181	120	191	c0c000
crop	15	180	21	192	24	48	000000	/fonts/computer.png
	21		27		120			
	27		33		112			
	33		39		32	60		
	39		45		16			
	45		51		120	48		
	51		57		96			
	15	192	21	204	24		7fff7f	
	21		27		8			
	27		33		16	60		
	33		39					
	39		45		72	48		
	45		51		40			
	51		57		16	60		
draw	21	206	29	224	/sprites/649.SMIV/0
rect	14	204	36	205	489048
			15	206	
	35		36		
	14	225		226	
		224	15		
	35		36		
	42	206	49	206	003870
				224	0060c0
	40	204	51	205	00488f
			41	206	
	50		51		
	40	225		226	
		224	41		
	50		51		
	55	206	62	206	707000
				224	c0c000
	53	204	64	205	909000
			54	206	
	63		64		
	53	225		226	
		224	54		
	63		64		
crop	69	204	75	216	96	48	7fff7f	/fonts/computer.png
	75		81		24	60		
	81		87		16			
	87		93		32			
	93		99		40			
	99		105		16			
	105		111					
	111		117		32			
	69	216	75	228	104	48		
	75		81		56			
	81		87		112			
	87		93		32	60		
	93		99		120	48		
	99		105		0	60		
	105		111		96	48		
	111		117		24	60		
	69	192	75	204	96	48		
	75		81		112			
	81		87		24			
	87		93		64			
	93		99		16			
	99		105		8			
	105		111		72	60		
	12	228	18	240	0		00ff00	
	18		24		120	72		
	24		30		56	84		
	30		36		40	72		
	36		42		16	84		
	42		48		0	24		
	48		54		24	60		
	54		60		32	84		
	60		66		8	72		
	66		72		32	84		
	72		78		72	72		
	78		84		120			
	84		90		112			
	90		96		0	24		
	96		102		16	48		
	102		108		0	60		
	108		114		8	36		
rect	12	252	13	264	007fff
			121	253	
	120			264	00488f
	12	263			
	13	253	120	263	0060c0
crop	15	252	21	264	32	60	000000	/fonts/computer.png
	21		27		8	48		
	27		33		16	60		
	33		39		56	48		
	39		45		40			
	45		51		32	60		
	15	264	21	276	0		7fff7f	
	21		27		120	72		
	27		33		56	84		
	33		39		40	72		
	39		45		16	84		
	45		51		0	24		
	51		57		24	60		
	57		63		32	84		
	63		69		8	72		
	69		75		32	84		
	75		81		72	72		
	81		87		120			
	87		93		112			
	93		99		0	24		
	99		105		16	48		
	105		111		0	60		
	111		117		8	36		
draw	16	279	34	295	/sprites/564.SMIV/0
rect	14	276	36	277	489048
			15	278	
	35		36		
	14	297		298	
		296	15		
	35		36		
	42	278	49	278	003870
				296	0060c0
	40	276	51	277	00488f
			41	278	
	50		51		
	40	297		298	
		296	41		
	50		51		
