point	169	271	b0b0b0
	454	130	
	390	191	d0d0d0
	224	388	b0b0b0
	345	281	d0d0d0
	151		
	227	171	b0b0b0
	312	469	808080
	222	151	d0d0d0
	267	390	b0b0b0
	470	145	808080
	247	123	d0d0d0
	384	462	b0b0b0
	273	244	d0d0d0
	301	330	
	374	250	
	444	119	b0b0b0
	428	385	
	164	251	d0d0d0
	476	48	
	158	186	808080
	212	125	b0b0b0
	207	124	d0d0d0
	178	401	
	219	44	808080
	424	475	b0b0b0
	356	414	d0d0d0
	313	41	b0b0b0
	191	279	
	303	271	d0d0d0
	304	391	b0b0b0
	481	316	d0d0d0
	380	285	808080
	348	51	d0d0d0
	447	34	808080
	572	448	d0d0d0
	324	154	b0b0b0
	466	103	808080
	457	43	b0b0b0
	202	355	d0d0d0
	321	236	
	356	447	
	272	406	
	205	208	b0b0b0
	431	168	
	536	438	
	561	405	808080
	197	406	
	438	280	b0b0b0
	240	102	
	287	1	d0d0d0
	502	143	
	399	204	808080
	421	209	b0b0b0
	482	394	808080
	316	332	
	588	280	
	345	325	b0b0b0
	219	122	808080
	420	154	
	559	127	d0d0d0
	468	249	
	579	368	b0b0b0
	454	22	808080
	164	116	
	565	45	
	550	168	
	267	93	d0d0d0
	348	318	
	586	457	808080
	260	210	d0d0d0
	490	316	808080
	479	142	d0d0d0
	281	93	b0b0b0
	150	16	d0d0d0
	456	349	b0b0b0
	603	194	808080
		132	
	380	289	b0b0b0
	306	133	808080
	492	261	b0b0b0
	344	353	d0d0d0
	384	48	808080
	356	303	b0b0b0
	221	42	808080
	443	348	d0d0d0
	316	473	b0b0b0
	253	312	
	536	336	808080
	164	232	d0d0d0
	598	462	808080
	341	324	
	524	286	b0b0b0
	467	296	808080
	435	166	b0b0b0
	217	252	d0d0d0
	488	246	808080
	572	84	d0d0d0
	226	120	b0b0b0
	278	286	808080
	439	306	d0d0d0
	525	391	808080
	145	210	
	569	320	d0d0d0
	218	348	
	505	278	808080
	568	405	d0d0d0
	527	69	b0b0b0
	373	471	
	505	35	
	158	0	
	234	401	808080
	603	171	d0d0d0
	276	189	
	562	385	
	494	33	
	575	177	b0b0b0
	292	72	d0d0d0
	207	370	
	503	357	808080
	545	211	
	299	208	b0b0b0
	567	418	
	547	66	d0d0d0
	540	259	b0b0b0
rect	196	0	197	481	002850
	325		326		
	454		455		005000
	583		584		002850
	128	103	609	104	
		232		233	
		361		362	
	334	86	350	102	009000
	364	14	376	26	
	450	214	462	226	
triangle	362	234	372	244	00c000
diamond	433	244	449	260	00c000
	445	207	461	223	
triangle	454	222	464	232	00c000
	321	100	331	110	
dither	453	225	508	242	303000
crop	457	229	464	240	24	44	000000	/fonts/tactical
	464		471		8	66		
	471		478		16	77		
	478		485					
	485		492		72	66		
	492		499		40			
	499		506		16	77		
	456	228	463	239	24	44	ffff00	
	463		470		8	66		
	470		477		16	77		
	477		484					
	484		491		72	66		
	491		498		40			
	498		505		16	77		
dither	132	147	243	164	001830
crop	136	151	143	162	0	55	000000	/fonts/tactical
	143		150		72	66		
	150		157		24			
	157		164		32	77		
	164		171		120	66		
	171		178		16	77		
	178		185		72	66		
	185		192		24	77		
	192		199		0	22		
	199		206		16	44		
	206		213		40	66		
	213		220		32	77		
	220		227		8	66		
	227		234		0	22		
	234		241		8	33		
	135	150	142	161	0	55	007fff	
	142		149		72	66		
	149		156		24			
	156		163		32	77		
	163		170		120	66		
	170		177		16	77		
	177		184		72	66		
	184		191		24	77		
	191		198		0	22		
	198		205		16	44		
	205		212		40	66		
	212		219		32	77		
	219		226		8	66		
	226		233		0	22		
	233		240		8	33		
line	177	182	187	193	489048
			192	179	
	187	193			204020
draw	0	0	128	480	/pictures/501.png
	608		640		/pictures/512.png
crop	29	159	35	171	40	36	ff0000	/fonts/computer
	35		41		0			
	41		47					
rect	614	359	615	457	007fff
			623	360	
	622			457	00488f
	614	456			
	615	360	622	456	0070e0
	614	231	615	329	ffff7f
			623	232	
	622			329	909048
	614	328			
	615	232	622	328	e0e070
	614	103	615	201	ff7f7f
			623	104	
	622			201	904848
	614	200			
	615	104	622	200	e07070
	618	8	630	9	90488f
			619	10	
	629		630		
	618	36		37	
		35	619		
	629		630		
	620	10	628	35	703870
		18			c060c0
	634	49	636	52	7fff7f
		53		56	60c060
		57		60	
		61		64	0060c0
		65		68	
		69		72	007fff
		73		76	0060c0
		77		80	183018
		81		84	
		85		88	
		89		92	
		93		96	
		97		100	
		101		104	
		105		108	
		109		112	
		113		116	
		117		120	
		121		124	
		125		128	
		129		132	
		133		136	
		137		140	
		141		144	
		145		148	
		149		152	
		153		156	
		157		160	
		161		164	
		165		168	
		169		172	
		173		176	
		177		180	
		181		184	
		185		188	
		189		192	
		193		196	
		197		200	
		201		204	
		205		208	
		209		212	
		213		216	
		217		220	
		221		224	
		225		228	
		229		232	
		233		236	
		237		240	
		241		244	
		245		248	
		249		252	
		253		256	
		257		260	
		261		264	
		265		268	
		269		272	
		273		276	
		277		280	
		281		284	
		285		288	
		289		292	
		293		296	
		297		300	
		301		304	
		305		308	
		309		312	
		313		316	
		317		320	
		321		324	
		325		328	
		329		332	
		333		336	
		337		340	
		341		344	
		345		348	
		349		352	
		353		356	
		357		360	
		361		364	
		365		368	
		369		372	
		373		376	
		377		380	
		381		384	
		385		388	
		389		392	
		393		396	
		397		400	
		401		404	
		405		408	
		409		412	
		413		416	
		417		420	
		421		424	
		425		428	
		429		432	
		433		436	
		437		440	
		441		444	
		445		448	
	621	52	631	56	303000
		57		61	
		62		66	
		67		71	
		72		76	
		77		81	
		82		86	
	7	7	115	115	00ff00
	8	8	114	114	001000
					003000
point	54	15	00e000
	89	55	
	84	64	
	87	54	
	89	58	
	35	18	
	49	19	
rect	12	320	121	440	001000
crop	15	320	21	332	16	48	00ff00	/fonts/computer
	21		27		40	60		
	27		33		72	48		
	33		39		96			
	39		45		32			
	45		51		0	24		
	51		57		24	60		
	57		63		64	48		
	63		69		72			
	69		75		0	60		
	75		81		24			
rect	12	342	120	343	009000
crop	15	332	21	344	0	60	00ff00	/fonts/computer
	21		27		72	72		
	27		33		24			
	33		39		32	84		
	39		45		120	72		
	45		51		16	84		
	51		57		72	72		
	57		63		24	84		
	63		69		0	24		
	69		75		8	48		
	75		81		96	72		
	81		87		0	84		
	87		93		64	72		
	93		99		8			
	15	344	21	356	48	48		
	21		27		72	72		
	27		33		56			
	33		39		64			
	39		45		32	84		
	45		51		40	72		
	51		57		16	84		
	15	356	21	368	24	48		
	21		27		16	84		
	27		33		40			
	33		39		72	72		
	39		45		24	84		
	45		51		40	72		
	51		57		16	84		
	15	368	21	380	56	48	009000	
	21		27		40	84		
	27		33		112	72		
	33		39		24	84		
	39		45		64	72		
	45		51		72			
	51		57		0	84		
rect	12	380	13	392	009000
			121	381	
	120			392	005000
	12	391			
	13	381	120	391	007000
crop	15	380	21	392	32	60	00ff00	/fonts/computer
	21		27		16	84		
	27		33		8	72		
	33		39		112			
	39		45		24	84		
	45		51		0			
	51		57		120	72		
	57		63		16	84		
	63		69		32			
rect	12	438	120	439	009000
	16	450	114	475	001010
	17		18	462	00c0c0
			44	451	
	43			462	007070
	17	461			
	18	451	43	461	009090
crop	19	450	25	462	16	60	00ffff	/fonts/computer
	25		31		56	48		
	31		37		64			
	37		43		32	60		
	43		49		0	24		
	49		55		16	48		
	55		61		40	84		
	61		67		72	72		
	67		73		96			
	73		79		32			
rect	17	462	18	474	00c0c0
			44	463	
	43			474	007070
	17	473			
	18	463	43	473	009090
crop	19	462	25	474	96	48	00ffff	/fonts/computer
	25		31		40			
	31		37		48			
	37		43		32	60		
	43		49		0	24		
	49		55		104	48		
	55		61		8	72		
	61		67		72			
	67		73		112			
	73		79		0	24		
	79		85		104	48		
	85		91		40	72		
	91		97		112			
	97		103		40	84		
rect	12	180	13	192	ffff00
			121	181	
	120			192	909000
	12	191			
	13	181	120	191	c0c000
crop	15	180	21	192	24	48	000000	/fonts/computer
	21		27		120			
	27		33		112			
	33		39		32	60		
	39		45		16			
	45		51		120	48		
	51		57		96			
	15	192	21	204	24		7fff7f	
	21		27		8			
	27		33		16	60		
	33		39					
	39		45		72	48		
	45		51		40			
	51		57		16	60		
draw	21	206	29	224	/sprites/649.SMIV/0
rect	14	204	36	205	489048
			15	206	
	35		36		
	14	225		226	
		224	15		
	35		36		
	42	206	49	206	003870
				224	0060c0
	40	204	51	205	00488f
			41	206	
	50		51		
	40	225		226	
		224	41		
	50		51		
	55	206	62	206	707000
				224	c0c000
	53	204	64	205	909000
			54	206	
	63		64		
	53	225		226	
		224	54		
	63		64		
crop	69	204	75	216	96	48	7fff7f	/fonts/computer
	75		81		24	60		
	81		87		16			
	87		93		32			
	93		99		40			
	99		105		16			
	105		111					
	111		117		32			
	69	216	75	228	104	48		
	75		81		56			
	81		87		112			
	87		93		32	60		
	93		99		120	48		
	99		105		0	60		
	105		111		96	48		
	111		117		24	60		
	69	192	75	204	96	48		
	75		81		112			
	81		87		24			
	87		93		64			
	93		99		16			
	99		105		8			
	105		111		72	60		
	12	228	18	240	0		00ff00	
	18		24		120	72		
	24		30		56	84		
	30		36		40	72		
	36		42		16	84		
	42		48		0	24		
	48		54		24	60		
	54		60		32	84		
	60		66		8	72		
	66		72		32	84		
	72		78		72	72		
	78		84		120			
	84		90		112			
	90		96		0	24		
	96		102		16	48		
	102		108		0	60		
	108		114		8	36		
rect	12	252	13	264	007fff
			121	253	
	120			264	00488f
	12	263			
	13	253	120	263	0060c0
crop	15	252	21	264	32	60	000000	/fonts/computer
	21		27		8	48		
	27		33		16	60		
	33		39		56	48		
	39		45		40			
	45		51		32	60		
	15	264	21	276	0		7fff7f	
	21		27		120	72		
	27		33		56	84		
	33		39		40	72		
	39		45		16	84		
	45		51		0	24		
	51		57		24	60		
	57		63		32	84		
	63		69		8	72		
	69		75		32	84		
	75		81		72	72		
	81		87		120			
	87		93		112			
	93		99		0	24		
	99		105		16	48		
	105		111		0	60		
	111		117		8	36		
draw	16	279	34	295	/sprites/564.SMIV/0
rect	14	276	36	277	489048
			15	278	
	35		36		
	14	297		298	
		296	15		
	35		36		
	42	278	49	278	003870
				296	0060c0
	40	276	51	277	00488f
			41	278	
	50		51		
	40	297		298	
		296	41		
	50		51		
