point	460	473	808080
	332	401	
	352	227	
	496	309	
	368	271	
	444	451	
	602	164	
	467	420	
	433	90	b0b0b0
	424	55	808080
	329	94	
	508	395	d0d0d0
	549	139	
	480	86	
	220	250	808080
	376	443	d0d0d0
	173	283	808080
	130	474	d0d0d0
	541	152	808080
	314	13	d0d0d0
	276	328	b0b0b0
	220	454	808080
	179	353	b0b0b0
	459	411	808080
	525	414	
	338	476	b0b0b0
	194	381	
	293	410	
	154	143	
	256	219	
	548	220	
	143	67	808080
	443	263	b0b0b0
	207	337	808080
	346	379	b0b0b0
	446	310	d0d0d0
	510	57	808080
	293	455	
	437	462	b0b0b0
	270	403	808080
	492	249	
	607	354	
	264	101	d0d0d0
	284	200	808080
	549	319	d0d0d0
	389	32	808080
	380	5	b0b0b0
	241	416	808080
	566	355	b0b0b0
	475	235	d0d0d0
	490	77	
	382	450	808080
	252	95	
	297	449	
	264	174	
	520	425	d0d0d0
	193	85	b0b0b0
	153	322	d0d0d0
	347	12	808080
	305	206	b0b0b0
	525	307	
	357	225	d0d0d0
	223	94	808080
	280	400	
	515	247	d0d0d0
		5	b0b0b0
	160	298	d0d0d0
	338	428	
	278	145	
	237	425	808080
	206	153	b0b0b0
	483	310	
	371	354	808080
	485	113	
	346	125	b0b0b0
	190	395	d0d0d0
	395	476	
	516	264	b0b0b0
	246	172	d0d0d0
	186	34	b0b0b0
	472	468	
	470	308	808080
	288	31	d0d0d0
	191	155	808080
	527	412	
	173	407	
	133	354	
	495	26	
	167	104	d0d0d0
	444	258	808080
	476	70	
	556	214	
	502	472	b0b0b0
	247	200	d0d0d0
	292	50	b0b0b0
	400	397	
	451	304	d0d0d0
	407	18	
	547	260	
	455	339	
	447	84	
	364	420	808080
	573	331	
	533	43	
	317	304	b0b0b0
	133	385	
	187	4	808080
	373	164	b0b0b0
	335	126	808080
	320	458	
	346	388	b0b0b0
	476	290	808080
	433	443	
	242	471	
	270	119	b0b0b0
	464	199	d0d0d0
	412	404	808080
	284	359	d0d0d0
	258	27	b0b0b0
	200	370	808080
	492	420	b0b0b0
	544	187	808080
	254	82	b0b0b0
	137	244	d0d0d0
	173	263	b0b0b0
line	266	0	266	480	000050
	128	145	608	145	
draw	353	229	390	256	/sprites/652.SMIV/21
	415	67	442	100	/sprites/506.SMIV/6
dither	437	459	604	476	001830
tint	441	463	449	475	000000	/font/5000/50
	448		456			/font/5000/6f
	455		463			/font/5000/77
	462		470			/font/5000/65
	469		477			/font/5000/72
	476		484			/font/5000/20
	483		491			/font/5000/53
	490		498			/font/5000/74
	497		505			/font/5000/61
	504		512			/font/5000/74
	511		519			/font/5000/69
	518		526			/font/5000/6f
	525		533			/font/5000/6e
	532		540			/font/5000/20
	539		547			/font/5000/42
	546		554			/font/5000/50
	553		561			/font/5000/31
	560		568			/font/5000/20
	567		575			/font/5000/3c
	574		582			/font/5000/20
	581		589			/font/5000/31
	588		596			/font/5000/20
	595		603			/font/5000/3e
	440	462	448	474	007fff	/font/5000/50
	447		455			/font/5000/6f
	454		462			/font/5000/77
	461		469			/font/5000/65
	468		476			/font/5000/72
	475		483			/font/5000/20
	482		490			/font/5000/53
	489		497			/font/5000/74
	496		504			/font/5000/61
	503		511			/font/5000/74
	510		518			/font/5000/69
	517		525			/font/5000/6f
	524		532			/font/5000/6e
	531		539			/font/5000/20
	538		546			/font/5000/42
	545		553			/font/5000/50
	552		560			/font/5000/31
	559		567			/font/5000/20
	566		574			/font/5000/3c
	573		581			/font/5000/20
	580		588			/font/5000/31
	587		595			/font/5000/20
	594		602			/font/5000/3e
line	232	93	235	108	489048
			247	97	
	235	108			204020
draw	0	0	128	480	/pictures/501.png
	608		640		/pictures/512.png
tint	29	159	37	172	ff0000	/font/5001/34
	35		43			/font/5001/38
	41		49			/font/5001/35
line	614	456	614	359	007fff
		359	622		
	622			456	00488f
		456	614		
rect	615	360	622	456	0070e0
line	614	232	614	231	909048
		231	622		
	622			232	505028
		232	614		
	614	328		233	ffff7f
		233	622		
	622			328	909048
		328	614		
rect	615	234	622	328	e0e070
line	614	106	614	103	904848
		103	622		
	622			106	502828
		106	614		
rect	615	104	622	106	703838
line	614	200	614	107	ff7f7f
		107	622		
	622			200	904848
		200	614		
rect	615	108	622	200	e07070
line	618	8	629	8	90488f
			618	9	
	629		629		
	618	36		36	
			618	35	
	629		629		
rect	620	10	628	35	703870
		35			c060c0
	634	49	636	52	007fff
		53		56	0060c0
		57		60	
		61		64	
		65		68	
		69		72	007fff
		73		76	0060c0
		77		80	
		81		84	
		85		88	
		89		92	007fff
		93		96	183018
		97		100	
		101		104	
		105		108	
		109		112	
		113		116	
		117		120	
		121		124	
		125		128	
		129		132	
		133		136	
		137		140	
		141		144	
		145		148	
		149		152	
		153		156	
		157		160	
		161		164	
		165		168	
		169		172	
		173		176	
		177		180	
		181		184	
		185		188	
		189		192	
		193		196	
		197		200	
		201		204	
		205		208	
		209		212	
		213		216	
		217		220	
		221		224	
		225		228	
		229		232	
		233		236	
		237		240	
		241		244	
		245		248	
		249		252	
		253		256	
		257		260	
		261		264	
		265		268	
		269		272	
		273		276	
		277		280	
		281		284	
		285		288	
		289		292	
		293		296	
		297		300	
		301		304	
		305		308	
		309		312	
		313		316	
		317		320	
		321		324	
		325		328	
		329		332	
		333		336	
		337		340	
		341		344	
		345		348	
		349		352	
		353		356	
		357		360	
		361		364	
		365		368	
		369		372	
		373		376	
		377		380	
		381		384	
		385		388	
		389		392	
		393		396	
		397		400	
		401		404	
		405		408	
		409		412	
		413		416	
		417		420	
		421		424	
		425		428	
		429		432	
		433		436	
		437		440	
		441		444	
		445		448	
	621	52	631	56	303000
		57		61	
		62		66	
		67		71	
		72		76	
		77		81	
		82		86	
	7	7	115	115	00ff00
	8	8	114	114	001000
	54	54	68	68	003000
point	73	65	00e000
	82	43	
	109	105	
	111	102	
	110	107	
	69	67	
	62	57	
	109	103	
	46	64	
rect	12	320	121	440	001000
tint	15	320	23	333	00ff00	/font/5001/42
	21		29			/font/5001/55
	27		35			/font/5001/49
	33		41			/font/5001/4c
	39		47			/font/5001/44
	45		53			/font/5001/20
	51		59			/font/5001/53
	57		65			/font/5001/48
	63		71			/font/5001/49
	69		77			/font/5001/50
	75		83			/font/5001/53
line	12	342	119	342	009000
tint	15	332	23	345	00ff00	/font/5001/50
	21		29			/font/5001/69
	27		35			/font/5001/63
	33		41			/font/5001/74
	39		47			/font/5001/6f
	45		53			/font/5001/72
	51		59			/font/5001/69
	57		65			/font/5001/73
	63		71			/font/5001/20
	69		77			/font/5001/41
	75		83			/font/5001/6c
	81		89			/font/5001/70
	87		95			/font/5001/68
	93		101			/font/5001/61
	15	344	23	357		/font/5001/46
	21		29			/font/5001/69
	27		35			/font/5001/67
	33		41			/font/5001/68
	39		47			/font/5001/74
	45		53			/font/5001/65
	51		59			/font/5001/72
	15	356	23	369		/font/5001/43
	21		29			/font/5001/72
	27		35			/font/5001/75
	33		41			/font/5001/69
	39		47			/font/5001/73
	45		53			/font/5001/65
	51		59			/font/5001/72
line	12	379	12	368	009000
		368	120		
	120			379	005000
		379	12		
rect	13	369	120	379	007000
tint	15	368	23	381	00ff00	/font/5001/47
	21		29			/font/5001/75
	27		35			/font/5001/6e
	33		41			/font/5001/73
	39		47			/font/5001/68
	45		53			/font/5001/69
	51		59			/font/5001/70
	15	380	23	393		/font/5001/54
	21		29			/font/5001/72
	27		35			/font/5001/61
	33		41			/font/5001/6e
	39		47			/font/5001/73
	45		53			/font/5001/70
	51		59			/font/5001/6f
	57		65			/font/5001/72
	63		71			/font/5001/74
line	12	438	119	438	009000
rect	16	450	114	475	001010
line	17	461	17	450	00c0c0
		450	43		
	43			461	007070
		461	17		
rect	18	451	43	461	009090
tint	19	450	27	463	00ffff	/font/5001/52
	25		33			/font/5001/47
	31		39			/font/5001/48
	37		45			/font/5001/54
	43		51			/font/5001/20
	49		57			/font/5001/42
	55		63			/font/5001/75
	61		69			/font/5001/69
	67		75			/font/5001/6c
	73		81			/font/5001/64
line	17	473	17	462	00c0c0
		462	43		
	43			473	007070
		473	17		
rect	18	463	43	473	009090
tint	19	462	27	475	00ffff	/font/5001/4c
	25		33			/font/5001/45
	31		39			/font/5001/46
	37		45			/font/5001/54
	43		51			/font/5001/20
	49		57			/font/5001/4d
	55		63			/font/5001/61
	61		69			/font/5001/69
	67		75			/font/5001/6e
	73		81			/font/5001/20
	79		87			/font/5001/4d
	85		93			/font/5001/65
	91		99			/font/5001/6e
	97		105			/font/5001/75
line	12	191	12	180	ffff00
		180	120		
	120			191	909000
		191	12		
rect	13	181	120	191	c0c000
tint	15	180	23	193	000000	/font/5001/43
	21		29			/font/5001/4f
	27		35			/font/5001/4e
	33		41			/font/5001/54
	39		47			/font/5001/52
	45		53			/font/5001/4f
	51		59			/font/5001/4c
	15	192	23	205	7fff7f	/font/5001/43
	21		29			/font/5001/41
	27		35			/font/5001/52
	33		41			
	39		47			/font/5001/49
	45		53			/font/5001/45
	51		59			/font/5001/52
draw	21	206	29	224	/sprites/649.SMIV/0
line	14	204	35	204	489048
			14	205	
	35		35		
	14	225		225	
			14	224	
	35		35		
rect	42	206	49	206	003870
				224	0060c0
line	40	204	50	204	00488f
			40	205	
	50		50		
	40	225		225	
			40	224	
	50		50		
rect	55	206	62	206	707000
				224	c0c000
line	53	204	63	204	909000
			53	205	
	63		63		
	53	225		225	
			53	224	
	63		63		
tint	69	204	77	217	7fff7f	/font/5001/4c
	75		83			/font/5001/53
	81		89			/font/5001/52
	87		95			/font/5001/54
	93		101			/font/5001/55
	99		107			/font/5001/52
	105		113			
	111		119			/font/5001/54
	69	216	77	229		/font/5001/4d
	75		83			/font/5001/47
	81		89			/font/5001/4e
	87		95			/font/5001/54
	93		101			/font/5001/4f
	99		107			/font/5001/50
	105		113			/font/5001/4c
	111		119			/font/5001/53
	69	192	77	205		/font/5001/4c
	75		83			/font/5001/4e
	81		89			/font/5001/43
	87		95			/font/5001/48
	93		101			/font/5001/42
	99		107			/font/5001/41
	105		113			/font/5001/59
	12	228	20	241	00ff00	/font/5001/50
	18		26			/font/5001/6f
	24		32			/font/5001/77
	30		38			/font/5001/65
	36		44			/font/5001/72
	42		50			/font/5001/20
	48		56			/font/5001/53
	54		62			/font/5001/74
	60		68			/font/5001/61
	66		74			/font/5001/74
	72		80			/font/5001/69
	78		86			/font/5001/6f
	84		92			/font/5001/6e
	90		98			/font/5001/20
	96		104			/font/5001/42
	102		110			/font/5001/50
	108		116			/font/5001/31
line	12	263	12	252	007fff
		252	120		
	120			263	00488f
		263	12		
rect	13	253	120	263	0060c0
tint	15	252	23	265	000000	/font/5001/54
	21		29			/font/5001/41
	27		35			/font/5001/52
	33		41			/font/5001/47
	39		47			/font/5001/45
	45		53			/font/5001/54
	15	264	23	277	7fff7f	/font/5001/50
	21		29			/font/5001/6f
	27		35			/font/5001/77
	33		41			/font/5001/65
	39		47			/font/5001/72
	45		53			/font/5001/20
	51		59			/font/5001/53
	57		65			/font/5001/74
	63		71			/font/5001/61
	69		77			/font/5001/74
	75		83			/font/5001/69
	81		89			/font/5001/6f
	87		95			/font/5001/6e
	93		101			/font/5001/20
	99		107			/font/5001/42
	105		113			/font/5001/50
	111		119			/font/5001/31
draw	16	279	34	295	/sprites/564.SMIV/0
line	14	276	35	276	489048
			14	277	
	35		35		
	14	297		297	
			14	296	
	35		35		
rect	42	278	49	278	003870
				296	0060c0
line	40	276	50	276	00488f
			40	277	
	50		50		
	40	297		297	
			40	296	
	50		50		
