line	301	340	299	340	d0d0d0
	180	129	179	128	808080
	330	236	328	235	d0d0d0
	323	227	321	226	
	178	272	177	272	808080
	540	188	539	187	
	342	459	341	459	
	324	104	323	104	
	323	14	322	14	
	177	405	175	405	d0d0d0
	380	274	379	273	808080
	134	259	132	259	d0d0d0
	494	266	492	266	
	599	201	598	201	808080
	339	396	337	396	b0b0b0
	467	35	465	34	d0d0d0
	274	384	273	384	b0b0b0
	160	348	159	348	808080
	224	14	223	14	b0b0b0
	485	182	483	181	
	416	144	414	143	d0d0d0
	589	403	587	402	b0b0b0
	220	195	219	195	808080
	213	24	212	23	
	493	149	491	149	d0d0d0
	132	272	131	271	808080
	424	279	423	279	
	164	170	162	169	b0b0b0
	406	233	405	232	
	426	303	426	303	808080
	322	421	321	420	b0b0b0
	349	39	347	38	
	510	71	508	71	d0d0d0
	569	53	568	53	808080
	450	240	449	240	b0b0b0
	233	223	232	222	
	191	53	190	53	
	245	184	244	184	808080
	364	237	362	237	d0d0d0
	275	300	274	300	b0b0b0
	227	421	226	420	808080
	228	321		320	d0d0d0
	425	2	423	1	
	336	213	335	213	808080
	175	75	173	75	d0d0d0
	594	225	593	225	b0b0b0
	335	180	334	180	
	158	338	156	338	
	365	65	364	64	808080
	391		389	65	d0d0d0
	280	305	279	305	808080
	275	408	274	408	
	242	198	241	198	
	292	79	291	78	b0b0b0
	217	289	216	288	808080
	595	411	594	411	b0b0b0
	383	374	382	374	808080
	250	478	248	477	d0d0d0
	398	217	397	216	808080
	141	28	140	27	b0b0b0
	341	333	340	332	808080
	536	306	535	306	
	412	388	410	387	d0d0d0
	504	366	503	366	808080
	497	183	496	182	b0b0b0
	349	169	347	168	
	554	258	553	257	808080
	270	166	269	166	b0b0b0
	290	9	289	9	808080
	154	335	153	335	b0b0b0
	152	331	151	331	808080
	578	220	577	220	
	569	153	567	152	b0b0b0
	537	112	536	112	808080
	261	180	259	179	d0d0d0
	599	325	598	324	808080
	447	177	445	177	b0b0b0
	281	63	280	63	808080
	344	437	342	436	d0d0d0
	207	320	205	319	
	544	193	542	193	b0b0b0
	428	247	426	246	d0d0d0
	234	330	233	330	
	294	405	293	404	b0b0b0
	215	256	213	255	d0d0d0
	421	258	420	258	808080
	455	340	454	339	b0b0b0
	230	29	229	29	808080
	442	313	441	312	
	399	66	398	65	
	247	101	246	100	b0b0b0
	455	339	454	339	808080
	297	101	296	100	b0b0b0
	450	423	449	423	808080
	456	21	454	20	b0b0b0
	557	315	555	314	d0d0d0
	562	298	561	298	808080
	493	340	491	339	d0d0d0
	581	137	580	136	808080
	317	345	315	345	d0d0d0
	473	356	472	355	808080
	213	76	211	76	b0b0b0
	326	136	324	135	d0d0d0
	189	371	187	371	b0b0b0
	238	130	238	130	808080
	504	212	503	212	
	386	342	385	341	
	355	57	353	57	b0b0b0
	274	288	273	288	808080
	528	324	527	324	
	310	453	308	453	d0d0d0
	449	61	448	61	808080
	434	343	433	343	
	598	402	596	401	d0d0d0
	133	277	132	276	808080
	414	49	412	49	b0b0b0
	410	48	409	48	
	181	11	179	10	
	554	194	553	194	808080
	297	270	296	270	
	568	24	567	24	
	573	151	572	151	b0b0b0
	370	336	369	336	808080
point	1373	753	804000
	1376	744	
	1373	745	
	1378	776	
	1391	778	
	1401	775	
	1399	766	
	1389	776	
	1390	751	
	1381	756	
	1194	660	b05800
	1178	652	
	1179	655	
	1184	661	
	1186	655	
	1187		
	1183	666	
	1190	664	
	1178	654	
	1192	656	
	1081	603	e07000
	1077	602	
	1079	600	
		604	
	1082	599	
	1081	605	
	1080	601	
	1078	600	
	1081	601	
		599	
	1692	900	301800
	1653	898	
	1655	879	
	1633	907	
	1693	875	
	1685	888	
	1661	917	
	1681	889	
	1673	926	
	1679	922	
	1605	900	402000
	1613	853	
	1610	846	
	1598	897	
	1596	869	
	1593	880	
	1630	864	
	1617	844	
	1616	890	
	1590	865	
rect	288	0	289	481	005000
	495		496		002850
	128	106	609	107	005000
		313		314	002850
line	1017	565	1019	564	7fff7f
	1010	555	1011	554	
	1002	570	1003	569	
triangle	362	234	372	244	00c000
	637	278	643	284	c00000
plus	463	280	473	290	00c000
line	177	182	187	193	489048
			192	179	
	187	193			204020
draw	0	-144	128	624	/pictures/501.png
	608		640		/pictures/512.png
crop	29	159	35	171	32	36	ff0000	/fonts/computer.png
	35		41		64			
	41		47		40			
rect	614	359	615	457	007fff
			623	360	
	622			457	00488f
	614	456			
	615	360	622	456	0070e0
	614	231	615	268	909048
			623	232	
	622			268	505028
	614	267			
	615	232	622	267	707038
	614	268	615	329	ffff7f
			623	269	
	622			329	909048
	614	328			
	615	269	622	328	e0e070
	614	103	615	104	904848
			623		
	622				502828
	614				
		104	615	201	ff7f7f
			623	105	
	622			201	904848
	614	200			
	615	105	622	200	e07070
	618	8	630	9	90488f
			619	10	
	629		630		
	618	36		37	
		35	619		
	629		630		
	620	10	628	35	703870
		35			c060c0
	634	49	636	52	7fff7f
		53		56	60c060
		57		60	
		61		64	
		65		68	
		69		72	7fff7f
		73		76	0060c0
		77		80	
		81		84	
		85		88	
		89		92	007fff
		93		96	0060c0
		97		100	
		101		104	
		105		108	
		109		112	007fff
		113		116	0060c0
		117		120	183018
		121		124	
		125		128	
		129		132	
		133		136	
		137		140	
		141		144	
		145		148	
		149		152	
		153		156	
		157		160	
		161		164	
		165		168	
		169		172	
		173		176	
		177		180	
		181		184	
		185		188	
		189		192	
		193		196	
		197		200	
		201		204	
		205		208	
		209		212	
		213		216	
		217		220	
		221		224	
		225		228	
		229		232	
		233		236	
		237		240	
		241		244	
		245		248	
		249		252	
		253		256	
		257		260	
		261		264	
		265		268	
		269		272	
		273		276	
		277		280	
		281		284	
		285		288	
		289		292	
		293		296	
		297		300	
		301		304	
		305		308	
		309		312	
		313		316	
		317		320	
		321		324	
		325		328	
		329		332	
		333		336	
		337		340	
		341		344	
		345		348	
		349		352	
		353		356	
		357		360	
		361		364	
		365		368	
		369		372	
		373		376	
		377		380	
		381		384	
		385		388	
		389		392	
		393		396	
		397		400	
		401		404	
		405		408	
		409		412	
		413		416	
		417		420	
		421		424	
		425		428	
		429		432	
		433		436	
		437		440	
		441		444	
		445		448	
	621	52	631	56	303000
		57		61	
		62		66	
		67		71	
		72		76	
		77		81	
		82		86	
	7	7	115	115	00ff00
	8	8	114	114	001000
	16	16	108	108	003000
point	80	69	00e000
rect	12	320	121	440	001000
		342	120	343	009000
		368	13	380	
			121	369	
	120			380	005000
	12	379			
	13	369	120	379	007000
	12	438		439	009000
	16	450	114	475	001010
	17		18	462	00c0c0
			44	451	
	43			462	007070
	17	461			
	18	451	43	461	009090
	17	462	18	474	00c0c0
			44	463	
	43			474	007070
	17	473			
	18	463	43	473	009090
crop	15	320	21	332	16	48	00ff00	/fonts/computer.png
	21		27		40	60		
	27		33		72	48		
	33		39		96			
	39		45		32			
	45		51		0	24		
	51		57		24	60		
	57		63		64	48		
	63		69		72			
	69		75		0	60		
	75		81		24			
	15	332	21	344	0			
	21		27		72	72		
	27		33		24			
	33		39		32	84		
	39		45		120	72		
	45		51		16	84		
	51		57		72	72		
	57		63		24	84		
	63		69		0	24		
	69		75		8	48		
	75		81		96	72		
	81		87		0	84		
	87		93		64	72		
	93		99		8			
	15	344	21	356	48	48		
	21		27		72	72		
	27		33		56			
	33		39		64			
	39		45		32	84		
	45		51		40	72		
	51		57		16	84		
	15	356	21	368	24	48		
	21		27		16	84		
	27		33		40			
	33		39		72	72		
	39		45		24	84		
	45		51		40	72		
	51		57		16	84		
	15	368	21	380	56	48		
	21		27		40	84		
	27		33		112	72		
	33		39		24	84		
	39		45		64	72		
	45		51		72			
	51		57		0	84		
	15	380	21	392	32	60		
	21		27		16	84		
	27		33		8	72		
	33		39		112			
	39		45		24	84		
	45		51		0			
	51		57		120	72		
	57		63		16	84		
	63		69		32			
	19	450	25	462	16	60	00ffff	
	25		31		56	48		
	31		37		64			
	37		43		32	60		
	43		49		0	24		
	49		55		16	48		
	55		61		40	84		
	61		67		72	72		
	67		73		96			
	73		79		32			
	19	462	25	474	96	48		
	25		31		40			
	31		37		48			
	37		43		32	60		
	43		49		0	24		
	49		55		104	48		
	55		61		8	72		
	61		67		72			
	67		73		112			
	73		79		0	24		
	79		85		104	48		
	85		91		40	72		
	91		97		112			
	97		103		40	84		
rect	12	180	13	192	ffff00
			121	181	
	120			192	909000
	12	191			
	13	181	120	191	c0c000
crop	15	180	21	192	24	48	000000	/fonts/computer.png
	21		27		120			
	27		33		112			
	33		39		32	60		
	39		45		16			
	45		51		120	48		
	51		57		96			
	15	192	21	204	24		7fff7f	
	21		27		8			
	27		33		16	60		
	33		39					
	39		45		72	48		
	45		51		40			
	51		57		16	60		
draw	21	206	29	224	/sprites/649.SMIV/0
rect	14	204	36	205	489048
			15	206	
	35		36		
	14	225		226	
		224	15		
	35		36		
	42	206	49	206	003870
				224	0060c0
	40	204	51	205	00488f
			41	206	
	50		51		
	40	225		226	
		224	41		
	50		51		
	55	206	62	207	707000
		207		224	c0c000
	53	204	64	205	909000
			54	206	
	63		64		
	53	225		226	
		224	54		
	63		64		
crop	69	204	75	216	96	48	7fff7f	/fonts/computer.png
	75		81		24	60		
	81		87		16			
	87		93		32			
	93		99		40			
	99		105		16			
	105		111					
	111		117		32			
	69	216	75	228	104	48		
	75		81		56			
	81		87		112			
	87		93		32	60		
	93		99		120	48		
	99		105		0	60		
	105		111		96	48		
	111		117		24	60		
	69	192	75	204	96	48		
	75		81		112			
	81		87		24			
	87		93		64			
	93		99		16			
	99		105		8			
	105		111		72	60		
	12	228	18	240	0		00ff00	
	18		24		120	72		
	24		30		56	84		
	30		36		40	72		
	36		42		16	84		
	42		48		0	24		
	48		54		24	60		
	54		60		32	84		
	60		66		8	72		
	66		72		32	84		
	72		78		72	72		
	78		84		120			
	84		90		112			
	90		96		0	24		
	96		102		16	48		
	102		108		0	60		
	108		114		8	36		
rect	12	252	13	264	007fff
			121	253	
	120			264	00488f
	12	263			
	13	253	120	263	0060c0
crop	15	252	21	264	32	60	000000	/fonts/computer.png
	21		27		8	48		
	27		33		16	60		
	33		39		56	48		
	39		45		40			
	45		51		32	60		
	15	264	21	276	0		7fff7f	
	21		27		120	72		
	27		33		56	84		
	33		39		40	72		
	39		45		16	84		
	45		51		0	24		
	51		57		24	60		
	57		63		32	84		
	63		69		8	72		
	69		75		32	84		
	75		81		72	72		
	81		87		120			
	87		93		112			
	93		99		0	24		
	99		105		16	48		
	105		111		0	60		
	111		117		8	36		
draw	16	279	34	295	/sprites/564.SMIV/0
rect	14	276	36	277	489048
			15	278	
	35		36		
	14	297		298	
		296	15		
	35		36		
	42	278	49	278	003870
				296	0060c0
	40	276	51	277	00488f
			41	278	
	50		51		
	40	297		298	
		296	41		
	50		51		
