line	403	397	404	397	b0b0b0
	501	241	502	241	808080
	496	449	496	449	d0d0d0
	437	229	437	228	
	256	396	257	396	b0b0b0
	572	92	573	92	808080
	468	346	469	346	d0d0d0
	513	117	514	117	
	590	70	590	70	808080
	589	36		36	d0d0d0
	548	126	549	126	b0b0b0
	148	44	148	44	808080
	296	81	297	81	
	571	72	572	72	d0d0d0
	515	159	516	159	b0b0b0
	398	381	399	381	
	558	396	559	396	
	172	107	172	107	808080
	255	271	255	271	
	558	475	559	475	d0d0d0
	174		175		808080
	152	121	152	121	
	202	334	203	334	d0d0d0
	545	371	546	371	808080
	305	438	305	438	
	272	115	273	115	
	267	289	267	289	b0b0b0
	488	117	489	117	d0d0d0
	587	292	588	292	808080
	476	145	477	145	
	232	265	233	265	
	553	173	554	173	b0b0b0
	515	83	515	83	808080
	543	122	543	122	b0b0b0
	194	156	195	156	808080
	571	81	572	81	b0b0b0
	421	149	422	149	d0d0d0
	590	375	591	375	808080
	541	35	542	35	
	212	41	213	41	b0b0b0
	552	42	553	42	808080
	557	95	558	95	
	132	44	132	44	d0d0d0
	438	182	438	182	b0b0b0
	436	339	437	339	808080
	382	22	383	22	b0b0b0
	579	254	579	254	808080
	194	228	195	228	
	297	39	298	39	
	584	204	585	204	d0d0d0
	375	396	376	396	b0b0b0
	587	369	588	369	d0d0d0
	181	50	182	50	808080
	143	287	143	287	
	468	443	468	443	b0b0b0
	375	121	376	121	d0d0d0
	259	199	260	199	b0b0b0
	486	375	486	375	808080
	474	393	474	393	
	354	266	355	266	
	382	95	383	95	b0b0b0
	332	192	333	192	
	484	111	485	111	d0d0d0
	605	175	606	175	b0b0b0
	202	44	203	44	
	548	220	549	220	d0d0d0
	241	364	242	364	b0b0b0
	245	395	245	395	808080
	394	153	395	153	
	556	186	557	186	b0b0b0
	346	255	347	255	808080
	303	359	303	359	
	198	71	199	71	d0d0d0
	476	275	477	275	808080
	574	26	575	26	d0d0d0
	427	467	427	467	b0b0b0
	537	468	538	468	
	415	432	415	432	
	366	234	367	234	
	295	309	295	309	
	286	121	286	121	808080
	434	305	434	305	b0b0b0
	508	454	509	454	d0d0d0
	153	204	153	204	808080
	485	460	486	460	
	530	67	531	67	b0b0b0
	503	187	504	187	
	402	223	402	223	808080
	213	19	213	19	
	337	51	338	51	d0d0d0
	421	63	421	63	808080
	144	160	145	160	d0d0d0
	163	192	163	192	
	155	88	155	88	
	599	410	600	410	
	358	290	359	290	b0b0b0
	519	472	520	472	d0d0d0
	417	230	417	230	808080
	352	449	353	449	b0b0b0
	301	133	302	133	d0d0d0
	358	65	359	65	b0b0b0
	128	414	128	414	808080
	412	253	412	253	
	452	405	453	405	b0b0b0
	529	332	529	332	
	579	475	579	475	
	280	97	280	97	808080
	573	91	574	91	d0d0d0
	378	232	379	232	
	172	385	172	385	b0b0b0
	484	433	484	433	808080
	585	336	586	336	
	475	228	475	228	
	425	142	426	142	b0b0b0
	180	474	181	474	
	512	405	513	405	d0d0d0
	206	358	206	358	808080
	290	457	290	457	
	130	187	130	187	
	286	259	286	259	
	502	11	502	11	
	574	472	574	472	
	244	188	245	188	b0b0b0
	334	454	334	454	808080
	602	365	603	365	
	155	0	155	480	002850
	247		247		
	339		339		005000
	431		431		002850
	523		523		
	128	26	608	26	
		118		118	
		210		210	
		302		302	005000
		394		394	002850
rect	546	435	558	447	900000
	520	246	532	258	
	532	351	548	367	
triangle	362	234	372	244	009000
diamond	565	389	585	409	c00000
	550	362	566	378	
triangle	524	239	530	245	c00000
	522	238	532	248	
plus	533	351	543	361	c00000
triangle	523	249	529	255	c00000
	514		520		
	548	349	554	355	
rect	564	331	566	333	00c000
	600	356	602	358	
triangle	552	374	562	384	c00000
	555	358	561	364	
	570	403	576	409	
dither	200	50	346	67	300018
crop	204	54	211	65	56	55	000000	/fonts/tactical
	211		218		8	44		
	218		225		16	55		
	225		232		112	44		
	232		239		72			
	239		246		112			
	246		253		56			
	253		260		80	33		
	260		267		0	22		
	267		274		24	55		
	274		281		64	66		
	281		288		72			
	288		295		40			
	295		302		96			
	302		309		32			
	309		316		24	77		
	316		323		0	22		
	323		330		96	44		
	330		337		120	66		
	337		344		56	77		
	203	53	210	64		55	ff007f	
	210		217		8	44		
	217		224		16	55		
	224		231		112	44		
	231		238		72			
	238		245		112			
	245		252		56			
	252		259		80	33		
	259		266		0	22		
	266		273		24	55		
	273		280		64	66		
	280		287		72			
	287		294		40			
	294		301		96			
	301		308		32			
	308		315		24	77		
	315		322		0	22		
	322		329		96	44		
	329		336		120	66		
	336		343		56	77		
line	566	236	553	229	489048
				244	
	553	229			204020
draw	0	0	128	480	/pictures/501.png
	608		640		/pictures/512.png
crop	29	159	35	171	32	36	ff0000	/fonts/computer
	35		41		56			
	41		47		72			
line	614	451	614	359	00488f
		359	622		
	622			451	002850
		451	614		
rect	615	360	622	451	003870
line	614	456	614	452	007fff
		452	622		
	622			456	00488f
		456	614		
rect	615	453	622	456	0070e0
line	614	243	614	231	909048
		231	622		
	622			243	505028
		243	614		
rect	615	232	622	243	707038
line	614	328	614	244	ffff7f
		244	622		
	622			328	909048
		328	614		
rect	615	245	622	328	e0e070
line	614	117	614	103	904848
		103	622		
	622			117	502828
		117	614		
rect	615	104	622	117	703838
line	614	200	614	118	ff7f7f
		118	622		
	622			200	904848
		200	614		
rect	615	119	622	200	e07070
line	618	8	629	8	90488f
			618	9	
	629		629		
	618	36		36	
			618	35	
	629		629		
rect	620	10	628	35	703870
		21			c060c0
	634	49	636	52	7fff7f
		53		56	60c060
		57		60	
		61		64	
		65		68	
		69		72	7fff7f
		73		76	60c060
		77		80	
		81		84	703800
		85		88	
		89		92	904800
		93		96	183018
		97		100	
		101		104	
		105		108	
		109		112	
		113		116	
		117		120	
		121		124	
		125		128	
		129		132	
		133		136	
		137		140	
		141		144	
		145		148	
		149		152	
		153		156	
		157		160	
		161		164	
		165		168	
		169		172	
		173		176	
		177		180	
		181		184	
		185		188	
		189		192	
		193		196	
		197		200	
		201		204	
		205		208	
		209		212	
		213		216	
		217		220	
		221		224	
		225		228	
		229		232	
		233		236	
		237		240	
		241		244	
		245		248	
		249		252	
		253		256	
		257		260	
		261		264	
		265		268	
		269		272	
		273		276	
		277		280	
		281		284	
		285		288	
		289		292	
		293		296	
		297		300	
		301		304	
		305		308	
		309		312	
		313		316	
		317		320	
		321		324	
		325		328	
		329		332	
		333		336	
		337		340	
		341		344	
		345		348	
		349		352	
		353		356	
		357		360	
		361		364	
		365		368	
		369		372	
		373		376	
		377		380	
		381		384	
		385		388	
		389		392	
		393		396	
		397		400	
		401		404	
		405		408	
		409		412	
		413		416	
		417		420	
		421		424	
		425		428	
		429		432	
		433		436	
		437		440	
		441		444	
		445		448	
	621	52	631	56	303000
		57		61	
		62		66	
		67		71	
		72		76	
		77		81	
		82		86	
	7	7	115	115	00ff00
	8	8	114	114	001000
					003000
	12	320	121	440	001000
crop	15	320	21	332	16	48	00ff00	/fonts/computer
	21		27		40	60		
	27		33		72	48		
	33		39		96			
	39		45		32			
	45		51		0	24		
	51		57		24	60		
	57		63		64	48		
	63		69		72			
	69		75		0	60		
	75		81		24			
line	12	342	119	342	009000
crop	15	332	21	344	0	60	00ff00	/fonts/computer
	21		27		72	72		
	27		33		24			
	33		39		32	84		
	39		45		120	72		
	45		51		16	84		
	51		57		72	72		
	57		63		24	84		
	63		69		0	24		
	69		75		8	48		
	75		81		96	72		
	81		87		0	84		
	87		93		64	72		
	93		99		8			
	15	344	21	356	48	48		
	21		27		72	72		
	27		33		56			
	33		39		64			
	39		45		32	84		
	45		51		40	72		
	51		57		16	84		
	15	356	21	368	24	48		
	21		27		16	84		
	27		33		40			
	33		39		72	72		
	39		45		24	84		
	45		51		40	72		
	51		57		16	84		
line	12	379	12	368	009000
		368	120		
	120			379	005000
		379	12		
rect	13	369	120	379	007000
crop	15	368	21	380	56	48	003000	/fonts/computer
	21		27		40	84		
	27		33		112	72		
	33		39		24	84		
	39		45		64	72		
	45		51		72			
	51		57		0	84		
	15	380	21	392	32	60	00ff00	
	21		27		16	84		
	27		33		8	72		
	33		39		112			
	39		45		24	84		
	45		51		0			
	51		57		120	72		
	57		63		16	84		
	63		69		32			
line	12	438	119	438	009000
rect	16	450	114	475	001010
line	17	461	17	450	00c0c0
		450	43		
	43			461	007070
		461	17		
rect	18	451	43	461	009090
crop	19	450	25	462	16	60	00ffff	/fonts/computer
	25		31		56	48		
	31		37		64			
	37		43		32	60		
	43		49		0	24		
	49		55		16	48		
	55		61		40	84		
	61		67		72	72		
	67		73		96			
	73		79		32			
line	17	473	17	462	00c0c0
		462	43		
	43			473	007070
		473	17		
rect	18	463	43	473	009090
crop	19	462	25	474	96	48	00ffff	/fonts/computer
	25		31		40			
	31		37		48			
	37		43		32	60		
	43		49		0	24		
	49		55		104	48		
	55		61		8	72		
	61		67		72			
	67		73		112			
	73		79		0	24		
	79		85		104	48		
	85		91		40	72		
	91		97		112			
	97		103		40	84		
line	12	191	12	180	ffff00
		180	120		
	120			191	909000
		191	12		
rect	13	181	120	191	c0c000
crop	15	180	21	192	24	48	000000	/fonts/computer
	21		27		120			
	27		33		112			
	33		39		32	60		
	39		45		16			
	45		51		120	48		
	51		57		96			
line	14	204	35	204	489048
			14	205	
	35		35		
	14	225		225	
			14	224	
	35		35		
	12	263	12	252	007fff
		252	120		
	120			263	00488f
		263	12		
rect	13	253	120	263	0060c0
crop	15	252	21	264	32	60	000000	/fonts/computer
	21		27		8	48		
	27		33		16	60		
	33		39		56	48		
	39		45		40			
	45		51		32	60		
	15	264	21	276	0		7fff7f	
	21		27		120	72		
	27		33		56	84		
	33		39		40	72		
	39		45		16	84		
	45		51		0	24		
	51		57		24	60		
	57		63		32	84		
	63		69		8	72		
	69		75		32	84		
	75		81		72	72		
	81		87		120			
	87		93		112			
	93		99		0	24		
	99		105		16	48		
	105		111		0	60		
	111		117		8	36		
draw	16	279	34	295	/sprites/564.SMIV/0
line	14	276	35	276	489048
			14	277	
	35		35		
	14	297		297	
			14	296	
	35		35		
rect	42	278	49	292	003870
		292		296	0060c0
line	40	276	50	276	00488f
			40	277	
	50		50		
	40	297		297	
			40	296	
	50		50		
