point	522	327	d0d0d0
	513	7	808080
	143	423	
	369	451	
	515	442	b0b0b0
	593	91	808080
	363	468	b0b0b0
	263	279	d0d0d0
	243	361	808080
	260	311	d0d0d0
	495	363	b0b0b0
	129	231	
	160	16	
	357	193	808080
	212	454	
	223	364	
	337	157	b0b0b0
	476	85	
	265	89	808080
	243	193	b0b0b0
	597	85	d0d0d0
	226	31	
	412	59	808080
	504	277	d0d0d0
	316	202	808080
	282	230	
	253	298	b0b0b0
	316	52	808080
	592	323	b0b0b0
	448	433	d0d0d0
	363	55	
	342	6	
	465	374	808080
	321	23	b0b0b0
	205	472	808080
	432	272	
	282	246	
	600	285	
	575	400	
	160	278	b0b0b0
	313	262	
	148	476	808080
	138	273	
	534	458	
	449	145	
	307	46	
	579	365	b0b0b0
	446	113	d0d0d0
	161	157	b0b0b0
	338	451	d0d0d0
	216	4	
	164	429	808080
	190	48	
	553	441	b0b0b0
	545	159	
	559		
	217	334	d0d0d0
	171	293	
	533	416	808080
	248	128	b0b0b0
	307	121	808080
	330	346	b0b0b0
	508	221	d0d0d0
	580	141	
	605	92	808080
	404	267	b0b0b0
	578	259	d0d0d0
	255	42	808080
	406	151	
	246	117	d0d0d0
	359	264	808080
	554	25	
	408	121	
	374	88	d0d0d0
	359	277	808080
	428	362	d0d0d0
	488	228	808080
	550	235	d0d0d0
	425	309	b0b0b0
	535	161	
	143	67	
	357	410	d0d0d0
	428	357	808080
	363	179	d0d0d0
	390	16	
	308	166	b0b0b0
	523	110	808080
	265	427	b0b0b0
	223	151	808080
	285	325	d0d0d0
	301	351	
	144	197	808080
	599	128	d0d0d0
	405	235	b0b0b0
	372	214	808080
	291	169	
	447	390	
	462	222	
	387	4	
	347	423	b0b0b0
	557	69	808080
	497	454	d0d0d0
	424	159	808080
	355	19	
	209	132	d0d0d0
	584	236	808080
	135	51	b0b0b0
	489	132	808080
	177	267	b0b0b0
	405	306	808080
	189	396	b0b0b0
	583	122	d0d0d0
	319	268	
	334	433	
	213	305	808080
	191	49	b0b0b0
	411	314	808080
	301	146	
	316	95	d0d0d0
	327	265	
	269	6	
	488	158	b0b0b0
	273	342	808080
	505	378	b0b0b0
	133	176	808080
rect	218	0	219	481	002850
	343		344		
	468		469		005000
	593		594		002850
	128	106	609	107	
		231		232	005000
		356		357	002850
	248	410	260	422	900000
	213	154	225	166	
	230	297	246	313	
triangle	362	234	372	244	009000
diamond	270	356	290	376	c00000
	275	294	291	310	
triangle	201	156	207	162	c00000
	209	157	219	167	
plus	231	296	241	306	c00000
		300		310	
triangle	200	149	206	155	c00000
	221	162	227	168	
	287	366	293	372	
rect	262	211	264	213	00c000
	372	288	374	290	
triangle	286	363	296	373	c00000
	283	307	289	313	
	279	354	285	360	
dither	200	50	339	67	003030
crop	204	54	211	65	80	55	000000	/fonts/tactical
	211		218		120	66		
	218		225					
	225		232		104			
	232		239		0	22		
	239		246		32	77		
	246		253		120	66		
	253		260		0	22		
	260		267		8	44		
	267		274		96	66		
	274		281					
	281		288		0	22		
	288		295		120	44		
	295		302		16	66		
	302		309		80			
	309		316		40			
	316		323		24			
	323		330		32	77		
	330		337		24			
	203	53	210	64	80	55	00ffff	
	210		217		120	66		
	217		224					
	224		231		104			
	231		238		0	22		
	238		245		32	77		
	245		252		120	66		
	252		259		0	22		
	259		266		8	44		
	266		273		96	66		
	273		280					
	280		287		0	22		
	287		294		120	44		
	294		301		16	66		
	301		308		80			
	308		315		40			
	315		322		24			
	322		329		32	77		
	329		336		24			
line	556	175	541	173	489048
			546	187	
	541	173			204020
draw	0	0	128	480	/pictures/501.png
	608		640		/pictures/512.png
crop	29	159	35	171	32	36	ff0000	/fonts/computer
	35		41		56			
	41		47		72			
rect	614	359	615	452	00488f
			623	360	
	622			452	002850
	614	451			
	615	360	622	451	003870
	614	452	615	457	007fff
			623	453	
	622			457	00488f
	614	456			
	615	453	622	456	0070e0
	614	231	615	241	909048
			623	232	
	622			241	505028
	614	240			
	615	232	622	240	707038
	614	241	615	329	ffff7f
			623	242	
	622			329	909048
	614	328			
	615	242	622	328	e0e070
	614	103	615	117	904848
			623	104	
	622			117	502828
	614	116			
	615	104	622	116	703838
	614	117	615	201	ff7f7f
			623	118	
	622			201	904848
	614	200			
	615	118	622	200	e07070
	618	8	630	9	90488f
			619	10	
	629		630		
	618	36		37	
		35	619		
	629		630		
	620	10	628	35	703870
		35			c060c0
	634	49	636	52	007fff
		53		56	0060c0
		57		60	
		61		64	
		65		68	
		69		72	007fff
		73		76	0060c0
		77		80	
		81		84	
		85		88	
		89		92	007fff
		93		96	183018
		97		100	
		101		104	
		105		108	
		109		112	
		113		116	
		117		120	
		121		124	
		125		128	
		129		132	
		133		136	
		137		140	
		141		144	
		145		148	
		149		152	
		153		156	
		157		160	
		161		164	
		165		168	
		169		172	
		173		176	
		177		180	
		181		184	
		185		188	
		189		192	
		193		196	
		197		200	
		201		204	
		205		208	
		209		212	
		213		216	
		217		220	
		221		224	
		225		228	
		229		232	
		233		236	
		237		240	
		241		244	
		245		248	
		249		252	
		253		256	
		257		260	
		261		264	
		265		268	
		269		272	
		273		276	
		277		280	
		281		284	
		285		288	
		289		292	
		293		296	
		297		300	
		301		304	
		305		308	
		309		312	
		313		316	
		317		320	
		321		324	
		325		328	
		329		332	
		333		336	
		337		340	
		341		344	
		345		348	
		349		352	
		353		356	
		357		360	
		361		364	
		365		368	
		369		372	
		373		376	
		377		380	
		381		384	
		385		388	
		389		392	
		393		396	
		397		400	
		401		404	
		405		408	
		409		412	
		413		416	
		417		420	
		421		424	
		425		428	
		429		432	
		433		436	
		437		440	
		441		444	
		445		448	
	621	52	631	56	303000
		57		61	
		62		66	
		67		71	
		72		76	
		77		81	
		82		86	
	7	7	115	115	00ff00
	8	8	114	114	001000
					003000
point	14	35	00a000
	20	82	
	34	101	
	35	81	
	19	80	
	9	35	
	35	83	
	11	36	
	14	38	
	19	82	
	15	37	
	28	52	
	37	102	
	63	76	
	8	33	
	35	99	
	36	83	
	37	102	
rect	12	320	121	440	001000
crop	15	320	21	332	16	48	00ff00	/fonts/computer
	21		27		40	60		
	27		33		72	48		
	33		39		96			
	39		45		32			
	45		51		0	24		
	51		57		24	60		
	57		63		64	48		
	63		69		72			
	69		75		0	60		
	75		81		24			
rect	12	342	120	343	009000
crop	15	332	21	344	0	60	00ff00	/fonts/computer
	21		27		72	72		
	27		33		24			
	33		39		32	84		
	39		45		120	72		
	45		51		16	84		
	51		57		72	72		
	57		63		24	84		
	63		69		0	24		
	69		75		8	48		
	75		81		96	72		
	81		87		0	84		
	87		93		64	72		
	93		99		8			
	15	344	21	356	48	48		
	21		27		72	72		
	27		33		56			
	33		39		64			
	39		45		32	84		
	45		51		40	72		
	51		57		16	84		
	15	356	21	368	24	48		
	21		27		16	84		
	27		33		40			
	33		39		72	72		
	39		45		24	84		
	45		51		40	72		
	51		57		16	84		
rect	12	368	13	380	009000
			121	369	
	120			380	005000
	12	379			
	13	369	120	379	007000
crop	15	368	21	380	56	48	003000	/fonts/computer
	21		27		40	84		
	27		33		112	72		
	33		39		24	84		
	39		45		64	72		
	45		51		72			
	51		57		0	84		
	15	380	21	392	32	60	00ff00	
	21		27		16	84		
	27		33		8	72		
	33		39		112			
	39		45		24	84		
	45		51		0			
	51		57		120	72		
	57		63		16	84		
	63		69		32			
rect	12	438	120	439	009000
	16	450	114	475	001010
	17		18	462	00c0c0
			44	451	
	43			462	007070
	17	461			
	18	451	43	461	009090
crop	19	450	25	462	16	60	00ffff	/fonts/computer
	25		31		56	48		
	31		37		64			
	37		43		32	60		
	43		49		0	24		
	49		55		16	48		
	55		61		40	84		
	61		67		72	72		
	67		73		96			
	73		79		32			
rect	17	462	18	474	00c0c0
			44	463	
	43			474	007070
	17	473			
	18	463	43	473	009090
crop	19	462	25	474	96	48	00ffff	/fonts/computer
	25		31		40			
	31		37		48			
	37		43		32	60		
	43		49		0	24		
	49		55		104	48		
	55		61		8	72		
	61		67		72			
	67		73		112			
	73		79		0	24		
	79		85		104	48		
	85		91		40	72		
	91		97		112			
	97		103		40	84		
rect	12	180	13	192	ffff00
			121	181	
	120			192	909000
	12	191			
	13	181	120	191	c0c000
crop	15	180	21	192	24	48	000000	/fonts/computer
	21		27		120			
	27		33		112			
	33		39		32	60		
	39		45		16			
	45		51		120	48		
	51		57		96			
rect	14	204	36	205	489048
			15	206	
	35		36		
	14	225		226	
		224	15		
	35		36		
	12	252	13	264	007fff
			121	253	
	120			264	00488f
	12	263			
	13	253	120	263	0060c0
crop	15	252	21	264	32	60	000000	/fonts/computer
	21		27		8	48		
	27		33		16	60		
	33		39		56	48		
	39		45		40			
	45		51		32	60		
	15	264	21	276	0		7fff7f	
	21		27		120	72		
	27		33		56	84		
	33		39		40	72		
	39		45		16	84		
	45		51		0	24		
	51		57		24	60		
	57		63		32	84		
	63		69		8	72		
	69		75		32	84		
	75		81		72	72		
	81		87		120			
	87		93		112			
	93		99		0	24		
	99		105		16	48		
	105		111		0	60		
	111		117		8	36		
draw	16	279	34	295	/sprites/564.SMIV/0
rect	14	276	36	277	489048
			15	278	
	35		36		
	14	297		298	
		296	15		
	35		36		
	42	278	49	292	003870
		292		296	0060c0
	40	276	51	277	00488f
			41	278	
	50		51		
	40	297		298	
		296	41		
	50		51		
