point	523	186	d0d0d0
	377	333	b0b0b0
	359	417	808080
	230	73	
	576	97	
	221	74	d0d0d0
	168	197	808080
	212	406	
	310	357	
	249	96	b0b0b0
	305	358	
	369	164	
	474	36	
	413	263	d0d0d0
	528	47	
	157	452	
	303	58	808080
	384	63	b0b0b0
	546	276	808080
	145	75	b0b0b0
	408	217	808080
	402	280	b0b0b0
	358	368	
	188	127	
	328	310	
	267	131	
	462	104	808080
	159	36	
	174	67	b0b0b0
	212	330	808080
	325	207	
	253	178	
	329	420	
	563	206	d0d0d0
	238	297	
	130	384	808080
	291	175	
	569	114	d0d0d0
	546	394	
	464	352	808080
	259	465	b0b0b0
	317	249	d0d0d0
	220	24	b0b0b0
	238	90	808080
	273	299	b0b0b0
	555	183	808080
	593	307	b0b0b0
	279	244	808080
	172	28	
	388	199	b0b0b0
	266	75	
	204	316	
	276	464	d0d0d0
	422	304	
	462	298	808080
	447	81	
	325	448	b0b0b0
	455	120	
	269	149	808080
	597	192	
	577	319	
	457	376	d0d0d0
	302	102	b0b0b0
	157	2	808080
	556	37	d0d0d0
	594	179	b0b0b0
	436	264	808080
	319	313	
	571	217	
	434	295	
	432	242	d0d0d0
	520	465	808080
	150	29	
	507	354	d0d0d0
	560	382	808080
	163	194	
	267	269	
	186	435	b0b0b0
	286	4	
	458	432	
	554	292	
	221	396	d0d0d0
	537	306	b0b0b0
	437	19	808080
	405	165	
	584	90	d0d0d0
	384	214	b0b0b0
	603	230	d0d0d0
	171	457	b0b0b0
	536	453	808080
	148	296	d0d0d0
	320	425	808080
	336	174	
	298	301	
	503	432	d0d0d0
	303	307	
	232	262	b0b0b0
	146	348	808080
	439	203	d0d0d0
	174	209	808080
	545	280	b0b0b0
	471	352	808080
	310	419	
	141	282	d0d0d0
	217	199	808080
	459	312	
	242	36	
	392	60	d0d0d0
	418	87	808080
	419	59	b0b0b0
	489	382	808080
	250	408	b0b0b0
	349	29	808080
	428	180	b0b0b0
	261	411	
	357	312	808080
	131	298	
	522	72	b0b0b0
	286	86	d0d0d0
	575	374	b0b0b0
	483	235	808080
	535	286	
	329	43	
	538	161	
	601	207	d0d0d0
rect	159	0	160	481	005000
	426		427		002850
	128	51	609	52	005000
		318		319	002850
triangle	362	234	372	244	00c000
plus	204	245	214	255	c00000
	217	215	227	225	
line	169	219	181	228	489048
			183	213	
	181	228			204020
draw	0	0	128	480	/pictures/501.png
	608		640		/pictures/512.png
crop	29	159	35	171	32	36	ff0000	/fonts/computer
	35		41		72			
	41		47		0			
rect	614	359	615	360	00488f
			623		
	622				002850
	614				
		360	615	457	007fff
			623	361	
	622			457	00488f
	614	456			
	615	361	622	456	0070e0
	614	231	615	244	909048
			623	232	
	622			244	505028
	614	243			
	615	232	622	243	707038
	614	244	615	329	ffff7f
			623	245	
	622			329	909048
	614	328			
	615	245	622	328	e0e070
	614	103	615	110	904848
			623	104	
	622			110	502828
	614	109			
	615	104	622	109	703838
	614	110	615	201	ff7f7f
			623	111	
	622			201	904848
	614	200			
	615	111	622	200	e07070
	618	8	630	9	90488f
			619	10	
	629		630		
	618	36		37	
		35	619		
	629		630		
	620	10	628	35	703870
		35			c060c0
	634	49	636	52	7fff7f
		53		56	60c060
		57		60	
		61		64	
		65		68	
		69		72	7fff7f
		73		76	60c060
		77		80	
		81		84	703800
		85		88	
		89		92	904800
		93		96	183018
		97		100	
		101		104	
		105		108	
		109		112	
		113		116	
		117		120	
		121		124	
		125		128	
		129		132	
		133		136	
		137		140	
		141		144	
		145		148	
		149		152	
		153		156	
		157		160	
		161		164	
		165		168	
		169		172	
		173		176	
		177		180	
		181		184	
		185		188	
		189		192	
		193		196	
		197		200	
		201		204	
		205		208	
		209		212	
		213		216	
		217		220	
		221		224	
		225		228	
		229		232	
		233		236	
		237		240	
		241		244	
		245		248	
		249		252	
		253		256	
		257		260	
		261		264	
		265		268	
		269		272	
		273		276	
		277		280	
		281		284	
		285		288	
		289		292	
		293		296	
		297		300	
		301		304	
		305		308	
		309		312	
		313		316	
		317		320	
		321		324	
		325		328	
		329		332	
		333		336	
		337		340	
		341		344	
		345		348	
		349		352	
		353		356	
		357		360	
		361		364	
		365		368	
		369		372	
		373		376	
		377		380	
		381		384	
		385		388	
		389		392	
		393		396	
		397		400	
		401		404	
		405		408	
		409		412	
		413		416	
		417		420	
		421		424	
		425		428	
		429		432	
		433		436	
		437		440	
		441		444	
		445		448	
	621	52	631	56	303000
		57		61	
		62		66	
		67		71	
		72		76	
		77		81	
		82		86	
	7	7	115	115	00ff00
	8	8	114	114	001000
	23	23	99	99	003000
point	36	62	00a000
	38	58	
rect	12	320	121	440	001000
		342	120	343	009000
		368	13	380	
			121	369	
	120			380	005000
	12	379			
	13	369	120	379	007000
	12	438		439	009000
	16	450	114	475	001010
	17		18	462	00c0c0
			44	451	
	43			462	007070
	17	461			
	18	451	43	461	009090
	17	462	18	474	00c0c0
			44	463	
	43			474	007070
	17	473			
	18	463	43	473	009090
crop	15	320	21	332	16	48	00ff00	/fonts/computer
	21		27		40	60		
	27		33		72	48		
	33		39		96			
	39		45		32			
	45		51		0	24		
	51		57		24	60		
	57		63		64	48		
	63		69		72			
	69		75		0	60		
	75		81		24			
	15	332	21	344	0			
	21		27		72	72		
	27		33		24			
	33		39		32	84		
	39		45		120	72		
	45		51		16	84		
	51		57		72	72		
	57		63		24	84		
	63		69		0	24		
	69		75		8	48		
	75		81		96	72		
	81		87		0	84		
	87		93		64	72		
	93		99		8			
	15	344	21	356	48	48		
	21		27		72	72		
	27		33		56			
	33		39		64			
	39		45		32	84		
	45		51		40	72		
	51		57		16	84		
	15	356	21	368	24	48		
	21		27		16	84		
	27		33		40			
	33		39		72	72		
	39		45		24	84		
	45		51		40	72		
	51		57		16	84		
	15	368	21	380	56	48	003000	
	21		27		40	84		
	27		33		112	72		
	33		39		24	84		
	39		45		64	72		
	45		51		72			
	51		57		0	84		
	15	380	21	392	32	60	00ff00	
	21		27		16	84		
	27		33		8	72		
	33		39		112			
	39		45		24	84		
	45		51		0			
	51		57		120	72		
	57		63		16	84		
	63		69		32			
	19	450	25	462	16	60	00ffff	
	25		31		56	48		
	31		37		64			
	37		43		32	60		
	43		49		0	24		
	49		55		16	48		
	55		61		40	84		
	61		67		72	72		
	67		73		96			
	73		79		32			
	19	462	25	474	96	48		
	25		31		40			
	31		37		48			
	37		43		32	60		
	43		49		0	24		
	49		55		104	48		
	55		61		8	72		
	61		67		72			
	67		73		112			
	73		79		0	24		
	79		85		104	48		
	85		91		40	72		
	91		97		112			
	97		103		40	84		
rect	12	180	13	192	ffff00
			121	181	
	120			192	909000
	12	191			
	13	181	120	191	c0c000
crop	15	180	21	192	24	48	000000	/fonts/computer
	21		27		120			
	27		33		112			
	33		39		32	60		
	39		45		16			
	45		51		120	48		
	51		57		96			
	15	192	21	204	56		7fff7f	
	21		27		40	60		
	27		33		112	48		
	33		39		24	60		
	39		45		64	48		
	45		51		72			
	51		57		0	60		
draw	18	206	32	224	/sprites/652.SMIV/0
rect	14	204	36	205	489048
			15	206	
	35		36		
	14	225		226	
		224	15		
	35		36		
	42	206	49	207	003870
		207		224	0060c0
	40	204	51	205	00488f
			41	206	
	50		51		
	40	225		226	
		224	41		
	50		51		
	55	206	62	209	707000
		209		224	c0c000
	53	204	64	205	909000
			54	206	
	63		64		
	53	225		226	
		224	54		
	63		64		
crop	69	204	75	216	96	48	7fff7f	/fonts/computer
	75		81		24	60		
	81		87		16			
	87		93		32			
	93		99		40			
	99		105		16			
	105		111					
	111		117		32			
	69	216	75	228	104	48		
	75		81		56			
	81		87		112			
	87		93		32	60		
	93		99		120	48		
	99		105		0	60		
	105		111		96	48		
	111		117		24	60		
	12	228	18	240	0		00ff00	
	18		24		120	72		
	24		30		56	84		
	30		36		40	72		
	36		42		16	84		
	42		48		0	24		
	48		54		24	60		
	54		60		32	84		
	60		66		8	72		
	66		72		32	84		
	72		78		72	72		
	78		84		120			
	84		90		112			
	90		96		0	24		
	96		102		16	48		
	102		108		0	60		
	108		114		8	36		
rect	12	252	13	264	007fff
			121	253	
	120			264	00488f
	12	263			
	13	253	120	263	0060c0
crop	15	252	21	264	32	60	000000	/fonts/computer
	21		27		8	48		
	27		33		16	60		
	33		39		56	48		
	39		45		40			
	45		51		32	60		
	15	264	21	276	0		7fff7f	
	21		27		120	72		
	27		33		56	84		
	33		39		40	72		
	39		45		16	84		
	45		51		0	24		
	51		57		24	60		
	57		63		32	84		
	63		69		8	72		
	69		75		32	84		
	75		81		72	72		
	81		87		120			
	87		93		112			
	93		99		0	24		
	99		105		16	48		
	105		111		0	60		
	111		117		8	36		
draw	16	279	34	295	/sprites/564.SMIV/0
rect	14	276	36	277	489048
			15	278	
	35		36		
	14	297		298	
		296	15		
	35		36		
	42	278	49	292	003870
		292		296	0060c0
	40	276	51	277	00488f
			41	278	
	50		51		
	40	297		298	
		296	41		
	50		51		
