point	232	401	b0b0b0
	516	382	
	536	78	
	180	266	d0d0d0
	202	136	808080
	395	464	b0b0b0
	560	420	808080
	353	198	b0b0b0
	535	454	
	470	57	808080
	471	44	
	225	230	
	394	214	b0b0b0
	316	374	808080
	548	180	
	383	241	b0b0b0
	209	402	808080
	592	15	b0b0b0
	345	14	d0d0d0
	427	214	808080
	481	64	
	343	59	
	202	246	d0d0d0
	568	377	b0b0b0
	509	278	d0d0d0
	407	50	b0b0b0
	368	267	
	516	6	d0d0d0
	180	23	808080
	216	389	d0d0d0
	371	429	808080
	454	254	b0b0b0
	249	463	808080
	435	151	b0b0b0
	549	254	d0d0d0
	173	315	
	296	392	
	355	336	b0b0b0
	170	134	808080
	493	454	d0d0d0
	484	276	
	591	354	
	185	336	808080
	580	316	
	358	45	d0d0d0
	305	330	808080
	466	438	
	513	380	
	265	167	
	337	102	
	566	132	d0d0d0
	324	203	
	380	47	808080
	508	46	b0b0b0
	341	404	
	530	330	d0d0d0
	384	332	b0b0b0
	231	214	
	347	232	808080
	579	174	
	180	248	
	196	87	d0d0d0
	586	263	b0b0b0
	431	104	
	470	103	808080
	198	345	b0b0b0
	385	36	808080
	203	243	d0d0d0
	587	180	808080
	171	218	b0b0b0
	179	15	808080
	194	294	
	383	24	b0b0b0
	197	34	808080
	522	15	d0d0d0
	294	18	
	479	181	
	224	312	b0b0b0
	246	38	808080
	579	100	d0d0d0
	573	274	b0b0b0
	468	173	
	340	418	808080
	578	31	b0b0b0
	540	244	d0d0d0
	495	394	808080
	439	159	d0d0d0
	551	215	808080
	537	406	d0d0d0
	149	400	b0b0b0
	244	141	
	359	264	
	453	458	808080
	337	121	
	174	303	b0b0b0
	275	444	808080
	425	379	
	600	144	d0d0d0
	540	413	
	297	97	808080
	339	256	d0d0d0
	459	201	808080
	163	167	b0b0b0
	448	83	808080
	225	434	d0d0d0
	490	328	
	522	79	
	530	125	808080
	421	151	b0b0b0
	598	297	d0d0d0
	288	384	808080
	239	83	
	199	313	d0d0d0
	400	352	808080
	460	327	d0d0d0
	279	185	
	177	232	
	161	201	
	181	176	808080
	512	136	
	582	306	d0d0d0
	559	374	
	586	184	808080
	572	309	
	287	454	b0b0b0
	427	290	e07000
	431	287	
		285	
	421		
	428	294	
	429	283	
	433	290	
	432	284	
	428	293	
	429	285	
rect	161	0	162	480	000050
	289		290		002850
	417		418		000050
	545		546		
	128	55	608	56	
		183		184	
		311		312	
		439		440	005000
line	400	287	397	285	7fff7f
	357	249	358	246	
static	415	274	439	289	f0f078	69	/sprites/can/carrier%19
draw	360	236	376	243	/sprites/uns/gunship%7
	460	58	468	63	/sprites/can/hvc%17
	122	240	126	243	/sprites/can/fighter%22
	307	247	316	255	/sprites/sfx/explosion/gas%11
	419	284	421	286	/sprites/sfx/explosion/energy%19
	390	266	394	268	/sprites/dev/cm%20
line	561	287	550	276	489048
			546	291	
	550	276			204020
draw	0	-144	128	624	/pictures/gui/instruments/left.png
	608		640		/pictures/gui/instruments/right.png
crop	29	159	35	171	32	36	ff0000	/fonts/computer.png
	35		41		64			
	41		47		32			
rect	614	359	615	389	00488f
			623	360	
	622			389	002850
	614	388			
	615	360	622	388	003870
	614	389	615	457	007fff
			623	390	
	622			457	00488f
	614	456			
	615	390	622	456	0070e0
	614	231	615	232	909048
			623		
	622				505028
	614				
		232	615	329	ffff7f
			623	233	
	622			329	909048
	614	328			
	615	233	622	328	e0e070
	614	103	615	118	904848
			623	104	
	622			118	502828
	614	117			
	615	104	622	117	703838
	614	118	615	201	ff7f7f
			623	119	
	622			201	904848
	614	200			
	615	119	622	200	e07070
	618	8	630	9	90488f
			619	10	
	629		630		
	618	36		37	
		35	619		
	629		630		
	620	10	628	35	703870
		30			c060c0
	634	49	636	52	7fff7f
		53		56	60c060
		57		60	703800
		61		64	
		65		68	
		69		72	904800
		73		76	703800
		77		80	
		81		84	
		85		88	
		89		92	904800
		93		96	183018
		97		100	
		101		104	
		105		108	
		109		112	
		113		116	
		117		120	
		121		124	
		125		128	
		129		132	
		133		136	
		137		140	
		141		144	
		145		148	
		149		152	
		153		156	
		157		160	
		161		164	
		165		168	
		169		172	
		173		176	
		177		180	
		181		184	
		185		188	
		189		192	
		193		196	
		197		200	
		201		204	
		205		208	
		209		212	
		213		216	
		217		220	
		221		224	
		225		228	
		229		232	
		233		236	
		237		240	
		241		244	
		245		248	
		249		252	
		253		256	
		257		260	
		261		264	
		265		268	
		269		272	
		273		276	
		277		280	
		281		284	
		285		288	
		289		292	
		293		296	
		297		300	
		301		304	
		305		308	
		309		312	
		313		316	
		317		320	
		321		324	
		325		328	
		329		332	
		333		336	
		337		340	
		341		344	
		345		348	
		349		352	
		353		356	
		357		360	
		361		364	
		365		368	
		369		372	
		373		376	
		377		380	
		381		384	
		385		388	
		389		392	
		393		396	
		397		400	
		401		404	
		405		408	
		409		412	
		413		416	
		417		420	
		421		424	
		425		428	
		429		432	
		433		436	
		437		440	
		441		444	
		445		448	
	621	52	631	56	303000
		57		61	
		62		66	
		67		71	
		72		76	
		77		81	
		82		86	
	7	7	115	115	00ff00
	8	8	114	114	001000
	43	43	81	81	003000
point	16	54	008000
	22	101	
	20	98	
	58	61	
	66	63	
	64		
	15	52	
	61	61	
	16	54	
	68	60	
	65	63	
	17	101	
	71	48	
	22	100	
	43	61	
rect	12	320	121	440	001000
		342	120	343	009000
		368	13	380	
			121	369	
	120			380	005000
	12	379			
	13	369	120	379	007000
	12	438		439	009000
	16	450	114	475	001010
	17		18	462	00c0c0
			44	451	
	43			462	007070
	17	461			
	18	451	43	461	009090
	17	462	18	474	00c0c0
			44	463	
	43			474	007070
	17	473			
	18	463	43	473	009090
crop	15	320	21	332	16	48	00ff00	/fonts/computer.png
	21		27		40	60		
	27		33		72	48		
	33		39		96			
	39		45		32			
	45		51		0	24		
	51		57		24	60		
	57		63		64	48		
	63		69		72			
	69		75		0	60		
	75		81		24			
	15	332	21	344	0			
	21		27		72	72		
	27		33		24			
	33		39		32	84		
	39		45		120	72		
	45		51		16	84		
	51		57		72	72		
	57		63		24	84		
	63		69		0	24		
	69		75		8	48		
	75		81		96	72		
	81		87		0	84		
	87		93		64	72		
	93		99		8			
	15	344	21	356	48	48	009000	
	21		27		72	72		
	27		33		56			
	33		39		64			
	39		45		32	84		
	45		51		40	72		
	51		57		16	84		
	15	356	21	368	24	48		
	21		27		16	84		
	27		33		40			
	33		39		72	72		
	39		45		24	84		
	45		51		40	72		
	51		57		16	84		
	15	368	21	380	56	48	003000	
	21		27		40	84		
	27		33		112	72		
	33		39		24	84		
	39		45		64	72		
	45		51		72			
	51		57		0	84		
	15	380	21	392	32	60	009000	
	21		27		16	84		
	27		33		8	72		
	33		39		112			
	39		45		24	84		
	45		51		0			
	51		57		120	72		
	57		63		16	84		
	63		69		32			
	19	450	25	462	16	60	00ffff	
	25		31		56	48		
	31		37		64			
	37		43		32	60		
	43		49		0	24		
	49		55		16	48		
	55		61		40	84		
	61		67		72	72		
	67		73		96			
	73		79		32			
	19	462	25	474	96	48		
	25		31		40			
	31		37		48			
	37		43		32	60		
	43		49		0	24		
	49		55		104	48		
	55		61		8	72		
	61		67		72			
	67		73		112			
	73		79		0	24		
	79		85		104	48		
	85		91		40	72		
	91		97		112			
	97		103		40	84		
rect	12	180	13	192	ffff00
			121	181	
	120			192	909000
	12	191			
	13	181	120	191	c0c000
crop	15	180	21	192	24	48	000000	/fonts/computer.png
	21		27		120			
	27		33		112			
	33		39		32	60		
	39		45		16			
	45		51		120	48		
	51		57		96			
	15	192	21	204	56		7fff7f	
	21		27		40	60		
	27		33		112	48		
	33		39		24	60		
	39		45		64	48		
	45		51		72			
	51		57		0	60		
draw	18	206	32	224	/sprites/uns/gunship%0
rect	14	204	36	205	489048
			15	206	
	35		36		
	14	225		226	
		224	15		
	35		36		
	42	206	49	212	003870
		212		224	0060c0
	40	204	51	205	00488f
			41	206	
	50		51		
	40	225		226	
		224	41		
	50		51		
	55	206	62	207	707000
		207		224	c0c000
	53	204	64	205	909000
			54	206	
	63		64		
	53	225		226	
		224	54		
	63		64		
crop	69	204	75	216	96	48	7fff7f	/fonts/computer.png
	75		81		24	60		
	81		87		16			
	87		93		32			
	93		99		40			
	99		105		16			
	105		111					
	111		117		32			
	69	216	75	228	104	48		
	75		81		56			
	81		87		112			
	87		93		32	60		
	93		99		120	48		
	99		105		0	60		
	105		111		96	48		
	111		117		24	60		
	12	228	18	240	0		00ff00	
	18		24		120	72		
	24		30		56	84		
	30		36		40	72		
	36		42		16	84		
	42		48		0	24		
	48		54		24	60		
	54		60		32	84		
	60		66		8	72		
	66		72		32	84		
	72		78		72	72		
	78		84		120			
	84		90		112			
	90		96		0	24		
	96		102		16	48		
	102		108		0	60		
	108		114		8	36		
rect	12	252	13	264	007fff
			121	253	
	120			264	00488f
	12	263			
	13	253	120	263	0060c0
crop	15	252	21	264	32	60	000000	/fonts/computer.png
	21		27		8	48		
	27		33		16	60		
	33		39		56	48		
	39		45		40			
	45		51		32	60		
	15	264	21	276	0		7fff7f	
	21		27		120	72		
	27		33		56	84		
	33		39		40	72		
	39		45		16	84		
	45		51		0	24		
	51		57		24	60		
	57		63		32	84		
	63		69		8	72		
	69		75		32	84		
	75		81		72	72		
	81		87		120			
	87		93		112			
	93		99		0	24		
	99		105		16	48		
	105		111		0	60		
	111		117		8	36		
draw	16	279	34	295	/sprites/loc/power%0
rect	14	276	36	277	489048
			15	278	
	35		36		
	14	297		298	
		296	15		
	35		36		
	42	278	49	292	003870
		292		296	0060c0
	40	276	51	277	00488f
			41	278	
	50		51		
	40	297		298	
		296	41		
	50		51		
