point	140	368	b0b0b0
	423	349	
	444	45	
	535	382	d0d0d0
	141	114	808080
	303	431	b0b0b0
	499	398	808080
	261	165	b0b0b0
	443	421	
	408	35	808080
	409	22	
	163	209	
	302	181	b0b0b0
	254	352	808080
	486	158	
	290	208	b0b0b0
	147	380	808080
	351	461	b0b0b0
	538	449	d0d0d0
	365	192	808080
	419	42	
	281	37	
	558	359	d0d0d0
	476	344	b0b0b0
	385	234	d0d0d0
	314	17	b0b0b0
	276	234	
	176	460	808080
	593	236	b0b0b0
	580	227	
	310	407	808080
	361	221	b0b0b0
	187	441	808080
	343	118	b0b0b0
	425	210	d0d0d0
	547	16	b0b0b0
	173	348	d0d0d0
	263	303	b0b0b0
	578	133	
	370	410	d0d0d0
	360	232	
	468	310	
	599	107	
	518	294	808080
	234	1	d0d0d0
	243	308	808080
	404	416	
	451	358	
	203	145	
	275	80	
	442	88	d0d0d0
	200	159	
	318	25	808080
	415	13	b0b0b0
	248	371	
	406	286	d0d0d0
	291	298	b0b0b0
	138	181	
	285	210	808080
	517	152	
	598	465	
	551	297	d0d0d0
	493	230	b0b0b0
	339	71	
	408	81	808080
	578	206	d0d0d0
	323	14	808080
	489	472	
	525	158	
	541	220	d0d0d0
	587	333	
	132	272	808080
	476	470	b0b0b0
	135	12	808080
	327	450	d0d0d0
	148	459	b0b0b0
	356	137	d0d0d0
	131	279	b0b0b0
	184	16	808080
	455	56	d0d0d0
	480	241	b0b0b0
	375	140	
	278	396	808080
	242	476	d0d0d0
	416	200	
	433	372	808080
	316	115	d0d0d0
	489	193	808080
	414	362	d0d0d0
	512	327	
	152	108	b0b0b0
	266	231	
	391	436	808080
	275	99	
	561	273	b0b0b0
	213	422	808080
	363	357	
	476	100	d0d0d0
	416	369	
	236	75	808080
	215	212	d0d0d0
	397	179	808080
	550	392	b0b0b0
	386	61	808080
	592	22	
	367	284	d0d0d0
	398	35	
	468	103	808080
	328	118	b0b0b0
	474	253	d0d0d0
	226	362	808080
	177	61	
	554	38	d0d0d0
	339	330	808080
	336	283	d0d0d0
	156	141	
	532	22	
	538	434	b0b0b0
	595	102	
	450	114	808080
	458	262	d0d0d0
	436	330	
	525	162	808080
	510	287	
	195	421	b0b0b0
	332	244	e07000
	331	247	
	338	243	
	339	246	
	330	249	
	333	245	
	343	239	
	335	240	
	333	237	
		244	
	331	241	b05800
	339	239	
	323	254	
	332	238	
	335	246	
	344	260	
	351	236	
	334	260	
	342	263	
	355	249	
	338	263	201000
	334	274	
	351	240	
	326	303	
	331	259	
	403	231	
	386	230	
	325	269	
	392	295	
	360	304	
	379	281	603000
	359	237	
	343	288	
	383	243	
	324	237	
	357	274	
	366	235	
	343	247	
	344	283	
	367	251	
line	165	0	165	480	002850
	293		293		000050
	421		421		
	549		549		
	128	11	608	11	
		139		139	
		267		267	
		395		395	005000
	353	239	357	239	7fff7f
	4387	1240	4392	1240	
static	321	232	337	254	f0f078	58	/sprites/524.SMIV/23
draw	361	236	377	243	/sprites/652.SMIV/17
	248	303	252	306	/sprites/512.SMIV/5
	326	130	331	139	/sprites/523.SMIV/11
	65	228	68	231	/sprites/512.SMIV/6
	336	282	341	285	/sprites/653.SMIV/1
	331	294	336	297	/sprites/653.SMIV/2
	348	234	350	236	/sprites/526.SMIV/0
	365	214	367	216	
	330	237	332	239	/sprites/504.SMIV/19
	369	212	371	214	/sprites/526.SMIV/0
	367		369		
	343	235	345	237	
line	183	314	198	316	489048
			192	302	
	198	316			204020
draw	0	0	128	480	/pictures/501.png
	608		640		/pictures/512.png
crop	29	159	35	171	32	36	ff0000	/fonts/computer
	35		41		56			
	41		47		16			
line	614	388	614	359	00488f
		359	622		
	622			388	002850
		388	614		
rect	615	360	622	388	003870
line	614	456	614	389	007fff
		389	622		
	622			456	00488f
		456	614		
rect	615	390	622	456	0070e0
line	614	232	614	231	909048
		231	622		
	622			232	505028
		232	614		
	614	328		233	ffff7f
		233	622		
	622			328	909048
		328	614		
rect	615	234	622	328	e0e070
line	614	118	614	103	904848
		103	622		
	622			118	502828
		118	614		
rect	615	104	622	118	703838
line	614	200	614	119	ff7f7f
		119	622		
	622			200	904848
		200	614		
rect	615	120	622	200	e07070
line	618	8	629	8	90488f
			618	9	
	629		629		
	618	36		36	
			618	35	
	629		629		
rect	620	10	628	35	703870
		35			c060c0
	634	49	636	52	7fff7f
		53		56	60c060
		57		60	
		61		64	703800
		65		68	
		69		72	904800
		73		76	703800
		77		80	
		81		84	
		85		88	
		89		92	904800
		93		96	183018
		97		100	
		101		104	
		105		108	
		109		112	
		113		116	
		117		120	
		121		124	
		125		128	
		129		132	
		133		136	
		137		140	
		141		144	
		145		148	
		149		152	
		153		156	
		157		160	
		161		164	
		165		168	
		169		172	
		173		176	
		177		180	
		181		184	
		185		188	
		189		192	
		193		196	
		197		200	
		201		204	
		205		208	
		209		212	
		213		216	
		217		220	
		221		224	
		225		228	
		229		232	
		233		236	
		237		240	
		241		244	
		245		248	
		249		252	
		253		256	
		257		260	
		261		264	
		265		268	
		269		272	
		273		276	
		277		280	
		281		284	
		285		288	
		289		292	
		293		296	
		297		300	
		301		304	
		305		308	
		309		312	
		313		316	
		317		320	
		321		324	
		325		328	
		329		332	
		333		336	
		337		340	
		341		344	
		345		348	
		349		352	
		353		356	
		357		360	
		361		364	
		365		368	
		369		372	
		373		376	
		377		380	
		381		384	
		385		388	
		389		392	
		393		396	
		397		400	
		401		404	
		405		408	
		409		412	
		413		416	
		417		420	
		421		424	
		425		428	
		429		432	
		433		436	
		437		440	
		441		444	
		445		448	
	621	52	631	56	303000
		57		61	
		62		66	
		67		71	
		72		76	
		77		81	
		82		86	
	7	7	115	115	00ff00
	8	8	114	114	001000
	42	42	80	80	003000
point	11	98	008000
		96	
	61	62	
	59	61	
	60	63	
	61	61	
	60	59	
	52	66	
	41	47	
	59	61	
			
	60		
	61	59	
	59	61	
	60	65	
		61	
			
		64	
	61	59	
	58	53	
	11	97	
	36	61	
rect	12	320	121	440	001000
crop	15	320	21	332	16	48	00ff00	/fonts/computer
	21		27		40	60		
	27		33		72	48		
	33		39		96			
	39		45		32			
	45		51		0	24		
	51		57		24	60		
	57		63		64	48		
	63		69		72			
	69		75		0	60		
	75		81		24			
line	12	342	119	342	009000
crop	15	332	21	344	0	60	00ff00	/fonts/computer
	21		27		72	72		
	27		33		24			
	33		39		32	84		
	39		45		120	72		
	45		51		16	84		
	51		57		72	72		
	57		63		24	84		
	63		69		0	24		
	69		75		8	48		
	75		81		96	72		
	81		87		0	84		
	87		93		64	72		
	93		99		8			
	15	344	21	356	48	48		
	21		27		72	72		
	27		33		56			
	33		39		64			
	39		45		32	84		
	45		51		40	72		
	51		57		16	84		
	15	356	21	368	24	48	009000	
	21		27		16	84		
	27		33		40			
	33		39		72	72		
	39		45		24	84		
	45		51		40	72		
	51		57		16	84		
line	12	379	12	368	009000
		368	120		
	120			379	005000
		379	12		
rect	13	369	120	379	007000
crop	15	368	21	380	56	48	003000	/fonts/computer
	21		27		40	84		
	27		33		112	72		
	33		39		24	84		
	39		45		64	72		
	45		51		72			
	51		57		0	84		
	15	380	21	392	32	60	009000	
	21		27		16	84		
	27		33		8	72		
	33		39		112			
	39		45		24	84		
	45		51		0			
	51		57		120	72		
	57		63		16	84		
	63		69		32			
line	12	438	119	438	009000
rect	16	450	114	475	001010
line	17	461	17	450	00c0c0
		450	43		
	43			461	007070
		461	17		
rect	18	451	43	461	009090
crop	19	450	25	462	16	60	00ffff	/fonts/computer
	25		31		56	48		
	31		37		64			
	37		43		32	60		
	43		49		0	24		
	49		55		16	48		
	55		61		40	84		
	61		67		72	72		
	67		73		96			
	73		79		32			
line	17	473	17	462	00c0c0
		462	43		
	43			473	007070
		473	17		
rect	18	463	43	473	009090
crop	19	462	25	474	96	48	00ffff	/fonts/computer
	25		31		40			
	31		37		48			
	37		43		32	60		
	43		49		0	24		
	49		55		104	48		
	55		61		8	72		
	61		67		72			
	67		73		112			
	73		79		0	24		
	79		85		104	48		
	85		91		40	72		
	91		97		112			
	97		103		40	84		
line	12	191	12	180	ffff00
		180	120		
	120			191	909000
		191	12		
rect	13	181	120	191	c0c000
crop	15	180	21	192	24	48	000000	/fonts/computer
	21		27		120			
	27		33		112			
	33		39		32	60		
	39		45		16			
	45		51		120	48		
	51		57		96			
	15	192	21	204	56		7fff7f	
	21		27		40	60		
	27		33		112	48		
	33		39		24	60		
	39		45		64	48		
	45		51		72			
	51		57		0	60		
draw	18	206	32	224	/sprites/652.SMIV/0
line	14	204	35	204	489048
			14	205	
	35		35		
	14	225		225	
			14	224	
	35		35		
rect	42	206	49	212	003870
		212		224	0060c0
line	40	204	50	204	00488f
			40	205	
	50		50		
	40	225		225	
			40	224	
	50		50		
rect	55	206	62	207	707000
		207		224	c0c000
line	53	204	63	204	909000
			53	205	
	63		63		
	53	225		225	
			53	224	
	63		63		
crop	69	204	75	216	96	48	7fff7f	/fonts/computer
	75		81		24	60		
	81		87		16			
	87		93		32			
	93		99		40			
	99		105		16			
	105		111					
	111		117		32			
	69	216	75	228	104	48		
	75		81		56			
	81		87		112			
	87		93		32	60		
	93		99		120	48		
	99		105		0	60		
	105		111		96	48		
	111		117		24	60		
	12	228	18	240	0		00ff00	
	18		24		120	72		
	24		30		56	84		
	30		36		40	72		
	36		42		16	84		
	42		48		0	24		
	48		54		24	60		
	54		60		32	84		
	60		66		8	72		
	66		72		32	84		
	72		78		72	72		
	78		84		120			
	84		90		112			
	90		96		0	24		
	96		102		16	48		
	102		108		0	60		
	108		114		8	36		
line	12	263	12	252	007fff
		252	120		
	120			263	00488f
		263	12		
rect	13	253	120	263	0060c0
crop	15	252	21	264	32	60	000000	/fonts/computer
	21		27		8	48		
	27		33		16	60		
	33		39		56	48		
	39		45		40			
	45		51		32	60		
	15	264	21	276	0		7fff7f	
	21		27		120	72		
	27		33		56	84		
	33		39		40	72		
	39		45		16	84		
	45		51		0	24		
	51		57		24	60		
	57		63		32	84		
	63		69		8	72		
	69		75		32	84		
	75		81		72	72		
	81		87		120			
	87		93		112			
	93		99		0	24		
	99		105		16	48		
	105		111		0	60		
	111		117		8	36		
draw	16	279	34	295	/sprites/564.SMIV/0
line	14	276	35	276	489048
			14	277	
	35		35		
	14	297		297	
			14	296	
	35		35		
rect	42	278	49	292	003870
		292		296	0060c0
line	40	276	50	276	00488f
			40	277	
	50		50		
	40	297		297	
			40	296	
	50		50		
