point	152	438	b0b0b0
	436	419	
	456	115	
	565	77	
	149	161	808080
	450	14	
	507	445	
	273	236	b0b0b0
	437	11	
	416	82	808080
	146	136	d0d0d0
	171	255	808080
	314	252	b0b0b0
	262	399	808080
	494	205	
	303	278	b0b0b0
	155	427	808080
	420	35	
	569	365	b0b0b0
	374	239	808080
	427	89	
	289	84	
	590	273	
	488	414	b0b0b0
	401	327	d0d0d0
	446	87	b0b0b0
	288	305	
	182	39	
	605	82	808080
	586	193	d0d0d0
	318	454	808080
	373	291	b0b0b0
	365	16	d0d0d0
	355	188	b0b0b0
	441	304	d0d0d0
	539	86	b0b0b0
	189	442	d0d0d0
	275	374	b0b0b0
	588	338	
	284	24	d0d0d0
	377	326	
	484	404	
	133	325	b0b0b0
	526	341	808080
	594	266	d0d0d0
	252	354	808080
	412	463	
	459	405	
	211	192	
	284	127	
	458	182	d0d0d0
	216	253	
	195	72	808080
	291	54	
	260	441	b0b0b0
	423	380	d0d0d0
	303	369	b0b0b0
	150	251	
	293	257	808080
	526	199	
	383	44	b0b0b0
	586	315	808080
	505	300	b0b0b0
	351	141	
	416	128	808080
	597	289	b0b0b0
	472	1	
	139	39	808080
	534	205	
	556	218	d0d0d0
	134	26	b0b0b0
	140	319	808080
	242	40	
	247	58	
	469	63	d0d0d0
	240	49	b0b0b0
	372	231	d0d0d0
	137	222	808080
	327	123	d0d0d0
	208	74	808080
	492	311	b0b0b0
	388	210	
	286	443	808080
	508	45	
	432	294	d0d0d0
	441	419	808080
	332	208	d0d0d0
	497	240	808080
	430	456	d0d0d0
	548	87	b0b0b0
	164	178	
	279	301	
	594	316	808080
	283	146	
	561	117	d0d0d0
	221	469	808080
	371	404	
	493	194	d0d0d0
	432	463	
	244	122	808080
	232	306	d0d0d0
	405	226	808080
	547		d0d0d0
	394	108	808080
	253	136	d0d0d0
	383	377	
	220	127	
	476	150	808080
	340	189	b0b0b0
	490	347	d0d0d0
	234	409	808080
	185	108	
	284	64	
	347	377	
	353		d0d0d0
	172	235	
	237	87	b0b0b0
	549	251	
	127	464	
	458	161	808080
	474	356	d0d0d0
	452	424	
	533	209	808080
	519	334	
	280	16	d0d0d0
line	182	0	182	480	002850
	310		310		000050
	438		438		
	566		566		
	128	104	608	104	
		232		232	
		360		360	
	4306	1177	4303	1176	7fff7f
	4268	1155	4265	1154	
	4304	1211	4300	1210	
	324	218	326	220	
	4261	1203	4257	1202	
	365	237	367	239	
	4346	1213	4342	1212	
	274	235	277	235	
draw	389	377	403	399	/sprites/524.SMIV/0
	362	235	374	246	/sprites/652.SMIV/10
	204	294	208	301	/sprites/523.SMIV/0
	299	269	303	272	/sprites/512.SMIV/1
	249	299	253	302	/sprites/512.SMIV/22
	386	364	388	367	/sprites/528.SMIV/23
	315	213	317	216	
	289	277	296	282	/sprites/504.SMIV/15
line	476	407	476	392	489048
			462	400	
		392			204020
draw	0	0	128	480	/pictures/501.png
	608		640		/pictures/512.png
tint	29	159	37	172	ff0000	/font/5001/34
	35		43			
	41		49			/font/5001/39
line	614	409	614	359	00488f
		359	622		
	622			409	002850
		409	614		
rect	615	360	622	409	003870
line	614	456	614	410	007fff
		410	622		
	622			456	00488f
		456	614		
rect	615	411	622	456	0070e0
line	614	233	614	231	909048
		231	622		
	622			233	505028
		233	614		
rect	615	232	622	233	707038
line	614	328	614	234	ffff7f
		234	622		
	622			328	909048
		328	614		
rect	615	235	622	328	e0e070
line	614	120	614	103	904848
		103	622		
	622			120	502828
		120	614		
rect	615	104	622	120	703838
line	614	200	614	121	ff7f7f
		121	622		
	622			200	904848
		200	614		
rect	615	122	622	200	e07070
line	618	8	629	8	90488f
			618	9	
	629		629		
	618	36		36	
			618	35	
	629		629		
rect	620	10	628	35	703870
		35			c060c0
	634	49	636	52	7fff7f
		53		56	60c060
		57		60	
		61		64	
		65		68	
		69		72	904800
		73		76	703800
		77		80	
		81		84	
		85		88	
		89		92	904800
		93		96	183018
		97		100	
		101		104	
		105		108	
		109		112	
		113		116	
		117		120	
		121		124	
		125		128	
		129		132	
		133		136	
		137		140	
		141		144	
		145		148	
		149		152	
		153		156	
		157		160	
		161		164	
		165		168	
		169		172	
		173		176	
		177		180	
		181		184	
		185		188	
		189		192	
		193		196	
		197		200	
		201		204	
		205		208	
		209		212	
		213		216	
		217		220	
		221		224	
		225		228	
		229		232	
		233		236	
		237		240	
		241		244	
		245		248	
		249		252	
		253		256	
		257		260	
		261		264	
		265		268	
		269		272	
		273		276	
		277		280	
		281		284	
		285		288	
		289		292	
		293		296	
		297		300	
		301		304	
		305		308	
		309		312	
		313		316	
		317		320	
		321		324	
		325		328	
		329		332	
		333		336	
		337		340	
		341		344	
		345		348	
		349		352	
		353		356	
		357		360	
		361		364	
		365		368	
		369		372	
		373		376	
		377		380	
		381		384	
		385		388	
		389		392	
		393		396	
		397		400	
		401		404	
		405		408	
		409		412	
		413		416	
		417		420	
		421		424	
		425		428	
		429		432	
		433		436	
		437		440	
		441		444	
		445		448	
	621	52	631	56	303000
		57		61	
		62		66	
		67		71	
		72		76	
		77		81	
		82		86	
	7	7	115	115	00ff00
	8	8	114	114	001000
	42	42	80	80	003000
point	13	105	008000
	18	106	
	64	72	
	61	61	
	64	72	
	54	63	
	15	105	
	58	61	
	59		
	50	66	
	57	65	
		64	
	13	104	
	54	66	
rect	12	320	121	440	001000
tint	15	320	23	333	00ff00	/font/5001/42
	21		29			/font/5001/55
	27		35			/font/5001/49
	33		41			/font/5001/4c
	39		47			/font/5001/44
	45		53			/font/5001/20
	51		59			/font/5001/53
	57		65			/font/5001/48
	63		71			/font/5001/49
	69		77			/font/5001/50
	75		83			/font/5001/53
line	12	342	119	342	009000
tint	15	332	23	345	00ff00	/font/5001/50
	21		29			/font/5001/69
	27		35			/font/5001/63
	33		41			/font/5001/74
	39		47			/font/5001/6f
	45		53			/font/5001/72
	51		59			/font/5001/69
	57		65			/font/5001/73
	63		71			/font/5001/20
	69		77			/font/5001/41
	75		83			/font/5001/6c
	81		89			/font/5001/70
	87		95			/font/5001/68
	93		101			/font/5001/61
	15	344	23	357		/font/5001/46
	21		29			/font/5001/69
	27		35			/font/5001/67
	33		41			/font/5001/68
	39		47			/font/5001/74
	45		53			/font/5001/65
	51		59			/font/5001/72
	15	356	23	369		/font/5001/43
	21		29			/font/5001/72
	27		35			/font/5001/75
	33		41			/font/5001/69
	39		47			/font/5001/73
	45		53			/font/5001/65
	51		59			/font/5001/72
line	12	379	12	368	009000
		368	120		
	120			379	005000
		379	12		
rect	13	369	120	379	007000
tint	15	368	23	381	003000	/font/5001/47
	21		29			/font/5001/75
	27		35			/font/5001/6e
	33		41			/font/5001/73
	39		47			/font/5001/68
	45		53			/font/5001/69
	51		59			/font/5001/70
	15	380	23	393	00ff00	/font/5001/54
	21		29			/font/5001/72
	27		35			/font/5001/61
	33		41			/font/5001/6e
	39		47			/font/5001/73
	45		53			/font/5001/70
	51		59			/font/5001/6f
	57		65			/font/5001/72
	63		71			/font/5001/74
line	12	438	119	438	009000
rect	16	450	114	475	001010
line	17	461	17	450	00c0c0
		450	43		
	43			461	007070
		461	17		
rect	18	451	43	461	009090
tint	19	450	27	463	00ffff	/font/5001/52
	25		33			/font/5001/47
	31		39			/font/5001/48
	37		45			/font/5001/54
	43		51			/font/5001/20
	49		57			/font/5001/42
	55		63			/font/5001/75
	61		69			/font/5001/69
	67		75			/font/5001/6c
	73		81			/font/5001/64
line	17	473	17	462	00c0c0
		462	43		
	43			473	007070
		473	17		
rect	18	463	43	473	009090
tint	19	462	27	475	00ffff	/font/5001/4c
	25		33			/font/5001/45
	31		39			/font/5001/46
	37		45			/font/5001/54
	43		51			/font/5001/20
	49		57			/font/5001/4d
	55		63			/font/5001/61
	61		69			/font/5001/69
	67		75			/font/5001/6e
	73		81			/font/5001/20
	79		87			/font/5001/4d
	85		93			/font/5001/65
	91		99			/font/5001/6e
	97		105			/font/5001/75
line	12	191	12	180	ffff00
		180	119		
	119			191	909000
		191	12		
rect	13	181	119	191	c0c000
tint	15	180	23	193	000000	/font/5001/43
	21		29			/font/5001/4f
	27		35			/font/5001/4e
	33		41			/font/5001/54
	39		47			/font/5001/52
	45		53			/font/5001/4f
	51		59			/font/5001/4c
	15	192	23	205	7fff7f	/font/5001/47
	21		29			/font/5001/55
	27		35			/font/5001/4e
	33		41			/font/5001/53
	39		47			/font/5001/48
	45		53			/font/5001/49
	51		59			/font/5001/50
draw	18	206	32	224	/sprites/652.SMIV/0
line	14	204	35	204	489048
			14	205	
	35		35		
	14	225		225	
			14	224	
	35		35		
rect	42	206	49	216	003870
		216		224	0060c0
line	40	204	50	204	00488f
			40	205	
	50		50		
	40	225		225	
			40	224	
	50		50		
rect	55	206	62	207	707000
		207		224	c0c000
line	53	204	63	204	909000
			53	205	
	63		63		
	53	225		225	
			53	224	
	63		63		
tint	69	204	77	217	7fff7f	/font/5001/4c
	75		83			/font/5001/53
	81		89			/font/5001/52
	87		95			/font/5001/54
	93		101			/font/5001/55
	99		107			/font/5001/52
	105		113			
	111		119			/font/5001/54
	69	216	77	229		/font/5001/4d
	75		83			/font/5001/47
	81		89			/font/5001/4e
	87		95			/font/5001/54
	93		101			/font/5001/4f
	99		107			/font/5001/50
	105		113			/font/5001/4c
	111		119			/font/5001/53
	12	228	20	241	00ff00	/font/5001/50
	18		26			/font/5001/6f
	24		32			/font/5001/77
	30		38			/font/5001/65
	36		44			/font/5001/72
	42		50			/font/5001/20
	48		56			/font/5001/53
	54		62			/font/5001/74
	60		68			/font/5001/61
	66		74			/font/5001/74
	72		80			/font/5001/69
	78		86			/font/5001/6f
	84		92			/font/5001/6e
	90		98			/font/5001/20
	96		104			/font/5001/42
	102		110			/font/5001/50
	108		116			/font/5001/31
line	12	263	12	252	007fff
		252	119		
	119			263	00488f
		263	12		
rect	13	253	119	263	0060c0
tint	15	252	23	265	000000	/font/5001/54
	21		29			/font/5001/41
	27		35			/font/5001/52
	33		41			/font/5001/47
	39		47			/font/5001/45
	45		53			/font/5001/54
	15	264	23	277	7fff7f	/font/5001/50
	21		29			/font/5001/6f
	27		35			/font/5001/77
	33		41			/font/5001/65
	39		47			/font/5001/72
	45		53			/font/5001/20
	51		59			/font/5001/53
	57		65			/font/5001/74
	63		71			/font/5001/61
	69		77			/font/5001/74
	75		83			/font/5001/69
	81		89			/font/5001/6f
	87		95			/font/5001/6e
	93		101			/font/5001/20
	99		107			/font/5001/42
	105		113			/font/5001/50
	111		119			/font/5001/31
draw	16	279	34	295	/sprites/564.SMIV/0
line	14	276	35	276	489048
			14	277	
	35		35		
	14	297		297	
			14	296	
	35		35		
rect	42	278	49	292	003870
		292		296	0060c0
line	40	276	50	276	00488f
			40	277	
	50		50		
	40	297		297	
			40	296	
	50		50		
