point	409	91	b0b0b0
	575	166	
	537	144	808080
	285	401	b0b0b0
	496	264	808080
	513	471	
	519	362	
	237	424	
	576	54	
	487	43	d0d0d0
	421	464	
	422	228	808080
	563	432	d0d0d0
	589	84	b0b0b0
	532	70	d0d0d0
	256	83	808080
	405	316	
	566	16	d0d0d0
	593	217	808080
	170	21	d0d0d0
	171	84	
	336	242	808080
	141	267	b0b0b0
	508	257	
	591	177	
	172	478	
	530	260	d0d0d0
	353	193	
	465	371	b0b0b0
	332	276	808080
	330	438	
	301	130	
	601	211	d0d0d0
	569	49	b0b0b0
	444	309	d0d0d0
	322	202	808080
	343	180	b0b0b0
	496	41	
	446	136	808080
	271	112	
	262	157	
	533	48	d0d0d0
	393	182	b0b0b0
	505	402	d0d0d0
	141	276	
	517	105	
	424	100	808080
	342	452	d0d0d0
	463	68	808080
	169	160	
	466	216	
	163	201	
	291	413	
	206	87	d0d0d0
	228	205	808080
	309	61	b0b0b0
	551	474	d0d0d0
	348	373	808080
	305	335	
	294	326	
	460	267	
	597	342	
	389	157	
	308	323	
	555	218	
	135	385	d0d0d0
	271	36	808080
	164	275	b0b0b0
	160	49	d0d0d0
	179	126	808080
	145	395	
	405	350	b0b0b0
	245	166	808080
	269	60	
	506	204	d0d0d0
	410	196	b0b0b0
	596	179	
	173	350	d0d0d0
	544	265	
	342	115	b0b0b0
	301	387	808080
	288	432	d0d0d0
	299	449	808080
	550	184	b0b0b0
	536	33	808080
	454	292	
	270	38	d0d0d0
	416	330	
	604	210	808080
	363	263	b0b0b0
	433	320	808080
	321	24	d0d0d0
	593	107	808080
	303	449	b0b0b0
	141	312	d0d0d0
	553	108	
	384	373	808080
	434	214	b0b0b0
	509	388	d0d0d0
	427	135	808080
	576	314	b0b0b0
	417	296	808080
	364	426	b0b0b0
	277	438	808080
	579	289	
	265	239	
	463	209	b0b0b0
	138	95	
	448	464	d0d0d0
	165	92	808080
	247	195	
	481	38	d0d0d0
	312	63	808080
	525	11	b0b0b0
	436	154	
	301	337	
	168	147	808080
	327	294	b0b0b0
	217	122	808080
	336	6	
	392	399	
	164	1	d0d0d0
	413	369	808080
	495	418	b0b0b0
	285	42	808080
line	457	0	457	480	005000
	128	233	608	233	
tint	515	244	531	260	009000	/x/square/8
	522	234	534	246		/x/square/6
	536	267	548	279	007000	
	332	258	344	270	900000	
	326	215	338	227		
	327	237	343	253		/x/square/8
	536	269	546	279	007000	/x/triangle/5
	325	226	345	246	c00000	/x/diamond/10
	330	240	340	250		/x/plus/5
	332	241		249		/x/triangle/4
	533	263	549	279	00c000	/x/diamond/8
	536	265	552	281		
	362	234	372	244		/x/triangle/5
	538	269	548	279		
	334	256	340	262	c00000	/x/triangle/3
	333	259	343	269		/x/triangle/5
	537	269	547	279	00c000	
	536	266	546	276		
	540	271		277		/x/triangle/3
	370	228	376	234	c00000	
	537	269	547	279	00c000	/x/triangle/5
	334	261	342	269	c00000	/x/triangle/4
	377	236	379	238		/x/square/1
	538	268	544	274	00c000	/x/triangle/3
	537		547	278		/x/triangle/5
	538		548			
	329	216	335	222	c00000	/x/triangle/3
	539	269	545	275	00c000	
	331	237	337	243	c00000	
	539	270	545	276	00c000	
	537	268	547	278		/x/triangle/5
	539	269	545	275		/x/triangle/3
	330	233	340	243	c00000	/x/triangle/5
	332	235	338	241		/x/triangle/3
line	247	398	261	392	489048
			248	383	
	261	392			204020
draw	0	0	128	480	/pictures/501.png
	608		640		/pictures/512.png
tint	29	159	37	172	ff0000	/font/5001/33
	35		43			/font/5001/39
	41		49			
line	614	413	614	359	00488f
		359	622		
	622			413	002850
		413	614		
rect	615	360	622	413	003870
line	614	456	614	414	007fff
		414	622		
	622			456	00488f
		456	614		
rect	615	415	622	456	0070e0
line	614	246	614	231	909048
		231	622		
	622			246	505028
		246	614		
rect	615	232	622	246	707038
line	614	328	614	247	ffff7f
		247	622		
	622			328	909048
		328	614		
rect	615	248	622	328	e0e070
line	614	115	614	103	904848
		103	622		
	622			115	502828
		115	614		
rect	615	104	622	115	703838
line	614	200	614	116	ff7f7f
		116	622		
	622			200	904848
		200	614		
rect	615	117	622	200	e07070
line	618	8	629	8	90488f
			618	9	
	629		629		
	618	36		36	
			618	35	
	629		629		
rect	620	10	628	35	703870
		15			c060c0
	634	49	636	52	7fff7f
		53		56	60c060
		57		60	
		61		64	
		65		68	
		69		72	904800
		73		76	703800
		77		80	
		81		84	
		85		88	
		89		92	904800
		93		96	183018
		97		100	
		101		104	
		105		108	
		109		112	
		113		116	
		117		120	
		121		124	
		125		128	
		129		132	
		133		136	
		137		140	
		141		144	
		145		148	
		149		152	
		153		156	
		157		160	
		161		164	
		165		168	
		169		172	
		173		176	
		177		180	
		181		184	
		185		188	
		189		192	
		193		196	
		197		200	
		201		204	
		205		208	
		209		212	
		213		216	
		217		220	
		221		224	
		225		228	
		229		232	
		233		236	
		237		240	
		241		244	
		245		248	
		249		252	
		253		256	
		257		260	
		261		264	
		265		268	
		269		272	
		273		276	
		277		280	
		281		284	
		285		288	
		289		292	
		293		296	
		297		300	
		301		304	
		305		308	
		309		312	
		313		316	
		317		320	
		321		324	
		325		328	
		329		332	
		333		336	
		337		340	
		341		344	
		345		348	
		349		352	
		353		356	
		357		360	
		361		364	
		365		368	
		369		372	
		373		376	
		377		380	
		381		384	
		385		388	
		389		392	
		393		396	
		397		400	
		401		404	
		405		408	
		409		412	
		413		416	
		417		420	
		421		424	
		425		428	
		429		432	
		433		436	
		437		440	
		441		444	
		445		448	
	621	52	631	56	303000
		57		61	
		62		66	
		67		71	
		72		76	
		77		81	
		82		86	
	7	7	115	115	00ff00
	8	8	114	114	001000
					003000
point	80	58	008000
	71	46	
rect	12	320	121	440	001000
tint	15	320	23	333	00ff00	/font/5001/42
	21		29			/font/5001/55
	27		35			/font/5001/49
	33		41			/font/5001/4c
	39		47			/font/5001/44
	45		53			/font/5001/20
	51		59			/font/5001/53
	57		65			/font/5001/48
	63		71			/font/5001/49
	69		77			/font/5001/50
	75		83			/font/5001/53
line	12	342	119	342	009000
tint	15	332	23	345	00ff00	/font/5001/50
	21		29			/font/5001/69
	27		35			/font/5001/63
	33		41			/font/5001/74
	39		47			/font/5001/6f
	45		53			/font/5001/72
	51		59			/font/5001/69
	57		65			/font/5001/73
	63		71			/font/5001/20
	69		77			/font/5001/41
	75		83			/font/5001/6c
	81		89			/font/5001/70
	87		95			/font/5001/68
	93		101			/font/5001/61
	15	344	23	357		/font/5001/46
	21		29			/font/5001/69
	27		35			/font/5001/67
	33		41			/font/5001/68
	39		47			/font/5001/74
	45		53			/font/5001/65
	51		59			/font/5001/72
	15	356	23	369		/font/5001/43
	21		29			/font/5001/72
	27		35			/font/5001/75
	33		41			/font/5001/69
	39		47			/font/5001/73
	45		53			/font/5001/65
	51		59			/font/5001/72
line	12	379	12	368	009000
		368	120		
	120			379	005000
		379	12		
rect	13	369	120	379	007000
tint	15	368	23	381	003000	/font/5001/47
	21		29			/font/5001/75
	27		35			/font/5001/6e
	33		41			/font/5001/73
	39		47			/font/5001/68
	45		53			/font/5001/69
	51		59			/font/5001/70
	15	380	23	393	00ff00	/font/5001/54
	21		29			/font/5001/72
	27		35			/font/5001/61
	33		41			/font/5001/6e
	39		47			/font/5001/73
	45		53			/font/5001/70
	51		59			/font/5001/6f
	57		65			/font/5001/72
	63		71			/font/5001/74
line	12	438	119	438	009000
rect	16	450	114	475	001010
line	17	461	17	450	00c0c0
		450	43		
	43			461	007070
		461	17		
rect	18	451	43	461	009090
tint	19	450	27	463	00ffff	/font/5001/52
	25		33			/font/5001/47
	31		39			/font/5001/48
	37		45			/font/5001/54
	43		51			/font/5001/20
	49		57			/font/5001/42
	55		63			/font/5001/75
	61		69			/font/5001/69
	67		75			/font/5001/6c
	73		81			/font/5001/64
line	17	473	17	462	00c0c0
		462	43		
	43			473	007070
		473	17		
rect	18	463	43	473	009090
tint	19	462	27	475	00ffff	/font/5001/4c
	25		33			/font/5001/45
	31		39			/font/5001/46
	37		45			/font/5001/54
	43		51			/font/5001/20
	49		57			/font/5001/4d
	55		63			/font/5001/61
	61		69			/font/5001/69
	67		75			/font/5001/6e
	73		81			/font/5001/20
	79		87			/font/5001/4d
	85		93			/font/5001/65
	91		99			/font/5001/6e
	97		105			/font/5001/75
rect	12	180	120	192	000000
line	12	191	12	180	ffff00
		180	119		
	119			191	909000
		191	12		
rect	13	181	119	191	c0c000
tint	15	180	23	193	000000	/font/5001/43
	21		29			/font/5001/4f
	27		35			/font/5001/4e
	33		41			/font/5001/54
	39		47			/font/5001/52
	45		53			/font/5001/4f
	51		59			/font/5001/4c
rect	12	192	120	204	000000
tint	15	192	23	205	7fff7f	/font/5001/47
	21		29			/font/5001/55
	27		35			/font/5001/4e
	33		41			/font/5001/53
	39		47			/font/5001/48
	45		53			/font/5001/49
	51		59			/font/5001/50
rect	14	204	36	226	000000
draw	18	206	32	224	/sprites/652.SMIV/0
line	14	204	35	204	489048
			14	205	
	35		35		
	14	225		225	
			14	224	
	35		35		
rect	40	204	51	226	000000
	42	206	49	217	003870
		217		224	0060c0
line	40	204	50	204	00488f
			40	205	
	50		50		
	40	225		225	
			40	224	
	50		50		
rect	53	204	64	226	000000
	55	206	62	209	707000
		209		224	c0c000
line	53	204	63	204	909000
			53	205	
	63		63		
	53	225		225	
			53	224	
	63		63		
rect	69	204	120	216	000000
tint	69	204	77	217	7fff7f	/font/5001/4c
	75		83			/font/5001/53
	81		89			/font/5001/52
	87		95			/font/5001/54
	93		101			/font/5001/55
	99		107			/font/5001/52
	105		113			
	111		119			/font/5001/54
rect	69	216	120	228	000000
tint	69	216	77	229	7fff7f	/font/5001/4d
	75		83			/font/5001/47
	81		89			/font/5001/4e
	87		95			/font/5001/54
	93		101			/font/5001/4f
	99		107			/font/5001/50
	105		113			/font/5001/4c
	111		119			/font/5001/53
rect	69	192	120	204	000000
	12	228		240	
tint	12	228	20	241	00ff00	/font/5001/50
	18		26			/font/5001/6f
	24		32			/font/5001/77
	30		38			/font/5001/65
	36		44			/font/5001/72
	42		50			/font/5001/20
	48		56			/font/5001/53
	54		62			/font/5001/74
	60		68			/font/5001/61
	66		74			/font/5001/74
	72		80			/font/5001/69
	78		86			/font/5001/6f
	84		92			/font/5001/6e
	90		98			/font/5001/20
	96		104			/font/5001/42
	102		110			/font/5001/50
	108		116			/font/5001/31
rect	12	252	120	264	000000
line	12	263	12	252	007fff
		252	119		
	119			263	00488f
		263	12		
rect	13	253	119	263	0060c0
tint	15	252	23	265	000000	/font/5001/54
	21		29			/font/5001/41
	27		35			/font/5001/52
	33		41			/font/5001/47
	39		47			/font/5001/45
	45		53			/font/5001/54
rect	12	264	120	276	000000
tint	15	264	23	277	7fff7f	/font/5001/50
	21		29			/font/5001/6f
	27		35			/font/5001/77
	33		41			/font/5001/65
	39		47			/font/5001/72
	45		53			/font/5001/20
	51		59			/font/5001/53
	57		65			/font/5001/74
	63		71			/font/5001/61
	69		77			/font/5001/74
	75		83			/font/5001/69
	81		89			/font/5001/6f
	87		95			/font/5001/6e
	93		101			/font/5001/20
	99		107			/font/5001/42
	105		113			/font/5001/50
	111		119			/font/5001/31
rect	14	276	36	298	000000
draw	16	279	34	295	/sprites/564.SMIV/0
line	14	276	35	276	489048
			14	277	
	35		35		
	14	297		297	
			14	296	
	35		35		
rect	40	276	51	298	000000
	42	278	49	292	003870
		292		296	0060c0
line	40	276	50	276	00488f
			40	277	
	50		50		
	40	297		297	
			40	296	
	50		50		
rect	53	276	64	298	000000
	69		120	288	
		288		300	
	12	300		312	
