point	489	12	b0b0b0
	174	51	
	589	91	808080
	364	322	b0b0b0
	549	211	808080
	565	418	
	572	309	
	289	371	
	155	1	b0b0b0
	321	415	d0d0d0
	527	357	
	474	175	808080
	188	429	d0d0d0
	189	174	b0b0b0
	198	443	d0d0d0
	309	29	808080
	458	262	
	575	411	b0b0b0
	165	249	808080
	400	435	
	509	462	b0b0b0
	388	189	808080
	220	187	b0b0b0
	587	178	
	190	188	
	252	398	
	142	142	808080
	459	87	d0d0d0
	544	291	b0b0b0
	384	223	808080
	383	385	
	354	77	
	262	437	
	459	439	d0d0d0
	550	203	
	375	149	808080
	422	100	b0b0b0
	183	453	808080
	499	83	
	324	59	
	314	104	
	159	13	
	472	102	b0b0b0
	130	7	
	247	170	d0d0d0
	282	478	b0b0b0
	477	47	808080
	448	346	d0d0d0
	515	15	808080
	222	107	
	518	163	
	216	148	
	344	360	
	169	34	d0d0d0
	281	152	808080
	389	466	
	165	452	b0b0b0
	400	320	808080
	358	282	
	347	273	
	513	214	
	212	376	d0d0d0
	441	104	808080
	360	270	
	608	165	
	241	278	d0d0d0
	133	63	808080
	243	195	b0b0b0
	536	422	d0d0d0
	232	73	808080
	197	342	
	484	271	b0b0b0
	298	113	808080
	322	7	
	132	434	b0b0b0
	489	116	
	218	208	d0d0d0
	279	243	
	159	28	b0b0b0
	421	35	
	354	334	808080
	394	326	d0d0d0
	352	396	808080
	254	3	
	141	169	b0b0b0
	507	239	808080
	469	428	b0b0b0
	522	223	d0d0d0
	227	324	
	442	183	b0b0b0
	486	267	808080
	249	417	b0b0b0
	546	450	
	383	370	
	247	206	d0d0d0
	153	337	808080
	436	320	
	514	134	b0b0b0
	131	382	808080
	479	82	
	191	110	d0d0d0
	470	243	808080
	443	346	b0b0b0
	329	385	808080
	152	439	
	318	186	
	543	129	b0b0b0
	218	15	
	554	358	d0d0d0
	217	39	808080
	300	142	
	218	428	b0b0b0
	364	10	808080
	141	225	d0d0d0
	516	74	b0b0b0
	381	258	
	221	94	808080
	406	214	b0b0b0
	270	69	808080
	170	158	
	445	346	
	396	400	b0b0b0
	465	316	808080
	574	338	b0b0b0
	508	464	
line	277	0	277	480	002850
	574		574		005000
	128	30	608	30	
		327		327	002850
rect	60	467	72	479	900000
	20	200	36	216	
plus	22	203	32	213	c00000
triangle	36	199	44	207	c00000
	362	234	372	244	00c000
	77	474	83	480	c00000
	65	468	75	478	
	270	100	276	106	
	56	412	64	420	
rect	600	5	602	7	c00000
line	178	175	188	187	489048
			193	173	
	188	187			204020
draw	0	0	128	480	/pictures/501.png
	608		640		/pictures/512.png
tint	29	159	37	172	ff0000	/font/5001/33
	35		43			/font/5001/39
	41		49			
line	614	412	614	359	00488f
		359	622		
	622			412	002850
		412	614		
rect	615	360	622	412	003870
line	614	456	614	413	007fff
		413	622		
	622			456	00488f
		456	614		
rect	615	414	622	456	0070e0
line	614	239	614	231	909048
		231	622		
	622			239	505028
		239	614		
rect	615	232	622	239	707038
line	614	328	614	240	ffff7f
		240	622		
	622			328	909048
		328	614		
rect	615	241	622	328	e0e070
line	614	118	614	103	904848
		103	622		
	622			118	502828
		118	614		
rect	615	104	622	118	703838
line	614	200	614	119	ff7f7f
		119	622		
	622			200	904848
		200	614		
rect	615	120	622	200	e07070
line	618	8	629	8	90488f
			618	9	
	629		629		
	618	36		36	
			618	35	
	629		629		
rect	620	10	628	35	703870
		30			c060c0
	634	49	636	52	7fff7f
		53		56	60c060
		57		60	
		61		64	
		65		68	
		69		72	7fff7f
		73		76	60c060
		77		80	703800
		81		84	
		85		88	
		89		92	904800
		93		96	183018
		97		100	
		101		104	
		105		108	
		109		112	
		113		116	
		117		120	
		121		124	
		125		128	
		129		132	
		133		136	
		137		140	
		141		144	
		145		148	
		149		152	
		153		156	
		157		160	
		161		164	
		165		168	
		169		172	
		173		176	
		177		180	
		181		184	
		185		188	
		189		192	
		193		196	
		197		200	
		201		204	
		205		208	
		209		212	
		213		216	
		217		220	
		221		224	
		225		228	
		229		232	
		233		236	
		237		240	
		241		244	
		245		248	
		249		252	
		253		256	
		257		260	
		261		264	
		265		268	
		269		272	
		273		276	
		277		280	
		281		284	
		285		288	
		289		292	
		293		296	
		297		300	
		301		304	
		305		308	
		309		312	
		313		316	
		317		320	
		321		324	
		325		328	
		329		332	
		333		336	
		337		340	
		341		344	
		345		348	
		349		352	
		353		356	
		357		360	
		361		364	
		365		368	
		369		372	
		373		376	
		377		380	
		381		384	
		385		388	
		389		392	
		393		396	
		397		400	
		401		404	
		405		408	
		409		412	
		413		416	
		417		420	
		421		424	
		425		428	
		429		432	
		433		436	
		437		440	
		441		444	
		445		448	
	621	52	631	56	303000
		57		61	
		62		66	
		67		71	
		72		76	
		77		81	
		82		86	
	7	7	115	115	00ff00
	8	8	114	114	001000
	28	28	94	94	003000
point	19	92	008000
	13	57	
	10	19	
	9	8	
	15	56	
	21	93	
	20	92	
	18	86	
	9	22	
	92	29	
	12	22	
	13	57	
	15	20	
		26	
	49	42	
rect	12	320	121	440	001000
tint	15	320	23	333	00ff00	/font/5001/42
	21		29			/font/5001/55
	27		35			/font/5001/49
	33		41			/font/5001/4c
	39		47			/font/5001/44
	45		53			/font/5001/20
	51		59			/font/5001/53
	57		65			/font/5001/48
	63		71			/font/5001/49
	69		77			/font/5001/50
	75		83			/font/5001/53
line	12	342	119	342	009000
tint	15	332	23	345	00ff00	/font/5001/50
	21		29			/font/5001/69
	27		35			/font/5001/63
	33		41			/font/5001/74
	39		47			/font/5001/6f
	45		53			/font/5001/72
	51		59			/font/5001/69
	57		65			/font/5001/73
	63		71			/font/5001/20
	69		77			/font/5001/41
	75		83			/font/5001/6c
	81		89			/font/5001/70
	87		95			/font/5001/68
	93		101			/font/5001/61
	15	344	23	357		/font/5001/46
	21		29			/font/5001/69
	27		35			/font/5001/67
	33		41			/font/5001/68
	39		47			/font/5001/74
	45		53			/font/5001/65
	51		59			/font/5001/72
	15	356	23	369		/font/5001/43
	21		29			/font/5001/72
	27		35			/font/5001/75
	33		41			/font/5001/69
	39		47			/font/5001/73
	45		53			/font/5001/65
	51		59			/font/5001/72
line	12	379	12	368	009000
		368	120		
	120			379	005000
		379	12		
rect	13	369	120	379	007000
tint	15	368	23	381	003000	/font/5001/47
	21		29			/font/5001/75
	27		35			/font/5001/6e
	33		41			/font/5001/73
	39		47			/font/5001/68
	45		53			/font/5001/69
	51		59			/font/5001/70
	15	380	23	393	00ff00	/font/5001/54
	21		29			/font/5001/72
	27		35			/font/5001/61
	33		41			/font/5001/6e
	39		47			/font/5001/73
	45		53			/font/5001/70
	51		59			/font/5001/6f
	57		65			/font/5001/72
	63		71			/font/5001/74
line	12	438	119	438	009000
rect	16	450	114	475	001010
line	17	461	17	450	00c0c0
		450	43		
	43			461	007070
		461	17		
rect	18	451	43	461	009090
tint	19	450	27	463	00ffff	/font/5001/52
	25		33			/font/5001/47
	31		39			/font/5001/48
	37		45			/font/5001/54
	43		51			/font/5001/20
	49		57			/font/5001/42
	55		63			/font/5001/75
	61		69			/font/5001/69
	67		75			/font/5001/6c
	73		81			/font/5001/64
line	17	473	17	462	00c0c0
		462	43		
	43			473	007070
		473	17		
rect	18	463	43	473	009090
tint	19	462	27	475	00ffff	/font/5001/4c
	25		33			/font/5001/45
	31		39			/font/5001/46
	37		45			/font/5001/54
	43		51			/font/5001/20
	49		57			/font/5001/4d
	55		63			/font/5001/61
	61		69			/font/5001/69
	67		75			/font/5001/6e
	73		81			/font/5001/20
	79		87			/font/5001/4d
	85		93			/font/5001/65
	91		99			/font/5001/6e
	97		105			/font/5001/75
line	12	191	12	180	ffff00
		180	120		
	120			191	909000
		191	12		
rect	13	181	120	191	c0c000
tint	15	180	23	193	000000	/font/5001/43
	21		29			/font/5001/4f
	27		35			/font/5001/4e
	33		41			/font/5001/54
	39		47			/font/5001/52
	45		53			/font/5001/4f
	51		59			/font/5001/4c
	15	192	23	205	7fff7f	/font/5001/47
	21		29			/font/5001/55
	27		35			/font/5001/4e
	33		41			/font/5001/53
	39		47			/font/5001/48
	45		53			/font/5001/49
	51		59			/font/5001/50
draw	18	206	32	224	/sprites/652.SMIV/0
line	14	204	35	204	489048
			14	205	
	35		35		
	14	225		225	
			14	224	
	35		35		
rect	42	206	49	216	003870
		216		224	0060c0
line	40	204	50	204	00488f
			40	205	
	50		50		
	40	225		225	
			40	224	
	50		50		
rect	55	206	62	208	707000
		208		224	c0c000
line	53	204	63	204	909000
			53	205	
	63		63		
	53	225		225	
			53	224	
	63		63		
tint	69	204	77	217	7fff7f	/font/5001/4c
	75		83			/font/5001/53
	81		89			/font/5001/52
	87		95			/font/5001/54
	93		101			/font/5001/55
	99		107			/font/5001/52
	105		113			
	111		119			/font/5001/54
	69	216	77	229		/font/5001/4d
	75		83			/font/5001/47
	81		89			/font/5001/4e
	87		95			/font/5001/54
	93		101			/font/5001/4f
	99		107			/font/5001/50
	105		113			/font/5001/4c
	111		119			/font/5001/53
	12	228	20	241	00ff00	/font/5001/50
	18		26			/font/5001/6f
	24		32			/font/5001/77
	30		38			/font/5001/65
	36		44			/font/5001/72
	42		50			/font/5001/20
	48		56			/font/5001/53
	54		62			/font/5001/74
	60		68			/font/5001/61
	66		74			/font/5001/74
	72		80			/font/5001/69
	78		86			/font/5001/6f
	84		92			/font/5001/6e
	90		98			/font/5001/20
	96		104			/font/5001/42
	102		110			/font/5001/50
	108		116			/font/5001/31
line	12	263	12	252	007fff
		252	120		
	120			263	00488f
		263	12		
rect	13	253	120	263	0060c0
tint	15	252	23	265	000000	/font/5001/54
	21		29			/font/5001/41
	27		35			/font/5001/52
	33		41			/font/5001/47
	39		47			/font/5001/45
	45		53			/font/5001/54
	15	264	23	277	7fff7f	/font/5001/50
	21		29			/font/5001/6f
	27		35			/font/5001/77
	33		41			/font/5001/65
	39		47			/font/5001/72
	45		53			/font/5001/20
	51		59			/font/5001/53
	57		65			/font/5001/74
	63		71			/font/5001/61
	69		77			/font/5001/74
	75		83			/font/5001/69
	81		89			/font/5001/6f
	87		95			/font/5001/6e
	93		101			/font/5001/20
	99		107			/font/5001/42
	105		113			/font/5001/50
	111		119			/font/5001/31
draw	16	279	34	295	/sprites/564.SMIV/0
line	14	276	35	276	489048
			14	277	
	35		35		
	14	297		297	
			14	296	
	35		35		
rect	42	278	49	292	003870
		292		296	0060c0
line	40	276	50	276	00488f
			40	277	
	50		50		
	40	297		297	
			40	296	
	50		50		
