point	549	98	b0b0b0
	235	138	
	160	171	
	424	408	
	578	407	
	603	324	808080
	132	77	
	329	429	
	215	88	b0b0b0
	319	51	d0d0d0
	606	205	
	515	233	808080
	269	49	b0b0b0
	249	261	
	587	333	808080
	349	87	
	498	320	
	341	41	
	206	307	
	588	369	
	378	69	b0b0b0
	428	247	808080
	281	274	b0b0b0
	155	331	808080
	250	275	b0b0b0
	302	5	
	182	199	808080
	538	202	d0d0d0
	603	138	808080
	424	281	
	423	443	
	394	135	
	137	14	
	167	56	b0b0b0
	405	28	808080
	415	207	
	482	187	b0b0b0
	248	30	808080
	539	140	
	364	117	
	355	162	
	199	71	
	532	189	b0b0b0
	190	94	
	327	286	d0d0d0
	366	56	808080
	517	104	
	451	470	
	555	73	
	262	165	
	559	221	
	256	205	
	384	418	
	249	150	d0d0d0
	321	209	808080
	357	89	d0d0d0
	148	39	808080
	440	377	
	398	340	
	387	330	
	553	271	
	486	12	d0d0d0
	481	162	808080
	400	327	
	473	88	d0d0d0
	321	394	
	173	121	808080
	303	282	b0b0b0
	134	153	
	272	131	808080
	237	400	
	544	357	b0b0b0
	338	170	808080
	362	64	
	379	54	d0d0d0
	550	203	b0b0b0
	298	324	d0d0d0
	359	359	
	220	115	b0b0b0
	481	122	
	394	391	808080
	474	442	d0d0d0
	392	453	808080
	294	61	
	201	255	b0b0b0
	547	297	808080
	497	23	
	604	384	
	307	440	d0d0d0
	503	270	b0b0b0
	526	325	808080
	533	24	b0b0b0
	606	190	
	443	457	
	327	322	d0d0d0
	193	395	808080
	476	378	
	574	221	b0b0b0
	171	440	808080
	520	140	
	271	226	d0d0d0
	510	300	808080
	504	433	b0b0b0
	370	443	808080
	388	34	d0d0d0
	358	243	808080
	132	41	d0d0d0
	278	102	b0b0b0
	154	452	d0d0d0
	258	96	808080
	340	199	
	230	46	d0d0d0
	405	67	808080
	221	340	d0d0d0
	362	18	b0b0b0
	441	345	
	261	152	808080
	466	301	b0b0b0
	310	127	808080
	210	215	
	485	403	
	511	6	b0b0b0
	506	373	808080
	163	448	d0d0d0
	388	70	b0b0b0
	343	243	804000
	338	252	
	331	251	
	334	245	
	346		
	351	251	
	336	227	
	344	251	
	348	239	
	338	237	
	332	221	b05800
	340	232	
	331	224	
	334	231	
	342	221	
	339	228	
	344	222	
	339	235	
	338	227	
	340	225	
line	339	0	339	480	002850
	595		595		005000
	128	153	608	153	
		409		409	002850
	351	223	353	224	7fff7f
	333	208	335	209	
	366	238	368	239	
tint	78	3	90	15	900000	/x/square/6
	116	298	132	314		/x/square/8
	119	301	129	311	c00000	/x/plus/5
	131	298	139	306		/x/triangle/4
	363	235	373	245	00c000	/x/triangle/5
	90	-2	98	6	c00000	/x/triangle/4
	332	214	338	220		/x/triangle/3
	118	296	126	304		/x/triangle/4
	99	109	109	119		/x/triangle/5
line	171	267	185	272	489048
			183	258	
	185	272			204020
draw	0	0	128	480	/pictures/501.png
	608		640		/pictures/512.png
tint	29	159	37	172	ff0000	/font/5001/33
	35		43			/font/5001/39
	41		49			
line	614	411	614	359	00488f
		359	622		
	622			411	002850
		411	614		
rect	615	360	622	411	003870
line	614	456	614	412	007fff
		412	622		
	622			456	00488f
		456	614		
rect	615	413	622	456	0070e0
line	614	235	614	231	909048
		231	622		
	622			235	505028
		235	614		
rect	615	232	622	235	707038
line	614	328	614	236	ffff7f
		236	622		
	622			328	909048
		328	614		
rect	615	237	622	328	e0e070
line	614	121	614	103	904848
		103	622		
	622			121	502828
		121	614		
rect	615	104	622	121	703838
line	614	200	614	122	ff7f7f
		122	622		
	622			200	904848
		200	614		
rect	615	123	622	200	e07070
line	618	8	629	8	90488f
			618	9	
	629		629		
	618	36		36	
			618	35	
	629		629		
rect	620	10	628	35	703870
		35			c060c0
	634	49	636	52	7fff7f
		53		56	60c060
		57		60	
		61		64	
		65		68	
		69		72	7fff7f
		73		76	60c060
		77		80	
		81		84	
		85		88	703800
		89		92	904800
		93		96	183018
		97		100	
		101		104	
		105		108	
		109		112	
		113		116	
		117		120	
		121		124	
		125		128	
		129		132	
		133		136	
		137		140	
		141		144	
		145		148	
		149		152	
		153		156	
		157		160	
		161		164	
		165		168	
		169		172	
		173		176	
		177		180	
		181		184	
		185		188	
		189		192	
		193		196	
		197		200	
		201		204	
		205		208	
		209		212	
		213		216	
		217		220	
		221		224	
		225		228	
		229		232	
		233		236	
		237		240	
		241		244	
		245		248	
		249		252	
		253		256	
		257		260	
		261		264	
		265		268	
		269		272	
		273		276	
		277		280	
		281		284	
		285		288	
		289		292	
		293		296	
		297		300	
		301		304	
		305		308	
		309		312	
		313		316	
		317		320	
		321		324	
		325		328	
		329		332	
		333		336	
		337		340	
		341		344	
		345		348	
		349		352	
		353		356	
		357		360	
		361		364	
		365		368	
		369		372	
		373		376	
		377		380	
		381		384	
		385		388	
		389		392	
		393		396	
		397		400	
		401		404	
		405		408	
		409		412	
		413		416	
		417		420	
		421		424	
		425		428	
		429		432	
		433		436	
		437		440	
		441		444	
		445		448	
	621	52	631	56	303000
		57		61	
		62		66	
		67		71	
		72		76	
		77		81	
		82		86	
	7	7	115	115	00ff00
	8	8	114	114	001000
	23	23	99	99	003000
point	28	108	008000
	16	25	
	22	72	
	14	14	
	18	24	
	24	71	
	30	109	
	61	61	
	28	108	
	59	59	
	56		
	22	71	
	23	74	
	18	31	
	17	21	
	22	71	
	15	14	
	21	71	
	18	17	
	56	59	
rect	12	320	121	440	001000
tint	15	320	23	333	00ff00	/font/5001/42
	21		29			/font/5001/55
	27		35			/font/5001/49
	33		41			/font/5001/4c
	39		47			/font/5001/44
	45		53			/font/5001/20
	51		59			/font/5001/53
	57		65			/font/5001/48
	63		71			/font/5001/49
	69		77			/font/5001/50
	75		83			/font/5001/53
line	12	342	119	342	009000
tint	15	332	23	345	00ff00	/font/5001/50
	21		29			/font/5001/69
	27		35			/font/5001/63
	33		41			/font/5001/74
	39		47			/font/5001/6f
	45		53			/font/5001/72
	51		59			/font/5001/69
	57		65			/font/5001/73
	63		71			/font/5001/20
	69		77			/font/5001/41
	75		83			/font/5001/6c
	81		89			/font/5001/70
	87		95			/font/5001/68
	93		101			/font/5001/61
	15	344	23	357		/font/5001/46
	21		29			/font/5001/69
	27		35			/font/5001/67
	33		41			/font/5001/68
	39		47			/font/5001/74
	45		53			/font/5001/65
	51		59			/font/5001/72
	15	356	23	369		/font/5001/43
	21		29			/font/5001/72
	27		35			/font/5001/75
	33		41			/font/5001/69
	39		47			/font/5001/73
	45		53			/font/5001/65
	51		59			/font/5001/72
line	12	379	12	368	009000
		368	120		
	120			379	005000
		379	12		
rect	13	369	120	379	007000
tint	15	368	23	381	003000	/font/5001/47
	21		29			/font/5001/75
	27		35			/font/5001/6e
	33		41			/font/5001/73
	39		47			/font/5001/68
	45		53			/font/5001/69
	51		59			/font/5001/70
	15	380	23	393	00ff00	/font/5001/54
	21		29			/font/5001/72
	27		35			/font/5001/61
	33		41			/font/5001/6e
	39		47			/font/5001/73
	45		53			/font/5001/70
	51		59			/font/5001/6f
	57		65			/font/5001/72
	63		71			/font/5001/74
line	12	438	119	438	009000
rect	16	450	114	475	001010
line	17	461	17	450	00c0c0
		450	43		
	43			461	007070
		461	17		
rect	18	451	43	461	009090
tint	19	450	27	463	00ffff	/font/5001/52
	25		33			/font/5001/47
	31		39			/font/5001/48
	37		45			/font/5001/54
	43		51			/font/5001/20
	49		57			/font/5001/42
	55		63			/font/5001/75
	61		69			/font/5001/69
	67		75			/font/5001/6c
	73		81			/font/5001/64
line	17	473	17	462	00c0c0
		462	43		
	43			473	007070
		473	17		
rect	18	463	43	473	009090
tint	19	462	27	475	00ffff	/font/5001/4c
	25		33			/font/5001/45
	31		39			/font/5001/46
	37		45			/font/5001/54
	43		51			/font/5001/20
	49		57			/font/5001/4d
	55		63			/font/5001/61
	61		69			/font/5001/69
	67		75			/font/5001/6e
	73		81			/font/5001/20
	79		87			/font/5001/4d
	85		93			/font/5001/65
	91		99			/font/5001/6e
	97		105			/font/5001/75
rect	12	180	120	192	000000
line	12	191	12	180	ffff00
		180	119		
	119			191	909000
		191	12		
rect	13	181	119	191	c0c000
tint	15	180	23	193	000000	/font/5001/43
	21		29			/font/5001/4f
	27		35			/font/5001/4e
	33		41			/font/5001/54
	39		47			/font/5001/52
	45		53			/font/5001/4f
	51		59			/font/5001/4c
rect	12	192	120	204	000000
tint	15	192	23	205	7fff7f	/font/5001/47
	21		29			/font/5001/55
	27		35			/font/5001/4e
	33		41			/font/5001/53
	39		47			/font/5001/48
	45		53			/font/5001/49
	51		59			/font/5001/50
rect	14	204	36	226	000000
draw	18	206	32	224	/sprites/652.SMIV/0
line	14	204	35	204	489048
			14	205	
	35		35		
	14	225		225	
			14	224	
	35		35		
rect	40	204	51	226	000000
	42	206	49	216	003870
		216		224	0060c0
line	40	204	50	204	00488f
			40	205	
	50		50		
	40	225		225	
			40	224	
	50		50		
rect	53	204	64	226	000000
	55	206	62	207	707000
		207		224	c0c000
line	53	204	63	204	909000
			53	205	
	63		63		
	53	225		225	
			53	224	
	63		63		
rect	69	204	120	216	000000
tint	69	204	77	217	7fff7f	/font/5001/4c
	75		83			/font/5001/53
	81		89			/font/5001/52
	87		95			/font/5001/54
	93		101			/font/5001/55
	99		107			/font/5001/52
	105		113			
	111		119			/font/5001/54
rect	69	216	120	228	000000
tint	69	216	77	229	7fff7f	/font/5001/4d
	75		83			/font/5001/47
	81		89			/font/5001/4e
	87		95			/font/5001/54
	93		101			/font/5001/4f
	99		107			/font/5001/50
	105		113			/font/5001/4c
	111		119			/font/5001/53
rect	69	192	120	204	000000
	12	228		240	
tint	12	228	20	241	00ff00	/font/5001/50
	18		26			/font/5001/6f
	24		32			/font/5001/77
	30		38			/font/5001/65
	36		44			/font/5001/72
	42		50			/font/5001/20
	48		56			/font/5001/53
	54		62			/font/5001/74
	60		68			/font/5001/61
	66		74			/font/5001/74
	72		80			/font/5001/69
	78		86			/font/5001/6f
	84		92			/font/5001/6e
	90		98			/font/5001/20
	96		104			/font/5001/42
	102		110			/font/5001/50
	108		116			/font/5001/31
rect	12	252	120	264	000000
line	12	263	12	252	007fff
		252	119		
	119			263	00488f
		263	12		
rect	13	253	119	263	0060c0
tint	15	252	23	265	000000	/font/5001/54
	21		29			/font/5001/41
	27		35			/font/5001/52
	33		41			/font/5001/47
	39		47			/font/5001/45
	45		53			/font/5001/54
rect	12	264	120	276	000000
tint	15	264	23	277	7fff7f	/font/5001/50
	21		29			/font/5001/6f
	27		35			/font/5001/77
	33		41			/font/5001/65
	39		47			/font/5001/72
	45		53			/font/5001/20
	51		59			/font/5001/53
	57		65			/font/5001/74
	63		71			/font/5001/61
	69		77			/font/5001/74
	75		83			/font/5001/69
	81		89			/font/5001/6f
	87		95			/font/5001/6e
	93		101			/font/5001/20
	99		107			/font/5001/42
	105		113			/font/5001/50
	111		119			/font/5001/31
rect	14	276	36	298	000000
draw	16	279	34	295	/sprites/564.SMIV/0
line	14	276	35	276	489048
			14	277	
	35		35		
	14	297		297	
			14	296	
	35		35		
rect	40	276	51	298	000000
	42	278	49	292	003870
		292		296	0060c0
line	40	276	50	276	00488f
			40	277	
	50		50		
	40	297		297	
			40	296	
	50		50		
rect	53	276	64	298	000000
	69		120	288	
		288		300	
	12	300		312	
