point	409	407	b0b0b0
	575	59	
	501	92	
	286	154	
	335	181	808080
	462	373	b0b0b0
	359	24	808080
	556	376	
	210	223	d0d0d0
	534	462	b0b0b0
	468	113	
	395	235	d0d0d0
	482	457	808080
	590	183	b0b0b0
	334	333	808080
	576	35	
	361	380	d0d0d0
	198	455	
	432	255	808080
	542	114	d0d0d0
	239	354	b0b0b0
	251	19	808080
	142	181	b0b0b0
	382	278	808080
	591	197	b0b0b0
	146	188	808080
	409	147	
	306	119	b0b0b0
	350	426	808080
	192	168	b0b0b0
	188	21	
	153	42	d0d0d0
	178	6	808080
	185	70	b0b0b0
	243	77	
	178	13	
	272	284	808080
	341	455	
	443	317	d0d0d0
	590	64	808080
	581	109	
	281	28	b0b0b0
	393	290	
	356	20	d0d0d0
	258	194	b0b0b0
	295	467	808080
	332	183	b0b0b0
	232	279	
	302	217	808080
	489	112	
	484	123	d0d0d0
	483	153	808080
	133	279	d0d0d0
	466	434	
	548	157	808080
	168	244	
	577	456	b0b0b0
	187	278	808080
	162	164	d0d0d0
	134	403	808080
	299	128	
	400	426	d0d0d0
	278	307	b0b0b0
	147	135	808080
	164	470	b0b0b0
	296	290	d0d0d0
	400	69	808080
	175	106	d0d0d0
	475	75	b0b0b0
	499	78	808080
	464	347	
	312	436	
	565	118	
	564	19	b0b0b0
	264	427	d0d0d0
	410	324	b0b0b0
	201	110	808080
	231	291	
	560	36	b0b0b0
	494	430	
	147	204	
	450	58	d0d0d0
	149	399	
	161	147	808080
	542	177	b0b0b0
	596	445	d0d0d0
	605	284	808080
	528	446	
	206	49	
	285	125	
	175	71	
	153	347	b0b0b0
	467	275	
	245	83	808080
	258	364	b0b0b0
	420	342	808080
	270	163	b0b0b0
	537	266	d0d0d0
	398	387	808080
	336	353	b0b0b0
	455	476	808080
	592	432	d0d0d0
	364	123	b0b0b0
	596	390	808080
	393	407	d0d0d0
	585	191	808080
	577	458	d0d0d0
	274	29	
	129	198	808080
	484	44	
	567	147	
	321	420	d0d0d0
	526	30	
	162	135	808080
	270	209	d0d0d0
	244	54	808080
	488	99	
	393	193	d0d0d0
	537	74	808080
	437	163	
	284	281	b0b0b0
	413	66	d0d0d0
	144	474	808080
	133	400	
	208	248	
	383	243	804000
		273	
	331	276	
	362	282	
	361	260	
	371	243	
	378	287	
	384	262	
	368	254	
	348	250	
	343	262	c06000
		264	
	349	256	
	334	261	
	352	260	
	357	276	
	346	278	
	360	266	
	338	276	
	357	256	
	354	242	502800
	411	258	
	389	197	
	369	209	
	414	240	
	369	259	
	394	216	
		198	
	406	231	
	392	222	
line	232	0	232	480	000050
	360		360		002850
	488		488		000050
	128	28	608	28	
		156		156	
		284		284	
		412		412	002850
	311	229	314	225	ff0000
	342	266	344	263	7fff7f
draw	426	189	458	221	/sprites/1023.SMIV/0
	486	171	498	183	/sprites/514.SMIV/11
	334	203	341	212	/sprites/502.SMIV/16
	361	237	377	243	/sprites/652.SMIV/18
static	396	268	403	276	00000000	20	/sprites/502.SMIV/19
	333	271	337	275	f0f078	34	/sprites/512.SMIV/13
draw	322	190	326	201	/sprites/502.SMIV/12
	345	137	350	146	/sprites/523.SMIV/13
	338	262	340	264	/sprites/504.SMIV/19
line	169	246	183	253	489048
			182	238	
	183	253			204020
draw	0	0	128	480	/pictures/501.png
	608		640		/pictures/512.png
tint	29	159	37	172	ff0000	/font/5001/33
	35		43			/font/5001/38
	41		49			/font/5001/34
line	614	422	614	359	00488f
		359	622		
	622			422	002850
		422	614		
rect	615	360	622	422	003870
line	614	456	614	423	007fff
		423	622		
	622			456	00488f
		456	614		
rect	615	424	622	456	0070e0
line	614	248	614	231	909048
		231	622		
	622			248	505028
		248	614		
rect	615	232	622	248	707038
line	614	328	614	249	ffff7f
		249	622		
	622			328	909048
		328	614		
rect	615	250	622	328	e0e070
line	614	128	614	103	904848
		103	622		
	622			128	502828
		128	614		
rect	615	104	622	128	703838
line	614	200	614	129	ff7f7f
		129	622		
	622			200	904848
		200	614		
rect	615	130	622	200	e07070
line	618	8	629	8	90488f
			618	9	
	629		629		
	618	36		36	
			618	35	
	629		629		
rect	620	10	628	35	703870
		35			c060c0
	634	49	636	52	7fff7f
		53		56	60c060
		57		60	
		61		64	
		65		68	
		69		72	007fff
		73		76	0060c0
		77		80	
		81		84	
		85		88	
		89		92	007fff
		93		96	0060c0
		97		100	
		101		104	
		105		108	
		109		112	007fff
		113		116	183018
		117		120	
		121		124	
		125		128	
		129		132	
		133		136	
		137		140	
		141		144	
		145		148	
		149		152	
		153		156	
		157		160	
		161		164	
		165		168	
		169		172	
		173		176	
		177		180	
		181		184	
		185		188	
		189		192	
		193		196	
		197		200	
		201		204	
		205		208	
		209		212	
		213		216	
		217		220	
		221		224	
		225		228	
		229		232	
		233		236	
		237		240	
		241		244	
		245		248	
		249		252	
		253		256	
		257		260	
		261		264	
		265		268	
		269		272	
		273		276	
		277		280	
		281		284	
		285		288	
		289		292	
		293		296	
		297		300	
		301		304	
		305		308	
		309		312	
		313		316	
		317		320	
		321		324	
		325		328	
		329		332	
		333		336	
		337		340	
		341		344	
		345		348	
		349		352	
		353		356	
		357		360	
		361		364	
		365		368	
		369		372	
		373		376	
		377		380	
		381		384	
		385		388	
		389		392	
		393		396	
		397		400	
		401		404	
		405		408	
		409		412	
		413		416	
		417		420	
		421		424	
		425		428	
		429		432	
		433		436	
		437		440	
		441		444	
		445		448	
	621	52	631	56	303000
		57		61	
		62		66	
		67		71	
		72		76	
		77		81	
		82		86	
	7	7	115	115	00ff00
	8	8	114	114	001000
	42	42	80	80	003000
point	72	94	008000
	61	11	
	67	59	
		26	
	70	92	
	60	59	
	74	95	
	72	94	
	59	62	
	56	61	
	64	62	
	59	58	
	60	10	
	70	93	
		56	
	64	25	
	61	53	
	60	62	
rect	12	320	121	440	001000
tint	15	320	23	333	00ff00	/font/5001/42
	21		29			/font/5001/55
	27		35			/font/5001/49
	33		41			/font/5001/4c
	39		47			/font/5001/44
	45		53			/font/5001/20
	51		59			/font/5001/53
	57		65			/font/5001/48
	63		71			/font/5001/49
	69		77			/font/5001/50
	75		83			/font/5001/53
line	12	342	119	342	009000
tint	15	332	23	345	00ff00	/font/5001/50
	21		29			/font/5001/69
	27		35			/font/5001/63
	33		41			/font/5001/74
	39		47			/font/5001/6f
	45		53			/font/5001/72
	51		59			/font/5001/69
	57		65			/font/5001/73
	63		71			/font/5001/20
	69		77			/font/5001/41
	75		83			/font/5001/6c
	81		89			/font/5001/70
	87		95			/font/5001/68
	93		101			/font/5001/61
	15	344	23	357		/font/5001/46
	21		29			/font/5001/69
	27		35			/font/5001/67
	33		41			/font/5001/68
	39		47			/font/5001/74
	45		53			/font/5001/65
	51		59			/font/5001/72
	15	356	23	369		/font/5001/43
	21		29			/font/5001/72
	27		35			/font/5001/75
	33		41			/font/5001/69
	39		47			/font/5001/73
	45		53			/font/5001/65
	51		59			/font/5001/72
line	12	379	12	368	009000
		368	120		
	120			379	005000
		379	12		
rect	13	369	120	379	007000
tint	15	368	23	381	00ff00	/font/5001/47
	21		29			/font/5001/75
	27		35			/font/5001/6e
	33		41			/font/5001/73
	39		47			/font/5001/68
	45		53			/font/5001/69
	51		59			/font/5001/70
	15	380	23	393		/font/5001/54
	21		29			/font/5001/72
	27		35			/font/5001/61
	33		41			/font/5001/6e
	39		47			/font/5001/73
	45		53			/font/5001/70
	51		59			/font/5001/6f
	57		65			/font/5001/72
	63		71			/font/5001/74
line	12	438	119	438	009000
rect	16	450	114	475	001010
line	17	461	17	450	00c0c0
		450	43		
	43			461	007070
		461	17		
rect	18	451	43	461	009090
tint	19	450	27	463	00ffff	/font/5001/52
	25		33			/font/5001/47
	31		39			/font/5001/48
	37		45			/font/5001/54
	43		51			/font/5001/20
	49		57			/font/5001/42
	55		63			/font/5001/75
	61		69			/font/5001/69
	67		75			/font/5001/6c
	73		81			/font/5001/64
line	17	473	17	462	00c0c0
		462	43		
	43			473	007070
		473	17		
rect	18	463	43	473	009090
tint	19	462	27	475	00ffff	/font/5001/4c
	25		33			/font/5001/45
	31		39			/font/5001/46
	37		45			/font/5001/54
	43		51			/font/5001/20
	49		57			/font/5001/4d
	55		63			/font/5001/61
	61		69			/font/5001/69
	67		75			/font/5001/6e
	73		81			/font/5001/20
	79		87			/font/5001/4d
	85		93			/font/5001/65
	91		99			/font/5001/6e
	97		105			/font/5001/75
rect	12	180	120	192	000000
line	12	191	12	180	ffff00
		180	119		
	119			191	909000
		191	12		
rect	13	181	119	191	c0c000
tint	15	180	23	193	000000	/font/5001/43
	21		29			/font/5001/4f
	27		35			/font/5001/4e
	33		41			/font/5001/54
	39		47			/font/5001/52
	45		53			/font/5001/4f
	51		59			/font/5001/4c
rect	12	192	120	204	000000
tint	15	192	23	205	7fff7f	/font/5001/47
	21		29			/font/5001/55
	27		35			/font/5001/4e
	33		41			/font/5001/53
	39		47			/font/5001/48
	45		53			/font/5001/49
	51		59			/font/5001/50
rect	14	204	36	226	000000
draw	18	206	32	224	/sprites/652.SMIV/0
line	14	204	35	204	489048
			14	205	
	35		35		
	14	225		225	
			14	224	
	35		35		
rect	40	204	51	226	000000
	42	206	49	218	003870
		218		224	0060c0
line	40	204	50	204	00488f
			40	205	
	50		50		
	40	225		225	
			40	224	
	50		50		
rect	53	204	64	226	000000
	55	206	62	210	707000
		210		224	c0c000
line	53	204	63	204	909000
			53	205	
	63		63		
	53	225		225	
			53	224	
	63		63		
rect	69	204	120	216	000000
tint	69	204	77	217	7fff7f	/font/5001/4c
	75		83			/font/5001/53
	81		89			/font/5001/52
	87		95			/font/5001/54
	93		101			/font/5001/55
	99		107			/font/5001/52
	105		113			
	111		119			/font/5001/54
rect	69	216	120	228	000000
tint	69	216	77	229	7fff7f	/font/5001/4d
	75		83			/font/5001/47
	81		89			/font/5001/4e
	87		95			/font/5001/54
	93		101			/font/5001/4f
	99		107			/font/5001/50
	105		113			/font/5001/4c
	111		119			/font/5001/53
rect	69	192	120	204	000000
	12	228		240	
tint	12	228	20	241	00ff00	/font/5001/50
	18		26			/font/5001/6f
	24		32			/font/5001/77
	30		38			/font/5001/65
	36		44			/font/5001/72
	42		50			/font/5001/20
	48		56			/font/5001/53
	54		62			/font/5001/74
	60		68			/font/5001/61
	66		74			/font/5001/74
	72		80			/font/5001/69
	78		86			/font/5001/6f
	84		92			/font/5001/6e
	90		98			/font/5001/20
	96		104			/font/5001/42
	102		110			/font/5001/50
	108		116			/font/5001/31
rect	12	252	120	264	000000
line	12	263	12	252	007fff
		252	119		
	119			263	00488f
		263	12		
rect	13	253	119	263	0060c0
tint	15	252	23	265	000000	/font/5001/54
	21		29			/font/5001/41
	27		35			/font/5001/52
	33		41			/font/5001/47
	39		47			/font/5001/45
	45		53			/font/5001/54
rect	12	264	120	276	000000
tint	15	264	23	277	7fff7f	/font/5001/50
	21		29			/font/5001/6f
	27		35			/font/5001/77
	33		41			/font/5001/65
	39		47			/font/5001/72
	45		53			/font/5001/20
	51		59			/font/5001/53
	57		65			/font/5001/74
	63		71			/font/5001/61
	69		77			/font/5001/74
	75		83			/font/5001/69
	81		89			/font/5001/6f
	87		95			/font/5001/6e
	93		101			/font/5001/20
	99		107			/font/5001/42
	105		113			/font/5001/50
	111		119			/font/5001/31
rect	14	276	36	298	000000
draw	16	279	34	295	/sprites/564.SMIV/0
line	14	276	35	276	489048
			14	277	
	35		35		
	14	297		297	
			14	296	
	35		35		
rect	40	276	51	298	000000
	42	278	49	292	003870
		292		296	0060c0
line	40	276	50	276	00488f
			40	277	
	50		50		
	40	297		297	
			40	296	
	50		50		
rect	53	276	64	298	000000
	69		120	288	
		288		300	
	12	300		312	
