line	542	285	541	285	808080
	408	436	407	436	
	275	303	274	303	b0b0b0
	141	122	140	122	808080
	416	369	416	369	
	236	273	236	273	
	339	466	338	466	b0b0b0
	415	279	414	279	
	237	128	236	128	
	319	159	318	159	d0d0d0
	298	263	297	263	808080
	278	100	277	100	b0b0b0
	304	41	303	41	808080
	594	235	593	235	
	592	169	591	169	b0b0b0
	290	356	289	356	808080
	195	478	194	478	b0b0b0
	397	39	396	39	
	289	312	288	312	
	465	153	464	153	
	485	193	484	193	d0d0d0
	387	54	386	55	
	332	177	331	177	808080
	505	413	504	413	
	532	472	531	472	b0b0b0
	495	474	494	474	808080
	344	424	343	424	b0b0b0
	547	262	546	262	808080
	521	402	519	402	d0d0d0
	415	461	414	461	b0b0b0
	296	194	295	194	d0d0d0
	385	65	385	65	808080
	548	217	547	217	b0b0b0
	282	81	281	81	
	373	5	372	5	
	602	85	601	85	808080
	386	48	386	48	
	184	428	182	428	d0d0d0
	133	28	132	28	b0b0b0
	294	363	294	363	808080
	308	384	307	384	d0d0d0
	305	315	304	315	808080
	582	177	581	177	d0d0d0
	397	424	396	424	808080
	228	304	227	304	b0b0b0
	438	366	437	366	808080
	133	404	132	404	
	604	411	603	411	b0b0b0
	543	180	542	180	808080
	460	434	459	434	b0b0b0
	130	92	129	92	
	307	279	306	279	808080
	250	103	248	103	d0d0d0
	393	171	391	171	b0b0b0
	200	364	199	364	
	443	323	442	323	808080
	228	328	227	328	b0b0b0
	439	380	438	380	
	274	461	273	461	d0d0d0
	202	289	201	289	808080
	269	119	268	119	d0d0d0
	135	137	134	137	808080
	419	90	418	90	
	228	296	227	296	b0b0b0
	534	175	533	175	808080
	308	367	307	367	d0d0d0
	261	432	260	432	b0b0b0
	503	467	502	467	808080
	302	1	301	1	d0d0d0
	538	135	537	135	b0b0b0
	363	154	361	154	d0d0d0
	194	46	193	46	808080
	462	289	460	289	d0d0d0
	274	437	274	437	808080
	323	311	322	311	b0b0b0
		446		446	
	516	151	515	151	808080
	371	127	370	127	
	603	391	602	391	d0d0d0
	405	312	404	312	b0b0b0
	586	194	585	194	d0d0d0
	538	467	537	467	b0b0b0
	423		422		
	595	351	594	351	808080
	371	35	370	35	
	583	141	582	141	
	301	287	300	287	b0b0b0
	592	71	591	71	
	533	348	532	348	d0d0d0
	199	6	197	6	b0b0b0
	582	35	581	35	d0d0d0
	394	433	393	433	808080
	577	397	576	397	b0b0b0
	497	44	496	44	808080
	485	126	483	126	d0d0d0
	593	358	592	358	
	500	450	499	450	808080
	243	383	242	383	
	239	180	238	180	
	285	107	283	107	d0d0d0
	300	388	299	388	808080
	444	386	443	386	
	488	227	487	227	
	325	433	324	433	
	569	5	568	5	d0d0d0
	326	336	325	336	808080
	402	353	401	353	b0b0b0
	376	20	375	20	d0d0d0
	562	326	561	326	b0b0b0
	567	32	566	32	d0d0d0
	366	406	365	406	b0b0b0
	478	241	477	241	808080
	475	251	474	251	
	587	410	586	410	
	354	139	354	139	
	345	141	344	141	b0b0b0
	194	191	193	191	808080
	149	350	148	350	
	405	418	404	418	
	182	119	180	119	d0d0d0
	192	6	191	6	b0b0b0
	273	189	272	189	808080
	465	345	463	345	d0d0d0
	530	180	529	180	b0b0b0
	316	233	314	233	d0d0d0
	173	0	173	480	002850
	387		387		
	601		601		005000
	128	133	608	133	002850
		347		347	
rect	229	231	241	243	900000
	200	38	216	54	
triangle	362	234	372	244	005000
plus	218	31	228	41	c00000
triangle	242	238	248	244	c00000
	230	232	240	242	
		256	236	262	
	214	37	222	45	
	227	235	233	241	
	217	35	225	43	
	223	228	233	238	
	204	42	212	50	
dither	200	50	262	67	003030
crop	204	54	211	65	8	33	000000	/fonts/tactical
	211		218		80			
	218		225		32			
	225		232		0	22		
	232		239		80	55		
	239		246		120	66		
	246		253					
	253		260		104			
	203	53	210	64	8	33	00ffff	
	210		217		80			
	217		224		32			
	224		231		0	22		
	231		238		80	55		
	238		245		120	66		
	245		252					
	252		259		104			
line	168	242	181	249	489048
				234	
	181	249			204020
draw	0	0	128	480	/pictures/501.png
	608		640		/pictures/512.png
crop	29	159	35	171	32	36	ff0000	/fonts/computer
	35		41		16			
	41		47		72			
line	614	435	614	359	00488f
		359	622		
	622			435	002850
		435	614		
rect	615	360	622	435	003870
line	614	456	614	436	007fff
		436	622		
	622			456	00488f
		456	614		
rect	615	437	622	456	0070e0
line	614	247	614	231	909048
		231	622		
	622			247	505028
		247	614		
rect	615	232	622	247	707038
line	614	328	614	248	ffff7f
		248	622		
	622			328	909048
		328	614		
rect	615	249	622	328	e0e070
line	614	162	614	103	904848
		103	622		
	622			162	502828
		162	614		
rect	615	104	622	162	703838
line	614	200	614	163	ff7f7f
		163	622		
	622			200	904848
		200	614		
rect	615	164	622	200	e07070
line	618	8	629	8	90488f
			618	9	
	629		629		
	618	36		36	
			618	35	
	629		629		
rect	620	10	628	35	703870
		30			c060c0
	634	49	636	52	7fff7f
		53		56	60c060
		57		60	703800
		61		64	
		65		68	
		69		72	904800
		73		76	703800
		77		80	
		81		84	
		85		88	
		89		92	904800
		93		96	183018
		97		100	
		101		104	
		105		108	
		109		112	
		113		116	
		117		120	
		121		124	
		125		128	
		129		132	
		133		136	
		137		140	
		141		144	
		145		148	
		149		152	
		153		156	
		157		160	
		161		164	
		165		168	
		169		172	
		173		176	
		177		180	
		181		184	
		185		188	
		189		192	
		193		196	
		197		200	
		201		204	
		205		208	
		209		212	
		213		216	
		217		220	
		221		224	
		225		228	
		229		232	
		233		236	
		237		240	
		241		244	
		245		248	
		249		252	
		253		256	
		257		260	
		261		264	
		265		268	
		269		272	
		273		276	
		277		280	
		281		284	
		285		288	
		289		292	
		293		296	
		297		300	
		301		304	
		305		308	
		309		312	
		313		316	
		317		320	
		321		324	
		325		328	
		329		332	
		333		336	
		337		340	
		341		344	
		345		348	
		349		352	
		353		356	
		357		360	
		361		364	
		365		368	
		369		372	
		373		376	
		377		380	
		381		384	
		385		388	
		389		392	
		393		396	
		397		400	
		401		404	
		405		408	
		409		412	
		413		416	
		417		420	
		421		424	
		425		428	
		429		432	
		433		436	
		437		440	
		441		444	
		445		448	
	621	52	631	56	303000
		57		61	
		62		66	
		67		71	
		72		76	
		77		81	
		82		86	
	7	7	115	115	00ff00
	8	8	114	114	001000
	9	9	113	113	003000
point	32	61	008000
	27	25	
	30	24	
	29	23	
	34	61	
	32		
		64	
	29	24	
	30	23	
	32	61	
	31	60	
	30	23	
	27	25	
	31	61	
rect	12	320	121	440	001000
crop	15	320	21	332	16	48	00ff00	/fonts/computer
	21		27		40	60		
	27		33		72	48		
	33		39		96			
	39		45		32			
	45		51		0	24		
	51		57		24	60		
	57		63		64	48		
	63		69		72			
	69		75		0	60		
	75		81		24			
line	12	342	119	342	009000
crop	15	332	21	344	0	60	00ff00	/fonts/computer
	21		27		72	72		
	27		33		24			
	33		39		32	84		
	39		45		120	72		
	45		51		16	84		
	51		57		72	72		
	57		63		24	84		
	63		69		0	24		
	69		75		8	48		
	75		81		96	72		
	81		87		0	84		
	87		93		64	72		
	93		99		8			
	15	344	21	356	48	48	009000	
	21		27		72	72		
	27		33		56			
	33		39		64			
	39		45		32	84		
	45		51		40	72		
	51		57		16	84		
	15	356	21	368	24	48		
	21		27		16	84		
	27		33		40			
	33		39		72	72		
	39		45		24	84		
	45		51		40	72		
	51		57		16	84		
line	12	379	12	368	009000
		368	120		
	120			379	005000
		379	12		
rect	13	369	120	379	007000
crop	15	368	21	380	56	48	003000	/fonts/computer
	21		27		40	84		
	27		33		112	72		
	33		39		24	84		
	39		45		64	72		
	45		51		72			
	51		57		0	84		
	15	380	21	392	32	60	009000	
	21		27		16	84		
	27		33		8	72		
	33		39		112			
	39		45		24	84		
	45		51		0			
	51		57		120	72		
	57		63		16	84		
	63		69		32			
line	12	438	119	438	009000
rect	16	450	114	475	001010
line	17	461	17	450	00c0c0
		450	43		
	43			461	007070
		461	17		
rect	18	451	43	461	009090
crop	19	450	25	462	16	60	00ffff	/fonts/computer
	25		31		56	48		
	31		37		64			
	37		43		32	60		
	43		49		0	24		
	49		55		16	48		
	55		61		40	84		
	61		67		72	72		
	67		73		96			
	73		79		32			
line	17	473	17	462	00c0c0
		462	43		
	43			473	007070
		473	17		
rect	18	463	43	473	009090
crop	19	462	25	474	96	48	00ffff	/fonts/computer
	25		31		40			
	31		37		48			
	37		43		32	60		
	43		49		0	24		
	49		55		104	48		
	55		61		8	72		
	61		67		72			
	67		73		112			
	73		79		0	24		
	79		85		104	48		
	85		91		40	72		
	91		97		112			
	97		103		40	84		
line	12	191	12	180	ffff00
		180	120		
	120			191	909000
		191	12		
rect	13	181	120	191	c0c000
crop	15	180	21	192	24	48	000000	/fonts/computer
	21		27		120			
	27		33		112			
	33		39		32	60		
	39		45		16			
	45		51		120	48		
	51		57		96			
	15	192	21	204	56		7fff7f	
	21		27		40	60		
	27		33		112	48		
	33		39		24	60		
	39		45		64	48		
	45		51		72			
	51		57		0	60		
draw	18	206	32	224	/sprites/652.SMIV/0
line	14	204	35	204	489048
			14	205	
	35		35		
	14	225		225	
			14	224	
	35		35		
rect	42	206	49	221	003870
		221		224	0060c0
line	40	204	50	204	00488f
			40	205	
	50		50		
	40	225		225	
			40	224	
	50		50		
rect	55	206	62	209	707000
		209		224	c0c000
line	53	204	63	204	909000
			53	205	
	63		63		
	53	225		225	
			53	224	
	63		63		
crop	69	204	75	216	96	48	7fff7f	/fonts/computer
	75		81		24	60		
	81		87		16			
	87		93		32			
	93		99		40			
	99		105		16			
	105		111					
	111		117		32			
	69	216	75	228	104	48		
	75		81		56			
	81		87		112			
	87		93		32	60		
	93		99		120	48		
	99		105		0	60		
	105		111		96	48		
	111		117		24	60		
	12	228	18	240	0		00ff00	
	18		24		120	72		
	24		30		56	84		
	30		36		40	72		
	36		42		16	84		
	42		48		0	24		
	48		54		24	60		
	54		60		32	84		
	60		66		8	72		
	66		72		32	84		
	72		78		72	72		
	78		84		120			
	84		90		112			
	90		96		0	24		
	96		102		16	48		
	102		108		0	60		
	108		114		8	36		
line	12	263	12	252	007fff
		252	120		
	120			263	00488f
		263	12		
rect	13	253	120	263	0060c0
crop	15	252	21	264	32	60	000000	/fonts/computer
	21		27		8	48		
	27		33		16	60		
	33		39		56	48		
	39		45		40			
	45		51		32	60		
	15	264	21	276	0		7fff7f	
	21		27		120	72		
	27		33		56	84		
	33		39		40	72		
	39		45		16	84		
	45		51		0	24		
	51		57		24	60		
	57		63		32	84		
	63		69		8	72		
	69		75		32	84		
	75		81		72	72		
	81		87		120			
	87		93		112			
	93		99		0	24		
	99		105		16	48		
	105		111		0	60		
	111		117		8	36		
draw	16	279	34	295	/sprites/564.SMIV/0
line	14	276	35	276	489048
			14	277	
	35		35		
	14	297		297	
			14	296	
	35		35		
rect	42	278	49	292	003870
		292		296	0060c0
line	40	276	50	276	00488f
			40	277	
	50		50		
	40	297		297	
			40	296	
	50		50		
