point	230	203	b0b0b0
	542	474	808080
	477	360	b0b0b0
	275	160	808080
	201	11	b0b0b0
	371	311	808080
	486	116	b0b0b0
	344	84	
	300	122	808080
	587	397	d0d0d0
	432	301	808080
	278	209	d0d0d0
	606	324	b0b0b0
	316	34	808080
	252	441	
	424	394	
	483	55	b0b0b0
	439	29	808080
	491	369	b0b0b0
	578	106	808080
	275	294	d0d0d0
	164	226	b0b0b0
	466	215	808080
	171	76	b0b0b0
	355	78	808080
	357	17	
	166	73	d0d0d0
	201	219	808080
	270	2	b0b0b0
	141	341	d0d0d0
	445	120	
	241	155	b0b0b0
	585	108	d0d0d0
	209	140	
	317	61	b0b0b0
	256	321	808080
	342	86	
	498	19	b0b0b0
	477	113	
	429	401	808080
	579	306	d0d0d0
	439	353	808080
	289	215	d0d0d0
	531	462	808080
	430	360	b0b0b0
	570	330	808080
	267	442	
	260	367	
	173	335	b0b0b0
	202	175	d0d0d0
	406	196	
	441	317	808080
	446	73	
	479	107	
	402	421	b0b0b0
	561	352	
	430	384	
	161	308	
	529	55	808080
	336	327	
	571	173	
	269	175	
	552	227	
	430	352	b0b0b0
	222	109	d0d0d0
	577	276	
	197	6	808080
	172	221	d0d0d0
	251	95	
	260	478	b0b0b0
	575	106	d0d0d0
	556	250	808080
	221	275	b0b0b0
	409	475	808080
	225	21	d0d0d0
	246	20	b0b0b0
	135	359	808080
	505	164	
	260	126	
	525	2	
	314	241	b0b0b0
	303	348	d0d0d0
	150	412	
	248	280	808080
	395	73	
	237	464	
	503	344	b0b0b0
	530	21	808080
	219	16	
	134	226	d0d0d0
	250	230	808080
	528	471	
	299	262	b0b0b0
	547	84	808080
	203	252	
	361	90	b0b0b0
	247	96	
	377	420	808080
	373	218	
	418	157	b0b0b0
	434	426	808080
	294	22	b0b0b0
	140	228	808080
	459	471	
	359	399	d0d0d0
	460	374	808080
	165	38	
	503	92	d0d0d0
	284	469	b0b0b0
	592	64	d0d0d0
	339	10	
	145	451	808080
	608	196	b0b0b0
	294	195	d0d0d0
	489	177	808080
	546	349	b0b0b0
	328	229	808080
	283	388	
	539	456	
	397	144	b0b0b0
	462	83	d0d0d0
	407	227	808080
	312	15	d0d0d0
	252	200	b0b0b0
	378	243	d0d0d0
rect	223	0	224	480	000050
	351		352		
	479		480		
	607		608		002850
	128	76		77	
		204		205	000050
		332		333	
		460		461	
line	406	238	403	239	7fff7f
	449	253	446	252	
draw	235	318	251	334	/sprites/loc/planets/yellow-cookie%0
	362	235	376	245	/sprites/uns/gunship%15
	446	406	450	409	/sprites/can/fighter%19
		343	457	354	/sprites/can/gunship%22
	390	288	394	291	/sprites/can/fighter%3
	429	251	435	258	/sprites/can/hvc%22
	337	450	341	453	/sprites/can/fighter%5
	473	425	483	437	/sprites/can/gunship%4
dither	200	50	346	67	300018
crop	204	54	211	65	56	55	000000	/fonts/tactical.png
	211		218		8	44		
	218		225		16	55		
	225		232		112	44		
	232		239		72			
	239		246		112			
	246		253		56			
	253		260		80	33		
	260		267		0	22		
	267		274		24	55		
	274		281		64	66		
	281		288		72			
	288		295		40			
	295		302		96			
	302		309		32			
	309		316		24	77		
	316		323		0	22		
	323		330		96	44		
	330		337		120	66		
	337		344		56	77		
	203	53	210	64		55	ff007f	
	210		217		8	44		
	217		224		16	55		
	224		231		112	44		
	231		238		72			
	238		245		112			
	245		252		56			
	252		259		80	33		
	259		266		0	22		
	266		273		24	55		
	273		280		64	66		
	280		287		72			
	287		294		40			
	294		301		96			
	301		308		32			
	308		315		24	77		
	315		322		0	22		
	322		329		96	44		
	329		336		120	66		
	336		343		56	77		
line	225	378	240	375	489048
			229	363	
	240	375			204020
draw	0	-144	128	624	/pictures/gui/instruments/left.png
	608		640		/pictures/gui/instruments/right.png
crop	29	159	35	171	32	36	ff0000	/fonts/computer.png
	35		41		16			
	41		47		72			
rect	614	359	615	444	00488f
			623	360	
	622			444	002850
	614	443			
	615	360	622	443	003870
	614	444	615	457	007fff
			623	445	
	622			457	00488f
	614	456			
	615	445	622	456	0070e0
	614	231	615	259	909048
			623	232	
	622			259	505028
	614	258			
	615	232	622	258	707038
	614	259	615	329	ffff7f
			623	260	
	622			329	909048
	614	328			
	615	260	622	328	e0e070
	614	103	615	166	904848
			623	104	
	622			166	502828
	614	165			
	615	104	622	165	703838
	614	166	615	201	ff7f7f
			623	167	
	622			201	904848
	614	200			
	615	167	622	200	e07070
	618	8	630	9	90488f
			619	10	
	629		630		
	618	36		37	
		35	619		
	629		630		
	620	10	628	35	703870
		35			c060c0
	634	49	636	52	7fff7f
		53		56	60c060
		57		60	
		61		64	
		65		68	
		69		72	7fff7f
		73		76	703800
		77		80	
		81		84	
		85		88	
		89		92	904800
		93		96	183018
		97		100	
		101		104	
		105		108	
		109		112	
		113		116	
		117		120	
		121		124	
		125		128	
		129		132	
		133		136	
		137		140	
		141		144	
		145		148	
		149		152	
		153		156	
		157		160	
		161		164	
		165		168	
		169		172	
		173		176	
		177		180	
		181		184	
		185		188	
		189		192	
		193		196	
		197		200	
		201		204	
		205		208	
		209		212	
		213		216	
		217		220	
		221		224	
		225		228	
		229		232	
		233		236	
		237		240	
		241		244	
		245		248	
		249		252	
		253		256	
		257		260	
		261		264	
		265		268	
		269		272	
		273		276	
		277		280	
		281		284	
		285		288	
		289		292	
		293		296	
		297		300	
		301		304	
		305		308	
		309		312	
		313		316	
		317		320	
		321		324	
		325		328	
		329		332	
		333		336	
		337		340	
		341		344	
		345		348	
		349		352	
		353		356	
		357		360	
		361		364	
		365		368	
		369		372	
		373		376	
		377		380	
		381		384	
		385		388	
		389		392	
		393		396	
		397		400	
		401		404	
		405		408	
		409		412	
		413		416	
		417		420	
		421		424	
		425		428	
		429		432	
		433		436	
		437		440	
		441		444	
		445		448	
	621	52	631	56	303000
		57		61	
		62		66	
		67		71	
		72		76	
		77		81	
		82		86	
	7	7	115	115	00ff00
	8	8	114	114	001000
	43	43	81	81	003000
point	51	68	008000
	45	32	
	77	36	
	65	75	
	66	70	
	62	66	
	47	31	
	63	61	
	48	31	
	65	63	
	66		
	68	77	
	48	30	
	45	32	
	58	78	
rect	12	320	121	440	001000
		342	120	343	009000
		368	13	380	
			121	369	
	120			380	005000
	12	379			
	13	369	120	379	007000
	12	438		439	009000
	16	450	114	475	001010
	17		18	462	00c0c0
			44	451	
	43			462	007070
	17	461			
	18	451	43	461	009090
	17	462	18	474	00c0c0
			44	463	
	43			474	007070
	17	473			
	18	463	43	473	009090
crop	15	320	21	332	16	48	00ff00	/fonts/computer.png
	21		27		40	60		
	27		33		72	48		
	33		39		96			
	39		45		32			
	45		51		0	24		
	51		57		24	60		
	57		63		64	48		
	63		69		72			
	69		75		0	60		
	75		81		24			
	15	332	21	344	0			
	21		27		72	72		
	27		33		24			
	33		39		32	84		
	39		45		120	72		
	45		51		16	84		
	51		57		72	72		
	57		63		24	84		
	63		69		0	24		
	69		75		8	48		
	75		81		96	72		
	81		87		0	84		
	87		93		64	72		
	93		99		8			
	15	344	21	356	48	48		
	21		27		72	72		
	27		33		56			
	33		39		64			
	39		45		32	84		
	45		51		40	72		
	51		57		16	84		
	15	356	21	368	24	48		
	21		27		16	84		
	27		33		40			
	33		39		72	72		
	39		45		24	84		
	45		51		40	72		
	51		57		16	84		
	15	368	21	380	56	48	003000	
	21		27		40	84		
	27		33		112	72		
	33		39		24	84		
	39		45		64	72		
	45		51		72			
	51		57		0	84		
	15	380	21	392	32	60	00ff00	
	21		27		16	84		
	27		33		8	72		
	33		39		112			
	39		45		24	84		
	45		51		0			
	51		57		120	72		
	57		63		16	84		
	63		69		32			
	19	450	25	462	16	60	00ffff	
	25		31		56	48		
	31		37		64			
	37		43		32	60		
	43		49		0	24		
	49		55		16	48		
	55		61		40	84		
	61		67		72	72		
	67		73		96			
	73		79		32			
	19	462	25	474	96	48		
	25		31		40			
	31		37		48			
	37		43		32	60		
	43		49		0	24		
	49		55		104	48		
	55		61		8	72		
	61		67		72			
	67		73		112			
	73		79		0	24		
	79		85		104	48		
	85		91		40	72		
	91		97		112			
	97		103		40	84		
rect	12	180	13	192	ffff00
			121	181	
	120			192	909000
	12	191			
	13	181	120	191	c0c000
crop	15	180	21	192	24	48	000000	/fonts/computer.png
	21		27		120			
	27		33		112			
	33		39		32	60		
	39		45		16			
	45		51		120	48		
	51		57		96			
	15	192	21	204	56		7fff7f	
	21		27		40	60		
	27		33		112	48		
	33		39		24	60		
	39		45		64	48		
	45		51		72			
	51		57		0	60		
draw	18	206	32	224	/sprites/uns/gunship%0
rect	14	204	36	205	489048
			15	206	
	35		36		
	14	225		226	
		224	15		
	35		36		
	42	206	49	222	003870
		222		224	0060c0
	40	204	51	205	00488f
			41	206	
	50		51		
	40	225		226	
		224	41		
	50		51		
	55	206	62	211	707000
		211		224	c0c000
	53	204	64	205	909000
			54	206	
	63		64		
	53	225		226	
		224	54		
	63		64		
crop	69	204	75	216	96	48	7fff7f	/fonts/computer.png
	75		81		24	60		
	81		87		16			
	87		93		32			
	93		99		40			
	99		105		16			
	105		111					
	111		117		32			
	69	216	75	228	104	48		
	75		81		56			
	81		87		112			
	87		93		32	60		
	93		99		120	48		
	99		105		0	60		
	105		111		96	48		
	111		117		24	60		
	12	228	18	240	0		00ff00	
	18		24		120	72		
	24		30		56	84		
	30		36		40	72		
	36		42		16	84		
	42		48		0	24		
	48		54		24	60		
	54		60		32	84		
	60		66		8	72		
	66		72		32	84		
	72		78		72	72		
	78		84		120			
	84		90		112			
	90		96		0	24		
	96		102		16	48		
	102		108		0	60		
	108		114		8	36		
rect	12	252	13	264	007fff
			121	253	
	120			264	00488f
	12	263			
	13	253	120	263	0060c0
crop	15	252	21	264	32	60	000000	/fonts/computer.png
	21		27		8	48		
	27		33		16	60		
	33		39		56	48		
	39		45		40			
	45		51		32	60		
	15	264	21	276	0		7fff7f	
	21		27		120	72		
	27		33		56	84		
	33		39		40	72		
	39		45		16	84		
	45		51		0	24		
	51		57		24	60		
	57		63		32	84		
	63		69		8	72		
	69		75		32	84		
	75		81		72	72		
	81		87		120			
	87		93		112			
	93		99		0	24		
	99		105		16	48		
	105		111		0	60		
	111		117		8	36		
draw	16	279	34	295	/sprites/loc/power%0
rect	14	276	36	277	489048
			15	278	
	35		36		
	14	297		298	
		296	15		
	35		36		
	42	278	49	292	003870
		292		296	0060c0
	40	276	51	277	00488f
			41	278	
	50		51		
	40	297		298	
		296	41		
	50		51		
