point	268	172	b0b0b0
	568	453	808080
	515	328	b0b0b0
	301	139	808080
	605	452	d0d0d0
	396	289	808080
	525	85	b0b0b0
	383	52	
	325	101	808080
	150	11	b0b0b0
	458	280	808080
	330	167	d0d0d0
	152	143	808080
	342	12	
	277	420	
	450	373	
	521	23	b0b0b0
	465	8	808080
	529	337	b0b0b0
	603	84	808080
	326	251	d0d0d0
	202	195	b0b0b0
	491	194	808080
	209	45	b0b0b0
	381	57	808080
	507	475	
	217	30	d0d0d0
	227	197	808080
	341	450	b0b0b0
	192	299	d0d0d0
	496	78	
	279	123	b0b0b0
	149	198	
	260	98	d0d0d0
	356	29	b0b0b0
	282	300	808080
	368	65	
	425	470	
	515	81	b0b0b0
	454	380	808080
	139	61	
	465	332	
	340	172	d0d0d0
	557	441	808080
	468	329	b0b0b0
	595	309	808080
	293	421	
	285	346	
	212	303	b0b0b0
	253	133	d0d0d0
	457	154	
	467	296	808080
	472	52	
	504	85	
	441	389	b0b0b0
	600	320	
	469	353	
	199	276	
	555	34	808080
	362	306	
	596	152	
	295	154	
	577	206	
	469	321	b0b0b0
	273	67	d0d0d0
	139	73	808080
	146	464	
	223	179	d0d0d0
	303	52	
	298	446	b0b0b0
	138	390	808080
	582	229	
	259	243	b0b0b0
	434	454	808080
	188	462	b0b0b0
	440	464	d0d0d0
	160	338	808080
	531	143	
	286	105	
	603	450	b0b0b0
	352	209	
	354	305	d0d0d0
	201	370	
	274	259	808080
	421	52	
	263	443	
	541	312	b0b0b0
	555	0	808080
	214	472	b0b0b0
	185	183	d0d0d0
	276	209	808080
	554	450	
	337	231	b0b0b0
	573	62	808080
	228	231	
	400	58	b0b0b0
	285	64	
	402	399	808080
	399	196	
	456	125	b0b0b0
	460	405	808080
	313	467	d0d0d0
	165	206	808080
	485	450	
	410	356	d0d0d0
	485	353	808080
	191	16	
	554	50	d0d0d0
	322	437	b0b0b0
	154	398	
	360	446	d0d0d0
	170	430	808080
	167	231	b0b0b0
	345	152	d0d0d0
	514	156	808080
	585	317	b0b0b0
	354	208	808080
	309	366	
	565	435	
	435	113	b0b0b0
	513	41	d0d0d0
	432	206	808080
	572	464	
	290	168	b0b0b0
	429	201	d0d0d0
	437	203	ff7f00
	436	202	
	437	203	
		204	
			
	438	203	
	436		
	437	202	
	436	203	
	437		
line	146	0	146	480	002850
	274		274		000050
	402		402		
	530		530		
	128	33	608	33	002850
		161		161	000050
		289		289	
		417		417	
	398	218	395	219	7fff7f
draw	286	274	302	290	/sprites/1010.SMIV/0
	365	235	374	246	/sprites/652.SMIV/13
	478	302	482	305	/sprites/512.SMIV/23
	462	258	472	270	/sprites/506.SMIV/17
static	432	203	436	206	f0f078	19	/sprites/512.SMIV/17
draw	418	198	424	207	/sprites/523.SMIV/14
	405	361	409	364	/sprites/512.SMIV/17
	564	349	574	362	/sprites/506.SMIV/9
	375	201	378	203	/sprites/508.SMIV/3
	410	208	413	210	/sprites/508.SMIV/0
	436	202	438	203	/sprites/504.SMIV/18
line	314	432	325	421	489048
			311	417	
	325	421			204020
draw	0	0	128	480	/pictures/501.png
	608		640		/pictures/512.png
tint	29	159	37	172	ff0000	/font/5001/34
	35		43			/font/5001/32
	41		49			/font/5001/39
line	614	442	614	359	00488f
		359	622		
	622			442	002850
		442	614		
rect	615	360	622	442	003870
line	614	456	614	443	007fff
		443	622		
	622			456	00488f
		456	614		
rect	615	444	622	456	0070e0
line	614	259	614	231	909048
		231	622		
	622			259	505028
		259	614		
rect	615	232	622	259	707038
line	614	328	614	260	ffff7f
		260	622		
	622			328	909048
		328	614		
rect	615	261	622	328	e0e070
line	614	165	614	103	904848
		103	622		
	622			165	502828
		165	614		
rect	615	104	622	165	703838
line	614	200	614	166	ff7f7f
		166	622		
	622			200	904848
		200	614		
rect	615	167	622	200	e07070
line	618	8	629	8	90488f
			618	9	
	629		629		
	618	36		36	
			618	35	
	629		629		
rect	620	10	628	35	703870
		35			c060c0
	634	49	636	52	7fff7f
		53		56	60c060
		57		60	
		61		64	
		65		68	
		69		72	7fff7f
		73		76	60c060
		77		80	703800
		81		84	
		85		88	
		89		92	904800
		93		96	183018
		97		100	
		101		104	
		105		108	
		109		112	
		113		116	
		117		120	
		121		124	
		125		128	
		129		132	
		133		136	
		137		140	
		141		144	
		145		148	
		149		152	
		153		156	
		157		160	
		161		164	
		165		168	
		169		172	
		173		176	
		177		180	
		181		184	
		185		188	
		189		192	
		193		196	
		197		200	
		201		204	
		205		208	
		209		212	
		213		216	
		217		220	
		221		224	
		225		228	
		229		232	
		233		236	
		237		240	
		241		244	
		245		248	
		249		252	
		253		256	
		257		260	
		261		264	
		265		268	
		269		272	
		273		276	
		277		280	
		281		284	
		285		288	
		289		292	
		293		296	
		297		300	
		301		304	
		305		308	
		309		312	
		313		316	
		317		320	
		321		324	
		325		328	
		329		332	
		333		336	
		337		340	
		341		344	
		345		348	
		349		352	
		353		356	
		357		360	
		361		364	
		365		368	
		369		372	
		373		376	
		377		380	
		381		384	
		385		388	
		389		392	
		393		396	
		397		400	
		401		404	
		405		408	
		409		412	
		413		416	
		417		420	
		421		424	
		425		428	
		429		432	
		433		436	
		437		440	
		441		444	
		445		448	
	621	52	631	56	303000
		57		61	
		62		66	
		67		71	
		72		76	
		77		81	
		82		86	
	7	7	115	115	00ff00
	8	8	114	114	001000
	42	42	80	80	003000
point	55	65	008000
	50	29	
	69	68	
	68	64	
	65	60	
	51	28	
	52		
	67	60	
	65	59	
	63		
		60	
	75	71	
	52	28	
	50	29	
	63	72	
rect	12	320	121	440	001000
tint	15	320	23	333	00ff00	/font/5001/42
	21		29			/font/5001/55
	27		35			/font/5001/49
	33		41			/font/5001/4c
	39		47			/font/5001/44
	45		53			/font/5001/20
	51		59			/font/5001/53
	57		65			/font/5001/48
	63		71			/font/5001/49
	69		77			/font/5001/50
	75		83			/font/5001/53
line	12	342	119	342	009000
tint	15	332	23	345	00ff00	/font/5001/50
	21		29			/font/5001/69
	27		35			/font/5001/63
	33		41			/font/5001/74
	39		47			/font/5001/6f
	45		53			/font/5001/72
	51		59			/font/5001/69
	57		65			/font/5001/73
	63		71			/font/5001/20
	69		77			/font/5001/41
	75		83			/font/5001/6c
	81		89			/font/5001/70
	87		95			/font/5001/68
	93		101			/font/5001/61
	15	344	23	357		/font/5001/46
	21		29			/font/5001/69
	27		35			/font/5001/67
	33		41			/font/5001/68
	39		47			/font/5001/74
	45		53			/font/5001/65
	51		59			/font/5001/72
	15	356	23	369		/font/5001/43
	21		29			/font/5001/72
	27		35			/font/5001/75
	33		41			/font/5001/69
	39		47			/font/5001/73
	45		53			/font/5001/65
	51		59			/font/5001/72
line	12	379	12	368	009000
		368	120		
	120			379	005000
		379	12		
rect	13	369	120	379	007000
tint	15	368	23	381	003000	/font/5001/47
	21		29			/font/5001/75
	27		35			/font/5001/6e
	33		41			/font/5001/73
	39		47			/font/5001/68
	45		53			/font/5001/69
	51		59			/font/5001/70
	15	380	23	393	00ff00	/font/5001/54
	21		29			/font/5001/72
	27		35			/font/5001/61
	33		41			/font/5001/6e
	39		47			/font/5001/73
	45		53			/font/5001/70
	51		59			/font/5001/6f
	57		65			/font/5001/72
	63		71			/font/5001/74
line	12	438	119	438	009000
rect	16	450	114	475	001010
line	17	461	17	450	00c0c0
		450	43		
	43			461	007070
		461	17		
rect	18	451	43	461	009090
tint	19	450	27	463	00ffff	/font/5001/52
	25		33			/font/5001/47
	31		39			/font/5001/48
	37		45			/font/5001/54
	43		51			/font/5001/20
	49		57			/font/5001/42
	55		63			/font/5001/75
	61		69			/font/5001/69
	67		75			/font/5001/6c
	73		81			/font/5001/64
line	17	473	17	462	00c0c0
		462	43		
	43			473	007070
		473	17		
rect	18	463	43	473	009090
tint	19	462	27	475	00ffff	/font/5001/4c
	25		33			/font/5001/45
	31		39			/font/5001/46
	37		45			/font/5001/54
	43		51			/font/5001/20
	49		57			/font/5001/4d
	55		63			/font/5001/61
	61		69			/font/5001/69
	67		75			/font/5001/6e
	73		81			/font/5001/20
	79		87			/font/5001/4d
	85		93			/font/5001/65
	91		99			/font/5001/6e
	97		105			/font/5001/75
line	12	191	12	180	ffff00
		180	120		
	120			191	909000
		191	12		
rect	13	181	120	191	c0c000
tint	15	180	23	193	000000	/font/5001/43
	21		29			/font/5001/4f
	27		35			/font/5001/4e
	33		41			/font/5001/54
	39		47			/font/5001/52
	45		53			/font/5001/4f
	51		59			/font/5001/4c
	15	192	23	205	7fff7f	/font/5001/47
	21		29			/font/5001/55
	27		35			/font/5001/4e
	33		41			/font/5001/53
	39		47			/font/5001/48
	45		53			/font/5001/49
	51		59			/font/5001/50
draw	18	206	32	224	/sprites/652.SMIV/0
line	14	204	35	204	489048
			14	205	
	35		35		
	14	225		225	
			14	224	
	35		35		
rect	42	206	49	222	003870
		222		224	0060c0
line	40	204	50	204	00488f
			40	205	
	50		50		
	40	225		225	
			40	224	
	50		50		
rect	55	206	62	212	707000
		212		224	c0c000
line	53	204	63	204	909000
			53	205	
	63		63		
	53	225		225	
			53	224	
	63		63		
tint	69	204	77	217	7fff7f	/font/5001/4c
	75		83			/font/5001/53
	81		89			/font/5001/52
	87		95			/font/5001/54
	93		101			/font/5001/55
	99		107			/font/5001/52
	105		113			
	111		119			/font/5001/54
	69	216	77	229		/font/5001/4d
	75		83			/font/5001/47
	81		89			/font/5001/4e
	87		95			/font/5001/54
	93		101			/font/5001/4f
	99		107			/font/5001/50
	105		113			/font/5001/4c
	111		119			/font/5001/53
	12	228	20	241	00ff00	/font/5001/50
	18		26			/font/5001/6f
	24		32			/font/5001/77
	30		38			/font/5001/65
	36		44			/font/5001/72
	42		50			/font/5001/20
	48		56			/font/5001/53
	54		62			/font/5001/74
	60		68			/font/5001/61
	66		74			/font/5001/74
	72		80			/font/5001/69
	78		86			/font/5001/6f
	84		92			/font/5001/6e
	90		98			/font/5001/20
	96		104			/font/5001/42
	102		110			/font/5001/50
	108		116			/font/5001/31
line	12	263	12	252	007fff
		252	120		
	120			263	00488f
		263	12		
rect	13	253	120	263	0060c0
tint	15	252	23	265	000000	/font/5001/54
	21		29			/font/5001/41
	27		35			/font/5001/52
	33		41			/font/5001/47
	39		47			/font/5001/45
	45		53			/font/5001/54
	15	264	23	277	7fff7f	/font/5001/50
	21		29			/font/5001/6f
	27		35			/font/5001/77
	33		41			/font/5001/65
	39		47			/font/5001/72
	45		53			/font/5001/20
	51		59			/font/5001/53
	57		65			/font/5001/74
	63		71			/font/5001/61
	69		77			/font/5001/74
	75		83			/font/5001/69
	81		89			/font/5001/6f
	87		95			/font/5001/6e
	93		101			/font/5001/20
	99		107			/font/5001/42
	105		113			/font/5001/50
	111		119			/font/5001/31
draw	16	279	34	295	/sprites/564.SMIV/0
line	14	276	35	276	489048
			14	277	
	35		35		
	14	297		297	
			14	296	
	35		35		
rect	42	278	49	292	003870
		292		296	0060c0
line	40	276	50	276	00488f
			40	277	
	50		50		
	40	297		297	
			40	296	
	50		50		
