point	298	125	b0b0b0
	588	422	808080
	545	282	b0b0b0
	321	108	808080
	146	280	
	416	258	
	555	38	b0b0b0
	413	6	
	345	70	808080
	437	454	
	478	249	
	370	105	d0d0d0
	172	112	808080
	378	444	d0d0d0
	297	389	808080
	470	342	
	171	449	d0d0d0
	201	435	
	560	291	b0b0b0
	158	254	d0d0d0
	366	189	
	232	148	b0b0b0
	512	163	808080
	451	477	
	401	26	
	527	444	
	604	462	
	247	167	
	372	403	b0b0b0
	233	237	d0d0d0
	536	16	
	310	77	b0b0b0
	180	152	
	300	36	d0d0d0
	438	467	808080
	302	269	
	388	34	
	445	439	
	545	35	b0b0b0
	474	349	808080
	159	30	
	485	301	
	381	110	d0d0d0
	577	410	808080
	498	282	b0b0b0
	136	364	808080
	313	390	
	305	315	
	242	257	b0b0b0
	294	70	d0d0d0
	498	91	
	487	265	808080
	492	21	
	524	54	
	471	343	b0b0b0
	150	148	
	499	306	
	229	230	
	575	3	808080
	382	275	
	141	151	b0b0b0
	315	123	808080
	597	175	
	499	274	b0b0b0
	314	5	d0d0d0
	159	42	808080
	166	433	
	263	117	d0d0d0
	433	471	b0b0b0
	328	400	
	158	359	808080
	602	198	
	289	197	b0b0b0
	454	423	808080
	218	416	b0b0b0
	481	402	d0d0d0
	180	307	808080
	551	112	
	306	74	
	161	201	d0d0d0
	382	163	b0b0b0
	395	243	d0d0d0
	242	308	
	294	228	808080
	441	21	
	283	412	
	572	265	b0b0b0
	393	434	
	244	425	
	225	121	d0d0d0
	296	178	808080
	574	419	
	368	184	b0b0b0
	593	31	808080
	249	200	
	430	11	b0b0b0
	316	18	
	423	368	808080
	419	165	
	486	79	b0b0b0
	480	374	808080
	353	405	d0d0d0
	185	176	808080
	505	419	
	450	294	d0d0d0
	506	322	808080
	353	465	
	453	467	d0d0d0
	353	390	b0b0b0
	184	352	
	401	384	d0d0d0
	190	399	808080
	197	185	b0b0b0
	385	90	d0d0d0
	534	125	808080
	135	277	b0b0b0
	374	177	808080
	329	335	
	585	404	
	465	66	b0b0b0
	394	467	808080
	453	175	
	593	433	
	321	122	b0b0b0
	470	139	d0d0d0
	453	183	402000
	495	208	
	431	188	
	484	237	
	441	218	
	472	171	
	427	166	
	421	164	
	450	202	
	494	168	
	414	203	804000
	434	201	
	455	197	
	433	173	
	423	177	
	425	167	
	458	195	
	455	193	
	450	216	
	424	174	
line	186	0	186	480	002850
	314		314		000050
	442		442		
	570		570		
	128	99	608	99	
		227		227	
		355		355	
	424	179	422	181	7fff7f
	399	218	397	219	
draw	326	212	342	228	/sprites/1010.SMIV/0
	365	235	374	246	/sprites/652.SMIV/13
	458	195	461	198	/sprites/512.SMIV/18
		184	469	197	/sprites/506.SMIV/13
	448	168	452	171	/sprites/512.SMIV/17
static	416	191	421	200	f0f078	7	/sprites/523.SMIV/13
draw	433	290	437	293	/sprites/512.SMIV/5
	361	220	364	222	/sprites/508.SMIV/1
dither	200	50	346	67	300018
tint	204	54	212	66	000000	/font/5000/57
	211		219			/font/5000/41
	218		226			/font/5000/52
	225		233			/font/5000/4e
	232		240			/font/5000/49
	239		247			/font/5000/4e
	246		254			/font/5000/47
	253		261			/font/5000/3a
	260		268			/font/5000/20
	267		275			/font/5000/53
	274		282			/font/5000/68
	281		289			/font/5000/69
	288		296			/font/5000/65
	295		303			/font/5000/6c
	302		310			/font/5000/64
	309		317			/font/5000/73
	316		324			/font/5000/20
	323		331			/font/5000/4c
	330		338			/font/5000/6f
	337		345			/font/5000/77
	203	53	211	65	ff007f	/font/5000/57
	210		218			/font/5000/41
	217		225			/font/5000/52
	224		232			/font/5000/4e
	231		239			/font/5000/49
	238		246			/font/5000/4e
	245		253			/font/5000/47
	252		260			/font/5000/3a
	259		267			/font/5000/20
	266		274			/font/5000/53
	273		281			/font/5000/68
	280		288			/font/5000/69
	287		295			/font/5000/65
	294		302			/font/5000/6c
	301		309			/font/5000/64
	308		316			/font/5000/73
	315		323			/font/5000/20
	322		330			/font/5000/4c
	329		337			/font/5000/6f
	336		344			/font/5000/77
line	334	436	344	424	489048
			329	422	
	344	424			204020
draw	0	0	128	480	/pictures/501.png
	608		640		/pictures/512.png
tint	29	159	37	172	ff0000	/font/5001/34
	35		43			/font/5001/32
	41		49			/font/5001/39
line	614	442	614	359	00488f
		359	622		
	622			442	002850
		442	614		
rect	615	360	622	442	003870
line	614	456	614	443	007fff
		443	622		
	622			456	00488f
		456	614		
rect	615	444	622	456	0070e0
line	614	260	614	231	909048
		231	622		
	622			260	505028
		260	614		
rect	615	232	622	260	707038
line	614	328	614	261	ffff7f
		261	622		
	622			328	909048
		328	614		
rect	615	262	622	328	e0e070
line	614	166	614	103	904848
		103	622		
	622			166	502828
		166	614		
rect	615	104	622	166	703838
line	614	200	614	167	ff7f7f
		167	622		
	622			200	904848
		200	614		
rect	615	168	622	200	e07070
line	618	8	629	8	90488f
			618	9	
	629		629		
	618	36		36	
			618	35	
	629		629		
rect	620	10	628	35	703870
		35			c060c0
	634	49	636	52	7fff7f
		53		56	60c060
		57		60	
		61		64	
		65		68	
		69		72	7fff7f
		73		76	60c060
		77		80	703800
		81		84	
		85		88	
		89		92	904800
		93		96	183018
		97		100	
		101		104	
		105		108	
		109		112	
		113		116	
		117		120	
		121		124	
		125		128	
		129		132	
		133		136	
		137		140	
		141		144	
		145		148	
		149		152	
		153		156	
		157		160	
		161		164	
		165		168	
		169		172	
		173		176	
		177		180	
		181		184	
		185		188	
		189		192	
		193		196	
		197		200	
		201		204	
		205		208	
		209		212	
		213		216	
		217		220	
		221		224	
		225		228	
		229		232	
		233		236	
		237		240	
		241		244	
		245		248	
		249		252	
		253		256	
		257		260	
		261		264	
		265		268	
		269		272	
		273		276	
		277		280	
		281		284	
		285		288	
		289		292	
		293		296	
		297		300	
		301		304	
		305		308	
		309		312	
		313		316	
		317		320	
		321		324	
		325		328	
		329		332	
		333		336	
		337		340	
		341		344	
		345		348	
		349		352	
		353		356	
		357		360	
		361		364	
		365		368	
		369		372	
		373		376	
		377		380	
		381		384	
		385		388	
		389		392	
		393		396	
		397		400	
		401		404	
		405		408	
		409		412	
		413		416	
		417		420	
		421		424	
		425		428	
		429		432	
		433		436	
		437		440	
		441		444	
		445		448	
	621	52	631	56	303000
		57		61	
		62		66	
		67		71	
		72		76	
		77		81	
		82		86	
	7	7	115	115	00ff00
	8	8	114	114	001000
	42	42	80	80	003000
point	58	61	008000
	53	25	
	68	59	
			
	67	56	
	55	23	
	61	61	
	55	23	
	62	60	
	64	58	
		56	
	62	59	
	82	66	
	56	23	
	53	25	
	65	65	
rect	12	320	121	440	001000
tint	15	320	23	333	00ff00	/font/5001/42
	21		29			/font/5001/55
	27		35			/font/5001/49
	33		41			/font/5001/4c
	39		47			/font/5001/44
	45		53			/font/5001/20
	51		59			/font/5001/53
	57		65			/font/5001/48
	63		71			/font/5001/49
	69		77			/font/5001/50
	75		83			/font/5001/53
line	12	342	119	342	009000
tint	15	332	23	345	00ff00	/font/5001/50
	21		29			/font/5001/69
	27		35			/font/5001/63
	33		41			/font/5001/74
	39		47			/font/5001/6f
	45		53			/font/5001/72
	51		59			/font/5001/69
	57		65			/font/5001/73
	63		71			/font/5001/20
	69		77			/font/5001/41
	75		83			/font/5001/6c
	81		89			/font/5001/70
	87		95			/font/5001/68
	93		101			/font/5001/61
	15	344	23	357		/font/5001/46
	21		29			/font/5001/69
	27		35			/font/5001/67
	33		41			/font/5001/68
	39		47			/font/5001/74
	45		53			/font/5001/65
	51		59			/font/5001/72
	15	356	23	369		/font/5001/43
	21		29			/font/5001/72
	27		35			/font/5001/75
	33		41			/font/5001/69
	39		47			/font/5001/73
	45		53			/font/5001/65
	51		59			/font/5001/72
line	12	379	12	368	009000
		368	120		
	120			379	005000
		379	12		
rect	13	369	120	379	007000
tint	15	368	23	381	003000	/font/5001/47
	21		29			/font/5001/75
	27		35			/font/5001/6e
	33		41			/font/5001/73
	39		47			/font/5001/68
	45		53			/font/5001/69
	51		59			/font/5001/70
	15	380	23	393	00ff00	/font/5001/54
	21		29			/font/5001/72
	27		35			/font/5001/61
	33		41			/font/5001/6e
	39		47			/font/5001/73
	45		53			/font/5001/70
	51		59			/font/5001/6f
	57		65			/font/5001/72
	63		71			/font/5001/74
line	12	438	119	438	009000
rect	16	450	114	475	001010
line	17	461	17	450	00c0c0
		450	43		
	43			461	007070
		461	17		
rect	18	451	43	461	009090
tint	19	450	27	463	00ffff	/font/5001/52
	25		33			/font/5001/47
	31		39			/font/5001/48
	37		45			/font/5001/54
	43		51			/font/5001/20
	49		57			/font/5001/42
	55		63			/font/5001/75
	61		69			/font/5001/69
	67		75			/font/5001/6c
	73		81			/font/5001/64
line	17	473	17	462	00c0c0
		462	43		
	43			473	007070
		473	17		
rect	18	463	43	473	009090
tint	19	462	27	475	00ffff	/font/5001/4c
	25		33			/font/5001/45
	31		39			/font/5001/46
	37		45			/font/5001/54
	43		51			/font/5001/20
	49		57			/font/5001/4d
	55		63			/font/5001/61
	61		69			/font/5001/69
	67		75			/font/5001/6e
	73		81			/font/5001/20
	79		87			/font/5001/4d
	85		93			/font/5001/65
	91		99			/font/5001/6e
	97		105			/font/5001/75
rect	12	180	120	192	000000
line	12	191	12	180	ffff00
		180	119		
	119			191	909000
		191	12		
rect	13	181	119	191	c0c000
tint	15	180	23	193	000000	/font/5001/43
	21		29			/font/5001/4f
	27		35			/font/5001/4e
	33		41			/font/5001/54
	39		47			/font/5001/52
	45		53			/font/5001/4f
	51		59			/font/5001/4c
rect	12	192	120	204	000000
tint	15	192	23	205	7fff7f	/font/5001/47
	21		29			/font/5001/55
	27		35			/font/5001/4e
	33		41			/font/5001/53
	39		47			/font/5001/48
	45		53			/font/5001/49
	51		59			/font/5001/50
rect	14	204	36	226	000000
draw	18	206	32	224	/sprites/652.SMIV/0
line	14	204	35	204	489048
			14	205	
	35		35		
	14	225		225	
			14	224	
	35		35		
rect	40	204	51	226	000000
	42	206	49	222	003870
		222		224	0060c0
line	40	204	50	204	00488f
			40	205	
	50		50		
	40	225		225	
			40	224	
	50		50		
rect	53	204	64	226	000000
	55	206	62	212	707000
		212		224	c0c000
line	53	204	63	204	909000
			53	205	
	63		63		
	53	225		225	
			53	224	
	63		63		
rect	69	204	120	216	000000
tint	69	204	77	217	7fff7f	/font/5001/4c
	75		83			/font/5001/53
	81		89			/font/5001/52
	87		95			/font/5001/54
	93		101			/font/5001/55
	99		107			/font/5001/52
	105		113			
	111		119			/font/5001/54
rect	69	216	120	228	000000
tint	69	216	77	229	7fff7f	/font/5001/4d
	75		83			/font/5001/47
	81		89			/font/5001/4e
	87		95			/font/5001/54
	93		101			/font/5001/4f
	99		107			/font/5001/50
	105		113			/font/5001/4c
	111		119			/font/5001/53
rect	69	192	120	204	000000
	12	228		240	
tint	12	228	20	241	00ff00	/font/5001/50
	18		26			/font/5001/6f
	24		32			/font/5001/77
	30		38			/font/5001/65
	36		44			/font/5001/72
	42		50			/font/5001/20
	48		56			/font/5001/53
	54		62			/font/5001/74
	60		68			/font/5001/61
	66		74			/font/5001/74
	72		80			/font/5001/69
	78		86			/font/5001/6f
	84		92			/font/5001/6e
	90		98			/font/5001/20
	96		104			/font/5001/42
	102		110			/font/5001/50
	108		116			/font/5001/31
rect	12	252	120	264	000000
line	12	263	12	252	007fff
		252	119		
	119			263	00488f
		263	12		
rect	13	253	119	263	0060c0
tint	15	252	23	265	000000	/font/5001/54
	21		29			/font/5001/41
	27		35			/font/5001/52
	33		41			/font/5001/47
	39		47			/font/5001/45
	45		53			/font/5001/54
rect	12	264	120	276	000000
tint	15	264	23	277	7fff7f	/font/5001/50
	21		29			/font/5001/6f
	27		35			/font/5001/77
	33		41			/font/5001/65
	39		47			/font/5001/72
	45		53			/font/5001/20
	51		59			/font/5001/53
	57		65			/font/5001/74
	63		71			/font/5001/61
	69		77			/font/5001/74
	75		83			/font/5001/69
	81		89			/font/5001/6f
	87		95			/font/5001/6e
	93		101			/font/5001/20
	99		107			/font/5001/42
	105		113			/font/5001/50
	111		119			/font/5001/31
rect	14	276	36	298	000000
draw	16	279	34	295	/sprites/564.SMIV/0
line	14	276	35	276	489048
			14	277	
	35		35		
	14	297		297	
			14	296	
	35		35		
rect	40	276	51	298	000000
	42	278	49	292	003870
		292		296	0060c0
line	40	276	50	276	00488f
			40	277	
	50		50		
	40	297		297	
			40	296	
	50		50		
rect	53	276	64	298	000000
	69		120	288	
		288		300	
	12	300		312	
