point	384	73	b0b0b0
	165	406	808080
	152	125	b0b0b0
	378	73	808080
	204	245	
	474	224	
	498	470	
	608	433	b0b0b0
	402	35	808080
	494	420	
	535	215	
	485	35	d0d0d0
	229	78	808080
	493	374	d0d0d0
	355	354	808080
	527	308	
	285	380	d0d0d0
	316	365	
	153	234	808080
	273	185	d0d0d0
	481	120	
	318	96	b0b0b0
	569	128	808080
	508	442	
	184	467	b0b0b0
	584	409	808080
	234	421	d0d0d0
	304	132	808080
	457	351	b0b0b0
	347	167	d0d0d0
	407	438	b0b0b0
	396	24	
	265	100	
	501	461	808080
	495	432	
	359	234	
	167	478	
	502	404	
	307	467	
	532	315	
	179	467	d0d0d0
	542	267	808080
	495	41	d0d0d0
	154	451	808080
	584	230	b0b0b0
	193	329	808080
	370	355	
	363	280	
	328	205	b0b0b0
	459	480	d0d0d0
	132	161	
	544	231	808080
	513	452	d0d0d0
	581	20	808080
	557	291	b0b0b0
	235	96	
	585	254	
	315	178	
	403	448	808080
	439	240	
	227	99	b0b0b0
	372	88	808080
	174	221	
	585	222	b0b0b0
	482	430	
	216	7	808080
	224	398	
	378	47	d0d0d0
	519	419	b0b0b0
	414	348	
	215	324	808080
	204	78	b0b0b0
	375	145	
	512	389	808080
	304	364	b0b0b0
	595	332	d0d0d0
	237	272	808080
	128	34	
	363	39	
	276	132	d0d0d0
	468	111	b0b0b0
	509	174	d0d0d0
	357	238	
	351	193	808080
	301	459	b0b0b0
	340	377	808080
	238	475	
	479	382	b0b0b0
	330	373	
	340	52	d0d0d0
	353	143	808080
	151	221	
	453	132	b0b0b0
	192	374	
	306	165	808080
	227	247	d0d0d0
	558	434	
	480	334	808080
	476	131	
	572	27	b0b0b0
	537	340	808080
	468	335	d0d0d0
	242	141	808080
	562	385	
	565	225	d0d0d0
	563	288	808080
	410	430	
	567	397	d0d0d0
	438	338	b0b0b0
	270	300	
	515	315	d0d0d0
	247	364	808080
	283	133	b0b0b0
	500	21	d0d0d0
	592	90	808080
	220	225	b0b0b0
	431	142	808080
	386	301	
	196	66	d0d0d0
	551	14	b0b0b0
	452	433	808080
	510	141	
	211	177	d0d0d0
	406	70	b0b0b0
	584	69	d0d0d0
	486	192	402000
	425	194	
	413	174	
	419	210	
	415	172	
	474	224	
		200	
	434	189	
	454	230	
	419	177	
rect	173	0	174	481	000050
	301		302		002850
	429		430		000050
	557		558		
	128	30	609	31	
		158		159	
		286		287	
		414		415	002850
line	443	211	441	213	7fff7f
	401	226	399	228	
draw	441	144	457	160	/sprites/1010.SMIV/0
	363	236	377	246	/sprites/652.SMIV/21
	424	102	428	105	/sprites/512.SMIV/16
	487	166	497	178	/sprites/506.SMIV/17
	439	204	443	207	/sprites/512.SMIV/17
	414	206	422	211	/sprites/523.SMIV/18
	518	168	522	171	/sprites/512.SMIV/16
	388	239	391	241	/sprites/508.SMIV/1
dither	200	50	346	67	300018
crop	204	54	211	65	56	55	000000	/fonts/tactical.png
	211		218		8	44		
	218		225		16	55		
	225		232		112	44		
	232		239		72			
	239		246		112			
	246		253		56			
	253		260		80	33		
	260		267		0	22		
	267		274		24	55		
	274		281		64	66		
	281		288		72			
	288		295		40			
	295		302		96			
	302		309		32			
	309		316		24	77		
	316		323		0	22		
	323		330		96	44		
	330		337		120	66		
	337		344		56	77		
	203	53	210	64		55	ff007f	
	210		217		8	44		
	217		224		16	55		
	224		231		112	44		
	231		238		72			
	238		245		112			
	245		252		56			
	252		259		80	33		
	259		266		0	22		
	266		273		24	55		
	273		280		64	66		
	280		287		72			
	287		294		40			
	294		301		96			
	301		308		32			
	308		315		24	77		
	315		322		0	22		
	322		329		96	44		
	329		336		120	66		
	336		343		56	77		
line	215	112	220	127	489048
			230	114	
	220	127			204020
draw	0	-144	128	624	/pictures/501.png
	608		640		/pictures/512.png
crop	29	159	35	171	32	36	ff0000	/fonts/computer.png
	35		41		16			
	41		47		72			
rect	614	359	615	446	00488f
			623	360	
	622			446	002850
	614	445			
	615	360	622	445	003870
	614	446	615	457	007fff
			623	447	
	622			457	00488f
	614	456			
	615	447	622	456	0070e0
	614	231	615	264	909048
			623	232	
	622			264	505028
	614	263			
	615	232	622	263	707038
	614	264	615	329	ffff7f
			623	265	
	622			329	909048
	614	328			
	615	265	622	328	e0e070
	614	103	615	167	904848
			623	104	
	622			167	502828
	614	166			
	615	104	622	166	703838
	614	167	615	201	ff7f7f
			623	168	
	622			201	904848
	614	200			
	615	168	622	200	e07070
	618	8	630	9	90488f
			619	10	
	629		630		
	618	36		37	
		35	619		
	629		630		
	620	10	628	35	703870
		35			c060c0
	634	49	636	52	7fff7f
		53		56	60c060
		57		60	
		61		64	
		65		68	
		69		72	7fff7f
		73		76	60c060
		77		80	
		81		84	703800
		85		88	
		89		92	904800
		93		96	183018
		97		100	
		101		104	
		105		108	
		109		112	
		113		116	
		117		120	
		121		124	
		125		128	
		129		132	
		133		136	
		137		140	
		141		144	
		145		148	
		149		152	
		153		156	
		157		160	
		161		164	
		165		168	
		169		172	
		173		176	
		177		180	
		181		184	
		185		188	
		189		192	
		193		196	
		197		200	
		201		204	
		205		208	
		209		212	
		213		216	
		217		220	
		221		224	
		225		228	
		229		232	
		233		236	
		237		240	
		241		244	
		245		248	
		249		252	
		253		256	
		257		260	
		261		264	
		265		268	
		269		272	
		273		276	
		277		280	
		281		284	
		285		288	
		289		292	
		293		296	
		297		300	
		301		304	
		305		308	
		309		312	
		313		316	
		317		320	
		321		324	
		325		328	
		329		332	
		333		336	
		337		340	
		341		344	
		345		348	
		349		352	
		353		356	
		357		360	
		361		364	
		365		368	
		369		372	
		373		376	
		377		380	
		381		384	
		385		388	
		389		392	
		393		396	
		397		400	
		401		404	
		405		408	
		409		412	
		413		416	
		417		420	
		421		424	
		425		428	
		429		432	
		433		436	
		437		440	
		441		444	
		445		448	
	621	52	631	56	303000
		57		61	
		62		66	
		67		71	
		72		76	
		77		81	
		82		86	
	7	7	115	115	00ff00
	8	8	114	114	001000
	42	42	80	80	003000
point	66	54	008000
	61	18	
	65	50	
	70	55	
	66	58	
	62	17	
	66	59	
	63	16	
	62	61	
	65	59	
	64	60	
	63		
	95	61	
	63	16	
	61	18	
	73	56	
rect	12	320	121	440	001000
		342	120	343	009000
		368	13	380	
			121	369	
	120			380	005000
	12	379			
	13	369	120	379	007000
	12	438		439	009000
	16	450	114	475	001010
	17		18	462	00c0c0
			44	451	
	43			462	007070
	17	461			
	18	451	43	461	009090
	17	462	18	474	00c0c0
			44	463	
	43			474	007070
	17	473			
	18	463	43	473	009090
crop	15	320	21	332	16	48	00ff00	/fonts/computer.png
	21		27		40	60		
	27		33		72	48		
	33		39		96			
	39		45		32			
	45		51		0	24		
	51		57		24	60		
	57		63		64	48		
	63		69		72			
	69		75		0	60		
	75		81		24			
	15	332	21	344	0			
	21		27		72	72		
	27		33		24			
	33		39		32	84		
	39		45		120	72		
	45		51		16	84		
	51		57		72	72		
	57		63		24	84		
	63		69		0	24		
	69		75		8	48		
	75		81		96	72		
	81		87		0	84		
	87		93		64	72		
	93		99		8			
	15	344	21	356	48	48		
	21		27		72	72		
	27		33		56			
	33		39		64			
	39		45		32	84		
	45		51		40	72		
	51		57		16	84		
	15	356	21	368	24	48		
	21		27		16	84		
	27		33		40			
	33		39		72	72		
	39		45		24	84		
	45		51		40	72		
	51		57		16	84		
	15	368	21	380	56	48	003000	
	21		27		40	84		
	27		33		112	72		
	33		39		24	84		
	39		45		64	72		
	45		51		72			
	51		57		0	84		
	15	380	21	392	32	60	00ff00	
	21		27		16	84		
	27		33		8	72		
	33		39		112			
	39		45		24	84		
	45		51		0			
	51		57		120	72		
	57		63		16	84		
	63		69		32			
	19	450	25	462	16	60	00ffff	
	25		31		56	48		
	31		37		64			
	37		43		32	60		
	43		49		0	24		
	49		55		16	48		
	55		61		40	84		
	61		67		72	72		
	67		73		96			
	73		79		32			
	19	462	25	474	96	48		
	25		31		40			
	31		37		48			
	37		43		32	60		
	43		49		0	24		
	49		55		104	48		
	55		61		8	72		
	61		67		72			
	67		73		112			
	73		79		0	24		
	79		85		104	48		
	85		91		40	72		
	91		97		112			
	97		103		40	84		
rect	12	180	13	192	ffff00
			121	181	
	120			192	909000
	12	191			
	13	181	120	191	c0c000
crop	15	180	21	192	24	48	000000	/fonts/computer.png
	21		27		120			
	27		33		112			
	33		39		32	60		
	39		45		16			
	45		51		120	48		
	51		57		96			
	15	192	21	204	56		7fff7f	
	21		27		40	60		
	27		33		112	48		
	33		39		24	60		
	39		45		64	48		
	45		51		72			
	51		57		0	60		
draw	18	206	32	224	/sprites/652.SMIV/0
rect	14	204	36	205	489048
			15	206	
	35		36		
	14	225		226	
		224	15		
	35		36		
	42	206	49	222	003870
		222		224	0060c0
	40	204	51	205	00488f
			41	206	
	50		51		
	40	225		226	
		224	41		
	50		51		
	55	206	62	212	707000
		212		224	c0c000
	53	204	64	205	909000
			54	206	
	63		64		
	53	225		226	
		224	54		
	63		64		
crop	69	204	75	216	96	48	7fff7f	/fonts/computer.png
	75		81		24	60		
	81		87		16			
	87		93		32			
	93		99		40			
	99		105		16			
	105		111					
	111		117		32			
	69	216	75	228	104	48		
	75		81		56			
	81		87		112			
	87		93		32	60		
	93		99		120	48		
	99		105		0	60		
	105		111		96	48		
	111		117		24	60		
	12	228	18	240	0		00ff00	
	18		24		120	72		
	24		30		56	84		
	30		36		40	72		
	36		42		16	84		
	42		48		0	24		
	48		54		24	60		
	54		60		32	84		
	60		66		8	72		
	66		72		32	84		
	72		78		72	72		
	78		84		120			
	84		90		112			
	90		96		0	24		
	96		102		16	48		
	102		108		0	60		
	108		114		8	36		
rect	12	252	13	264	007fff
			121	253	
	120			264	00488f
	12	263			
	13	253	120	263	0060c0
crop	15	252	21	264	32	60	000000	/fonts/computer.png
	21		27		8	48		
	27		33		16	60		
	33		39		56	48		
	39		45		40			
	45		51		32	60		
	15	264	21	276	0		7fff7f	
	21		27		120	72		
	27		33		56	84		
	33		39		40	72		
	39		45		16	84		
	45		51		0	24		
	51		57		24	60		
	57		63		32	84		
	63		69		8	72		
	69		75		32	84		
	75		81		72	72		
	81		87		120			
	87		93		112			
	93		99		0	24		
	99		105		16	48		
	105		111		0	60		
	111		117		8	36		
draw	16	279	34	295	/sprites/564.SMIV/0
rect	14	276	36	277	489048
			15	278	
	35		36		
	14	297		298	
		296	15		
	35		36		
	42	278	49	292	003870
		292		296	0060c0
	40	276	51	277	00488f
			41	278	
	50		51		
	40	297		298	
		296	41		
	50		51		
