point	441	289	b0b0b0
	376	141	808080
	134	310	
	416	217	
	242	389	
	512	367	
	491	263	d0d0d0
	220	382	b0b0b0
	414	268	
	480	111	
	573	358	808080
	273	242	b0b0b0
	267	221	808080
	192	410	b0b0b0
	193	27	
	565	451	808080
	348	140	b0b0b0
	602	132	
	190	419	808080
	348	474	d0d0d0
	556	409	
	375	312	b0b0b0
	604	413	d0d0d0
	193	212	
	261	312	
	154	125	
	234	116	808080
	342	276	
	526	116	d0d0d0
	423	457	
	129	439	
	584	159	808080
	322	315	b0b0b0
	375	249	d0d0d0
	294	96	808080
	397	378	
	400	156	b0b0b0
	153	219	808080
	568	261	d0d0d0
	570	458	808080
	536	207	b0b0b0
	580	410	808080
	280	244	b0b0b0
	543	169	
	150	228	
	231	473	808080
	289	19	
	401	424	
	385	421	b0b0b0
	586	408	d0d0d0
	207	394	
	582	374	808080
	373	19	b0b0b0
	281	257	
	548	326	d0d0d0
	292	312	b0b0b0
	475	90	808080
	372	393	b0b0b0
	194	325	808080
	477	384	
	284	315	b0b0b0
	410	232	808080
	212	365	
	358	166	
	150	7	d0d0d0
	333	16	b0b0b0
	549	56	
	597	18	d0d0d0
	408	217	
	136	237	b0b0b0
	253	468	808080
	261	294	b0b0b0
	432	360	
	189	104	d0d0d0
	184	66	808080
	346		
	275	416	
	186	335	b0b0b0
	587	274	
	351	421	d0d0d0
	525	327	b0b0b0
	590	418	
	336	47	d0d0d0
	389	337	808080
	567	129	
	541	61	b0b0b0
	138	90	808080
	512	118	b0b0b0
	183	73	808080
	398	139	b0b0b0
	391	287	808080
	431	9	d0d0d0
	510	348	b0b0b0
	247	367	
	344	309	808080
	499	57	d0d0d0
	468	244	
	518	477	808080
	514	274	
	326	221	b0b0b0
	295	7	d0d0d0
	540	109	b0b0b0
	280	285	808080
	386	249	b0b0b0
	492	228	
	599	347	808080
	241	139	b0b0b0
	545	69	
	263	75	
	588	24	808080
	598	242	
	197	56	d0d0d0
	339	349	b0b0b0
	220	153	808080
	443	208	b0b0b0
	277	441	
	469	286	808080
	424	444	
	200	345	
	161	436	b0b0b0
	391	176	808080
	548	284	
	561	4	b0b0b0
	463	285	
	286	347	d0d0d0
	332	266	a05000
	340	280	
	362	272	
	359	282	
	349	245	
	331	268	
	338	246	
	359	266	
	353	270	
	345	283	
	341	263	d06800
	337	256	
	346		
	326	268	
	345	271	
	339	262	
		258	
	340	269	
	339	255	
	345		
	310	269	301800
	360	267	
	341	295	
	343	237	
	331	229	
	336	245	
	392	299	
	384	284	
	331	261	
	318	302	
	376	242	ff7f00
	375	241	
	377		
			
	376		
		242	
		241	
	375		
	377	242	
			
	314	276	703800
	352	277	
	344	282	
	367	297	
	313	290	
	340	272	
	330	247	
	336	291	
	352	256	
	325	285	
line	249	0	249	480	000050
	377		377		002850
	505		505		000050
	128	64	608	64	
		192		192	002850
		320		320	000050
		448		448	
	336	258	340	257	7fff7f
draw	517	433	533	449	/sprites/1010.SMIV/0
	443	-31	475	1	/sprites/1023.SMIV/0
static	362	235	376	245	ffffff	21	/sprites/652.SMIV/15
draw	419	381	430	391	/sprites/506.SMIV/23
	467	419	471	422	/sprites/512.SMIV/7
	389	267	396	274	/sprites/523.SMIV/21
	440	48	444	52	/sprites/512.SMIV/9
static	326	251	336	264	f0f078	69	/sprites/506.SMIV/8
draw	334	259	336	261	/sprites/504.SMIV/19
	315	272	320	275	/sprites/653.SMIV/1
	343	261	348	264	/sprites/653.SMIV/4
	338	259	340	261	/sprites/554.SMIV/1
	342	246	346	250	/sprites/554.SMIV/8
	388	234	391	236	/sprites/508.SMIV/2
	390	268	393	270	/sprites/508.SMIV/3
	351	246	355	250	/sprites/653.SMIV/3
	367	243	372	246	/sprites/653.SMIV/1
	375	241	377	242	/sprites/504.SMIV/18
	385	242	388	245	/sprites/554.SMIV/4
	336	254	339	257	
	340	256	344	260	/sprites/554.SMIV/6
	348	249	351	253	/sprites/554.SMIV/10
dither	200	50	346	67	300018
crop	204	54	211	65	56	55	000000	/fonts/tactical
	211		218		8	44		
	218		225		16	55		
	225		232		112	44		
	232		239		72			
	239		246		112			
	246		253		56			
	253		260		80	33		
	260		267		0	22		
	267		274		24	55		
	274		281		64	66		
	281		288		72			
	288		295		40			
	295		302		96			
	302		309		32			
	309		316		24	77		
	316		323		0	22		
	323		330		96	44		
	330		337		120	66		
	337		344		56	77		
	203	53	210	64		55	ff007f	
	210		217		8	44		
	217		224		16	55		
	224		231		112	44		
	231		238		72			
	238		245		112			
	245		252		56			
	252		259		80	33		
	259		266		0	22		
	266		273		24	55		
	273		280		64	66		
	280		287		72			
	287		294		40			
	294		301		96			
	301		308		32			
	308		315		24	77		
	315		322		0	22		
	322		329		96	44		
	329		336		120	66		
	336		343		56	77		
line	238	390	253	385	489048
			241	375	
	253	385			204020
draw	0	0	128	480	/pictures/501.png
	608		640		/pictures/512.png
crop	29	159	35	171	24	36	ff0000	/fonts/computer
	35		41		48			
	41		47					
line	614	449	614	359	00488f
		359	622		
	622			449	002850
		449	614		
rect	615	360	622	449	003870
line	614	456	614	450	007fff
		450	622		
	622			456	00488f
		456	614		
rect	615	451	622	456	0070e0
line	614	277	614	231	909048
		231	622		
	622			277	505028
		277	614		
rect	615	232	622	277	707038
line	614	328	614	278	ffff7f
		278	622		
	622			328	909048
		328	614		
rect	615	279	622	328	e0e070
line	614	174	614	103	904848
		103	622		
	622			174	502828
		174	614		
rect	615	104	622	174	703838
line	614	200	614	175	ff7f7f
		175	622		
	622			200	904848
		200	614		
rect	615	176	622	200	e07070
line	618	8	629	8	90488f
			618	9	
	629		629		
	618	36		36	
			618	35	
	629		629		
rect	620	10	628	35	703870
		35			c060c0
	634	49	636	52	7fff7f
		53		56	60c060
		57		60	0060c0
		61		64	
		65		68	
		69		72	007fff
		73		76	0060c0
		77		80	
		81		84	
		85		88	
		89		92	007fff
		93		96	0060c0
		97		100	
		101		104	183018
		105		108	
		109		112	
		113		116	
		117		120	
		121		124	
		125		128	
		129		132	
		133		136	
		137		140	
		141		144	
		145		148	
		149		152	
		153		156	
		157		160	
		161		164	
		165		168	
		169		172	
		173		176	
		177		180	
		181		184	
		185		188	
		189		192	
		193		196	
		197		200	
		201		204	
		205		208	
		209		212	
		213		216	
		217		220	
		221		224	
		225		228	
		229		232	
		233		236	
		237		240	
		241		244	
		245		248	
		249		252	
		253		256	
		257		260	
		261		264	
		265		268	
		269		272	
		273		276	
		277		280	
		281		284	
		285		288	
		289		292	
		293		296	
		297		300	
		301		304	
		305		308	
		309		312	
		313		316	
		317		320	
		321		324	
		325		328	
		329		332	
		333		336	
		337		340	
		341		344	
		345		348	
		349		352	
		353		356	
		357		360	
		361		364	
		365		368	
		369		372	
		373		376	
		377		380	
		381		384	
		385		388	
		389		392	
		393		396	
		397		400	
		401		404	
		405		408	
		409		412	
		413		416	
		417		420	
		421		424	
		425		428	
		429		432	
		433		436	
		437		440	
		441		444	
		445		448	
	621	52	631	56	303000
		57		61	
		62		66	
		67		71	
		72		76	
		77		81	
		82		86	
	7	7	115	115	00ff00
	8	8	114	114	001000
	42	42	80	80	003000
point	72	77	008000
	67	41	
	60	62	
	46	20	
	64	73	
	67	75	
	69	40	
	59	61	
	70	40	
	61	61	
	62	64	
	59	62	
		61	
		62	
	62	63	
	58	62	
	60	61	
	66	46	
	70	39	
	61	61	
	59	62	
		61	
	58	62	
	59	61	
	67	41	
rect	12	320	121	440	001000
crop	15	320	21	332	16	48	00ff00	/fonts/computer
	21		27		40	60		
	27		33		72	48		
	33		39		96			
	39		45		32			
	45		51		0	24		
	51		57		24	60		
	57		63		64	48		
	63		69		72			
	69		75		0	60		
	75		81		24			
line	12	342	119	342	009000
crop	15	332	21	344	0	60	00ff00	/fonts/computer
	21		27		72	72		
	27		33		24			
	33		39		32	84		
	39		45		120	72		
	45		51		16	84		
	51		57		72	72		
	57		63		24	84		
	63		69		0	24		
	69		75		8	48		
	75		81		96	72		
	81		87		0	84		
	87		93		64	72		
	93		99		8			
	15	344	21	356	48	48		
	21		27		72	72		
	27		33		56			
	33		39		64			
	39		45		32	84		
	45		51		40	72		
	51		57		16	84		
	15	356	21	368	24	48		
	21		27		16	84		
	27		33		40			
	33		39		72	72		
	39		45		24	84		
	45		51		40	72		
	51		57		16	84		
line	12	379	12	368	009000
		368	120		
	120			379	005000
		379	12		
rect	13	369	120	379	007000
crop	15	368	21	380	56	48	00ff00	/fonts/computer
	21		27		40	84		
	27		33		112	72		
	33		39		24	84		
	39		45		64	72		
	45		51		72			
	51		57		0	84		
	15	380	21	392	32	60		
	21		27		16	84		
	27		33		8	72		
	33		39		112			
	39		45		24	84		
	45		51		0			
	51		57		120	72		
	57		63		16	84		
	63		69		32			
line	12	438	119	438	009000
rect	16	450	114	475	001010
line	17	461	17	450	00c0c0
		450	43		
	43			461	007070
		461	17		
rect	18	451	43	461	009090
crop	19	450	25	462	16	60	00ffff	/fonts/computer
	25		31		56	48		
	31		37		64			
	37		43		32	60		
	43		49		0	24		
	49		55		16	48		
	55		61		40	84		
	61		67		72	72		
	67		73		96			
	73		79		32			
line	17	473	17	462	00c0c0
		462	43		
	43			473	007070
		473	17		
rect	18	463	43	473	009090
crop	19	462	25	474	96	48	00ffff	/fonts/computer
	25		31		40			
	31		37		48			
	37		43		32	60		
	43		49		0	24		
	49		55		104	48		
	55		61		8	72		
	61		67		72			
	67		73		112			
	73		79		0	24		
	79		85		104	48		
	85		91		40	72		
	91		97		112			
	97		103		40	84		
line	12	191	12	180	ffff00
		180	120		
	120			191	909000
		191	12		
rect	13	181	120	191	c0c000
crop	15	180	21	192	24	48	000000	/fonts/computer
	21		27		120			
	27		33		112			
	33		39		32	60		
	39		45		16			
	45		51		120	48		
	51		57		96			
	15	192	21	204	56		7fff7f	
	21		27		40	60		
	27		33		112	48		
	33		39		24	60		
	39		45		64	48		
	45		51		72			
	51		57		0	60		
draw	18	206	32	224	/sprites/652.SMIV/0
line	14	204	35	204	489048
			14	205	
	35		35		
	14	225		225	
			14	224	
	35		35		
rect	42	206	49	222	003870
		222		224	0060c0
line	40	204	50	204	00488f
			40	205	
	50		50		
	40	225		225	
			40	224	
	50		50		
rect	55	206	62	215	707000
		215		224	c0c000
line	53	204	63	204	909000
			53	205	
	63		63		
	53	225		225	
			53	224	
	63		63		
crop	69	204	75	216	96	48	7fff7f	/fonts/computer
	75		81		24	60		
	81		87		16			
	87		93		32			
	93		99		40			
	99		105		16			
	105		111					
	111		117		32			
	69	216	75	228	104	48		
	75		81		56			
	81		87		112			
	87		93		32	60		
	93		99		120	48		
	99		105		0	60		
	105		111		96	48		
	111		117		24	60		
	12	228	18	240	0		00ff00	
	18		24		120	72		
	24		30		56	84		
	30		36		40	72		
	36		42		16	84		
	42		48		0	24		
	48		54		24	60		
	54		60		32	84		
	60		66		8	72		
	66		72		32	84		
	72		78		72	72		
	78		84		120			
	84		90		112			
	90		96		0	24		
	96		102		16	48		
	102		108		0	60		
	108		114		8	36		
line	12	263	12	252	007fff
		252	120		
	120			263	00488f
		263	12		
rect	13	253	120	263	0060c0
crop	15	252	21	264	32	60	000000	/fonts/computer
	21		27		8	48		
	27		33		16	60		
	33		39		56	48		
	39		45		40			
	45		51		32	60		
	15	264	21	276	0		7fff7f	
	21		27		120	72		
	27		33		56	84		
	33		39		40	72		
	39		45		16	84		
	45		51		0	24		
	51		57		24	60		
	57		63		32	84		
	63		69		8	72		
	69		75		32	84		
	75		81		72	72		
	81		87		120			
	87		93		112			
	93		99		0	24		
	99		105		16	48		
	105		111		0	60		
	111		117		8	36		
draw	16	279	34	295	/sprites/564.SMIV/0
line	14	276	35	276	489048
			14	277	
	35		35		
	14	297		297	
			14	296	
	35		35		
rect	42	278	49	292	003870
		292		296	0060c0
line	40	276	50	276	00488f
			40	277	
	50		50		
	40	297		297	
			40	296	
	50		50		
rect	0	0	640	480	ffffff7f
