	405	360	404	359	b0b0b0
	159	214	158	213	
	170	55	169	55	d0d0d0
	208	469	207	468	b0b0b0
	412	333	412	333	d0d0d0
	462	285	462	285	
	337	365	336	364	b0b0b0
	596	419	596	419	d0d0d0
	498	87	497	86	
	228	210	228	210	808080
	513	399	512	398	b0b0b0
	469	474	469	474	d0d0d0
	597	186	596	185	b0b0b0
	446	164	445	163	
	415	8	414	8	d0d0d0
	175	78	174	77	
	393	297	393	297	
	467	39	466	39	808080
	607		606		
	523	112	522	111	b0b0b0
	236	342	235	342	
	266	288	265	287	
	457	90	456	89	
	439	454	438	453	
	578	183	578	183	808080
	232	415	231	414	b0b0b0
	391	338	391	338	d0d0d0
	343	48	343	48	808080
	586	189	586	189	
	240	386	240	386	b0b0b0
	331	260	331	260	808080
	388	329	387	328	b0b0b0
	151	273	151	273	808080
	400	2	400	2	
	475	360	475	360	
	508	64	507	64	d0d0d0
	540	25	539	25	
	208	302	208	301	808080
	524	156	523	155	b0b0b0
	298	204	298	204	808080
	305	142	304	141	b0b0b0
	587	292	586	291	
	420	365	420	365	d0d0d0
	334	69	333	69	808080
	296	420	295	420	d0d0d0
	607	126	607	126	808080
	303	458	302	457	b0b0b0
	194	416	193	416	d0d0d0
	234	143	233	142	b0b0b0
	438	359	438	359	808080
	286	382	285	381	b0b0b0
	511	427	511	427	808080
	466	112	465	111	b0b0b0
	322	326	322	326	808080
	302	129	301	128	b0b0b0
	523	48	522	48	
	134	407	133	407	
	391	228	391	228	d0d0d0
	602	480	601	479	b0b0b0
	225	385	224	385	d0d0d0
	437		436	384	b0b0b0
	199	274	198	274	808080
	143	70	143	69	
	578	36	577	36	b0b0b0
	165	324	164	324	808080
	535	16	534	16	b0b0b0
	443	126	442	126	
	134	360	133	360	
	170	44	169	43	d0d0d0
	137	192	137	192	b0b0b0
	454	29	454	28	808080
	206	369	205	369	d0d0d0
	300	253	299	252	b0b0b0
	441	97	441	97	808080
	585	344	585	344	d0d0d0
	197	366	197	365	b0b0b0
	241	400	240	400	d0d0d0
	391	437	391	437	808080
	463	12	462	11	d0d0d0
	323	285	323	285	
	584	3	583	3	808080
	137	266	137	266	
	448	303	448	303	d0d0d0
	321	119	321	119	808080
	422	100	421	100	d0d0d0
	481	232	481	232	808080
	510	303	510	303	d0d0d0
	572	285	572	285	808080
	300	403	300	403	
	514	184	513	183	b0b0b0
	212	105	211	104	
	200	364	200	363	808080
	177	385	177	385	d0d0d0
	288	153	287	152	b0b0b0
	298	281	297	280	
	560	124	559	124	
	482	165	481	164	
	413	339	413	339	d0d0d0
	234	108	234	108	808080
	412	426	411	425	b0b0b0
	316	9	315	8	
	566	465	565	464	
	401	446	401	446	d0d0d0
	533	383	533	383	808080
	498	51	498	51	b0b0b0
	483	345	483	345	d0d0d0
	484	288	484	288	808080
	291	358	290	357	b0b0b0
	429	191	429	191	808080
	364	175	363	174	d0d0d0
	454	11	453	10	b0b0b0
	399	144	399	144	808080
	398	146	397	145	b0b0b0
	208	81	208	81	
	345	190	344	189	
	199	308	198	308	808080
	273	114	273	113	d0d0d0
	220	437	220	437	808080
	192	151	191	150	d0d0d0
	509	195	509	195	808080
	371	123	371	123	
	218	439	218	439	
	231	52	231	52	
	558	141	558	141	
	473	380	472	379	b0b0b0
	151	0	151	480	002850
	252		252		
	353		353		
	454		454		005000
	555		555		002850
	128	34	608	34	
		135		135	005000
		236		236	002850
		337		337	
		438		438	
rect	359	221	375	237	009000
	383	166	395	178	
	451	322	463	334	007000
diamond	457	326	473	342	00c000
	449	320	465	336	
triangle	453	323	463	333	00c000
	460	316	470	326	
	450	327	460	337	
	452	323	462	333	
					
	454		464		
		325	460	331	
	362	234	372	244	
	455	340	461	346	
	452	323	462	333	
					
	454	326	460	332	
	459	331	465	337	
	454	327	464		
	458			333	
	452	334	458	340	
rect	497	263	499	265	c00000
dither	200	50	367	67	003030
tint	204	54	212	66	000000	/font/5000/5a
	211		219			/font/5000/6f
	218		226			
	225		233			/font/5000/6d
	232		240			/font/5000/20
	239		247			/font/5000/74
	246		254			/font/5000/6f
	253		261			/font/5000/20
	260		268			/font/5000/43
	267		275			/font/5000/6c
	274		282			/font/5000/6f
	281		289			/font/5000/73
	288		296			/font/5000/65
	295		303			/font/5000/73
	302		310			/font/5000/74
	309		317			/font/5000/20
	316		324			/font/5000/48
	323		331			/font/5000/6f
	330		338			/font/5000/73
	337		345			/font/5000/74
	344		352			/font/5000/69
	351		359			/font/5000/6c
	358		366			/font/5000/65
	203	53	211	65	00ffff	/font/5000/5a
	210		218			/font/5000/6f
	217		225			
	224		232			/font/5000/6d
	231		239			/font/5000/20
	238		246			/font/5000/74
	245		253			/font/5000/6f
	252		260			/font/5000/20
	259		267			/font/5000/43
	266		274			/font/5000/6c
	273		281			/font/5000/6f
	280		288			/font/5000/73
	287		295			/font/5000/65
	294		302			/font/5000/73
	301		309			/font/5000/74
	308		316			/font/5000/20
	315		323			/font/5000/48
	322		330			/font/5000/6f
	329		337			/font/5000/73
	336		344			/font/5000/74
	343		351			/font/5000/69
	350		358			/font/5000/6c
	357		365			/font/5000/65
line	202	128	209	142	489048
			217	129	
	209	142			204020
draw	0	0	128	480	/pictures/501.png
	608		640		/pictures/512.png
tint	29	159	37	172	ff0000	/font/5001/34
	35		43			
	41		49			/font/5001/32
line	614	362	614	359	00488f
		359	622		
	622			362	002850
		362	614		
rect	615	360	622	362	003870
line	614	456	614	363	007fff
		363	622		
	622			456	00488f
		456	614		
rect	615	364	622	456	0070e0
line	614	244	614	231	909048
		231	622		
	622			244	505028
		244	614		
rect	615	232	622	244	707038
line	614	328	614	245	ffff7f
		245	622		
	622			328	909048
		328	614		
rect	615	246	622	328	e0e070
line	614	112	614	103	904848
		103	622		
	622			112	502828
		112	614		
rect	615	104	622	112	703838
line	614	200	614	113	ff7f7f
		113	622		
	622			200	904848
		200	614		
rect	615	114	622	200	e07070
line	618	8	629	8	90488f
			618	9	
	629		629		
	618	36		36	
			618	35	
	629		629		
rect	620	10	628	35	703870
		16			c060c0
	634	49	636	52	7fff7f
		53		56	60c060
		57		60	
		61		64	
		65		68	703800
		69		72	904800
		73		76	703800
		77		80	
		81		84	
		85		88	
		89		92	904800
		93		96	183018
		97		100	
		101		104	
		105		108	
		109		112	
		113		116	
		117		120	
		121		124	
		125		128	
		129		132	
		133		136	
		137		140	
		141		144	
		145		148	
		149		152	
		153		156	
		157		160	
		161		164	
		165		168	
		169		172	
		173		176	
		177		180	
		181		184	
		185		188	
		189		192	
		193		196	
		197		200	
		201		204	
		205		208	
		209		212	
		213		216	
		217		220	
		221		224	
		225		228	
		229		232	
		233		236	
		237		240	
		241		244	
		245		248	
		249		252	
		253		256	
		257		260	
		261		264	
		265		268	
		269		272	
		273		276	
		277		280	
		281		284	
		285		288	
		289		292	
		293		296	
		297		300	
		301		304	
		305		308	
		309		312	
		313		316	
		317		320	
		321		324	
		325		328	
		329		332	
		333		336	
		337		340	
		341		344	
		345		348	
		349		352	
		353		356	
		357		360	
		361		364	
		365		368	
		369		372	
		373		376	
		377		380	
		381		384	
		385		388	
		389		392	
		393		396	
		397		400	
		401		404	
		405		408	
		409		412	
		413		416	
		417		420	
		421		424	
		425		428	
		429		432	
		433		436	
		437		440	
		441		444	
		445		448	
	621	52	631	56	303000
		57		61	
		62		66	
		67		71	
		72		76	
		77		81	
		82		86	
	7	7	115	115	00ff00
	8	8	114	114	001000
					003000
point	57	54	008000
	65	31	
	92	93	
	96	96	
	92	93	
		95	
	93	93	
	96	91	
	93	93	
			
	92		
		97	
	93	94	
	92	93	
	93	95	
		93	
	92	99	
		93	
	94	96	
		94	
	109	67	
rect	12	320	121	440	001000
tint	15	320	23	333	00ff00	/font/5001/42
	21		29			/font/5001/55
	27		35			/font/5001/49
	33		41			/font/5001/4c
	39		47			/font/5001/44
	45		53			/font/5001/20
	51		59			/font/5001/53
	57		65			/font/5001/48
	63		71			/font/5001/49
	69		77			/font/5001/50
	75		83			/font/5001/53
line	12	342	119	342	009000
tint	15	332	23	345	00ff00	/font/5001/50
	21		29			/font/5001/69
	27		35			/font/5001/63
	33		41			/font/5001/74
	39		47			/font/5001/6f
	45		53			/font/5001/72
	51		59			/font/5001/69
	57		65			/font/5001/73
	63		71			/font/5001/20
	69		77			/font/5001/41
	75		83			/font/5001/6c
	81		89			/font/5001/70
	87		95			/font/5001/68
	93		101			/font/5001/61
	15	344	23	357		/font/5001/46
	21		29			/font/5001/69
	27		35			/font/5001/67
	33		41			/font/5001/68
	39		47			/font/5001/74
	45		53			/font/5001/65
	51		59			/font/5001/72
	15	356	23	369	009000	/font/5001/43
	21		29			/font/5001/72
	27		35			/font/5001/75
	33		41			/font/5001/69
	39		47			/font/5001/73
	45		53			/font/5001/65
	51		59			/font/5001/72
line	12	379	12	368	009000
		368	120		
	120			379	005000
		379	12		
rect	13	369	120	379	007000
tint	15	368	23	381	003000	/font/5001/47
	21		29			/font/5001/75
	27		35			/font/5001/6e
	33		41			/font/5001/73
	39		47			/font/5001/68
	45		53			/font/5001/69
	51		59			/font/5001/70
	15	380	23	393	00ff00	/font/5001/54
	21		29			/font/5001/72
	27		35			/font/5001/61
	33		41			/font/5001/6e
	39		47			/font/5001/73
	45		53			/font/5001/70
	51		59			/font/5001/6f
	57		65			/font/5001/72
	63		71			/font/5001/74
line	12	438	119	438	009000
rect	16	450	114	475	001010
line	17	461	17	450	00c0c0
		450	43		
	43			461	007070
		461	17		
rect	18	451	43	461	009090
tint	19	450	27	463	00ffff	/font/5001/52
	25		33			/font/5001/47
	31		39			/font/5001/48
	37		45			/font/5001/54
	43		51			/font/5001/20
	49		57			/font/5001/42
	55		63			/font/5001/75
	61		69			/font/5001/69
	67		75			/font/5001/6c
	73		81			/font/5001/64
line	17	473	17	462	00c0c0
		462	43		
	43			473	007070
		473	17		
rect	18	463	43	473	009090
tint	19	462	27	475	00ffff	/font/5001/4c
	25		33			/font/5001/45
	31		39			/font/5001/46
	37		45			/font/5001/54
	43		51			/font/5001/20
	49		57			/font/5001/4d
	55		63			/font/5001/61
	61		69			/font/5001/69
	67		75			/font/5001/6e
	73		81			/font/5001/20
	79		87			/font/5001/4d
	85		93			/font/5001/65
	91		99			/font/5001/6e
	97		105			/font/5001/75
line	12	191	12	180	ffff00
		180	120		
	120			191	909000
		191	12		
rect	13	181	120	191	c0c000
tint	15	180	23	193	000000	/font/5001/43
	21		29			/font/5001/4f
	27		35			/font/5001/4e
	33		41			/font/5001/54
	39		47			/font/5001/52
	45		53			/font/5001/4f
	51		59			/font/5001/4c
	15	192	23	205	7fff7f	/font/5001/47
	21		29			/font/5001/55
	27		35			/font/5001/4e
	33		41			/font/5001/53
	39		47			/font/5001/48
	45		53			/font/5001/49
	51		59			/font/5001/50
draw	18	206	32	224	/sprites/652.SMIV/0
line	14	204	35	204	489048
			14	205	
	35		35		
	14	225		225	
			14	224	
	35		35		
rect	42	206	49	207	003870
		207		224	0060c0
line	40	204	50	204	00488f
			40	205	
	50		50		
	40	225		225	
			40	224	
	50		50		
rect	55	206	62	209	707000
		209		224	c0c000
line	53	204	63	204	909000
			53	205	
	63		63		
	53	225		225	
			53	224	
	63		63		
tint	69	204	77	217	7fff7f	/font/5001/4c
	75		83			/font/5001/53
	81		89			/font/5001/52
	87		95			/font/5001/54
	93		101			/font/5001/55
	99		107			/font/5001/52
	105		113			
	111		119			/font/5001/54
	69	216	77	229		/font/5001/4d
	75		83			/font/5001/47
	81		89			/font/5001/4e
	87		95			/font/5001/54
	93		101			/font/5001/4f
	99		107			/font/5001/50
	105		113			/font/5001/4c
	111		119			/font/5001/53
	12	228	20	241	00ff00	/font/5001/50
	18		26			/font/5001/6f
	24		32			/font/5001/77
	30		38			/font/5001/65
	36		44			/font/5001/72
	42		50			/font/5001/20
	48		56			/font/5001/53
	54		62			/font/5001/74
	60		68			/font/5001/61
	66		74			/font/5001/74
	72		80			/font/5001/69
	78		86			/font/5001/6f
	84		92			/font/5001/6e
	90		98			/font/5001/20
	96		104			/font/5001/42
	102		110			/font/5001/50
	108		116			/font/5001/31
line	12	263	12	252	007fff
		252	120		
	120			263	00488f
		263	12		
rect	13	253	120	263	0060c0
tint	15	252	23	265	000000	/font/5001/54
	21		29			/font/5001/41
	27		35			/font/5001/52
	33		41			/font/5001/47
	39		47			/font/5001/45
	45		53			/font/5001/54
	15	264	23	277	7fff7f	/font/5001/50
	21		29			/font/5001/6f
	27		35			/font/5001/77
	33		41			/font/5001/65
	39		47			/font/5001/72
	45		53			/font/5001/20
	51		59			/font/5001/53
	57		65			/font/5001/74
	63		71			/font/5001/61
	69		77			/font/5001/74
	75		83			/font/5001/69
	81		89			/font/5001/6f
	87		95			/font/5001/6e
	93		101			/font/5001/20
	99		107			/font/5001/42
	105		113			/font/5001/50
	111		119			/font/5001/31
draw	16	279	34	295	/sprites/564.SMIV/0
line	14	276	35	276	489048
			14	277	
	35		35		
	14	297		297	
			14	296	
	35		35		
rect	42	278	49	292	003870
		292		296	0060c0
line	40	276	50	276	00488f
			40	277	
	50		50		
	40	297		297	
			40	296	
	50		50		
