	429	372	428	372	b0b0b0
	183	226	182	226	
	202	72	202	72	d0d0d0
	257	2	256	2	
	444	350	444	350	
	494	302	494	302	
	361	377	360	377	b0b0b0
	138	54	138	54	808080
	530	104	529	103	d0d0d0
	244	218	244	218	808080
	537	411	536	411	b0b0b0
	362	11	362	11	d0d0d0
	137	77	136	77	808080
	470	176	469	176	b0b0b0
	447	25	446	25	d0d0d0
	207	95	207	95	
	425	314	425	314	
	482	48	482	48	808080
	157	156	156	155	d0d0d0
	546	124	546	124	b0b0b0
	259	355	259	355	
	290	300	289	300	
	481	102	480	102	
	463	466	462	466	
	594	191	594	191	808080
	255	427	255	427	b0b0b0
	423	355	423	355	d0d0d0
	359	56	359	56	808080
	602	197	602	197	
	264	399	264	399	b0b0b0
	347	268	347	268	808080
	412	341	411	341	b0b0b0
	167	282	167	282	808080
	416	10	416	10	
	491	368	491	368	
	540	81	539	81	d0d0d0
	572	42	571	42	
	224	310	224	310	808080
	548	168	547	168	b0b0b0
	314	212	314	212	808080
	328	154	328	154	b0b0b0
	132	97	131	96	d0d0d0
	452	382	452	382	
	349	78	349	78	808080
	328	437	327	437	d0d0d0
	150	293	150	293	b0b0b0
	327	470	326	470	
	226	433	225	433	d0d0d0
	257	155	257	155	b0b0b0
	454	367	454	367	808080
	310	394	309	394	b0b0b0
	527	435	527	435	808080
	489	124	489	124	b0b0b0
	338	334	338	334	808080
	326	141	325	141	b0b0b0
	546	61	546	61	
	158	420	157	420	
	423	245	423	245	d0d0d0
	519	12	519	12	b0b0b0
	257	402	256	402	d0d0d0
	461	397	460	397	b0b0b0
	215	282	214	282	808080
	159	78	159	78	
	602	49	601	49	b0b0b0
	180	332	180	332	808080
	558	29	558	28	b0b0b0
	466	139	466	138	
	158	373	157	373	
	202	60	202	60	d0d0d0
	161	205	161	205	b0b0b0
	470	37	470	37	808080
	238	386	238	386	d0d0d0
	324	265	323	265	b0b0b0
	457	105	457	105	808080
	137	233	136	233	d0d0d0
	221	378	221	378	b0b0b0
	273	417	272	417	d0d0d0
	407	445	407	445	808080
	495	29	494	28	d0d0d0
	355	302	355	302	
	600	12	599	12	808080
	153	274	153	274	
	480	320	480	320	d0d0d0
	337	127	337	127	808080
	454	117	454	117	d0d0d0
	497	240	497	240	808080
	542	320	542	320	d0d0d0
	588	293	588	293	808080
	316	411	316	411	
	538	196	537	196	b0b0b0
	236	117	235	117	
	216	372	216	372	808080
	209	402	209	402	d0d0d0
	312	165	311	165	b0b0b0
	322	293	321	293	
	584	137	583	137	
	506	177	505	177	
	445	356	445	356	d0d0d0
	250	116	250	116	808080
	436	438	435	438	b0b0b0
	340	21	339	21	
	590	477	589	477	
	433	463	433	463	d0d0d0
	549	391	549	391	808080
	522	64	522	63	b0b0b0
	515	362	515	362	d0d0d0
	500	296	500	296	808080
	315	370	314	370	b0b0b0
	445	199	445	199	808080
	396	191	395	191	d0d0d0
	477	23	477	23	b0b0b0
	415	152	415	152	808080
	422	158	421	158	b0b0b0
	232	94	232	94	
	369	202	368	202	
	215	316	214	316	808080
	305	130	305	130	d0d0d0
	236	445	236	445	808080
	224	168	223	167	d0d0d0
	525	203	525	203	808080
	387	131	387	131	
	234	447	234	447	
	247	60	247	60	
	574	149	574	149	
	497	392	496	392	b0b0b0
	234	0	234	480	005000
	438		438		
	128	201	608	201	
		405		405	
rect	386	240	402	256	009000
	399	213	411	225	
	433	292	445	304	
diamond	436	292	452	308	00c000
	431	289	447	305	
triangle	435	292	445	302	00c000
	438	289	448	299	
	433	294	443	304	
	434	293	444	303	
					
	435	292	445	302	
		294	441	300	
	362	234	372	244	
	438	300	444	306	
	434	292		302	
		293		303	
	436	295	442	301	
	438	297	444	303	
	435	294	445	304	
	438	295	444	301	
	435	299	441	305	
rect	460	262	462	264	c00000
dither	437	278	604	295	001830
tint	441	282	449	294	000000	/font/5000/50
	448		456			/font/5000/6f
	455		463			/font/5000/77
	462		470			/font/5000/65
	469		477			/font/5000/72
	476		484			/font/5000/20
	483		491			/font/5000/53
	490		498			/font/5000/74
	497		505			/font/5000/61
	504		512			/font/5000/74
	511		519			/font/5000/69
	518		526			/font/5000/6f
	525		533			/font/5000/6e
	532		540			/font/5000/20
	539		547			/font/5000/42
	546		554			/font/5000/50
	553		561			/font/5000/31
	560		568			/font/5000/20
	567		575			/font/5000/3c
	574		582			/font/5000/20
	581		589			/font/5000/31
	588		596			/font/5000/20
	595		603			/font/5000/3e
	440	281	448	293	007fff	/font/5000/50
	447		455			/font/5000/6f
	454		462			/font/5000/77
	461		469			/font/5000/65
	468		476			/font/5000/72
	475		483			/font/5000/20
	482		490			/font/5000/53
	489		497			/font/5000/74
	496		504			/font/5000/61
	503		511			/font/5000/74
	510		518			/font/5000/69
	517		525			/font/5000/6f
	524		532			/font/5000/6e
	531		539			/font/5000/20
	538		546			/font/5000/42
	545		553			/font/5000/50
	552		560			/font/5000/31
	559		567			/font/5000/20
	566		574			/font/5000/3c
	573		581			/font/5000/20
	580		588			/font/5000/31
	587		595			/font/5000/20
	594		602			/font/5000/3e
dither	200	50	367	67	003030
tint	204	54	212	66	000000	/font/5000/5a
	211		219			/font/5000/6f
	218		226			
	225		233			/font/5000/6d
	232		240			/font/5000/20
	239		247			/font/5000/74
	246		254			/font/5000/6f
	253		261			/font/5000/20
	260		268			/font/5000/43
	267		275			/font/5000/6c
	274		282			/font/5000/6f
	281		289			/font/5000/73
	288		296			/font/5000/65
	295		303			/font/5000/73
	302		310			/font/5000/74
	309		317			/font/5000/20
	316		324			/font/5000/48
	323		331			/font/5000/6f
	330		338			/font/5000/73
	337		345			/font/5000/74
	344		352			/font/5000/69
	351		359			/font/5000/6c
	358		366			/font/5000/65
	203	53	211	65	00ffff	/font/5000/5a
	210		218			/font/5000/6f
	217		225			
	224		232			/font/5000/6d
	231		239			/font/5000/20
	238		246			/font/5000/74
	245		253			/font/5000/6f
	252		260			/font/5000/20
	259		267			/font/5000/43
	266		274			/font/5000/6c
	273		281			/font/5000/6f
	280		288			/font/5000/73
	287		295			/font/5000/65
	294		302			/font/5000/73
	301		309			/font/5000/74
	308		316			/font/5000/20
	315		323			/font/5000/48
	322		330			/font/5000/6f
	329		337			/font/5000/73
	336		344			/font/5000/74
	343		351			/font/5000/69
	350		358			/font/5000/6c
	357		365			/font/5000/65
line	178	178	188	189	489048
			193	175	
	188	189			204020
draw	0	0	128	480	/pictures/501.png
	608		640		/pictures/512.png
tint	29	159	37	172	ff0000	/font/5001/34
	35		43			
	41		49			/font/5001/32
line	614	362	614	359	00488f
		359	622		
	622			362	002850
		362	614		
rect	615	360	622	362	003870
line	614	456	614	363	007fff
		363	622		
	622			456	00488f
		456	614		
rect	615	364	622	456	0070e0
line	614	244	614	231	909048
		231	622		
	622			244	505028
		244	614		
rect	615	232	622	244	707038
line	614	328	614	245	ffff7f
		245	622		
	622			328	909048
		328	614		
rect	615	246	622	328	e0e070
line	614	112	614	103	904848
		103	622		
	622			112	502828
		112	614		
rect	615	104	622	112	703838
line	614	200	614	113	ff7f7f
		113	622		
	622			200	904848
		200	614		
rect	615	114	622	200	e07070
line	618	8	629	8	90488f
			618	9	
	629		629		
	618	36		36	
			618	35	
	629		629		
rect	620	10	628	35	703870
		19			c060c0
	634	49	636	52	7fff7f
		53		56	60c060
		57		60	
		61		64	
		65		68	
		69		72	904800
		73		76	703800
		77		80	
		81		84	
		85		88	
		89		92	904800
		93		96	183018
		97		100	
		101		104	
		105		108	
		109		112	
		113		116	
		117		120	
		121		124	
		125		128	
		129		132	
		133		136	
		137		140	
		141		144	
		145		148	
		149		152	
		153		156	
		157		160	
		161		164	
		165		168	
		169		172	
		173		176	
		177		180	
		181		184	
		185		188	
		189		192	
		193		196	
		197		200	
		201		204	
		205		208	
		209		212	
		213		216	
		217		220	
		221		224	
		225		228	
		229		232	
		233		236	
		237		240	
		241		244	
		245		248	
		249		252	
		253		256	
		257		260	
		261		264	
		265		268	
		269		272	
		273		276	
		277		280	
		281		284	
		285		288	
		289		292	
		293		296	
		297		300	
		301		304	
		305		308	
		309		312	
		313		316	
		317		320	
		321		324	
		325		328	
		329		332	
		333		336	
		337		340	
		341		344	
		345		348	
		349		352	
		353		356	
		357		360	
		361		364	
		365		368	
		369		372	
		373		376	
		377		380	
		381		384	
		385		388	
		389		392	
		393		396	
		397		400	
		401		404	
		405		408	
		409		412	
		413		416	
		417		420	
		421		424	
		425		428	
		429		432	
		433		436	
		437		440	
		441		444	
		445		448	
	621	52	631	56	303000
		57		61	
		62		66	
		67		71	
		72		76	
		77		81	
		82		86	
	7	7	115	115	00ff00
	8	8	114	114	001000
					003000
point	77	65	008000
	86	43	
	113	105	
			
	112	107	
	113	105	
			
	112	109	
		105	
	113		
			
			
rect	12	320	121	440	001000
tint	15	320	23	333	00ff00	/font/5001/42
	21		29			/font/5001/55
	27		35			/font/5001/49
	33		41			/font/5001/4c
	39		47			/font/5001/44
	45		53			/font/5001/20
	51		59			/font/5001/53
	57		65			/font/5001/48
	63		71			/font/5001/49
	69		77			/font/5001/50
	75		83			/font/5001/53
line	12	342	119	342	009000
tint	15	332	23	345	00ff00	/font/5001/50
	21		29			/font/5001/69
	27		35			/font/5001/63
	33		41			/font/5001/74
	39		47			/font/5001/6f
	45		53			/font/5001/72
	51		59			/font/5001/69
	57		65			/font/5001/73
	63		71			/font/5001/20
	69		77			/font/5001/41
	75		83			/font/5001/6c
	81		89			/font/5001/70
	87		95			/font/5001/68
	93		101			/font/5001/61
	15	344	23	357		/font/5001/46
	21		29			/font/5001/69
	27		35			/font/5001/67
	33		41			/font/5001/68
	39		47			/font/5001/74
	45		53			/font/5001/65
	51		59			/font/5001/72
	15	356	23	369	009000	/font/5001/43
	21		29			/font/5001/72
	27		35			/font/5001/75
	33		41			/font/5001/69
	39		47			/font/5001/73
	45		53			/font/5001/65
	51		59			/font/5001/72
line	12	379	12	368	009000
		368	120		
	120			379	005000
		379	12		
rect	13	369	120	379	007000
tint	15	368	23	381	003000	/font/5001/47
	21		29			/font/5001/75
	27		35			/font/5001/6e
	33		41			/font/5001/73
	39		47			/font/5001/68
	45		53			/font/5001/69
	51		59			/font/5001/70
	15	380	23	393	00ff00	/font/5001/54
	21		29			/font/5001/72
	27		35			/font/5001/61
	33		41			/font/5001/6e
	39		47			/font/5001/73
	45		53			/font/5001/70
	51		59			/font/5001/6f
	57		65			/font/5001/72
	63		71			/font/5001/74
line	12	438	119	438	009000
rect	16	450	114	475	001010
line	17	461	17	450	00c0c0
		450	43		
	43			461	007070
		461	17		
rect	18	451	43	461	009090
tint	19	450	27	463	00ffff	/font/5001/52
	25		33			/font/5001/47
	31		39			/font/5001/48
	37		45			/font/5001/54
	43		51			/font/5001/20
	49		57			/font/5001/42
	55		63			/font/5001/75
	61		69			/font/5001/69
	67		75			/font/5001/6c
	73		81			/font/5001/64
line	17	473	17	462	00c0c0
		462	43		
	43			473	007070
		473	17		
rect	18	463	43	473	009090
tint	19	462	27	475	00ffff	/font/5001/4c
	25		33			/font/5001/45
	31		39			/font/5001/46
	37		45			/font/5001/54
	43		51			/font/5001/20
	49		57			/font/5001/4d
	55		63			/font/5001/61
	61		69			/font/5001/69
	67		75			/font/5001/6e
	73		81			/font/5001/20
	79		87			/font/5001/4d
	85		93			/font/5001/65
	91		99			/font/5001/6e
	97		105			/font/5001/75
line	12	191	12	180	ffff00
		180	119		
	119			191	909000
		191	12		
rect	13	181	119	191	c0c000
tint	15	180	23	193	000000	/font/5001/43
	21		29			/font/5001/4f
	27		35			/font/5001/4e
	33		41			/font/5001/54
	39		47			/font/5001/52
	45		53			/font/5001/4f
	51		59			/font/5001/4c
	15	192	23	205	7fff7f	/font/5001/47
	21		29			/font/5001/55
	27		35			/font/5001/4e
	33		41			/font/5001/53
	39		47			/font/5001/48
	45		53			/font/5001/49
	51		59			/font/5001/50
draw	18	206	32	224	/sprites/652.SMIV/0
line	14	204	35	204	489048
			14	205	
	35		35		
	14	225		225	
			14	224	
	35		35		
rect	42	206	49	207	003870
		207		224	0060c0
line	40	204	50	204	00488f
			40	205	
	50		50		
	40	225		225	
			40	224	
	50		50		
rect	55	206	62	209	707000
		209		224	c0c000
line	53	204	63	204	909000
			53	205	
	63		63		
	53	225		225	
			53	224	
	63		63		
tint	69	204	77	217	7fff7f	/font/5001/4c
	75		83			/font/5001/53
	81		89			/font/5001/52
	87		95			/font/5001/54
	93		101			/font/5001/55
	99		107			/font/5001/52
	105		113			
	111		119			/font/5001/54
	69	216	77	229		/font/5001/4d
	75		83			/font/5001/47
	81		89			/font/5001/4e
	87		95			/font/5001/54
	93		101			/font/5001/4f
	99		107			/font/5001/50
	105		113			/font/5001/4c
	111		119			/font/5001/53
	12	228	20	241	00ff00	/font/5001/50
	18		26			/font/5001/6f
	24		32			/font/5001/77
	30		38			/font/5001/65
	36		44			/font/5001/72
	42		50			/font/5001/20
	48		56			/font/5001/53
	54		62			/font/5001/74
	60		68			/font/5001/61
	66		74			/font/5001/74
	72		80			/font/5001/69
	78		86			/font/5001/6f
	84		92			/font/5001/6e
	90		98			/font/5001/20
	96		104			/font/5001/42
	102		110			/font/5001/50
	108		116			/font/5001/31
line	12	263	12	252	007fff
		252	119		
	119			263	00488f
		263	12		
rect	13	253	119	263	0060c0
tint	15	252	23	265	000000	/font/5001/54
	21		29			/font/5001/41
	27		35			/font/5001/52
	33		41			/font/5001/47
	39		47			/font/5001/45
	45		53			/font/5001/54
	15	264	23	277	7fff7f	/font/5001/50
	21		29			/font/5001/6f
	27		35			/font/5001/77
	33		41			/font/5001/65
	39		47			/font/5001/72
	45		53			/font/5001/20
	51		59			/font/5001/53
	57		65			/font/5001/74
	63		71			/font/5001/61
	69		77			/font/5001/74
	75		83			/font/5001/69
	81		89			/font/5001/6f
	87		95			/font/5001/6e
	93		101			/font/5001/20
	99		107			/font/5001/42
	105		113			/font/5001/50
	111		119			/font/5001/31
draw	16	279	34	295	/sprites/564.SMIV/0
line	14	276	35	276	489048
			14	277	
	35		35		
	14	297		297	
			14	296	
	35		35		
rect	42	278	49	292	003870
		292		296	0060c0
line	40	276	50	276	00488f
			40	277	
	50		50		
	40	297		297	
			40	296	
	50		50		
