line	509	385	509	385	b0b0b0
	263	239	263	239	
	309	89	309	89	d0d0d0
	364	19	363	19	
	551	367	551	367	
	601	319	601	319	
	441	390	441	390	b0b0b0
	191	63	191	63	808080
	157	299	156	299	d0d0d0
	297	227	297	227	808080
	134	378	134	378	
	469	28	469	28	d0d0d0
	190	85	190	85	808080
	550	189	550	189	b0b0b0
	554	42	554	42	d0d0d0
	314	112	314	112	
	532	331	532	331	
	536	56	535	56	808080
	264	172	263	172	d0d0d0
	147	76	146	76	b0b0b0
	340	367	339	367	
	370	313	370	313	
	561	115	561	115	
	543	479	543	479	
	207	368	207	368	d0d0d0
	336	440	335	440	b0b0b0
	530	372	530	372	d0d0d0
	412	64	412	64	808080
	223	276	223	276	d0d0d0
	344	411	344	411	b0b0b0
	400	277	400	277	808080
	492	354	492	354	b0b0b0
	220	290	220	290	808080
	469	18	469	18	
	544	377	544	377	
	147	428	147	428	
	199	362	198	362	d0d0d0
	277	318	277	318	808080
	155	477	154	477	d0d0d0
	367	221	367	221	808080
	409	167	408	167	b0b0b0
	239	113	238	113	d0d0d0
	559	399	559	399	
	403	86	402	86	808080
	435	454	434	454	d0d0d0
	230	306	230	306	b0b0b0
	402	2	402	2	808080
	333	450	333	450	d0d0d0
	338	168	337	168	b0b0b0
	507	376	507	376	808080
	390	407	390	407	b0b0b0
	580	444	580	444	808080
	569	137	569	137	b0b0b0
	391	343	391	343	808080
	406	154	405	154	b0b0b0
	147	17	146	17	
	238	432	238	432	
	530	262	530	262	d0d0d0
	599	25	599	25	b0b0b0
	364	419	364	419	d0d0d0
	541	410	541	410	b0b0b0
	268	291	268	291	808080
	212	86	212	86	
	226	393	226	393	d0d0d0
	234	341	233	341	808080
	169	163	169	163	d0d0d0
	547	151	546	151	b0b0b0
	238	385	238	385	
	309	77	309	77	d0d0d0
	241	217	241	217	b0b0b0
	523	45	523	45	808080
	345	403	345	403	d0d0d0
	404	278	404	278	b0b0b0
	510	114	510	114	808080
	244	250	244	250	d0d0d0
	301	391	301	391	b0b0b0
	380	434	380	434	d0d0d0
	460	454	460	454	808080
	602	45	601	45	d0d0d0
	462	319	462	319	
	196	140	195	140	b0b0b0
	206	283	206	282	808080
	587	337	587	337	d0d0d0
	390	136	390	136	808080
	561	134	561	134	d0d0d0
	550	249	550	249	808080
	169	134	169	134	d0d0d0
	178	324	178	324	b0b0b0
	369	420	369	420	808080
	142	136	141	136	d0d0d0
	316	130	316	130	b0b0b0
	269	380	269	380	808080
	316	419	316	419	d0d0d0
	392	178	392	178	b0b0b0
	402	306	402	306	
	203	369	202	369	d0d0d0
	586	190	586	190	b0b0b0
	552	373	552	373	d0d0d0
	303	125	303	125	808080
	516	451	516	451	b0b0b0
	420	34	420	34	
	338	10	338	10	
	498	0	497	0	
	602	400	602	400	808080
		76		76	b0b0b0
	142	309	142	309	d0d0d0
	553	305	553	305	808080
	395	383	395	383	b0b0b0
	498	208	498	208	808080
	503		502		d0d0d0
	558	36	557	36	b0b0b0
	468	161	468	161	808080
	502	171	502	171	b0b0b0
	312	106	312	106	
	449	215	449	215	
	268	325	268	325	808080
	412	147	412	147	d0d0d0
	289	454	289	454	808080
	331	184	331	184	d0d0d0
	578	212	578	212	808080
	440	140	440	140	
	287	456	287	456	
	300	69	300	69	
	147	256	147	256	
	577	405	577	405	b0b0b0
	246	0	246	480	005000
	376		376		
	506		506		
	128	100	608	100	
		230		230	
		360		360	
rect	470	252	486	268	009000
	479	235	491	247	
	501	286	513	298	007000
	185	272	197	284	900000
	175	205	187	217	
	178	241	194	257	
diamond	196	279	216	299	c00000
plus	184	243	194	253	c00000
diamond	502	284	518	300	00c000
	499		515		
triangle	204	282	212	290	c00000
	502	287	512	297	00c000
	186	274	196	284	c00000
	504	284	514	294	00c000
	503	285	513	295	
	502	287	512	297	
					
		286		296	
	504	289	510	295	
	178	205	184	211	c00000
	362	234	372	244	00c000
	184	244	192	252	c00000
	177	209	185	217	
	507	291	513	297	00c000
	502	286	512	296	
		287		297	
	185	243	191	249	c00000
	188	273	196	281	
	504	289	510	295	00c000
	185	244	193	252	c00000
	505	290	511	296	00c000
	502	288	512	298	
	505		511	294	
	507	290	513	296	
	183	244	193	254	c00000
	182	245	190	253	
	204	286	210	292	
rect	157	270	159	272	00c000
triangle	176	208	184	216	c00000
line	171	208	183	218	489048
			185	203	
	183	218			204020
draw	0	0	128	480	/pictures/501.png
	608		640		/pictures/512.png
crop	29	159	35	171	32	36	ff0000	/fonts/computer
	35		41					
	41		47		16			
line	614	362	614	359	00488f
		359	622		
	622			362	002850
		362	614		
rect	615	360	622	362	003870
line	614	456	614	363	007fff
		363	622		
	622			456	00488f
		456	614		
rect	615	364	622	456	0070e0
line	614	245	614	231	909048
		231	622		
	622			245	505028
		245	614		
rect	615	232	622	245	707038
line	614	328	614	246	ffff7f
		246	622		
	622			328	909048
		328	614		
rect	615	247	622	328	e0e070
line	614	112	614	103	904848
		103	622		
	622			112	502828
		112	614		
rect	615	104	622	112	703838
line	614	200	614	113	ff7f7f
		113	622		
	622			200	904848
		200	614		
rect	615	114	622	200	e07070
line	618	8	629	8	90488f
			618	9	
	629		629		
	618	36		36	
			618	35	
	629		629		
rect	620	10	628	35	703870
		31			c060c0
	634	49	636	52	7fff7f
		53		56	60c060
		57		60	
		61		64	
		65		68	
		69		72	7fff7f
		73		76	703800
		77		80	
		81		84	
		85		88	
		89		92	904800
		93		96	183018
		97		100	
		101		104	
		105		108	
		109		112	
		113		116	
		117		120	
		121		124	
		125		128	
		129		132	
		133		136	
		137		140	
		141		144	
		145		148	
		149		152	
		153		156	
		157		160	
		161		164	
		165		168	
		169		172	
		173		176	
		177		180	
		181		184	
		185		188	
		189		192	
		193		196	
		197		200	
		201		204	
		205		208	
		209		212	
		213		216	
		217		220	
		221		224	
		225		228	
		229		232	
		233		236	
		237		240	
		241		244	
		245		248	
		249		252	
		253		256	
		257		260	
		261		264	
		265		268	
		269		272	
		273		276	
		277		280	
		281		284	
		285		288	
		289		292	
		293		296	
		297		300	
		301		304	
		305		308	
		309		312	
		313		316	
		317		320	
		321		324	
		325		328	
		329		332	
		333		336	
		337		340	
		341		344	
		345		348	
		349		352	
		353		356	
		357		360	
		361		364	
		365		368	
		369		372	
		373		376	
		377		380	
		381		384	
		385		388	
		389		392	
		393		396	
		397		400	
		401		404	
		405		408	
		409		412	
		413		416	
		417		420	
		421		424	
		425		428	
		429		432	
		433		436	
		437		440	
		441		444	
		445		448	
	621	52	631	56	303000
		57		61	
		62		66	
		67		71	
		72		76	
		77		81	
		82		86	
	7	7	115	115	00ff00
	8	8	114	114	001000
					003000
	12	320	121	440	001000
crop	15	320	21	332	16	48	00ff00	/fonts/computer
	21		27		40	60		
	27		33		72	48		
	33		39		96			
	39		45		32			
	45		51		0	24		
	51		57		24	60		
	57		63		64	48		
	63		69		72			
	69		75		0	60		
	75		81		24			
line	12	342	119	342	009000
crop	15	332	21	344	0	60	00ff00	/fonts/computer
	21		27		72	72		
	27		33		24			
	33		39		32	84		
	39		45		120	72		
	45		51		16	84		
	51		57		72	72		
	57		63		24	84		
	63		69		0	24		
	69		75		8	48		
	75		81		96	72		
	81		87		0	84		
	87		93		64	72		
	93		99		8			
	15	344	21	356	48	48		
	21		27		72	72		
	27		33		56			
	33		39		64			
	39		45		32	84		
	45		51		40	72		
	51		57		16	84		
	15	356	21	368	24	48		
	21		27		16	84		
	27		33		40			
	33		39		72	72		
	39		45		24	84		
	45		51		40	72		
	51		57		16	84		
line	12	379	12	368	009000
		368	120		
	120			379	005000
		379	12		
rect	13	369	120	379	007000
crop	15	368	21	380	56	48	003000	/fonts/computer
	21		27		40	84		
	27		33		112	72		
	33		39		24	84		
	39		45		64	72		
	45		51		72			
	51		57		0	84		
	15	380	21	392	32	60	00ff00	
	21		27		16	84		
	27		33		8	72		
	33		39		112			
	39		45		24	84		
	45		51		0			
	51		57		120	72		
	57		63		16	84		
	63		69		32			
line	12	438	119	438	009000
rect	16	450	114	475	001010
line	17	461	17	450	00c0c0
		450	43		
	43			461	007070
		461	17		
rect	18	451	43	461	009090
crop	19	450	25	462	16	60	00ffff	/fonts/computer
	25		31		56	48		
	31		37		64			
	37		43		32	60		
	43		49		0	24		
	49		55		16	48		
	55		61		40	84		
	61		67		72	72		
	67		73		96			
	73		79		32			
line	17	473	17	462	00c0c0
		462	43		
	43			473	007070
		473	17		
rect	18	463	43	473	009090
crop	19	462	25	474	96	48	00ffff	/fonts/computer
	25		31		40			
	31		37		48			
	37		43		32	60		
	43		49		0	24		
	49		55		104	48		
	55		61		8	72		
	61		67		72			
	67		73		112			
	73		79		0	24		
	79		85		104	48		
	85		91		40	72		
	91		97		112			
	97		103		40	84		
line	12	191	12	180	ffff00
		180	120		
	120			191	909000
		191	12		
rect	13	181	120	191	c0c000
crop	15	180	21	192	24	48	000000	/fonts/computer
	21		27		120			
	27		33		112			
	33		39		32	60		
	39		45		16			
	45		51		120	48		
	51		57		96			
	15	192	21	204	56		7fff7f	
	21		27		40	60		
	27		33		112	48		
	33		39		24	60		
	39		45		64	48		
	45		51		72			
	51		57		0	60		
draw	18	206	32	224	/sprites/652.SMIV/0
line	14	204	35	204	489048
			14	205	
	35		35		
	14	225		225	
			14	224	
	35		35		
rect	42	206	49	207	003870
		207		224	0060c0
line	40	204	50	204	00488f
			40	205	
	50		50		
	40	225		225	
			40	224	
	50		50		
rect	55	206	62	209	707000
		209		224	c0c000
line	53	204	63	204	909000
			53	205	
	63		63		
	53	225		225	
			53	224	
	63		63		
crop	69	204	75	216	96	48	7fff7f	/fonts/computer
	75		81		24	60		
	81		87		16			
	87		93		32			
	93		99		40			
	99		105		16			
	105		111					
	111		117		32			
	69	216	75	228	104	48		
	75		81		56			
	81		87		112			
	87		93		32	60		
	93		99		120	48		
	99		105		0	60		
	105		111		96	48		
	111		117		24	60		
	12	228	18	240	0		00ff00	
	18		24		120	72		
	24		30		56	84		
	30		36		40	72		
	36		42		16	84		
	42		48		0	24		
	48		54		24	60		
	54		60		32	84		
	60		66		8	72		
	66		72		32	84		
	72		78		72	72		
	78		84		120			
	84		90		112			
	90		96		0	24		
	96		102		16	48		
	102		108		0	60		
	108		114		8	36		
line	12	263	12	252	007fff
		252	120		
	120			263	00488f
		263	12		
rect	13	253	120	263	0060c0
crop	15	252	21	264	32	60	000000	/fonts/computer
	21		27		8	48		
	27		33		16	60		
	33		39		56	48		
	39		45		40			
	45		51		32	60		
	15	264	21	276	0		7fff7f	
	21		27		120	72		
	27		33		56	84		
	33		39		40	72		
	39		45		16	84		
	45		51		0	24		
	51		57		24	60		
	57		63		32	84		
	63		69		8	72		
	69		75		32	84		
	75		81		72	72		
	81		87		120			
	87		93		112			
	93		99		0	24		
	99		105		16	48		
	105		111		0	60		
	111		117		8	36		
draw	16	279	34	295	/sprites/564.SMIV/0
line	14	276	35	276	489048
			14	277	
	35		35		
	14	297		297	
			14	296	
	35		35		
rect	42	278	49	292	003870
		292		296	0060c0
line	40	276	50	276	00488f
			40	277	
	50		50		
	40	297		297	
			40	296	
	50		50		
