point	143	93	d0d0d0
	373	255	b0b0b0
	456	111	d0d0d0
	511	41	
	219	71	
	268	31	
	551	406	b0b0b0
	264	73	808080
	304	321	d0d0d0
	370	237	808080
	207	388	
	132	239	
	262	95	
	180	80	b0b0b0
	174	205	808080
	461	133	d0d0d0
	181	375	b0b0b0
	129	29	d0d0d0
	410	194	
	256	92	b0b0b0
	449	383	
	480	329	
	191	401	
	521	10	808080
	354	390	d0d0d0
	445	456	b0b0b0
	162	364	808080
	485	75	
	370	298	d0d0d0
	454	427	b0b0b0
	473	287	808080
	602	370	b0b0b0
	293	300	808080
	542	29	
	146	66	d0d0d0
	220	438	808080
	346	384	d0d0d0
	350	328	808080
	295	19	d0d0d0
	440	231	808080
	518	183	b0b0b0
	386	135	d0d0d0
	226	205	
	475	96	808080
	582	476	d0d0d0
	340	322	b0b0b0
	474	12	808080
	480	472	d0d0d0
	447	184	b0b0b0
	580	386	808080
	500	423	b0b0b0
	220	203	d0d0d0
	175	418	808080
	464	353	
	515	170	b0b0b0
	256	33	
	348	448	
	180	445	
	195	228	808080
	511	441	d0d0d0
	171	397	b0b0b0
	340	301	808080
	285	96	
	373	415	d0d0d0
	306	351	808080
	316	185	d0d0d0
	177	28	b0b0b0
	348	401	
	456	99	d0d0d0
	351	233	b0b0b0
	596	56	808080
	492	425	d0d0d0
	514	294	b0b0b0
	583	124	808080
	391	271	d0d0d0
	411	407	b0b0b0
	527	456	d0d0d0
	533	464	808080
	197	427	
	129	40	b0b0b0
	305	156	
	279	293	808080
	254	115	d0d0d0
	463	146	808080
	177	118	
	143	100	
	316	156	d0d0d0
	288	340	b0b0b0
	442	430	808080
	289	158	d0d0d0
	426	146	b0b0b0
	342	390	808080
	463	441	d0d0d0
	502	194	b0b0b0
	512	322	
	350	390	d0d0d0
	246	367	
	219	453	
	376	135	808080
	140	325	
	530	50	b0b0b0
	448	26	
	607	16	
	229	247	
	267	56	d0d0d0
	289	331	
	165	433	
	505	399	b0b0b0
	571	218	808080
	159	214	b0b0b0
	188	10	
	541	171	808080
	132	469	b0b0b0
	422	122	
	559	231	
	340	335	808080
	559	169	d0d0d0
	362	464	808080
	478	206	d0d0d0
	216	222	
	513	150	808080
	360	466	
	373	79	
	220	266	
	207	413	b0b0b0
rect	182	0	183	480	002850
	291		292		005000
	400		401		002850
	509		510		
	128	42	608	43	
		151		152	
		260		261	005000
		369		370	002850
		478		479	
	99	416	111	428	900000
	68	192	80	204	
	83	316	99	332	
diamond	85	405	105	425	c00000
plus	93	314	103	324	c00000
triangle	91	421	99	429	c00000
	101	418	111	428	
	70	185	76	191	
	362	234	372	244	00c000
	92	318	100	326	c00000
	70	187	78	195	
	67	188	73	194	
	94	317	102	325	
	86	318	96	328	
	87	320	95		
	103	422	109	428	
	65	196	73	204	
line	169	259	183	265	489048
			181	250	
	183	265			204020
draw	0	-144	128	624	/pictures/gui/instruments/left.png
	608		640		/pictures/gui/instruments/right.png
crop	29	159	35	171	32	36	ff0000	/fonts/computer.png
	35		41					
	41		47		16			
rect	614	359	615	363	00488f
			623	360	
	622			363	002850
	614	362			
	615	360	622	362	003870
	614	363	615	457	007fff
			623	364	
	622			457	00488f
	614	456			
	615	364	622	456	0070e0
	614	231	615	232	909048
			623		
	622				505028
	614				
		232	615	329	ffff7f
			623	233	
	622			329	909048
	614	328			
	615	233	622	328	e0e070
	614	103	615	114	904848
			623	104	
	622			114	502828
	614	113			
	615	104	622	113	703838
	614	114	615	201	ff7f7f
			623	115	
	622			201	904848
	614	200			
	615	115	622	200	e07070
	618	8	630	9	90488f
			619	10	
	629		630		
	618	36		37	
		35	619		
	629		630		
	620	10	628	35	703870
		30			c060c0
	634	49	636	52	7fff7f
		53		56	60c060
		57		60	0060c0
		61		64	
		65		68	
		69		72	007fff
		73		76	183018
		77		80	
		81		84	
		85		88	
		89		92	
		93		96	
		97		100	
		101		104	
		105		108	
		109		112	
		113		116	
		117		120	
		121		124	
		125		128	
		129		132	
		133		136	
		137		140	
		141		144	
		145		148	
		149		152	
		153		156	
		157		160	
		161		164	
		165		168	
		169		172	
		173		176	
		177		180	
		181		184	
		185		188	
		189		192	
		193		196	
		197		200	
		201		204	
		205		208	
		209		212	
		213		216	
		217		220	
		221		224	
		225		228	
		229		232	
		233		236	
		237		240	
		241		244	
		245		248	
		249		252	
		253		256	
		257		260	
		261		264	
		265		268	
		269		272	
		273		276	
		277		280	
		281		284	
		285		288	
		289		292	
		293		296	
		297		300	
		301		304	
		305		308	
		309		312	
		313		316	
		317		320	
		321		324	
		325		328	
		329		332	
		333		336	
		337		340	
		341		344	
		345		348	
		349		352	
		353		356	
		357		360	
		361		364	
		365		368	
		369		372	
		373		376	
		377		380	
		381		384	
		385		388	
		389		392	
		393		396	
		397		400	
		401		404	
		405		408	
		409		412	
		413		416	
		417		420	
		421		424	
		425		428	
		429		432	
		433		436	
		437		440	
		441		444	
		445		448	
	621	52	631	56	303000
		57		61	
		62		66	
		67		71	
		72		76	
		77		81	
		82		86	
	7	7	115	115	00ff00
	8	8	114	114	001000
					003000
	12	320	121	440	001000
		342	120	343	009000
		380	13	392	
			121	381	
	120			392	005000
	12	391			
	13	381	120	391	007000
	12	438		439	009000
	16	450	114	475	001010
	17		18	462	00c0c0
			44	451	
	43			462	007070
	17	461			
	18	451	43	461	009090
	17	462	18	474	00c0c0
			44	463	
	43			474	007070
	17	473			
	18	463	43	473	009090
crop	15	320	21	332	16	48	00ff00	/fonts/computer.png
	21		27		40	60		
	27		33		72	48		
	33		39		96			
	39		45		32			
	45		51		0	24		
	51		57		24	60		
	57		63		64	48		
	63		69		72			
	69		75		0	60		
	75		81		24			
	15	332	21	344	0			
	21		27		72	72		
	27		33		24			
	33		39		32	84		
	39		45		120	72		
	45		51		16	84		
	51		57		72	72		
	57		63		24	84		
	63		69		0	24		
	69		75		8	48		
	75		81		96	72		
	81		87		0	84		
	87		93		64	72		
	93		99		8			
	15	344	21	356	48	48		
	21		27		72	72		
	27		33		56			
	33		39		64			
	39		45		32	84		
	45		51		40	72		
	51		57		16	84		
	15	356	21	368	24	48		
	21		27		16	84		
	27		33		40			
	33		39		72	72		
	39		45		24	84		
	45		51		40	72		
	51		57		16	84		
	15	368	21	380	56	48	009000	
	21		27		40	84		
	27		33		112	72		
	33		39		24	84		
	39		45		64	72		
	45		51		72			
	51		57		0	84		
	15	380	21	392	32	60	00ff00	
	21		27		16	84		
	27		33		8	72		
	33		39		112			
	39		45		24	84		
	45		51		0			
	51		57		120	72		
	57		63		16	84		
	63		69		32			
	19	450	25	462	16	60	00ffff	
	25		31		56	48		
	31		37		64			
	37		43		32	60		
	43		49		0	24		
	49		55		16	48		
	55		61		40	84		
	61		67		72	72		
	67		73		96			
	73		79		32			
	19	462	25	474	96	48		
	25		31		40			
	31		37		48			
	37		43		32	60		
	43		49		0	24		
	49		55		104	48		
	55		61		8	72		
	61		67		72			
	67		73		112			
	73		79		0	24		
	79		85		104	48		
	85		91		40	72		
	91		97		112			
	97		103		40	84		
rect	12	180	13	192	ffff00
			121	181	
	120			192	909000
	12	191			
	13	181	120	191	c0c000
crop	15	180	21	192	24	48	000000	/fonts/computer.png
	21		27		120			
	27		33		112			
	33		39		32	60		
	39		45		16			
	45		51		120	48		
	51		57		96			
	15	192	21	204	56		7fff7f	
	21		27		40	60		
	27		33		112	48		
	33		39		24	60		
	39		45		64	48		
	45		51		72			
	51		57		0	60		
draw	18	206	32	224	/sprites/uns/gunship%0
rect	14	204	36	205	489048
			15	206	
	35		36		
	14	225		226	
		224	15		
	35		36		
	42	206	49	207	003870
		207		224	0060c0
	40	204	51	205	00488f
			41	206	
	50		51		
	40	225		226	
		224	41		
	50		51		
	55	206	62	207	707000
		207		224	c0c000
	53	204	64	205	909000
			54	206	
	63		64		
	53	225		226	
		224	54		
	63		64		
crop	69	204	75	216	96	48	7fff7f	/fonts/computer.png
	75		81		24	60		
	81		87		16			
	87		93		32			
	93		99		40			
	99		105		16			
	105		111					
	111		117		32			
	69	216	75	228	104	48		
	75		81		56			
	81		87		112			
	87		93		32	60		
	93		99		120	48		
	99		105		0	60		
	105		111		96	48		
	111		117		24	60		
rect	12	252	13	264	007fff
			121	253	
	120			264	00488f
	12	263			
	13	253	120	263	0060c0
crop	15	252	21	264	32	60	000000	/fonts/computer.png
	21		27		8	48		
	27		33		16	60		
	33		39		56	48		
	39		45		40			
	45		51		32	60		
	15	264	21	276	56	48	7fff7f	
	21		27		40	60		
	27		33		112	48		
	33		39		24	60		
	39		45		64	48		
	45		51		72			
	51		57		0	60		
draw	18	278	32	296	/sprites/uns/gunship%0
rect	14	276	36	277	489048
			15	278	
	35		36		
	14	297		298	
		296	15		
	35		36		
	42	278	49	279	003870
		279		296	0060c0
	40	276	51	277	00488f
			41	278	
	50		51		
	40	297		298	
		296	41		
	50		51		
	55	278	62	279	707000
		279		296	c0c000
	53	276	64	277	909000
			54	278	
	63		64		
	53	297		298	
		296	54		
	63		64		
crop	69	276	75	288	96	48	7fff7f	/fonts/computer.png
	75		81		24	60		
	81		87		16			
	87		93		32			
	93		99		40			
	99		105		16			
	105		111					
	111		117		32			
	69	288	75	300	104	48		
	75		81		56			
	81		87		112			
	87		93		32	60		
	93		99		120	48		
	99		105		0	60		
	105		111		96	48		
	111		117		24	60		
