point	215	98	d0d0d0
	427	258	b0b0b0
	529	115	d0d0d0
	583	46	
	291	76	
	341	35	
	605	409	b0b0b0
	300	75	808080
	376	326	d0d0d0
	406	239	808080
	243	390	
	168	241	
	298	97	
	234	84	b0b0b0
	210	207	808080
	534	138	d0d0d0
	236	378	b0b0b0
	202	34	d0d0d0
	483	199	
	311	95	b0b0b0
	504	387	
	534	332	
	245	404	
	557	12	808080
	427	395	d0d0d0
	500	459	b0b0b0
	198	366	808080
	521	77	
	443	302	d0d0d0
	508	431	b0b0b0
	509	289	808080
	192	470	d0d0d0
	329	302	808080
	578	31	
	219	70	d0d0d0
	256	440	808080
	418	388	d0d0d0
	386	331	808080
	368	24	d0d0d0
	476	233	808080
	573	186	b0b0b0
	458	140	d0d0d0
	299	210	
	511	98	808080
	512	0	
	394	325	b0b0b0
	510	14	808080
	602	476	b0b0b0
	502	187	
	136	242	808080
	554	426	b0b0b0
	292	208	d0d0d0
	211	421	808080
	500	355	
	570	173	b0b0b0
	311	36	
	402	452	
	234	449	
	231	230	808080
	583	445	d0d0d0
	225	401	b0b0b0
	376	303	808080
	321	99	
	446	420	d0d0d0
	342	353	808080
	388	190	d0d0d0
	231	31	b0b0b0
	402	405	
	529	104	d0d0d0
	405	237	b0b0b0
	177	263	d0d0d0
	565	429	
	568	297	b0b0b0
	145	438	
	463	276	d0d0d0
	465	410	b0b0b0
	599	460	d0d0d0
	569	466	808080
	234	429	
	183	44	b0b0b0
	360	160	
	315	295	808080
	327	119	d0d0d0
	499	148	808080
	213	120	
	179	102	
	389	161	d0d0d0
	342	343	b0b0b0
	478	432	808080
	361	162	d0d0d0
	480	149	b0b0b0
	378	393	808080
	536	445	d0d0d0
	556	197	b0b0b0
	566	325	
	422	395	d0d0d0
	318	372	
	292	458	
	412	137	808080
	176	327	
	584	53	b0b0b0
	502	30	
	182	86	
	284	250	
	340	60	d0d0d0
	362	336	
	237	438	
	559	402	b0b0b0
	605	282	d0d0d0
	214	217	b0b0b0
	242	14	
	577	173	808080
	186	472	b0b0b0
	476	126	
	133	319	
	376	337	808080
	152	228	d0d0d0
	398	466	808080
	550	211	d0d0d0
	288	226	
	549	152	808080
	396	468	
	409	81	
	256	268	
	261	417	b0b0b0
rect	451	0	452	481	005000
	128	241	609	242	
	508	253	524	269	009000
	515	243	527	255	
	529	275	541	287	005000
	325	267	337	279	900000
	319	223	331	235	
	320	246	336	262	
triangle	530	277	540	287	00c000
diamond	321	262	341	282	c00000
plus	325	248	335	258	c00000
diamond	528	271	544	287	00c000
	527	273	543	289	
triangle	325	267	333	275	c00000
	530	276	540	286	00c000
plus	500	254	510	264	00c000
triangle	326	268	336	278	c00000
	531	275	541	285	00c000
					
	530	276	540	286	
					
					
	531	278	537	284	
	322	225	328	231	c00000
	362	234	372	244	00c000
	325	249	333	257	c00000
	327	268	335	276	
	533	278	539	284	00c000
	530	276	540	286	
					
	321	225	327	231	c00000
	532	278	538	284	00c000
	325	249	333	257	c00000
	533	278	539	284	00c000
	530	277	540	287	
	533	278	539	284	
					
	323	249	333	259	c00000
	324	250	332	258	
	327	269	333	275	
	320	226	328	234	
line	554	306	544	294	489048
			539	308	
	544	294			204020
draw	0	0	128	480	/pictures/501.png
	608		640		/pictures/512.png
crop	29	159	35	171	32	36	ff0000	/fonts/computer
	35		41					
	41		47		16			
rect	614	359	615	363	00488f
			623	360	
	622			363	002850
	614	362			
	615	360	622	362	003870
	614	363	615	457	007fff
			623	364	
	622			457	00488f
	614	456			
	615	364	622	456	0070e0
	614	231	615	232	909048
			623		
	622				505028
	614				
		232	615	329	ffff7f
			623	233	
	622			329	909048
	614	328			
	615	233	622	328	e0e070
	614	103	615	114	904848
			623	104	
	622			114	502828
	614	113			
	615	104	622	113	703838
	614	114	615	201	ff7f7f
			623	115	
	622			201	904848
	614	200			
	615	115	622	200	e07070
	618	8	630	9	90488f
			619	10	
	629		630		
	618	36		37	
		35	619		
	629		630		
	620	10	628	35	703870
		24			c060c0
	634	49	636	52	7fff7f
		53		56	0060c0
		57		60	
		61		64	
		65		68	
		69		72	183018
		73		76	
		77		80	
		81		84	
		85		88	
		89		92	
		93		96	
		97		100	
		101		104	
		105		108	
		109		112	
		113		116	
		117		120	
		121		124	
		125		128	
		129		132	
		133		136	
		137		140	
		141		144	
		145		148	
		149		152	
		153		156	
		157		160	
		161		164	
		165		168	
		169		172	
		173		176	
		177		180	
		181		184	
		185		188	
		189		192	
		193		196	
		197		200	
		201		204	
		205		208	
		209		212	
		213		216	
		217		220	
		221		224	
		225		228	
		229		232	
		233		236	
		237		240	
		241		244	
		245		248	
		249		252	
		253		256	
		257		260	
		261		264	
		265		268	
		269		272	
		273		276	
		277		280	
		281		284	
		285		288	
		289		292	
		293		296	
		297		300	
		301		304	
		305		308	
		309		312	
		313		316	
		317		320	
		321		324	
		325		328	
		329		332	
		333		336	
		337		340	
		341		344	
		345		348	
		349		352	
		353		356	
		357		360	
		361		364	
		365		368	
		369		372	
		373		376	
		377		380	
		381		384	
		385		388	
		389		392	
		393		396	
		397		400	
		401		404	
		405		408	
		409		412	
		413		416	
		417		420	
		421		424	
		425		428	
		429		432	
		433		436	
		437		440	
		441		444	
		445		448	
	621	52	631	56	303000
		57		61	
		62		66	
		67		71	
		72		76	
		77		81	
		82		86	
	7	7	115	115	00ff00
	8	8	114	114	001000
					003000
	12	320	121	440	001000
		342	120	343	009000
		380	13	392	
			121	381	
	120			392	005000
	12	391			
	13	381	120	391	007000
	12	438		439	009000
	16	450	114	475	001010
	17		18	462	00c0c0
			44	451	
	43			462	007070
	17	461			
	18	451	43	461	009090
	17	462	18	474	00c0c0
			44	463	
	43			474	007070
	17	473			
	18	463	43	473	009090
crop	15	320	21	332	16	48	00ff00	/fonts/computer
	21		27		40	60		
	27		33		72	48		
	33		39		96			
	39		45		32			
	45		51		0	24		
	51		57		24	60		
	57		63		64	48		
	63		69		72			
	69		75		0	60		
	75		81		24			
	15	332	21	344	0			
	21		27		72	72		
	27		33		24			
	33		39		32	84		
	39		45		120	72		
	45		51		16	84		
	51		57		72	72		
	57		63		24	84		
	63		69		0	24		
	69		75		8	48		
	75		81		96	72		
	81		87		0	84		
	87		93		64	72		
	93		99		8			
	15	344	21	356	48	48		
	21		27		72	72		
	27		33		56			
	33		39		64			
	39		45		32	84		
	45		51		40	72		
	51		57		16	84		
	15	356	21	368	24	48		
	21		27		16	84		
	27		33		40			
	33		39		72	72		
	39		45		24	84		
	45		51		40	72		
	51		57		16	84		
	15	368	21	380	56	48	009000	
	21		27		40	84		
	27		33		112	72		
	33		39		24	84		
	39		45		64	72		
	45		51		72			
	51		57		0	84		
	15	380	21	392	32	60	00ff00	
	21		27		16	84		
	27		33		8	72		
	33		39		112			
	39		45		24	84		
	45		51		0			
	51		57		120	72		
	57		63		16	84		
	63		69		32			
	19	450	25	462	16	60	00ffff	
	25		31		56	48		
	31		37		64			
	37		43		32	60		
	43		49		0	24		
	49		55		16	48		
	55		61		40	84		
	61		67		72	72		
	67		73		96			
	73		79		32			
	19	462	25	474	96	48		
	25		31		40			
	31		37		48			
	37		43		32	60		
	43		49		0	24		
	49		55		104	48		
	55		61		8	72		
	61		67		72			
	67		73		112			
	73		79		0	24		
	79		85		104	48		
	85		91		40	72		
	91		97		112			
	97		103		40	84		
rect	12	180	13	192	ffff00
			121	181	
	120			192	909000
	12	191			
	13	181	120	191	c0c000
crop	15	180	21	192	24	48	000000	/fonts/computer
	21		27		120			
	27		33		112			
	33		39		32	60		
	39		45		16			
	45		51		120	48		
	51		57		96			
	15	192	21	204	56		7fff7f	
	21		27		40	60		
	27		33		112	48		
	33		39		24	60		
	39		45		64	48		
	45		51		72			
	51		57		0	60		
draw	18	206	32	224	/sprites/652.SMIV/0
rect	14	204	36	205	489048
			15	206	
	35		36		
	14	225		226	
		224	15		
	35		36		
	42	206	49	207	003870
		207		224	0060c0
	40	204	51	205	00488f
			41	206	
	50		51		
	40	225		226	
		224	41		
	50		51		
	55	206	62	207	707000
		207		224	c0c000
	53	204	64	205	909000
			54	206	
	63		64		
	53	225		226	
		224	54		
	63		64		
crop	69	204	75	216	96	48	7fff7f	/fonts/computer
	75		81		24	60		
	81		87		16			
	87		93		32			
	93		99		40			
	99		105		16			
	105		111					
	111		117		32			
	69	216	75	228	104	48		
	75		81		56			
	81		87		112			
	87		93		32	60		
	93		99		120	48		
	99		105		0	60		
	105		111		96	48		
	111		117		24	60		
rect	12	252	13	264	007fff
			121	253	
	120			264	00488f
	12	263			
	13	253	120	263	0060c0
crop	15	252	21	264	32	60	000000	/fonts/computer
	21		27		8	48		
	27		33		16	60		
	33		39		56	48		
	39		45		40			
	45		51		32	60		
	15	264	21	276	56	48	7fff7f	
	21		27		40	60		
	27		33		112	48		
	33		39		24	60		
	39		45		64	48		
	45		51		72			
	51		57		0	60		
draw	18	278	32	296	/sprites/652.SMIV/0
rect	14	276	36	277	489048
			15	278	
	35		36		
	14	297		298	
		296	15		
	35		36		
	42	278	49	279	003870
		279		296	0060c0
	40	276	51	277	00488f
			41	278	
	50		51		
	40	297		298	
		296	41		
	50		51		
	55	278	62	279	707000
		279		296	c0c000
	53	276	64	277	909000
			54	278	
	63		64		
	53	297		298	
		296	54		
	63		64		
crop	69	276	75	288	96	48	7fff7f	/fonts/computer
	75		81		24	60		
	81		87		16			
	87		93		32			
	93		99		40			
	99		105		16			
	105		111					
	111		117		32			
	69	288	75	300	104	48		
	75		81		56			
	81		87		112			
	87		93		32	60		
	93		99		120	48		
	99		105		0	60		
	105		111		96	48		
	111		117		24	60		
