point	306	80	d0d0d0
	137	190	
	132	477	808080
	371	467	b0b0b0
	438	221	
	518	360	808080
	314	364	b0b0b0
	594	463	
	488	470	
	213	208	808080
	490	288	b0b0b0
	378	84	
	574	117	
	423	433	
	441	155	
	141	57	d0d0d0
	218	12	808080
	508	460	d0d0d0
	581	91	b0b0b0
	464	88	d0d0d0
	213	341	b0b0b0
	243	287	
	376	411	d0d0d0
	299	442	
	562	404	808080
	209	414	b0b0b0
	484	217	808080
	328	46	
	569	53	
	218	385	b0b0b0
	316	258	808080
	364	188	b0b0b0
	135	236	808080
	521	478	
	309	222	d0d0d0
	542	433	808080
	533	97	b0b0b0
	193	300	808080
	495	225	b0b0b0
	283	202	808080
	282	141	b0b0b0
	563	145	
	446	460	
	319	68	808080
	415	448	
	385	20	
	413	463	
	311	431	b0b0b0
	211	142	
	422	204	808080
	263	381	b0b0b0
	383	136	d0d0d0
	389	207	
	307	324	808080
	279	128	b0b0b0
	535	76	808080
	590	222	b0b0b0
	484	240	808080
	473	122	b0b0b0
	159	186	808080
	478	307	
	184	272	
	128	446	
	554	182	b0b0b0
	151	397	808080
	542	362	
	225	458	
	585	404	d0d0d0
	132	356	808080
	589	155	d0d0d0
	352	405	b0b0b0
	273	2	d0d0d0
	277	252	b0b0b0
	333	79	
	566	369	
	159	352	808080
	189	258	b0b0b0
	376	435	808080
	434	355	d0d0d0
	346	19	
	548	368	b0b0b0
	598	277	d0d0d0
	418	185	
	306	117	808080
	393	195	d0d0d0
	465	31	808080
	542	238	
	506	92	d0d0d0
	285	401	808080
	451	158	d0d0d0
	223	41	
	185	362	808080
	158	268	
	265	152	b0b0b0
	275	280	
	559	201	808080
	409	119	d0d0d0
	494	95	808080
	219	106	
	318	421	d0d0d0
	139	29	
	327	468	808080
	449	316	
	428	229	d0d0d0
	474	74	b0b0b0
	490	82	
	327	252	d0d0d0
	268	357	b0b0b0
	215	140	d0d0d0
	470	35	808080
	489	376	
	384	142	
	374	68	b0b0b0
	204	213	d0d0d0
	321	267	b0b0b0
	184	306	808080
	242	290	d0d0d0
	205	435	808080
	151	67	b0b0b0
	492	129	808080
	356	121	
	203	437	
	216	50	
	511	156	b0b0b0
	450	437	
line	273	0	273	480	005000
	128	185	608	185	
rect	546	260	562	276	009000
	567	212	579	224	
	627	350	639	362	007000
triangle	628	350	638	360	00c000
diamond	621	339	637	355	00c000
	625	348	641	364	
triangle	628	351	638	361	00c000
plus	459	252	469	262	00c000
triangle	633	344	643	354	00c000
	631	346	641	356	
	627	351	637	361	
	628	350	638	360	
	627	351	637	361	
	628		634	357	
	362	234	372	244	
	633	347	639	353	
	628	350	638	360	
	627		637		
	629	353	635	359	
plus	396	229	406	239	00c000
triangle	635	344	641	350	00c000
	629	354	639	364	
	632	351	638	357	
	633	346	639	352	
rect	453	255	455	257	00c000
	429	239	431	241	
line	169	259	183	265	489048
			181	250	
	183	265			204020
draw	0	0	128	480	/pictures/501.png
	608		640		/pictures/512.png
crop	29	159	35	171	32	36	ff0000	/fonts/computer
	35		41					
	41		47		16			
line	614	362	614	359	00488f
		359	622		
	622			362	002850
		362	614		
rect	615	360	622	362	003870
line	614	456	614	363	007fff
		363	622		
	622			456	00488f
		456	614		
rect	615	364	622	456	0070e0
line	614	231	614	231	909048
			622		
	622				505028
			614		
	614	328		232	ffff7f
		232	622		
	622			328	909048
		328	614		
rect	615	233	622	328	e0e070
line	614	115	614	103	904848
		103	622		
	622			115	502828
		115	614		
rect	615	104	622	115	703838
line	614	200	614	116	ff7f7f
		116	622		
	622			200	904848
		200	614		
rect	615	117	622	200	e07070
line	618	8	629	8	90488f
			618	9	
	629		629		
	618	36		36	
			618	35	
	629		629		
rect	620	10	628	35	703870
		26			c060c0
	634	49	636	52	7fff7f
		53		56	0060c0
		57		60	
		61		64	
		65		68	
		69		72	183018
		73		76	
		77		80	
		81		84	
		85		88	
		89		92	
		93		96	
		97		100	
		101		104	
		105		108	
		109		112	
		113		116	
		117		120	
		121		124	
		125		128	
		129		132	
		133		136	
		137		140	
		141		144	
		145		148	
		149		152	
		153		156	
		157		160	
		161		164	
		165		168	
		169		172	
		173		176	
		177		180	
		181		184	
		185		188	
		189		192	
		193		196	
		197		200	
		201		204	
		205		208	
		209		212	
		213		216	
		217		220	
		221		224	
		225		228	
		229		232	
		233		236	
		237		240	
		241		244	
		245		248	
		249		252	
		253		256	
		257		260	
		261		264	
		265		268	
		269		272	
		273		276	
		277		280	
		281		284	
		285		288	
		289		292	
		293		296	
		297		300	
		301		304	
		305		308	
		309		312	
		313		316	
		317		320	
		321		324	
		325		328	
		329		332	
		333		336	
		337		340	
		341		344	
		345		348	
		349		352	
		353		356	
		357		360	
		361		364	
		365		368	
		369		372	
		373		376	
		377		380	
		381		384	
		385		388	
		389		392	
		393		396	
		397		400	
		401		404	
		405		408	
		409		412	
		413		416	
		417		420	
		421		424	
		425		428	
		429		432	
		433		436	
		437		440	
		441		444	
		445		448	
	621	52	631	56	303000
		57		61	
		62		66	
		67		71	
		72		76	
		77		81	
		82		86	
	7	7	115	115	00ff00
	8	8	114	114	001000
					003000
point	75	59	008000
	104	69	
	98	68	
	87	61	
rect	12	320	121	440	001000
crop	15	320	21	332	16	48	00ff00	/fonts/computer
	21		27		40	60		
	27		33		72	48		
	33		39		96			
	39		45		32			
	45		51		0	24		
	51		57		24	60		
	57		63		64	48		
	63		69		72			
	69		75		0	60		
	75		81		24			
line	12	342	119	342	009000
crop	15	332	21	344	0	60	00ff00	/fonts/computer
	21		27		72	72		
	27		33		24			
	33		39		32	84		
	39		45		120	72		
	45		51		16	84		
	51		57		72	72		
	57		63		24	84		
	63		69		0	24		
	69		75		8	48		
	75		81		96	72		
	81		87		0	84		
	87		93		64	72		
	93		99		8			
	15	344	21	356	48	48		
	21		27		72	72		
	27		33		56			
	33		39		64			
	39		45		32	84		
	45		51		40	72		
	51		57		16	84		
	15	356	21	368	24	48		
	21		27		16	84		
	27		33		40			
	33		39		72	72		
	39		45		24	84		
	45		51		40	72		
	51		57		16	84		
	15	368	21	380	56	48	009000	
	21		27		40	84		
	27		33		112	72		
	33		39		24	84		
	39		45		64	72		
	45		51		72			
	51		57		0	84		
line	12	391	12	380	009000
		380	120		
	120			391	005000
		391	12		
rect	13	381	120	391	007000
crop	15	380	21	392	32	60	00ff00	/fonts/computer
	21		27		16	84		
	27		33		8	72		
	33		39		112			
	39		45		24	84		
	45		51		0			
	51		57		120	72		
	57		63		16	84		
	63		69		32			
line	12	438	119	438	009000
rect	16	450	114	475	001010
line	17	461	17	450	00c0c0
		450	43		
	43			461	007070
		461	17		
rect	18	451	43	461	009090
crop	19	450	25	462	16	60	00ffff	/fonts/computer
	25		31		56	48		
	31		37		64			
	37		43		32	60		
	43		49		0	24		
	49		55		16	48		
	55		61		40	84		
	61		67		72	72		
	67		73		96			
	73		79		32			
line	17	473	17	462	00c0c0
		462	43		
	43			473	007070
		473	17		
rect	18	463	43	473	009090
crop	19	462	25	474	96	48	00ffff	/fonts/computer
	25		31		40			
	31		37		48			
	37		43		32	60		
	43		49		0	24		
	49		55		104	48		
	55		61		8	72		
	61		67		72			
	67		73		112			
	73		79		0	24		
	79		85		104	48		
	85		91		40	72		
	91		97		112			
	97		103		40	84		
line	12	191	12	180	ffff00
		180	120		
	120			191	909000
		191	12		
rect	13	181	120	191	c0c000
crop	15	180	21	192	24	48	000000	/fonts/computer
	21		27		120			
	27		33		112			
	33		39		32	60		
	39		45		16			
	45		51		120	48		
	51		57		96			
	15	192	21	204	56		7fff7f	
	21		27		40	60		
	27		33		112	48		
	33		39		24	60		
	39		45		64	48		
	45		51		72			
	51		57		0	60		
draw	18	206	32	224	/sprites/652.SMIV/0
line	14	204	35	204	489048
			14	205	
	35		35		
	14	225		225	
			14	224	
	35		35		
rect	42	206	49	207	003870
		207		224	0060c0
line	40	204	50	204	00488f
			40	205	
	50		50		
	40	225		225	
			40	224	
	50		50		
rect	55	206	62	207	707000
		207		224	c0c000
line	53	204	63	204	909000
			53	205	
	63		63		
	53	225		225	
			53	224	
	63		63		
crop	69	204	75	216	96	48	7fff7f	/fonts/computer
	75		81		24	60		
	81		87		16			
	87		93		32			
	93		99		40			
	99		105		16			
	105		111					
	111		117		32			
	69	216	75	228	104	48		
	75		81		56			
	81		87		112			
	87		93		32	60		
	93		99		120	48		
	99		105		0	60		
	105		111		96	48		
	111		117		24	60		
line	12	263	12	252	007fff
		252	120		
	120			263	00488f
		263	12		
rect	13	253	120	263	0060c0
crop	15	252	21	264	32	60	000000	/fonts/computer
	21		27		8	48		
	27		33		16	60		
	33		39		56	48		
	39		45		40			
	45		51		32	60		
	15	264	21	276	56	48	7fff7f	
	21		27		40	60		
	27		33		112	48		
	33		39		24	60		
	39		45		64	48		
	45		51		72			
	51		57		0	60		
draw	18	278	32	296	/sprites/652.SMIV/0
line	14	276	35	276	489048
			14	277	
	35		35		
	14	297		297	
			14	296	
	35		35		
rect	42	278	49	279	003870
		279		296	0060c0
line	40	276	50	276	00488f
			40	277	
	50		50		
	40	297		297	
			40	296	
	50		50		
rect	55	278	62	279	707000
		279		296	c0c000
line	53	276	63	276	909000
			53	277	
	63		63		
	53	297		297	
			53	296	
	63		63		
crop	69	276	75	288	96	48	7fff7f	/fonts/computer
	75		81		24	60		
	81		87		16			
	87		93		32			
	93		99		40			
	99		105		16			
	105		111					
	111		117		32			
	69	288	75	300	104	48		
	75		81		56			
	81		87		112			
	87		93		32	60		
	93		99		120	48		
	99		105		0	60		
	105		111		96	48		
	111		117		24	60		
