point	367	57	d0d0d0
	199	168	
	163	466	808080
	417	451	b0b0b0
	484	205	
	549	350	808080
	361	347	b0b0b0
	150	108	808080
	534	453	b0b0b0
	244	198	808080
	537	271	b0b0b0
	424	68	
	141	115	
	469	416	
	488	139	
	203	34	d0d0d0
	249	1	808080
	569	437	d0d0d0
	148	66	b0b0b0
	526	65	d0d0d0
	259	325	b0b0b0
	290	270	
	438	389	d0d0d0
	360	420	
	592	394	808080
	255	397	b0b0b0
	515	207	808080
	359	36	
	591	130	d0d0d0
	264	369	b0b0b0
	347	248	808080
	410	171	b0b0b0
	166	225	808080
	552	467	
	371	199	d0d0d0
	573	422	808080
	579	80	b0b0b0
	224	289	808080
	541	208	b0b0b0
	314	192	808080
	328	124	b0b0b0
	607	262	
	493	444	
	349	57	808080
	446	438	
	416	9	
	443	452	
	358	414	b0b0b0
	257	125	
	453	193	808080
	310	364	b0b0b0
	445	114	d0d0d0
	451	185	
	338	314	808080
	325	111	b0b0b0
	566	65	808080
	166	200	d0d0d0
	515	229	808080
	519	106	b0b0b0
	190	175	808080
	509	297	
	215	262	
	159	435	
	596	295	d0d0d0
	181	387	808080
	573	351	
	256	448	
	157	210	b0b0b0
	163	345	808080
	171	348	d0d0d0
	398	388	b0b0b0
	585	458	d0d0d0
	324	235	b0b0b0
	379	63	
	131	338	808080
	190	341	
	235	242	b0b0b0
	407	425	808080
	495	332	d0d0d0
	387	477	808080
	594	351	b0b0b0
	154	262	808080
	479	163	d0d0d0
	337	107	808080
	455	173	d0d0d0
	496	21	808080
	573	227	
	568	70	d0d0d0
	316	391	808080
	513	135	d0d0d0
	285	19	
	216	351	808080
	189	258	
	312	135	b0b0b0
	322	263	
	590	191	808080
	470	96	d0d0d0
	525	85	808080
	250	96	
	379	398	d0d0d0
	200	6	
	358	458	808080
	480	306	
	489	206	d0d0d0
	521	58	b0b0b0
	536	65	
	389	229	d0d0d0
	315	340	b0b0b0
	277	117	d0d0d0
	501	24	808080
	520	365	
	415	132	
	420	52	b0b0b0
	265	190	d0d0d0
	367	250	b0b0b0
	215	296	808080
	304	268	d0d0d0
	236	425	808080
	197	51	b0b0b0
	523	119	808080
	387	111	
	234	427	
	247	40	
	557	140	b0b0b0
	496	420	
rect	129	0	130	481	005000
	237		238		
	345		346		
	453		454		
	561		562		
	128	104	609	105	
		212		213	
		320		321	
		428		429	
	421	229	437	245	009000
	429	216	441	228	
	447	257	459	269	
	185	246	197	258	900000
	177	191	189	203	
	179	220	195	236	
triangle	448	258	458	268	00c000
diamond	180	212	200	232	c00000
plus	178	193	188	203	c00000
diamond	443	253	459	269	00c000
	445	255	461	271	
triangle	185	217	193	225	c00000
	448	258	458	268	00c000
plus	371	232	381	242	00c000
triangle	183	225	193	235	c00000
	450	256	460	266	00c000
	449	257	459	267	
	448	258	458	268	
					
					
	450	260	456	266	
	192	229	198	235	c00000
	362	234	372	244	00c000
	179	195	187	203	c00000
	187	247	195	255	
	451	258	457	264	00c000
	448		458	268	
					
	184	227	190	233	c00000
	450	260	456	266	00c000
plus	369	232	379	242	00c000
triangle	184	216	192	224	c00000
	451	258	457	264	00c000
	187	252	193	258	c00000
	182	223	190	231	
plus	402	231	412	241	00c000
triangle	449	259	459	269	00c000
	450		456	265	
	451	258	457	264	
	178	193	188	203	c00000
	179		187	201	
	187	216	193	222	
	178	193	186	201	
line	185	320	200	321	489048
			194	308	
	200	321			204020
draw	0	0	128	480	/pictures/501.png
	608		640		/pictures/512.png
crop	29	159	35	171	32	36	ff0000	/fonts/computer
	35		41					
	41		47		16			
rect	614	359	615	363	00488f
			623	360	
	622			363	002850
	614	362			
	615	360	622	362	003870
	614	363	615	457	007fff
			623	364	
	622			457	00488f
	614	456			
	615	364	622	456	0070e0
	614	231	615	232	909048
			623		
	622				505028
	614				
		232	615	329	ffff7f
			623	233	
	622			329	909048
	614	328			
	615	233	622	328	e0e070
	614	103	615	116	904848
			623	104	
	622			116	502828
	614	115			
	615	104	622	115	703838
	614	116	615	201	ff7f7f
			623	117	
	622			201	904848
	614	200			
	615	117	622	200	e07070
	618	8	630	9	90488f
			619	10	
	629		630		
	618	36		37	
		35	619		
	629		630		
	620	10	628	35	703870
		35			c060c0
	634	49	636	52	7fff7f
		53		56	60c060
		57		60	
		61		64	
		65		68	
		69		72	7fff7f
		73		76	60c060
		77		80	
		81		84	
		85		88	703800
		89		92	904800
		93		96	183018
		97		100	
		101		104	
		105		108	
		109		112	
		113		116	
		117		120	
		121		124	
		125		128	
		129		132	
		133		136	
		137		140	
		141		144	
		145		148	
		149		152	
		153		156	
		157		160	
		161		164	
		165		168	
		169		172	
		173		176	
		177		180	
		181		184	
		185		188	
		189		192	
		193		196	
		197		200	
		201		204	
		205		208	
		209		212	
		213		216	
		217		220	
		221		224	
		225		228	
		229		232	
		233		236	
		237		240	
		241		244	
		245		248	
		249		252	
		253		256	
		257		260	
		261		264	
		265		268	
		269		272	
		273		276	
		277		280	
		281		284	
		285		288	
		289		292	
		293		296	
		297		300	
		301		304	
		305		308	
		309		312	
		313		316	
		317		320	
		321		324	
		325		328	
		329		332	
		333		336	
		337		340	
		341		344	
		345		348	
		349		352	
		353		356	
		357		360	
		361		364	
		365		368	
		369		372	
		373		376	
		377		380	
		381		384	
		385		388	
		389		392	
		393		396	
		397		400	
		401		404	
		405		408	
		409		412	
		413		416	
		417		420	
		421		424	
		425		428	
		429		432	
		433		436	
		437		440	
		441		444	
		445		448	
	621	52	631	56	303000
		57		61	
		62		66	
		67		71	
		72		76	
		77		81	
		82		86	
	7	7	115	115	00ff00
	8	8	114	114	001000
					003000
point	71	58	008000
	72	57	
rect	12	320	121	440	001000
crop	15	320	21	332	16	48	00ff00	/fonts/computer
	21		27		40	60		
	27		33		72	48		
	33		39		96			
	39		45		32			
	45		51		0	24		
	51		57		24	60		
	57		63		64	48		
	63		69		72			
	69		75		0	60		
	75		81		24			
rect	12	342	120	343	009000
crop	15	332	21	344	0	60	00ff00	/fonts/computer
	21		27		72	72		
	27		33		24			
	33		39		32	84		
	39		45		120	72		
	45		51		16	84		
	51		57		72	72		
	57		63		24	84		
	63		69		0	24		
	69		75		8	48		
	75		81		96	72		
	81		87		0	84		
	87		93		64	72		
	93		99		8			
	15	344	21	356	48	48		
	21		27		72	72		
	27		33		56			
	33		39		64			
	39		45		32	84		
	45		51		40	72		
	51		57		16	84		
	15	356	21	368	24	48		
	21		27		16	84		
	27		33		40			
	33		39		72	72		
	39		45		24	84		
	45		51		40	72		
	51		57		16	84		
rect	12	368	13	380	009000
			121	369	
	120			380	005000
	12	379			
	13	369	120	379	007000
crop	15	368	21	380	56	48	003000	/fonts/computer
	21		27		40	84		
	27		33		112	72		
	33		39		24	84		
	39		45		64	72		
	45		51		72			
	51		57		0	84		
	15	380	21	392	32	60	00ff00	
	21		27		16	84		
	27		33		8	72		
	33		39		112			
	39		45		24	84		
	45		51		0			
	51		57		120	72		
	57		63		16	84		
	63		69		32			
rect	12	438	120	439	009000
	16	450	114	475	001010
	17		18	462	00c0c0
			44	451	
	43			462	007070
	17	461			
	18	451	43	461	009090
crop	19	450	25	462	16	60	00ffff	/fonts/computer
	25		31		56	48		
	31		37		64			
	37		43		32	60		
	43		49		0	24		
	49		55		16	48		
	55		61		40	84		
	61		67		72	72		
	67		73		96			
	73		79		32			
rect	17	462	18	474	00c0c0
			44	463	
	43			474	007070
	17	473			
	18	463	43	473	009090
crop	19	462	25	474	96	48	00ffff	/fonts/computer
	25		31		40			
	31		37		48			
	37		43		32	60		
	43		49		0	24		
	49		55		104	48		
	55		61		8	72		
	61		67		72			
	67		73		112			
	73		79		0	24		
	79		85		104	48		
	85		91		40	72		
	91		97		112			
	97		103		40	84		
rect	12	180	13	192	ffff00
			121	181	
	120			192	909000
	12	191			
	13	181	120	191	c0c000
crop	15	180	21	192	24	48	000000	/fonts/computer
	21		27		120			
	27		33		112			
	33		39		32	60		
	39		45		16			
	45		51		120	48		
	51		57		96			
	15	192	21	204	56		7fff7f	
	21		27		40	60		
	27		33		112	48		
	33		39		24	60		
	39		45		64	48		
	45		51		72			
	51		57		0	60		
draw	18	206	32	224	/sprites/652.SMIV/0
rect	14	204	36	205	489048
			15	206	
	35		36		
	14	225		226	
		224	15		
	35		36		
	42	206	49	207	003870
		207		224	0060c0
	40	204	51	205	00488f
			41	206	
	50		51		
	40	225		226	
		224	41		
	50		51		
	55	206	62	207	707000
		207		224	c0c000
	53	204	64	205	909000
			54	206	
	63		64		
	53	225		226	
		224	54		
	63		64		
crop	69	204	75	216	96	48	7fff7f	/fonts/computer
	75		81		24	60		
	81		87		16			
	87		93		32			
	93		99		40			
	99		105		16			
	105		111					
	111		117		32			
	69	216	75	228	104	48		
	75		81		56			
	81		87		112			
	87		93		32	60		
	93		99		120	48		
	99		105		0	60		
	105		111		96	48		
	111		117		24	60		
	12	228	18	240	0		00ff00	
	18		24		120	72		
	24		30		56	84		
	30		36		40	72		
	36		42		16	84		
	42		48		0	24		
	48		54		24	60		
	54		60		32	84		
	60		66		8	72		
	66		72		32	84		
	72		78		72	72		
	78		84		120			
	84		90		112			
	90		96		0	24		
	96		102		16	48		
	102		108		0	60		
	108		114		8	36		
rect	12	252	13	264	007fff
			121	253	
	120			264	00488f
	12	263			
	13	253	120	263	0060c0
crop	15	252	21	264	32	60	000000	/fonts/computer
	21		27		8	48		
	27		33		16	60		
	33		39		56	48		
	39		45		40			
	45		51		32	60		
	15	264	21	276	0		7fff7f	
	21		27		120	72		
	27		33		56	84		
	33		39		40	72		
	39		45		16	84		
	45		51		0	24		
	51		57		24	60		
	57		63		32	84		
	63		69		8	72		
	69		75		32	84		
	75		81		72	72		
	81		87		120			
	87		93		112			
	93		99		0	24		
	99		105		16	48		
	105		111		0	60		
	111		117		8	36		
draw	16	279	34	295	/sprites/564.SMIV/0
rect	14	276	36	277	489048
			15	278	
	35		36		
	14	297		298	
		296	15		
	35		36		
	42	278	49	292	003870
		292		296	0060c0
	40	276	51	277	00488f
			41	278	
	50		51		
	40	297		298	
		296	41		
	50		51		
