point	389	48	d0d0d0
	221	158	
	174	462	808080
	433	444	b0b0b0
	500	198	
	560	346	808080
	377	340	b0b0b0
	160	104	808080
	551	446	b0b0b0
	255	194	808080
	553	265	b0b0b0
	441	61	
	157	108	
	486	410	
	504	132	
	225	25	d0d0d0
	501	475	b0b0b0
	592	428	d0d0d0
	164	60	b0b0b0
	548	56	d0d0d0
	276	318	b0b0b0
	306	263	
	460	379	d0d0d0
	383	410	
	603	389	808080
	272	391	b0b0b0
	526	203	808080
	370	32	
	131	228	
	280	362	b0b0b0
	358	244	808080
	426	165	b0b0b0
	177	221	808080
	563	463	
	393	190	d0d0d0
	584	418	808080
	596	73	b0b0b0
	235	285	808080
	558	202	b0b0b0
	325	188	808080
	345	117	b0b0b0
	144	105	
	509	437	
	360	53	808080
	457	434	
	426	5	
	454	448	
	374	408	b0b0b0
	274	119	
	464	189	808080
	326	357	b0b0b0
	467	104	d0d0d0
	473	176	
	349	310	808080
	342	104	b0b0b0
	577	61	808080
	188	190	d0d0d0
	525	225	808080
	536	99	b0b0b0
	201	171	808080
	519	293	
	225	258	
	170	431	
	136	96	b0b0b0
	192	383	808080
	583	347	
	267	444	
	174	203	b0b0b0
		341	808080
	193	339	d0d0d0
	414	382	b0b0b0
	607	449	d0d0d0
	340	228	b0b0b0
	395	56	
	141	333	808080
	201	337	
	251	235	b0b0b0
	418	421	808080
	518	323	d0d0d0
	397	472	808080
	131	388	b0b0b0
	164	258	808080
	501	153	d0d0d0
	348	103	808080
	477	164	d0d0d0
	507	16	808080
	583	223	
	590	61	d0d0d0
	327	387	808080
	535	126	d0d0d0
	307	9	
	227	347	808080
	199	254	
	328	128	b0b0b0
	338	256	
	600	187	808080
	493	87	d0d0d0
	536	81	808080
	261	92	
	401	389	d0d0d0
	151	476	
	369	454	808080
	491	302	
	511	197	d0d0d0
	537	51	b0b0b0
	553	59	
	411	220	d0d0d0
	331	333	b0b0b0
	299	108	d0d0d0
	512	20	808080
	531	361	
	426	128	
	437	45	b0b0b0
	287	181	d0d0d0
	384	243	b0b0b0
	225	292	808080
	326	258	d0d0d0
	247	421	808080
	214	44	b0b0b0
	534	115	808080
	398	107	
	245	423	
	258	36	
	573	133	b0b0b0
	512	413	
rect	246	0	247	481	005000
	366		367		
	486		487		
	606		607		
	128	78	609	79	
		198		199	
		318		319	
		438		439	
	452	218	468	234	009000
	461	203	473	215	
	481	249	493	261	
	189	237	201	249	900000
	181	176	193	188	
	183	208	199	224	
triangle	482	250	492	260	00c000
diamond	182	211	202	231	c00000
plus	182	178	192	188	c00000
diamond	476	245	492	261	00c000
	479	248	495	264	
triangle	190	216	198	224	c00000
	482	250	492	260	00c000
plus	381	227	391	237	00c000
triangle	188	213	198	223	c00000
	484	248	494	258	00c000
	483	249	493	259	
	482	250	492	260	
					
					
	483	252	489	258	
	190	241	196	247	c00000
	363	235	373	245	00c000
	182	180	190	188	c00000
	191	238	199	246	
	484	251	490	257	00c000
	482	250	492	260	
					
	188	216	194	222	c00000
	484	252	490	258	00c000
plus	380	228	390	238	00c000
triangle	189	214	197	222	c00000
	484	250	490	256	00c000
	192	243	198	249	c00000
	186	211	194	219	
plus	415	222	425	232	00c000
triangle	482	252	492	262	00c000
	484	251	490	257	
		250		256	
	181	178	191	188	c00000
	183			186	
	190	216	196	222	
	181	178	189	186	
line	173	281	188	285	489048
			184	271	
	188	285			204020
draw	0	0	128	480	/pictures/501.png
	608		640		/pictures/512.png
crop	29	159	35	171	32	36	ff0000	/fonts/computer.png
	35		41					
	41		47		16			
rect	614	359	615	363	00488f
			623	360	
	622			363	002850
	614	362			
	615	360	622	362	003870
	614	363	615	457	007fff
			623	364	
	622			457	00488f
	614	456			
	615	364	622	456	0070e0
	614	231	615	232	909048
			623		
	622				505028
	614				
		232	615	329	ffff7f
			623	233	
	622			329	909048
	614	328			
	615	233	622	328	e0e070
	614	103	615	116	904848
			623	104	
	622			116	502828
	614	115			
	615	104	622	115	703838
	614	116	615	201	ff7f7f
			623	117	
	622			201	904848
	614	200			
	615	117	622	200	e07070
	618	8	630	9	90488f
			619	10	
	629		630		
	618	36		37	
		35	619		
	629		630		
	620	10	628	35	703870
		13			c060c0
	634	49	636	52	904800
		53		56	703800
		57		60	
		61		64	
		65		68	
		69		72	904800
		73		76	703800
		77		80	
		81		84	
		85		88	
		89		92	904800
		93		96	183018
		97		100	
		101		104	
		105		108	
		109		112	
		113		116	
		117		120	
		121		124	
		125		128	
		129		132	
		133		136	
		137		140	
		141		144	
		145		148	
		149		152	
		153		156	
		157		160	
		161		164	
		165		168	
		169		172	
		173		176	
		177		180	
		181		184	
		185		188	
		189		192	
		193		196	
		197		200	
		201		204	
		205		208	
		209		212	
		213		216	
		217		220	
		221		224	
		225		228	
		229		232	
		233		236	
		237		240	
		241		244	
		245		248	
		249		252	
		253		256	
		257		260	
		261		264	
		265		268	
		269		272	
		273		276	
		277		280	
		281		284	
		285		288	
		289		292	
		293		296	
		297		300	
		301		304	
		305		308	
		309		312	
		313		316	
		317		320	
		321		324	
		325		328	
		329		332	
		333		336	
		337		340	
		341		344	
		345		348	
		349		352	
		353		356	
		357		360	
		361		364	
		365		368	
		369		372	
		373		376	
		377		380	
		381		384	
		385		388	
		389		392	
		393		396	
		397		400	
		401		404	
		405		408	
		409		412	
		413		416	
		417		420	
		421		424	
		425		428	
		429		432	
		433		436	
		437		440	
		441		444	
		445		448	
	621	52	631	56	303000
		57		61	
		62		66	
		67		71	
		72		76	
		77		81	
		82		86	
	7	7	115	115	00ff00
	8	8	114	114	001000
					003000
point	84	52	008000
	85	51	
rect	12	320	121	440	001000
		342	120	343	009000
		368	13	380	
			121	369	
	120			380	005000
	12	379			
	13	369	120	379	007000
	12	438		439	009000
	16	450	114	475	001010
	17		18	462	00c0c0
			44	451	
	43			462	007070
	17	461			
	18	451	43	461	009090
	17	462	18	474	00c0c0
			44	463	
	43			474	007070
	17	473			
	18	463	43	473	009090
crop	15	320	21	332	16	48	00ff00	/fonts/computer.png
	21		27		40	60		
	27		33		72	48		
	33		39		96			
	39		45		32			
	45		51		0	24		
	51		57		24	60		
	57		63		64	48		
	63		69		72			
	69		75		0	60		
	75		81		24			
	15	332	21	344	0			
	21		27		72	72		
	27		33		24			
	33		39		32	84		
	39		45		120	72		
	45		51		16	84		
	51		57		72	72		
	57		63		24	84		
	63		69		0	24		
	69		75		8	48		
	75		81		96	72		
	81		87		0	84		
	87		93		64	72		
	93		99		8			
	15	344	21	356	48	48	009000	
	21		27		72	72		
	27		33		56			
	33		39		64			
	39		45		32	84		
	45		51		40	72		
	51		57		16	84		
	15	356	21	368	24	48		
	21		27		16	84		
	27		33		40			
	33		39		72	72		
	39		45		24	84		
	45		51		40	72		
	51		57		16	84		
	15	368	21	380	56	48	003000	
	21		27		40	84		
	27		33		112	72		
	33		39		24	84		
	39		45		64	72		
	45		51		72			
	51		57		0	84		
	15	380	21	392	32	60	009000	
	21		27		16	84		
	27		33		8	72		
	33		39		112			
	39		45		24	84		
	45		51		0			
	51		57		120	72		
	57		63		16	84		
	63		69		32			
	19	450	25	462	16	60	00ffff	
	25		31		56	48		
	31		37		64			
	37		43		32	60		
	43		49		0	24		
	49		55		16	48		
	55		61		40	84		
	61		67		72	72		
	67		73		96			
	73		79		32			
	19	462	25	474	96	48		
	25		31		40			
	31		37		48			
	37		43		32	60		
	43		49		0	24		
	49		55		104	48		
	55		61		8	72		
	61		67		72			
	67		73		112			
	73		79		0	24		
	79		85		104	48		
	85		91		40	72		
	91		97		112			
	97		103		40	84		
rect	12	180	13	192	ffff00
			121	181	
	120			192	909000
	12	191			
	13	181	120	191	c0c000
crop	15	180	21	192	24	48	000000	/fonts/computer.png
	21		27		120			
	27		33		112			
	33		39		32	60		
	39		45		16			
	45		51		120	48		
	51		57		96			
	15	192	21	204	56		7fff7f	
	21		27		40	60		
	27		33		112	48		
	33		39		24	60		
	39		45		64	48		
	45		51		72			
	51		57		0	60		
	18	206	32	224	16	3	ffffff	/sprites/...
rect	14	204	36	205	489048
			15	206	
	35		36		
	14	225		226	
		224	15		
	35		36		
	42	206	49	207	003870
		207		224	0060c0
	40	204	51	205	00488f
			41	206	
	50		51		
	40	225		226	
		224	41		
	50		51		
	55	206	62	207	707000
		207		224	c0c000
	53	204	64	205	909000
			54	206	
	63		64		
	53	225		226	
		224	54		
	63		64		
crop	69	204	75	216	96	48	7fff7f	/fonts/computer.png
	75		81		24	60		
	81		87		16			
	87		93		32			
	93		99		40			
	99		105		16			
	105		111					
	111		117		32			
	69	216	75	228	104	48		
	75		81		56			
	81		87		112			
	87		93		32	60		
	93		99		120	48		
	99		105		0	60		
	105		111		96	48		
	111		117		24	60		
	12	228	18	240	0		00ff00	
	18		24		120	72		
	24		30		56	84		
	30		36		40	72		
	36		42		16	84		
	42		48		0	24		
	48		54		24	60		
	54		60		32	84		
	60		66		8	72		
	66		72		32	84		
	72		78		72	72		
	78		84		120			
	84		90		112			
	90		96		0	24		
	96		102		16	48		
	102		108		0	60		
	108		114		8	36		
rect	12	252	13	264	007fff
			121	253	
	120			264	00488f
	12	263			
	13	253	120	263	0060c0
crop	15	252	21	264	32	60	000000	/fonts/computer.png
	21		27		8	48		
	27		33		16	60		
	33		39		56	48		
	39		45		40			
	45		51		32	60		
	15	264	21	276	0		7fff7f	
	21		27		120	72		
	27		33		56	84		
	33		39		40	72		
	39		45		16	84		
	45		51		0	24		
	51		57		24	60		
	57		63		32	84		
	63		69		8	72		
	69		75		32	84		
	75		81		72	72		
	81		87		120			
	87		93		112			
	93		99		0	24		
	99		105		16	48		
	105		111		0	60		
	111		117		8	36		
	16	279	34	295	0	0	ffffff	/sprites/...
rect	14	276	36	277	489048
			15	278	
	35		36		
	14	297		298	
		296	15		
	35		36		
	42	278	49	292	003870
		292		296	0060c0
	40	276	51	277	00488f
			41	278	
	50		51		
	40	297		298	
		296	41		
	50		51		
