point	398	49	d0d0d0
	230	159	
	178	462	808080
	440	444	b0b0b0
	507	198	
	564	346	808080
	384	341	b0b0b0
	165	104	808080
	557	447	b0b0b0
	259	194	808080
	560	265	b0b0b0
	447	61	
	164	109	
	492	410	
	511	132	
	234	26	d0d0d0
	508	475	b0b0b0
	600	428	d0d0d0
	171	60	b0b0b0
	557	56	d0d0d0
	282	318	b0b0b0
	313	264	
	469	380	d0d0d0
	391	411	
	607	390	808080
	278	391	b0b0b0
	530	203	808080
	374	32	
	135	228	
	287	362	b0b0b0
	362	244	808080
	433	165	b0b0b0
	181	221	808080
	567	463	
	402	191	d0d0d0
	588	418	808080
	602	74	b0b0b0
	239	285	808080
	564	202	b0b0b0
	329	188	808080
	351	118	b0b0b0
	151	106	
	516	437	
	364	53	808080
	461	434	
	431	5	
	458	448	
	381	408	b0b0b0
	280	119	
	468	189	808080
	333	358	b0b0b0
	476	105	d0d0d0
	482	176	
	353	310	808080
	348	105	b0b0b0
	581	61	808080
	197	191	d0d0d0
	530	225	808080
	542	99	b0b0b0
	205	171	808080
	524	293	
	230	258	
	174	431	
	142	96	b0b0b0
	196	383	808080
	588	347	
	271	444	
	180	204	b0b0b0
	178	341	808080
	202	339	d0d0d0
	421	382	b0b0b0
	134	278	
	347	229	
	402	56	
	146	334	808080
	205	337	
	258	235	b0b0b0
	422	421	808080
	527	323	d0d0d0
	402	473	808080
	138	388	b0b0b0
	169	258	808080
	510	154	d0d0d0
	352	103	808080
	486	164	d0d0d0
	511	17	808080
	588	223	
	599	61	d0d0d0
	331	387	808080
	544	126	d0d0d0
	316	10	
	231	347	808080
	204	254	
	335	129	b0b0b0
	345	257	
	605	187	808080
	501	87	d0d0d0
	540	81	808080
	265	92	
	410	389	d0d0d0
	159	476	
	373	454	808080
	495	302	
	520	197	d0d0d0
	544	51	b0b0b0
	559	59	
	420	221	d0d0d0
	338	334	b0b0b0
	308	108	d0d0d0
	516	20	808080
	535	361	
	430	128	
	443	45	b0b0b0
	296	182	d0d0d0
	390	244	b0b0b0
	230	292	808080
	335	259	d0d0d0
	251	421	808080
	220	44	b0b0b0
	538	115	808080
	402	107	
	249	423	
	262	36	
	580	133	b0b0b0
	519	414	
line	249	0	249	480	005000
	375		375		
	501		501		
	128	71	608	71	
		197		197	
		323		323	
		449		449	
rect	466	218	482	234	009000
	475	202	487	214	
	496	251	508	263	007000
	190	238	202	250	900000
	181	173	193	185	
	184	208	200	224	
triangle	497	252	507	262	00c000
diamond	182	214	202	234	c00000
plus	182	175	192	185	c00000
diamond	491	246	507	262	00c000
	494	249	510	265	
triangle	191	220	199	228	c00000
	497	252	507	262	00c000
plus	386	229	396	239	00c000
triangle	188	212	198	222	c00000
	499	249	509	259	00c000
	498	250	508	260	
	497	252	507	262	
					
					
	498	253	504	259	
	190	241	196	247	c00000
	362	234	372	244	00c000
	182	177	190	185	c00000
	192	238	200	246	
	499	252	505	258	00c000
	497		507	262	
					
	189	215	195	221	c00000
	499	254	505	260	00c000
plus	385	229	395	239	00c000
triangle	189	218	197	226	c00000
	499	251	505	257	00c000
	192	244	198	250	c00000
	187	211	195	219	
plus	421	223	431	233	00c000
triangle	498	253	508	263	00c000
	499	252	505	258	
		251		257	
	181	175	191	185	c00000
	183			183	
	190	219	196	225	
	181	175	189	183	
line	171	208	183	218	489048
			185	203	
	183	218			204020
draw	0	0	128	480	/pictures/501.png
	608		640		/pictures/512.png
tint	29	159	37	172	ff0000	/font/5001/34
	35		43			
	41		49			/font/5001/32
line	614	362	614	359	00488f
		359	622		
	622			362	002850
		362	614		
rect	615	360	622	362	003870
line	614	456	614	363	007fff
		363	622		
	622			456	00488f
		456	614		
rect	615	364	622	456	0070e0
line	614	231	614	231	909048
			622		
	622				505028
			614		
	614	328		232	ffff7f
		232	622		
	622			328	909048
		328	614		
rect	615	233	622	328	e0e070
line	614	115	614	103	904848
		103	622		
	622			115	502828
		115	614		
rect	615	104	622	115	703838
line	614	200	614	116	ff7f7f
		116	622		
	622			200	904848
		200	614		
rect	615	117	622	200	e07070
line	618	8	629	8	90488f
			618	9	
	629		629		
	618	36		36	
			618	35	
	629		629		
rect	620	10	628	35	703870
		18			c060c0
	634	49	636	52	7fff7f
		53		56	703800
		57		60	
		61		64	
		65		68	
		69		72	904800
		73		76	703800
		77		80	
		81		84	
		85		88	
		89		92	904800
		93		96	183018
		97		100	
		101		104	
		105		108	
		109		112	
		113		116	
		117		120	
		121		124	
		125		128	
		129		132	
		133		136	
		137		140	
		141		144	
		145		148	
		149		152	
		153		156	
		157		160	
		161		164	
		165		168	
		169		172	
		173		176	
		177		180	
		181		184	
		185		188	
		189		192	
		193		196	
		197		200	
		201		204	
		205		208	
		209		212	
		213		216	
		217		220	
		221		224	
		225		228	
		229		232	
		233		236	
		237		240	
		241		244	
		245		248	
		249		252	
		253		256	
		257		260	
		261		264	
		265		268	
		269		272	
		273		276	
		277		280	
		281		284	
		285		288	
		289		292	
		293		296	
		297		300	
		301		304	
		305		308	
		309		312	
		313		316	
		317		320	
		321		324	
		325		328	
		329		332	
		333		336	
		337		340	
		341		344	
		345		348	
		349		352	
		353		356	
		357		360	
		361		364	
		365		368	
		369		372	
		373		376	
		377		380	
		381		384	
		385		388	
		389		392	
		393		396	
		397		400	
		401		404	
		405		408	
		409		412	
		413		416	
		417		420	
		421		424	
		425		428	
		429		432	
		433		436	
		437		440	
		441		444	
		445		448	
	621	52	631	56	303000
		57		61	
		62		66	
		67		71	
		72		76	
		77		81	
		82		86	
	7	7	115	115	00ff00
	8	8	114	114	001000
					003000
point	89	54	008000
	90	53	
rect	12	320	121	440	001000
tint	15	320	23	333	00ff00	/font/5001/42
	21		29			/font/5001/55
	27		35			/font/5001/49
	33		41			/font/5001/4c
	39		47			/font/5001/44
	45		53			/font/5001/20
	51		59			/font/5001/53
	57		65			/font/5001/48
	63		71			/font/5001/49
	69		77			/font/5001/50
	75		83			/font/5001/53
line	12	342	119	342	009000
tint	15	332	23	345	00ff00	/font/5001/50
	21		29			/font/5001/69
	27		35			/font/5001/63
	33		41			/font/5001/74
	39		47			/font/5001/6f
	45		53			/font/5001/72
	51		59			/font/5001/69
	57		65			/font/5001/73
	63		71			/font/5001/20
	69		77			/font/5001/41
	75		83			/font/5001/6c
	81		89			/font/5001/70
	87		95			/font/5001/68
	93		101			/font/5001/61
	15	344	23	357	009000	/font/5001/46
	21		29			/font/5001/69
	27		35			/font/5001/67
	33		41			/font/5001/68
	39		47			/font/5001/74
	45		53			/font/5001/65
	51		59			/font/5001/72
	15	356	23	369		/font/5001/43
	21		29			/font/5001/72
	27		35			/font/5001/75
	33		41			/font/5001/69
	39		47			/font/5001/73
	45		53			/font/5001/65
	51		59			/font/5001/72
line	12	379	12	368	009000
		368	120		
	120			379	005000
		379	12		
rect	13	369	120	379	007000
tint	15	368	23	381	003000	/font/5001/47
	21		29			/font/5001/75
	27		35			/font/5001/6e
	33		41			/font/5001/73
	39		47			/font/5001/68
	45		53			/font/5001/69
	51		59			/font/5001/70
	15	380	23	393	009000	/font/5001/54
	21		29			/font/5001/72
	27		35			/font/5001/61
	33		41			/font/5001/6e
	39		47			/font/5001/73
	45		53			/font/5001/70
	51		59			/font/5001/6f
	57		65			/font/5001/72
	63		71			/font/5001/74
line	12	438	119	438	009000
rect	16	450	114	475	001010
line	17	461	17	450	00c0c0
		450	43		
	43			461	007070
		461	17		
rect	18	451	43	461	009090
tint	19	450	27	463	00ffff	/font/5001/52
	25		33			/font/5001/47
	31		39			/font/5001/48
	37		45			/font/5001/54
	43		51			/font/5001/20
	49		57			/font/5001/42
	55		63			/font/5001/75
	61		69			/font/5001/69
	67		75			/font/5001/6c
	73		81			/font/5001/64
line	17	473	17	462	00c0c0
		462	43		
	43			473	007070
		473	17		
rect	18	463	43	473	009090
tint	19	462	27	475	00ffff	/font/5001/4c
	25		33			/font/5001/45
	31		39			/font/5001/46
	37		45			/font/5001/54
	43		51			/font/5001/20
	49		57			/font/5001/4d
	55		63			/font/5001/61
	61		69			/font/5001/69
	67		75			/font/5001/6e
	73		81			/font/5001/20
	79		87			/font/5001/4d
	85		93			/font/5001/65
	91		99			/font/5001/6e
	97		105			/font/5001/75
line	12	191	12	180	ffff00
		180	119		
	119			191	909000
		191	12		
rect	13	181	119	191	c0c000
tint	15	180	23	193	000000	/font/5001/43
	21		29			/font/5001/4f
	27		35			/font/5001/4e
	33		41			/font/5001/54
	39		47			/font/5001/52
	45		53			/font/5001/4f
	51		59			/font/5001/4c
	15	192	23	205	7fff7f	/font/5001/47
	21		29			/font/5001/55
	27		35			/font/5001/4e
	33		41			/font/5001/53
	39		47			/font/5001/48
	45		53			/font/5001/49
	51		59			/font/5001/50
draw	18	206	32	224	/sprites/652.SMIV/0
line	14	204	35	204	489048
			14	205	
	35		35		
	14	225		225	
			14	224	
	35		35		
rect	42	206	49	207	003870
		207		224	0060c0
line	40	204	50	204	00488f
			40	205	
	50		50		
	40	225		225	
			40	224	
	50		50		
rect	55	206	62	207	707000
		207		224	c0c000
line	53	204	63	204	909000
			53	205	
	63		63		
	53	225		225	
			53	224	
	63		63		
tint	69	204	77	217	7fff7f	/font/5001/4c
	75		83			/font/5001/53
	81		89			/font/5001/52
	87		95			/font/5001/54
	93		101			/font/5001/55
	99		107			/font/5001/52
	105		113			
	111		119			/font/5001/54
	69	216	77	229		/font/5001/4d
	75		83			/font/5001/47
	81		89			/font/5001/4e
	87		95			/font/5001/54
	93		101			/font/5001/4f
	99		107			/font/5001/50
	105		113			/font/5001/4c
	111		119			/font/5001/53
	12	228	20	241	00ff00	/font/5001/50
	18		26			/font/5001/6f
	24		32			/font/5001/77
	30		38			/font/5001/65
	36		44			/font/5001/72
	42		50			/font/5001/20
	48		56			/font/5001/53
	54		62			/font/5001/74
	60		68			/font/5001/61
	66		74			/font/5001/74
	72		80			/font/5001/69
	78		86			/font/5001/6f
	84		92			/font/5001/6e
	90		98			/font/5001/20
	96		104			/font/5001/42
	102		110			/font/5001/50
	108		116			/font/5001/31
line	12	263	12	252	007fff
		252	119		
	119			263	00488f
		263	12		
rect	13	253	119	263	0060c0
tint	15	252	23	265	000000	/font/5001/54
	21		29			/font/5001/41
	27		35			/font/5001/52
	33		41			/font/5001/47
	39		47			/font/5001/45
	45		53			/font/5001/54
	15	264	23	277	7fff7f	/font/5001/50
	21		29			/font/5001/6f
	27		35			/font/5001/77
	33		41			/font/5001/65
	39		47			/font/5001/72
	45		53			/font/5001/20
	51		59			/font/5001/53
	57		65			/font/5001/74
	63		71			/font/5001/61
	69		77			/font/5001/74
	75		83			/font/5001/69
	81		89			/font/5001/6f
	87		95			/font/5001/6e
	93		101			/font/5001/20
	99		107			/font/5001/42
	105		113			/font/5001/50
	111		119			/font/5001/31
draw	16	279	34	295	/sprites/564.SMIV/0
line	14	276	35	276	489048
			14	277	
	35		35		
	14	297		297	
			14	296	
	35		35		
rect	42	278	49	292	003870
		292		296	0060c0
line	40	276	50	276	00488f
			40	277	
	50		50		
	40	297		297	
			40	296	
	50		50		
