point	422	52	d0d0d0
	254	162	
	190	463	808080
	458	447	b0b0b0
	525	201	
	576	347	808080
	401	343	b0b0b0
	176	105	808080
	575	449	b0b0b0
	271	195	808080
	577	267	b0b0b0
	465	64	
	182	111	
	510	412	
	528	135	
	258	29	d0d0d0
	525	477	b0b0b0
	136	432	808080
	189	62	b0b0b0
	581	60	d0d0d0
	300	321	b0b0b0
	330	266	
	493	383	d0d0d0
	415	414	
	140	418	808080
	296	393	b0b0b0
	542	204	808080
	386	33	
	147	230	
	305	365	b0b0b0
	374	245	808080
	451	167	b0b0b0
	193	222	808080
	579	465	
	426	194	d0d0d0
	600	419	808080
	145	239	d0d0d0
	251	287	808080
	582	204	b0b0b0
	341	189	808080
	369	120	b0b0b0
	169	108	
	533	440	
	376	54	808080
	473	435	
	442	6	
	470	450	
	398	410	b0b0b0
	298	121	
	480	191	808080
	350	360	b0b0b0
	500	108	d0d0d0
	506	179	
	365	311	808080
	366	107	b0b0b0
	592	62	808080
	221	194	d0d0d0
	541	226	808080
	560	102	b0b0b0
	217	172	808080
	535	294	
	241	259	
	186	433	
	160	99	b0b0b0
	208	384	808080
	599	348	
	283	445	
	198	206	b0b0b0
	190	342	808080
	226	343	d0d0d0
	439	384	b0b0b0
	152	281	
	364	231	
	420	59	
	157	335	808080
	217	338	
	276	237	b0b0b0
	434	422	808080
	551	327	d0d0d0
	413	474	808080
	156	391	b0b0b0
	180	259	808080
	534	157	d0d0d0
	364	104	808080
	510	168	d0d0d0
	523	18	808080
	599	224	
	135	223	
	343	388	
	568	130	d0d0d0
	340	13	
	243	349	808080
	215	255	
	352	131	b0b0b0
	362	259	
	137	261	808080
	525	91	d0d0d0
	552	82	808080
	277	93	
	434	393	d0d0d0
	454	0	b0b0b0
	385	455	808080
	506	303	
	544	201	d0d0d0
	561	54	b0b0b0
	577	61	
	444	224	d0d0d0
	355	336	b0b0b0
	332	112	d0d0d0
	528	21	808080
	547	362	
	442	129	
	461	47	b0b0b0
	320	185	d0d0d0
	408	246	b0b0b0
	241	293	808080
	359	262	d0d0d0
	263	422	808080
	238	47	b0b0b0
	550	116	808080
	414	108	
	261	424	
	274	37	
	598	136	b0b0b0
	537	416	
rect	257	0	258	481	005000
	403		404		
	549		550		
	128	48	609	49	
		194		195	
		340		341	
	509	220	525	236	009000
	519	201	531	213	
	544	257	556	269	005000
	189	242	201	254	900000
	178	168	190	180	
	182	208	198	224	
triangle	545	259	555	269	00c000
diamond	179	218	199	238	c00000
plus	180	170	190	180	c00000
diamond	539	253	555	269	00c000
	542	255	558	271	
triangle	189	225	197	233	c00000
	545	258	555	268	00c000
plus	400	234	410	244	00c000
triangle	187	213	197	223	c00000
	547	256	557	266	00c000
	546	257	556	267	
	545	258	555	268	
					
					
	546	260	552	266	
	189	246	195	252	c00000
	362	234	372	244	00c000
	180	172	188	180	c00000
	191	243	199	251	
	547	258	553	264	00c000
	545		555	268	
					
	187	216	193	222	c00000
	547	260	553	266	00c000
plus	399	235	409	245	00c000
triangle	187	223	195	231	c00000
	546	258	552	264	00c000
	191	249	197	255	c00000
	185	211	193	219	
plus	441	227	451	237	00c000
triangle	545	260	555	270	00c000
	546	259	552	265	
	547	258	553	264	
	179	170	189	180	c00000
	180		188	178	
	188	225	194	231	
	179	170	187	178	
line	171	208	183	218	489048
			185	203	
	183	218			204020
draw	0	-144	128	624	/pictures/501.png
	608		640		/pictures/512.png
crop	29	159	35	171	32	36	ff0000	/fonts/computer.png
	35		41					
	41		47		16			
rect	614	359	615	363	00488f
			623	360	
	622			363	002850
	614	362			
	615	360	622	362	003870
	614	363	615	457	007fff
			623	364	
	622			457	00488f
	614	456			
	615	364	622	456	0070e0
	614	231	615	232	909048
			623		
	622				505028
	614				
		232	615	329	ffff7f
			623	233	
	622			329	909048
	614	328			
	615	233	622	328	e0e070
	614	103	615	116	904848
			623	104	
	622			116	502828
	614	115			
	615	104	622	115	703838
	614	116	615	201	ff7f7f
			623	117	
	622			201	904848
	614	200			
	615	117	622	200	e07070
	618	8	630	9	90488f
			619	10	
	629		630		
	618	36		37	
		35	619		
	629		630		
	620	10	628	35	703870
		32			c060c0
	634	49	636	52	7fff7f
		53		56	60c060
		57		60	703800
		61		64	
		65		68	
		69		72	904800
		73		76	703800
		77		80	
		81		84	
		85		88	
		89		92	904800
		93		96	183018
		97		100	
		101		104	
		105		108	
		109		112	
		113		116	
		117		120	
		121		124	
		125		128	
		129		132	
		133		136	
		137		140	
		141		144	
		145		148	
		149		152	
		153		156	
		157		160	
		161		164	
		165		168	
		169		172	
		173		176	
		177		180	
		181		184	
		185		188	
		189		192	
		193		196	
		197		200	
		201		204	
		205		208	
		209		212	
		213		216	
		217		220	
		221		224	
		225		228	
		229		232	
		233		236	
		237		240	
		241		244	
		245		248	
		249		252	
		253		256	
		257		260	
		261		264	
		265		268	
		269		272	
		273		276	
		277		280	
		281		284	
		285		288	
		289		292	
		293		296	
		297		300	
		301		304	
		305		308	
		309		312	
		313		316	
		317		320	
		321		324	
		325		328	
		329		332	
		333		336	
		337		340	
		341		344	
		345		348	
		349		352	
		353		356	
		357		360	
		361		364	
		365		368	
		369		372	
		373		376	
		377		380	
		381		384	
		385		388	
		389		392	
		393		396	
		397		400	
		401		404	
		405		408	
		409		412	
		413		416	
		417		420	
		421		424	
		425		428	
		429		432	
		433		436	
		437		440	
		441		444	
		445		448	
	621	52	631	56	303000
		57		61	
		62		66	
		67		71	
		72		76	
		77		81	
		82		86	
	7	7	115	115	00ff00
	8	8	114	114	001000
					003000
point	101	61	008000
	102		
rect	12	320	121	440	001000
		342	120	343	009000
		368	13	380	
			121	369	
	120			380	005000
	12	379			
	13	369	120	379	007000
	12	438		439	009000
	16	450	114	475	001010
	17		18	462	00c0c0
			44	451	
	43			462	007070
	17	461			
	18	451	43	461	009090
	17	462	18	474	00c0c0
			44	463	
	43			474	007070
	17	473			
	18	463	43	473	009090
crop	15	320	21	332	16	48	00ff00	/fonts/computer.png
	21		27		40	60		
	27		33		72	48		
	33		39		96			
	39		45		32			
	45		51		0	24		
	51		57		24	60		
	57		63		64	48		
	63		69		72			
	69		75		0	60		
	75		81		24			
	15	332	21	344	0			
	21		27		72	72		
	27		33		24			
	33		39		32	84		
	39		45		120	72		
	45		51		16	84		
	51		57		72	72		
	57		63		24	84		
	63		69		0	24		
	69		75		8	48		
	75		81		96	72		
	81		87		0	84		
	87		93		64	72		
	93		99		8			
	15	344	21	356	48	48	009000	
	21		27		72	72		
	27		33		56			
	33		39		64			
	39		45		32	84		
	45		51		40	72		
	51		57		16	84		
	15	356	21	368	24	48		
	21		27		16	84		
	27		33		40			
	33		39		72	72		
	39		45		24	84		
	45		51		40	72		
	51		57		16	84		
	15	368	21	380	56	48	003000	
	21		27		40	84		
	27		33		112	72		
	33		39		24	84		
	39		45		64	72		
	45		51		72			
	51		57		0	84		
	15	380	21	392	32	60	009000	
	21		27		16	84		
	27		33		8	72		
	33		39		112			
	39		45		24	84		
	45		51		0			
	51		57		120	72		
	57		63		16	84		
	63		69		32			
	19	450	25	462	16	60	00ffff	
	25		31		56	48		
	31		37		64			
	37		43		32	60		
	43		49		0	24		
	49		55		16	48		
	55		61		40	84		
	61		67		72	72		
	67		73		96			
	73		79		32			
	19	462	25	474	96	48		
	25		31		40			
	31		37		48			
	37		43		32	60		
	43		49		0	24		
	49		55		104	48		
	55		61		8	72		
	61		67		72			
	67		73		112			
	73		79		0	24		
	79		85		104	48		
	85		91		40	72		
	91		97		112			
	97		103		40	84		
rect	12	180	13	192	ffff00
			121	181	
	120			192	909000
	12	191			
	13	181	120	191	c0c000
crop	15	180	21	192	24	48	000000	/fonts/computer.png
	21		27		120			
	27		33		112			
	33		39		32	60		
	39		45		16			
	45		51		120	48		
	51		57		96			
	15	192	21	204	56		7fff7f	
	21		27		40	60		
	27		33		112	48		
	33		39		24	60		
	39		45		64	48		
	45		51		72			
	51		57		0	60		
draw	18	206	32	224	/sprites/652.SMIV/0
rect	14	204	36	205	489048
			15	206	
	35		36		
	14	225		226	
		224	15		
	35		36		
	42	206	49	207	003870
		207		224	0060c0
	40	204	51	205	00488f
			41	206	
	50		51		
	40	225		226	
		224	41		
	50		51		
	55	206	62	207	707000
		207		224	c0c000
	53	204	64	205	909000
			54	206	
	63		64		
	53	225		226	
		224	54		
	63		64		
crop	69	204	75	216	96	48	7fff7f	/fonts/computer.png
	75		81		24	60		
	81		87		16			
	87		93		32			
	93		99		40			
	99		105		16			
	105		111					
	111		117		32			
	69	216	75	228	104	48		
	75		81		56			
	81		87		112			
	87		93		32	60		
	93		99		120	48		
	99		105		0	60		
	105		111		96	48		
	111		117		24	60		
	12	228	18	240	0		00ff00	
	18		24		120	72		
	24		30		56	84		
	30		36		40	72		
	36		42		16	84		
	42		48		0	24		
	48		54		24	60		
	54		60		32	84		
	60		66		8	72		
	66		72		32	84		
	72		78		72	72		
	78		84		120			
	84		90		112			
	90		96		0	24		
	96		102		16	48		
	102		108		0	60		
	108		114		8	36		
rect	12	252	13	264	007fff
			121	253	
	120			264	00488f
	12	263			
	13	253	120	263	0060c0
crop	15	252	21	264	32	60	000000	/fonts/computer.png
	21		27		8	48		
	27		33		16	60		
	33		39		56	48		
	39		45		40			
	45		51		32	60		
	15	264	21	276	0		7fff7f	
	21		27		120	72		
	27		33		56	84		
	33		39		40	72		
	39		45		16	84		
	45		51		0	24		
	51		57		24	60		
	57		63		32	84		
	63		69		8	72		
	69		75		32	84		
	75		81		72	72		
	81		87		120			
	87		93		112			
	93		99		0	24		
	99		105		16	48		
	105		111		0	60		
	111		117		8	36		
draw	16	279	34	295	/sprites/564.SMIV/0
rect	14	276	36	277	489048
			15	278	
	35		36		
	14	297		298	
		296	15		
	35		36		
	42	278	49	292	003870
		292		296	0060c0
	40	276	51	277	00488f
			41	278	
	50		51		
	40	297		298	
		296	41		
	50		51		
