point	438	54	d0d0d0
	270	164	
	198	464	808080
	470	448	b0b0b0
	537	202	
	583	348	808080
	413	344	b0b0b0
	184	106	808080
	587	450	b0b0b0
	279	196	808080
	590	269	b0b0b0
	477	65	
	194	112	
	522	414	
	540	136	
	274	31	d0d0d0
	537	479	b0b0b0
	144	433	808080
	201	64	b0b0b0
	597	62	d0d0d0
	312	322	b0b0b0
	342	267	
	509	385	d0d0d0
	432	416	
	148	419	808080
	308	395	b0b0b0
	550	205	808080
	394	34	
	155	230	
	317	366	b0b0b0
	382	246	808080
	463	169	b0b0b0
	201	223	808080
	587	465	
	442	196	d0d0d0
	128	198	808080
	161	242	d0d0d0
	259	287	808080
	594	206	b0b0b0
	349	190	808080
	381	121	b0b0b0
	181	109	
	545	441	
	384	55	808080
	481	436	
	450	7	
	478	450	
	411	412	b0b0b0
	310	123	
	488	191	808080
	362	361	b0b0b0
	516	110	d0d0d0
	522	182	
	373	312	808080
	378	108	b0b0b0
	600	63	808080
	237	196	d0d0d0
	549	227	808080
	572	103	b0b0b0
	225	173	808080
	543	295	
	249	260	
	194	433	
	172	100	b0b0b0
	216	385	808080
	607	349	
	291	446	
	210	207	b0b0b0
	198	343	808080
	242	345	d0d0d0
	451	386	b0b0b0
	164	282	
	376	232	
	432	60	
	165	335	808080
	225	339	
	288	239	b0b0b0
	442	423	808080
	567	329	d0d0d0
	421	474	808080
	168	392	b0b0b0
	188	260	808080
	550	159	d0d0d0
	372	105	808080
	526	170	d0d0d0
	531	18	808080
	607	225	
	143	223	
	351	389	
	584	132	d0d0d0
	356	15	
	251	349	808080
	223	256	
	364	132	b0b0b0
	374	260	
	145	262	808080
	542	93	d0d0d0
	560	83	808080
	285	94	
	450	395	d0d0d0
	466	1	b0b0b0
	393	456	808080
	514	304	
	560	203	d0d0d0
	574	55	b0b0b0
	589	63	
	460	226	d0d0d0
	367	337	b0b0b0
	348	114	d0d0d0
	536	22	808080
	555	363	
	450	130	
	473	49	b0b0b0
	336	187	d0d0d0
	420	247	b0b0b0
	249	294	808080
	375	264	d0d0d0
	271	423	808080
	250	48	b0b0b0
	558	117	808080
	422	109	
	269	425	
	282	38	
	130	29	b0b0b0
	549	417	
line	262	0	262	480	005000
	424		424		
	586		586		
	128	30	608	30	
		192		192	
		354		354	
rect	543	221	559	237	009000
	554	200	566	212	
	581	263	593	275	005000
	187	246	199	258	900000
	176	163	188	175	
	180	208	196	224	
triangle	582	264	592	274	00c000
diamond	177	215	197	235	c00000
plus	177	166	187	176	c00000
diamond	576	259	592	275	00c000
	579	261	595	277	
triangle	185	224	193	232	c00000
	582	264	592	274	00c000
plus	411	237	421	247	00c000
triangle	185	214	195	224	c00000
	585	261	595	271	00c000
	583	262	593	272	
	582	264	592	274	
					
					
	583	265	589	271	
	187	250	193	256	c00000
	362	234	372	244	00c000
	177	168	185	176	c00000
	190	246	198	254	
	584	264	590	270	00c000
	582		592	274	
					
	185	216	191	222	c00000
	584	266	590	272	00c000
plus	409	238	419	248	00c000
triangle	185	224	193	232	c00000
	584	263	590	269	00c000
	190	253	196	259	c00000
	183	211	191	219	
plus	456	230	466	240	00c000
triangle	583	265	593	275	00c000
	584	264	590	270	
	550	219	560	229	
	584	263	590	269	
	177	163	187	173	c00000
	178	165	186		
	186	225	192	231	
	176	166	184	174	
line	171	208	183	218	489048
			185	203	
	183	218			204020
draw	0	0	128	480	/pictures/501.png
	608		640		/pictures/512.png
tint	29	159	37	172	ff0000	/font/5001/34
	35		43			
	41		49			/font/5001/32
line	614	362	614	359	00488f
		359	622		
	622			362	002850
		362	614		
rect	615	360	622	362	003870
line	614	456	614	363	007fff
		363	622		
	622			456	00488f
		456	614		
rect	615	364	622	456	0070e0
line	614	231	614	231	909048
			622		
	622				505028
			614		
	614	328		232	ffff7f
		232	622		
	622			328	909048
		328	614		
rect	615	233	622	328	e0e070
line	614	115	614	103	904848
		103	622		
	622			115	502828
		115	614		
rect	615	104	622	115	703838
line	614	200	614	116	ff7f7f
		116	622		
	622			200	904848
		200	614		
rect	615	117	622	200	e07070
line	618	8	629	8	90488f
			618	9	
	629		629		
	618	36		36	
			618	35	
	629		629		
rect	620	10	628	35	703870
		35			c060c0
	634	49	636	52	7fff7f
		53		56	60c060
		57		60	
		61		64	703800
		65		68	
		69		72	904800
		73		76	703800
		77		80	
		81		84	
		85		88	
		89		92	904800
		93		96	183018
		97		100	
		101		104	
		105		108	
		109		112	
		113		116	
		117		120	
		121		124	
		125		128	
		129		132	
		133		136	
		137		140	
		141		144	
		145		148	
		149		152	
		153		156	
		157		160	
		161		164	
		165		168	
		169		172	
		173		176	
		177		180	
		181		184	
		185		188	
		189		192	
		193		196	
		197		200	
		201		204	
		205		208	
		209		212	
		213		216	
		217		220	
		221		224	
		225		228	
		229		232	
		233		236	
		237		240	
		241		244	
		245		248	
		249		252	
		253		256	
		257		260	
		261		264	
		265		268	
		269		272	
		273		276	
		277		280	
		281		284	
		285		288	
		289		292	
		293		296	
		297		300	
		301		304	
		305		308	
		309		312	
		313		316	
		317		320	
		321		324	
		325		328	
		329		332	
		333		336	
		337		340	
		341		344	
		345		348	
		349		352	
		353		356	
		357		360	
		361		364	
		365		368	
		369		372	
		373		376	
		377		380	
		381		384	
		385		388	
		389		392	
		393		396	
		397		400	
		401		404	
		405		408	
		409		412	
		413		416	
		417		420	
		421		424	
		425		428	
		429		432	
		433		436	
		437		440	
		441		444	
		445		448	
	621	52	631	56	303000
		57		61	
		62		66	
		67		71	
		72		76	
		77		81	
		82		86	
	7	7	115	115	00ff00
	8	8	114	114	001000
					003000
point	107	63	008000
	109		
rect	12	320	121	440	001000
tint	15	320	23	333	00ff00	/font/5001/42
	21		29			/font/5001/55
	27		35			/font/5001/49
	33		41			/font/5001/4c
	39		47			/font/5001/44
	45		53			/font/5001/20
	51		59			/font/5001/53
	57		65			/font/5001/48
	63		71			/font/5001/49
	69		77			/font/5001/50
	75		83			/font/5001/53
line	12	342	119	342	009000
tint	15	332	23	345	00ff00	/font/5001/50
	21		29			/font/5001/69
	27		35			/font/5001/63
	33		41			/font/5001/74
	39		47			/font/5001/6f
	45		53			/font/5001/72
	51		59			/font/5001/69
	57		65			/font/5001/73
	63		71			/font/5001/20
	69		77			/font/5001/41
	75		83			/font/5001/6c
	81		89			/font/5001/70
	87		95			/font/5001/68
	93		101			/font/5001/61
	15	344	23	357		/font/5001/46
	21		29			/font/5001/69
	27		35			/font/5001/67
	33		41			/font/5001/68
	39		47			/font/5001/74
	45		53			/font/5001/65
	51		59			/font/5001/72
	15	356	23	369	009000	/font/5001/43
	21		29			/font/5001/72
	27		35			/font/5001/75
	33		41			/font/5001/69
	39		47			/font/5001/73
	45		53			/font/5001/65
	51		59			/font/5001/72
line	12	379	12	368	009000
		368	120		
	120			379	005000
		379	12		
rect	13	369	120	379	007000
tint	15	368	23	381	003000	/font/5001/47
	21		29			/font/5001/75
	27		35			/font/5001/6e
	33		41			/font/5001/73
	39		47			/font/5001/68
	45		53			/font/5001/69
	51		59			/font/5001/70
	15	380	23	393	009000	/font/5001/54
	21		29			/font/5001/72
	27		35			/font/5001/61
	33		41			/font/5001/6e
	39		47			/font/5001/73
	45		53			/font/5001/70
	51		59			/font/5001/6f
	57		65			/font/5001/72
	63		71			/font/5001/74
line	12	438	119	438	009000
rect	16	450	114	475	001010
line	17	461	17	450	00c0c0
		450	43		
	43			461	007070
		461	17		
rect	18	451	43	461	009090
tint	19	450	27	463	00ffff	/font/5001/52
	25		33			/font/5001/47
	31		39			/font/5001/48
	37		45			/font/5001/54
	43		51			/font/5001/20
	49		57			/font/5001/42
	55		63			/font/5001/75
	61		69			/font/5001/69
	67		75			/font/5001/6c
	73		81			/font/5001/64
line	17	473	17	462	00c0c0
		462	43		
	43			473	007070
		473	17		
rect	18	463	43	473	009090
tint	19	462	27	475	00ffff	/font/5001/4c
	25		33			/font/5001/45
	31		39			/font/5001/46
	37		45			/font/5001/54
	43		51			/font/5001/20
	49		57			/font/5001/4d
	55		63			/font/5001/61
	61		69			/font/5001/69
	67		75			/font/5001/6e
	73		81			/font/5001/20
	79		87			/font/5001/4d
	85		93			/font/5001/65
	91		99			/font/5001/6e
	97		105			/font/5001/75
line	12	191	12	180	ffff00
		180	120		
	120			191	909000
		191	12		
rect	13	181	120	191	c0c000
tint	15	180	23	193	000000	/font/5001/43
	21		29			/font/5001/4f
	27		35			/font/5001/4e
	33		41			/font/5001/54
	39		47			/font/5001/52
	45		53			/font/5001/4f
	51		59			/font/5001/4c
	15	192	23	205	7fff7f	/font/5001/47
	21		29			/font/5001/55
	27		35			/font/5001/4e
	33		41			/font/5001/53
	39		47			/font/5001/48
	45		53			/font/5001/49
	51		59			/font/5001/50
draw	18	206	32	224	/sprites/652.SMIV/0
line	14	204	35	204	489048
			14	205	
	35		35		
	14	225		225	
			14	224	
	35		35		
rect	42	206	49	207	003870
		207		224	0060c0
line	40	204	50	204	00488f
			40	205	
	50		50		
	40	225		225	
			40	224	
	50		50		
rect	55	206	62	207	707000
		207		224	c0c000
line	53	204	63	204	909000
			53	205	
	63		63		
	53	225		225	
			53	224	
	63		63		
tint	69	204	77	217	7fff7f	/font/5001/4c
	75		83			/font/5001/53
	81		89			/font/5001/52
	87		95			/font/5001/54
	93		101			/font/5001/55
	99		107			/font/5001/52
	105		113			
	111		119			/font/5001/54
	69	216	77	229		/font/5001/4d
	75		83			/font/5001/47
	81		89			/font/5001/4e
	87		95			/font/5001/54
	93		101			/font/5001/4f
	99		107			/font/5001/50
	105		113			/font/5001/4c
	111		119			/font/5001/53
	12	228	20	241	00ff00	/font/5001/50
	18		26			/font/5001/6f
	24		32			/font/5001/77
	30		38			/font/5001/65
	36		44			/font/5001/72
	42		50			/font/5001/20
	48		56			/font/5001/53
	54		62			/font/5001/74
	60		68			/font/5001/61
	66		74			/font/5001/74
	72		80			/font/5001/69
	78		86			/font/5001/6f
	84		92			/font/5001/6e
	90		98			/font/5001/20
	96		104			/font/5001/42
	102		110			/font/5001/50
	108		116			/font/5001/31
line	12	263	12	252	007fff
		252	120		
	120			263	00488f
		263	12		
rect	13	253	120	263	0060c0
tint	15	252	23	265	000000	/font/5001/54
	21		29			/font/5001/41
	27		35			/font/5001/52
	33		41			/font/5001/47
	39		47			/font/5001/45
	45		53			/font/5001/54
	15	264	23	277	7fff7f	/font/5001/50
	21		29			/font/5001/6f
	27		35			/font/5001/77
	33		41			/font/5001/65
	39		47			/font/5001/72
	45		53			/font/5001/20
	51		59			/font/5001/53
	57		65			/font/5001/74
	63		71			/font/5001/61
	69		77			/font/5001/74
	75		83			/font/5001/69
	81		89			/font/5001/6f
	87		95			/font/5001/6e
	93		101			/font/5001/20
	99		107			/font/5001/42
	105		113			/font/5001/50
	111		119			/font/5001/31
draw	16	279	34	295	/sprites/564.SMIV/0
line	14	276	35	276	489048
			14	277	
	35		35		
	14	297		297	
			14	296	
	35		35		
rect	42	278	49	292	003870
		292		296	0060c0
line	40	276	50	276	00488f
			40	277	
	50		50		
	40	297		297	
			40	296	
	50		50		
