point	540	69	d0d0d0
	372	179	
	248	471	808080
	546	459	b0b0b0
	131	358	808080
	180	210	d0d0d0
	489	355	b0b0b0
	234	113	808080
	202	13	d0d0d0
	329	203	808080
	205	23	d0d0d0
	553	76	b0b0b0
	270	123	
	598	425	
	140	289	d0d0d0
	376	46	
	539	7	808080
	194	440	
	277	74	b0b0b0
	173	184	808080
	388	333	b0b0b0
	418	278	
	130	238	
	533	431	d0d0d0
	198	426	808080
	384	406	b0b0b0
	600	212	808080
	444	41	
	205	237	
	393	377	b0b0b0
	432	253	808080
	539	180	b0b0b0
	251	230	808080
	157	304	
	544	211	d0d0d0
	178	205	808080
	263	256	d0d0d0
	309	295	808080
	191	85	b0b0b0
	399	197	808080
	457	132	b0b0b0
	257	120	
	142	465	
	434	62	808080
	531	443	
	500	14	
	528	458	
	486	423	b0b0b0
	386	134	
	538	199	808080
	438	372	b0b0b0
	138	404	d0d0d0
	421	1	
	423	319	808080
	454	119	b0b0b0
	215	457	d0d0d0
	339	211	
	599	234	808080
	168	80	b0b0b0
	275	180	808080
	593	302	
	299	267	
	244	441	
	248	111	b0b0b0
	266	392	808080
	203	42	b0b0b0
	340	453	808080
	286	218	b0b0b0
	248	350	808080
	344	360	d0d0d0
	527	397	b0b0b0
	240	293	
	452	243	
	508	71	
	215	343	808080
	275	346	
	364	250	b0b0b0
	492	430	808080
	158	271	
	567	2	
	244	403	b0b0b0
	238	267	808080
	150		
	422	112	
	143	454	b0b0b0
	581	26	808080
	229	79	d0d0d0
	193	231	808080
	401	396	
	186	412	b0b0b0
	458	30	d0d0d0
	301	357	808080
	273	263	
	440	143	b0b0b0
	450	271	
	195	269	808080
	155	79	b0b0b0
	132	230	d0d0d0
	335	101	808080
	552	409	d0d0d0
	542	12	b0b0b0
	443	463	808080
	564	311	
	155	446	
	156	204	
	166	145	
	562	241	d0d0d0
	443	348	b0b0b0
	450	128	d0d0d0
	586	29	808080
	604	370	
	500	137	
	549	60	b0b0b0
	438	202	d0d0d0
	496	258	b0b0b0
	299	301	808080
	477	279	d0d0d0
	321	430	808080
	326	59	b0b0b0
	128	139	
	472	116	808080
	319	432	
	331	45	
	206	40	b0b0b0
	139	319	808080
rect	321	0	322	480	005000
	607		608		
	128	177		178	
		463		464	
	193	278	205	290	900000
	173	131	185	143	
	182	212	198	228	
diamond	185	203	205	223	c00000
plus	174	135	184	145	c00000
triangle	190	201	198	209	c00000
plus	500	255	510	265	00c000
triangle	188	220	198	230	c00000
	191	283	197	289	
	362	234	372	244	00c000
	173	138	181	146	c00000
	196	277	204	285	
	187	222	193	228	
plus	497	254	507	264	00c000
triangle	188	202	196	210	c00000
	195	288	201	294	
	174	131	182	139	
plus	579	251	589	261	00c000
triangle	173	132	183	142	c00000
	180	209	190	219	
	174	133	182	141	
	193	203	199	209	
	171	134	179	142	
line	180	172	190	184	489048
			195	170	
	190	184			204020
draw	0	-144	128	624	/pictures/gui/instruments/left.png
	608		640		/pictures/gui/instruments/right.png
crop	29	159	35	171	32	36	ff0000	/fonts/computer.png
	35		41					
	41		47		16			
rect	614	359	615	363	00488f
			623	360	
	622			363	002850
	614	362			
	615	360	622	362	003870
	614	363	615	457	007fff
			623	364	
	622			457	00488f
	614	456			
	615	364	622	456	0070e0
	614	231	615	232	909048
			623		
	622				505028
	614				
		232	615	329	ffff7f
			623	233	
	622			329	909048
	614	328			
	615	233	622	328	e0e070
	614	103	615	116	904848
			623	104	
	622			116	502828
	614	115			
	615	104	622	115	703838
	614	116	615	201	ff7f7f
			623	117	
	622			201	904848
	614	200			
	615	117	622	200	e07070
	618	8	630	9	90488f
			619	10	
	629		630		
	618	36		37	
		35	619		
	629		630		
	620	10	628	35	703870
		35			c060c0
	634	49	636	52	7fff7f
		53		56	60c060
		57		60	
		61		64	
		65		68	
		69		72	7fff7f
		73		76	60c060
		77		80	703800
		81		84	
		85		88	
		89		92	904800
		93		96	183018
		97		100	
		101		104	
		105		108	
		109		112	
		113		116	
		117		120	
		121		124	
		125		128	
		129		132	
		133		136	
		137		140	
		141		144	
		145		148	
		149		152	
		153		156	
		157		160	
		161		164	
		165		168	
		169		172	
		173		176	
		177		180	
		181		184	
		185		188	
		189		192	
		193		196	
		197		200	
		201		204	
		205		208	
		209		212	
		213		216	
		217		220	
		221		224	
		225		228	
		229		232	
		233		236	
		237		240	
		241		244	
		245		248	
		249		252	
		253		256	
		257		260	
		261		264	
		265		268	
		269		272	
		273		276	
		277		280	
		281		284	
		285		288	
		289		292	
		293		296	
		297		300	
		301		304	
		305		308	
		309		312	
		313		316	
		317		320	
		321		324	
		325		328	
		329		332	
		333		336	
		337		340	
		341		344	
		345		348	
		349		352	
		353		356	
		357		360	
		361		364	
		365		368	
		369		372	
		373		376	
		377		380	
		381		384	
		385		388	
		389		392	
		393		396	
		397		400	
		401		404	
		405		408	
		409		412	
		413		416	
		417		420	
		421		424	
		425		428	
		429		432	
		433		436	
		437		440	
		441		444	
		445		448	
	621	52	631	56	303000
		57		61	
		62		66	
		67		71	
		72		76	
		77		81	
		82		86	
	7	7	115	115	00ff00
	8	8	114	114	001000
					003000
	12	320	121	440	001000
		342	120	343	009000
		368	13	380	
			121	369	
	120			380	005000
	12	379			
	13	369	120	379	007000
	12	438		439	009000
	16	450	114	475	001010
	17		18	462	00c0c0
			44	451	
	43			462	007070
	17	461			
	18	451	43	461	009090
	17	462	18	474	00c0c0
			44	463	
	43			474	007070
	17	473			
	18	463	43	473	009090
crop	15	320	21	332	16	48	00ff00	/fonts/computer.png
	21		27		40	60		
	27		33		72	48		
	33		39		96			
	39		45		32			
	51		57		24	60		
	57		63		64	48		
	63		69		72			
	69		75		0	60		
	75		81		24			
	15	332	21	344	0			
	21		27		72	72		
	27		33		24			
	33		39		32	84		
	39		45		120	72		
	45		51		16	84		
	51		57		72	72		
	57		63		24	84		
	69		75		8	48		
	75		81		96	72		
	81		87		0	84		
	87		93		64	72		
	93		99		8			
	15	344	21	356	48	48		
	21		27		72	72		
	27		33		56			
	33		39		64			
	39		45		32	84		
	45		51		40	72		
	51		57		16	84		
	15	356	21	368	24	48		
	21		27		16	84		
	27		33		40			
	33		39		72	72		
	39		45		24	84		
	45		51		40	72		
	51		57		16	84		
	15	368	21	380	56	48	003000	
	21		27		40	84		
	27		33		112	72		
	33		39		24	84		
	39		45		64	72		
	45		51		72			
	51		57		0	84		
	15	380	21	392	32	60	00ff00	
	21		27		16	84		
	27		33		8	72		
	33		39		112			
	39		45		24	84		
	45		51		0			
	51		57		120	72		
	57		63		16	84		
	63		69		32			
	19	450	25	462	16	60	00ffff	
	25		31		56	48		
	31		37		64			
	37		43		32	60		
	49		55		16	48		
	55		61		40	84		
	61		67		72	72		
	67		73		96			
	73		79		32			
	19	462	25	474	96	48		
	25		31		40			
	31		37		48			
	37		43		32	60		
	49		55		104	48		
	55		61		8	72		
	61		67		72			
	67		73		112			
	79		85		104	48		
	85		91		40	72		
	91		97		112			
	97		103		40	84		
rect	12	180	13	192	ffff00
			121	181	
	120			192	909000
	12	191			
	13	181	120	191	c0c000
crop	15	180	21	192	24	48	000000	/fonts/computer.png
	21		27		120			
	27		33		112			
	33		39		32	60		
	39		45		16			
	45		51		120	48		
	51		57		96			
	15	192	21	204	56		7fff7f	
	21		27		40	60		
	27		33		112	48		
	33		39		24	60		
	39		45		64	48		
	45		51		72			
	51		57		0	60		
draw	18	206	32	224	/sprites/uns/gunship%0
rect	14	204	36	205	489048
			15	206	
	35		36		
	14	225		226	
		224	15		
	35		36		
	42	206	49	207	003870
		207		224	0060c0
	40	204	51	205	00488f
			41	206	
	50		51		
	40	225		226	
		224	41		
	50		51		
	55	206	62	207	707000
		207		224	c0c000
	53	204	64	205	909000
			54	206	
	63		64		
	53	225		226	
		224	54		
	63		64		
crop	69	204	75	216	96	48	7fff7f	/fonts/computer.png
	75		81		24	60		
	81		87		16			
	87		93		32			
	93		99		40			
	99		105		16			
	105		111					
	111		117		32			
	69	216	75	228	104	48		
	75		81		56			
	81		87		112			
	87		93		32	60		
	93		99		120	48		
	99		105		0	60		
	105		111		96	48		
	111		117		24	60		
	12	228	18	240	0		00ff00	
	18		24		120	72		
	24		30		56	84		
	30		36		40	72		
	36		42		16	84		
	48		54		24	60		
	54		60		32	84		
	60		66		8	72		
	66		72		32	84		
	72		78		72	72		
	78		84		120			
	84		90		112			
	96		102		16	48		
	102		108		0	60		
	108		114		8	36		
rect	12	252	13	264	007fff
			121	253	
	120			264	00488f
	12	263			
	13	253	120	263	0060c0
crop	15	252	21	264	32	60	000000	/fonts/computer.png
	21		27		8	48		
	27		33		16	60		
	33		39		56	48		
	39		45		40			
	45		51		32	60		
	15	264	21	276	0		7fff7f	
	21		27		120	72		
	27		33		56	84		
	33		39		40	72		
	39		45		16	84		
	51		57		24	60		
	57		63		32	84		
	63		69		8	72		
	69		75		32	84		
	75		81		72	72		
	81		87		120			
	87		93		112			
	99		105		16	48		
	105		111		0	60		
	111		117		8	36		
draw	16	279	34	295	/sprites/loc/power%0
rect	14	276	36	277	489048
			15	278	
	35		36		
	14	297		298	
		296	15		
	35		36		
	42	278	49	292	003870
		292		296	0060c0
	40	276	51	277	00488f
			41	278	
	50		51		
	40	297		298	
		296	41		
	50		51		
