point	332	473	d0d0d0
	274	327	
	483	66	808080
	510	434	
	179	172	b0b0b0
	149	281	808080
	415	218	b0b0b0
	339	101	808080
	392	344	d0d0d0
	451	74	b0b0b0
	581	182	808080
	320	66	b0b0b0
	417	222	d0d0d0
	472	356	b0b0b0
	578	300	808080
	492	313	
	588	432	
	168	117	b0b0b0
	333	409	
	520	221	
	261	135	808080
	192	16	
	290	80	
	304	435	b0b0b0
	156	306	d0d0d0
	143	22	
	463	449	b0b0b0
	278	114	
	311	102	808080
	363	302	
	445	468	
	183	392	
	490	376	
	392	377	
	519	106	d0d0d0
	166	317	
	228	403	808080
	403	168	b0b0b0
	539	61	
	235	226	d0d0d0
	438	141	
	141	261	808080
	412	413	
	508	49	
	231	459	
	383	384	
	169	114	
	396	129	b0b0b0
	259	175	808080
	291	243	
	282	439	d0d0d0
	245	15	b0b0b0
	261	279	808080
	533	345	
	605	459	d0d0d0
	468	277	b0b0b0
	476	417	
	521	419	d0d0d0
	225	164	
	277	231	808080
	505	297	
	589	264	b0b0b0
	369	47	808080
	251	67	d0d0d0
	524	72	
	174	333	
	557	56	808080
	438	364	d0d0d0
	365	24	b0b0b0
	205	404	d0d0d0
	306	336	808080
	456	125	d0d0d0
	210	213	b0b0b0
	243	393	
	608	67	
	455	181	d0d0d0
	371	306	808080
	180	128	
	608	475	d0d0d0
	426	425	
	555	232	808080
	509	413	
	416	315	
	220	33	
	586	132	b0b0b0
	526	426	808080
	448	184	
	361	179	b0b0b0
	405	411	
	328	283	808080
	561	271	
	587	402	
	287	358	d0d0d0
	431	32	808080
	411	368	d0d0d0
	235	84	
	519	33	808080
	174	145	d0d0d0
	301	60	808080
	563	311	d0d0d0
	235	95	808080
	442	169	d0d0d0
	516	304	808080
	491	28	b0b0b0
	294	365	808080
	583	244	
	231	240	
	489	197	d0d0d0
	475	155	808080
	462	252	
	417	287	d0d0d0
	366	237	808080
	244	196	d0d0d0
	223	97	b0b0b0
	338	57	d0d0d0
	228	69	808080
	415	282	b0b0b0
	462	252	808080
	169	46	
	412	14	d0d0d0
	399	205	
	302	415	808080
	154	345	d0d0d0
	428	18	808080
	144	207	d0d0d0
rect	284	0	285	481	000050
	462		463		
	128	74	609	75	
		252		253	
		430		431	
line	350	323	353	317	7fff7f
	368	260	369	254	
	245	319	251	315	
draw	198	299	243	344	/sprites/loc/planets/aqua-minerale%0
	616	112	638	121	/sprites/uns/transprt%17
	358	233	379	245	/sprites/uns/gunship%16
	625	121	646	133	/sprites/uns/transprt%16
	627	130	648	142	
	207	272	221	289	/sprites/can/gunship%4
static	304	317	315	327	00000000	53	/sprites/can/hvc%8
dither	535	140	604	157	303000
crop	539	144	546	155	32	55	000000	/fonts/tactical.png
	546		553		16	77		
	553		560		8	66		
	560		567		112			
	567		574		24	77		
	574		581		0			
	581		588		120	66		
	588		595		16	77		
	595		602		32			
	538	143	545	154		55	ffff00	
	545		552		16	77		
	552		559		8	66		
	559		566		112			
	566		573		24	77		
	573		580		0			
	580		587		120	66		
	587		594		16	77		
	594		601		32			
dither	221	301	318	318	001830
crop	225	305	232	316	0	55	000000	/fonts/tactical.png
	232		239		72	66		
	239		246		24			
	246		253		32	77		
	253		260		120	66		
	260		267		16	77		
	267		274		72	66		
	274		281		24	77		
	281		288		0	22		
	288		295		16	44		
	295		302		40	66		
	302		309		32	77		
	309		316		8	66		
	224	304	231	315	0	55	007fff	
	231		238		72	66		
	238		245		24			
	245		252		32	77		
	252		259		120	66		
	259		266		16	77		
	266		273		72	66		
	273		280		24	77		
	280		287		0	22		
	287		294		16	44		
	294		301		40	66		
	301		308		32	77		
	308		315		8	66		
line	185	320	200	321	489048
			194	308	
	200	321			204020
draw	0	-144	128	624	/interfaces/instruments/left.png
	608		640		/interfaces/instruments/right.png
crop	29	159	35	171	32	36	ff0000	/fonts/computer.png
	35		41		8			
	41		47		24			
rect	614	359	615	368	00488f
			623	360	
	622			368	002850
	614	367			
	615	360	622	367	003870
	614	368	615	457	007fff
			623	369	
	622			457	00488f
	614	456			
	615	369	622	456	0070e0
	614	231	615	234	909048
			623	232	
	622			234	505028
	614	233			
	615	232	622	233	707038
	614	234	615	329	ffff7f
			623	235	
	622			329	909048
	614	328			
	615	235	622	328	e0e070
	614	103	615	124	904848
			623	104	
	622			124	502828
	614	123			
	615	104	622	123	703838
	614	124	615	201	ff7f7f
			623	125	
	622			201	904848
	614	200			
	615	125	622	200	e07070
	618	8	630	9	90488f
			619	10	
	629		630		
	618	36		37	
		35	619		
	629		630		
	620	10	628	35	703870
		35			c060c0
	634	49	636	52	7fff7f
		53		56	60c060
		57		60	
		61		64	
		65		68	0060c0
		69		72	007fff
		73		76	0060c0
		77		80	
		81		84	
		85		88	
		89		92	007fff
		93		96	0060c0
		97		100	
		101		104	
		105		108	
		109		112	183018
		113		116	
		117		120	
		121		124	
		125		128	
		129		132	
		133		136	
		137		140	
		141		144	
		145		148	
		149		152	
		153		156	
		157		160	
		161		164	
		165		168	
		169		172	
		173		176	
		177		180	
		181		184	
		185		188	
		189		192	
		193		196	
		197		200	
		201		204	
		205		208	
		209		212	
		213		216	
		217		220	
		221		224	
		225		228	
		229		232	
		233		236	
		237		240	
		241		244	
		245		248	
		249		252	
		253		256	
		257		260	
		261		264	
		265		268	
		269		272	
		273		276	
		277		280	
		281		284	
		285		288	
		289		292	
		293		296	
		297		300	
		301		304	
		305		308	
		309		312	
		313		316	
		317		320	
		321		324	
		325		328	
		329		332	
		333		336	
		337		340	
		341		344	
		345		348	
		349		352	
		353		356	
		357		360	
		361		364	
		365		368	
		369		372	
		373		376	
		377		380	
		381		384	
		385		388	
		389		392	
		393		396	
		397		400	
		401		404	
		405		408	
		409		412	
		413		416	
		417		420	
		421		424	
		425		428	
		429		432	
		433		436	
		437		440	
		441		444	
		445		448	
	621	52	631	56	303000
		57		61	
		62		66	
		67		71	
		72		76	
		77		81	
		82		86	
	7	7	115	115	00ff00
	8	8	114	114	001000
	46	46	78	78	003000
point	57	102	008000
	46	19	
	52	66	
	46	19	
	55	104	
	54	103	
	46	19	
	101	94	
	55	103	
	75	56	
	45	19	
	50		
	75	55	
			
	51	63	
	61	62	
	56	65	
	55		
	58	63	
	44	19	
	82	66	
	76	35	
	58	105	
rect	12	320	121	440	001000
		342	120	343	009000
		368	13	380	
			121	369	
	120			380	005000
	12	379			
	13	369	120	379	007000
	12	438		439	009000
	16	450	114	475	001010
	17		18	462	00c0c0
			44	451	
	43			462	007070
	17	461			
	18	451	43	461	009090
	17	462	18	474	00c0c0
			44	463	
	43			474	007070
	17	473			
	18	463	43	473	009090
crop	15	320	21	332	16	48	00ff00	/fonts/computer.png
	21		27		40	60		
	27		33		72	48		
	33		39		96			
	39		45		32			
	45		51		0	24		
	51		57		24	60		
	57		63		64	48		
	63		69		72			
	69		75		0	60		
	75		81		24			
	15	332	21	344	0			
	21		27		72	72		
	27		33		24			
	33		39		32	84		
	39		45		120	72		
	45		51		16	84		
	51		57		72	72		
	57		63		24	84		
	63		69		0	24		
	69		75		8	48		
	75		81		96	72		
	81		87		0	84		
	87		93		64	72		
	93		99		8			
	15	344	21	356	48	48		
	21		27		72	72		
	27		33		56			
	33		39		64			
	39		45		32	84		
	45		51		40	72		
	51		57		16	84		
	15	356	21	368	24	48		
	21		27		16	84		
	27		33		40			
	33		39		72	72		
	39		45		24	84		
	45		51		40	72		
	51		57		16	84		
	15	368	21	380	56	48		
	21		27		40	84		
	27		33		112	72		
	33		39		24	84		
	39		45		64	72		
	45		51		72			
	51		57		0	84		
	15	380	21	392	32	60		
	21		27		16	84		
	27		33		8	72		
	33		39		112			
	39		45		24	84		
	45		51		0			
	51		57		120	72		
	57		63		16	84		
	63		69		32			
	19	450	25	462	16	60	00ffff	
	25		31		56	48		
	31		37		64			
	37		43		32	60		
	43		49		0	24		
	49		55		16	48		
	55		61		40	84		
	61		67		72	72		
	67		73		96			
	73		79		32			
	19	462	25	474	96	48		
	25		31		40			
	31		37		48			
	37		43		32	60		
	43		49		0	24		
	49		55		104	48		
	55		61		8	72		
	61		67		72			
	67		73		112			
	73		79		0	24		
	79		85		104	48		
	85		91		40	72		
	91		97		112			
	97		103		40	84		
rect	12	180	13	192	ffff00
			121	181	
	120			192	909000
	12	191			
	13	181	120	191	c0c000
crop	15	180	21	192	24	48	000000	/fonts/computer.png
	21		27		120			
	27		33		112			
	33		39		32	60		
	39		45		16			
	45		51		120	48		
	51		57		96			
	15	192	21	204	32	60	7fff7f	
	21		27		16			
	27		33		8	48		
	33		39		112			
	39		45		24	60		
	45		51		0			
	51		57		16			
	57		63		32			
draw	20	206	30	224	/sprites/uns/transprt%0
rect	14	204	36	205	489048
			15	206	
	35		36		
	14	225		226	
		224	15		
	35		36		
	42	206	49	206	003870
				224	0060c0
	40	204	51	205	00488f
			41	206	
	50		51		
	40	225		226	
		224	41		
	50		51		
	55	206	62	206	707000
				224	c0c000
	53	204	64	205	909000
			54	206	
	63		64		
	53	225		226	
		224	54		
	63		64		
crop	12	228	18	240	0	60	ff0000	/fonts/computer.png
	18		24		72	72		
	24		30		24			
	30		36		32	84		
	36		42		120	72		
	42		48		16	84		
	48		54		72	72		
	54		60		24	84		
	60		66		0	24		
	66		72		16	48		
	72		78		40	72		
	78		84		32	84		
	84		90		8	72		
rect	12	252	13	264	007fff
			121	253	
	120			264	00488f
	12	263			
	13	253	120	263	0060c0
crop	15	252	21	264	32	60	000000	/fonts/computer.png
	21		27		8	48		
	27		33		16	60		
	33		39		56	48		
	39		45		40			
	45		51		32	60		
	15	264	21	276	0		7fff7f	
	21		27		72	72		
	27		33		24			
	33		39		32	84		
	39		45		120	72		
	45		51		16	84		
	51		57		72	72		
	57		63		24	84		
	63		69		0	24		
	69		75		16	48		
	75		81		40	72		
	81		87		32	84		
	87		93		8	72		
draw	16	278	34	296	/sprites/loc/planets/aqua-minerale%0
rect	14	276	36	277	489048
			15	278	
	35		36		
	14	297		298	
		296	15		
	35		36		
