point	383	466	808080
	581	475	b0b0b0
	196	34	808080
	478	82	
	226	467	d0d0d0
	277	37	
	255	397	b0b0b0
	373	168	d0d0d0
	141	194	b0b0b0
	538	473	
	332	36	808080
	562	226	b0b0b0
	179	474	
	363	13	808080
	131	293	b0b0b0
	195	155	
	322	271	808080
	468	449	b0b0b0
	270	263	808080
	275	447	
	167	380	b0b0b0
	521	286	808080
	282	388	b0b0b0
	487	476	808080
	207	217	b0b0b0
	228	297	
	302	202	
	405	327	d0d0d0
	341	65	
	370	198	808080
	457	55	
	594	210	
	246	301	b0b0b0
	466	47	808080
	248	100	
	464	34	b0b0b0
	364	249	808080
	354	230	b0b0b0
	474	183	808080
	466	49	b0b0b0
	289	434	
	256	359	808080
	320	466	d0d0d0
	307	257	b0b0b0
	263	45	
	417	445	808080
	187	214	d0d0d0
	472	259	b0b0b0
	570	288	808080
	223	171	b0b0b0
	473	35	808080
	425	171	b0b0b0
	277	132	
	348	333	808080
	290	324	
	455	216	b0b0b0
	415	336	808080
	509	455	d0d0d0
	288	265	b0b0b0
	217	11	
	205	9	
	476	298	d0d0d0
	459	87	b0b0b0
	311	158	808080
	171	435	d0d0d0
	491	30	808080
	155	58	d0d0d0
	327	460	b0b0b0
	431	448	d0d0d0
	145	43	
	184	359	
	468	38	b0b0b0
	537	84	808080
	207	379	b0b0b0
	154	140	808080
	381	85	
	429	368	b0b0b0
	472	34	
	359	375	
	538	219	
	213	29	808080
	309	146	
	572	185	b0b0b0
	454	375	808080
	477	154	
	448	151	b0b0b0
	271	169	d0d0d0
	232	449	b0b0b0
	597	447	
	219	247	808080
	307	179	d0d0d0
	456	217	808080
	439	199	
	496	144	b0b0b0
	424	433	808080
	303	294	
	241	300	
	235	83	b0b0b0
	492	449	d0d0d0
	304	3	808080
	167	413	d0d0d0
	181	375	b0b0b0
	521	314	
	522	403	d0d0d0
	256		
	526	155	808080
	440	203	b0b0b0
	491	22	808080
	161	45	b0b0b0
	335	200	d0d0d0
	385	5	
	471	205	808080
	212	375	d0d0d0
	154	241	b0b0b0
	505	74	808080
	216	248	d0d0d0
	451	54	
	463	187	b0b0b0
	398	225	
	513	459	
	440	125	
	598	463	808080
	441	332	b0b0b0
	173	466	d0d0d0
	174	296	b0b0b0
line	211	0	211	480	000050
	339		339		002850
	467		467		000050
	595		595		
	128	23	608	23	005000
		151		151	000050
		279		279	
		407		407	
draw	405	313	437	345	/sprites/1023.SMIV/0
	227	356	236	367	/sprites/652.SMIV/11
	365	235	374	246	/sprites/652.SMIV/13
	213	270	247	307	/sprites/649.SMIV/14
	475	301	527	318	/sprites/649.SMIV/19
	203	344	218	352	/sprites/652.SMIV/16
	170	384	182	395	/sprites/652.SMIV/14
	291	460	305	470	/sprites/652.SMIV/15
	295	264	310	271	/sprites/652.SMIV/19
dither	231	371	286	388	303000
tint	235	375	243	387	000000	/font/5000/47
	242		250			/font/5000/75
	249		257			/font/5000/6e
	256		264			/font/5000/73
	263		271			/font/5000/68
	270		278			/font/5000/69
	277		285			/font/5000/70
	234	374	242	386	ffff00	/font/5000/47
	241		249			/font/5000/75
	248		256			/font/5000/6e
	255		263			/font/5000/73
	262		270			/font/5000/68
	269		277			/font/5000/69
	276		284			/font/5000/70
line	294	425	306	416	489048
			292	410	
	306	416			204020
draw	0	0	128	480	/pictures/501.png
	608		640		/pictures/512.png
tint	29	159	37	172	ff0000	/font/5001/34
	35		43			/font/5001/35
	41		49			/font/5001/38
line	614	456	614	359	007fff
		359	622		
	622			456	00488f
		456	614		
rect	615	360	622	456	0070e0
line	614	231	614	231	909048
			622		
	622				505028
			614		
	614	328		232	ffff7f
		232	622		
	622			328	909048
		328	614		
rect	615	233	622	328	e0e070
line	614	110	614	103	904848
		103	622		
	622			110	502828
		110	614		
rect	615	104	622	110	703838
line	614	200	614	111	ff7f7f
		111	622		
	622			200	904848
		200	614		
rect	615	112	622	200	e07070
line	618	8	629	8	90488f
			618	9	
	629		629		
	618	36		36	
			618	35	
	629		629		
rect	620	10	628	35	703870
		35			c060c0
	634	49	636	52	7fff7f
		53		56	60c060
		57		60	
		61		64	
		65		68	
		69		72	7fff7f
		73		76	60c060
		77		80	
		81		84	703800
		85		88	
		89		92	904800
		93		96	183018
		97		100	
		101		104	
		105		108	
		109		112	
		113		116	
		117		120	
		121		124	
		125		128	
		129		132	
		133		136	
		137		140	
		141		144	
		145		148	
		149		152	
		153		156	
		157		160	
		161		164	
		165		168	
		169		172	
		173		176	
		177		180	
		181		184	
		185		188	
		189		192	
		193		196	
		197		200	
		201		204	
		205		208	
		209		212	
		213		216	
		217		220	
		221		224	
		225		228	
		229		232	
		233		236	
		237		240	
		241		244	
		245		248	
		249		252	
		253		256	
		257		260	
		261		264	
		265		268	
		269		272	
		273		276	
		277		280	
		281		284	
		285		288	
		289		292	
		293		296	
		297		300	
		301		304	
		305		308	
		309		312	
		313		316	
		317		320	
		321		324	
		325		328	
		329		332	
		333		336	
		337		340	
		341		344	
		345		348	
		349		352	
		353		356	
		357		360	
		361		364	
		365		368	
		369		372	
		373		376	
		377		380	
		381		384	
		385		388	
		389		392	
		393		396	
		397		400	
		401		404	
		405		408	
		409		412	
		413		416	
		417		420	
		421		424	
		425		428	
		429		432	
		433		436	
		437		440	
		441		444	
		445		448	
	621	52	631	56	303000
		57		61	
		62		66	
		67		71	
		72		76	
		77		81	
		82		86	
	7	7	115	115	00ff00
	8	8	114	114	001000
	42	42	80	80	003000
point	70	104	008000
	60	21	
	65	68	
	51	69	
		65	
	76	68	
	50	69	
	68	105	
	47	71	
	59	80	
	57	63	
	60	21	
	70	104	
	57	78	
	54	85	
	47	83	
	107	37	
	73	107	
	46	82	
			
	45	81	
	71	107	
	64	42	
rect	12	320	121	440	001000
tint	15	320	23	333	00ff00	/font/5001/42
	21		29			/font/5001/55
	27		35			/font/5001/49
	33		41			/font/5001/4c
	39		47			/font/5001/44
	45		53			/font/5001/20
	51		59			/font/5001/53
	57		65			/font/5001/48
	63		71			/font/5001/49
	69		77			/font/5001/50
	75		83			/font/5001/53
line	12	342	119	342	009000
tint	15	332	23	345	00ff00	/font/5001/50
	21		29			/font/5001/69
	27		35			/font/5001/63
	33		41			/font/5001/74
	39		47			/font/5001/6f
	45		53			/font/5001/72
	51		59			/font/5001/69
	57		65			/font/5001/73
	63		71			/font/5001/20
	69		77			/font/5001/42
	75		83			/font/5001/65
	81		89			/font/5001/74
	87		95			/font/5001/61
	15	344	23	357		/font/5001/46
	21		29			/font/5001/69
	27		35			/font/5001/67
	33		41			/font/5001/68
	39		47			/font/5001/74
	45		53			/font/5001/65
	51		59			/font/5001/72
	15	356	23	369		/font/5001/43
	21		29			/font/5001/72
	27		35			/font/5001/75
	33		41			/font/5001/69
	39		47			/font/5001/73
	45		53			/font/5001/65
	51		59			/font/5001/72
line	12	379	12	368	009000
		368	120		
	120			379	005000
		379	12		
rect	13	369	120	379	007000
tint	15	368	23	381	003000	/font/5001/47
	21		29			/font/5001/75
	27		35			/font/5001/6e
	33		41			/font/5001/73
	39		47			/font/5001/68
	45		53			/font/5001/69
	51		59			/font/5001/70
	15	380	23	393	00ff00	/font/5001/54
	21		29			/font/5001/72
	27		35			/font/5001/61
	33		41			/font/5001/6e
	39		47			/font/5001/73
	45		53			/font/5001/70
	51		59			/font/5001/6f
	57		65			/font/5001/72
	63		71			/font/5001/74
line	12	438	119	438	009000
rect	16	450	114	475	001010
line	17	461	17	450	00c0c0
		450	43		
	43			461	007070
		461	17		
rect	18	451	43	461	009090
tint	19	450	27	463	00ffff	/font/5001/52
	25		33			/font/5001/47
	31		39			/font/5001/48
	37		45			/font/5001/54
	43		51			/font/5001/20
	49		57			/font/5001/42
	55		63			/font/5001/75
	61		69			/font/5001/69
	67		75			/font/5001/6c
	73		81			/font/5001/64
line	17	473	17	462	00c0c0
		462	43		
	43			473	007070
		473	17		
rect	18	463	43	473	009090
tint	19	462	27	475	00ffff	/font/5001/4c
	25		33			/font/5001/45
	31		39			/font/5001/46
	37		45			/font/5001/54
	43		51			/font/5001/20
	49		57			/font/5001/4d
	55		63			/font/5001/61
	61		69			/font/5001/69
	67		75			/font/5001/6e
	73		81			/font/5001/20
	79		87			/font/5001/4d
	85		93			/font/5001/65
	91		99			/font/5001/6e
	97		105			/font/5001/75
rect	12	180	120	192	000000
line	12	191	12	180	ffff00
		180	119		
	119			191	909000
		191	12		
rect	13	181	119	191	c0c000
tint	15	180	23	193	000000	/font/5001/43
	21		29			/font/5001/4f
	27		35			/font/5001/4e
	33		41			/font/5001/54
	39		47			/font/5001/52
	45		53			/font/5001/4f
	51		59			/font/5001/4c
rect	12	192	120	204	000000
tint	15	192	23	205	7fff7f	/font/5001/47
	21		29			/font/5001/55
	27		35			/font/5001/4e
	33		41			/font/5001/53
	39		47			/font/5001/48
	45		53			/font/5001/49
	51		59			/font/5001/50
rect	14	204	36	226	000000
draw	18	206	32	224	/sprites/652.SMIV/0
line	14	204	35	204	489048
			14	205	
	35		35		
	14	225		225	
			14	224	
	35		35		
rect	40	204	51	226	000000
	42	206	49	206	003870
				224	0060c0
line	40	204	50	204	00488f
			40	205	
	50		50		
	40	225		225	
			40	224	
	50		50		
rect	53	204	64	226	000000
	55	206	62	207	707000
		207		224	c0c000
line	53	204	63	204	909000
			53	205	
	63		63		
	53	225		225	
			53	224	
	63		63		
rect	69	204	120	216	000000
tint	69	204	77	217	7fff7f	/font/5001/4c
	75		83			/font/5001/53
	81		89			/font/5001/52
	87		95			/font/5001/54
	93		101			/font/5001/55
	99		107			/font/5001/52
	105		113			
	111		119			/font/5001/54
rect	69	216	120	228	000000
tint	69	216	77	229	7fff7f	/font/5001/4d
	75		83			/font/5001/47
	81		89			/font/5001/4e
	87		95			/font/5001/54
	93		101			/font/5001/4f
	99		107			/font/5001/50
	105		113			/font/5001/4c
	111		119			/font/5001/53
rect	69	192	120	204	000000
	12	228		240	
tint	12	228	20	241	00ff00	/font/5001/47
	18		26			/font/5001/75
	24		32			/font/5001/6e
	30		38			/font/5001/73
	36		44			/font/5001/68
	42		50			/font/5001/69
	48		56			/font/5001/70
rect	12	252	120	264	000000
line	12	263	12	252	007fff
		252	119		
	119			263	00488f
		263	12		
rect	13	253	119	263	0060c0
tint	15	252	23	265	000000	/font/5001/54
	21		29			/font/5001/41
	27		35			/font/5001/52
	33		41			/font/5001/47
	39		47			/font/5001/45
	45		53			/font/5001/54
rect	12	264	120	276	000000
tint	15	264	23	277	7fff7f	/font/5001/47
	21		29			/font/5001/55
	27		35			/font/5001/4e
	33		41			/font/5001/53
	39		47			/font/5001/48
	45		53			/font/5001/49
	51		59			/font/5001/50
rect	14	276	36	298	000000
draw	18	278	32	296	/sprites/652.SMIV/0
line	14	276	35	276	489048
			14	277	
	35		35		
	14	297		297	
			14	296	
	35		35		
rect	40	276	51	298	000000
	42	278	49	278	003870
				296	0060c0
line	40	276	50	276	00488f
			40	277	
	50		50		
	40	297		297	
			40	296	
	50		50		
rect	53	276	64	298	000000
	55	278	62	279	707000
		279		296	c0c000
line	53	276	63	276	909000
			53	277	
	63		63		
	53	297		297	
			53	296	
	63		63		
rect	69	276	120	288	000000
tint	69	276	77	289	7fff7f	/font/5001/4c
	75		83			/font/5001/53
	81		89			/font/5001/52
	87		95			/font/5001/54
	93		101			/font/5001/55
	99		107			/font/5001/52
	105		113			
	111		119			/font/5001/54
rect	69	288	120	300	000000
tint	69	288	77	301	7fff7f	/font/5001/4d
	75		83			/font/5001/47
	81		89			/font/5001/4e
	87		95			/font/5001/54
	93		101			/font/5001/4f
	99		107			/font/5001/50
	105		113			/font/5001/4c
	111		119			/font/5001/53
rect	69	264	120	276	000000
	12	300		312	
tint	12	300	20	313	00ff00	/font/5001/47
	18		26			/font/5001/75
	24		32			/font/5001/6e
	30		38			/font/5001/73
	36		44			/font/5001/68
	42		50			/font/5001/69
	48		56			/font/5001/70
