point	346	427	808080
	525	415	b0b0b0
	474	469	d0d0d0
	441	43	808080
	149	387	d0d0d0
	446	436	
	198	337	b0b0b0
	296	88	d0d0d0
	578	252	808080
	481	413	b0b0b0
	509	473	
	505	166	
	601	417	
	545	453	808080
	553	265	b0b0b0
	138	95	
	285	232	808080
	411	389	b0b0b0
	233	224	808080
	238	408	
	583	10	d0d0d0
	483	247	808080
	225	328	b0b0b0
	450	437	808080
	150	157	b0b0b0
	171	237	
	245	142	
	329	247	d0d0d0
	318	471	808080
	333	159	
	419	15	
	557	170	
	189	241	b0b0b0
	428	7	808080
	211	61	
	360	453	b0b0b0
	327	210	808080
	297	170	b0b0b0
	437	144	808080
	341	472	
	232	374	b0b0b0
	219	320	808080
	243	386	d0d0d0
	250	197	b0b0b0
	575	460	d0d0d0
	380	406	808080
	594	22	b0b0b0
	415	199	
	532	249	808080
	166	111	b0b0b0
	204	470	d0d0d0
	368	111	b0b0b0
	220	72	
	311	294	808080
	253	285	
	398	156	b0b0b0
	378	297	808080
	433	375	d0d0d0
	231	205	b0b0b0
	512	414	d0d0d0
	333	428	b0b0b0
	400	218	d0d0d0
	402	27	b0b0b0
	274	119	808080
	179	472	d0d0d0
	244	461	
	571	46	b0b0b0
	270	400	
	354	368	d0d0d0
	563	104	b0b0b0
	597	20	808080
	347	457	b0b0b0
	499	44	808080
	150	319	b0b0b0
	590	347	
	344	46	808080
	372	308	b0b0b0
	189	445	d0d0d0
	302	315	b0b0b0
	481	159	
	566	469	808080
	272	107	
	515	125	b0b0b0
	417	336	808080
	440	115	
	391	91	b0b0b0
	194	89	d0d0d0
	175	389	b0b0b0
	540	387	
	182	208	808080
	230	99	d0d0d0
	419	178	808080
	402	160	
	439	84	b0b0b0
	387	394	808080
	266	255	
	204	261	
	178	23	b0b0b0
	416	369	d0d0d0
	149	423	b0b0b0
	588	240	808080
	603	415	b0b0b0
	464	254	
	446	323	d0d0d0
	179		
	489	115	808080
	383	143	b0b0b0
	518	462	808080
	575	0	d0d0d0
	258	120	
	137	423	b0b0b0
	434	166	808080
	135	295	d0d0d0
	587	212	808080
	467	35	
	139	168	d0d0d0
	339	459	b0b0b0
	406	127	
	341	165	
	456	399	
	383	65	
	561	424	808080
	384	272	b0b0b0
	575	373	d0d0d0
	600	168	808080
rect	194	0	195	481	005000
	302		303		
	410		411		
	518		519		
	128	1	609	2	
		109		110	
		217		218	
		325		326	
		433		434	
line	357	250	357	250	7fff7f
	356	251	356		
		252		252	
	352	249	352	249	
	356	248	356	248	
	354	252	354	252	
	358	248	358	248	
rect	595	234	611	250	009000
	603	221	615	233	
	621	263	633	275	
	358	252	370	264	900000
	351	196	363	208	
	353	226	369	242	009000
triangle	336	242	346	252	00c000
diamond	451	218	471	238	c00000
triangle	362	234	372	244	00c000
	353	197	361	205	c00000
diamond	335	224	351	240	00c000
	341	220	357	236	
triangle	514	246	524	256	00c000
	604	222	614	232	c00000
	475	242	485	252	00c000
	346	253	356	263	
	537		547		
	508	249	518	259	
	351	243	361	253	
	512	256	518	262	
	452	243	458	249	c00000
	356	241	366	251	00c000
	346	244	356	254	
	355	228	365	238	
	501	256	511	266	
	515	229	521	235	c00000
	348	247	358	257	00c000
	353	198	361	206	c00000
	412	261	418	267	
	355	231	365	241	00c000
	363	257	369	263	c00000
	354	241	364	251	00c000
	349	194	359	204	c00000
	621	266	631	276	00c000
	553	257	559	263	c00000
rect	339	237	341	239	c00000
triangle	361	255	369	263	c00000
rect	636	247	638	249	c00000
	352	250	354	252	00ff00
		251		253	
	355	247	357	249	
dither	351	259	406	276	303000
crop	355	263	362	274	56	44	000000	/fonts/tactical.png
	362		369		40	77		
	369		376		112	66		
	376		383		24	77		
	383		390		64	66		
	390		397		72			
	397		404		0	77		
	354	262	361	273	56	44	ffff00	
	361		368		40	77		
	368		375		112	66		
	375		382		24	77		
	382		389		64	66		
	389		396		72			
	396		403		0	77		
dither	200	50	360	67	003030
crop	204	54	211	65	80	55	000000	/fonts/tactical.png
	211		218		120	66		
	218		225					
	225		232		104			
	232		239		0	22		
	239		246		32	77		
	246		253		120	66		
	253		260		0	22		
	260		267		24	44		
	267		274		96	66		
	274		281		120			
	281		288		24	77		
	288		295		40	66		
	295		302		24	77		
	302		309		32			
	309		316		0	22		
	316		323		120	44		
	323		330		16	66		
	330		337		80			
	337		344		40			
	344		351		24			
	351		358		32	77		
	203	53	210	64	80	55	00ffff	
	210		217		120	66		
	217		224					
	224		231		104			
	231		238		0	22		
	238		245		32	77		
	245		252		120	66		
	252		259		0	22		
	259		266		24	44		
	266		273		96	66		
	273		280		120			
	280		287		24	77		
	287		294		40	66		
	294		301		24	77		
	301		308		32			
	308		315		0	22		
	315		322		120	44		
	322		329		16	66		
	329		336		80			
	336		343		40			
	343		350		24			
	350		357		32	77		
line	484	400	483	385	489048
			470	394	
	483	385			204020
draw	0	0	128	480	/pictures/501.png
	608		640		/pictures/512.png
crop	29	159	35	171	32	36	ff0000	/fonts/computer.png
	35		41		40			
	41		47		64			
rect	614	359	615	457	007fff
			623	360	
	622			457	00488f
	614	456			
	615	360	622	456	0070e0
	614	231	615	232	909048
			623		
	622				505028
	614				
		232	615	329	ffff7f
			623	233	
	622			329	909048
	614	328			
	615	233	622	328	e0e070
	614	103	615	111	904848
			623	104	
	622			111	502828
	614	110			
	615	104	622	110	703838
	614	111	615	201	ff7f7f
			623	112	
	622			201	904848
	614	200			
	615	112	622	200	e07070
	618	8	630	9	90488f
			619	10	
	629		630		
	618	36		37	
		35	619		
	629		630		
	620	10	628	35	703870
		35			c060c0
	634	49	636	52	007fff
		53		56	0060c0
		57		60	
		61		64	
		65		68	
		69		72	007fff
		73		76	0060c0
		77		80	
		81		84	
		85		88	
		89		92	007fff
		93		96	183018
		97		100	
		101		104	
		105		108	
		109		112	
		113		116	
		117		120	
		121		124	
		125		128	
		129		132	
		133		136	
		137		140	
		141		144	
		145		148	
		149		152	
		153		156	
		157		160	
		161		164	
		165		168	
		169		172	
		173		176	
		177		180	
		181		184	
		185		188	
		189		192	
		193		196	
		197		200	
		201		204	
		205		208	
		209		212	
		213		216	
		217		220	
		221		224	
		225		228	
		229		232	
		233		236	
		237		240	
		241		244	
		245		248	
		249		252	
		253		256	
		257		260	
		261		264	
		265		268	
		269		272	
		273		276	
		277		280	
		281		284	
		285		288	
		289		292	
		293		296	
		297		300	
		301		304	
		305		308	
		309		312	
		313		316	
		317		320	
		321		324	
		325		328	
		329		332	
		333		336	
		337		340	
		341		344	
		345		348	
		349		352	
		353		356	
		357		360	
		361		364	
		365		368	
		369		372	
		373		376	
		377		380	
		381		384	
		385		388	
		389		392	
		393		396	
		397		400	
		401		404	
		405		408	
		409		412	
		413		416	
		417		420	
		421		424	
		425		428	
		429		432	
		433		436	
		437		440	
		441		444	
		445		448	
	621	52	631	56	303000
		57		61	
		62		66	
		67		71	
		72		76	
		77		81	
		82		86	
	7	7	115	115	00ff00
	8	8	114	114	001000
					003000
point	57	89	008000
	52	53	
	21	73	
	25	51	
	34	45	
	36	88	
	44	80	
		72	
	47	75	
	38	80	
	49	51	
	40	80	
	61	12	
	55	91	
	37	74	
	52	56	
		70	
	48	71	
	71	86	
	44	73	
	45	78	
	43	81	
	40	85	
	48	71	
	60	92	
	69	82	
	20	60	
	58	91	
rect	12	320	121	440	001000
		342	120	343	009000
		368	13	380	
			121	369	
	120			380	005000
	12	379			
	13	369	120	379	007000
	12	438		439	009000
	16	450	114	475	001010
	17		18	462	00c0c0
			44	451	
	43			462	007070
	17	461			
	18	451	43	461	009090
	17	462	18	474	00c0c0
			44	463	
	43			474	007070
	17	473			
	18	463	43	473	009090
crop	15	320	21	332	16	48	00ff00	/fonts/computer.png
	21		27		40	60		
	27		33		72	48		
	33		39		96			
	39		45		32			
	45		51		0	24		
	51		57		24	60		
	57		63		64	48		
	63		69		72			
	69		75		0	60		
	75		81		24			
	15	332	21	344	0			
	21		27		72	72		
	27		33		24			
	33		39		32	84		
	39		45		120	72		
	45		51		16	84		
	51		57		72	72		
	57		63		24	84		
	63		69		0	24		
	69		75		16	48		
	75		81		40	72		
	81		87		32	84		
	87		93		8	72		
	15	344	21	356	48	48		
	21		27		72	72		
	27		33		56			
	33		39		64			
	39		45		32	84		
	45		51		40	72		
	51		57		16	84		
	15	356	21	368	24	48		
	21		27		16	84		
	27		33		40			
	33		39		72	72		
	39		45		24	84		
	45		51		40	72		
	51		57		16	84		
	15	368	21	380	56	48		
	21		27		40	84		
	27		33		112	72		
	33		39		24	84		
	39		45		64	72		
	45		51		72			
	51		57		0	84		
	15	380	21	392	32	60		
	21		27		16	84		
	27		33		8	72		
	33		39		112			
	39		45		24	84		
	45		51		0			
	51		57		120	72		
	57		63		16	84		
	63		69		32			
	19	450	25	462	16	60	00ffff	
	25		31		56	48		
	31		37		64			
	37		43		32	60		
	43		49		0	24		
	49		55		16	48		
	55		61		40	84		
	61		67		72	72		
	67		73		96			
	73		79		32			
	19	462	25	474	96	48		
	25		31		40			
	31		37		48			
	37		43		32	60		
	43		49		0	24		
	49		55		104	48		
	55		61		8	72		
	61		67		72			
	67		73		112			
	73		79		0	24		
	79		85		104	48		
	85		91		40	72		
	91		97		112			
	97		103		40	84		
rect	12	180	13	192	ffff00
			121	181	
	120			192	909000
	12	191			
	13	181	120	191	c0c000
crop	15	180	21	192	24	48	000000	/fonts/computer.png
	21		27		120			
	27		33		112			
	33		39		32	60		
	39		45		16			
	45		51		120	48		
	51		57		96			
	15	192	21	204	56		7fff7f	
	21		27		40	60		
	27		33		112	48		
	33		39		24	60		
	39		45		64	48		
	45		51		72			
	51		57		0	60		
	18	206	32	224	16	3	ffffff	/sprites/...
rect	14	204	36	205	489048
			15	206	
	35		36		
	14	225		226	
		224	15		
	35		36		
	42	206	49	206	003870
				224	0060c0
	40	204	51	205	00488f
			41	206	
	50		51		
	40	225		226	
		224	41		
	50		51		
	55	206	62	206	707000
				224	c0c000
	53	204	64	205	909000
			54	206	
	63		64		
	53	225		226	
		224	54		
	63		64		
crop	69	204	75	216	96	48	7fff7f	/fonts/computer.png
	75		81		24	60		
	81		87		16			
	87		93		32			
	93		99		40			
	99		105		16			
	105		111					
	111		117		32			
	69	216	75	228	104	48		
	75		81		56			
	81		87		112			
	87		93		32	60		
	93		99		120	48		
	99		105		0	60		
	105		111		96	48		
	111		117		24	60		
	12	228	18	240	56	48	00ff00	
	18		24		40	84		
	24		30		112	72		
	30		36		24	84		
	36		42		64	72		
	42		48		72			
	48		54		0	84		
rect	12	252	13	264	007fff
			121	253	
	120			264	00488f
	12	263			
	13	253	120	263	0060c0
crop	15	252	21	264	32	60	000000	/fonts/computer.png
	21		27		8	48		
	27		33		16	60		
	33		39		56	48		
	39		45		40			
	45		51		32	60		
	15	264	21	276	56	48	7fff7f	
	21		27		40	60		
	27		33		112	48		
	33		39		24	60		
	39		45		64	48		
	45		51		72			
	51		57		0	60		
	18	278	32	296	16	3	ffffff	/sprites/...
rect	14	276	36	277	489048
			15	278	
	35		36		
	14	297		298	
		296	15		
	35		36		
	42	278	49	278	003870
				296	0060c0
	40	276	51	277	00488f
			41	278	
	50		51		
	40	297		298	
		296	41		
	50		51		
	55	278	62	279	707000
		279		296	c0c000
	53	276	64	277	909000
			54	278	
	63		64		
	53	297		298	
		296	54		
	63		64		
crop	69	276	75	288	96	48	7fff7f	/fonts/computer.png
	75		81		24	60		
	81		87		16			
	87		93		32			
	93		99		40			
	99		105		16			
	105		111					
	111		117		32			
	69	288	75	300	104	48		
	75		81		56			
	81		87		112			
	87		93		32	60		
	93		99		120	48		
	99		105		0	60		
	105		111		96	48		
	111		117		24	60		
	12	300	18	312	56	48	00ff00	
	18		24		40	84		
	24		30		112	72		
	30		36		24	84		
	36		42		64	72		
	42		48		72			
	48		54		0	84		
