point	587	473	808080
	236	238	b0b0b0
	135	145	
	380	147	808080
	590	449	
	164	298	d0d0d0
	598	231	808080
	502	147	
	430	223	d0d0d0
	142	200	808080
	176	352	b0b0b0
	216	200	d0d0d0
	224	80	808080
	279	169	d0d0d0
	220	456	b0b0b0
	213	130	808080
	382	335	
	573	109	
	330	327	
	309	62	d0d0d0
	302	108	808080
	579	102	
	438	2	
	480	120	d0d0d0
	297	312	b0b0b0
	318	392	
	392	297	
	146	475	808080
	541	94	
	430	262	
	208	235	d0d0d0
	175	402	808080
	336	396	b0b0b0
	373	220	d0d0d0
	561	407	b0b0b0
	313	171	d0d0d0
	424	313	808080
	444	325	b0b0b0
	534	247	808080
	578	151	b0b0b0
	477	65	d0d0d0
	316	423	808080
	389	58	
	397	352	b0b0b0
	173	26	
	142	43	
	596	236	d0d0d0
	561		b0b0b0
	151	267	808080
	204	177	
	249	148	b0b0b0
	256	177	808080
	598	263	
	408	397	
	350	388	
	565	154	
	475	400	
	423	7	b0b0b0
	378	360	
	401	117	d0d0d0
	239	69	808080
	598	430	b0b0b0
	221	458	d0d0d0
	371	222	808080
	477	199	d0d0d0
	471	96	808080
	229	116	b0b0b0
	590	311	808080
	564	403	b0b0b0
	336	137	
	287	124	808080
	311	132	b0b0b0
	269	297	d0d0d0
	297	474	b0b0b0
	229	313	d0d0d0
	588	243	808080
	519	463	b0b0b0
	347	87	808080
	449	470	b0b0b0
	142	475	808080
	211	441	b0b0b0
	369	210	808080
	164	338	
	514	439	
	537	218	
	454	164	
	218	293	d0d0d0
	366	43	808080
	233	440	d0d0d0
	279	311	808080
	448	4	
	516	281	
	499	263	
	595	7	
	239	25	b0b0b0
	363	358	808080
	301	364	
	545	84	d0d0d0
	560	317	b0b0b0
	182	99	
	206	237	808080
	208	168	
	130	405	b0b0b0
	290	273	d0d0d0
	326	25	808080
	585	383	
	530	298	b0b0b0
	503		d0d0d0
	423	102	808080
	374	163	
	535	98	b0b0b0
	531	269	808080
	229	200	
	329	112	b0b0b0
	551	474	
	335	375	d0d0d0
	395	134	b0b0b0
	570	165	808080
	488	320	b0b0b0
	601	239	
	252	294	d0d0d0
	313	284	
	531	427	b0b0b0
	189	145	808080
	453	179	
	280	424	100800
	283	423	
	288	430	
	273	419	
	301	421	
	281	412	
	310	404	
	309	418	
	286	407	
	297	434	
	283	415	603000
	300	412	
	287	410	
	294	424	
	285	399	
	290	409	
	298	414	
	290	407	
	277	418	
	279	414	
	278	405	703800
	284	402	
	278	408	
	282	413	
	300	401	
	301	400	
	296	419	
	298	402	
	277	410	
	292	400	
	297	432	201000
	284		
	283	430	
	297	415	
	271	407	
	295	434	
	270	425	
	298	409	
	273	414	
	270	433	
	295	401	301800
	275	424	
	281	425	
	300	401	
	283	403	
	299	431	
	293	412	
	309	421	
	285	404	
	277		
	287	418	402000
	276	425	
	308	412	
	288	419	
	307	421	
	281	430	
	293	403	
	305	421	
	293	428	
	296	406	
	300	414	603000
	286	415	
	293	422	
	300	406	
	276	417	
	293	399	
	285	418	
	279	420	
	287	402	
	288	423	
line	281	0	281	480	002850
	486		486		
	128	120	608	120	005000
		325		325	002850
	281	395	279	394	7fff7f
	296	402	295	401	
	283	393	283	392	
	278	410	278	409	
	263		264		
	277	408	278		
	242	437	244	437	
	239	444	240	443	
rect	334	419	346	431	900000
	276	-2	288	10	
	306	234	322	250	009000
triangle	287	378	297	388	00c000
diamond	213	-1	233	19	c00000
triangle	362	234	372	244	00c000
diamond	332	417	348	433	00c000
	291	392	307	408	
triangle	262	402	272	412	00c000
	237	338	247	348	
	262	378	272	388	
	285	209	295	219	
	260	406	270	416	
	239	363	249	373	
	455	404	461	410	c00000
	351	245	361	255	005000
	262	379	272	389	00c000
	284	374	294	384	
	317	233	327	243	
	277	425	287	435	
	278	1	286	9	c00000
	257	397	267	407	00c000
	266	404	276	414	
	283	12	293	22	c00000
rect	353	427	355	429	c00000
	329	342	331	344	
	374	329	376	331	
	390	368	392	370	
	236	472	238	474	
	254	449	256	451	
	283	399	285	401	
	280	396	282	398	
plus	324	231	334	241	00c000
rect	287	397	289	399	c00000
	269	392	271	394	
	284	388	286	390	00ff00
	288	394	290	396	
	286	400	288	402	
	288	383	290	385	
	277	401	279	403	007fff
	281	407	283	409	00ff00
	285	406	287	408	
	279	396	283	400	ff0000
	318	403	322	407	
	263	381	267	385	
dither	267	394	322	411	303000
tint	271	398	279	410	000000	/font/5000/47
	278		286			/font/5000/75
	285		293			/font/5000/6e
	292		300			/font/5000/73
	299		307			/font/5000/68
	306		314			/font/5000/69
	313		321			/font/5000/70
	270	397	278	409	ffff00	/font/5000/47
	277		285			/font/5000/75
	284		292			/font/5000/6e
	291		299			/font/5000/73
	298		306			/font/5000/68
	305		313			/font/5000/69
	312		320			/font/5000/70
dither	340	405	451	422	001830
tint	344	409	352	421	000000	/font/5000/50
	351		359			/font/5000/69
	358		366			/font/5000/63
	365		373			/font/5000/74
	372		380			/font/5000/6f
	379		387			/font/5000/72
	386		394			/font/5000/69
	393		401			/font/5000/73
	400		408			/font/5000/20
	407		415			/font/5000/42
	414		422			/font/5000/65
	421		429			/font/5000/74
	428		436			/font/5000/61
	435		443			/font/5000/20
	442		450			/font/5000/31
	343	408	351	420	007fff	/font/5000/50
	350		358			/font/5000/69
	357		365			/font/5000/63
	364		372			/font/5000/74
	371		379			/font/5000/6f
	378		386			/font/5000/72
	385		393			/font/5000/69
	392		400			/font/5000/73
	399		407			/font/5000/20
	406		414			/font/5000/42
	413		421			/font/5000/65
	420		428			/font/5000/74
	427		435			/font/5000/61
	434		442			/font/5000/20
	441		449			/font/5000/31
line	175	290	190	294	489048
			186	279	
	190	294			204020
draw	0	0	128	480	/pictures/501.png
	608		640		/pictures/512.png
tint	29	159	37	172	ff0000	/font/5001/34
	35		43			/font/5001/35
	41		49			/font/5001/38
line	614	456	614	359	007fff
		359	622		
	622			456	00488f
		456	614		
rect	615	360	622	456	0070e0
line	614	231	614	231	909048
			622		
	622				505028
			614		
	614	328		232	ffff7f
		232	622		
	622			328	909048
		328	614		
rect	615	233	622	328	e0e070
line	614	111	614	103	904848
		103	622		
	622			111	502828
		111	614		
rect	615	104	622	111	703838
line	614	200	614	112	ff7f7f
		112	622		
	622			200	904848
		200	614		
rect	615	113	622	200	e07070
line	618	8	629	8	90488f
			618	9	
	629		629		
	618	36		36	
			618	35	
	629		629		
rect	620	10	628	35	703870
		35			c060c0
	634	49	636	52	7fff7f
		53		56	60c060
		57		60	
		61		64	
		65		68	
		69		72	7fff7f
		73		76	60c060
		77		80	
		81		84	
		85		88	
		89		92	007fff
		93		96	0060c0
		97		100	
		101		104	
		105		108	183018
		109		112	
		113		116	
		117		120	
		121		124	
		125		128	
		129		132	
		133		136	
		137		140	
		141		144	
		145		148	
		149		152	
		153		156	
		157		160	
		161		164	
		165		168	
		169		172	
		173		176	
		177		180	
		181		184	
		185		188	
		189		192	
		193		196	
		197		200	
		201		204	
		205		208	
		209		212	
		213		216	
		217		220	
		221		224	
		225		228	
		229		232	
		233		236	
		237		240	
		241		244	
		245		248	
		249		252	
		253		256	
		257		260	
		261		264	
		265		268	
		269		272	
		273		276	
		277		280	
		281		284	
		285		288	
		289		292	
		293		296	
		297		300	
		301		304	
		305		308	
		309		312	
		313		316	
		317		320	
		321		324	
		325		328	
		329		332	
		333		336	
		337		340	
		341		344	
		345		348	
		349		352	
		353		356	
		357		360	
		361		364	
		365		368	
		369		372	
		373		376	
		377		380	
		381		384	
		385		388	
		389		392	
		393		396	
		397		400	
		401		404	
		405		408	
		409		412	
		413		416	
		417		420	
		421		424	
		425		428	
		429		432	
		433		436	
		437		440	
		441		444	
		445		448	
	621	52	631	56	303000
		57		61	
		62		66	
		67		71	
		72		76	
		77		81	
		82		86	
	7	7	115	115	00ff00
	8	8	114	114	001000
	14	14	108	108	003000
point	57	98	008000
	45	15	
	51	61	
	47	89	
	33	15	
	46	13	
	56	97	
	48	92	
	41	89	
		93	
	44	91	
	32	11	
	37	83	
		86	
	46	56	
	42	94	
	45	93	
	81	94	
	46	98	
		89	
	41	99	
	45	15	
	41	89	
	42		
	46	97	
	41	93	
	59	64	
	43	94	
	46	91	
		17	
	52	61	
	45	91	
	42	92	
	45	93	
		92	
	46	89	
	45	94	
		93	
	48	92	
	46		
	50	95	
	39	98	
	47	93	
	46		
	42	95	
	70	13	
	45	93	
			
	59	98	
	46	94	
rect	12	320	121	440	001000
tint	15	320	23	333	00ff00	/font/5001/42
	21		29			/font/5001/55
	27		35			/font/5001/49
	33		41			/font/5001/4c
	39		47			/font/5001/44
	45		53			/font/5001/20
	51		59			/font/5001/53
	57		65			/font/5001/48
	63		71			/font/5001/49
	69		77			/font/5001/50
	75		83			/font/5001/53
line	12	342	119	342	009000
tint	15	332	23	345	00ff00	/font/5001/50
	21		29			/font/5001/69
	27		35			/font/5001/63
	33		41			/font/5001/74
	39		47			/font/5001/6f
	45		53			/font/5001/72
	51		59			/font/5001/69
	57		65			/font/5001/73
	63		71			/font/5001/20
	69		77			/font/5001/42
	75		83			/font/5001/65
	81		89			/font/5001/74
	87		95			/font/5001/61
	15	344	23	357		/font/5001/46
	21		29			/font/5001/69
	27		35			/font/5001/67
	33		41			/font/5001/68
	39		47			/font/5001/74
	45		53			/font/5001/65
	51		59			/font/5001/72
	15	356	23	369		/font/5001/43
	21		29			/font/5001/72
	27		35			/font/5001/75
	33		41			/font/5001/69
	39		47			/font/5001/73
	45		53			/font/5001/65
	51		59			/font/5001/72
	15	368	23	381		/font/5001/47
	21		29			/font/5001/75
	27		35			/font/5001/6e
	33		41			/font/5001/73
	39		47			/font/5001/68
	45		53			/font/5001/69
	51		59			/font/5001/70
line	12	391	12	380	009000
		380	120		
	120			391	005000
		391	12		
rect	13	381	120	391	007000
tint	15	380	23	393	00ff00	/font/5001/54
	21		29			/font/5001/72
	27		35			/font/5001/61
	33		41			/font/5001/6e
	39		47			/font/5001/73
	45		53			/font/5001/70
	51		59			/font/5001/6f
	57		65			/font/5001/72
	63		71			/font/5001/74
line	12	438	119	438	009000
rect	16	450	114	475	001010
line	17	461	17	450	00c0c0
		450	43		
	43			461	007070
		461	17		
rect	18	451	43	461	009090
tint	19	450	27	463	00ffff	/font/5001/52
	25		33			/font/5001/47
	31		39			/font/5001/48
	37		45			/font/5001/54
	43		51			/font/5001/20
	49		57			/font/5001/42
	55		63			/font/5001/75
	61		69			/font/5001/69
	67		75			/font/5001/6c
	73		81			/font/5001/64
line	17	473	17	462	00c0c0
		462	43		
	43			473	007070
		473	17		
rect	18	463	43	473	009090
tint	19	462	27	475	00ffff	/font/5001/4c
	25		33			/font/5001/45
	31		39			/font/5001/46
	37		45			/font/5001/54
	43		51			/font/5001/20
	49		57			/font/5001/4d
	55		63			/font/5001/61
	61		69			/font/5001/69
	67		75			/font/5001/6e
	73		81			/font/5001/20
	79		87			/font/5001/4d
	85		93			/font/5001/65
	91		99			/font/5001/6e
	97		105			/font/5001/75
rect	12	180	120	192	000000
line	12	191	12	180	ffff00
		180	119		
	119			191	909000
		191	12		
rect	13	181	119	191	c0c000
tint	15	180	23	193	000000	/font/5001/43
	21		29			/font/5001/4f
	27		35			/font/5001/4e
	33		41			/font/5001/54
	39		47			/font/5001/52
	45		53			/font/5001/4f
	51		59			/font/5001/4c
rect	12	192	120	204	000000
tint	15	192	23	205	7fff7f	/font/5001/47
	21		29			/font/5001/55
	27		35			/font/5001/4e
	33		41			/font/5001/53
	39		47			/font/5001/48
	45		53			/font/5001/49
	51		59			/font/5001/50
rect	14	204	36	226	000000
draw	18	206	32	224	/sprites/652.SMIV/0
line	14	204	35	204	489048
			14	205	
	35		35		
	14	225		225	
			14	224	
	35		35		
rect	40	204	51	226	000000
	42	206	49	214	003870
		214		224	0060c0
line	40	204	50	204	00488f
			40	205	
	50		50		
	40	225		225	
			40	224	
	50		50		
rect	53	204	64	226	000000
	55	206	62	207	707000
		207		224	c0c000
line	53	204	63	204	909000
			53	205	
	63		63		
	53	225		225	
			53	224	
	63		63		
rect	69	204	120	216	000000
tint	69	204	77	217	7fff7f	/font/5001/4c
	75		83			/font/5001/53
	81		89			/font/5001/52
	87		95			/font/5001/54
	93		101			/font/5001/55
	99		107			/font/5001/52
	105		113			
	111		119			/font/5001/54
rect	69	216	120	228	000000
tint	69	216	77	229	7fff7f	/font/5001/4d
	75		83			/font/5001/47
	81		89			/font/5001/4e
	87		95			/font/5001/54
	93		101			/font/5001/4f
	99		107			/font/5001/50
	105		113			/font/5001/4c
	111		119			/font/5001/53
rect	69	192	120	204	000000
	12	228		240	
tint	12	228	20	241	00ff00	/font/5001/47
	18		26			/font/5001/75
	24		32			/font/5001/6e
	30		38			/font/5001/73
	36		44			/font/5001/68
	42		50			/font/5001/69
	48		56			/font/5001/70
rect	12	252	120	264	000000
line	12	263	12	252	007fff
		252	119		
	119			263	00488f
		263	12		
rect	13	253	119	263	0060c0
tint	15	252	23	265	000000	/font/5001/54
	21		29			/font/5001/41
	27		35			/font/5001/52
	33		41			/font/5001/47
	39		47			/font/5001/45
	45		53			/font/5001/54
rect	12	264	120	276	000000
tint	15	264	23	277	7fff7f	/font/5001/50
	21		29			/font/5001/69
	27		35			/font/5001/63
	33		41			/font/5001/74
	39		47			/font/5001/6f
	45		53			/font/5001/72
	51		59			/font/5001/69
	57		65			/font/5001/73
	63		71			/font/5001/20
	69		77			/font/5001/42
	75		83			/font/5001/65
	81		89			/font/5001/74
	87		95			/font/5001/61
	93		101			/font/5001/20
	99		107			/font/5001/31
rect	14	276	36	298	000000
draw	16	278	34	296	/sprites/1010.SMIV/0
line	14	276	35	276	489048
			14	277	
	35		35		
	14	297		297	
			14	296	
	35		35		
rect	40	276	51	298	000000
	53		64		
	69		120	288	
		288		300	
	12	300		312	
