point	564	470	808080
	202	234	b0b0b0
	579	302	
	357	144	808080
	567	446	
	597	374	d0d0d0
	575	228	808080
	479	144	
	385	217	d0d0d0
	594	279	b0b0b0
	142	348	
	170	195	d0d0d0
	201	77	808080
	233	164	d0d0d0
	186	453	b0b0b0
	190	127	808080
	360	332	
	551	106	
	308	324	
	264	57	d0d0d0
	280	106	808080
	557	99	
	133	478	b0b0b0
	434	114	d0d0d0
	263	308	b0b0b0
	284	388	
	358	293	
	598	380	d0d0d0
	518	92	808080
	408	259	
	162	230	d0d0d0
	152	399	808080
	302	392	b0b0b0
	328	214	d0d0d0
	527	404	b0b0b0
	267	166	d0d0d0
	402	310	808080
	410	321	b0b0b0
	512	244	808080
	544	147	b0b0b0
	431	60	d0d0d0
	294	420	808080
	366	55	
	363	348	b0b0b0
	139	22	
	580	274	d0d0d0
	551	230	
	526	232	b0b0b0
	128	264	808080
	182	174	
	215	144	b0b0b0
	234	174	808080
	576	260	
	386	394	
	328	385	
	542	151	
	453	397	
	388	4	b0b0b0
	344	356	
	355	111	d0d0d0
	216	66	808080
	564	426	b0b0b0
	176	452	d0d0d0
	349	219	808080
	431	194	d0d0d0
	449	93	808080
	195	112	b0b0b0
	568	309	808080
	530	399	b0b0b0
	302	133	
	264	121	808080
	277	128	b0b0b0
	223	291	d0d0d0
	263	470	b0b0b0
	184	307	d0d0d0
	565	240	808080
	485	459	b0b0b0
	325	84	808080
	415	466	b0b0b0
	594	188	
	177	437	
	347	207	808080
	142	335	
	492	436	
	515	215	
	431	161	
	172	287	d0d0d0
	343	40	808080
	187	435	d0d0d0
	257	308	808080
	425	1	
	494	278	
	477	260	
	573	4	
	205	22	b0b0b0
	341	355	808080
	279	361	
	500	79	d0d0d0
	526	313	b0b0b0
	148	95	
	183	235	808080
	185	165	
	575	383	b0b0b0
	244	267	d0d0d0
	304	23	808080
	563	380	
	496	294	b0b0b0
	457	292	d0d0d0
	400	99	808080
	351	161	
	501	95	b0b0b0
	509	266	808080
	206	198	
	295	109	b0b0b0
	517	470	
	290	370	d0d0d0
	360	131	b0b0b0
	547	163	808080
	454	316	b0b0b0
	567	235	
	206	288	d0d0d0
	268	279	
	497	423	b0b0b0
	166	142	808080
	430	176	
	304	416	ff7f00
			
	305		
	304		
			
			
			
			
			
		417	
rect	226	0	227	481	002850
	446		447		
	128	105	609	106	005000
		325		326	002850
line	293	428	291	430	7fff7f
rect	284	427	296	439	900000
	254	228	270	244	009000
triangle	179	456	189	466	00c000
diamond	193	-14	213	6	c00000
triangle	362	234	372	244	00c000
diamond	233	464	249	480	00c000
triangle	280	432	290	442	00c000
	267	304	277	314	
	202	421	212	431	
	348	233	358	243	
	251	431	261	441	
	257	436	267	446	
	301	413	307	419	c00000
	338	178	348	188	007000
	240	465	250	475	00c000
	210	427	220	437	
	348	233	358	243	
	249	384	259	394	
	191	401	201	411	
	236	380	246	390	
rect	338	458	340	460	c00000
	289	325	291	327	
	361	304	363	306	
	389	353	391	355	
	246	415	248	417	
	225	385	227	387	
plus	277	302	287	312	00c000
rect	227	422	229	424	c00000
		425		427	
line	168	233	181	241	489048
			182	226	
	181	241			204020
draw	0	0	128	480	/pictures/501.png
	608		640		/pictures/512.png
crop	29	159	35	171	32	36	ff0000	/fonts/computer
	35		41		40			
	41		47		64			
rect	614	359	615	457	007fff
			623	360	
	622			457	00488f
	614	456			
	615	360	622	456	0070e0
	614	231	615	232	909048
			623		
	622				505028
	614				
		232	615	329	ffff7f
			623	233	
	622			329	909048
	614	328			
	615	233	622	328	e0e070
	614	103	615	112	904848
			623	104	
	622			112	502828
	614	111			
	615	104	622	111	703838
	614	112	615	201	ff7f7f
			623	113	
	622			201	904848
	614	200			
	615	113	622	200	e07070
	618	8	630	9	90488f
			619	10	
	629		630		
	618	36		37	
		35	619		
	629		630		
	620	10	628	35	703870
		35			c060c0
	634	49	636	52	7fff7f
		53		56	60c060
		57		60	
		61		64	
		65		68	
		69		72	7fff7f
		73		76	60c060
		77		80	
		81		84	
		85		88	
		89		92	7fff7f
		93		96	0060c0
		97		100	
		101		104	
		105		108	
		109		112	183018
		113		116	
		117		120	
		121		124	
		125		128	
		129		132	
		133		136	
		137		140	
		141		144	
		145		148	
		149		152	
		153		156	
		157		160	
		161		164	
		165		168	
		169		172	
		173		176	
		177		180	
		181		184	
		185		188	
		189		192	
		193		196	
		197		200	
		201		204	
		205		208	
		209		212	
		213		216	
		217		220	
		221		224	
		225		228	
		229		232	
		233		236	
		237		240	
		241		244	
		245		248	
		249		252	
		253		256	
		257		260	
		261		264	
		265		268	
		269		272	
		273		276	
		277		280	
		281		284	
		285		288	
		289		292	
		293		296	
		297		300	
		301		304	
		305		308	
		309		312	
		313		316	
		317		320	
		321		324	
		325		328	
		329		332	
		333		336	
		337		340	
		341		344	
		345		348	
		349		352	
		353		356	
		357		360	
		361		364	
		365		368	
		369		372	
		373		376	
		377		380	
		381		384	
		385		388	
		389		392	
		393		396	
		397		400	
		401		404	
		405		408	
		409		412	
		413		416	
		417		420	
		421		424	
		425		428	
		429		432	
		433		436	
		437		440	
		441		444	
		445		448	
	621	52	631	56	303000
		57		61	
		62		66	
		67		71	
		72		76	
		77		81	
		82		86	
	7	7	115	115	00ff00
	8	8	114	114	001000
	18	18	104	104	003000
point	47	96	008000
	36	13	
	42	61	
	28	101	
	31	16	
	46	96	
	37	12	
	50	106	
	38	103	
	32	96	
	45	98	
	27	16	
	43	74	
	41	98	
	58	61	
	40	97	
	50	93	
	39	88	
	33	96	
	36	13	
	39	103	
	29	92	
	57	51	
	37	89	
		16	
	59	61	
	89	12	
	56	101	
	25	108	
	36	94	
	47	77	
	60	73	
	65	82	
	21	112	
	39	93	
	46	72	
	35	88	
	36	95	
rect	12	320	121	440	001000
		342	120	343	009000
		380	13	392	
			121	381	
	120			392	005000
	12	391			
	13	381	120	391	007000
	12	438		439	009000
	16	450	114	475	001010
	17		18	462	00c0c0
			44	451	
	43			462	007070
	17	461			
	18	451	43	461	009090
	17	462	18	474	00c0c0
			44	463	
	43			474	007070
	17	473			
	18	463	43	473	009090
crop	15	320	21	332	16	48	00ff00	/fonts/computer
	21		27		40	60		
	27		33		72	48		
	33		39		96			
	39		45		32			
	45		51		0	24		
	51		57		24	60		
	57		63		64	48		
	63		69		72			
	69		75		0	60		
	75		81		24			
	15	332	21	344	0			
	21		27		72	72		
	27		33		24			
	33		39		32	84		
	39		45		120	72		
	45		51		16	84		
	51		57		72	72		
	57		63		24	84		
	63		69		0	24		
	69		75		16	48		
	75		81		40	72		
	81		87		32	84		
	87		93		8	72		
	15	344	21	356	48	48		
	21		27		72	72		
	27		33		56			
	33		39		64			
	39		45		32	84		
	45		51		40	72		
	51		57		16	84		
	15	356	21	368	24	48		
	21		27		16	84		
	27		33		40			
	33		39		72	72		
	39		45		24	84		
	45		51		40	72		
	51		57		16	84		
	15	368	21	380	56	48		
	21		27		40	84		
	27		33		112	72		
	33		39		24	84		
	39		45		64	72		
	45		51		72			
	51		57		0	84		
	15	380	21	392	32	60		
	21		27		16	84		
	27		33		8	72		
	33		39		112			
	39		45		24	84		
	45		51		0			
	51		57		120	72		
	57		63		16	84		
	63		69		32			
	19	450	25	462	16	60	00ffff	
	25		31		56	48		
	31		37		64			
	37		43		32	60		
	43		49		0	24		
	49		55		16	48		
	55		61		40	84		
	61		67		72	72		
	67		73		96			
	73		79		32			
	19	462	25	474	96	48		
	25		31		40			
	31		37		48			
	37		43		32	60		
	43		49		0	24		
	49		55		104	48		
	55		61		8	72		
	61		67		72			
	67		73		112			
	73		79		0	24		
	79		85		104	48		
	85		91		40	72		
	91		97		112			
	97		103		40	84		
rect	12	180	13	192	ffff00
			121	181	
	120			192	909000
	12	191			
	13	181	120	191	c0c000
crop	15	180	21	192	24	48	000000	/fonts/computer
	21		27		120			
	27		33		112			
	33		39		32	60		
	39		45		16			
	45		51		120	48		
	51		57		96			
	15	192	21	204	56		7fff7f	
	21		27		40	60		
	27		33		112	48		
	33		39		24	60		
	39		45		64	48		
	45		51		72			
	51		57		0	60		
draw	18	206	32	224	/sprites/652.SMIV/0
rect	14	204	36	205	489048
			15	206	
	35		36		
	14	225		226	
		224	15		
	35		36		
	42	206	49	214	003870
		214		224	0060c0
	40	204	51	205	00488f
			41	206	
	50		51		
	40	225		226	
		224	41		
	50		51		
	55	206	62	207	707000
		207		224	c0c000
	53	204	64	205	909000
			54	206	
	63		64		
	53	225		226	
		224	54		
	63		64		
crop	69	204	75	216	96	48	7fff7f	/fonts/computer
	75		81		24	60		
	81		87		16			
	87		93		32			
	93		99		40			
	99		105		16			
	105		111					
	111		117		32			
	69	216	75	228	104	48		
	75		81		56			
	81		87		112			
	87		93		32	60		
	93		99		120	48		
	99		105		0	60		
	105		111		96	48		
	111		117		24	60		
	12	228	18	240	56	48	00ff00	
	18		24		40	84		
	24		30		112	72		
	30		36		24	84		
	36		42		64	72		
	42		48		72			
	48		54		0	84		
rect	12	252	13	264	007fff
			121	253	
	120			264	00488f
	12	263			
	13	253	120	263	0060c0
crop	15	252	21	264	32	60	000000	/fonts/computer
	21		27		8	48		
	27		33		16	60		
	33		39		56	48		
	39		45		40			
	45		51		32	60		
	15	264	21	276	0		7fff7f	
	21		27		72	72		
	27		33		24			
	33		39		32	84		
	39		45		120	72		
	45		51		16	84		
	51		57		72	72		
	57		63		24	84		
	63		69		0	24		
	69		75		16	48		
	75		81		40	72		
	81		87		32	84		
	87		93		8	72		
	93		99		0	24		
	99		105		16	36		
draw	16	278	34	296	/sprites/1011.SMIV/0
rect	14	276	36	277	489048
			15	278	
	35		36		
	14	297		298	
		296	15		
	35		36		
