point	129	80	b0b0b0
	269	186	
	166	263	
	402	112	808080
	132	206	
	167	433	
	139	287	
	524	112	
	474	153	d0d0d0
	198	351	
	209	300	b0b0b0
	259	130	d0d0d0
	246	45	808080
	323	100	d0d0d0
	252	404	b0b0b0
	235	96	808080
	405	300	
	595	74	
	353	292	
	396	475	
	324	74	
	601	67	
	200	430	b0b0b0
	524	50	d0d0d0
	330	260	b0b0b0
	351	340	
	425	245	
	167	346	808080
	563	60	
	453	227	
	252	166	d0d0d0
	197	368	808080
	369	344	b0b0b0
	417	150	d0d0d0
	594	355	b0b0b0
	356	101	d0d0d0
	447	278	808080
	477	273	b0b0b0
	557	212	808080
	130	253	b0b0b0
	570	474	d0d0d0
	339	388	808080
	411	23	
	430	300	b0b0b0
	470	461	808080
	189	291	d0d0d0
	144	127	808080
	593	183	b0b0b0
	173	232	808080
	226	143	
	282	95	b0b0b0
	278	143	808080
	147	407	b0b0b0
	431	362	808080
	373	353	
	587	119	
	498	365	
	261	434	b0b0b0
	411	308	
	444	47	d0d0d0
	261	34	808080
	158	241	d0d0d0
	265	388	
	394	187	808080
	521	130	d0d0d0
	494	61	808080
	262	64	b0b0b0
	137	283	d0d0d0
	596	351	b0b0b0
	368	85	
	309	89	808080
	344	80	b0b0b0
	312	227	d0d0d0
	330	422	b0b0b0
	273	243	d0d0d0
	132	369	
	552	411	b0b0b0
	369	52	808080
	482	418	b0b0b0
	163	319	808080
	244	389	b0b0b0
	392	175	808080
	186	303	
	537	404	
	560	183	
	476	130	
	262	223	d0d0d0
	388	8	808080
	277	370	d0d0d0
	302	276	808080
	197	432	b0b0b0
	539	246	808080
	522	228	
	445	451	
	348	461	
	386	323	
	324	329	
	589	14	d0d0d0
	593	265	b0b0b0
	214	46	
	228	203	808080
	230	133	
	315	477	
	334	203	d0d0d0
	310	462	
	607	348	808080
	563	246	b0b0b0
	546	228	d0d0d0
	445	67	808080
	396	129	
	568	46	b0b0b0
	554	234	808080
	251	166	
	361	60	b0b0b0
	583	422	
	379	305	d0d0d0
	427	82	b0b0b0
	592	131	808080
	521	268	b0b0b0
	154	313	
	296	224	d0d0d0
	357	215	
	564	375	b0b0b0
	211	110	808080
	475	145	
	317	421	603000
	292	404	
	287	379	
	285	382	
	272	414	
	313	393	
	321	415	
	317	401	
	267	421	
	270	400	
line	190	0	190	480	002850
	300		300		000050
	410		410		
	520		520		
	128	85	608	85	
		195		195	
		305		305	002850
		415		415	000050
	315	393	314	390	7fff7f
	303	356	302	354	
	345	411	348	412	
rect	253	119	269	135	009000
triangle	299	330	309	340	00c000
	362	234	372	244	
	386	293	396	303	
	488	166	498	176	
	326	279	336	289	
	409	212	419	222	
	401	298	411	308	
	399	266	409	276	
	408	228	418	238	007000
	370	313	380	323	00c000
	362	408	372	418	
	394	178	404	188	
	382	288	392	298	
	390	205	400	215	
rect	350	248	352	250	c00000
	568	186	570	188	
	189	380	191	382	
dither	375	328	430	345	303000
tint	379	332	387	344	000000	/font/5000/47
	386		394			/font/5000/75
	393		401			/font/5000/6e
	400		408			/font/5000/73
	407		415			/font/5000/68
	414		422			/font/5000/69
	421		429			/font/5000/70
	378	331	386	343	ffff00	/font/5000/47
	385		393			/font/5000/75
	392		400			/font/5000/6e
	399		407			/font/5000/73
	406		414			/font/5000/68
	413		421			/font/5000/69
	420		428			/font/5000/70
line	239	86	241	101	489048
			254	91	
	241	101			204020
draw	0	0	128	480	/pictures/501.png
	608		640		/pictures/512.png
tint	29	159	37	172	ff0000	/font/5001/34
	35		43			/font/5001/35
	41		49			/font/5001/38
line	614	456	614	359	007fff
		359	622		
	622			456	00488f
		456	614		
rect	615	360	622	456	0070e0
line	614	231	614	231	909048
			622		
	622				505028
			614		
	614	328		232	ffff7f
		232	622		
	622			328	909048
		328	614		
rect	615	233	622	328	e0e070
line	614	111	614	103	904848
		103	622		
	622			111	502828
		111	614		
rect	615	104	622	111	703838
line	614	200	614	112	ff7f7f
		112	622		
	622			200	904848
		200	614		
rect	615	113	622	200	e07070
line	618	8	629	8	90488f
			618	9	
	629		629		
	618	36		36	
			618	35	
	629		629		
rect	620	10	628	35	703870
		17			c060c0
	634	49	636	52	7fff7f
		53		56	60c060
		57		60	
		61		64	
		65		68	
		69		72	7fff7f
		73		76	60c060
		77		80	
		81		84	
		85		88	
		89		92	007fff
		93		96	0060c0
		97		100	
		101		104	
		105		108	183018
		109		112	
		113		116	
		117		120	
		121		124	
		125		128	
		129		132	
		133		136	
		137		140	
		141		144	
		145		148	
		149		152	
		153		156	
		157		160	
		161		164	
		165		168	
		169		172	
		173		176	
		177		180	
		181		184	
		185		188	
		189		192	
		193		196	
		197		200	
		201		204	
		205		208	
		209		212	
		213		216	
		217		220	
		221		224	
		225		228	
		229		232	
		233		236	
		237		240	
		241		244	
		245		248	
		249		252	
		253		256	
		257		260	
		261		264	
		265		268	
		269		272	
		273		276	
		277		280	
		281		284	
		285		288	
		289		292	
		293		296	
		297		300	
		301		304	
		305		308	
		309		312	
		313		316	
		317		320	
		321		324	
		325		328	
		329		332	
		333		336	
		337		340	
		341		344	
		345		348	
		349		352	
		353		356	
		357		360	
		361		364	
		365		368	
		369		372	
		373		376	
		377		380	
		381		384	
		385		388	
		389		392	
		393		396	
		397		400	
		401		404	
		405		408	
		409		412	
		413		416	
		417		420	
		421		424	
		425		428	
		429		432	
		433		436	
		437		440	
		441		444	
		445		448	
	621	52	631	56	303000
		57		61	
		62		66	
		67		71	
		72		76	
		77		81	
		82		86	
	7	7	115	115	00ff00
	8	8	114	114	001000
	40	40	82	82	003000
point	56	87	008000
	51	51	
	54	70	
		76	
	63	104	
	53	108	
	57	65	
	62	67	
	57		
	71	54	
	64	64	
	65	59	
	64	67	
	102	60	
	56	74	
	62	93	
	61	78	
	54	72	
	61	69	
		67	
	64	60	
	55	70	
	63	59	
		55	
	57	66	
	106	17	
	54	73	
	73	97	
	26	109	
	42	90	
	59	61	
	78	57	
	86	67	
	21	112	
	53	86	
	56	84	
	44	74	
	48	92	
rect	12	320	121	440	001000
tint	15	320	23	333	00ff00	/font/5001/42
	21		29			/font/5001/55
	27		35			/font/5001/49
	33		41			/font/5001/4c
	39		47			/font/5001/44
	45		53			/font/5001/20
	51		59			/font/5001/53
	57		65			/font/5001/48
	63		71			/font/5001/49
	69		77			/font/5001/50
	75		83			/font/5001/53
line	12	342	119	342	009000
tint	15	332	23	345	00ff00	/font/5001/50
	21		29			/font/5001/69
	27		35			/font/5001/63
	33		41			/font/5001/74
	39		47			/font/5001/6f
	45		53			/font/5001/72
	51		59			/font/5001/69
	57		65			/font/5001/73
	63		71			/font/5001/20
	69		77			/font/5001/42
	75		83			/font/5001/65
	81		89			/font/5001/74
	87		95			/font/5001/61
	15	344	23	357		/font/5001/46
	21		29			/font/5001/69
	27		35			/font/5001/67
	33		41			/font/5001/68
	39		47			/font/5001/74
	45		53			/font/5001/65
	51		59			/font/5001/72
	15	356	23	369		/font/5001/43
	21		29			/font/5001/72
	27		35			/font/5001/75
	33		41			/font/5001/69
	39		47			/font/5001/73
	45		53			/font/5001/65
	51		59			/font/5001/72
	15	368	23	381		/font/5001/47
	21		29			/font/5001/75
	27		35			/font/5001/6e
	33		41			/font/5001/73
	39		47			/font/5001/68
	45		53			/font/5001/69
	51		59			/font/5001/70
line	12	391	12	380	009000
		380	120		
	120			391	005000
		391	12		
rect	13	381	120	391	007000
tint	15	380	23	393	00ff00	/font/5001/54
	21		29			/font/5001/72
	27		35			/font/5001/61
	33		41			/font/5001/6e
	39		47			/font/5001/73
	45		53			/font/5001/70
	51		59			/font/5001/6f
	57		65			/font/5001/72
	63		71			/font/5001/74
line	12	438	119	438	009000
rect	16	450	114	475	001010
line	17	461	17	450	00c0c0
		450	43		
	43			461	007070
		461	17		
rect	18	451	43	461	009090
tint	19	450	27	463	00ffff	/font/5001/52
	25		33			/font/5001/47
	31		39			/font/5001/48
	37		45			/font/5001/54
	43		51			/font/5001/20
	49		57			/font/5001/42
	55		63			/font/5001/75
	61		69			/font/5001/69
	67		75			/font/5001/6c
	73		81			/font/5001/64
line	17	473	17	462	00c0c0
		462	43		
	43			473	007070
		473	17		
rect	18	463	43	473	009090
tint	19	462	27	475	00ffff	/font/5001/4c
	25		33			/font/5001/45
	31		39			/font/5001/46
	37		45			/font/5001/54
	43		51			/font/5001/20
	49		57			/font/5001/4d
	55		63			/font/5001/61
	61		69			/font/5001/69
	67		75			/font/5001/6e
	73		81			/font/5001/20
	79		87			/font/5001/4d
	85		93			/font/5001/65
	91		99			/font/5001/6e
	97		105			/font/5001/75
line	12	191	12	180	ffff00
		180	120		
	120			191	909000
		191	12		
rect	13	181	120	191	c0c000
tint	15	180	23	193	000000	/font/5001/43
	21		29			/font/5001/4f
	27		35			/font/5001/4e
	33		41			/font/5001/54
	39		47			/font/5001/52
	45		53			/font/5001/4f
	51		59			/font/5001/4c
	15	192	23	205	7fff7f	/font/5001/47
	21		29			/font/5001/55
	27		35			/font/5001/4e
	33		41			/font/5001/53
	39		47			/font/5001/48
	45		53			/font/5001/49
	51		59			/font/5001/50
draw	18	206	32	224	/sprites/652.SMIV/0
line	14	204	35	204	489048
			14	205	
	35		35		
	14	225		225	
			14	224	
	35		35		
rect	42	206	49	214	003870
		214		224	0060c0
line	40	204	50	204	00488f
			40	205	
	50		50		
	40	225		225	
			40	224	
	50		50		
rect	55	206	62	207	707000
		207		224	c0c000
line	53	204	63	204	909000
			53	205	
	63		63		
	53	225		225	
			53	224	
	63		63		
tint	69	204	77	217	7fff7f	/font/5001/4c
	75		83			/font/5001/53
	81		89			/font/5001/52
	87		95			/font/5001/54
	93		101			/font/5001/55
	99		107			/font/5001/52
	105		113			
	111		119			/font/5001/54
	69	216	77	229		/font/5001/4d
	75		83			/font/5001/47
	81		89			/font/5001/4e
	87		95			/font/5001/54
	93		101			/font/5001/4f
	99		107			/font/5001/50
	105		113			/font/5001/4c
	111		119			/font/5001/53
	12	228	20	241	00ff00	/font/5001/47
	18		26			/font/5001/75
	24		32			/font/5001/6e
	30		38			/font/5001/73
	36		44			/font/5001/68
	42		50			/font/5001/69
	48		56			/font/5001/70
line	12	263	12	252	007fff
		252	120		
	120			263	00488f
		263	12		
rect	13	253	120	263	0060c0
tint	15	252	23	265	000000	/font/5001/54
	21		29			/font/5001/41
	27		35			/font/5001/52
	33		41			/font/5001/47
	39		47			/font/5001/45
	45		53			/font/5001/54
	15	264	23	277	7fff7f	/font/5001/50
	21		29			/font/5001/69
	27		35			/font/5001/63
	33		41			/font/5001/74
	39		47			/font/5001/6f
	45		53			/font/5001/72
	51		59			/font/5001/69
	57		65			/font/5001/73
	63		71			/font/5001/20
	69		77			/font/5001/42
	75		83			/font/5001/65
	81		89			/font/5001/74
	87		95			/font/5001/61
	93		101			/font/5001/20
	99		107			/font/5001/32
draw	16	278	34	296	/sprites/1011.SMIV/0
line	14	276	35	276	489048
			14	277	
	35		35		
	14	297		297	
			14	296	
	35		35		
