point	580	445	808080
	225	197	b0b0b0
	602	264	
	373	119	808080
	583	421	
	138	440	
	591	203	
	495	119	
	416	167	d0d0d0
	140	365	
	165	311	b0b0b0
	201	144	d0d0d0
	217	52	808080
	264	114	d0d0d0
	209	415	b0b0b0
	206	102	808080
	375	307	
	566	81	
	323	299	
	295	6	d0d0d0
		81	808080
	572	74	
	157	440	b0b0b0
	465	64	d0d0d0
	286	270	b0b0b0
	307	350	
	381	255	
	138	353	808080
	534	67	
	423	234	
	193	179	d0d0d0
	168	374	808080
	325	354	b0b0b0
	359	164	d0d0d0
	550	366	b0b0b0
	298	115	d0d0d0
	417	285	808080
	433	283	b0b0b0
	527	219	808080
	567	109	b0b0b0
	462	9	d0d0d0
	309	395	808080
	382	30	
	386	310	b0b0b0
	440	468	808080
	131	305	d0d0d0
	582	180	
	550	194	b0b0b0
	144	239	808080
	197	149	
	238	106	b0b0b0
	249	149	808080
	591	235	
	401	369	
	343	360	
	558	126	
	468	372	
	217	445	b0b0b0
	367	318	
	386	61	d0d0d0
	232	41	808080
	587	388	b0b0b0
	207	402	d0d0d0
	364	194	808080
	462	143	d0d0d0
	464	68	808080
	218	74	b0b0b0
	583	283	808080
	553	361	b0b0b0
	325	95	
	280	96	808080
	300	90	b0b0b0
	254	241	d0d0d0
	286	432	b0b0b0
	215	257	d0d0d0
	581	215	808080
	508	421	b0b0b0
	340	59	808080
	438	428	b0b0b0
	134	326	808080
	200	399	b0b0b0
	362	182	808080
	157	310	
	507	411	
	530	190	
	447	136	
	203	237	d0d0d0
	359	15	808080
	218	384	d0d0d0
	272	283	808080
	153	443	b0b0b0
	509	253	808080
	492	235	
	416	458	
	319	468	
	356	330	
	294	336	
	531	28	d0d0d0
	549	275	b0b0b0
	171	57	
	199	210	808080
	201	140	
	598	346	b0b0b0
	275	217	d0d0d0
	251	476	
	578	355	808080
	519	256	b0b0b0
	488	242	d0d0d0
	416	74	808080
	367	136	
	524	57	b0b0b0
		241	808080
	222	173	
	318	71	b0b0b0
	540	433	
	321	319	d0d0d0
	384	93	b0b0b0
	563	138	808080
	477	278	b0b0b0
	590	197	
	237	238	d0d0d0
	299	229	
	520	385	b0b0b0
	182	117	808080
	446	151	
line	142	0	142	480	002850
	248		248		000050
	354		354		
	460		460		
	566		566		002850
	128	103	608	103	000050
		209		209	
		315		315	002850
		421		421	000050
	261	278	261	282	7fff7f
	208	366	208	370	
	256	321	258	324	
	306	342	307	346	
rect	203	137	219	153	009000
triangle	205	383	215	393	00c000
	362	234	372	244	
	357	353	367	363	
	430	155	440	165	
	269	329	279	339	
	390	178	400	188	
	366	361	376	371	
	364	330	374	340	
	389	193	399	203	005000
	332	377	342	387	00c000
	318	471	328	481	
	368	162	378	172	
	312	356	322	366	
	364	264	374	274	
rect	291	270	293	272	c00000
	487	213	489	215	
	570	326	572	328	
	141	394	143	396	
plus	257	462	267	472	00c000
dither	337	392	392	409	303000
tint	341	396	349	408	000000	/font/5000/47
	348		356			/font/5000/75
	355		363			/font/5000/6e
	362		370			/font/5000/73
	369		377			/font/5000/68
	376		384			/font/5000/69
	383		391			/font/5000/70
	340	395	348	407	ffff00	/font/5000/47
	347		355			/font/5000/75
	354		362			/font/5000/6e
	361		369			/font/5000/73
	368		376			/font/5000/68
	375		383			/font/5000/69
	382		390			/font/5000/70
line	182	313	197	315	489048
			191	301	
	197	315			204020
draw	0	0	128	480	/pictures/501.png
	608		640		/pictures/512.png
tint	29	159	37	172	ff0000	/font/5001/34
	35		43			/font/5001/35
	41		49			/font/5001/38
line	614	456	614	359	007fff
		359	622		
	622			456	00488f
		456	614		
rect	615	360	622	456	0070e0
line	614	231	614	231	909048
			622		
	622				505028
			614		
	614	328		232	ffff7f
		232	622		
	622			328	909048
		328	614		
rect	615	233	622	328	e0e070
line	614	111	614	103	904848
		103	622		
	622			111	502828
		111	614		
rect	615	104	622	111	703838
line	614	200	614	112	ff7f7f
		112	622		
	622			200	904848
		200	614		
rect	615	113	622	200	e07070
line	618	8	629	8	90488f
			618	9	
	629		629		
	618	36		36	
			618	35	
	629		629		
rect	620	10	628	35	703870
		14			c060c0
	634	49	636	52	7fff7f
		53		56	60c060
		57		60	
		61		64	
		65		68	
		69		72	7fff7f
		73		76	60c060
		77		80	
		81		84	
		85		88	0060c0
		89		92	007fff
		93		96	0060c0
		97		100	
		101		104	183018
		105		108	
		109		112	
		113		116	
		117		120	
		121		124	
		125		128	
		129		132	
		133		136	
		137		140	
		141		144	
		145		148	
		149		152	
		153		156	
		157		160	
		161		164	
		165		168	
		169		172	
		173		176	
		177		180	
		181		184	
		185		188	
		189		192	
		193		196	
		197		200	
		201		204	
		205		208	
		209		212	
		213		216	
		217		220	
		221		224	
		225		228	
		229		232	
		233		236	
		237		240	
		241		244	
		245		248	
		249		252	
		253		256	
		257		260	
		261		264	
		265		268	
		269		272	
		273		276	
		277		280	
		281		284	
		285		288	
		289		292	
		293		296	
		297		300	
		301		304	
		305		308	
		309		312	
		313		316	
		317		320	
		321		324	
		325		328	
		329		332	
		333		336	
		337		340	
		341		344	
		345		348	
		349		352	
		353		356	
		357		360	
		361		364	
		365		368	
		369		372	
		373		376	
		377		380	
		381		384	
		385		388	
		389		392	
		393		396	
		397		400	
		401		404	
		405		408	
		409		412	
		413		416	
		417		420	
		421		424	
		425		428	
		429		432	
		433		436	
		437		440	
		441		444	
		445		448	
	621	52	631	56	303000
		57		61	
		62		66	
		67		71	
		72		76	
		77		81	
		82		86	
	7	7	115	115	00ff00
	8	8	114	114	001000
	36	36	86	86	003000
point	51	89	008000
	45	53	
	44	77	
	47	8	
	51	70	
	48	68	
	57	105	
	46	109	
	51	72	
	60	74	
	66	54	
	60	72	
	63	56	
	61	75	
	104	62	
	56	99	
		85	
	57	76	
	55	74	
	63	57	
	61	65	
	40	8	
	61	55	
	108	21	
	66	99	
	22	109	
	38	91	
	53	65	
	71	60	
	79	70	
	17	112	
	47	88	
	50	82	
	39	76	
	42	93	
rect	12	320	121	440	001000
tint	15	320	23	333	00ff00	/font/5001/42
	21		29			/font/5001/55
	27		35			/font/5001/49
	33		41			/font/5001/4c
	39		47			/font/5001/44
	45		53			/font/5001/20
	51		59			/font/5001/53
	57		65			/font/5001/48
	63		71			/font/5001/49
	69		77			/font/5001/50
	75		83			/font/5001/53
line	12	342	119	342	009000
tint	15	332	23	345	00ff00	/font/5001/50
	21		29			/font/5001/69
	27		35			/font/5001/63
	33		41			/font/5001/74
	39		47			/font/5001/6f
	45		53			/font/5001/72
	51		59			/font/5001/69
	57		65			/font/5001/73
	63		71			/font/5001/20
	69		77			/font/5001/42
	75		83			/font/5001/65
	81		89			/font/5001/74
	87		95			/font/5001/61
	15	344	23	357		/font/5001/46
	21		29			/font/5001/69
	27		35			/font/5001/67
	33		41			/font/5001/68
	39		47			/font/5001/74
	45		53			/font/5001/65
	51		59			/font/5001/72
	15	356	23	369		/font/5001/43
	21		29			/font/5001/72
	27		35			/font/5001/75
	33		41			/font/5001/69
	39		47			/font/5001/73
	45		53			/font/5001/65
	51		59			/font/5001/72
	15	368	23	381		/font/5001/47
	21		29			/font/5001/75
	27		35			/font/5001/6e
	33		41			/font/5001/73
	39		47			/font/5001/68
	45		53			/font/5001/69
	51		59			/font/5001/70
line	12	391	12	380	009000
		380	120		
	120			391	005000
		391	12		
rect	13	381	120	391	007000
tint	15	380	23	393	00ff00	/font/5001/54
	21		29			/font/5001/72
	27		35			/font/5001/61
	33		41			/font/5001/6e
	39		47			/font/5001/73
	45		53			/font/5001/70
	51		59			/font/5001/6f
	57		65			/font/5001/72
	63		71			/font/5001/74
line	12	438	119	438	009000
rect	16	450	114	475	001010
line	17	461	17	450	00c0c0
		450	43		
	43			461	007070
		461	17		
rect	18	451	43	461	009090
tint	19	450	27	463	00ffff	/font/5001/52
	25		33			/font/5001/47
	31		39			/font/5001/48
	37		45			/font/5001/54
	43		51			/font/5001/20
	49		57			/font/5001/42
	55		63			/font/5001/75
	61		69			/font/5001/69
	67		75			/font/5001/6c
	73		81			/font/5001/64
line	17	473	17	462	00c0c0
		462	43		
	43			473	007070
		473	17		
rect	18	463	43	473	009090
tint	19	462	27	475	00ffff	/font/5001/4c
	25		33			/font/5001/45
	31		39			/font/5001/46
	37		45			/font/5001/54
	43		51			/font/5001/20
	49		57			/font/5001/4d
	55		63			/font/5001/61
	61		69			/font/5001/69
	67		75			/font/5001/6e
	73		81			/font/5001/20
	79		87			/font/5001/4d
	85		93			/font/5001/65
	91		99			/font/5001/6e
	97		105			/font/5001/75
line	12	191	12	180	ffff00
		180	120		
	120			191	909000
		191	12		
rect	13	181	120	191	c0c000
tint	15	180	23	193	000000	/font/5001/43
	21		29			/font/5001/4f
	27		35			/font/5001/4e
	33		41			/font/5001/54
	39		47			/font/5001/52
	45		53			/font/5001/4f
	51		59			/font/5001/4c
	15	192	23	205	7fff7f	/font/5001/47
	21		29			/font/5001/55
	27		35			/font/5001/4e
	33		41			/font/5001/53
	39		47			/font/5001/48
	45		53			/font/5001/49
	51		59			/font/5001/50
draw	18	206	32	224	/sprites/652.SMIV/0
line	14	204	35	204	489048
			14	205	
	35		35		
	14	225		225	
			14	224	
	35		35		
rect	42	206	49	214	003870
		214		224	0060c0
line	40	204	50	204	00488f
			40	205	
	50		50		
	40	225		225	
			40	224	
	50		50		
rect	55	206	62	207	707000
		207		224	c0c000
line	53	204	63	204	909000
			53	205	
	63		63		
	53	225		225	
			53	224	
	63		63		
tint	69	204	77	217	7fff7f	/font/5001/4c
	75		83			/font/5001/53
	81		89			/font/5001/52
	87		95			/font/5001/54
	93		101			/font/5001/55
	99		107			/font/5001/52
	105		113			
	111		119			/font/5001/54
	69	216	77	229		/font/5001/4d
	75		83			/font/5001/47
	81		89			/font/5001/4e
	87		95			/font/5001/54
	93		101			/font/5001/4f
	99		107			/font/5001/50
	105		113			/font/5001/4c
	111		119			/font/5001/53
	12	228	20	241	00ff00	/font/5001/47
	18		26			/font/5001/75
	24		32			/font/5001/6e
	30		38			/font/5001/73
	36		44			/font/5001/68
	42		50			/font/5001/69
	48		56			/font/5001/70
line	12	263	12	252	007fff
		252	120		
	120			263	00488f
		263	12		
rect	13	253	120	263	0060c0
tint	15	252	23	265	000000	/font/5001/54
	21		29			/font/5001/41
	27		35			/font/5001/52
	33		41			/font/5001/47
	39		47			/font/5001/45
	45		53			/font/5001/54
	15	264	23	277	7fff7f	/font/5001/50
	21		29			/font/5001/69
	27		35			/font/5001/63
	33		41			/font/5001/74
	39		47			/font/5001/6f
	45		53			/font/5001/72
	51		59			/font/5001/69
	57		65			/font/5001/73
	63		71			/font/5001/20
	69		77			/font/5001/42
	75		83			/font/5001/65
	81		89			/font/5001/74
	87		95			/font/5001/61
	93		101			/font/5001/20
	99		107			/font/5001/32
draw	16	278	34	296	/sprites/1011.SMIV/0
line	14	276	35	276	489048
			14	277	
	35		35		
	14	297		297	
			14	296	
	35		35		
