point	210	161	b0b0b0
	349	266	
	246	344	
	455	166	808080
	185	260	
	482	10	b0b0b0
	193	341	808080
	577	166	
	581	260	d0d0d0
	306	458	
	290	381	b0b0b0
	367	238	d0d0d0
	299	98	808080
	430	207	d0d0d0
	391	5	b0b0b0
	288	149	808080
	458	354	
	189	467	b0b0b0
	406	346	808080
	398	48	
	378	127	
	222	136	d0d0d0
	308	20	808080
	151	250	d0d0d0
	410	340	b0b0b0
	431	420	
	505	325	
	221	399	808080
	408	16	b0b0b0
	506	281	808080
	359	273	d0d0d0
	250	421	808080
	449	424	b0b0b0
	525	257	d0d0d0
	195	77	b0b0b0
	464	209	d0d0d0
	500	332	808080
	557	353	b0b0b0
	130	406	808080
	210	334	b0b0b0
	293	51	808080
	392	442	
	464	76	
	510	380	b0b0b0
	503	70	d0d0d0
	297	398	
	198	181	808080
	194	121	b0b0b0
	226	285	808080
	280	196	
	362	176	b0b0b0
	332	196	808080
	467	10	d0d0d0
	484	416	808080
	426	407	
	160	414	
	551	419	
	578	23	
	491	388	b0b0b0
	552	154	d0d0d0
	315	88	808080
	265	348	d0d0d0
	292	7	808080
	447	241	
	143	457	b0b0b0
	547	114	808080
	342	144	b0b0b0
	244	390	d0d0d0
	174	123	808080
	449	165	b0b0b0
	362	143	808080
	424	160	b0b0b0
	420	334	d0d0d0
	176	22	b0b0b0
	381	350	d0d0d0
	239	476	
	144	54	808080
	423	106	
	441	24	d0d0d0
	216	372	808080
	324	469	b0b0b0
	445	229	808080
	240	357	
	590	458	
	136	147	b0b0b0
	529	183	808080
	369	330	d0d0d0
	441	62	808080
	384	478	d0d0d0
	355	330	808080
	388	44	d0d0d0
	592	300	808080
	575	282	
	564	36	b0b0b0
	381	69	d0d0d0
	439	377	808080
	377	383	
	217	446	d0d0d0
	215	400	
	295	127	b0b0b0
	281	256	808080
	283	186	
	308	76	b0b0b0
	441	310	d0d0d0
	489	44	808080
	198	70	d0d0d0
	175	127	
	162	344	b0b0b0
	498	120	808080
	450	182	
	182	113	d0d0d0
	607	288	808080
	305	219	
	442	141	b0b0b0
	165	205	808080
	487	413	d0d0d0
	508	163	b0b0b0
	472	35	808080
	601	348	b0b0b0
	235	393	
	403	331	d0d0d0
	465	322	
	152	330	808080
	264	164	
	528	198	
	382	444	100800
	396	437	
	407	453	
	395	428	
	418	429	
	392	434	
	406	455	
	388	434	
	382	442	
	405	424	
	385	430	e07000
	384	429	
	385	431	
	384	429	
	383	432	
		431	
	385	430	
	382	433	
	385	429	
	384	430	
	409	439	201000
	399	460	
	395	458	
	400	457	
		440	
	406	434	
	398	442	
	399	458	
	382	436	
	381	439	
rect	169	0	170	481	002850
	354		355		
	539		540		
	128	153	609	154	005000
		338		339	002850
line	385	437	385	435	7fff7f
	380	426	378	425	
	389	421	390	420	
	367	416	366	415	
	369	439	368	440	
	378	420	377	418	
	384	431	382	431	
	385	434	384	433	
		427	387	426	
	394	423	395	422	
	387	428	387	426	
	381	453	381	451	
	378	429	378	427	
		394		393	
	384	436	385	434	
	379	411	379	410	
	388	439	387	438	
	400	428	399	429	
	386	445	386	443	
rect	402	422	414	434	900000
	349	43	361	55	
	376	255	392	271	009000
triangle	388	416	398	426	00c000
diamond	419	50	439	70	c00000
triangle	362	234	372	244	00c000
	386	415	396	425	
	366	245	376	255	
	390	404	400	414	
	369	250	379	260	
	393	415	403	425	
	372	383	382	393	
	451	279	457	285	
	365	404	375	414	005000
	361	410	371	420	00c000
	363	435	373	445	
	370	250	380	260	
	473	70	479	76	c00000
	346	398	356	408	00c000
	352	45	360	53	c00000
	363	240	373	250	00c000
	370	249	380	259	
	354	54	364	64	c00000
rect	413	435	415	437	c00000
	353	351	355	353	
plus	398	421	408	431	00c000
rect	339	463	341	465	c00000
	394	441	396	443	00ff00
	390	413	392	415	
	372	411	374	413	
	395	429	397	431	ff0000
	389	436	391	438	00ff00
	378	425	380	427	
	390	431	392	433	
	387	424	389	426	
	395	410	397	412	
	391	420	393	422	
dither	366	425	421	442	303000
crop	370	429	377	440	56	44	000000	/fonts/tactical.png
	377		384		40	77		
	384		391		112	66		
	391		398		24	77		
	398		405		64	66		
	405		412		72			
	412		419		0	77		
	369	428	376	439	56	44	ffff00	
	376		383		40	77		
	383		390		112	66		
	390		397		24	77		
	397		404		64	66		
	404		411		72			
	411		418		0	77		
dither	355	29	466	46	001830
crop	359	33	366	44	0	55	000000	/fonts/tactical.png
	366		373		72	66		
	373		380		24			
	380		387		32	77		
	387		394		120	66		
	394		401		16	77		
	401		408		72	66		
	408		415		24	77		
	415		422		0	22		
	422		429		16	44		
	429		436		40	66		
	436		443		32	77		
	443		450		8	66		
	450		457		0	22		
	457		464		16	33		
	358	32	365	43	0	55	007fff	
	365		372		72	66		
	372		379		24			
	379		386		32	77		
	386		393		120	66		
	393		400		16	77		
	400		407		72	66		
	407		414		24	77		
	414		421		0	22		
	421		428		16	44		
	428		435		40	66		
	435		442		32	77		
	442		449		8	66		
	449		456		0	22		
	456		463		16	33		
line	445	56	433	65	489048
			446	71	
	433	65			204020
draw	0	0	128	480	/pictures/501.png
	608		640		/pictures/512.png
crop	29	159	35	171	32	36	ff0000	/fonts/computer.png
	35		41		40			
	41		47		64			
rect	614	359	615	457	007fff
			623	360	
	622			457	00488f
	614	456			
	615	360	622	456	0070e0
	614	231	615	232	909048
			623		
	622				505028
	614				
		232	615	329	ffff7f
			623	233	
	622			329	909048
	614	328			
	615	233	622	328	e0e070
	614	103	615	112	904848
			623	104	
	622			112	502828
	614	111			
	615	104	622	111	703838
	614	112	615	201	ff7f7f
			623	113	
	622			201	904848
	614	200			
	615	113	622	200	e07070
	618	8	630	9	90488f
			619	10	
	629		630		
	618	36		37	
		35	619		
	629		630		
	620	10	628	35	703870
		28			c060c0
	634	49	636	52	7fff7f
		53		56	60c060
		57		60	
		61		64	
		65		68	
		69		72	007fff
		73		76	0060c0
		77		80	
		81		84	
		85		88	
		89		92	007fff
		93		96	0060c0
		97		100	
		101		104	
		105		108	
		109		112	007fff
		113		116	183018
		117		120	
		121		124	
		125		128	
		129		132	
		133		136	
		137		140	
		141		144	
		145		148	
		149		152	
		153		156	
		157		160	
		161		164	
		165		168	
		169		172	
		173		176	
		177		180	
		181		184	
		185		188	
		189		192	
		193		196	
		197		200	
		201		204	
		205		208	
		209		212	
		213		216	
		217		220	
		221		224	
		225		228	
		229		232	
		233		236	
		237		240	
		241		244	
		245		248	
		249		252	
		253		256	
		257		260	
		261		264	
		265		268	
		269		272	
		273		276	
		277		280	
		281		284	
		285		288	
		289		292	
		293		296	
		297		300	
		301		304	
		305		308	
		309		312	
		313		316	
		317		320	
		321		324	
		325		328	
		329		332	
		333		336	
		337		340	
		341		344	
		345		348	
		349		352	
		353		356	
		357		360	
		361		364	
		365		368	
		369		372	
		373		376	
		377		380	
		381		384	
		385		388	
		389		392	
		393		396	
		397		400	
		401		404	
		405		408	
		409		412	
		413		416	
		417		420	
		421		424	
		425		428	
		429		432	
		433		436	
		437		440	
		441		444	
		445		448	
	621	52	631	56	303000
		57		61	
		62		66	
		67		71	
		72		76	
		77		81	
		82		86	
	7	7	115	115	00ff00
	8	8	114	114	001000
	9	9	113	113	003000
point	69	102	008000
	59	19	
	64	65	
	67	100	
	74	21	
	65	106	
	64	101	
	67	96	
	65	99	
	61	98	
	74	24	
	62	63	
	63	93	
	62	65	
	67	99	
	81	70	
	66	101	
	58	96	
	61	104	
		99	
	59	19	
	61	103	
		98	
	66	99	
	61	62	
		96	
	65	102	
	62	64	
	65	102	
	59	21	
	62	65	
		99	
	86	24	
	66	99	
	64	103	
	68	102	
	65	103	
	64	98	
	67	99	
	63	103	
	62	100	
	64	102	
	66		
		104	
	64	102	
	66	101	
		102	
	65	101	
		100	
			
rect	12	320	121	440	001000
		342	120	343	009000
		368	13	380	
			121	369	
	120			380	005000
	12	379			
	13	369	120	379	007000
	12	438		439	009000
	16	450	114	475	001010
	17		18	462	00c0c0
			44	451	
	43			462	007070
	17	461			
	18	451	43	461	009090
	17	462	18	474	00c0c0
			44	463	
	43			474	007070
	17	473			
	18	463	43	473	009090
crop	15	320	21	332	16	48	00ff00	/fonts/computer.png
	21		27		40	60		
	27		33		72	48		
	33		39		96			
	39		45		32			
	45		51		0	24		
	51		57		24	60		
	57		63		64	48		
	63		69		72			
	69		75		0	60		
	75		81		24			
	15	332	21	344	0			
	21		27		72	72		
	27		33		24			
	33		39		32	84		
	39		45		120	72		
	45		51		16	84		
	51		57		72	72		
	57		63		24	84		
	63		69		0	24		
	69		75		16	48		
	75		81		40	72		
	81		87		32	84		
	87		93		8	72		
	15	344	21	356	48	48		
	21		27		72	72		
	27		33		56			
	33		39		64			
	39		45		32	84		
	45		51		40	72		
	51		57		16	84		
	15	356	21	368	24	48		
	21		27		16	84		
	27		33		40			
	33		39		72	72		
	39		45		24	84		
	45		51		40	72		
	51		57		16	84		
	15	368	21	380	56	48		
	21		27		40	84		
	27		33		112	72		
	33		39		24	84		
	39		45		64	72		
	45		51		72			
	51		57		0	84		
	15	380	21	392	32	60		
	21		27		16	84		
	27		33		8	72		
	33		39		112			
	39		45		24	84		
	45		51		0			
	51		57		120	72		
	57		63		16	84		
	63		69		32			
	19	450	25	462	16	60	00ffff	
	25		31		56	48		
	31		37		64			
	37		43		32	60		
	43		49		0	24		
	49		55		16	48		
	55		61		40	84		
	61		67		72	72		
	67		73		96			
	73		79		32			
	19	462	25	474	96	48		
	25		31		40			
	31		37		48			
	37		43		32	60		
	43		49		0	24		
	49		55		104	48		
	55		61		8	72		
	61		67		72			
	67		73		112			
	73		79		0	24		
	79		85		104	48		
	85		91		40	72		
	91		97		112			
	97		103		40	84		
rect	12	180	13	192	ffff00
			121	181	
	120			192	909000
	12	191			
	13	181	120	191	c0c000
crop	15	180	21	192	24	48	000000	/fonts/computer.png
	21		27		120			
	27		33		112			
	33		39		32	60		
	39		45		16			
	45		51		120	48		
	51		57		96			
	15	192	21	204	56		7fff7f	
	21		27		40	60		
	27		33		112	48		
	33		39		24	60		
	39		45		64	48		
	45		51		72			
	51		57		0	60		
draw	18	206	32	224	/sprites/652.SMIV/0
rect	14	204	36	205	489048
			15	206	
	35		36		
	14	225		226	
		224	15		
	35		36		
	42	206	49	214	003870
		214		224	0060c0
	40	204	51	205	00488f
			41	206	
	50		51		
	40	225		226	
		224	41		
	50		51		
	55	206	62	207	707000
		207		224	c0c000
	53	204	64	205	909000
			54	206	
	63		64		
	53	225		226	
		224	54		
	63		64		
crop	69	204	75	216	96	48	7fff7f	/fonts/computer.png
	75		81		24	60		
	81		87		16			
	87		93		32			
	93		99		40			
	99		105		16			
	105		111					
	111		117		32			
	69	216	75	228	104	48		
	75		81		56			
	81		87		112			
	87		93		32	60		
	93		99		120	48		
	99		105		0	60		
	105		111		96	48		
	111		117		24	60		
	12	228	18	240	56	48	00ff00	
	18		24		40	84		
	24		30		112	72		
	30		36		24	84		
	36		42		64	72		
	42		48		72			
	48		54		0	84		
rect	12	252	13	264	007fff
			121	253	
	120			264	00488f
	12	263			
	13	253	120	263	0060c0
crop	15	252	21	264	32	60	000000	/fonts/computer.png
	21		27		8	48		
	27		33		16	60		
	33		39		56	48		
	39		45		40			
	45		51		32	60		
	15	264	21	276	0		7fff7f	
	21		27		72	72		
	27		33		24			
	33		39		32	84		
	39		45		120	72		
	45		51		16	84		
	51		57		72	72		
	57		63		24	84		
	63		69		0	24		
	69		75		16	48		
	75		81		40	72		
	81		87		32	84		
	87		93		8	72		
	93		99		0	24		
	99		105		16	36		
draw	16	278	34	296	/sprites/1011.SMIV/0
rect	14	276	36	277	489048
			15	278	
	35		36		
	14	297		298	
		296	15		
	35		36		
