point	214	168	b0b0b0
	353	274	
	250	351	
	458	171	808080
	188	265	
	486	17	b0b0b0
	195	345	808080
	580	171	
	587	270	d0d0d0
	311	468	
	293	388	b0b0b0
	372	247	d0d0d0
	302	103	808080
	435	217	d0d0d0
	394	12	b0b0b0
	291	154	808080
	461	358	
	193	474	b0b0b0
	409	350	808080
	400	53	
	380	132	
	228	145	d0d0d0
	310	25	808080
	156	260	d0d0d0
	414	347	b0b0b0
	435	427	
	509	332	
	224	404	808080
	412	23	b0b0b0
	509	285	808080
	364	283	d0d0d0
	253	426	808080
	453	431	b0b0b0
	530	267	d0d0d0
	198	84	b0b0b0
	469	218	d0d0d0
	503	336	808080
	561	360	b0b0b0
	133	410	808080
	214	341	b0b0b0
	296	55	808080
	395	446	
	467	81	
	514	387	b0b0b0
	508	79	d0d0d0
	302	408	
	200	186	808080
	198	129	b0b0b0
	229	290	808080
	282	201	
	366	183	b0b0b0
	334	201	808080
	472	20	d0d0d0
	487	420	808080
	429	411	
	163	419	
	554	423	
	581	28	
	495	395	b0b0b0
	557	164	d0d0d0
	317	92	808080
	270	358	d0d0d0
	295	12	808080
	450	245	
	147	464	b0b0b0
	550	119	808080
	346	151	b0b0b0
	249	400	d0d0d0
	176	128	808080
	453	173	b0b0b0
	365	147	808080
	428	168	b0b0b0
	425	344	d0d0d0
	180	29	b0b0b0
	386	360	d0d0d0
	279	3	808080
	147	59	
	425	110	
	446	34	d0d0d0
	219	377	808080
	328	476	b0b0b0
	448	233	808080
	242	362	
	593	462	
	140	154	b0b0b0
	532	188	808080
	374	340	d0d0d0
	444	66	808080
	587	6	b0b0b0
	358	334	808080
	393	54	d0d0d0
	595	304	808080
	578	286	
	568	44	b0b0b0
	386	79	d0d0d0
	442	381	808080
	380	387	
	222	456	d0d0d0
	220	409	
	299	134	b0b0b0
	284	261	808080
	286	191	
	312	83	b0b0b0
	446	320	d0d0d0
	492	49	808080
	203	79	d0d0d0
	181	137	
	166	351	b0b0b0
	501	125	808080
	452	187	
	187	123	d0d0d0
	132	58	
	307	224	808080
	446	148	b0b0b0
	167	209	808080
	492	422	d0d0d0
	512	170	b0b0b0
	475	40	808080
	605	355	b0b0b0
	239	400	
	408	341	d0d0d0
	470	332	
	155	335	808080
	267	168	
	531	203	
	387	431	100800
	377	436	
	387	440	
	409	443	
	408	433	
	406	431	
	380	425	
	379	456	
	392	446	
	390	455	
	387	448	c06000
	384	441	
	388	446	
	386	447	
		444	
	384	447	
	392	446	
	393	447	
	391	441	
	389	448	
	383	433	f07800
		435	
		433	
	385	435	
	384		
		434	
	385		
	383	433	
		434	
	385	433	
		446	301800
	410	450	
	384	434	
	389	439	
	391	436	
	405	455	
	407	435	
	406	456	
	387	459	
	384	447	
	391	452	402000
	379	443	
	380	454	
	385	430	
	380	441	
	381	450	
	380	441	
	388	450	
	379	435	
	386	449	
	394	453	502800
	398	454	
	395	444	
	403	451	
	398	437	
	395	445	
	404	441	
	382	455	
	400		
	385	432	
	381	447	603000
	379	436	
	397	449	
	378	436	
	387	456	
	397	436	
	395	448	
	386	445	
	378	440	
	383	437	
		436	
	392	445	
	387	453	
	395	444	
	387	446	
	397	443	
	390	454	
	385	441	
	391	434	
	385	446	
	394	442	703800
	385	427	
	399	447	
	386	428	
		436	
	401	442	
	397	435	
	384	432	
	392	436	
	393	442	
	387	447	804000
	382	440	
	393	451	
	387	437	
	381	435	
	388	445	
	379	434	
	393	443	
	380	451	
	385	439	
	394		
	395	451	
	392	439	
	381	447	
	380	446	
	394	444	
	396		
		452	
	384	444	
	397	448	
	380	450	904800
	395	441	
	389	437	
	387	447	
	389	444	
		438	
	384	447	
	392		
	389	449	
	397	447	
	392	443	
	398	435	
	386	451	
	391	436	
	396	448	
line	171	0	171	480	002850
	359		359		
	547		547		
	128	161	608	161	005000
		349		349	002850
	387	446	386	446	7fff7f
		444		443	
	380	450	379	450	
	428	434	427	434	
	390	451	391	451	
	397	448	395	448	
	362	427	360	426	
	394	454	395	455	
	375	436	374	435	
	387	448	386	449	
	378	461	377	462	
	375	446	376	446	
	379	447	380	448	
tint	408	436	420	448	900000	/x/square/6
	355	49	367	61		
	382	266	398	282	009000	/x/square/8
	376	432	386	442	00c000	/x/triangle/5
	427	57	447	77	c00000	/x/diamond/10
	362	234	372	244	00c000	/x/triangle/5
	392	452	402	462		
	358	240	368	250		
	384	437	394	447		
	368	239	378	249		
	393	452	403	462		
	358	388	368	398		
	428	276	434	282		/x/triangle/3
	376	438	386	448	007000	/x/triangle/5
	374	446	384	456	00c000	
	373	458	383	468		
	368	239	378	249		
	447	73	453	79	c00000	/x/triangle/3
	352	419	362	429	00c000	/x/triangle/5
	356	51	364	59	c00000	/x/triangle/4
	366	245	376	255	00c000	/x/triangle/5
	368	242	378	252		
	359	60	369	70	c00000	
	412	429	420	437		/x/triangle/4
	423	451	425	453		/x/square/1
	358	360	360	362		
	408	435	418	445	00c000	/x/plus/5
	384	438	386	440	ff0000	/x/square/1
	373	452	375	454	00ff00	
	382	451	384	453		
	387	449	389	451		
	382	450	384	452		
	403	456	405	458		
	381	457	383	459		
	393	450	395	452		
	384	443	386	445		
	387	447	389	449		
	394	458	396	460		
	387	448	389	450		
	376	460	378	462		
dither	379	459	434	476	303000
tint	383	463	391	475	000000	/font/5000/47
	390		398			/font/5000/75
	397		405			/font/5000/6e
	404		412			/font/5000/73
	411		419			/font/5000/68
	418		426			/font/5000/69
	425		433			/font/5000/70
	382	462	390	474	ffff00	/font/5000/47
	389		397			/font/5000/75
	396		404			/font/5000/6e
	403		411			/font/5000/73
	410		418			/font/5000/68
	417		425			/font/5000/69
	424		432			/font/5000/70
dither	361	35	472	52	001830
tint	365	39	373	51	000000	/font/5000/50
	372		380			/font/5000/69
	379		387			/font/5000/63
	386		394			/font/5000/74
	393		401			/font/5000/6f
	400		408			/font/5000/72
	407		415			/font/5000/69
	414		422			/font/5000/73
	421		429			/font/5000/20
	428		436			/font/5000/42
	435		443			/font/5000/65
	442		450			/font/5000/74
	449		457			/font/5000/61
	456		464			/font/5000/20
	463		471			/font/5000/32
	364	38	372	50	007fff	/font/5000/50
	371		379			/font/5000/69
	378		386			/font/5000/63
	385		393			/font/5000/74
	392		400			/font/5000/6f
	399		407			/font/5000/72
	406		414			/font/5000/69
	413		421			/font/5000/73
	420		428			/font/5000/20
	427		435			/font/5000/42
	434		442			/font/5000/65
	441		449			/font/5000/74
	448		456			/font/5000/61
	455		463			/font/5000/20
	462		470			/font/5000/32
line	445	56	433	65	489048
			446	71	
	433	65			204020
draw	0	0	128	480	/pictures/501.png
	608		640		/pictures/512.png
tint	29	159	37	172	ff0000	/font/5001/34
	35		43			/font/5001/35
	41		49			/font/5001/38
line	614	456	614	359	007fff
		359	622		
	622			456	00488f
		456	614		
rect	615	360	622	456	0070e0
line	614	231	614	231	909048
			622		
	622				505028
			614		
	614	328		232	ffff7f
		232	622		
	622			328	909048
		328	614		
rect	615	233	622	328	e0e070
line	614	111	614	103	904848
		103	622		
	622			111	502828
		111	614		
rect	615	104	622	111	703838
line	614	200	614	112	ff7f7f
		112	622		
	622			200	904848
		200	614		
rect	615	113	622	200	e07070
line	618	8	629	8	90488f
			618	9	
	629		629		
	618	36		36	
			618	35	
	629		629		
rect	620	10	628	35	703870
		30			c060c0
	634	49	636	52	7fff7f
		53		56	60c060
		57		60	
		61		64	
		65		68	
		69		72	007fff
		73		76	0060c0
		77		80	
		81		84	
		85		88	
		89		92	007fff
		93		96	0060c0
		97		100	
		101		104	
		105		108	
		109		112	007fff
		113		116	183018
		117		120	
		121		124	
		125		128	
		129		132	
		133		136	
		137		140	
		141		144	
		145		148	
		149		152	
		153		156	
		157		160	
		161		164	
		165		168	
		169		172	
		173		176	
		177		180	
		181		184	
		185		188	
		189		192	
		193		196	
		197		200	
		201		204	
		205		208	
		209		212	
		213		216	
		217		220	
		221		224	
		225		228	
		229		232	
		233		236	
		237		240	
		241		244	
		245		248	
		249		252	
		253		256	
		257		260	
		261		264	
		265		268	
		269		272	
		273		276	
		277		280	
		281		284	
		285		288	
		289		292	
		293		296	
		297		300	
		301		304	
		305		308	
		309		312	
		313		316	
		317		320	
		321		324	
		325		328	
		329		332	
		333		336	
		337		340	
		341		344	
		345		348	
		349		352	
		353		356	
		357		360	
		361		364	
		365		368	
		369		372	
		373		376	
		377		380	
		381		384	
		385		388	
		389		392	
		393		396	
		397		400	
		401		404	
		405		408	
		409		412	
		413		416	
		417		420	
		421		424	
		425		428	
		429		432	
		433		436	
		437		440	
		441		444	
		445		448	
	621	52	631	56	303000
		57		61	
		62		66	
		67		71	
		72		76	
		77		81	
		82		86	
	7	7	115	115	00ff00
	8	8	114	114	001000
	9	9	113	113	003000
point	70	104	008000
	60	21	
	65	67	
	63	103	
	75	24	
	64	105	
			
	65	103	
	67	106	
		108	
	77	27	
	61	62	
		94	
	62	62	
	67	107	
	65	105	
	75	69	
	62	105	
	59	100	
	62	108	
	63	106	
	60	21	
	90	100	
	64	104	
	62	105	
	64		
	61	62	
	63	104	
		108	
	62	62	
	65	106	
	61	23	
	62	62	
	66	106	
	63	105	
	80	26	
	66	103	
	65	106	
	62	105	
	61	103	
	64	104	
			
	71		
	59	100	
	64	105	
	75		
	63	108	
	65	106	
		103	
	62	108	
rect	12	320	121	440	001000
tint	15	320	23	333	00ff00	/font/5001/42
	21		29			/font/5001/55
	27		35			/font/5001/49
	33		41			/font/5001/4c
	39		47			/font/5001/44
	45		53			/font/5001/20
	51		59			/font/5001/53
	57		65			/font/5001/48
	63		71			/font/5001/49
	69		77			/font/5001/50
	75		83			/font/5001/53
line	12	342	119	342	009000
tint	15	332	23	345	00ff00	/font/5001/50
	21		29			/font/5001/69
	27		35			/font/5001/63
	33		41			/font/5001/74
	39		47			/font/5001/6f
	45		53			/font/5001/72
	51		59			/font/5001/69
	57		65			/font/5001/73
	63		71			/font/5001/20
	69		77			/font/5001/42
	75		83			/font/5001/65
	81		89			/font/5001/74
	87		95			/font/5001/61
	15	344	23	357		/font/5001/46
	21		29			/font/5001/69
	27		35			/font/5001/67
	33		41			/font/5001/68
	39		47			/font/5001/74
	45		53			/font/5001/65
	51		59			/font/5001/72
	15	356	23	369		/font/5001/43
	21		29			/font/5001/72
	27		35			/font/5001/75
	33		41			/font/5001/69
	39		47			/font/5001/73
	45		53			/font/5001/65
	51		59			/font/5001/72
line	12	379	12	368	009000
		368	120		
	120			379	005000
		379	12		
rect	13	369	120	379	007000
tint	15	368	23	381	00ff00	/font/5001/47
	21		29			/font/5001/75
	27		35			/font/5001/6e
	33		41			/font/5001/73
	39		47			/font/5001/68
	45		53			/font/5001/69
	51		59			/font/5001/70
	15	380	23	393		/font/5001/54
	21		29			/font/5001/72
	27		35			/font/5001/61
	33		41			/font/5001/6e
	39		47			/font/5001/73
	45		53			/font/5001/70
	51		59			/font/5001/6f
	57		65			/font/5001/72
	63		71			/font/5001/74
line	12	438	119	438	009000
rect	16	450	114	475	001010
line	17	461	17	450	00c0c0
		450	43		
	43			461	007070
		461	17		
rect	18	451	43	461	009090
tint	19	450	27	463	00ffff	/font/5001/52
	25		33			/font/5001/47
	31		39			/font/5001/48
	37		45			/font/5001/54
	43		51			/font/5001/20
	49		57			/font/5001/42
	55		63			/font/5001/75
	61		69			/font/5001/69
	67		75			/font/5001/6c
	73		81			/font/5001/64
line	17	473	17	462	00c0c0
		462	43		
	43			473	007070
		473	17		
rect	18	463	43	473	009090
tint	19	462	27	475	00ffff	/font/5001/4c
	25		33			/font/5001/45
	31		39			/font/5001/46
	37		45			/font/5001/54
	43		51			/font/5001/20
	49		57			/font/5001/4d
	55		63			/font/5001/61
	61		69			/font/5001/69
	67		75			/font/5001/6e
	73		81			/font/5001/20
	79		87			/font/5001/4d
	85		93			/font/5001/65
	91		99			/font/5001/6e
	97		105			/font/5001/75
rect	12	180	120	192	000000
line	12	191	12	180	ffff00
		180	119		
	119			191	909000
		191	12		
rect	13	181	119	191	c0c000
tint	15	180	23	193	000000	/font/5001/43
	21		29			/font/5001/4f
	27		35			/font/5001/4e
	33		41			/font/5001/54
	39		47			/font/5001/52
	45		53			/font/5001/4f
	51		59			/font/5001/4c
rect	12	192	120	204	000000
tint	15	192	23	205	7fff7f	/font/5001/47
	21		29			/font/5001/55
	27		35			/font/5001/4e
	33		41			/font/5001/53
	39		47			/font/5001/48
	45		53			/font/5001/49
	51		59			/font/5001/50
rect	14	204	36	226	000000
draw	18	206	32	224	/sprites/652.SMIV/0
line	14	204	35	204	489048
			14	205	
	35		35		
	14	225		225	
			14	224	
	35		35		
rect	40	204	51	226	000000
	42	206	49	214	003870
		214		224	0060c0
line	40	204	50	204	00488f
			40	205	
	50		50		
	40	225		225	
			40	224	
	50		50		
rect	53	204	64	226	000000
	55	206	62	207	707000
		207		224	c0c000
line	53	204	63	204	909000
			53	205	
	63		63		
	53	225		225	
			53	224	
	63		63		
rect	69	204	120	216	000000
tint	69	204	77	217	7fff7f	/font/5001/4c
	75		83			/font/5001/53
	81		89			/font/5001/52
	87		95			/font/5001/54
	93		101			/font/5001/55
	99		107			/font/5001/52
	105		113			
	111		119			/font/5001/54
rect	69	216	120	228	000000
tint	69	216	77	229	7fff7f	/font/5001/4d
	75		83			/font/5001/47
	81		89			/font/5001/4e
	87		95			/font/5001/54
	93		101			/font/5001/4f
	99		107			/font/5001/50
	105		113			/font/5001/4c
	111		119			/font/5001/53
rect	69	192	120	204	000000
	12	228		240	
tint	12	228	20	241	00ff00	/font/5001/47
	18		26			/font/5001/75
	24		32			/font/5001/6e
	30		38			/font/5001/73
	36		44			/font/5001/68
	42		50			/font/5001/69
	48		56			/font/5001/70
rect	12	252	120	264	000000
line	12	263	12	252	007fff
		252	119		
	119			263	00488f
		263	12		
rect	13	253	119	263	0060c0
tint	15	252	23	265	000000	/font/5001/54
	21		29			/font/5001/41
	27		35			/font/5001/52
	33		41			/font/5001/47
	39		47			/font/5001/45
	45		53			/font/5001/54
rect	12	264	120	276	000000
tint	15	264	23	277	7fff7f	/font/5001/50
	21		29			/font/5001/69
	27		35			/font/5001/63
	33		41			/font/5001/74
	39		47			/font/5001/6f
	45		53			/font/5001/72
	51		59			/font/5001/69
	57		65			/font/5001/73
	63		71			/font/5001/20
	69		77			/font/5001/42
	75		83			/font/5001/65
	81		89			/font/5001/74
	87		95			/font/5001/61
	93		101			/font/5001/20
	99		107			/font/5001/32
rect	14	276	36	298	000000
draw	16	278	34	296	/sprites/1011.SMIV/0
line	14	276	35	276	489048
			14	277	
	35		35		
	14	297		297	
			14	296	
	35		35		
rect	40	276	51	298	000000
	53		64		
	69		120	288	
		288		300	
	12	300		312	
