point	219	176	b0b0b0
	359	282	
	256	359	
	462	176	808080
	191	270	
	491	25	b0b0b0
	199	350	808080
	584	176	
	594	280	d0d0d0
	439	478	b0b0b0
	299	396	
	380	258	d0d0d0
	305	108	808080
	443	227	d0d0d0
	400	20	b0b0b0
	294	159	808080
	464	363	
	487	3	d0d0d0
	412	355	808080
	404	58	
	384	137	
	235	156	d0d0d0
	314	30	808080
	164	271	d0d0d0
	420	355	b0b0b0
	441	435	
	515	340	
	227	409	808080
	418	31	b0b0b0
	512	290	808080
	372	293	d0d0d0
	256	431	808080
	459	439	b0b0b0
	537	277	d0d0d0
	204	92	b0b0b0
	477	229	d0d0d0
	506	341	808080
	567	368	b0b0b0
	137	415	808080
	220	349	b0b0b0
	300	60	808080
	398	451	
	470	86	
	520	395	b0b0b0
	516	90	d0d0d0
	309	418	
	204	191	808080
	203	136	b0b0b0
	232	295	808080
	286	206	
	372	191	b0b0b0
	338	206	808080
	479	31	d0d0d0
	490	425	808080
	432	416	
	167	424	
	557	428	
	585	33	
	501	403	b0b0b0
	565	174	d0d0d0
	321	98	808080
	278	369	d0d0d0
	298	17	808080
	453	250	
	261	473	
	553	124	
	352	159	b0b0b0
	257	411	d0d0d0
	180	133	808080
	458	180	b0b0b0
	369	153	808080
	434	175	b0b0b0
	433	354	d0d0d0
	185	37	b0b0b0
	393	370	d0d0d0
	282	8	808080
	151	64	
	429	115	
	454	45	d0d0d0
	223	382	808080
	321	3	
	451	238	
	246	367	
	596	467	
	146	162	b0b0b0
	535	193	808080
	382	350	d0d0d0
	448	71	808080
	593	14	b0b0b0
	361	339	808080
	401	64	d0d0d0
	598	309	808080
	581	291	
	573	51	b0b0b0
	393	89	d0d0d0
	445	386	808080
	383	392	
	286	465	d0d0d0
	228	420	
	304	142	b0b0b0
	287	266	808080
	289	196	
	318	91	b0b0b0
	454	330	d0d0d0
	495	54	808080
	211	90	d0d0d0
	188	147	
	172	359	b0b0b0
	505	130	808080
	456	192	
	195	133	d0d0d0
	140	69	
	311	229	808080
	451	156	b0b0b0
	171	215	808080
	499	433	d0d0d0
	517	178	b0b0b0
	478	45	808080
	130	177	
	244	408	b0b0b0
	416	351	d0d0d0
	477	342	
	158	340	808080
	271	174	
	534	208	
	440	507	804000
	441	501	
	439	499	
	449	514	
	453		
	439	504	
	446	502	
	456	500	
	444	520	
	458	518	
	430	487	a05000
	416	484	
	417	478	
	428	475	
		477	
	426	482	
		474	
	415	480	
	421	486	
	428	491	
	441	507	b05800
	442	513	
	441	506	
	451	504	
	448	513	
	455		
	453	511	
	449		
	443	506	
	454	509	
	435	486	100800
	436	513	
	410	522	
	438	515	
	415	489	
	433	491	
	420	500	
	441	522	
	416	518	
	422	497	
	470	509	301800
	439	508	
	447	510	
	437	505	
	440	508	
	469	495	
	452	518	
	470	502	
	464	500	
	470	494	
	453	510	b05800
	448	507	
	445	504	
	442	503	
	452	512	
	443		
	446	499	
	441	502	
	450	504	
	448	502	
line	152	0	152	480	002850
	366		366		
	580		580		
	128	162	608	162	005000
		376		376	002850
	448	500	447	499	7fff7f
	462	475	462	474	
	445	482	445	481	
	452	459	451	459	
	444	484	443	483	
	449	502	449	501	
	431	480	431	479	
	469	515	467	514	
	460	505	459	505	
	484	469	484	471	
	442	496	441	495	
	477	499	478	500	
	470	471	469	470	
	495	505	496	506	
	484	487	483	486	
	405	488	406	487	
	410	468	411	467	
	439	474	439	475	
	458	491	456	492	
	489	465	487	465	
rect	423	476	435	488	900000
	362	36	374	48	
	393	282	409	298	009000
triangle	441	453	451	463	00c000
diamond	431	45	451	65	c00000
triangle	362	234	372	244	00c000
plus	380	276	390	286	00c000
triangle	439	473	449	483	00c000
	356	214	366	224	
	365	206	375	216	
	425	473	435	483	
	265	465	275	475	
	335	201	341	207	
	453	460	463	470	005000
	466	451	476	461	00c000
	372	238	382	248	
	344	39	350	45	c00000
	418	454	428	464	00c000
	364	38	372	46	c00000
	359	220	369	230	00c000
	362	212	372	222	
	368	48	378	58	c00000
rect	415	467	417	469	00ff00
	412	479	414	481	
dither	446	459	501	476	303000
tint	450	463	458	475	000000	/font/5000/47
	457		465			/font/5000/75
	464		472			/font/5000/6e
	471		479			/font/5000/73
	478		486			/font/5000/68
	485		493			/font/5000/69
	492		500			/font/5000/70
	449	462	457	474	ffff00	/font/5000/47
	456		464			/font/5000/75
	463		471			/font/5000/6e
	470		478			/font/5000/73
	477		485			/font/5000/68
	484		492			/font/5000/69
	491		499			/font/5000/70
dither	368	22	479	39	001830
tint	372	26	380	38	000000	/font/5000/50
	379		387			/font/5000/69
	386		394			/font/5000/63
	393		401			/font/5000/74
	400		408			/font/5000/6f
	407		415			/font/5000/72
	414		422			/font/5000/69
	421		429			/font/5000/73
	428		436			/font/5000/20
	435		443			/font/5000/42
	442		450			/font/5000/65
	449		457			/font/5000/74
	456		464			/font/5000/61
	463		471			/font/5000/20
	470		478			/font/5000/32
	371	25	379	37	007fff	/font/5000/50
	378		386			/font/5000/69
	385		393			/font/5000/63
	392		400			/font/5000/74
	399		407			/font/5000/6f
	406		414			/font/5000/72
	413		421			/font/5000/69
	420		428			/font/5000/73
	427		435			/font/5000/20
	434		442			/font/5000/42
	441		449			/font/5000/65
	448		456			/font/5000/74
	455		463			/font/5000/61
	462		470			/font/5000/20
	469		477			/font/5000/32
line	434	426	436	411	489048
			422	416	
	436	411			204020
draw	0	0	128	480	/pictures/501.png
	608		640		/pictures/512.png
tint	29	159	37	172	ff0000	/font/5001/34
	35		43			/font/5001/35
	41		49			/font/5001/38
line	614	456	614	359	007fff
		359	622		
	622			456	00488f
		456	614		
rect	615	360	622	456	0070e0
line	614	231	614	231	909048
			622		
	622				505028
			614		
	614	328		232	ffff7f
		232	622		
	622			328	909048
		328	614		
rect	615	233	622	328	e0e070
line	614	111	614	103	904848
		103	622		
	622			111	502828
		111	614		
rect	615	104	622	111	703838
line	614	200	614	112	ff7f7f
		112	622		
	622			200	904848
		200	614		
rect	615	113	622	200	e07070
line	618	8	629	8	90488f
			618	9	
	629		629		
	618	36		36	
			618	35	
	629		629		
rect	620	10	628	35	703870
		35			c060c0
	634	49	636	52	7fff7f
		53		56	60c060
		57		60	
		61		64	
		65		68	
		69		72	7fff7f
		73		76	60c060
		77		80	0060c0
		81		84	
		85		88	
		89		92	007fff
		93		96	0060c0
		97		100	
		101		104	
		105		108	
		109		112	007fff
		113		116	0060c0
		117		120	
		121		124	183018
		125		128	
		129		132	
		133		136	
		137		140	
		141		144	
		145		148	
		149		152	
		153		156	
		157		160	
		161		164	
		165		168	
		169		172	
		173		176	
		177		180	
		181		184	
		185		188	
		189		192	
		193		196	
		197		200	
		201		204	
		205		208	
		209		212	
		213		216	
		217		220	
		221		224	
		225		228	
		229		232	
		233		236	
		237		240	
		241		244	
		245		248	
		249		252	
		253		256	
		257		260	
		261		264	
		265		268	
		269		272	
		273		276	
		277		280	
		281		284	
		285		288	
		289		292	
		293		296	
		297		300	
		301		304	
		305		308	
		309		312	
		313		316	
		317		320	
		321		324	
		325		328	
		329		332	
		333		336	
		337		340	
		341		344	
		345		348	
		349		352	
		353		356	
		357		360	
		361		364	
		365		368	
		369		372	
		373		376	
		377		380	
		381		384	
		385		388	
		389		392	
		393		396	
		397		400	
		401		404	
		405		408	
		409		412	
		413		416	
		417		420	
		421		424	
		425		428	
		429		432	
		433		436	
		437		440	
		441		444	
		445		448	
	621	52	631	56	303000
		57		61	
		62		66	
		67		71	
		72		76	
		77		81	
		82		86	
	7	7	115	115	00ff00
	8	8	114	114	001000
	16	16	106	106	003000
point	72	107	008000
	61	24	
	67	71	
	75	104	
		27	
	73	108	
		111	
	85	112	
	76	108	
	74	107	
	71	103	
	78	29	
	60	58	
	43	105	
	61	56	
	73	108	
	75	105	
	56	55	
	70	105	
	71	103	
	73	112	
	75	108	
	61	24	
	70	104	
	76	110	
	80	103	
	64	70	
	61	59	
	78	104	
	83	106	
	61	58	
	76	112	
	62	27	
	63	62	
	80	108	
	81	105	
	57	24	
	77	110	
	75	108	
	73	112	
	77	111	
	76	108	
	78	110	
	79	106	
	81	107	
	85		
	71	106	
	74	111	
	75	110	
			
rect	12	320	121	440	001000
tint	15	320	23	333	00ff00	/font/5001/42
	21		29			/font/5001/55
	27		35			/font/5001/49
	33		41			/font/5001/4c
	39		47			/font/5001/44
	45		53			/font/5001/20
	51		59			/font/5001/53
	57		65			/font/5001/48
	63		71			/font/5001/49
	69		77			/font/5001/50
	75		83			/font/5001/53
line	12	342	119	342	009000
tint	15	332	23	345	00ff00	/font/5001/50
	21		29			/font/5001/69
	27		35			/font/5001/63
	33		41			/font/5001/74
	39		47			/font/5001/6f
	45		53			/font/5001/72
	51		59			/font/5001/69
	57		65			/font/5001/73
	63		71			/font/5001/20
	69		77			/font/5001/42
	75		83			/font/5001/65
	81		89			/font/5001/74
	87		95			/font/5001/61
	15	344	23	357		/font/5001/46
	21		29			/font/5001/69
	27		35			/font/5001/67
	33		41			/font/5001/68
	39		47			/font/5001/74
	45		53			/font/5001/65
	51		59			/font/5001/72
	15	356	23	369		/font/5001/43
	21		29			/font/5001/72
	27		35			/font/5001/75
	33		41			/font/5001/69
	39		47			/font/5001/73
	45		53			/font/5001/65
	51		59			/font/5001/72
line	12	379	12	368	009000
		368	120		
	120			379	005000
		379	12		
rect	13	369	120	379	007000
tint	15	368	23	381	00ff00	/font/5001/47
	21		29			/font/5001/75
	27		35			/font/5001/6e
	33		41			/font/5001/73
	39		47			/font/5001/68
	45		53			/font/5001/69
	51		59			/font/5001/70
	15	380	23	393		/font/5001/54
	21		29			/font/5001/72
	27		35			/font/5001/61
	33		41			/font/5001/6e
	39		47			/font/5001/73
	45		53			/font/5001/70
	51		59			/font/5001/6f
	57		65			/font/5001/72
	63		71			/font/5001/74
line	12	438	119	438	009000
rect	16	450	114	475	001010
line	17	461	17	450	00c0c0
		450	43		
	43			461	007070
		461	17		
rect	18	451	43	461	009090
tint	19	450	27	463	00ffff	/font/5001/52
	25		33			/font/5001/47
	31		39			/font/5001/48
	37		45			/font/5001/54
	43		51			/font/5001/20
	49		57			/font/5001/42
	55		63			/font/5001/75
	61		69			/font/5001/69
	67		75			/font/5001/6c
	73		81			/font/5001/64
line	17	473	17	462	00c0c0
		462	43		
	43			473	007070
		473	17		
rect	18	463	43	473	009090
tint	19	462	27	475	00ffff	/font/5001/4c
	25		33			/font/5001/45
	31		39			/font/5001/46
	37		45			/font/5001/54
	43		51			/font/5001/20
	49		57			/font/5001/4d
	55		63			/font/5001/61
	61		69			/font/5001/69
	67		75			/font/5001/6e
	73		81			/font/5001/20
	79		87			/font/5001/4d
	85		93			/font/5001/65
	91		99			/font/5001/6e
	97		105			/font/5001/75
line	12	191	12	180	ffff00
		180	120		
	120			191	909000
		191	12		
rect	13	181	120	191	c0c000
tint	15	180	23	193	000000	/font/5001/43
	21		29			/font/5001/4f
	27		35			/font/5001/4e
	33		41			/font/5001/54
	39		47			/font/5001/52
	45		53			/font/5001/4f
	51		59			/font/5001/4c
	15	192	23	205	7fff7f	/font/5001/47
	21		29			/font/5001/55
	27		35			/font/5001/4e
	33		41			/font/5001/53
	39		47			/font/5001/48
	45		53			/font/5001/49
	51		59			/font/5001/50
draw	18	206	32	224	/sprites/652.SMIV/0
line	14	204	35	204	489048
			14	205	
	35		35		
	14	225		225	
			14	224	
	35		35		
rect	42	206	49	213	003870
		213		224	0060c0
line	40	204	50	204	00488f
			40	205	
	50		50		
	40	225		225	
			40	224	
	50		50		
rect	55	206	62	207	707000
		207		224	c0c000
line	53	204	63	204	909000
			53	205	
	63		63		
	53	225		225	
			53	224	
	63		63		
tint	69	204	77	217	7fff7f	/font/5001/4c
	75		83			/font/5001/53
	81		89			/font/5001/52
	87		95			/font/5001/54
	93		101			/font/5001/55
	99		107			/font/5001/52
	105		113			
	111		119			/font/5001/54
	69	216	77	229		/font/5001/4d
	75		83			/font/5001/47
	81		89			/font/5001/4e
	87		95			/font/5001/54
	93		101			/font/5001/4f
	99		107			/font/5001/50
	105		113			/font/5001/4c
	111		119			/font/5001/53
	12	228	20	241	00ff00	/font/5001/47
	18		26			/font/5001/75
	24		32			/font/5001/6e
	30		38			/font/5001/73
	36		44			/font/5001/68
	42		50			/font/5001/69
	48		56			/font/5001/70
line	12	263	12	252	007fff
		252	120		
	120			263	00488f
		263	12		
rect	13	253	120	263	0060c0
tint	15	252	23	265	000000	/font/5001/54
	21		29			/font/5001/41
	27		35			/font/5001/52
	33		41			/font/5001/47
	39		47			/font/5001/45
	45		53			/font/5001/54
	15	264	23	277	7fff7f	/font/5001/50
	21		29			/font/5001/69
	27		35			/font/5001/63
	33		41			/font/5001/74
	39		47			/font/5001/6f
	45		53			/font/5001/72
	51		59			/font/5001/69
	57		65			/font/5001/73
	63		71			/font/5001/20
	69		77			/font/5001/42
	75		83			/font/5001/65
	81		89			/font/5001/74
	87		95			/font/5001/61
	93		101			/font/5001/20
	99		107			/font/5001/32
draw	16	278	34	296	/sprites/1011.SMIV/0
line	14	276	35	276	489048
			14	277	
	35		35		
	14	297		297	
			14	296	
	35		35		
