point	420	472	b0b0b0
	293	99	
	190	176	
	418	54	808080
	148	148	
	402	321	b0b0b0
	155	229	808080
	540	54	
	506	37	d0d0d0
	313	295	b0b0b0
	233	213	
	292	15	d0d0d0
	407	460	b0b0b0
	277	471	808080
	583	56	b0b0b0
	251	37	808080
	421	242	
	135	297	b0b0b0
	369	234	808080
	244	354	d0d0d0
	340	15	808080
	459	434	
	583	44	d0d0d0
	581	362	808080
	354	173	b0b0b0
	375	253	
	449	158	
	184	288	808080
	386	277	d0d0d0
	469	169	808080
	284	50	d0d0d0
	213	309	808080
	393	257	b0b0b0
	449	34	d0d0d0
	174	389	b0b0b0
	229	464	d0d0d0
	463	220	808080
	501	186	b0b0b0
	525	398	d0d0d0
	154	166	b0b0b0
	139	418	808080
	355	330	
	516	427	b0b0b0
	454	213	
	330	326	d0d0d0
	221	175	
	160	69	808080
	530	434	b0b0b0
	189	174	808080
	242	84	
	306	8	b0b0b0
	294	84	808080
	354	319	b0b0b0
	447	304	808080
	389	295	
	600	417	b0b0b0
	514	307	808080
	265	346	b0b0b0
	435	221	
	310	427	
	591	455	808080
	190	125	d0d0d0
	293	375	808080
	410	129	
	407	223	d0d0d0
	510	3	808080
	218	456	b0b0b0
	169	167	d0d0d0
	136	11	808080
	348	476	d0d0d0
	325	31	808080
	233	472	b0b0b0
	345	111	d0d0d0
	347	334	b0b0b0
	305	127	d0d0d0
	298	306	b0b0b0
	575	224	
	537	470	
	235	330	
	179	261	808080
	187	301	b0b0b0
	408	117	808080
	202	245	
	548	278	b0b0b0
	389	206	d0d0d0
	492	71	808080
	294	107	d0d0d0
	358	404	b0b0b0
	310	252	d0d0d0
	318	218	808080
	271	389	
	555	188	
	538	170	
	401	392	
	231	401	
	402	265	
	340	271	
	534	221	d0d0d0
	140	177	
	489	452	808080
	244	145	
	246	75	
	544	418	
	366	87	d0d0d0
	188	345	
	510	402	808080
	323	430	
	584	5	b0b0b0
	461	9	808080
	412	71	
	134	423	
	153	444	d0d0d0
	267	108	808080
	549	453	b0b0b0
	127	93	808080
	411	190	d0d0d0
	416	474	b0b0b0
	524	403	808080
	539	425	b0b0b0
	178	225	
	328	108	d0d0d0
	389	99	
	581	196	
	227	52	808080
	491	86	
line	222	0	222	480	002850
	358		358		000050
	494		494		
	128	22	608	22	
		158		158	
		294		294	002850
		430		430	000050
	360	315	360	311	7fff7f
	363	266	364	262	
	334	420	337	418	
	371	389	375	387	
	415	369	418	368	
draw	292	57	326	91	/sprites/1023.SMIV/0
	275	109	287	121	/sprites/652.SMIV/10
	359	234	375	243	/sprites/652.SMIV/8
	346	157	363	198	/sprites/649.SMIV/12
	408	343	455	378	/sprites/649.SMIV/15
	263	96	275	108	/sprites/652.SMIV/10
	332	386	342	399	/sprites/506.SMIV/17
	42	346	58	355	/sprites/652.SMIV/4
	219	251	236	258	/sprites/652.SMIV/5
	261	244	278	251	
	10	274	26	283	/sprites/652.SMIV/4
	153	452	170	459	/sprites/652.SMIV/5
	187	223	203	232	/sprites/652.SMIV/8
	309	356	311	357	/sprites/513.SMIV/21
	59	307	76	314	/sprites/652.SMIV/5
	-9	203	8	210	/sprites/652.SMIV/7
	113	247	115	248	/sprites/513.SMIV/9
dither	380	459	491	476	001830
tint	384	463	392	475	000000	/font/5000/50
	391		399			/font/5000/69
	398		406			/font/5000/63
	405		413			/font/5000/74
	412		420			/font/5000/6f
	419		427			/font/5000/72
	426		434			/font/5000/69
	433		441			/font/5000/73
	440		448			/font/5000/20
	447		455			/font/5000/42
	454		462			/font/5000/65
	461		469			/font/5000/74
	468		476			/font/5000/61
	475		483			/font/5000/20
	482		490			/font/5000/31
	383	462	391	474	007fff	/font/5000/50
	390		398			/font/5000/69
	397		405			/font/5000/63
	404		412			/font/5000/74
	411		419			/font/5000/6f
	418		426			/font/5000/72
	425		433			/font/5000/69
	432		440			/font/5000/73
	439		447			/font/5000/20
	446		454			/font/5000/42
	453		461			/font/5000/65
	460		468			/font/5000/74
	467		475			/font/5000/61
	474		482			/font/5000/20
	481		489			/font/5000/31
line	543	332	535	319	489048
			528	332	
	535	319			204020
draw	0	0	128	480	/pictures/501.png
	608		640		/pictures/512.png
tint	29	159	37	172	ff0000	/font/5001/34
	35		43			/font/5001/35
	41		49			/font/5001/38
line	614	456	614	359	007fff
		359	622		
	622			456	00488f
		456	614		
rect	615	360	622	456	0070e0
line	614	231	614	231	909048
			622		
	622				505028
			614		
	614	328		232	ffff7f
		232	622		
	622			328	909048
		328	614		
rect	615	233	622	328	e0e070
line	614	111	614	103	904848
		103	622		
	622			111	502828
		111	614		
rect	615	104	622	111	703838
line	614	200	614	112	ff7f7f
		112	622		
	622			200	904848
		200	614		
rect	615	113	622	200	e07070
line	618	8	629	8	90488f
			618	9	
	629		629		
	618	36		36	
			618	35	
	629		629		
rect	620	10	628	35	703870
		19			c060c0
	634	49	636	52	7fff7f
		53		56	60c060
		57		60	
		61		64	
		65		68	
		69		72	7fff7f
		73		76	60c060
		77		80	
		81		84	
		85		88	
		89		92	7fff7f
		93		96	60c060
		97		100	
		101		104	
		105		108	
		109		112	7fff7f
		113		116	0060c0
		117		120	
		121		124	
		125		128	
		129		132	183018
		133		136	
		137		140	
		141		144	
		145		148	
		149		152	
		153		156	
		157		160	
		161		164	
		165		168	
		169		172	
		173		176	
		177		180	
		181		184	
		185		188	
		189		192	
		193		196	
		197		200	
		201		204	
		205		208	
		209		212	
		213		216	
		217		220	
		221		224	
		225		228	
		229		232	
		233		236	
		237		240	
		241		244	
		245		248	
		249		252	
		253		256	
		257		260	
		261		264	
		265		268	
		269		272	
		273		276	
		277		280	
		281		284	
		285		288	
		289		292	
		293		296	
		297		300	
		301		304	
		305		308	
		309		312	
		313		316	
		317		320	
		321		324	
		325		328	
		329		332	
		333		336	
		337		340	
		341		344	
		345		348	
		349		352	
		353		356	
		357		360	
		361		364	
		365		368	
		369		372	
		373		376	
		377		380	
		381		384	
		385		388	
		389		392	
		393		396	
		397		400	
		401		404	
		405		408	
		409		412	
		413		416	
		417		420	
		421		424	
		425		428	
		429		432	
		433		436	
		437		440	
		441		444	
		445		448	
	621	52	631	56	303000
		57		61	
		62		66	
		67		71	
		72		76	
		77		81	
		82		86	
	7	7	115	115	00ff00
	8	8	114	114	001000
	42	42	80	80	003000
point	62	85	008000
	57	49	
	54	51	
	43	19	
	61	66	
		62	
		57	
	65	70	
	31	60	
	54	51	
	60	75	
	44	17	
	60	73	
	53	62	
	38	69	
	50	62	
	31	57	
	38	30	
	47	60	
	46	76	
	61	72	
	64	70	
	35	29	
	37	63	
	39	66	
	34	61	
		59	
	45	25	
	12	50	
	51	15	
		27	
	48	20	
	45		
	57	69	
	76	97	
	90	82	
	42	61	
	30	96	
rect	12	320	121	440	001000
tint	15	320	23	333	00ff00	/font/5001/42
	21		29			/font/5001/55
	27		35			/font/5001/49
	33		41			/font/5001/4c
	39		47			/font/5001/44
	45		53			/font/5001/20
	51		59			/font/5001/53
	57		65			/font/5001/48
	63		71			/font/5001/49
	69		77			/font/5001/50
	75		83			/font/5001/53
line	12	342	119	342	009000
tint	15	332	23	345	00ff00	/font/5001/50
	21		29			/font/5001/69
	27		35			/font/5001/63
	33		41			/font/5001/74
	39		47			/font/5001/6f
	45		53			/font/5001/72
	51		59			/font/5001/69
	57		65			/font/5001/73
	63		71			/font/5001/20
	69		77			/font/5001/42
	75		83			/font/5001/65
	81		89			/font/5001/74
	87		95			/font/5001/61
	15	344	23	357		/font/5001/46
	21		29			/font/5001/69
	27		35			/font/5001/67
	33		41			/font/5001/68
	39		47			/font/5001/74
	45		53			/font/5001/65
	51		59			/font/5001/72
	15	356	23	369		/font/5001/43
	21		29			/font/5001/72
	27		35			/font/5001/75
	33		41			/font/5001/69
	39		47			/font/5001/73
	45		53			/font/5001/65
	51		59			/font/5001/72
	15	368	23	381		/font/5001/47
	21		29			/font/5001/75
	27		35			/font/5001/6e
	33		41			/font/5001/73
	39		47			/font/5001/68
	45		53			/font/5001/69
	51		59			/font/5001/70
line	12	391	12	380	009000
		380	120		
	120			391	005000
		391	12		
rect	13	381	120	391	007000
tint	15	380	23	393	00ff00	/font/5001/54
	21		29			/font/5001/72
	27		35			/font/5001/61
	33		41			/font/5001/6e
	39		47			/font/5001/73
	45		53			/font/5001/70
	51		59			/font/5001/6f
	57		65			/font/5001/72
	63		71			/font/5001/74
line	12	438	119	438	009000
rect	16	450	114	475	001010
line	17	461	17	450	00c0c0
		450	43		
	43			461	007070
		461	17		
rect	18	451	43	461	009090
tint	19	450	27	463	00ffff	/font/5001/52
	25		33			/font/5001/47
	31		39			/font/5001/48
	37		45			/font/5001/54
	43		51			/font/5001/20
	49		57			/font/5001/42
	55		63			/font/5001/75
	61		69			/font/5001/69
	67		75			/font/5001/6c
	73		81			/font/5001/64
line	17	473	17	462	00c0c0
		462	43		
	43			473	007070
		473	17		
rect	18	463	43	473	009090
tint	19	462	27	475	00ffff	/font/5001/4c
	25		33			/font/5001/45
	31		39			/font/5001/46
	37		45			/font/5001/54
	43		51			/font/5001/20
	49		57			/font/5001/4d
	55		63			/font/5001/61
	61		69			/font/5001/69
	67		75			/font/5001/6e
	73		81			/font/5001/20
	79		87			/font/5001/4d
	85		93			/font/5001/65
	91		99			/font/5001/6e
	97		105			/font/5001/75
line	12	191	12	180	ffff00
		180	120		
	120			191	909000
		191	12		
rect	13	181	120	191	c0c000
tint	15	180	23	193	000000	/font/5001/43
	21		29			/font/5001/4f
	27		35			/font/5001/4e
	33		41			/font/5001/54
	39		47			/font/5001/52
	45		53			/font/5001/4f
	51		59			/font/5001/4c
line	14	204	35	204	489048
			14	205	
	35		35		
	14	225		225	
			14	224	
	35		35		
	12	263	12	252	007fff
		252	120		
	120			263	00488f
		263	12		
rect	13	253	120	263	0060c0
tint	15	252	23	265	000000	/font/5001/54
	21		29			/font/5001/41
	27		35			/font/5001/52
	33		41			/font/5001/47
	39		47			/font/5001/45
	45		53			/font/5001/54
	15	264	23	277	7fff7f	/font/5001/50
	21		29			/font/5001/69
	27		35			/font/5001/63
	33		41			/font/5001/74
	39		47			/font/5001/6f
	45		53			/font/5001/72
	51		59			/font/5001/69
	57		65			/font/5001/73
	63		71			/font/5001/20
	69		77			/font/5001/42
	75		83			/font/5001/65
	81		89			/font/5001/74
	87		95			/font/5001/61
	93		101			/font/5001/20
	99		107			/font/5001/31
draw	16	278	34	296	/sprites/1010.SMIV/0
line	14	276	35	276	489048
			14	277	
	35		35		
	14	297		297	
			14	296	
	35		35		
