point	383	360	b0b0b0
	284	462	d0d0d0
	153	64	b0b0b0
	212	459	808080
	598	388	d0d0d0
	365	208	b0b0b0
	131	154	808080
	492	449	b0b0b0
	332	367	d0d0d0
	276	183	b0b0b0
	196	101	
	583	410	808080
	370	347	b0b0b0
	252	396	808080
	215	405	d0d0d0
	604	341	808080
	396	167	
	587	166	
	344	159	
	194	204	d0d0d0
	312	362	
	434	359	808080
	464	373	d0d0d0
	556	287	808080
	317	60	b0b0b0
	338	140	
	412	45	
	159	213	808080
	337	127	d0d0d0
	444	94	808080
	450	404	b0b0b0
	188	235	808080
	356	144	b0b0b0
	460	364	d0d0d0
	137	276	b0b0b0
	180	315	d0d0d0
	438	145	808080
	464	73	b0b0b0
	475	248	d0d0d0
	596	162	b0b0b0
	587	307	
	330	255	808080
	479	315	b0b0b0
	417	100	
	280	176	d0d0d0
	172	25	
	393	471	b0b0b0
	493	321	
	164	99	808080
	218	10	
	145	341	d0d0d0
	270	10	808080
	317	206	b0b0b0
	422	229	808080
	364	220	
	563	304	b0b0b0
	489	232	808080
	228	234	b0b0b0
	398	108	
	273	314	
	567	380	808080
	374	454	d0d0d0
	268	300	808080
	385	54	
	357	73	d0d0d0
	292	335	
	181	343	b0b0b0
	598	190	d0d0d0
	501	416	808080
	298	326	d0d0d0
	541	393	
	196	359	b0b0b0
	431	449	
	309	222	
	600	466	808080
	261	194	b0b0b0
	538	112	
	500	358	
	198	217	
	154	186	808080
	150	189	b0b0b0
	383	42	808080
	178	170	
	511	166	b0b0b0
	340	56	d0d0d0
	441	474	b0b0b0
	155	446	
	321	292	
	260	102	d0d0d0
	293	143	808080
	247	314	
	530	113	
	513	95	
	376	317	
	206	326	
	377	190	
	315	196	
	485	71	d0d0d0
	588	270	808080
	464	377	
	219	70	
	221	0	
	520	343	
	247	447	
	139	195	d0d0d0
	485	327	808080
	299	355	
	501	407	
	517	413	
	377	473	b0b0b0
	588	129	808080
		345	b0b0b0
	243	33	808080
	512	340	b0b0b0
	557	64	d0d0d0
	362	40	
	379	362	b0b0b0
	499	328	808080
	502	313	b0b0b0
	141	113	
	312	457	808080
	301	440	b0b0b0
	531	46	d0d0d0
	320	435	
	466	12	808080
	206	256	a05000
	204	220	
	179	246	
	206	235	
	214	228	
		210	
	205	224	
	188	233	
	180	230	
	224	259	
	193	218	b05800
	180	221	
	214	224	
	194		
	207	225	
	187	247	
	194	218	
	192	219	
	215		
	180	243	
	190	244	e07000
	181	246	
	189	239	
	196	252	
	185	240	
	180	252	
	193	251	
	185	236	
	183	249	
	186	237	
	184	235	f07800
	183	231	
	185	228	
			
	184	232	
	181		
	184	235	
	185	232	
	182	227	
	189	233	
	186		
	191	238	
	194	240	
		241	
		232	
	188	236	
	194	240	
	192	238	
	187	240	
	191	235	
	188	231	ff7f00
	187	233	
		230	
	189	231	
		232	
	188	231	
	189	232	
	187	231	
			
	188	232	
	253	267	301800
	192	263	
	275	273	
	212	284	
	249	251	
	178	217	
	176	243	
	220	228	
	214	239	
	215	232	
	242	262	502800
	180	276	
	252	241	
	212	220	
	234	199	
	233	200	
	234	216	
	224	230	
	167	239	
	209	278	
	185	259	603000
	187	268	
	250	228	
	233	263	
	261	221	
	260	272	
	220	271	
	212	269	
	251	208	
	232	265	
	171	230	703800
	233	236	
	228	241	
	180	267	
	172	276	
	216	257	
	193	253	
	174	219	
	216	277	
	226		
	217	226	b05800
	186	249	
	191	250	
	212	220	
	202	252	
	215	242	
	213	247	
	205	224	
	206	231	
	214	249	
	208	224	c06000
	203	228	
	190	248	
	188	239	
	207	224	
line	151	0	151	480	002850
	308		308		000050
	465		465		
	128	156	608	156	002850
		313		313	000050
		470		470	
	209	257	214	260	7fff7f
	147	201	142	198	
	197	224	192	221	
	182	216	179	211	
	130	186	126	184	
	274	280	269	276	
	177	210	172	208	
	228	226	223	224	
	197	182	198	178	
	169	269	169	273	
	321	238	326	238	
	168	320	168	323	
	267	234	272	234	
	211		217	235	
draw	323	455	342	474	/sprites/1010.SMIV/0
	191	210	209	218	/sprites/652.SMIV/19
	359	236	378	243	/sprites/652.SMIV/18
	190	-9	231	35	/sprites/649.SMIV/10
	332	221	398	245	/sprites/649.SMIV/17
	192	171	203	185	/sprites/652.SMIV/13
static	181	231	193	245	f0f078	24	/sprites/506.SMIV/21
draw	111	178	129	188	/sprites/652.SMIV/8
	173	249	187	262	/sprites/652.SMIV/2
	208	254	225	266	/sprites/652.SMIV/21
	248	235	266	243	/sprites/652.SMIV/19
	91	100	98	105	/sprites/651.SMIV/9
	77	116	96	124	/sprites/652.SMIV/5
	65	141	83	148	/sprites/652.SMIV/6
	363	341	377	354	/sprites/652.SMIV/22
	153	375	171	383	/sprites/652.SMIV/19
	185	171	187	172	/sprites/513.SMIV/21
	107	172	126	180	/sprites/652.SMIV/5
	165	195	179	208	/sprites/652.SMIV/10
	83	155	85	156	/sprites/513.SMIV/9
	182	207	188	211	/sprites/653.SMIV/1
	176	247	180	252	/sprites/653.SMIV/3
	211	227	217	231	/sprites/653.SMIV/1
	118	187	124	191	/sprites/653.SMIV/4
	207	245	211	250	/sprites/653.SMIV/0
	182	226	184	228	/sprites/504.SMIV/18
	179	219	183	223	/sprites/554.SMIV/5
	221	243	225	248	/sprites/653.SMIV/3
	246	241	252	245	/sprites/653.SMIV/1
	215	237	221	241	/sprites/653.SMIV/2
	188	224	194	228	/sprites/653.SMIV/4
	234	231	240	235	/sprites/653.SMIV/2
	183	227	186	230	/sprites/554.SMIV/2
	186	232	188	234	/sprites/504.SMIV/18
	182	234	184	236	
	184	233	187		/sprites/554.SMIV/2
	250	241	256	245	/sprites/653.SMIV/1
	183	236	186	239	/sprites/554.SMIV/2
		228		230	/sprites/504.SMIV/19
	187	231	190	233	
	182	238	185	240	
	192	233	194	236	/sprites/554.SMIV/1
	165	224	171	228	/sprites/653.SMIV/4
	202	238	204	240	/sprites/504.SMIV/18
	181	230	185	235	/sprites/554.SMIV/6
	195	229	198	233	/sprites/554.SMIV/4
	196	209	200	214	/sprites/554.SMIV/9
	186	229	188	231	/sprites/504.SMIV/18
	189	237	192	241	/sprites/554.SMIV/4
	190	244		246	/sprites/554.SMIV/0
	192	239	194	241	
dither	333	444	444	461	001830
tint	337	448	345	460	000000	/font/5000/50
	344		352			/font/5000/69
	351		359			/font/5000/63
	358		366			/font/5000/74
	365		373			/font/5000/6f
	372		380			/font/5000/72
	379		387			/font/5000/69
	386		394			/font/5000/73
	393		401			/font/5000/20
	400		408			/font/5000/42
	407		415			/font/5000/65
	414		422			/font/5000/74
	421		429			/font/5000/61
	428		436			/font/5000/20
	435		443			/font/5000/31
	336	447	344	459	007fff	/font/5000/50
	343		351			/font/5000/69
	350		358			/font/5000/63
	357		365			/font/5000/74
	364		372			/font/5000/6f
	371		379			/font/5000/72
	378		386			/font/5000/69
	385		393			/font/5000/73
	392		400			/font/5000/20
	399		407			/font/5000/42
	406		414			/font/5000/65
	413		421			/font/5000/74
	420		428			/font/5000/61
	427		435			/font/5000/20
	434		442			/font/5000/31
line	168	249	182	256	489048
			181	241	
	182	256			204020
draw	0	0	128	480	/pictures/501.png
	608		640		/pictures/512.png
tint	29	159	37	172	ff0000	/font/5001/34
	35		43			/font/5001/35
	41		49			/font/5001/38
line	614	456	614	359	007fff
		359	622		
	622			456	00488f
		456	614		
rect	615	360	622	456	0070e0
line	614	231	614	231	909048
			622		
	622				505028
			614		
	614	328		232	ffff7f
		232	622		
	622			328	909048
		328	614		
rect	615	233	622	328	e0e070
line	614	112	614	103	904848
		103	622		
	622			112	502828
		112	614		
rect	615	104	622	112	703838
line	614	200	614	113	ff7f7f
		113	622		
	622			200	904848
		200	614		
rect	615	114	622	200	e07070
line	618	8	629	8	90488f
			618	9	
	629		629		
	618	36		36	
			618	35	
	629		629		
rect	620	10	628	35	703870
		28			c060c0
	634	49	636	52	7fff7f
		53		56	60c060
		57		60	
		61		64	
		65		68	
		69		72	7fff7f
		73		76	60c060
		77		80	
		81		84	
		85		88	
		89		92	7fff7f
		93		96	60c060
		97		100	
		101		104	
		105		108	
		109		112	7fff7f
		113		116	60c060
		117		120	0060c0
		121		124	
		125		128	
		129		132	007fff
		133		136	183018
		137		140	
		141		144	
		145		148	
		149		152	
		153		156	
		157		160	
		161		164	
		165		168	
		169		172	
		173		176	
		177		180	
		181		184	
		185		188	
		189		192	
		193		196	
		197		200	
		201		204	
		205		208	
		209		212	
		213		216	
		217		220	
		221		224	
		225		228	
		229		232	
		233		236	
		237		240	
		241		244	
		245		248	
		249		252	
		253		256	
		257		260	
		261		264	
		265		268	
		269		272	
		273		276	
		277		280	
		281		284	
		285		288	
		289		292	
		293		296	
		297		300	
		301		304	
		305		308	
		309		312	
		313		316	
		317		320	
		321		324	
		325		328	
		329		332	
		333		336	
		337		340	
		341		344	
		345		348	
		349		352	
		353		356	
		357		360	
		361		364	
		365		368	
		369		372	
		373		376	
		377		380	
		381		384	
		385		388	
		389		392	
		393		396	
		397		400	
		401		404	
		405		408	
		409		412	
		413		416	
		417		420	
		421		424	
		425		428	
		429		432	
		433		436	
		437		440	
		441		444	
		445		448	
	621	52	631	56	303000
		57		61	
		62		66	
		67		71	
		72		76	
		77		81	
		82		86	
	7	7	115	115	00ff00
	8	8	114	114	001000
	46	46	76	76	003000
point	59	75	008000
	54	40	
	51	60	
	41	20	
	48	58	
	53	60	
	52	47	
	61	61	
	44	57	
	50	58	
	55	61	
	40	17	
	50	61	
	55		
	49		
	52	62	
	49		
	43	52	
	49	69	
	61	68	
	59	61	
	49	60	
	55	61	
	41	56	
	49	65	
	45	58	
	42	54	
	52	60	
	48	58	
	50	60	
	45	33	
	49	69	
	53	34	
	46	58	
	52	62	
	37	12	
	49	57	
	51	60	
	48	59	
	42	8	
	39	9	
	52	62	
	50	60	
	45	58	
	51	60	
	50	57	
	49	60	
	51	61	
	49	59	
	50	60	
rect	12	320	121	440	001000
tint	15	320	23	333	00ff00	/font/5001/42
	21		29			/font/5001/55
	27		35			/font/5001/49
	33		41			/font/5001/4c
	39		47			/font/5001/44
	45		53			/font/5001/20
	51		59			/font/5001/53
	57		65			/font/5001/48
	63		71			/font/5001/49
	69		77			/font/5001/50
	75		83			/font/5001/53
line	12	342	119	342	009000
tint	15	332	23	345	00ff00	/font/5001/50
	21		29			/font/5001/69
	27		35			/font/5001/63
	33		41			/font/5001/74
	39		47			/font/5001/6f
	45		53			/font/5001/72
	51		59			/font/5001/69
	57		65			/font/5001/73
	63		71			/font/5001/20
	69		77			/font/5001/42
	75		83			/font/5001/65
	81		89			/font/5001/74
	87		95			/font/5001/61
	15	344	23	357		/font/5001/46
	21		29			/font/5001/69
	27		35			/font/5001/67
	33		41			/font/5001/68
	39		47			/font/5001/74
	45		53			/font/5001/65
	51		59			/font/5001/72
	15	356	23	369		/font/5001/43
	21		29			/font/5001/72
	27		35			/font/5001/75
	33		41			/font/5001/69
	39		47			/font/5001/73
	45		53			/font/5001/65
	51		59			/font/5001/72
	15	368	23	381		/font/5001/47
	21		29			/font/5001/75
	27		35			/font/5001/6e
	33		41			/font/5001/73
	39		47			/font/5001/68
	45		53			/font/5001/69
	51		59			/font/5001/70
line	12	391	12	380	009000
		380	120		
	120			391	005000
		391	12		
rect	13	381	120	391	007000
tint	15	380	23	393	00ff00	/font/5001/54
	21		29			/font/5001/72
	27		35			/font/5001/61
	33		41			/font/5001/6e
	39		47			/font/5001/73
	45		53			/font/5001/70
	51		59			/font/5001/6f
	57		65			/font/5001/72
	63		71			/font/5001/74
line	12	438	119	438	009000
rect	16	450	114	475	001010
line	17	461	17	450	00c0c0
		450	43		
	43			461	007070
		461	17		
rect	18	451	43	461	009090
tint	19	450	27	463	00ffff	/font/5001/52
	25		33			/font/5001/47
	31		39			/font/5001/48
	37		45			/font/5001/54
	43		51			/font/5001/20
	49		57			/font/5001/42
	55		63			/font/5001/75
	61		69			/font/5001/69
	67		75			/font/5001/6c
	73		81			/font/5001/64
line	17	473	17	462	00c0c0
		462	43		
	43			473	007070
		473	17		
rect	18	463	43	473	009090
tint	19	462	27	475	00ffff	/font/5001/4c
	25		33			/font/5001/45
	31		39			/font/5001/46
	37		45			/font/5001/54
	43		51			/font/5001/20
	49		57			/font/5001/4d
	55		63			/font/5001/61
	61		69			/font/5001/69
	67		75			/font/5001/6e
	73		81			/font/5001/20
	79		87			/font/5001/4d
	85		93			/font/5001/65
	91		99			/font/5001/6e
	97		105			/font/5001/75
line	12	191	12	180	ffff00
		180	119		
	119			191	909000
		191	12		
rect	13	181	119	191	c0c000
tint	15	180	23	193	000000	/font/5001/43
	21		29			/font/5001/4f
	27		35			/font/5001/4e
	33		41			/font/5001/54
	39		47			/font/5001/52
	45		53			/font/5001/4f
	51		59			/font/5001/4c
line	14	204	35	204	489048
			14	205	
	35		35		
	14	225		225	
			14	224	
	35		35		
	12	263	12	252	007fff
		252	119		
	119			263	00488f
		263	12		
rect	13	253	119	263	0060c0
tint	15	252	23	265	000000	/font/5001/54
	21		29			/font/5001/41
	27		35			/font/5001/52
	33		41			/font/5001/47
	39		47			/font/5001/45
	45		53			/font/5001/54
	15	264	23	277	7fff7f	/font/5001/50
	21		29			/font/5001/69
	27		35			/font/5001/63
	33		41			/font/5001/74
	39		47			/font/5001/6f
	45		53			/font/5001/72
	51		59			/font/5001/69
	57		65			/font/5001/73
	63		71			/font/5001/20
	69		77			/font/5001/42
	75		83			/font/5001/65
	81		89			/font/5001/74
	87		95			/font/5001/61
	93		101			/font/5001/20
	99		107			/font/5001/31
draw	16	278	34	296	/sprites/1010.SMIV/0
line	14	276	35	276	489048
			14	277	
	35		35		
	14	297		297	
			14	296	
	35		35		
