point	400	346	b0b0b0
	307	444	d0d0d0
	170	51	b0b0b0
	223	450	808080
	142	99	d0d0d0
	383	195	b0b0b0
	142	145	808080
	509	435	b0b0b0
	355	349	d0d0d0
	293	169	b0b0b0
	214	87	
	595	402	808080
	388	334	b0b0b0
	264	387	808080
	239		d0d0d0
	140	338	b0b0b0
	408	159	808080
	598	157	
	356	151	
	218	187	d0d0d0
	335	344	
	446	351	808080
	487	356	d0d0d0
	568	278	808080
	334	47	b0b0b0
	355	127	
	429	32	
	171	204	808080
	361	109	d0d0d0
	456	86	808080
	468	390	b0b0b0
	200	226	808080
	373	131	b0b0b0
	483	346	d0d0d0
	154	263	b0b0b0
	203	297	d0d0d0
	450	137	808080
	481	60	b0b0b0
	499	230	d0d0d0
	135	301	
	605	294	b0b0b0
	342	247	808080
	496	301	b0b0b0
	434	87	
	304	158	d0d0d0
	195	8	
	411	457	b0b0b0
	511	308	
	176	90	808080
	229	1	
	169	323	d0d0d0
	281	1	808080
	335	193	b0b0b0
	434	221	808080
	376	212	
	580	291	b0b0b0
	501	224	808080
	245	221	b0b0b0
	415	95	
	291	301	
	578	371	808080
	397	436	d0d0d0
	280	291	808080
	397	46	
	381	56	d0d0d0
	315	318	
	198	330	b0b0b0
	135	272	808080
	513	407	
	322	309	d0d0d0
	565	376	
	213	346	b0b0b0
	449	436	
	327	208	
	136	219	d0d0d0
	278	181	b0b0b0
	556	98	
	518	344	
	215	204	
	166	177	808080
	167	175	b0b0b0
	395	34	808080
	190	162	
	528	153	b0b0b0
	364	38	d0d0d0
	459	461	b0b0b0
	173	433	
	339	279	
	284	85	d0d0d0
	305	135	808080
	259	305	
	542	105	
	525	87	
	388	308	
	218	318	
	389	182	
	327	188	
	509	54	d0d0d0
	599	261	808080
	476	368	
	231	61	
	603	470	
	531	334	
	258	438	
	162	177	d0d0d0
	497	319	808080
	310	346	
	512	398	
	528	404	
	394	459	b0b0b0
	600	120	808080
	606	332	b0b0b0
	254	24	808080
	530	327	b0b0b0
	580	46	d0d0d0
	386	22	
	397	348	b0b0b0
	511	319	808080
	519	300	b0b0b0
	159	100	
	324	448	808080
	318	427	b0b0b0
	555	28	d0d0d0
	344	418	
	478	3	808080
line	231	0	231	480	002850
	347		347		000050
	463		463		
	579		579		
	128	45	608	45	
		161		161	002850
		277		277	000050
		393		393	
	302	147	300	150	7fff7f
	318	110	316	113	
	347	54	343	55	
	327	101	325	105	
	314	80	311	81	
		140	312	144	
	275	92	271	92	
rect	359	381	371	393	900000
triangle	225	245	235	255	00c000
	362	234	372	244	
	396	418	404	426	c00000
diamond	263	84	279	100	00c000
	360	220	376	236	
triangle	221	197	231	207	00c000
	33	283	43	293	
	312	229	322	239	
	311	250	321	260	
	218	181	228	191	
	194	171	204	181	
	298	231	304	237	
	305	159	315	169	009000
	296	145	306	155	00c000
	388	238	398	248	
	329	86	335	92	c00000
	131	353	141	363	00c000
rect	231	150	233	152	c00000
triangle	309	138	319	148	00c000
	345	277	355	287	
	233	9	243	19	c00000
rect	204	180	206	182	c00000
	255	222	259	226	ff0000
dither	365	367	476	384	001830
tint	369	371	377	383	000000	/font/5000/50
	376		384			/font/5000/69
	383		391			/font/5000/63
	390		398			/font/5000/74
	397		405			/font/5000/6f
	404		412			/font/5000/72
	411		419			/font/5000/69
	418		426			/font/5000/73
	425		433			/font/5000/20
	432		440			/font/5000/42
	439		447			/font/5000/65
	446		454			/font/5000/74
	453		461			/font/5000/61
	460		468			/font/5000/20
	467		475			/font/5000/31
	368	370	376	382	007fff	/font/5000/50
	375		383			/font/5000/69
	382		390			/font/5000/63
	389		397			/font/5000/74
	396		404			/font/5000/6f
	403		411			/font/5000/72
	410		418			/font/5000/69
	417		425			/font/5000/73
	424		432			/font/5000/20
	431		439			/font/5000/42
	438		446			/font/5000/65
	445		453			/font/5000/74
	452		460			/font/5000/61
	459		467			/font/5000/20
	466		474			/font/5000/31
line	191	332	206	332	489048
			199	319	
	206				204020
draw	0	0	128	480	/pictures/501.png
	608		640		/pictures/512.png
tint	29	159	37	172	ff0000	/font/5001/34
	35		43			/font/5001/35
	41		49			/font/5001/38
line	614	456	614	359	007fff
		359	622		
	622			456	00488f
		456	614		
rect	615	360	622	456	0070e0
line	614	231	614	231	909048
			622		
	622				505028
			614		
	614	328		232	ffff7f
		232	622		
	622			328	909048
		328	614		
rect	615	233	622	328	e0e070
line	614	113	614	103	904848
		103	622		
	622			113	502828
		113	614		
rect	615	104	622	113	703838
line	614	200	614	114	ff7f7f
		114	622		
	622			200	904848
		200	614		
rect	615	115	622	200	e07070
line	618	8	629	8	90488f
			618	9	
	629		629		
	618	36		36	
			618	35	
	629		629		
rect	620	10	628	35	703870
		32			c060c0
	634	49	636	52	7fff7f
		53		56	60c060
		57		60	
		61		64	
		65		68	
		69		72	7fff7f
		73		76	60c060
		77		80	
		81		84	
		85		88	
		89		92	7fff7f
		93		96	60c060
		97		100	
		101		104	
		105		108	
		109		112	7fff7f
		113		116	60c060
		117		120	
		121		124	0060c0
		125		128	
		129		132	007fff
		133		136	0060c0
		137		140	183018
		141		144	
		145		148	
		149		152	
		153		156	
		157		160	
		161		164	
		165		168	
		169		172	
		173		176	
		177		180	
		181		184	
		185		188	
		189		192	
		193		196	
		197		200	
		201		204	
		205		208	
		209		212	
		213		216	
		217		220	
		221		224	
		225		228	
		229		232	
		233		236	
		237		240	
		241		244	
		245		248	
		249		252	
		253		256	
		257		260	
		261		264	
		265		268	
		269		272	
		273		276	
		277		280	
		281		284	
		285		288	
		289		292	
		293		296	
		297		300	
		301		304	
		305		308	
		309		312	
		313		316	
		317		320	
		321		324	
		325		328	
		329		332	
		333		336	
		337		340	
		341		344	
		345		348	
		349		352	
		353		356	
		357		360	
		361		364	
		365		368	
		369		372	
		373		376	
		377		380	
		381		384	
		385		388	
		389		392	
		393		396	
		397		400	
		401		404	
		405		408	
		409		412	
		413		416	
		417		420	
		421		424	
		425		428	
		429		432	
		433		436	
		437		440	
		441		444	
		445		448	
	621	52	631	56	303000
		57		61	
		62		66	
		67		71	
		72		76	
		77		81	
		82		86	
	7	7	115	115	00ff00
	8	8	114	114	001000
	39	39	83	83	003000
point	61	74	008000
	56	38	
	49	61	
	44	22	
	58	44	
	54	54	
	53	48	
	61	61	
	56		
	50	58	
	56	47	
	42	21	
	56	54	
	27	66	
	47	57	
	56	62	
	48	58	
	62	76	
	54	60	
	53	48	
	42	71	
	63	61	
	54	54	
	56		
	55	55	
	59	64	
	50	41	
	58	47	
	44	21	
	50	54	
	80	90	
	100	69	
	47	56	
	51	60	
rect	12	320	121	440	001000
tint	15	320	23	333	00ff00	/font/5001/42
	21		29			/font/5001/55
	27		35			/font/5001/49
	33		41			/font/5001/4c
	39		47			/font/5001/44
	45		53			/font/5001/20
	51		59			/font/5001/53
	57		65			/font/5001/48
	63		71			/font/5001/49
	69		77			/font/5001/50
	75		83			/font/5001/53
line	12	342	119	342	009000
tint	15	332	23	345	00ff00	/font/5001/50
	21		29			/font/5001/69
	27		35			/font/5001/63
	33		41			/font/5001/74
	39		47			/font/5001/6f
	45		53			/font/5001/72
	51		59			/font/5001/69
	57		65			/font/5001/73
	63		71			/font/5001/20
	69		77			/font/5001/42
	75		83			/font/5001/65
	81		89			/font/5001/74
	87		95			/font/5001/61
	15	344	23	357		/font/5001/46
	21		29			/font/5001/69
	27		35			/font/5001/67
	33		41			/font/5001/68
	39		47			/font/5001/74
	45		53			/font/5001/65
	51		59			/font/5001/72
	15	356	23	369		/font/5001/43
	21		29			/font/5001/72
	27		35			/font/5001/75
	33		41			/font/5001/69
	39		47			/font/5001/73
	45		53			/font/5001/65
	51		59			/font/5001/72
	15	368	23	381		/font/5001/47
	21		29			/font/5001/75
	27		35			/font/5001/6e
	33		41			/font/5001/73
	39		47			/font/5001/68
	45		53			/font/5001/69
	51		59			/font/5001/70
line	12	391	12	380	009000
		380	120		
	120			391	005000
		391	12		
rect	13	381	120	391	007000
tint	15	380	23	393	00ff00	/font/5001/54
	21		29			/font/5001/72
	27		35			/font/5001/61
	33		41			/font/5001/6e
	39		47			/font/5001/73
	45		53			/font/5001/70
	51		59			/font/5001/6f
	57		65			/font/5001/72
	63		71			/font/5001/74
line	12	438	119	438	009000
rect	16	450	114	475	001010
line	17	461	17	450	00c0c0
		450	43		
	43			461	007070
		461	17		
rect	18	451	43	461	009090
tint	19	450	27	463	00ffff	/font/5001/52
	25		33			/font/5001/47
	31		39			/font/5001/48
	37		45			/font/5001/54
	43		51			/font/5001/20
	49		57			/font/5001/42
	55		63			/font/5001/75
	61		69			/font/5001/69
	67		75			/font/5001/6c
	73		81			/font/5001/64
line	17	473	17	462	00c0c0
		462	43		
	43			473	007070
		473	17		
rect	18	463	43	473	009090
tint	19	462	27	475	00ffff	/font/5001/4c
	25		33			/font/5001/45
	31		39			/font/5001/46
	37		45			/font/5001/54
	43		51			/font/5001/20
	49		57			/font/5001/4d
	55		63			/font/5001/61
	61		69			/font/5001/69
	67		75			/font/5001/6e
	73		81			/font/5001/20
	79		87			/font/5001/4d
	85		93			/font/5001/65
	91		99			/font/5001/6e
	97		105			/font/5001/75
line	12	191	12	180	ffff00
		180	120		
	120			191	909000
		191	12		
rect	13	181	120	191	c0c000
tint	15	180	23	193	000000	/font/5001/43
	21		29			/font/5001/4f
	27		35			/font/5001/4e
	33		41			/font/5001/54
	39		47			/font/5001/52
	45		53			/font/5001/4f
	51		59			/font/5001/4c
line	14	204	35	204	489048
			14	205	
	35		35		
	14	225		225	
			14	224	
	35		35		
	12	263	12	252	007fff
		252	120		
	120			263	00488f
		263	12		
rect	13	253	120	263	0060c0
tint	15	252	23	265	000000	/font/5001/54
	21		29			/font/5001/41
	27		35			/font/5001/52
	33		41			/font/5001/47
	39		47			/font/5001/45
	45		53			/font/5001/54
	15	264	23	277	7fff7f	/font/5001/50
	21		29			/font/5001/69
	27		35			/font/5001/63
	33		41			/font/5001/74
	39		47			/font/5001/6f
	45		53			/font/5001/72
	51		59			/font/5001/69
	57		65			/font/5001/73
	63		71			/font/5001/20
	69		77			/font/5001/42
	75		83			/font/5001/65
	81		89			/font/5001/74
	87		95			/font/5001/61
	93		101			/font/5001/20
	99		107			/font/5001/31
draw	16	278	34	296	/sprites/1010.SMIV/0
line	14	276	35	276	489048
			14	277	
	35		35		
	14	297		297	
			14	296	
	35		35		
