point	512	272	d0d0d0
	603	212	808080
	291	259	
	519	292	b0b0b0
	182	70	d0d0d0
	178	36	808080
	214	371	
	526	295	b0b0b0
	522	321	d0d0d0
	361	247	808080
	429	422	b0b0b0
	496	342	808080
	137	119	
	490	133	
	491	184	
	350	32	d0d0d0
	480	384	808080
	400	159	b0b0b0
	428	376	808080
	130	58	b0b0b0
	336	316	d0d0d0
	324	191	
	559	166	808080
	215	132	d0d0d0
	375	258	808080
	351	312	
	145	389	
	243	430	
	247	43	
	277	144	d0d0d0
	308	249	b0b0b0
	272	452	808080
	562	103	
	459	318	d0d0d0
	497	83	808080
	461	203	b0b0b0
	522	362	808080
	441	28	
	607	341	
	197	3	b0b0b0
	378	370	
	414	472	808080
	585	160	b0b0b0
	596	280	808080
	561	136	d0d0d0
	421	39	808080
	396	420	d0d0d0
	441	113	808080
	136	297	
	161	273	b0b0b0
	548	151	808080
	167	329	b0b0b0
	346	35	808080
	506	446	
	448	437	
	563	460	d0d0d0
	573	449	808080
	141	54	
	453	49	
	334	107	
	301	310	b0b0b0
	592	309	
	327	37	808080
	283	61	d0d0d0
	311	380	b0b0b0
	281	290	d0d0d0
	415	189	b0b0b0
	487	414	d0d0d0
	180	153	808080
	159	299	
	273	369	b0b0b0
	552	138	808080
	489	295	b0b0b0
	188	67	
	137	252	
	392	108	808080
	450	101	d0d0d0
	311	269	
	400	63	b0b0b0
	238	403	808080
	261	201	d0d0d0
	204	340	808080
	262	387	
	359	325	
	460	243	
	201	320	b0b0b0
	505	388	d0d0d0
	202	137	b0b0b0
	494	401	
	377	360	808080
	542	100	d0d0d0
	521	181	
	505	467	b0b0b0
	279	106	d0d0d0
	212	63	808080
	461	407	
	399	413	
	235	251	
	267	391	b0b0b0
	425	170	
	526	428	
	213	426	
	462	120	
	402	275	
	391	314	808080
	309	127	d0d0d0
	312	182	
	196	286	
	345	297	
	477	214	808080
	537	12	d0d0d0
	436	64	808080
	253	251	
	173	186	b0b0b0
	207	199	808080
	280	235	
	315	207	b0b0b0
	163	97	
	241	210	d0d0d0
	304	39	b0b0b0
	299	289	
	526	285	
	420	477	d0d0d0
	566	390	
	253	227	808080
	361	487	c06000
	383	461	
	348	454	
	367	466	
	365	476	
	374	450	
	379	462	
	386	495	
	385	453	
	357	496	
	313	528	d06800
	333	541	
	335	543	
	310	518	
	339	535	
	315	548	
	322	536	
	316	549	
	341	557	
	337	543	
	320	529	e07000
	316	516	
	333	512	
	332	519	
	321	532	
	333	534	
	323	513	
	338	520	
	336	534	
	325	533	
	354	451	201000
	251	592	
	449	541	
	351	642	
	352	622	
	320	558	
	325	475	
	249	630	
	289	444	
	342	583	
	278	564	
	237	507	
	443	450	
	370	524	
	368	586	
	377	499	
	426	641	
	240	608	
	425	623	
	273	465	
	290	504	402000
	419	464	
	323	529	
	393	595	
	426	515	
	249	534	
	342	564	
	353	623	
	293	491	
	398	533	
	330	486	502800
	345	512	
	370	466	
	304	584	
	376	533	
	319	514	
	288	602	
	375	615	
	308	504	
	367	583	
	330	621	603000
	339	592	
	316	585	
	386	634	
	341	577	
	315		
	350	522	
	270	545	
	367	585	
	317	584	
	373	490	703800
	319	489	
	293	526	
	305	583	
	387	499	
	340	589	
	350	522	
	301	512	
	387	490	
	284	573	
	321	544	804000
	386	538	
	367	557	
	392	480	
	289	510	
	390	566	
	399	569	
	334	477	
	296	575	
	374	604	
	351	508	904800
		545	
	317	567	
	292		
	281	481	
	275	566	
	288	509	
	375	488	
	328	513	
	381	566	
	330	530	
	366	525	
	291	523	
	354	581	
	366	531	
line	241	0	241	480	002850
	481		481		000050
	128		608	0	
		240		240	002850
	590	116	589	124	7fff7f
	311	510	305	505	
	366	514	375	518	
	228	422	236	427	
	651	48	647	54	
	409	637	405	629	
	327	478	326	469	
	332	465	334	459	
	429	566	421	560	
	318	543	311	543	
	287	471	280	465	
	243	546	236	545	
	162	562	155	563	
draw	358	229	380	249	/sprites/652.SMIV/14
	533	160	633	199	/sprites/649.SMIV/7
	461	301	524	370	/sprites/649.SMIV/14
	252	445	281	458	/sprites/652.SMIV/7
	255	477		496	/sprites/652.SMIV/9
static	333	428	355	448	ffffff	74	/sprites/652.SMIV/14
draw	320	440	336	461	/sprites/652.SMIV/11
	341	39	355	49	/sprites/581.SMIV/1
	324	454	333	460	/sprites/653.SMIV/4
	544	95	558	105	/sprites/581.SMIV/1
	352	452	357	456	/sprites/504.SMIV/19
	318	477	327	483	/sprites/653.SMIV/1
	295	460	302	468	/sprites/653.SMIV/3
	323	449	332	455	/sprites/653.SMIV/4
	269	443	276	451	/sprites/653.SMIV/3
line	247	398	261	392	489048
			248	383	
	261	392			204020
draw	0	0	128	480	/pictures/501.png
	608		640		/pictures/512.png
crop	29	159	35	171	32	36	ff0000	/fonts/computer
	35		41		40			
	41		47		64			
line	614	362	614	359	00488f
		359	622		
	622			362	002850
		362	614		
rect	615	360	622	362	003870
line	614	456	614	363	007fff
		363	622		
	622			456	00488f
		456	614		
rect	615	364	622	456	0070e0
line	614	231	614	231	909048
			622		
	622				505028
			614		
	614	328		232	ffff7f
		232	622		
	622			328	909048
		328	614		
rect	615	233	622	328	e0e070
line	614	114	614	103	904848
		103	622		
	622			114	502828
		114	614		
rect	615	104	622	114	703838
line	614	200	614	115	ff7f7f
		115	622		
	622			200	904848
		200	614		
rect	615	116	622	200	e07070
line	618	8	629	8	90488f
			618	9	
	629		629		
	618	36		36	
			618	35	
	629		629		
rect	620	10	628	35	703870
		23			c060c0
	634	49	636	52	7fff7f
		53		56	60c060
		57		60	
		61		64	
		65		68	
		69		72	7fff7f
		73		76	60c060
		77		80	
		81		84	
		85		88	
		89		92	7fff7f
		93		96	60c060
		97		100	
		101		104	
		105		108	
		109		112	7fff7f
		113		116	60c060
		117		120	
		121		124	0060c0
		125		128	
		129		132	007fff
		133		136	0060c0
		137		140	183018
		141		144	
		145		148	
		149		152	
		153		156	
		157		160	
		161		164	
		165		168	
		169		172	
		173		176	
		177		180	
		181		184	
		185		188	
		189		192	
		193		196	
		197		200	
		201		204	
		205		208	
		209		212	
		213		216	
		217		220	
		221		224	
		225		228	
		229		232	
		233		236	
		237		240	
		241		244	
		245		248	
		249		252	
		253		256	
		257		260	
		261		264	
		265		268	
		269		272	
		273		276	
		277		280	
		281		284	
		285		288	
		289		292	
		293		296	
		297		300	
		301		304	
		305		308	
		309		312	
		313		316	
		317		320	
		321		324	
		325		328	
		329		332	
		333		336	
		337		340	
		341		344	
		345		348	
		349		352	
		353		356	
		357		360	
		361		364	
		365		368	
		369		372	
		373		376	
		377		380	
		381		384	
		385		388	
		389		392	
		393		396	
		397		400	
		401		404	
		405		408	
		409		412	
		413		416	
		417		420	
		421		424	
		425		428	
		429		432	
		433		436	
		437		440	
		441		444	
		445		448	
	621	52	631	56	303000
		57		61	
		62		66	
		67		71	
		72		76	
		77		81	
		82		86	
	7	7	115	115	00ff00
	8	8	114	114	001000
	52	52	70	70	003000
point	67	79	008000
	61	44	
	62	72	
	75	43	
	59	70	
	70	53	
	69	58	
	65	63	
	61	72	
	51		
	79	37	
	56	68	
	60		
	65	87	
	57	69	
	59	70	
	64	84	
	57	68	
	61	91	
	63	84	
	61	50	
	59	70	
	56	67	
	37	72	
	61	88	
		50	
	59	70	
	61	92	
	69	48	
	58	68	
	59		
	61	72	
	59	70	
	61	68	
		72	
	67	80	
	63	45	
	70	55	
	60	70	
	63	82	
	68	79	
	59	70	
		69	
			
	60		
	57	68	
	59	70	
		72	
		70	
	52	72	
rect	12	320	121	440	001000
crop	15	320	21	332	16	48	00ff00	/fonts/computer
	21		27		40	60		
	27		33		72	48		
	33		39		96			
	39		45		32			
	45		51		0	24		
	51		57		24	60		
	57		63		64	48		
	63		69		72			
	69		75		0	60		
	75		81		24			
line	12	342	119	342	009000
crop	15	332	21	344	0	60	00ff00	/fonts/computer
	21		27		72	72		
	27		33		24			
	33		39		32	84		
	39		45		120	72		
	45		51		16	84		
	51		57		72	72		
	57		63		24	84		
	63		69		0	24		
	69		75		16	48		
	75		81		40	72		
	81		87		32	84		
	87		93		8	72		
	15	344	21	356	48	48		
	21		27		72	72		
	27		33		56			
	33		39		64			
	39		45		32	84		
	45		51		40	72		
	51		57		16	84		
	15	356	21	368	24	48		
	21		27		16	84		
	27		33		40			
	33		39		72	72		
	39		45		24	84		
	45		51		40	72		
	51		57		16	84		
	15	368	21	380	56	48		
	21		27		40	84		
	27		33		112	72		
	33		39		24	84		
	39		45		64	72		
	45		51		72			
	51		57		0	84		
line	12	391	12	380	009000
		380	120		
	120			391	005000
		391	12		
rect	13	381	120	391	007000
crop	15	380	21	392	32	60	00ff00	/fonts/computer
	21		27		16	84		
	27		33		8	72		
	33		39		112			
	39		45		24	84		
	45		51		0			
	51		57		120	72		
	57		63		16	84		
	63		69		32			
line	12	438	119	438	009000
rect	16	450	114	475	001010
line	17	461	17	450	00c0c0
		450	43		
	43			461	007070
		461	17		
rect	18	451	43	461	009090
crop	19	450	25	462	16	60	00ffff	/fonts/computer
	25		31		56	48		
	31		37		64			
	37		43		32	60		
	43		49		0	24		
	49		55		16	48		
	55		61		40	84		
	61		67		72	72		
	67		73		96			
	73		79		32			
line	17	473	17	462	00c0c0
		462	43		
	43			473	007070
		473	17		
rect	18	463	43	473	009090
crop	19	462	25	474	96	48	00ffff	/fonts/computer
	25		31		40			
	31		37		48			
	37		43		32	60		
	43		49		0	24		
	49		55		104	48		
	55		61		8	72		
	61		67		72			
	67		73		112			
	73		79		0	24		
	79		85		104	48		
	85		91		40	72		
	91		97		112			
	97		103		40	84		
line	12	191	12	180	ffff00
		180	120		
	120			191	909000
		191	12		
rect	13	181	120	191	c0c000
crop	15	180	21	192	24	48	000000	/fonts/computer
	21		27		120			
	27		33		112			
	33		39		32	60		
	39		45		16			
	45		51		120	48		
	51		57		96			
line	14	204	35	204	489048
			14	205	
	35		35		
	14	225		225	
			14	224	
	35		35		
	12	263	12	252	007fff
		252	120		
	120			263	00488f
		263	12		
rect	13	253	120	263	0060c0
crop	15	252	21	264	32	60	000000	/fonts/computer
	21		27		8	48		
	27		33		16	60		
	33		39		56	48		
	39		45		40			
	45		51		32	60		
	15	264	21	276	0		7fff7f	
	21		27		72	72		
	27		33		24			
	33		39		32	84		
	39		45		120	72		
	45		51		16	84		
	51		57		72	72		
	57		63		24	84		
	63		69		0	24		
	69		75		16	48		
	75		81		40	72		
	81		87		32	84		
	87		93		8	72		
	93		99		0	24		
	99		105		8	36		
draw	16	278	34	296	/sprites/1010.SMIV/0
line	14	276	35	276	489048
			14	277	
	35		35		
	14	297		297	
			14	296	
	35		35		
