point	299	250	808080
	506	333	d0d0d0
	240	260	
	196	227	808080
	502	362	
	527	383	
	178	244	
	269	458	d0d0d0
	304	130	808080
	383	177	b0b0b0
	444	419	808080
	451	215	
	486	266	
	380	5	
	169	56	
	369	258	d0d0d0
	539	401	b0b0b0
	570	476	808080
	185	248	
	594	400	d0d0d0
	259	4	
	469	207	808080
	476	76	d0d0d0
		346	b0b0b0
	378	130	808080
	478	275	b0b0b0
	320	262	808080
	157	218	
	586	433	d0d0d0
	260	278	b0b0b0
	271	297	
	303	324	808080
	431	455	
	281	471	d0d0d0
	367	435	808080
	456	169	
	166	235	
	310	380	
	389	425	d0d0d0
	583	105	808080
	600	474	b0b0b0
	450	311	808080
	461	434	
	533	137	
	598	321	b0b0b0
	290	391	808080
	291	323	
	311	465	
	546	29	
	403	215	
	331	35	b0b0b0
	447	12	808080
	216	387	
	224	318	
	390	316	d0d0d0
	374	34	b0b0b0
	450	1	808080
	574	135	
	323	402	
	203	460	
	335	240	
	605	194	d0d0d0
	196	389	808080
	393	286	d0d0d0
	199	287	808080
	371	282	d0d0d0
	321	238	b0b0b0
	286	0	d0d0d0
	529	457	808080
	164	201	
	486	354	d0d0d0
	188	20	
	542	304	b0b0b0
	157	216	
	253	59	808080
	262	460	
	219	166	
	551	8	
	157	75	
	491	334	
	319	101	b0b0b0
	263	318	
	236	212	808080
	191	296	b0b0b0
	301	116	808080
	165	125	b0b0b0
	505	235	808080
	525	326	
	185	119	d0d0d0
	526	374	b0b0b0
	444	377	808080
	234	305	b0b0b0
	443	225	808080
	166	168	
	538	239	b0b0b0
	483	293	808080
	130	385	d0d0d0
	286	123	808080
	240	439	b0b0b0
	435	219	
	162	476	
	277	309	
	205	168	
	291	216	808080
	394	277	b0b0b0
	368	265	
	557	198	808080
	593	267	b0b0b0
	529	435	808080
	289	129	b0b0b0
	265	219	
	306	417	808080
	154	123	
	584	136	
	583	215	
	392	212	d0d0d0
	279	255	b0b0b0
	163	23	d0d0d0
	383	33	
	405	88	b0b0b0
	592	227	808080
	465	301	
	148	352	
	199	189	
	292	199	d0d0d0
	507	695	502800
	483	568	
	630	551	
	477	522	
	496	623	
	649	555	
	625	565	
	632	554	
	510	687	
	525	690	
rect	154	0	155	480	002850
	368		369		000050
	582		583		
	128	14	608	15	
		228		229	
		442		443	
line	510	504	511	497	7fff7f
	549	523	541	525	
	518	435	519	428	
	471	542	463	543	
	411	536	404	538	
	480	518	473	521	
draw	264	286	317	339	/sprites/loc/planets/aqua-minerale%0
	274	307	297	323	/sprites/uns/gunship%15
	361	230	375	249	/sprites/uns/gunship%13
	319	206	332	226	/sprites/uns/transport%13
	380	268	391	286	/sprites/uns/gunship%12
	512	365	536	379	/sprites/uns/gunship%16
	243	325	267	336	/sprites/uns/gunship%19
	103	358	129	369	/sprites/uns/gunship%5
	378	415	381	417	/sprites/sfx/crew%11
	440	418	499	482	/sprites/sfx/explosion/large-hit%8
	492	432	501	445	/sprites/dev/magno%0
line	303	428	315	418	489048
			301	413	
	315	418			204020
draw	0	-144	128	624	/pictures/gui/instruments/left.png
	608		640		/pictures/gui/instruments/right.png
crop	29	159	35	171	32	36	ff0000	/fonts/computer.png
	35		41		40			
	41		47		64			
rect	614	359	615	363	00488f
			623	360	
	622			363	002850
	614	362			
	615	360	622	362	003870
	614	363	615	457	007fff
			623	364	
	622			457	00488f
	614	456			
	615	364	622	456	0070e0
	614	231	615	232	909048
			623		
	622				505028
	614				
		232	615	329	ffff7f
			623	233	
	622			329	909048
	614	328			
	615	233	622	328	e0e070
	614	103	615	115	904848
			623	104	
	622			115	502828
	614	114			
	615	104	622	114	703838
	614	115	615	201	ff7f7f
			623	116	
	622			201	904848
	614	200			
	615	116	622	200	e07070
	618	8	630	9	90488f
			619	10	
	629		630		
	618	36		37	
		35	619		
	629		630		
	620	10	628	35	703870
		35			c060c0
	634	49	636	52	7fff7f
		53		56	60c060
		57		60	
		61		64	
		65		68	
		69		72	7fff7f
		73		76	60c060
		77		80	
		81		84	
		85		88	
		89		92	7fff7f
		93		96	60c060
		97		100	
		101		104	
		105		108	
		109		112	7fff7f
		113		116	60c060
		117		120	
		121		124	
		125		128	
		129		132	7fff7f
		133		136	60c060
		137		140	0060c0
		141		144	
		145		148	
		149		152	007fff
		153		156	183018
		157		160	
		161		164	
		165		168	
		169		172	
		173		176	
		177		180	
		181		184	
		185		188	
		189		192	
		193		196	
		197		200	
		201		204	
		205		208	
		209		212	
		213		216	
		217		220	
		221		224	
		225		228	
		229		232	
		233		236	
		237		240	
		241		244	
		245		248	
		249		252	
		253		256	
		257		260	
		261		264	
		265		268	
		269		272	
		273		276	
		277		280	
		281		284	
		285		288	
		289		292	
		293		296	
		297		300	
		301		304	
		305		308	
		309		312	
		313		316	
		317		320	
		321		324	
		325		328	
		329		332	
		333		336	
		337		340	
		341		344	
		345		348	
		349		352	
		353		356	
		357		360	
		361		364	
		365		368	
		369		372	
		373		376	
		377		380	
		381		384	
		385		388	
		389		392	
		393		396	
		397		400	
		401		404	
		405		408	
		409		412	
		413		416	
		417		420	
		421		424	
		425		428	
		429		432	
		433		436	
		437		440	
		441		444	
		445		448	
	621	52	631	56	303000
		57		61	
		62		66	
		67		71	
		72		76	
		77		81	
		82		86	
	7	7	115	115	00ff00
	8	8	114	114	001000
	53	53	71	71	003000
point	62	101	008000
	51	18	
	58	64	
	57		
	84	90	
	68	69	
	82	91	
	65	92	
	62	76	
	61		
	67	72	
	68	75	
	63	91	
	68	66	
	56	76	
	62	64	
	65	71	
	54	88	
	73	77	
	59	75	
	47	85	
	64	75	
	61	63	
	67	74	
	49	77	
		67	
	14	26	
	62	76	
	47		
	57	66	
	68	72	
	64	71	
	56	97	
	78	87	
	54	97	
	48	85	
	61	69	
	83	83	
rect	12	320	121	440	001000
		342	120	343	009000
		380	13	392	
			121	381	
	120			392	005000
	12	391			
	13	381	120	391	007000
	12	438		439	009000
	16	450	114	475	001010
	17		18	462	00c0c0
			44	451	
	43			462	007070
	17	461			
	18	451	43	461	009090
	17	462	18	474	00c0c0
			44	463	
	43			474	007070
	17	473			
	18	463	43	473	009090
crop	15	320	21	332	16	48	00ff00	/fonts/computer.png
	21		27		40	60		
	27		33		72	48		
	33		39		96			
	39		45		32			
	45		51		0	24		
	51		57		24	60		
	57		63		64	48		
	63		69		72			
	69		75		0	60		
	75		81		24			
	15	332	21	344	0			
	21		27		72	72		
	27		33		24			
	33		39		32	84		
	39		45		120	72		
	45		51		16	84		
	51		57		72	72		
	57		63		24	84		
	63		69		0	24		
	69		75		16	48		
	75		81		40	72		
	81		87		32	84		
	87		93		8	72		
	15	344	21	356	48	48		
	21		27		72	72		
	27		33		56			
	33		39		64			
	39		45		32	84		
	45		51		40	72		
	51		57		16	84		
	15	356	21	368	24	48		
	21		27		16	84		
	27		33		40			
	33		39		72	72		
	39		45		24	84		
	45		51		40	72		
	51		57		16	84		
	15	368	21	380	56	48		
	21		27		40	84		
	27		33		112	72		
	33		39		24	84		
	39		45		64	72		
	45		51		72			
	51		57		0	84		
	15	380	21	392	32	60		
	21		27		16	84		
	27		33		8	72		
	33		39		112			
	39		45		24	84		
	45		51		0			
	51		57		120	72		
	57		63		16	84		
	63		69		32			
	19	450	25	462	16	60	00ffff	
	25		31		56	48		
	31		37		64			
	37		43		32	60		
	43		49		0	24		
	49		55		16	48		
	55		61		40	84		
	61		67		72	72		
	67		73		96			
	73		79		32			
	19	462	25	474	96	48		
	25		31		40			
	31		37		48			
	37		43		32	60		
	43		49		0	24		
	49		55		104	48		
	55		61		8	72		
	61		67		72			
	67		73		112			
	73		79		0	24		
	79		85		104	48		
	85		91		40	72		
	91		97		112			
	97		103		40	84		
rect	12	180	13	192	ffff00
			121	181	
	120			192	909000
	12	191			
	13	181	120	191	c0c000
crop	15	180	21	192	24	48	000000	/fonts/computer.png
	21		27		120			
	27		33		112			
	33		39		32	60		
	39		45		16			
	45		51		120	48		
	51		57		96			
rect	14	204	36	205	489048
			15	206	
	35		36		
	14	225		226	
		224	15		
	35		36		
	12	252	13	264	007fff
			121	253	
	120			264	00488f
	12	263			
	13	253	120	263	0060c0
crop	15	252	21	264	32	60	000000	/fonts/computer.png
	21		27		8	48		
	27		33		16	60		
	33		39		56	48		
	39		45		40			
	45		51		32	60		
	15	264	21	276	0		7fff7f	
	21		27		72	72		
	27		33		24			
	33		39		32	84		
	39		45		120	72		
	45		51		16	84		
	51		57		72	72		
	57		63		24	84		
	63		69		0	24		
	69		75		16	48		
	75		81		40	72		
	81		87		32	84		
	87		93		8	72		
	93		99		0	24		
	99		105		16	36		
draw	16	278	34	296	/sprites/loc/planets/purpleblue%0
rect	14	276	36	277	489048
			15	278	
	35		36		
	14	297		298	
		296	15		
	35		36		
