point	556	440	808080
	299	294	b0b0b0
	336	161	d0d0d0
	165	427	808080
	279	145	d0d0d0
	496	94	808080
	168	202	d0d0d0
	167	344	808080
	348	123	b0b0b0
	540	223	
	413	130	808080
	361	27	
	174	198	b0b0b0
	190	35	808080
	198	93	b0b0b0
	159	399	d0d0d0
	567	446	b0b0b0
	539	187	808080
	166	361	b0b0b0
	329	297	808080
	134	472	b0b0b0
	276	397	808080
	501	135	d0d0d0
	253	418	808080
	346	82	
	518	320	b0b0b0
	283	440	
	434	74	808080
	485	391	
	171	224	d0d0d0
	300	386	808080
	606	4	b0b0b0
	401	166	808080
	194	436	b0b0b0
	336	146	808080
	403	243	d0d0d0
	286	21	808080
	280	91	
	153	428	
	324	295	
	182	41	
	372	22	
	431	145	
	175	391	b0b0b0
	386	215	
	260	102	808080
	455	34	
	280	176	
	288	440	d0d0d0
	451	335	
	299	439	b0b0b0
	508	422	
	408	28	808080
	259	213	d0d0d0
	141	310	808080
	276	212	
	468	191	
	473	176	d0d0d0
	292	113	808080
	324	56	b0b0b0
	494	429	808080
	575	258	b0b0b0
	205	324	d0d0d0
	229	224	
	236	3	b0b0b0
	238	327	808080
	584	219	d0d0d0
	592	254	808080
	498	168	
	214	24	b0b0b0
	400	310	
	233	302	d0d0d0
	468	308	
	595	234	808080
	246	249	
	231	171	
	527	356	
	189	437	b0b0b0
	270	50	d0d0d0
	263	91	
	471	146	b0b0b0
	490	400	808080
	224	402	
	559	10	d0d0d0
	408	221	b0b0b0
	253	454	
	280	425	808080
	279	54	b0b0b0
	534	134	
	161	226	808080
	413	88	
	189	472	b0b0b0
	429	384	
	364	117	
	461	285	
	184	163	808080
	576	252	
	197	354	b0b0b0
	216	269	d0d0d0
	500	264	b0b0b0
	518	383	808080
	280	316	d0d0d0
	284	214	b0b0b0
	527	337	d0d0d0
	498	273	
	482	311	b0b0b0
	152	423	808080
	265	173	b0b0b0
	498	146	808080
	470	377	d0d0d0
	508	335	808080
	275	128	
	224	420	b0b0b0
	233	326	808080
	581	405	
	248	204	b0b0b0
	470	300	
	320	41	808080
	141	35	d0d0d0
	319	415	808080
	585	275	d0d0d0
	533	23	
	397	48	808080
	298	284	d0d0d0
	233	193	b0b0b0
rect	214	0	215	481	002850
	372		373		
	530		531		
	128	15	609	16	
		173		174	005000
		331		332	002850
	412	402	424	414	900000
	367	78	379	90	
	390	259	406	275	009000
triangle	357	255	367	265	00c000
diamond	366	57	386	77	c00000
triangle	362	234	372	244	00c000
diamond	373	282	389	298	00c000
	366	329	382	345	
plus	377	229	387	239	00c000
triangle	358	290	368	300	00c000
plus	413	403	423	413	00c000
triangle	357	295	367	305	00c000
	356	266	366	276	
	335	306	345	316	
	356	263	366	273	
	358	251	368	261	
	339	326	345	332	
	356	263	366	273	005000
	357	255	367	265	00c000
	356	276	366	286	
	355	292	365	302	
	349	310	359	320	
	356	261	366	271	
	357	254	367	264	
rect	523	303	525	305	c00000
	427	262	429	264	
dither	373	64	484	81	001830
crop	377	68	384	79	0	55	000000	/fonts/tactical.png
	384		391		72	66		
	391		398		24			
	398		405		32	77		
	405		412		120	66		
	412		419		16	77		
	419		426		72	66		
	426		433		24	77		
	433		440		0	22		
	440		447		16	44		
	447		454		40	66		
	454		461		32	77		
	461		468		8	66		
	468		475		0	22		
	475		482		16	33		
	376	67	383	78	0	55	007fff	
	383		390		72	66		
	390		397		24			
	397		404		32	77		
	404		411		120	66		
	411		418		16	77		
	418		425		72	66		
	425		432		24	77		
	432		439		0	22		
	439		446		16	44		
	446		453		40	66		
	453		460		32	77		
	460		467		8	66		
	467		474		0	22		
	474		481		16	33		
line	411	45	401	56	489048
			415	60	
	401	56			204020
draw	0	-144	128	624	/interfaces/instruments/left.png
	608		640		/interfaces/instruments/right.png
crop	29	159	35	171	32	36	ff0000	/fonts/computer.png
	35		41		40			
	41		47		64			
rect	614	359	615	363	00488f
			623	360	
	622			363	002850
	614	362			
	615	360	622	362	003870
	614	363	615	457	007fff
			623	364	
	622			457	00488f
	614	456			
	615	364	622	456	0070e0
	614	231	615	232	909048
			623		
	622				505028
	614				
		232	615	329	ffff7f
			623	233	
	622			329	909048
	614	328			
	615	233	622	328	e0e070
	614	103	615	115	904848
			623	104	
	622			115	502828
	614	114			
	615	104	622	114	703838
	614	115	615	201	ff7f7f
			623	116	
	622			201	904848
	614	200			
	615	116	622	200	e07070
	618	8	630	9	90488f
			619	10	
	629		630		
	618	36		37	
		35	619		
	629		630		
	620	10	628	35	703870
		35			c060c0
	634	49	636	52	7fff7f
		53		56	60c060
		57		60	
		61		64	
		65		68	
		69		72	7fff7f
		73		76	60c060
		77		80	
		81		84	
		85		88	
		89		92	7fff7f
		93		96	60c060
		97		100	
		101		104	
		105		108	
		109		112	7fff7f
		113		116	60c060
		117		120	
		121		124	
		125		128	
		129		132	7fff7f
		133		136	60c060
		137		140	
		141		144	
		145		148	
		149		152	007fff
		153		156	0060c0
		157		160	
		161		164	
		165		168	183018
		169		172	
		173		176	
		177		180	
		181		184	
		185		188	
		189		192	
		193		196	
		197		200	
		201		204	
		205		208	
		209		212	
		213		216	
		217		220	
		221		224	
		225		228	
		229		232	
		233		236	
		237		240	
		241		244	
		245		248	
		249		252	
		253		256	
		257		260	
		261		264	
		265		268	
		269		272	
		273		276	
		277		280	
		281		284	
		285		288	
		289		292	
		293		296	
		297		300	
		301		304	
		305		308	
		309		312	
		313		316	
		317		320	
		321		324	
		325		328	
		329		332	
		333		336	
		337		340	
		341		344	
		345		348	
		349		352	
		353		356	
		357		360	
		361		364	
		365		368	
		369		372	
		373		376	
		377		380	
		381		384	
		385		388	
		389		392	
		393		396	
		397		400	
		401		404	
		405		408	
		409		412	
		413		416	
		417		420	
		421		424	
		425		428	
		429		432	
		433		436	
		437		440	
		441		444	
		445		448	
	621	52	631	56	303000
		57		61	
		62		66	
		67		71	
		72		76	
		77		81	
		82		86	
	7	7	115	115	00ff00
	8	8	114	114	001000
					003000
point	74	103	008000
	62	20	
	69	66	
	60		
	63	16	
	65	60	
		72	
	62	84	
	60	69	
	61	75	
	60	76	
		65	
	55	79	
	60	68	
	55	84	
	58	80	
	60	71	
	74	102	
	60	66	
		67	
		68	
		66	
		76	
	101		
	76	65	
rect	12	320	121	440	001000
		342	120	343	009000
		380	13	392	
			121	381	
	120			392	005000
	12	391			
	13	381	120	391	007000
	12	438		439	009000
	16	450	114	475	001010
	17		18	462	00c0c0
			44	451	
	43			462	007070
	17	461			
	18	451	43	461	009090
	17	462	18	474	00c0c0
			44	463	
	43			474	007070
	17	473			
	18	463	43	473	009090
crop	15	320	21	332	16	48	00ff00	/fonts/computer.png
	21		27		40	60		
	27		33		72	48		
	33		39		96			
	39		45		32			
	45		51		0	24		
	51		57		24	60		
	57		63		64	48		
	63		69		72			
	69		75		0	60		
	75		81		24			
	15	332	21	344	0			
	21		27		72	72		
	27		33		24			
	33		39		32	84		
	39		45		120	72		
	45		51		16	84		
	51		57		72	72		
	57		63		24	84		
	63		69		0	24		
	69		75		16	48		
	75		81		40	72		
	81		87		32	84		
	87		93		8	72		
	15	344	21	356	48	48		
	21		27		72	72		
	27		33		56			
	33		39		64			
	39		45		32	84		
	45		51		40	72		
	51		57		16	84		
	15	356	21	368	24	48		
	21		27		16	84		
	27		33		40			
	33		39		72	72		
	39		45		24	84		
	45		51		40	72		
	51		57		16	84		
	15	368	21	380	56	48		
	21		27		40	84		
	27		33		112	72		
	33		39		24	84		
	39		45		64	72		
	45		51		72			
	51		57		0	84		
	15	380	21	392	32	60		
	21		27		16	84		
	27		33		8	72		
	33		39		112			
	39		45		24	84		
	45		51		0			
	51		57		120	72		
	57		63		16	84		
	63		69		32			
	19	450	25	462	16	60	00ffff	
	25		31		56	48		
	31		37		64			
	37		43		32	60		
	43		49		0	24		
	49		55		16	48		
	55		61		40	84		
	61		67		72	72		
	67		73		96			
	73		79		32			
	19	462	25	474	96	48		
	25		31		40			
	31		37		48			
	37		43		32	60		
	43		49		0	24		
	49		55		104	48		
	55		61		8	72		
	61		67		72			
	67		73		112			
	73		79		0	24		
	79		85		104	48		
	85		91		40	72		
	91		97		112			
	97		103		40	84		
rect	12	180	13	192	ffff00
			121	181	
	120			192	909000
	12	191			
	13	181	120	191	c0c000
crop	15	180	21	192	24	48	000000	/fonts/computer.png
	21		27		120			
	27		33		112			
	33		39		32	60		
	39		45		16			
	45		51		120	48		
	51		57		96			
rect	14	204	36	205	489048
			15	206	
	35		36		
	14	225		226	
		224	15		
	35		36		
	12	252	13	264	007fff
			121	253	
	120			264	00488f
	12	263			
	13	253	120	263	0060c0
crop	15	252	21	264	32	60	000000	/fonts/computer.png
	21		27		8	48		
	27		33		16	60		
	33		39		56	48		
	39		45		40			
	45		51		32	60		
	15	264	21	276	0		7fff7f	
	21		27		72	72		
	27		33		24			
	33		39		32	84		
	39		45		120	72		
	45		51		16	84		
	51		57		72	72		
	57		63		24	84		
	63		69		0	24		
	69		75		16	48		
	75		81		40	72		
	81		87		32	84		
	87		93		8	72		
	93		99		0	24		
	99		105		16	36		
draw	16	278	34	296	/sprites/loc/planets/purpleblue%0
rect	14	276	36	277	489048
			15	278	
	35		36		
	14	297		298	
		296	15		
	35		36		
