line	145	149	145	148	808080
	480	442	480	442	d0d0d0
	426	96	426	96	b0b0b0
	357	18	357	17	808080
	331	225	331	225	
	428	92	428	92	b0b0b0
	483	344	483	344	d0d0d0
	546	479	546	479	808080
	152	247	153	247	b0b0b0
	572	208	573	208	808080
	415	62	415	61	b0b0b0
	593	417	593	417	
	259	199	259	199	808080
	462	402	462	401	b0b0b0
	130	68	130	68	808080
	326	417	326	417	
	567	46	567	46	
		186	568	185	
	149	261	149	261	d0d0d0
	321	423	321	423	b0b0b0
	503	208	504	207	d0d0d0
	315	444	315	444	808080
	162	3	162	3	
	161	265	161	264	d0d0d0
	215	157	215	157	808080
	444	204	444	204	
	512	38	512	38	
	348	300	348	300	d0d0d0
	387	214	388	214	b0b0b0
	349	288	349	288	d0d0d0
	571	199	571	199	808080
	443	36	443	35	b0b0b0
	329	118	329	117	
	212	271	212	271	808080
	513	288	513	288	
	414	460	415	460	b0b0b0
	283	42	283	41	808080
	228	227	228	226	
	236	173	236	172	b0b0b0
	373	419	373	418	d0d0d0
	153	298	153	297	
	603	91	603	91	808080
	478	86	479	85	b0b0b0
	226	97	226	96	808080
	228	150	228	150	b0b0b0
	367	413	367	413	808080
	599	355	599	354	d0d0d0
	486	245	487	245	808080
	236	68	236	68	b0b0b0
	254	227	254	227	808080
	366	37	366	37	
	451	98	451	98	b0b0b0
	427	97	427	97	808080
	304	417	304	417	
	297	365	298	364	
	553	281	553	281	
	504	122	505	122	d0d0d0
	365	405	365	405	808080
	237	402	237	401	b0b0b0
	190	162	190	161	d0d0d0
	326	308	326	307	b0b0b0
	460	478	460	478	808080
	438	69	439	69	d0d0d0
	570	88	570	87	b0b0b0
	488	67	488	67	808080
	506	454	507	454	
	321	352	322	351	d0d0d0
	351	149	351	149	808080
	201	470	201	470	
	249	249	249	249	b0b0b0
	452	172	452	172	
	138	89	138	89	808080
	320	213	321	213	b0b0b0
	316	380	316	379	808080
	596	210	596	210	
	591	125	591	125	b0b0b0
	480	120	480	119	
	463	393	464	393	d0d0d0
	129	11	129	11	b0b0b0
	165	182	166	181	
	264	79	264	79	
	589	30	589	30	
	326	31	326	31	808080
	202	272	202	272	
	357	369	357	368	
	358	318	358	317	b0b0b0
	225	136	225	136	
	382	444	382	443	808080
	248	141	248	141	b0b0b0
	402	117	402	116	d0d0d0
	506	157	506	157	808080
	316	59	316	59	
	494	365	495	365	b0b0b0
	255	430	256	429	808080
	597	342	597	342	
	135	471	135	471	d0d0d0
	576	336	576	335	
	410	17	410	17	b0b0b0
	572	73	573	72	
	187	84	187	83	
	566	190	567	190	
	588	453	588	453	808080
	506	69	507	69	d0d0d0
	503	208	503	208	808080
	290	438	290	437	b0b0b0
	273	386	273	385	
	580	5	580	5	808080
	471	139	471	139	b0b0b0
	415	213	416	213	d0d0d0
	533	251	533	251	808080
	211	308	211	308	
	254	274	255	274	d0d0d0
	215	455	215	455	808080
	252	144	252	143	d0d0d0
	189	288	189	287	b0b0b0
	224	396	224	396	
	212	201	212	200	
	458	110	458	109	808080
	161	375	161	375	
	208	11	208	11	b0b0b0
	470	423	470	422	
	264	173	264	173	d0d0d0
	469	361	469	360	b0b0b0
	495	291	495	290	
	484	185	484	184	
point	450	49	b05800
	454	47	
	453	46	
		44	
	451	46	
		48	
		46	
	452	50	
	453	49	
	452		
line	280	0	280	480	005000
	128	99	608	99	
		427		427	
	446	78	445	78	7fff7f
	438	79	438	79	
rect	462	215	474	227	009000
	439	47	451	59	900000
	450	140	466	156	009000
triangle	426	83	436	93	00c000
diamond	447	33	467	53	c00000
triangle	362	234	372	244	00c000
diamond	432	113	448	129	00c000
	475	187	491	203	
plus	426	46	436	56	009000
triangle	417	60	427	70	00c000
	404	74	414	84	
	436	83	446	93	
	458	92	468	102	
	448	100	458	110	
	454	89	464	99	
	429	49	435	55	
	422	65	432	75	009000
	420	89	430	99	00c000
	397	152	407	162	
	419	66	429	76	
	414	98	424	108	
	428	73	438	83	
	437	139	447	149	
rect	446	57	448	59	c00000
	448	83	450	85	ff0000
	450	71	452	73	
dither	445	33	556	50	001830
crop	449	37	456	48	0	55	000000	/fonts/tactical
	456		463		72	66		
	463		470		24			
	470		477		32	77		
	477		484		120	66		
	484		491		16	77		
	491		498		72	66		
	498		505		24	77		
	505		512		0	22		
	512		519		16	44		
	519		526		40	66		
	526		533		32	77		
	533		540		8	66		
	540		547		0	22		
	547		554		16	33		
	448	36	455	47	0	55	007fff	
	455		462		72	66		
	462		469		24			
	469		476		32	77		
	476		483		120	66		
	483		490		16	77		
	490		497		72	66		
	497		504		24	77		
	504		511		0	22		
	511		518		16	44		
	518		525		40	66		
	525		532		32	77		
	532		539		8	66		
	539		546		0	22		
	546		553		16	33		
line	469	68	456	75	489048
			469	83	
	456	75			204020
draw	0	0	128	480	/pictures/501.png
	608		640		/pictures/512.png
crop	29	159	35	171	32	36	ff0000	/fonts/computer
	35		41		40			
	41		47		64			
line	614	368	614	359	00488f
		359	622		
	622			368	002850
		368	614		
rect	615	360	622	368	003870
line	614	456	614	369	007fff
		369	622		
	622			456	00488f
		456	614		
rect	615	370	622	456	0070e0
line	614	243	614	231	909048
		231	622		
	622			243	505028
		243	614		
rect	615	232	622	243	707038
line	614	328	614	244	ffff7f
		244	622		
	622			328	909048
		328	614		
rect	615	245	622	328	e0e070
line	614	115	614	103	904848
		103	622		
	622			115	502828
		115	614		
rect	615	104	622	115	703838
line	614	200	614	116	ff7f7f
		116	622		
	622			200	904848
		200	614		
rect	615	117	622	200	e07070
line	618	8	629	8	90488f
			618	9	
	629		629		
	618	36		36	
			618	35	
	629		629		
rect	620	10	628	35	703870
		35			c060c0
	634	49	636	52	7fff7f
		53		56	60c060
		57		60	
		61		64	
		65		68	
		69		72	7fff7f
		73		76	60c060
		77		80	
		81		84	
		85		88	
		89		92	7fff7f
		93		96	60c060
		97		100	
		101		104	
		105		108	
		109		112	7fff7f
		113		116	60c060
		117		120	
		121		124	
		125		128	
		129		132	7fff7f
		133		136	60c060
		137		140	
		141		144	
		145		148	
		149		152	7fff7f
		153		156	60c060
		157		160	
		161		164	
		165		168	
		169		172	7fff7f
		173		176	0060c0
		177		180	
		181		184	
		185		188	183018
		189		192	
		193		196	
		197		200	
		201		204	
		205		208	
		209		212	
		213		216	
		217		220	
		221		224	
		225		228	
		229		232	
		233		236	
		237		240	
		241		244	
		245		248	
		249		252	
		253		256	
		257		260	
		261		264	
		265		268	
		269		272	
		273		276	
		277		280	
		281		284	
		285		288	
		289		292	
		293		296	
		297		300	
		301		304	
		305		308	
		309		312	
		313		316	
		317		320	
		321		324	
		325		328	
		329		332	
		333		336	
		337		340	
		341		344	
		345		348	
		349		352	
		353		356	
		357		360	
		361		364	
		365		368	
		369		372	
		373		376	
		377		380	
		381		384	
		385		388	
		389		392	
		393		396	
		397		400	
		401		404	
		405		408	
		409		412	
		413		416	
		417		420	
		421		424	
		425		428	
		429		432	
		433		436	
		437		440	
		441		444	
		445		448	
	621	52	631	56	303000
		57		61	
		62		66	
		67		71	
		72		76	
		77		81	
		82		86	
	7	7	115	115	00ff00
	8	8	114	114	001000
					003000
point	112	51	004000
	107	15	
	61	60	
	80	15	
rect	12	320	121	440	001000
crop	15	320	21	332	16	48	00ff00	/fonts/computer
	21		27		40	60		
	27		33		72	48		
	33		39		96			
	39		45		32			
	45		51		0	24		
	51		57		24	60		
	57		63		64	48		
	63		69		72			
	69		75		0	60		
	75		81		24			
line	12	342	119	342	009000
crop	15	332	21	344	0	60	00ff00	/fonts/computer
	21		27		72	72		
	27		33		24			
	33		39		32	84		
	39		45		120	72		
	45		51		16	84		
	51		57		72	72		
	57		63		24	84		
	63		69		0	24		
	69		75		16	48		
	75		81		40	72		
	81		87		32	84		
	87		93		8	72		
	93		99		0	24		
	99		105		8	36		
line	12	355	12	344	009000
		344	120		
	120			355	005000
		355	12		
rect	13	345	120	355	007000
crop	15	344	21	356	48	48	00ff00	/fonts/computer
	21		27		72	72		
	27		33		56			
	33		39		64			
	39		45		32	84		
	45		51		40	72		
	51		57		16	84		
	15	356	21	368	24	48		
	21		27		16	84		
	27		33		40			
	33		39		72	72		
	39		45		24	84		
	45		51		40	72		
	51		57		16	84		
line	12	438	119	438	009000
rect	16	450	114	475	001010
line	17	461	17	450	00c0c0
		450	43		
	43			461	007070
		461	17		
rect	18	451	43	461	009090
crop	19	450	25	462	16	60	00ffff	/fonts/computer
	25		31		56	48		
	31		37		64			
	37		43		32	60		
	43		49		0	24		
	49		55		16	48		
	55		61		40	84		
	61		67		72	72		
	67		73		96			
	73		79		32			
line	17	473	17	462	00c0c0
		462	43		
	43			473	007070
		473	17		
rect	18	463	43	473	009090
crop	19	462	25	474	96	48	00ffff	/fonts/computer
	25		31		40			
	31		37		48			
	37		43		32	60		
	43		49		0	24		
	49		55		104	48		
	55		61		8	72		
	61		67		72			
	67		73		112			
	73		79		0	24		
	79		85		104	48		
	85		91		40	72		
	91		97		112			
	97		103		40	84		
line	12	191	12	180	ffff00
		180	120		
	120			191	909000
		191	12		
rect	13	181	120	191	c0c000
crop	15	180	21	192	24	48	000000	/fonts/computer
	21		27		120			
	27		33		112			
	33		39		32	60		
	39		45		16			
	45		51		120	48		
	51		57		96			
	15	192	21	204	0	60	7fff7f	
	21		27		72	72		
	27		33		24			
	33		39		32	84		
	39		45		120	72		
	45		51		16	84		
	51		57		72	72		
	57		63		24	84		
	63		69		0	24		
	69		75		16	48		
	75		81		40	72		
	81		87		32	84		
	87		93		8	72		
	93		99		0	24		
	99		105		8	36		
draw	16	206	34	224	/sprites/1010.SMIV/0
line	14	204	35	204	489048
			14	205	
	35		35		
	14	225		225	
			14	224	
	35		35		
	12	263	12	252	007fff
		252	120		
	120			263	00488f
		263	12		
rect	13	253	120	263	0060c0
crop	15	252	21	264	32	60	000000	/fonts/computer
	21		27		8	48		
	27		33		16	60		
	33		39		56	48		
	39		45		40			
	45		51		32	60		
	15	264	21	276	0		7fff7f	
	21		27		72	72		
	27		33		24			
	33		39		32	84		
	39		45		120	72		
	45		51		16	84		
	51		57		72	72		
	57		63		24	84		
	63		69		0	24		
	69		75		16	48		
	75		81		40	72		
	81		87		32	84		
	87		93		8	72		
	93		99		0	24		
	99		105		16	36		
draw	16	278	34	296	/sprites/1011.SMIV/0
line	14	276	35	276	489048
			14	277	
	35		35		
	14	297		297	
			14	296	
	35		35		
