line	135	171	135	171	808080
	389	6	389	6	b0b0b0
	411	130	412	130	
	347	41	347	40	808080
	321	248	321	247	
	413	126	414	126	b0b0b0
	463	390	464	389	d0d0d0
	508	22	508	21	808080
	138	281	138	281	b0b0b0
	563	231	563	230	808080
	400	96	400	95	b0b0b0
	578	451	578	451	
	249	222	249	222	808080
	447	436	448	435	b0b0b0
	595	432	595	431	
	316	440	316	439	808080
	557	69	557	68	
	558	208	558	208	
	130	307	130	306	d0d0d0
	306	458	306	457	b0b0b0
	484	253	484	252	d0d0d0
	305	467	305	467	808080
	153	26	153	26	
	141	310	142	310	d0d0d0
	205	180	205	180	808080
	434	227	434	227	
	502	61	502	60	
	328	346	329	345	d0d0d0
	373	249	373	248	b0b0b0
	329	334	330	333	d0d0d0
	561	222	561	222	808080
	428	70	428	69	b0b0b0
	314	152	315	151	
	203	294	203	294	808080
	503	311	503	311	
	301	19	301	18	d0d0d0
	273	64	273	64	808080
	218	250	218	249	
	221	207	221	206	b0b0b0
	353	465	354	464	d0d0d0
	133	344	134	343	
	593	114	593	114	808080
	464	120	464	119	b0b0b0
	216		216		808080
	213	184	213	184	b0b0b0
	357	436	357	436	808080
	580	401	580	400	d0d0d0
	477	268	477	268	808080
	221	102	221	102	b0b0b0
	244	250	244	250	808080
	356	60	356	59	
	436	132	437	132	b0b0b0
	417	120	417	119	808080
	294	440	294	439	
	288	388	288	387	
	543	304	544	304	
	485	168	485	167	d0d0d0
	355	428	356	428	808080
	222	436	223	435	b0b0b0
	170	208	170	207	d0d0d0
	311	342	312	341	b0b0b0
	544	21	544	21	808080
	419	115	419	114	d0d0d0
	555	122	555	121	b0b0b0
	478	90	478	90	808080
	497	477	497	477	
	302	397	302	397	d0d0d0
	341	172	341	172	808080
	605	304	605	303	b0b0b0
	234	283	234	283	
	437	207	437	206	
	128	112	128	111	808080
	306	248	306	247	b0b0b0
	307	403	307	402	808080
	586	233	586	233	
	576	160	576	159	b0b0b0
	465	154	466	153	
	444	439	444	438	d0d0d0
	597	321	598	320	808080
	151	216	151	215	b0b0b0
	249	113	249	113	
	574	65	575	64	
	316	54	316	53	808080
	192	295	192	294	
	347	391	347	391	
	343	352	343	351	b0b0b0
	210	171	211	170	
	372	466	373	466	808080
	233	175	233	175	b0b0b0
	382	163	382	162	d0d0d0
	496	180	496	180	808080
	306	82	307	82	
	480	399	480	399	b0b0b0
	246	452	246	452	808080
	587	365	588	364	
	366	19	366	19	
	556	382	556	381	d0d0d0
	395	52	396	51	b0b0b0
	558	107	558	106	
	172	118	173	117	
	552	224	552	224	
	579	476	579	476	808080
	487	115	487	114	d0d0d0
	493	231	493	231	808080
	275	472	275	471	b0b0b0
	258	420	258	419	
	570	28	570	27	808080
	456	174	457	173	b0b0b0
	396	259	396	258	d0d0d0
	523	274	523	273	808080
	201	331	201	330	
	235	320	235	319	d0d0d0
	205	478	205	478	808080
	232	189	233	188	d0d0d0
	174	322	175	321	b0b0b0
	209	431	209	430	
	197	235	198	234	
	448	133	448	132	808080
	151	398	152	398	
	193	46	193	45	b0b0b0
	455	457	455	456	
	245	219	245	218	d0d0d0
	454	395	454	394	b0b0b0
	480	325	481	324	
	469	219	469	218	
	150	0	150	480	002850
	245		245		005000
	340		340		002850
	435		435		
	530		530		
	128	32	608	32	
		127		127	005000
		222		222	002850
		317		317	
		412		412	
rect	456	263	468	275	009000
	429	68	441	80	900000
	442	176	458	192	009000
triangle	409	122	419	132	00c000
diamond	438	59	458	79	c00000
triangle	362	234	372	244	00c000
diamond	421	142	437	158	00c000
	471	232	487	248	
plus	361	57	371	67	005000
triangle	394	92	404	102	00c000
	385	112	395	122	
	419	121	429	131	
	445	133	455	143	
	433	141	443	151	
	441	128	451	138	
	412	68	418	74	
	402	107	412	117	005000
	403	129	413	139	00c000
	373	206	383	216	
	399	106	409	116	
	395	140	405	150	
	410	110	420	120	
	423	224	433	234	
rect	436	75	438	77	c00000
	432	68	434	70	ff0000
	424		426		
dither	435	54	546	71	001830
crop	439	58	446	69	0	55	000000	/fonts/tactical
	446		453		72	66		
	453		460		24			
	460		467		32	77		
	467		474		120	66		
	474		481		16	77		
	481		488		72	66		
	488		495		24	77		
	495		502		0	22		
	502		509		16	44		
	509		516		40	66		
	516		523		32	77		
	523		530		8	66		
	530		537		0	22		
	537		544		16	33		
	438	57	445	68	0	55	007fff	
	445		452		72	66		
	452		459		24			
	459		466		32	77		
	466		473		120	66		
	473		480		16	77		
	480		487		72	66		
	487		494		24	77		
	494		501		0	22		
	501		508		16	44		
	508		515		40	66		
	515		522		32	77		
	522		529		8	66		
	529		536		0	22		
	536		543		16	33		
line	434	52	422	62	489048
			436	67	
	422	62			204020
draw	0	0	128	480	/pictures/501.png
	608		640		/pictures/512.png
crop	29	159	35	171	32	36	ff0000	/fonts/computer
	35		41		40			
	41		47		64			
line	614	368	614	359	00488f
		359	622		
	622			368	002850
		368	614		
rect	615	360	622	368	003870
line	614	456	614	369	007fff
		369	622		
	622			456	00488f
		456	614		
rect	615	370	622	456	0070e0
line	614	244	614	231	909048
		231	622		
	622			244	505028
		244	614		
rect	615	232	622	244	707038
line	614	328	614	245	ffff7f
		245	622		
	622			328	909048
		328	614		
rect	615	246	622	328	e0e070
line	614	115	614	103	904848
		103	622		
	622			115	502828
		115	614		
rect	615	104	622	115	703838
line	614	200	614	116	ff7f7f
		116	622		
	622			200	904848
		200	614		
rect	615	117	622	200	e07070
line	618	8	629	8	90488f
			618	9	
	629		629		
	618	36		36	
			618	35	
	629		629		
rect	620	10	628	35	703870
		35			c060c0
	634	49	636	52	7fff7f
		53		56	60c060
		57		60	
		61		64	
		65		68	
		69		72	7fff7f
		73		76	60c060
		77		80	
		81		84	
		85		88	
		89		92	7fff7f
		93		96	60c060
		97		100	
		101		104	
		105		108	
		109		112	7fff7f
		113		116	60c060
		117		120	
		121		124	
		125		128	
		129		132	7fff7f
		133		136	60c060
		137		140	
		141		144	
		145		148	
		149		152	7fff7f
		153		156	60c060
		157		160	
		161		164	
		165		168	
		169		172	7fff7f
		173		176	0060c0
		177		180	
		181		184	
		185		188	183018
		189		192	
		193		196	
		197		200	
		201		204	
		205		208	
		209		212	
		213		216	
		217		220	
		221		224	
		225		228	
		229		232	
		233		236	
		237		240	
		241		244	
		245		248	
		249		252	
		253		256	
		257		260	
		261		264	
		265		268	
		269		272	
		273		276	
		277		280	
		281		284	
		285		288	
		289		292	
		293		296	
		297		300	
		301		304	
		305		308	
		309		312	
		313		316	
		317		320	
		321		324	
		325		328	
		329		332	
		333		336	
		337		340	
		341		344	
		345		348	
		349		352	
		353		356	
		357		360	
		361		364	
		365		368	
		369		372	
		373		376	
		377		380	
		381		384	
		385		388	
		389		392	
		393		396	
		397		400	
		401		404	
		405		408	
		409		412	
		413		416	
		417		420	
		421		424	
		425		428	
		429		432	
		433		436	
		437		440	
		441		444	
		445		448	
	621	52	631	56	303000
		57		61	
		62		66	
		67		71	
		72		76	
		77		81	
		82		86	
	7	7	115	115	00ff00
	8	8	114	114	001000
					003000
point	104	65	004000
	99	29	
	90	15	
	112	53	
	95	11	
	78	10	
	69	39	
	90	41	
rect	12	320	121	440	001000
crop	15	320	21	332	16	48	00ff00	/fonts/computer
	21		27		40	60		
	27		33		72	48		
	33		39		96			
	39		45		32			
	45		51		0	24		
	51		57		24	60		
	57		63		64	48		
	63		69		72			
	69		75		0	60		
	75		81		24			
line	12	342	119	342	009000
crop	15	332	21	344	0	60	00ff00	/fonts/computer
	21		27		72	72		
	27		33		24			
	33		39		32	84		
	39		45		120	72		
	45		51		16	84		
	51		57		72	72		
	57		63		24	84		
	63		69		0	24		
	69		75		16	48		
	75		81		40	72		
	81		87		32	84		
	87		93		8	72		
	93		99		0	24		
	99		105		8	36		
line	12	355	12	344	009000
		344	120		
	120			355	005000
		355	12		
rect	13	345	120	355	007000
crop	15	344	21	356	48	48	00ff00	/fonts/computer
	21		27		72	72		
	27		33		56			
	33		39		64			
	39		45		32	84		
	45		51		40	72		
	51		57		16	84		
	15	356	21	368	24	48		
	21		27		16	84		
	27		33		40			
	33		39		72	72		
	39		45		24	84		
	45		51		40	72		
	51		57		16	84		
line	12	438	119	438	009000
rect	16	450	114	475	001010
line	17	461	17	450	00c0c0
		450	43		
	43			461	007070
		461	17		
rect	18	451	43	461	009090
crop	19	450	25	462	16	60	00ffff	/fonts/computer
	25		31		56	48		
	31		37		64			
	37		43		32	60		
	43		49		0	24		
	49		55		16	48		
	55		61		40	84		
	61		67		72	72		
	67		73		96			
	73		79		32			
line	17	473	17	462	00c0c0
		462	43		
	43			473	007070
		473	17		
rect	18	463	43	473	009090
crop	19	462	25	474	96	48	00ffff	/fonts/computer
	25		31		40			
	31		37		48			
	37		43		32	60		
	43		49		0	24		
	49		55		104	48		
	55		61		8	72		
	61		67		72			
	67		73		112			
	73		79		0	24		
	79		85		104	48		
	85		91		40	72		
	91		97		112			
	97		103		40	84		
line	12	191	12	180	ffff00
		180	120		
	120			191	909000
		191	12		
rect	13	181	120	191	c0c000
crop	15	180	21	192	24	48	000000	/fonts/computer
	21		27		120			
	27		33		112			
	33		39		32	60		
	39		45		16			
	45		51		120	48		
	51		57		96			
	15	192	21	204	0	60	7fff7f	
	21		27		72	72		
	27		33		24			
	33		39		32	84		
	39		45		120	72		
	45		51		16	84		
	51		57		72	72		
	57		63		24	84		
	63		69		0	24		
	69		75		16	48		
	75		81		40	72		
	81		87		32	84		
	87		93		8	72		
	93		99		0	24		
	99		105		8	36		
draw	16	206	34	224	/sprites/1010.SMIV/0
line	14	204	35	204	489048
			14	205	
	35		35		
	14	225		225	
			14	224	
	35		35		
	12	263	12	252	007fff
		252	120		
	120			263	00488f
		263	12		
rect	13	253	120	263	0060c0
crop	15	252	21	264	32	60	000000	/fonts/computer
	21		27		8	48		
	27		33		16	60		
	33		39		56	48		
	39		45		40			
	45		51		32	60		
	15	264	21	276	0		7fff7f	
	21		27		72	72		
	27		33		24			
	33		39		32	84		
	39		45		120	72		
	45		51		16	84		
	51		57		72	72		
	57		63		24	84		
	63		69		0	24		
	69		75		16	48		
	75		81		40	72		
	81		87		32	84		
	87		93		8	72		
	93		99		0	24		
	99		105		16	36		
draw	16	278	34	296	/sprites/1011.SMIV/0
line	14	276	35	276	489048
			14	277	
	35		35		
	14	297		297	
			14	296	
	35		35		
