line	295	386	295	386	808080
	464	24	465	24	d0d0d0
	157	116	157	116	808080
	377	15	378	15	b0b0b0
	181	167	181	168	d0d0d0
	399	448	399	448	808080
	343	274	343	274	b0b0b0
	345	164	345	164	808080
	141	401	141	401	d0d0d0
	365	460	365	460	808080
	394	308	394	308	
	245	469	245	469	
	435	30	435	30	
	448	271	448	271	b0b0b0
	482	10	482	10	
	375	87	375	87	808080
	327	374	327	374	d0d0d0
	521	284	522	284	b0b0b0
	208	435	208	435	808080
	298	347	298	347	
	585	5	585	5	b0b0b0
	540	147	540	147	
	528	11	528	11	d0d0d0
	413	401	413	401	b0b0b0
	475	92	475	92	
	348	16	348	16	808080
	204	304	204	304	b0b0b0
	570	370	570	370	808080
	452	371	452	371	
	174	170	174	170	
	486	158	486	158	
	544	261	544	261	b0b0b0
	369	322	369	322	d0d0d0
	469	191	469	191	
	342	218	343	218	
	141	105	142	105	b0b0b0
	243	292	243	292	d0d0d0
	313	440	313	440	b0b0b0
	544	149	544	149	808080
	474	246	474	246	d0d0d0
	364	362	365	362	b0b0b0
	409	49	409	49	d0d0d0
	477	45	477	45	
	492	202	492	202	b0b0b0
	502	336	503	336	808080
	420	91	420	91	
	536	126	536	126	
	179	270	180	270	d0d0d0
	188	150	188	150	808080
	464	67	464	67	b0b0b0
	221	246	222	246	
	432	335	432	335	
	573	227	574	227	808080
	390	251	390	251	
	508	246	509	246	
	515	270	515	270	
	406	113	406	113	b0b0b0
	583	42	583	42	808080
	550	103	550	103	
	155	228	156	228	d0d0d0
	341	396	341	396	808080
	237	63	237	63	d0d0d0
	555	453	555	453	808080
	551	471	551	471	b0b0b0
	168	399	168	399	
	595	428	595	428	d0d0d0
	171	318	171	318	808080
	176	143	176	143	
	262	146	262	146	
		429		429	b0b0b0
	286	125	286	125	808080
	437	39	437	39	
	470	409	470	409	b0b0b0
	414	435	414	435	
	423	345	423	345	808080
	243	18	243	18	
	276	66	276	66	
	594	6	594	6	b0b0b0
	331	476	332	476	808080
	277	424	278	424	d0d0d0
	206	427	206	427	808080
	325	192	325	192	b0b0b0
	229	382	229	382	808080
	490	130	490	130	b0b0b0
	366	12	367	12	d0d0d0
	406	120	406	120	808080
	194	258	194	258	b0b0b0
	339	187	339	187	
	473	421	473	421	
	342	349	342	349	808080
	417	172	417	172	
	309	183	309	183	d0d0d0
	408	138	408	138	
	449	420	449	420	b0b0b0
	280	333	281	333	d0d0d0
	523	329	523	329	808080
	441	271	441	271	b0b0b0
	287	414	287	414	808080
	503	333	503	333	
	405	252	405	252	b0b0b0
	352	137	352	137	808080
	429	45	429	45	d0d0d0
	148	250	148	250	808080
	549	309	549	309	b0b0b0
	594	478	594	478	
	325	233	325	233	d0d0d0
	299	396	299	396	b0b0b0
	321	230	321	230	
	536	93	536	94	d0d0d0
	361	478	361	478	808080
	249	265	249	265	
	394	255	394	255	
	399	198	400	198	b0b0b0
	548	395	548	395	d0d0d0
	549	22	549	22	
	439	107	439	107	b0b0b0
	543	380	543	380	d0d0d0
	358	459	358	460	b0b0b0
	278	334	278	334	808080
	163	409	163	409	
	327	101	327	101	
	244	293	244	293	
	344	142	345	142	d0d0d0
	426	235	426	235	808080
	209	273	209	273	
	370	0	370	480	005000
	128	299	608	299	
rect	568	426	580	438	009000
	542	243	554	255	900000
	554	344	570	360	009000
triangle	463	125	473	135	00c000
diamond	545	236	565	256	c00000
triangle	362	234	372	244	00c000
diamond	349	230	365	246	00c000
	336	229	352	245	
plus	518	240	528	250	005000
triangle	334	231	344	241	00c000
	415	264	425	274	
	347	243	357	253	
	361	238	371	248	
	526	271	536	281	
	357	237	367	247	
	474	145	484	155	
	405	290	415	300	
	365	242	375	252	
	412	278	422	288	
	407	262	417	272	
	320	228	330	238	
rect	540	258	542	260	00c000
					
					
					
					
					
	544	196	546	198	c00000
	534	270	536	272	007fff
line	565	259	553	250	489048
			551	265	
	553	250			204020
draw	0	0	128	480	/pictures/501.png
	608		640		/pictures/512.png
crop	29	159	35	171	32	36	ff0000	/fonts/computer
	35		41		40			
	41		47		64			
line	614	375	614	359	00488f
		359	622		
	622			375	002850
		375	614		
rect	615	360	622	375	003870
line	614	456	614	376	007fff
		376	622		
	622			456	00488f
		456	614		
rect	615	377	622	456	0070e0
line	614	231	614	231	909048
			622		
	622				505028
			614		
	614	328		232	ffff7f
		232	622		
	622			328	909048
		328	614		
rect	615	233	622	328	e0e070
line	614	115	614	103	904848
		103	622		
	622			115	502828
		115	614		
rect	615	104	622	115	703838
line	614	200	614	116	ff7f7f
		116	622		
	622			200	904848
		200	614		
rect	615	117	622	200	e07070
line	618	8	629	8	90488f
			618	9	
	629		629		
	618	36		36	
			618	35	
	629		629		
rect	620	10	628	35	703870
		20			c060c0
	634	49	636	52	7fff7f
		53		56	60c060
		57		60	
		61		64	
		65		68	
		69		72	7fff7f
		73		76	60c060
		77		80	
		81		84	
		85		88	
		89		92	7fff7f
		93		96	60c060
		97		100	
		101		104	
		105		108	
		109		112	7fff7f
		113		116	60c060
		117		120	
		121		124	
		125		128	
		129		132	7fff7f
		133		136	60c060
		137		140	
		141		144	
		145		148	
		149		152	7fff7f
		153		156	60c060
		157		160	
		161		164	
		165		168	
		169		172	7fff7f
		173		176	60c060
		177		180	
		181		184	
		185		188	0060c0
		189		192	007fff
		193		196	0060c0
		197		200	
		201		204	183018
		205		208	
		209		212	
		213		216	
		217		220	
		221		224	
		225		228	
		229		232	
		233		236	
		237		240	
		241		244	
		245		248	
		249		252	
		253		256	
		257		260	
		261		264	
		265		268	
		269		272	
		273		276	
		277		280	
		281		284	
		285		288	
		289		292	
		293		296	
		297		300	
		301		304	
		305		308	
		309		312	
		313		316	
		317		320	
		321		324	
		325		328	
		329		332	
		333		336	
		337		340	
		341		344	
		345		348	
		349		352	
		353		356	
		357		360	
		361		364	
		365		368	
		369		372	
		373		376	
		377		380	
		381		384	
		385		388	
		389		392	
		393		396	
		397		400	
		401		404	
		405		408	
		409		412	
		413		416	
		417		420	
		421		424	
		425		428	
		429		432	
		433		436	
		437		440	
		441		444	
		445		448	
	621	52	631	56	303000
		57		61	
		62		66	
		67		71	
		72		76	
		77		81	
		82		86	
	7	7	115	115	00ff00
	8	8	114	114	001000
					003000
point	109	10	00c000
	57	61	
	52		
	55	65	
	49	60	
	58	61	
	86	74	
	60	62	
	61	63	
	84	81	
	81	86	
	82	74	
	42	58	
	63	66	
rect	12	320	121	440	001000
crop	15	320	21	332	16	48	00ff00	/fonts/computer
	21		27		40	60		
	27		33		72	48		
	33		39		96			
	39		45		32			
	45		51		0	24		
	51		57		24	60		
	57		63		64	48		
	63		69		72			
	69		75		0	60		
	75		81		24			
line	12	342	119	342	009000
crop	15	332	21	344	0	60	00ff00	/fonts/computer
	21		27		72	72		
	27		33		24			
	33		39		32	84		
	39		45		120	72		
	45		51		16	84		
	51		57		72	72		
	57		63		24	84		
	63		69		0	24		
	69		75		16	48		
	75		81		40	72		
	81		87		32	84		
	87		93		8	72		
	15	344	21	356	48	48		
	21		27		72	72		
	27		33		56			
	33		39		64			
	39		45		32	84		
	45		51		40	72		
	51		57		16	84		
	15	356	21	368	24	48		
	21		27		16	84		
	27		33		40			
	33		39		72	72		
	39		45		24	84		
	45		51		40	72		
	51		57		16	84		
	15	368	21	380	56	48		
	21		27		40	84		
	27		33		112	72		
	33		39		24	84		
	39		45		64	72		
	45		51		72			
	51		57		0	84		
line	12	391	12	380	009000
		380	120		
	120			391	005000
		391	12		
rect	13	381	120	391	007000
crop	15	380	21	392	32	60	00ff00	/fonts/computer
	21		27		16	84		
	27		33		8	72		
	33		39		112			
	39		45		24	84		
	45		51		0			
	51		57		120	72		
	57		63		16	84		
	63		69		32			
line	12	438	119	438	009000
rect	16	450	114	475	001010
line	17	461	17	450	00c0c0
		450	43		
	43			461	007070
		461	17		
rect	18	451	43	461	009090
crop	19	450	25	462	16	60	00ffff	/fonts/computer
	25		31		56	48		
	31		37		64			
	37		43		32	60		
	43		49		0	24		
	49		55		16	48		
	55		61		40	84		
	61		67		72	72		
	67		73		96			
	73		79		32			
line	17	473	17	462	00c0c0
		462	43		
	43			473	007070
		473	17		
rect	18	463	43	473	009090
crop	19	462	25	474	96	48	00ffff	/fonts/computer
	25		31		40			
	31		37		48			
	37		43		32	60		
	43		49		0	24		
	49		55		104	48		
	55		61		8	72		
	61		67		72			
	67		73		112			
	73		79		0	24		
	79		85		104	48		
	85		91		40	72		
	91		97		112			
	97		103		40	84		
line	12	191	12	180	ffff00
		180	120		
	120			191	909000
		191	12		
rect	13	181	120	191	c0c000
crop	15	180	21	192	24	48	000000	/fonts/computer
	21		27		120			
	27		33		112			
	33		39		32	60		
	39		45		16			
	45		51		120	48		
	51		57		96			
	15	192	21	204	0	60	7fff7f	
	21		27		72	72		
	27		33		24			
	33		39		32	84		
	39		45		120	72		
	45		51		16	84		
	51		57		72	72		
	57		63		24	84		
	63		69		0	24		
	69		75		16	48		
	75		81		40	72		
	81		87		32	84		
	87		93		8	72		
draw	16	206	34	224	/sprites/1023.SMIV/0
line	14	204	35	204	489048
			14	205	
	35		35		
	14	225		225	
			14	224	
	35		35		
	12	263	12	252	007fff
		252	120		
	120			263	00488f
		263	12		
rect	13	253	120	263	0060c0
crop	15	252	21	264	32	60	000000	/fonts/computer
	21		27		8	48		
	27		33		16	60		
	33		39		56	48		
	39		45		40			
	45		51		32	60		
	15	264	21	276	0		7fff7f	
	21		27		72	72		
	27		33		24			
	33		39		32	84		
	39		45		120	72		
	45		51		16	84		
	51		57		72	72		
	57		63		24	84		
	63		69		0	24		
	69		75		16	48		
	75		81		40	72		
	81		87		32	84		
	87		93		8	72		
	93		99		0	24		
	99		105		16	36		
draw	16	278	34	296	/sprites/1011.SMIV/0
line	14	276	35	276	489048
			14	277	
	35		35		
	14	297		297	
			14	296	
	35		35		
