line	245	382	245	382	808080
	364	15	365	15	d0d0d0
	586	87	587	87	808080
	302	8	303	8	b0b0b0
	582	402	583	402	808080
	348	444	349	444	
	268	267	269	267	b0b0b0
	295	160	295	160	808080
	519	113	520	113	d0d0d0
	314	455	315	455	808080
	344	304	344	304	
	195	465	195	465	
	385	26	385	26	
	373	264	373	264	b0b0b0
	407	3	408	3	
	325	83	326	83	808080
	226	365	228	365	d0d0d0
	446	278	447	278	b0b0b0
	157	431	158	431	808080
	248	343	248	343	
	399	477	400	477	
	464	140	465	140	b0b0b0
	427	2	428	2	d0d0d0
	337	394	338	394	b0b0b0
	399	85	400	85	
	297	12	298	12	808080
	128	297	129	297	b0b0b0
	520	365	520	365	808080
	401	367	402	367	
	600	105	601	105	d0d0d0
	436	154	436	154	808080
	469	255	470	255	b0b0b0
	268	313	269	313	d0d0d0
	368	182	369	182	
	242	210	243	210	
	565	347	566	347	808080
	142	284	143	284	d0d0d0
	238	433	239	433	b0b0b0
	494	145	494	145	808080
	373	238	374	238	d0d0d0
	289	356	290	356	b0b0b0
	308	41	309	41	d0d0d0
	376	37	377	37	
	416	196	417	196	b0b0b0
	452	332	453	332	808080
	370	87	370	87	
	486	122	486	122	
	569	25	570	25	b0b0b0
	138	146	138	146	808080
	388	60	389	60	b0b0b0
	146	240	147	240	
	357	328	358	328	
	523	223	524	223	808080
	339	247	340	247	
	458	242	459	242	
	464	266	465	266	
	330	106	331	106	b0b0b0
	533	38	534	38	808080
	499	99	500	99	
	569	119	570	119	
	290	392	291	392	
	136	55	137	54	d0d0d0
	504	449	505	449	808080
	475	465	476	465	b0b0b0
	571	90	572	90	
	494	419	495	419	d0d0d0
	596	34	597	34	b0b0b0
	605	71	606	71	d0d0d0
	212	142	212	142	808080
	186	422	187	422	b0b0b0
	236	121	237	121	808080
	386	34	387	34	
	394	403	395	403	b0b0b0
	338	428	339	428	
	373	341	373	341	808080
	192	14	193	14	
	226	62	226	62	
	525	478	525	478	
	281	472	282	472	
	177	415	178	415	d0d0d0
	156	423	156	423	808080
	250	186	251	186	b0b0b0
	179	378	179	378	808080
	415	123	416	123	b0b0b0
	266	3	267	3	d0d0d0
	356	116	357	116	808080
	597	184	598	184	b0b0b0
	264	180	265	180	
	397	415	398	415	
	291	345	292	345	808080
	367	168	367	168	
	208	174	210	174	d0d0d0
	307	130	308	130	
	373	413	374	413	b0b0b0
	180	324	181	324	d0d0d0
	472	325	473		808080
	366	264	367	264	b0b0b0
	237	410	238	410	808080
	453	329	453	329	
	329	245	330	245	b0b0b0
	302	133	303	133	808080
	328	36	329	36	d0d0d0
	577	135	578	135	808080
	473	302	474	302	b0b0b0
	518	471	519	471	
	224	224	226	224	d0d0d0
		390	225	390	b0b0b0
	245	224	246	224	
	435	85	437	85	d0d0d0
	310	473	311	473	808080
	199	261	199	261	
	344	251	344	251	
	324	191	325	191	b0b0b0
	447	387	449	387	d0d0d0
	448	13		13	
	363	100	364	100	b0b0b0
	442	371	443	371	d0d0d0
	283	453	284	453	b0b0b0
	228	330	228	330	808080
	592	328	593	328	
	277	97	278	97	
	193	289	194	289	
	244	133	245	133	d0d0d0
	376	231	376	231	808080
	159	268	160	268	
rect	238	0	239	480	005000
	381		382		002850
	524		525		
	128	36	608	37	
		179		180	
		322		323	005000
		465		466	002850
	520	237	532	249	900000
	540	401	556	417	009000
triangle	328	188	338	198	00c000
diamond	530	233	550	253	c00000
triangle	362	234	372	244	00c000
diamond	186	208	202	224	00c000
	169	204	185	220	
plus	489	229	499	239	009000
triangle	198	214	208	224	00c000
	284	242	294	252	
	195	207	205	217	
	211	211	221	221	
	484	294	494	304	
	210	209	220	219	
	329	210	339	220	
	288	275	298	285	
	315	137	325	147	
	291	259	301	269	
	271	238	281	248	
	197	214	207	224	
rect	517	146	519	148	c00000
	493	291	495	293	007fff
line	566	236	553	229	489048
				244	
	553	229			204020
draw	0	-144	128	624	/pictures/gui/instruments/left.png
	608		640		/pictures/gui/instruments/right.png
crop	29	159	35	171	32	36	ff0000	/fonts/computer.png
	35		41		40			
	41		47		64			
rect	614	359	615	376	00488f
			623	360	
	622			376	002850
	614	375			
	615	360	622	375	003870
	614	376	615	457	007fff
			623	377	
	622			457	00488f
	614	456			
	615	377	622	456	0070e0
	614	231	615	245	909048
			623	232	
	622			245	505028
	614	244			
	615	232	622	244	707038
	614	245	615	329	ffff7f
			623	246	
	622			329	909048
	614	328			
	615	246	622	328	e0e070
	614	103	615	116	904848
			623	104	
	622			116	502828
	614	115			
	615	104	622	115	703838
	614	116	615	201	ff7f7f
			623	117	
	622			201	904848
	614	200			
	615	117	622	200	e07070
	618	8	630	9	90488f
			619	10	
	629		630		
	618	36		37	
		35	619		
	629		630		
	620	10	628	35	703870
		26			c060c0
	634	49	636	52	7fff7f
		53		56	60c060
		57		60	
		61		64	
		65		68	
		69		72	7fff7f
		73		76	60c060
		77		80	
		81		84	
		85		88	
		89		92	7fff7f
		93		96	60c060
		97		100	
		101		104	
		105		108	
		109		112	7fff7f
		113		116	60c060
		117		120	
		121		124	
		125		128	
		129		132	7fff7f
		133		136	60c060
		137		140	
		141		144	
		145		148	
		149		152	7fff7f
		153		156	60c060
		157		160	
		161		164	
		165		168	
		169		172	7fff7f
		173		176	60c060
		177		180	
		181		184	
		185		188	
		189		192	007fff
		193		196	0060c0
		197		200	
		201		204	
		205		208	183018
		209		212	
		213		216	
		217		220	
		221		224	
		225		228	
		229		232	
		233		236	
		237		240	
		241		244	
		245		248	
		249		252	
		253		256	
		257		260	
		261		264	
		265		268	
		269		272	
		273		276	
		277		280	
		281		284	
		285		288	
		289		292	
		293		296	
		297		300	
		301		304	
		305		308	
		309		312	
		313		316	
		317		320	
		321		324	
		325		328	
		329		332	
		333		336	
		337		340	
		341		344	
		345		348	
		349		352	
		353		356	
		357		360	
		361		364	
		365		368	
		369		372	
		373		376	
		377		380	
		381		384	
		385		388	
		389		392	
		393		396	
		397		400	
		401		404	
		405		408	
		409		412	
		413		416	
		417		420	
		421		424	
		425		428	
		429		432	
		433		436	
		437		440	
		441		444	
		445		448	
	621	52	631	56	303000
		57		61	
		62		66	
		67		71	
		72		76	
		77		81	
		82		86	
	7	7	115	115	00ff00
	8	8	114	114	001000
					003000
point	107	61	00c000
	53	47	
	111	61	
	98	60	
	14	55	
	9	54	
	15		
	16	55	
	99	75	
	41	63	
	20	54	
		55	
	97	77	
	43	68	
	42	72	
	53	53	
	38	62	
	16	56	
	48	33	
	105	35	
rect	12	320	121	440	001000
		342	120	343	009000
		380	13	392	
			121	381	
	120			392	005000
	12	391			
	13	381	120	391	007000
	12	438		439	009000
	16	450	114	475	001010
	17		18	462	00c0c0
			44	451	
	43			462	007070
	17	461			
	18	451	43	461	009090
	17	462	18	474	00c0c0
			44	463	
	43			474	007070
	17	473			
	18	463	43	473	009090
crop	15	320	21	332	16	48	00ff00	/fonts/computer.png
	21		27		40	60		
	27		33		72	48		
	33		39		96			
	39		45		32			
	45		51		0	24		
	51		57		24	60		
	57		63		64	48		
	63		69		72			
	69		75		0	60		
	75		81		24			
	15	332	21	344	0			
	21		27		72	72		
	27		33		24			
	33		39		32	84		
	39		45		120	72		
	45		51		16	84		
	51		57		72	72		
	57		63		24	84		
	63		69		0	24		
	69		75		16	48		
	75		81		40	72		
	81		87		32	84		
	87		93		8	72		
	15	344	21	356	48	48		
	21		27		72	72		
	27		33		56			
	33		39		64			
	39		45		32	84		
	45		51		40	72		
	51		57		16	84		
	15	356	21	368	24	48		
	21		27		16	84		
	27		33		40			
	33		39		72	72		
	39		45		24	84		
	45		51		40	72		
	51		57		16	84		
	15	368	21	380	56	48		
	21		27		40	84		
	27		33		112	72		
	33		39		24	84		
	39		45		64	72		
	45		51		72			
	51		57		0	84		
	15	380	21	392	32	60		
	21		27		16	84		
	27		33		8	72		
	33		39		112			
	39		45		24	84		
	45		51		0			
	51		57		120	72		
	57		63		16	84		
	63		69		32			
	19	450	25	462	16	60	00ffff	
	25		31		56	48		
	31		37		64			
	37		43		32	60		
	43		49		0	24		
	49		55		16	48		
	55		61		40	84		
	61		67		72	72		
	67		73		96			
	73		79		32			
	19	462	25	474	96	48		
	25		31		40			
	31		37		48			
	37		43		32	60		
	43		49		0	24		
	49		55		104	48		
	55		61		8	72		
	61		67		72			
	67		73		112			
	73		79		0	24		
	79		85		104	48		
	85		91		40	72		
	91		97		112			
	97		103		40	84		
rect	12	180	13	192	ffff00
			121	181	
	120			192	909000
	12	191			
	13	181	120	191	c0c000
crop	15	180	21	192	24	48	000000	/fonts/computer.png
	21		27		120			
	27		33		112			
	33		39		32	60		
	39		45		16			
	45		51		120	48		
	51		57		96			
	15	192	21	204	0	60	7fff7f	
	21		27		72	72		
	27		33		24			
	33		39		32	84		
	39		45		120	72		
	45		51		16	84		
	51		57		72	72		
	57		63		24	84		
	63		69		0	24		
	69		75		16	48		
	75		81		40	72		
	81		87		32	84		
	87		93		8	72		
draw	16	206	34	224	/sprites/loc/planets/aqua-minerale%0
rect	14	204	36	205	489048
			15	206	
	35		36		
	14	225		226	
		224	15		
	35		36		
	12	252	13	264	007fff
			121	253	
	120			264	00488f
	12	263			
	13	253	120	263	0060c0
crop	15	252	21	264	32	60	000000	/fonts/computer.png
	21		27		8	48		
	27		33		16	60		
	33		39		56	48		
	39		45		40			
	45		51		32	60		
	15	264	21	276	0		7fff7f	
	21		27		72	72		
	27		33		24			
	33		39		32	84		
	39		45		120	72		
	45		51		16	84		
	51		57		72	72		
	57		63		24	84		
	63		69		0	24		
	69		75		16	48		
	75		81		40	72		
	81		87		32	84		
	87		93		8	72		
	93		99		0	24		
	99		105		16	36		
draw	16	278	34	296	/sprites/loc/planets/purpleblue%0
rect	14	276	36	277	489048
			15	278	
	35		36		
	14	297		298	
		296	15		
	35		36		
