point	203	365	d0d0d0
	426	101	b0b0b0
	545	56	808080
	289	138	b0b0b0
	307	293	
	381	301	
	229	370	808080
	171	326	b0b0b0
	509	4	
	468	60	d0d0d0
	412	317	b0b0b0
	304	464	
	134	279	808080
	583	235	
	543	477	
	499	410	
	309	96	d0d0d0
	595	278	808080
	459	471	
	412	25	
	181	194	b0b0b0
	469	268	
	226	161	808080
	272	19	d0d0d0
	220	88	b0b0b0
	146	58	808080
	320	5	b0b0b0
	193	135	808080
	320	218	b0b0b0
	447	132	808080
	395	407	d0d0d0
	231	366	b0b0b0
	595	164	808080
	130	103	d0d0d0
	441	321	808080
	604	351	
	216	57	d0d0d0
	200	73	b0b0b0
	219	327	
	362	268	
	261	345	d0d0d0
	354	103	808080
	230	267	b0b0b0
	262	73	d0d0d0
	488	288	b0b0b0
	238	189	d0d0d0
	473	476	b0b0b0
	309	295	808080
	429	52	
	335	231	
	482	262	d0d0d0
	518	410	
	416	78	
	144	72	808080
	588	425	b0b0b0
	594	72	808080
	546	382	
	199	62	b0b0b0
	307	191	
	273	470	808080
	165	463	b0b0b0
	219	406	808080
	149	465	b0b0b0
	142	54	808080
	146	178	
	312	358	
	289	251	d0d0d0
	420	275	b0b0b0
	590	388	808080
	140	265	b0b0b0
	305	95	d0d0d0
	602	37	808080
	547	8	b0b0b0
	240	413	d0d0d0
	271	349	b0b0b0
	423	57	808080
	396	98	d0d0d0
	272	252	808080
	387	195	
	323	336	b0b0b0
	592	287	
	203	214	808080
	175	72	
	297	280	
	407	274	b0b0b0
	272	380	d0d0d0
	218	327	b0b0b0
	144	67	d0d0d0
	285	177	
	371	13	808080
	129	160	
	322	249	
	218	400	
	283	316	
	566	462	b0b0b0
	584	16	
	277	347	
	200	224	808080
	211	469	d0d0d0
	284	54	b0b0b0
	570	410	808080
	163	346	b0b0b0
	454	394	
	535	73	d0d0d0
	392	145	b0b0b0
	418	328	
	370	132	
	525	297	808080
	571	197	b0b0b0
	272	283	808080
	147	127	b0b0b0
	188	403	808080
	508	228	d0d0d0
	250	199	
	449	316	b0b0b0
	574	33	d0d0d0
	368	211	
	416	170	b0b0b0
	602	305	808080
	516	331	
	315	79	b0b0b0
	595	46	808080
	275	169	b0b0b0
	433	166	
	251	252	d0d0d0
line	348	0	348	480	005000
	592		592		
	128	177	608	177	
		421		421	
rect	465	381	477	393	900000
	472	449	488	465	009000
triangle	367	242	377	252	00c000
diamond	479	406	499	426	c00000
triangle	362	234	372	244	00c000
diamond	397	272	413	288	00c000
	409	297	425	313	
triangle	400	306	410	316	00c000
	366	246	376	256	
	397	303	407	313	
	400	305	410	315	
	365	265	375	275	
	401	305	411	315	
	422	254	432	264	
	375		385		
	339	280	349	290	
rect	421	415	423	417	00c000
triangle	372	244	382	254	00c000
	406	309	416	319	
	399	306	409	316	
rect	467	377	469	379	ff0000
dither	480	437	577	454	001830
tint	484	441	492	453	000000	/font/5000/50
	491		499			/font/5000/69
	498		506			/font/5000/63
	505		513			/font/5000/74
	512		520			/font/5000/6f
	519		527			/font/5000/72
	526		534			/font/5000/69
	533		541			/font/5000/73
	540		548			/font/5000/20
	547		555			/font/5000/42
	554		562			/font/5000/65
	561		569			/font/5000/74
	568		576			/font/5000/61
	483	440	491	452	007fff	/font/5000/50
	490		498			/font/5000/69
	497		505			/font/5000/63
	504		512			/font/5000/74
	511		519			/font/5000/6f
	518		526			/font/5000/72
	525		533			/font/5000/69
	532		540			/font/5000/73
	539		547			/font/5000/20
	546		554			/font/5000/42
	553		561			/font/5000/65
	560		568			/font/5000/74
	567		575			/font/5000/61
line	487	398	486	383	489048
			473	392	
	486	383			204020
draw	0	0	128	480	/pictures/501.png
	608		640		/pictures/512.png
tint	29	159	37	172	ff0000	/font/5001/34
	35		43			/font/5001/35
	41		49			/font/5001/38
line	614	394	614	359	00488f
		359	622		
	622			394	002850
		394	614		
rect	615	360	622	394	003870
line	614	456	614	395	007fff
		395	622		
	622			456	00488f
		456	614		
rect	615	396	622	456	0070e0
line	614	231	614	231	909048
			622		
	622				505028
			614		
	614	328		232	ffff7f
		232	622		
	622			328	909048
		328	614		
rect	615	233	622	328	e0e070
line	614	115	614	103	904848
		103	622		
	622			115	502828
		115	614		
rect	615	104	622	115	703838
line	614	200	614	116	ff7f7f
		116	622		
	622			200	904848
		200	614		
rect	615	117	622	200	e07070
line	618	8	629	8	90488f
			618	9	
	629		629		
	618	36		36	
			618	35	
	629		629		
rect	620	10	628	35	703870
		35			c060c0
	634	49	636	52	7fff7f
		53		56	60c060
		57		60	
		61		64	
		65		68	
		69		72	7fff7f
		73		76	60c060
		77		80	
		81		84	
		85		88	
		89		92	7fff7f
		93		96	60c060
		97		100	
		101		104	
		105		108	
		109		112	7fff7f
		113		116	60c060
		117		120	
		121		124	
		125		128	
		129		132	7fff7f
		133		136	60c060
		137		140	
		141		144	
		145		148	
		149		152	7fff7f
		153		156	60c060
		157		160	
		161		164	
		165		168	
		169		172	7fff7f
		173		176	60c060
		177		180	
		181		184	
		185		188	
		189		192	7fff7f
		193		196	60c060
		197		200	
		201		204	
		205		208	
		209		212	7fff7f
		213		216	60c060
		217		220	
		221		224	
		225		228	0060c0
		229		232	007fff
		233		236	0060c0
		237		240	
		241		244	183018
		245		248	
		249		252	
		253		256	
		257		260	
		261		264	
		265		268	
		269		272	
		273		276	
		277		280	
		281		284	
		285		288	
		289		292	
		293		296	
		297		300	
		301		304	
		305		308	
		309		312	
		313		316	
		317		320	
		321		324	
		325		328	
		329		332	
		333		336	
		337		340	
		341		344	
		345		348	
		349		352	
		353		356	
		357		360	
		361		364	
		365		368	
		369		372	
		373		376	
		377		380	
		381		384	
		385		388	
		389		392	
		393		396	
		397		400	
		401		404	
		405		408	
		409		412	
		413		416	
		417		420	
		421		424	
		425		428	
		429		432	
		433		436	
		437		440	
		441		444	
		445		448	
	621	52	631	56	303000
		57		61	
		62		66	
		67		71	
		72		76	
		77		81	
		82		86	
	7	7	115	115	00ff00
	8	8	114	114	001000
					003000
point	65	67	009000
	89	92	
	98	109	
	85	108	
	87	110	
	65	71	
	87	110	
	86		
	63	83	
	69	70	
	71	78	
	102	75	
	91	112	
	86	110	
	44	96	
rect	12	320	121	440	001000
tint	15	320	23	333	00ff00	/font/5001/42
	21		29			/font/5001/55
	27		35			/font/5001/49
	33		41			/font/5001/4c
	39		47			/font/5001/44
	45		53			/font/5001/20
	51		59			/font/5001/53
	57		65			/font/5001/48
	63		71			/font/5001/49
	69		77			/font/5001/50
	75		83			/font/5001/53
line	12	342	119	342	009000
tint	15	332	23	345	00ff00	/font/5001/50
	21		29			/font/5001/69
	27		35			/font/5001/63
	33		41			/font/5001/74
	39		47			/font/5001/6f
	45		53			/font/5001/72
	51		59			/font/5001/69
	57		65			/font/5001/73
	63		71			/font/5001/20
	69		77			/font/5001/42
	75		83			/font/5001/65
	81		89			/font/5001/74
	87		95			/font/5001/61
	15	344	23	357		/font/5001/46
	21		29			/font/5001/69
	27		35			/font/5001/67
	33		41			/font/5001/68
	39		47			/font/5001/74
	45		53			/font/5001/65
	51		59			/font/5001/72
	15	356	23	369		/font/5001/43
	21		29			/font/5001/72
	27		35			/font/5001/75
	33		41			/font/5001/69
	39		47			/font/5001/73
	45		53			/font/5001/65
	51		59			/font/5001/72
	15	368	23	381		/font/5001/47
	21		29			/font/5001/75
	27		35			/font/5001/6e
	33		41			/font/5001/73
	39		47			/font/5001/68
	45		53			/font/5001/69
	51		59			/font/5001/70
line	12	391	12	380	009000
		380	120		
	120			391	005000
		391	12		
rect	13	381	120	391	007000
tint	15	380	23	393	00ff00	/font/5001/54
	21		29			/font/5001/72
	27		35			/font/5001/61
	33		41			/font/5001/6e
	39		47			/font/5001/73
	45		53			/font/5001/70
	51		59			/font/5001/6f
	57		65			/font/5001/72
	63		71			/font/5001/74
line	12	438	119	438	009000
rect	16	450	114	475	001010
line	17	461	17	450	00c0c0
		450	43		
	43			461	007070
		461	17		
rect	18	451	43	461	009090
tint	19	450	27	463	00ffff	/font/5001/52
	25		33			/font/5001/47
	31		39			/font/5001/48
	37		45			/font/5001/54
	43		51			/font/5001/20
	49		57			/font/5001/42
	55		63			/font/5001/75
	61		69			/font/5001/69
	67		75			/font/5001/6c
	73		81			/font/5001/64
line	17	473	17	462	00c0c0
		462	43		
	43			473	007070
		473	17		
rect	18	463	43	473	009090
tint	19	462	27	475	00ffff	/font/5001/4c
	25		33			/font/5001/45
	31		39			/font/5001/46
	37		45			/font/5001/54
	43		51			/font/5001/20
	49		57			/font/5001/4d
	55		63			/font/5001/61
	61		69			/font/5001/69
	67		75			/font/5001/6e
	73		81			/font/5001/20
	79		87			/font/5001/4d
	85		93			/font/5001/65
	91		99			/font/5001/6e
	97		105			/font/5001/75
line	12	191	12	180	ffff00
		180	119		
	119			191	909000
		191	12		
rect	13	181	119	191	c0c000
tint	15	180	23	193	000000	/font/5001/43
	21		29			/font/5001/4f
	27		35			/font/5001/4e
	33		41			/font/5001/54
	39		47			/font/5001/52
	45		53			/font/5001/4f
	51		59			/font/5001/4c
	15	192	23	205	7fff7f	/font/5001/54
	21		29			/font/5001/52
	27		35			/font/5001/41
	33		41			/font/5001/4e
	39		47			/font/5001/53
	45		53			/font/5001/50
	51		59			/font/5001/52
	57		65			/font/5001/54
draw	20	206	30	224	/sprites/587.SMIV/0
line	14	204	35	204	489048
			14	205	
	35		35		
	14	225		225	
			14	224	
	35		35		
rect	42	206	49	219	003870
		219		224	0060c0
line	40	204	50	204	00488f
			40	205	
	50		50		
	40	225		225	
			40	224	
	50		50		
rect	55	206	62	207	707000
		207		224	c0c000
line	53	204	63	204	909000
			53	205	
	63		63		
	53	225		225	
			53	224	
	63		63		
tint	12	228	20	241	ff0000	/font/5001/50
	18		26			/font/5001/69
	24		32			/font/5001/63
	30		38			/font/5001/74
	36		44			/font/5001/6f
	42		50			/font/5001/72
	48		56			/font/5001/69
	54		62			/font/5001/73
	60		68			/font/5001/20
	66		74			/font/5001/42
	72		80			/font/5001/65
	78		86			/font/5001/74
	84		92			/font/5001/61
	90		98			/font/5001/20
	96		104			/font/5001/32
line	12	263	12	252	007fff
		252	119		
	119			263	00488f
		263	12		
rect	13	253	119	263	0060c0
tint	15	252	23	265	000000	/font/5001/54
	21		29			/font/5001/41
	27		35			/font/5001/52
	33		41			/font/5001/47
	39		47			/font/5001/45
	45		53			/font/5001/54
	15	264	23	277	7fff7f	/font/5001/50
	21		29			/font/5001/69
	27		35			/font/5001/63
	33		41			/font/5001/74
	39		47			/font/5001/6f
	45		53			/font/5001/72
	51		59			/font/5001/69
	57		65			/font/5001/73
	63		71			/font/5001/20
	69		77			/font/5001/42
	75		83			/font/5001/65
	81		89			/font/5001/74
	87		95			/font/5001/61
	93		101			/font/5001/20
	99		107			/font/5001/32
draw	16	278	34	296	/sprites/1011.SMIV/0
line	14	276	35	276	489048
			14	277	
	35		35		
	14	297		297	
			14	296	
	35		35		
