point	358	229	b0b0b0
	605	252	808080
	537	103	
	533	178	
	451	305	b0b0b0
	539	416	808080
	516	434	b0b0b0
	419	333	808080
	552	25	b0b0b0
	174	12	d0d0d0
	199	426	808080
	396	287	d0d0d0
	130	404	b0b0b0
	239	439	
	321	215	808080
	277	148	
	344	36	b0b0b0
	373	16	808080
	237	208	
	587	193	
	356	379	b0b0b0
	211	310	d0d0d0
	427	420	
	554	409	808080
	504	450	
	159	334	d0d0d0
	551	204	
	450	169	808080
	597	357	
	137	283	b0b0b0
	591	84	808080
	436	389	b0b0b0
	503	174	d0d0d0
	290	41	
	219	59	808080
	382	88	
	421	17	b0b0b0
	371	129	
	363	229	
	587	8	
	293	9	d0d0d0
	350	320	808080
	525	20	
	383	459	d0d0d0
	442	337	
	388	310	808080
	138	82	b0b0b0
	196	468	808080
	494	476	b0b0b0
	521	448	808080
	557	70	b0b0b0
	462	391	
	226	423	
	196	325	d0d0d0
	253	30	b0b0b0
	153	422	
	324	120	808080
	383	111	b0b0b0
	161	343	808080
	492	276	b0b0b0
	235	320	808080
	228	327	d0d0d0
	565	257	
	294	55	b0b0b0
	300	37	
	188	476	808080
	319	341	
	469	398	
	368	126	
	135	418	
	511	16	
	570	64	
	340	222	
	439	260	
	328	442	
	298	171	b0b0b0
	250	265	808080
	364	414	
	336	347	d0d0d0
	422	43	
	372	371	b0b0b0
	465	465	808080
	210	99	d0d0d0
	554	225	808080
	348	398	
	379	29	b0b0b0
	258	227	d0d0d0
	392	101	808080
	440	170	b0b0b0
	472	89	808080
	274	41	b0b0b0
	579	349	808080
	344	78	d0d0d0
	540	129	808080
	231	68	b0b0b0
	237	100	
	360	120	d0d0d0
	381	235	b0b0b0
	333	13	
	501	150	
	348	148	808080
	407	186	
	598	389	b0b0b0
	157	138	
	353	313	808080
	426	434	
	317	216	b0b0b0
	303	35	808080
	267	453	b0b0b0
	148	478	
	263	313	d0d0d0
	364	91	b0b0b0
	477	263	808080
	144	151	d0d0d0
	486	400	b0b0b0
	577	353	
	143	406	
	585	454	808080
	380	43	
	293	69	
	361	96	b0b0b0
	172	46	d0d0d0
	295	328	808080
	563	56	
	283	21	d0d0d0
	627	259	301800
	629	280	
	566	261	
	646	250	
	522	214	
	587	209	
	606	280	
	596	212	
	577	270	
	608	248	
	515	162	b05800
	481	204	
	493	156	
	471	175	
	526	178	
	523	175	
	483	202	
	524	197	
	499	163	
	476	196	
	455	126	201000
	535	138	
	485	183	
	542	112	
	507	125	
	515	230	
	488	122	
	459	110	
	469	122	
	451	180	
	429	181	603000
	465	154	
	434	90	
	505	77	
	478	133	
	439	106	
	411	82	
	518	167	
	514	143	
	437	124	
	525	12	d06800
	547	42	
	534	40	
	511	41	
	517	18	
	519	31	
	523	10	
	535	43	
	530	13	
	551	36	
	483	75	e07000
	478	72	
	476	50	
	465	58	
	489	56	
	462	47	
	473	57	
	463	77	
		67	
	476	71	
	456	139	ff7f00
	453		
		141	
	454		
	456	138	
	457	141	
	454	139	
	457		
	456	141	
	455	139	
	634	149	
		151	
	635	149	
	636	150	
		151	
		149	
	632	152	
	634	149	
	635	152	
		149	
	523	180	703800
	459	243	
	455	211	
	501	208	
	533	227	
	459	279	
	431	186	
	516	206	
	483	227	
	436	275	
	648	169	
	689	219	
		189	
	588	242	
	686	228	
	601	195	
	612	183	
		247	
	620	254	
	686	147	
	538	164	904800
	442	141	
	455	201	
	532	187	
	494	177	
	493	187	
	494	192	
	519	160	
	458	181	
	531	176	
line	216	0	216	480	002850
	521		521		000050
	128	75	608	75	
		380		380	005000
	656	198	661	206	7fff7f
	150	356	157	352	
	396	219	388	223	
	499	-20	496	-27	
	427	36	418	33	
draw	399	27	437	43	/sprites/652.SMIV/7
static	419	7	667	178	ffffff	110	/sprites/604.SMIV/16
draw	351	229	379	255	/sprites/652.SMIV/2
	41	-28	169	4	/sprites/649.SMIV/6
	138	-2	257	63	/sprites/649.SMIV/8
	179	350	212	374	/sprites/652.SMIV/3
	488	-6	499	2	/sprites/653.SMIV/2
	512	11	518	16	/sprites/504.SMIV/19
	633	135	639	140	
	516	6	525	15	/sprites/554.SMIV/6
	372	234	383	242	/sprites/653.SMIV/4
	421	26	432	33	/sprites/653.SMIV/1
	447	47	454	55	/sprites/554.SMIV/4
	634	182	640	187	/sprites/504.SMIV/19
	447	51	452	56	/sprites/554.SMIV/0
	451	136	455	140	/sprites/504.SMIV/18
	496	-1	503	7	/sprites/554.SMIV/4
	631	147	635	151	/sprites/504.SMIV/18
	535	14	542	22	/sprites/554.SMIV/4
	467	187	488	200	/sprites/541.SMIV/20
	448	53	458	64	/sprites/554.SMIV/8
	392	166	468	243	/sprites/554.SMIV/5
	450	31	459	40	/sprites/554.SMIV/6
		33	455	39	/sprites/554.SMIV/2
	464	49	470	54	/sprites/504.SMIV/19
	520	7	525	13	/sprites/554.SMIV/2
line	454	60	441	68	489048
			455	75	
	441	68			204020
draw	0	0	128	480	/pictures/501.png
	608		640		/pictures/512.png
tint	29	159	37	172	ff0000	/font/5001/34
	35		43			/font/5001/35
	41		49			/font/5001/37
line	614	394	614	359	00488f
		359	622		
	622			394	002850
		394	614		
rect	615	360	622	394	003870
line	614	456	614	395	007fff
		395	622		
	622			456	00488f
		456	614		
rect	615	396	622	456	0070e0
line	614	231	614	231	909048
			622		
	622				505028
			614		
	614	328		232	ffff7f
		232	622		
	622			328	909048
		328	614		
rect	615	233	622	328	e0e070
line	614	116	614	103	904848
		103	622		
	622			116	502828
		116	614		
rect	615	104	622	116	703838
line	614	200	614	117	ff7f7f
		117	622		
	622			200	904848
		200	614		
rect	615	118	622	200	e07070
line	618	8	629	8	90488f
			618	9	
	629		629		
	618	36		36	
			618	35	
	629		629		
rect	620	10	628	35	703870
		30			c060c0
	634	49	636	52	7fff7f
		53		56	60c060
		57		60	
		61		64	
		65		68	
		69		72	7fff7f
		73		76	60c060
		77		80	
		81		84	
		85		88	
		89		92	7fff7f
		93		96	60c060
		97		100	
		101		104	
		105		108	
		109		112	7fff7f
		113		116	60c060
		117		120	
		121		124	
		125		128	
		129		132	7fff7f
		133		136	60c060
		137		140	
		141		144	
		145		148	
		149		152	7fff7f
		153		156	60c060
		157		160	
		161		164	
		165		168	
		169		172	7fff7f
		173		176	60c060
		177		180	
		181		184	
		185		188	
		189		192	7fff7f
		193		196	60c060
		197		200	
		201		204	
		205		208	
		209		212	7fff7f
		213		216	60c060
		217		220	0060c0
		221		224	
		225		228	
		229		232	007fff
		233		236	183018
		237		240	
		241		244	
		245		248	
		249		252	
		253		256	
		257		260	
		261		264	
		265		268	
		269		272	
		273		276	
		277		280	
		281		284	
		285		288	
		289		292	
		293		296	
		297		300	
		301		304	
		305		308	
		309		312	
		313		316	
		317		320	
		321		324	
		325		328	
		329		332	
		333		336	
		337		340	
		341		344	
		345		348	
		349		352	
		353		356	
		357		360	
		361		364	
		365		368	
		369		372	
		373		376	
		377		380	
		381		384	
		385		388	
		389		392	
		393		396	
		397		400	
		401		404	
		405		408	
		409		412	
		413		416	
		417		420	
		421		424	
		425		428	
		429		432	
		433		436	
		437		440	
		441		444	
		445		448	
	621	52	631	56	303000
		57		61	
		62		66	
		67		71	
		72		76	
		77		81	
		82		86	
	7	7	115	115	00ff00
	8	8	114	114	001000
	53	53	69	69	003000
point	57	43	009000
	62	90	
		55	
	67	56	
	53	53	
	56	55	
	112	58	
	63	55	
	61	61	
	70	59	
	55	49	
	72	65	
	57	63	
	70	60	
	64	59	
	93	36	
	63	55	
	71	61	
	63	56	
	64	60	
	65	53	
			
	56	46	
	63	55	
	69	59	
	55	42	
	63	55	
	60	62	
	66	54	
			
	64	55	
	71	59	
	63	55	
	65	54	
	71	59	
	64	55	
		58	
	63	60	
	66	54	
	55	49	
	63	52	
	75	61	
	78	66	
rect	12	320	121	440	001000
tint	15	320	23	333	00ff00	/font/5001/42
	21		29			/font/5001/55
	27		35			/font/5001/49
	33		41			/font/5001/4c
	39		47			/font/5001/44
	45		53			/font/5001/20
	51		59			/font/5001/53
	57		65			/font/5001/48
	63		71			/font/5001/49
	69		77			/font/5001/50
	75		83			/font/5001/53
line	12	342	119	342	009000
tint	15	332	23	345	00ff00	/font/5001/50
	21		29			/font/5001/69
	27		35			/font/5001/63
	33		41			/font/5001/74
	39		47			/font/5001/6f
	45		53			/font/5001/72
	51		59			/font/5001/69
	57		65			/font/5001/73
	63		71			/font/5001/20
	69		77			/font/5001/42
	75		83			/font/5001/65
	81		89			/font/5001/74
	87		95			/font/5001/61
	15	344	23	357		/font/5001/46
	21		29			/font/5001/69
	27		35			/font/5001/67
	33		41			/font/5001/68
	39		47			/font/5001/74
	45		53			/font/5001/65
	51		59			/font/5001/72
	15	356	23	369		/font/5001/43
	21		29			/font/5001/72
	27		35			/font/5001/75
	33		41			/font/5001/69
	39		47			/font/5001/73
	45		53			/font/5001/65
	51		59			/font/5001/72
	15	368	23	381		/font/5001/47
	21		29			/font/5001/75
	27		35			/font/5001/6e
	33		41			/font/5001/73
	39		47			/font/5001/68
	45		53			/font/5001/69
	51		59			/font/5001/70
line	12	391	12	380	009000
		380	120		
	120			391	005000
		391	12		
rect	13	381	120	391	007000
tint	15	380	23	393	00ff00	/font/5001/54
	21		29			/font/5001/72
	27		35			/font/5001/61
	33		41			/font/5001/6e
	39		47			/font/5001/73
	45		53			/font/5001/70
	51		59			/font/5001/6f
	57		65			/font/5001/72
	63		71			/font/5001/74
line	12	438	119	438	009000
rect	16	450	114	475	001010
line	17	461	17	450	00c0c0
		450	43		
	43			461	007070
		461	17		
rect	18	451	43	461	009090
tint	19	450	27	463	00ffff	/font/5001/52
	25		33			/font/5001/47
	31		39			/font/5001/48
	37		45			/font/5001/54
	43		51			/font/5001/20
	49		57			/font/5001/42
	55		63			/font/5001/75
	61		69			/font/5001/69
	67		75			/font/5001/6c
	73		81			/font/5001/64
line	17	473	17	462	00c0c0
		462	43		
	43			473	007070
		473	17		
rect	18	463	43	473	009090
tint	19	462	27	475	00ffff	/font/5001/4c
	25		33			/font/5001/45
	31		39			/font/5001/46
	37		45			/font/5001/54
	43		51			/font/5001/20
	49		57			/font/5001/4d
	55		63			/font/5001/61
	61		69			/font/5001/69
	67		75			/font/5001/6e
	73		81			/font/5001/20
	79		87			/font/5001/4d
	85		93			/font/5001/65
	91		99			/font/5001/6e
	97		105			/font/5001/75
line	12	191	12	180	ffff00
		180	120		
	120			191	909000
		191	12		
rect	13	181	120	191	c0c000
tint	15	180	23	193	000000	/font/5001/43
	21		29			/font/5001/4f
	27		35			/font/5001/4e
	33		41			/font/5001/54
	39		47			/font/5001/52
	45		53			/font/5001/4f
	51		59			/font/5001/4c
	15	192	23	205	7fff7f	/font/5001/47
	21		29			/font/5001/55
	27		35			/font/5001/4e
	33		41			/font/5001/53
	39		47			/font/5001/48
	45		53			/font/5001/49
	51		59			/font/5001/50
draw	18	206	32	224	/sprites/652.SMIV/0
line	14	204	35	204	489048
			14	205	
	35		35		
	14	225		225	
			14	224	
	35		35		
rect	42	206	49	206	003870
				224	0060c0
line	40	204	50	204	00488f
			40	205	
	50		50		
	40	225		225	
			40	224	
	50		50		
rect	55	206	62	207	707000
		207		224	c0c000
line	53	204	63	204	909000
			53	205	
	63		63		
	53	225		225	
			53	224	
	63		63		
tint	69	204	77	217	7fff7f	/font/5001/4c
	75		83			/font/5001/53
	81		89			/font/5001/52
	87		95			/font/5001/54
	93		101			/font/5001/55
	99		107			/font/5001/52
	105		113			
	111		119			/font/5001/54
	69	216	77	229		/font/5001/4d
	75		83			/font/5001/47
	81		89			/font/5001/4e
	87		95			/font/5001/54
	93		101			/font/5001/4f
	99		107			/font/5001/50
	105		113			/font/5001/4c
	111		119			/font/5001/53
	12	228	20	241	ff0000	/font/5001/47
	18		26			/font/5001/61
	24		32			/font/5001/74
	30		38			/font/5001/65
	36		44			/font/5001/20
	42		50			/font/5001/53
	48		56			/font/5001/68
	54		62			/font/5001/69
	60		68			/font/5001/70
line	12	263	12	252	007fff
		252	120		
	120			263	00488f
		263	12		
rect	13	253	120	263	0060c0
tint	15	252	23	265	000000	/font/5001/54
	21		29			/font/5001/41
	27		35			/font/5001/52
	33		41			/font/5001/47
	39		47			/font/5001/45
	45		53			/font/5001/54
	15	264	23	277	7fff7f	/font/5001/50
	21		29			/font/5001/69
	27		35			/font/5001/63
	33		41			/font/5001/74
	39		47			/font/5001/6f
	45		53			/font/5001/72
	51		59			/font/5001/69
	57		65			/font/5001/73
	63		71			/font/5001/20
	69		77			/font/5001/42
	75		83			/font/5001/65
	81		89			/font/5001/74
	87		95			/font/5001/61
	93		101			/font/5001/20
	99		107			/font/5001/32
draw	16	278	34	296	/sprites/1011.SMIV/0
line	14	276	35	276	489048
			14	277	
	35		35		
	14	297		297	
			14	296	
	35		35		
