point	320	263	b0b0b0
	579	275	808080
	511	126	
	507	201	
	413	340	b0b0b0
	513	439	808080
	477	469	b0b0b0
	393	356	808080
	513	60	b0b0b0
	602	9	
	173	450	808080
	344	333	d0d0d0
	583	235	808080
	200	474	b0b0b0
	296	238	808080
	251	171	
	305	71	b0b0b0
	347	39	808080
	212	232	
	561	216	
	317	414	b0b0b0
	160	357	d0d0d0
	375	467	
	528	432	808080
	478	473	
	586	277	d0d0d0
	500	250	
	425	192	808080
	571	380	
	567	186	d0d0d0
	565	107	808080
	398	424	b0b0b0
	452	221	d0d0d0
	238	87	
	193	82	808080
	356	112	
	382	52	b0b0b0
	332	164	
	324	263	
	548	43	
	242	55	d0d0d0
	324	343	808080
	499	43	
	174	13	
	390	384	d0d0d0
	363	333	808080
	569	42	d0d0d0
	368	11	808080
	326	21	
	496	471	
	518	105	b0b0b0
	424	425	
	188	458	
	145	372	d0d0d0
	215	65	b0b0b0
	593	194	
	298	143	808080
	344	145	b0b0b0
	135	366	808080
	453	311	b0b0b0
	209	343	808080
	176	373	d0d0d0
	514	304	
	255	90	b0b0b0
	261	71	
	523	39	d0d0d0
	293	364	808080
	443	422	
	342	149	
	588	147	
	485	39	
	544	88	
	314	245	
	414	283	
	303	465	
	260	205	b0b0b0
	224	288	808080
	338	437	
	285	394	d0d0d0
	370	90	
	333	406	b0b0b0
	324	8	808080
	158	145	d0d0d0
	528	248	808080
	322	422	
	340	63	b0b0b0
	206	273	d0d0d0
	366	124	808080
	401	204	b0b0b0
	447	112	808080
	235	76	b0b0b0
	554	372	808080
	292	125	d0d0d0
	515	152	808080
	192	103	b0b0b0
	198	135	
	308	167	d0d0d0
	342	270	b0b0b0
	294	48	
	463	185	
	322	171	808080
	382	209	
	559	424	b0b0b0
	597	277	
	328	336	808080
	400	457	
	278	251	b0b0b0
	277	58	808080
	215	5	
	388	33	b0b0b0
	211	360	d0d0d0
	325	125	b0b0b0
	451	286	808080
	571	411	d0d0d0
	447	435	b0b0b0
	538	388	
	576	84	d0d0d0
	560	477	808080
	354	66	
	268	92	
	322	131	b0b0b0
	600	145	d0d0d0
	269	351	808080
	538	79	
	231	68	d0d0d0
	449	127	f07800
	446	129	
	456	136	
	442	133	
	457	131	
	448	126	
	447	134	
			
	443	131	
	445	132	
	564	227	703800
	528	168	
	525	171	
	495	137	
	539	230	
	489	216	
	510	181	
	555	211	
	511	198	
	568	208	
	471	117	804000
	483	80	
	423	107	
	475	120	
	401	115	
	391	96	
	471	93	
	426	89	
	444	146	
	418	126	
	512	148	d06800
	498	166	
	522	151	
	492	162	
	488	165	
	512	154	
	498	163	
	507	160	
	512	173	
	520	145	
	513	160	
	508	156	
	525	135	
	501	138	
	492	135	
	493	140	
	523	153	
	526	162	
	523	161	
	514	150	
	570	154	
	545	145	
	550	139	
	552	161	
	544	145	
	550	165	
	565	147	
	562	139	
	575	136	
	558	160	
	459	109	e07000
	468	117	
	467	93	
	454	94	
	459	102	
	467	106	
	458		
	459	101	
	476	112	
	473	93	
	508	160	100800
	431	149	
	564	242	
	517	147	
	387	226	
	441	246	
	419	165	
	507	176	
	458	202	
	560	126	
	372	147	301800
	497	138	
	374	84	
	437	145	
	499	162	
	440	185	
	409	186	
	373	102	
	491	199	
	501	143	
	384	199	502800
	403	187	
	410	114	
	426	131	
	460	217	
	407	220	
	489	167	
	471	152	
	516	244	
	399	238	
	443	151	e07000
	446	147	
	451	130	
	450	149	
	456	133	
line	198	0	198	480	002850
	442		442		000050
	128	152	608	152	
		396		396	005000
	561	148	566	153	7fff7f
	368	162	366	169	
	375	125	374	132	
	499	162	501	169	
	422	99	418	104	
	400	138	396	144	
	410	43	409	50	
	387	141	383	146	
	362	209	363	216	
	534	214	536	223	
	515	241	517	248	
draw	352	165	380	181	/sprites/652.SMIV/4
static	410	31	616	147	ffffff	98	/sprites/604.SMIV/18
draw	353	232	379	251	/sprites/652.SMIV/3
	172	129	237	199	/sprites/649.SMIV/14
	216	208	319	240	/sprites/649.SMIV/5
	346	178	374	194	/sprites/652.SMIV/4
	507	262	533	281	/sprites/652.SMIV/21
	578	182	608	193	/sprites/652.SMIV/18
	354	195	380	214	/sprites/652.SMIV/3
	340	97	368	108	/sprites/652.SMIV/6
	533	233	552	255	/sprites/652.SMIV/23
	55	25	56	28	/sprites/513.SMIV/17
	511	167	514	169	/sprites/513.SMIV/9
	444	124	447	127	/sprites/504.SMIV/18
	496	148	501	152	/sprites/504.SMIV/19
	502	138	507	142	
	391	87	406	99	/sprites/581.SMIV/2
	507	144	511	149	/sprites/554.SMIV/1
	373	238	380	246	/sprites/653.SMIV/0
	424	71	439	81	/sprites/581.SMIV/1
	413	145	420	152	/sprites/554.SMIV/9
	549	140	554	144	/sprites/504.SMIV/19
	385	208	392	216	/sprites/653.SMIV/3
	404	139	411	146	/sprites/554.SMIV/5
	457	94	462	98	/sprites/504.SMIV/19
	530	173	539	179	/sprites/653.SMIV/4
	425	170	434	176	
	520	147	524	151	/sprites/554.SMIV/0
	416	201	423	209	/sprites/653.SMIV/3
	407	128	416	135	/sprites/653.SMIV/2
	436	123	443	131	/sprites/653.SMIV/3
	442	132	447	136	/sprites/504.SMIV/19
	461	165	468	173	/sprites/653.SMIV/0
	505	144	508	147	/sprites/504.SMIV/18
	545	146	553	155	/sprites/554.SMIV/8
	551	144	558	151	/sprites/554.SMIV/6
line	517	109	502	112	489048
			512	124	
	502	112			204020
draw	0	0	128	480	/pictures/501.png
	608		640		/pictures/512.png
crop	29	159	35	171	32	36	ff0000	/fonts/computer
	35		41		16			
	41		47		56			
line	614	394	614	359	00488f
		359	622		
	622			394	002850
		394	614		
rect	615	360	622	394	003870
line	614	456	614	395	007fff
		395	622		
	622			456	00488f
		456	614		
rect	615	396	622	456	0070e0
line	614	232	614	231	909048
		231	622		
	622			232	505028
		232	614		
	614	328		233	ffff7f
		233	622		
	622			328	909048
		328	614		
rect	615	234	622	328	e0e070
line	614	117	614	103	904848
		103	622		
	622			117	502828
		117	614		
rect	615	104	622	117	703838
line	614	200	614	118	ff7f7f
		118	622		
	622			200	904848
		200	614		
rect	615	119	622	200	e07070
line	618	8	629	8	90488f
			618	9	
	629		629		
	618	36		36	
			618	35	
	629		629		
rect	620	10	628	35	703870
		35			c060c0
	634	49	636	52	7fff7f
		53		56	60c060
		57		60	
		61		64	
		65		68	
		69		72	7fff7f
		73		76	60c060
		77		80	
		81		84	
		85		88	
		89		92	7fff7f
		93		96	60c060
		97		100	
		101		104	
		105		108	
		109		112	7fff7f
		113		116	60c060
		117		120	
		121		124	
		125		128	
		129		132	7fff7f
		133		136	60c060
		137		140	
		141		144	
		145		148	
		149		152	7fff7f
		153		156	60c060
		157		160	
		161		164	
		165		168	
		169		172	7fff7f
		173		176	60c060
		177		180	
		181		184	
		185		188	
		189		192	7fff7f
		193		196	60c060
		197		200	
		201		204	
		205		208	
		209		212	7fff7f
		213		216	60c060
		217		220	
		221		224	0060c0
		225		228	
		229		232	007fff
		233		236	0060c0
		237		240	183018
		241		244	
		245		248	
		249		252	
		253		256	
		257		260	
		261		264	
		265		268	
		269		272	
		273		276	
		277		280	
		281		284	
		285		288	
		289		292	
		293		296	
		297		300	
		301		304	
		305		308	
		309		312	
		313		316	
		317		320	
		321		324	
		325		328	
		329		332	
		333		336	
		337		340	
		341		344	
		345		348	
		349		352	
		353		356	
		357		360	
		361		364	
		365		368	
		369		372	
		373		376	
		377		380	
		381		384	
		385		388	
		389		392	
		393		396	
		397		400	
		401		404	
		405		408	
		409		412	
		413		416	
		417		420	
		421		424	
		425		428	
		429		432	
		433		436	
		437		440	
		441		444	
		445		448	
	621	52	631	56	303000
		57		61	
		62		66	
		67		71	
		72		76	
		77		81	
		82		86	
	7	7	115	115	00ff00
	8	8	114	114	001000
	51	51	71	71	003000
point	55	45	009000
	61	91	
		58	
	66	55	
	69	58	
	61	60	
	54	58	
	57	61	
	75	57	
	92	59	
	68	58	
	69		
	61	59	
	9	67	
	67	62	
	112	47	
	62	57	
	68	61	
	67	58	
	61	60	
	70	59	
	66	58	
	63	59	
	43	49	
	67	61	
	61	60	
	65	55	
	62	58	
	61	55	
	63	60	
	62	58	
	63	55	
		58	
	65	59	
	70		
	63	55	
	68	61	
	62	93	
		58	
	61	61	
	62	57	
	66		
	63	58	
	62	57	
	49	52	
	66	58	
	62	57	
			
	61	58	
	68		
rect	12	320	121	440	001000
crop	15	320	21	332	16	48	00ff00	/fonts/computer
	21		27		40	60		
	27		33		72	48		
	33		39		96			
	39		45		32			
	45		51		0	24		
	51		57		24	60		
	57		63		64	48		
	63		69		72			
	69		75		0	60		
	75		81		24			
line	12	342	119	342	009000
crop	15	332	21	344	0	60	00ff00	/fonts/computer
	21		27		72	72		
	27		33		24			
	33		39		32	84		
	39		45		120	72		
	45		51		16	84		
	51		57		72	72		
	57		63		24	84		
	63		69		0	24		
	69		75		16	48		
	75		81		40	72		
	81		87		32	84		
	87		93		8	72		
	15	344	21	356	48	48		
	21		27		72	72		
	27		33		56			
	33		39		64			
	39		45		32	84		
	45		51		40	72		
	51		57		16	84		
	15	356	21	368	24	48		
	21		27		16	84		
	27		33		40			
	33		39		72	72		
	39		45		24	84		
	45		51		40	72		
	51		57		16	84		
	15	368	21	380	56	48		
	21		27		40	84		
	27		33		112	72		
	33		39		24	84		
	39		45		64	72		
	45		51		72			
	51		57		0	84		
line	12	391	12	380	009000
		380	120		
	120			391	005000
		391	12		
rect	13	381	120	391	007000
crop	15	380	21	392	32	60	00ff00	/fonts/computer
	21		27		16	84		
	27		33		8	72		
	33		39		112			
	39		45		24	84		
	45		51		0			
	51		57		120	72		
	57		63		16	84		
	63		69		32			
line	12	438	119	438	009000
rect	16	450	114	475	001010
line	17	461	17	450	00c0c0
		450	43		
	43			461	007070
		461	17		
rect	18	451	43	461	009090
crop	19	450	25	462	16	60	00ffff	/fonts/computer
	25		31		56	48		
	31		37		64			
	37		43		32	60		
	43		49		0	24		
	49		55		16	48		
	55		61		40	84		
	61		67		72	72		
	67		73		96			
	73		79		32			
line	17	473	17	462	00c0c0
		462	43		
	43			473	007070
		473	17		
rect	18	463	43	473	009090
crop	19	462	25	474	96	48	00ffff	/fonts/computer
	25		31		40			
	31		37		48			
	37		43		32	60		
	43		49		0	24		
	49		55		104	48		
	55		61		8	72		
	61		67		72			
	67		73		112			
	73		79		0	24		
	79		85		104	48		
	85		91		40	72		
	91		97		112			
	97		103		40	84		
line	12	191	12	180	ffff00
		180	120		
	120			191	909000
		191	12		
rect	13	181	120	191	c0c000
crop	15	180	21	192	24	48	000000	/fonts/computer
	21		27		120			
	27		33		112			
	33		39		32	60		
	39		45		16			
	45		51		120	48		
	51		57		96			
	15	192	21	204	56		7fff7f	
	21		27		40	60		
	27		33		112	48		
	33		39		24	60		
	39		45		64	48		
	45		51		72			
	51		57		0	60		
draw	18	206	32	224	/sprites/652.SMIV/0
line	14	204	35	204	489048
			14	205	
	35		35		
	14	225		225	
			14	224	
	35		35		
rect	42	206	49	206	003870
				224	0060c0
line	40	204	50	204	00488f
			40	205	
	50		50		
	40	225		225	
			40	224	
	50		50		
rect	55	206	62	207	707000
		207		224	c0c000
line	53	204	63	204	909000
			53	205	
	63		63		
	53	225		225	
			53	224	
	63		63		
crop	69	204	75	216	96	48	7fff7f	/fonts/computer
	75		81		24	60		
	81		87		16			
	87		93		32			
	93		99		40			
	99		105		16			
	105		111					
	111		117		32			
	69	216	75	228	104	48		
	75		81		56			
	81		87		112			
	87		93		32	60		
	93		99		120	48		
	99		105		0	60		
	105		111		96	48		
	111		117		24	60		
	12	228	18	240	56	48	ff0000	
	18		24		8	72		
	24		30		32	84		
	30		36		40	72		
	36		42		0	24		
	42		48		24	60		
	48		54		64	72		
	54		60		72			
	60		66		0	84		
line	12	263	12	252	007fff
		252	120		
	120			263	00488f
		263	12		
rect	13	253	120	263	0060c0
crop	15	252	21	264	32	60	000000	/fonts/computer
	21		27		8	48		
	27		33		16	60		
	33		39		56	48		
	39		45		40			
	45		51		32	60		
	15	264	21	276	0		7fff7f	
	21		27		72	72		
	27		33		24			
	33		39		32	84		
	39		45		120	72		
	45		51		16	84		
	51		57		72	72		
	57		63		24	84		
	63		69		0	24		
	69		75		16	48		
	75		81		40	72		
	81		87		32	84		
	87		93		8	72		
	93		99		0	24		
	99		105		16	36		
draw	16	278	34	296	/sprites/1011.SMIV/0
line	14	276	35	276	489048
			14	277	
	35		35		
	14	297		297	
			14	296	
	35		35		
