point	291	288	b0b0b0
	561	291	808080
	492	142	
	488	217	
	384	364	b0b0b0
	495	455	808080
	595	9	
	374	372	
	485	84	b0b0b0
	574	34	
	154	466	808080
	306	366	d0d0d0
	564	251	808080
	200	12	
	277	254	
	232	187	
	277	95	b0b0b0
	329	56	808080
	193	248	
	543	232	
	289	438	b0b0b0
	601	392	d0d0d0
	283	14	b0b0b0
	509	448	808080
	485	14	b0b0b0
	548	309	d0d0d0
	462	283	
	406	208	808080
	552	397	
	530	218	d0d0d0
	546	124	808080
	369	448	b0b0b0
	414	254	d0d0d0
	201	120	
	175	99	808080
	337	128	
	354	76	b0b0b0
	304	188	
	296	288	
	520	67	
	204	88	d0d0d0
	305	359	808080
	481	59	
	155	29	
	352	416	d0d0d0
	344	349	808080
	531	74	d0d0d0
	349	27	808080
	308	37	
	370	11	b0b0b0
	490	129	
	395	450	
	344	2	
	586	308	d0d0d0
	186	89	b0b0b0
	564	218	
	280	160	808080
	316	170	b0b0b0
	595	281	808080
	425	335	b0b0b0
	190	359	808080
	139	406	d0d0d0
	476	336	
	227	114	b0b0b0
	233	96	
	486	71	d0d0d0
	274	380	808080
	424	438	
	324	166	
	570	164	
	466	55	
	525	104	
	295	261	
	395	299	
	292	1	
	231	230	b0b0b0
	206	304	808080
	320	453	
	247	426	d0d0d0
	333	122	
	305	430	b0b0b0
		24	808080
	603	77	
	510	265	
	303	438	
	311	88	b0b0b0
	168	306	d0d0d0
	347	140	808080
	372	229	b0b0b0
	428	128	808080
	207	100	b0b0b0
	535	388	808080
	255	157	d0d0d0
	496	168	808080
	164	127	b0b0b0
	170	159	
	270	199	d0d0d0
	314	294	b0b0b0
	266	72	
	434	209	
	303	187	808080
	363	225	
	531	448	b0b0b0
	569	301	
	309	352	808080
	381	473	
	249	275	b0b0b0
	258	74	808080
	196	21	
	360	57	b0b0b0
	173	392	d0d0d0
	297	150	b0b0b0
	433	302	808080
	533	443	d0d0d0
	419	459	b0b0b0
	510	412	
	539	117	d0d0d0
	290	27	
	335	83	808080
	249	108	
	294	155	b0b0b0
	562	178	d0d0d0
	250	368	808080
	519	95	
	193	100	d0d0d0
	488	76	c06000
	514	82	
	480	117	
	499	55	
	510	65	
	486	55	
	514	73	
	493	62	
	464	72	
	506	83	
	382	225	402000
	328	239	
	384	92	
	240	198	
	220	125	
	364	203	
	283	209	
	368	190	
	289	130	
	402	187	
	473	83	e07000
	467	89	
	476	97	
	459	66	
	470	96	
	465	66	
	474	78	
	478	96	
	487	90	
	475	76	
	499	75	
	519	60	
	502	52	
	511	74	
	518	67	
	514	72	
	515	65	
	504	74	
	510	78	
	509	53	
	253	167	402000
	337	133	
	260	98	
	306	243	
	325	201	
	371	262	
	357	263	
	298	218	
	362	170	
	334	240	
	420	56	a05000
	417	94	
	512	70	
	434	67	
	490	130	
	496	75	
	466	61	
	415	78	
	499	72	
	495	94	
	527	84	
	482	71	
	519	114	
	483	55	
	524	84	
	464	104	
	489	92	
	511	124	
	528	74	
	543	79	
	491	128	b05800
	541	98	
	472	88	
	532	132	
	525	140	
	496	106	
	465	134	
	554	83	
	531	61	
	498	76	
	543	-47	
	547		
	539	-6	
	493	13	
	529	-42	
	528	-33	
	554	-6	
	555	-16	
	540	-24	
	519	-41	
	466	-17	ff7f00
		-18	
	464	-16	
	466	-15	
		-18	
	465	-15	
	466		
	467	-17	
	465	-16	
			
	469	60	
	466	59	
		58	
	464	56	
	467	58	
	466	55	
	468	59	
	465	55	
	468		
	465	59	
	410	299	201000
	521	184	
	583	241	
	495	205	
	426	165	
	449	186	
	587	157	
	444	265	
	538	198	
	432	263	
	528	84	f07800
	527	92	
	535	82	
	532	101	
	533	83	
line	420	0	420	480	000050
	128	165	608	165	
		472		472	005000
	392	215	385	220	7fff7f
	445	153	439	161	
	522	158	526	166	
	460	101	453	105	
	636	105	642	113	
	416	138	409	144	
	432	170	426	177	
	467	135	461	142	
static	497	85	518	112	ffffff	81	/sprites/652.SMIV/1
	443	-112	634	110		89	/sprites/604.SMIV/14
draw	351	229	379	255	/sprites/652.SMIV/2
	120	292	248	324	/sprites/649.SMIV/6
	276	296	404	328	
	356	174	389	198	/sprites/652.SMIV/3
static	421	109	442	135	ffffff	78	/sprites/652.SMIV/0
draw	167	162	205	178	/sprites/652.SMIV/5
	396	193	431	207	/sprites/652.SMIV/6
	524	178	552	204	/sprites/652.SMIV/2
	608	266	612	268	/sprites/513.SMIV/9
	380	197	391	205	/sprites/653.SMIV/4
	414	174	423	184	/sprites/653.SMIV/3
	421	136	430	146	
	390	144	401	152	/sprites/653.SMIV/4
	521	86	525	90	/sprites/504.SMIV/18
	375	235	384	245	/sprites/653.SMIV/0
	523	71	528	77	/sprites/554.SMIV/1
	382	180	391	190	/sprites/653.SMIV/0
	463	55	467	59	/sprites/504.SMIV/18
	451	115	462	123	/sprites/653.SMIV/2
	459	74	465	79	/sprites/504.SMIV/19
	496	55	502	60	
	583	67	587	71	/sprites/504.SMIV/18
	468	89	479	97	/sprites/541.SMIV/1
	474	81	478	85	/sprites/504.SMIV/18
	545	82	554	91	/sprites/554.SMIV/6
	448		458	92	/sprites/554.SMIV/7
	465	66	474	75	/sprites/554.SMIV/5
		70	471		/sprites/504.SMIV/19
	560	66	566	71	
	510	69	516	74	
	499	77	506	85	/sprites/554.SMIV/3
	236	99	321	192	/sprites/554.SMIV/8
	442	100	527	193	
dither	522	459	577	476	303000
tint	526	463	534	475	000000	/font/5000/47
	533		541			/font/5000/75
	540		548			/font/5000/6e
	547		555			/font/5000/73
	554		562			/font/5000/68
	561		569			/font/5000/69
	568		576			/font/5000/70
	525	462	533	474	ffff00	/font/5000/47
	532		540			/font/5000/75
	539		547			/font/5000/6e
	546		554			/font/5000/73
	553		561			/font/5000/68
	560		568			/font/5000/69
	567		575			/font/5000/70
line	481	76	467	82	489048
			480	91	
	467	82			204020
draw	0	0	128	480	/pictures/501.png
	608		640		/pictures/512.png
tint	29	159	37	172	ff0000	/font/5001/34
	35		43			/font/5001/30
	41		49			/font/5001/37
line	614	394	614	359	00488f
		359	622		
	622			394	002850
		394	614		
rect	615	360	622	394	003870
line	614	456	614	395	007fff
		395	622		
	622			456	00488f
		456	614		
rect	615	396	622	456	0070e0
line	614	233	614	231	909048
		231	622		
	622			233	505028
		233	614		
rect	615	232	622	233	707038
line	614	328	614	234	ffff7f
		234	622		
	622			328	909048
		328	614		
rect	615	235	622	328	e0e070
line	614	118	614	103	904848
		103	622		
	622			118	502828
		118	614		
rect	615	104	622	118	703838
line	614	200	614	119	ff7f7f
		119	622		
	622			200	904848
		200	614		
rect	615	120	622	200	e07070
line	618	8	629	8	90488f
			618	9	
	629		629		
	618	36		36	
			618	35	
	629		629		
rect	620	10	628	35	703870
		35			c060c0
	634	49	636	52	7fff7f
		53		56	60c060
		57		60	
		61		64	
		65		68	
		69		72	7fff7f
		73		76	60c060
		77		80	
		81		84	
		85		88	
		89		92	7fff7f
		93		96	60c060
		97		100	
		101		104	
		105		108	
		109		112	7fff7f
		113		116	60c060
		117		120	
		121		124	
		125		128	
		129		132	7fff7f
		133		136	60c060
		137		140	
		141		144	
		145		148	
		149		152	7fff7f
		153		156	60c060
		157		160	
		161		164	
		165		168	
		169		172	7fff7f
		173		176	60c060
		177		180	
		181		184	
		185		188	
		189		192	7fff7f
		193		196	60c060
		197		200	
		201		204	
		205		208	
		209		212	7fff7f
		213		216	60c060
		217		220	
		221		224	
		225		228	0060c0
		229		232	007fff
		233		236	0060c0
		237		240	
		241		244	183018
		245		248	
		249		252	
		253		256	
		257		260	
		261		264	
		265		268	
		269		272	
		273		276	
		277		280	
		281		284	
		285		288	
		289		292	
		293		296	
		297		300	
		301		304	
		305		308	
		309		312	
		313		316	
		317		320	
		321		324	
		325		328	
		329		332	
		333		336	
		337		340	
		341		344	
		345		348	
		349		352	
		353		356	
		357		360	
		361		364	
		365		368	
		369		372	
		373		376	
		377		380	
		381		384	
		385		388	
		389		392	
		393		396	
		397		400	
		401		404	
		405		408	
		409		412	
		413		416	
		417		420	
		421		424	
		425		428	
		429		432	
		433		436	
		437		440	
		441		444	
		445		448	
	621	52	631	56	303000
		57		61	
		62		66	
		67		71	
		72		76	
		77		81	
		82		86	
	7	7	115	115	00ff00
	8	8	114	114	001000
	54	54	68	68	003000
point	53	46	009000
	60	93	
	64	58	
	66	54	
	63	58	
	56	55	
	55	63	
	60		
	71	59	
	79		
	61	61	
		60	
			
	53		
	64	57	
	99	51	
	65	57	
	61	61	
	29	23	
	64	57	
	65	68	
	64	56	
	66	59	
	72	57	
	62	60	
	65	61	
	62	53	
	59	60	
	61	61	
	65	56	
		58	
	64		
	70		
	63	57	
	66	60	
	62	90	
	63	56	
		58	
		56	
		58	
	64		
	65	57	
	64	56	
	62	58	
	44	54	
	68	61	
	67	56	
	60	57	
	76	61	
	84	74	
rect	12	320	121	440	001000
tint	15	320	23	333	00ff00	/font/5001/42
	21		29			/font/5001/55
	27		35			/font/5001/49
	33		41			/font/5001/4c
	39		47			/font/5001/44
	45		53			/font/5001/20
	51		59			/font/5001/53
	57		65			/font/5001/48
	63		71			/font/5001/49
	69		77			/font/5001/50
	75		83			/font/5001/53
line	12	342	119	342	009000
tint	15	332	23	345	00ff00	/font/5001/50
	21		29			/font/5001/69
	27		35			/font/5001/63
	33		41			/font/5001/74
	39		47			/font/5001/6f
	45		53			/font/5001/72
	51		59			/font/5001/69
	57		65			/font/5001/73
	63		71			/font/5001/20
	69		77			/font/5001/42
	75		83			/font/5001/65
	81		89			/font/5001/74
	87		95			/font/5001/61
	15	344	23	357		/font/5001/46
	21		29			/font/5001/69
	27		35			/font/5001/67
	33		41			/font/5001/68
	39		47			/font/5001/74
	45		53			/font/5001/65
	51		59			/font/5001/72
	15	356	23	369		/font/5001/43
	21		29			/font/5001/72
	27		35			/font/5001/75
	33		41			/font/5001/69
	39		47			/font/5001/73
	45		53			/font/5001/65
	51		59			/font/5001/72
	15	368	23	381		/font/5001/47
	21		29			/font/5001/75
	27		35			/font/5001/6e
	33		41			/font/5001/73
	39		47			/font/5001/68
	45		53			/font/5001/69
	51		59			/font/5001/70
line	12	391	12	380	009000
		380	120		
	120			391	005000
		391	12		
rect	13	381	120	391	007000
tint	15	380	23	393	00ff00	/font/5001/54
	21		29			/font/5001/72
	27		35			/font/5001/61
	33		41			/font/5001/6e
	39		47			/font/5001/73
	45		53			/font/5001/70
	51		59			/font/5001/6f
	57		65			/font/5001/72
	63		71			/font/5001/74
line	12	438	119	438	009000
rect	16	450	114	475	001010
line	17	461	17	450	00c0c0
		450	43		
	43			461	007070
		461	17		
rect	18	451	43	461	009090
tint	19	450	27	463	00ffff	/font/5001/52
	25		33			/font/5001/47
	31		39			/font/5001/48
	37		45			/font/5001/54
	43		51			/font/5001/20
	49		57			/font/5001/42
	55		63			/font/5001/75
	61		69			/font/5001/69
	67		75			/font/5001/6c
	73		81			/font/5001/64
line	17	473	17	462	00c0c0
		462	43		
	43			473	007070
		473	17		
rect	18	463	43	473	009090
tint	19	462	27	475	00ffff	/font/5001/4c
	25		33			/font/5001/45
	31		39			/font/5001/46
	37		45			/font/5001/54
	43		51			/font/5001/20
	49		57			/font/5001/4d
	55		63			/font/5001/61
	61		69			/font/5001/69
	67		75			/font/5001/6e
	73		81			/font/5001/20
	79		87			/font/5001/4d
	85		93			/font/5001/65
	91		99			/font/5001/6e
	97		105			/font/5001/75
line	12	191	12	180	ffff00
		180	119		
	119			191	909000
		191	12		
rect	13	181	119	191	c0c000
tint	15	180	23	193	000000	/font/5001/43
	21		29			/font/5001/4f
	27		35			/font/5001/4e
	33		41			/font/5001/54
	39		47			/font/5001/52
	45		53			/font/5001/4f
	51		59			/font/5001/4c
	15	192	23	205	7fff7f	/font/5001/47
	21		29			/font/5001/55
	27		35			/font/5001/4e
	33		41			/font/5001/53
	39		47			/font/5001/48
	45		53			/font/5001/49
	51		59			/font/5001/50
draw	18	206	32	224	/sprites/652.SMIV/0
line	14	204	35	204	489048
			14	205	
	35		35		
	14	225		225	
			14	224	
	35		35		
rect	42	206	49	206	003870
				224	0060c0
line	40	204	50	204	00488f
			40	205	
	50		50		
	40	225		225	
			40	224	
	50		50		
rect	55	206	62	207	707000
		207		224	c0c000
line	53	204	63	204	909000
			53	205	
	63		63		
	53	225		225	
			53	224	
	63		63		
tint	69	204	77	217	7fff7f	/font/5001/4c
	75		83			/font/5001/53
	81		89			/font/5001/52
	87		95			/font/5001/54
	93		101			/font/5001/55
	99		107			/font/5001/52
	105		113			
	111		119			/font/5001/54
	69	216	77	229		/font/5001/4d
	75		83			/font/5001/47
	81		89			/font/5001/4e
	87		95			/font/5001/54
	93		101			/font/5001/4f
	99		107			/font/5001/50
	105		113			/font/5001/4c
	111		119			/font/5001/53
	12	228	20	241	ff0000	/font/5001/47
	18		26			/font/5001/61
	24		32			/font/5001/74
	30		38			/font/5001/65
	36		44			/font/5001/20
	42		50			/font/5001/53
	48		56			/font/5001/68
	54		62			/font/5001/69
	60		68			/font/5001/70
line	12	263	12	252	007fff
		252	119		
	119			263	00488f
		263	12		
rect	13	253	119	263	0060c0
tint	15	252	23	265	000000	/font/5001/54
	21		29			/font/5001/41
	27		35			/font/5001/52
	33		41			/font/5001/47
	39		47			/font/5001/45
	45		53			/font/5001/54
	15	264	23	277	7fff7f	/font/5001/50
	21		29			/font/5001/69
	27		35			/font/5001/63
	33		41			/font/5001/74
	39		47			/font/5001/6f
	45		53			/font/5001/72
	51		59			/font/5001/69
	57		65			/font/5001/73
	63		71			/font/5001/20
	69		77			/font/5001/42
	75		83			/font/5001/65
	81		89			/font/5001/74
	87		95			/font/5001/61
	93		101			/font/5001/20
	99		107			/font/5001/32
draw	16	278	34	296	/sprites/1011.SMIV/0
line	14	276	35	276	489048
			14	277	
	35		35		
	14	297		297	
			14	296	
	35		35		
