point	467	23	b0b0b0
	431	434	808080
	362	285	
	358	360	
	336	133	d0d0d0
	443	177	b0b0b0
	465	152	808080
	336	72	d0d0d0
	290	299	b0b0b0
	379	249	
	360	259	d0d0d0
	395	87	808080
	434	394	
	493	208	d0d0d0
	147	398	808080
	556	413	d0d0d0
	546	461	
	199	199	808080
	416	21	d0d0d0
	413	375	808080
	261	116	
	550	458	
	567	150	b0b0b0
	292	111	808080
	290	229	b0b0b0
	178	88	
	235	67	
	276	351	808080
	527	282	b0b0b0
	397	13	808080
	417	267	
	268	244	d0d0d0
	494	61	
	571	19	b0b0b0
	524	253	808080
	207	271	
	159	291	b0b0b0
	587	122	
	205	23	
	324	282	
	204	49	d0d0d0
	236	34	b0b0b0
	351	202	808080
	504	122	
	278	112	
	185	13	
	271	362	d0d0d0
	219	170	808080
	178	180	
	175	226	b0b0b0
	294	344	
	441	123	808080
	149	217	b0b0b0
	413	116	d0d0d0
	470	402	b0b0b0
	369	433	
	150	303	808080
	602	80	
	465	424	
	449	47	
	540	410	
	355	239	d0d0d0
	162	72	808080
	511	466	b0b0b0
	546	426	808080
	225	359	d0d0d0
	483	26	
	235	101	808080
	194	309	
	440	307	
	336	198	
	396	247	
	165	404	
	265	442	
	162	144	
	515	399	b0b0b0
	204	61	
	603	88	
	324	117	808080
	565	42	b0b0b0
	305	111	808080
	175	167	
	473	220	
	380	408	
	401	101	
	599	117	
	497	424	
	217	283	
	177	444	b0b0b0
	298	271	808080
	505	14	
	307	51	
	506	442	b0b0b0
	366	311	808080
	501	336	
	395	89	b0b0b0
	518	458	
	439	29	
	531	479	d0d0d0
	239	424	b0b0b0
	173	330	808080
	233	369	
	365	244	d0d0d0
	304	24	808080
	240	15	
	483	411	b0b0b0
	558	60	808080
	128	217	
	514	444	b0b0b0
	164	272	
	499	357	808080
	589	39	
	303	445	
	270	188	b0b0b0
	183	194	
	543	442	808080
	278	405	d0d0d0
	558	323	808080
	205	226	
	594	358	b0b0b0
	577	290	
	302	466	d0d0d0
	466	63	
	389	238	808080
	494	8	
	474	208	ff7f00
	473		
	472	206	
	474		
	472	207	
	473	208	
	474		
	475	207	
	473	208	
	474	206	
	597	140	301800
	550	230	
	562	192	
	576	126	
	516	264	
	507	160	
	570	274	
	498	126	
	581	228	
	449	241	
	505	126	502800
	487	228	
	571	166	
	521	220	
	487	165	
	462	182	
	460	164	
	554	192	
	475	132	
	525	255	
	516	214	a05000
	499	206	
	537	149	
	504	222	
	472	211	
	486	194	
	499	151	
	479	229	
	509	182	
	476	225	
	511	220	b05800
	510	206	
	485	158	
	493	161	
	511	214	
	530	177	
	495	214	
	473	170	
	519	160	
	491	158	
	477	180	
	498	218	
	470	237	
	472	186	
	466	176	
		210	
	475	211	
	509	239	
	472	238	
	524	186	
	607	230	201000
	597	213	
	512	270	
	599	128	
	445	117	
	493		
	617	147	
	538	233	
	600	271	
	533	252	
	582	251	603000
	475	161	
	503	210	
	560	194	
	558	185	
	465	155	
	469	148	
	478	180	
	555	137	
	552	208	
	538	255	703800
	571	244	
	479	151	
	505	224	
	486	172	
	491	158	
	486	230	
	488	229	
	469	179	
	514	200	
	482	178	804000
	522	253	
	512	191	
	541	167	
	497	251	
	529	218	
	533	226	
	502	193	
	556	256	
	533	258	
	551	205	
	523	196	
	466	218	
	556	181	
	499	161	
line	190	0	190	480	000050
	400		400		
	128	4	608	4	
		214		214	
		424		424	
	469	237	465	244	7fff7f
	459	176	452	178	
	420	107	413	105	
	464	137	455	135	
	388	225	382	228	
	549	215	550	223	
	400	260	396	263	
	393	204	387	207	
	453	192	448	195	
draw	391	257	402	275	/sprites/652.SMIV/12
static	458	90	629	209	ffffff	50	/sprites/604.SMIV/16
draw	355	235	381	246	/sprites/652.SMIV/5
	552	269	568	288	/sprites/652.SMIV/23
	390	123	414	137	/sprites/652.SMIV/8
	383	97	409	108	/sprites/652.SMIV/7
	349	363	375	374	/sprites/652.SMIV/17
	377	199	396	217	/sprites/652.SMIV/2
	437	267	456	285	
	418	218	437	236	/sprites/652.SMIV/10
	29	339	42	359	/sprites/587.SMIV/23
	459	122	462	124	/sprites/504.SMIV/18
	453	135	457	138	/sprites/504.SMIV/19
	475	162	488	173	/sprites/581.SMIV/2
	388	221	396	226	/sprites/653.SMIV/4
	452	198	456	202	/sprites/554.SMIV/2
	458		463	203	/sprites/554.SMIV/3
	370	242	378	248	/sprites/653.SMIV/2
	456	186	460	189	/sprites/504.SMIV/19
	486	199	489	201	/sprites/504.SMIV/18
	438	205	444	212	/sprites/653.SMIV/0
	463	210	471	216	/sprites/653.SMIV/2
	472	206	475	208	/sprites/504.SMIV/18
	417	227	425	233	/sprites/653.SMIV/2
	463	179	467	182	/sprites/504.SMIV/19
	539	197	543	200	
	465	127	469	130	
dither	448	284	503	301	303000
tint	452	288	460	300	000000	/font/5000/47
	459		467			/font/5000/75
	466		474			/font/5000/6e
	473		481			/font/5000/73
	480		488			/font/5000/68
	487		495			/font/5000/69
	494		502			/font/5000/70
	451	287	459	299	ffff00	/font/5000/47
	458		466			/font/5000/75
	465		473			/font/5000/6e
	472		480			/font/5000/73
	479		487			/font/5000/68
	486		494			/font/5000/69
	493		501			/font/5000/70
line	556	175	541	173	489048
			546	187	
	541	173			204020
draw	0	0	128	480	/pictures/501.png
	608		640		/pictures/512.png
tint	29	159	37	172	ff0000	/font/5001/33
	35		43			/font/5001/30
	41		49			/font/5001/37
line	614	394	614	359	00488f
		359	622		
	622			394	002850
		394	614		
rect	615	360	622	394	003870
line	614	456	614	395	007fff
		395	622		
	622			456	00488f
		456	614		
rect	615	396	622	456	0070e0
line	614	236	614	231	909048
		231	622		
	622			236	505028
		236	614		
rect	615	232	622	236	707038
line	614	328	614	237	ffff7f
		237	622		
	622			328	909048
		328	614		
rect	615	238	622	328	e0e070
line	614	122	614	103	904848
		103	622		
	622			122	502828
		122	614		
rect	615	104	622	122	703838
line	614	200	614	123	ff7f7f
		123	622		
	622			200	904848
		200	614		
rect	615	124	622	200	e07070
line	618	8	629	8	90488f
			618	9	
	629		629		
	618	36		36	
			618	35	
	629		629		
rect	620	10	628	35	703870
		35			c060c0
	634	49	636	52	7fff7f
		53		56	60c060
		57		60	
		61		64	
		65		68	
		69		72	7fff7f
		73		76	60c060
		77		80	
		81		84	
		85		88	
		89		92	7fff7f
		93		96	60c060
		97		100	
		101		104	
		105		108	
		109		112	7fff7f
		113		116	60c060
		117		120	
		121		124	
		125		128	
		129		132	7fff7f
		133		136	60c060
		137		140	
		141		144	
		145		148	
		149		152	7fff7f
		153		156	60c060
		157		160	
		161		164	
		165		168	
		169		172	7fff7f
		173		176	60c060
		177		180	
		181		184	
		185		188	
		189		192	7fff7f
		193		196	60c060
		197		200	
		201		204	
		205		208	
		209		212	7fff7f
		213		216	60c060
		217		220	
		221		224	
		225		228	
		229		232	7fff7f
		233		236	60c060
		237		240	
		241		244	
		245		248	0060c0
		249		252	007fff
		253		256	0060c0
		257		260	
		261		264	183018
		265		268	
		269		272	
		273		276	
		277		280	
		281		284	
		285		288	
		289		292	
		293		296	
		297		300	
		301		304	
		305		308	
		309		312	
		313		316	
		317		320	
		321		324	
		325		328	
		329		332	
		333		336	
		337		340	
		341		344	
		345		348	
		349		352	
		353		356	
		357		360	
		361		364	
		365		368	
		369		372	
		373		376	
		377		380	
		381		384	
		385		388	
		389		392	
		393		396	
		397		400	
		401		404	
		405		408	
		409		412	
		413		416	
		417		420	
		421		424	
		425		428	
		429		432	
		433		436	
		437		440	
		441		444	
		445		448	
	621	52	631	56	303000
		57		61	
		62		66	
		67		71	
		72		76	
		77		81	
		82		86	
	7	7	115	115	00ff00
	8	8	114	114	001000
	51	51	71	71	003000
point	43	58	009000
	50	104	
	62	61	
	69	57	
	64	56	
	68	87	
	80	83	
	68		
	48	35	
	63	46	
	69	61	
	30	93	
	21	25	
	70	63	
	61	55	
		61	
	63	55	
	61	66	
	62	61	
	64	63	
	63	61	
	62	54	
	64	60	
			
	63	61	
	62	60	
	65	59	
		58	
	61	60	
	64	40	
	65	59	
	64	66	
	65	61	
	66	56	
	62	61	
	69	17	
	46	66	
	65	60	
		59	
	67	57	
	66	58	
	65	60	
	69	59	
	20	69	
	75	86	
	66	59	
	65		
			
	76	66	
	91	94	
rect	12	320	121	440	001000
tint	15	320	23	333	00ff00	/font/5001/42
	21		29			/font/5001/55
	27		35			/font/5001/49
	33		41			/font/5001/4c
	39		47			/font/5001/44
	45		53			/font/5001/20
	51		59			/font/5001/53
	57		65			/font/5001/48
	63		71			/font/5001/49
	69		77			/font/5001/50
	75		83			/font/5001/53
line	12	342	119	342	009000
tint	15	332	23	345	00ff00	/font/5001/50
	21		29			/font/5001/69
	27		35			/font/5001/63
	33		41			/font/5001/74
	39		47			/font/5001/6f
	45		53			/font/5001/72
	51		59			/font/5001/69
	57		65			/font/5001/73
	63		71			/font/5001/20
	69		77			/font/5001/42
	75		83			/font/5001/65
	81		89			/font/5001/74
	87		95			/font/5001/61
	15	344	23	357		/font/5001/46
	21		29			/font/5001/69
	27		35			/font/5001/67
	33		41			/font/5001/68
	39		47			/font/5001/74
	45		53			/font/5001/65
	51		59			/font/5001/72
	15	356	23	369		/font/5001/43
	21		29			/font/5001/72
	27		35			/font/5001/75
	33		41			/font/5001/69
	39		47			/font/5001/73
	45		53			/font/5001/65
	51		59			/font/5001/72
	15	368	23	381		/font/5001/47
	21		29			/font/5001/75
	27		35			/font/5001/6e
	33		41			/font/5001/73
	39		47			/font/5001/68
	45		53			/font/5001/69
	51		59			/font/5001/70
line	12	391	12	380	009000
		380	120		
	120			391	005000
		391	12		
rect	13	381	120	391	007000
tint	15	380	23	393	00ff00	/font/5001/54
	21		29			/font/5001/72
	27		35			/font/5001/61
	33		41			/font/5001/6e
	39		47			/font/5001/73
	45		53			/font/5001/70
	51		59			/font/5001/6f
	57		65			/font/5001/72
	63		71			/font/5001/74
line	12	438	119	438	009000
rect	16	450	114	475	001010
line	17	461	17	450	00c0c0
		450	43		
	43			461	007070
		461	17		
rect	18	451	43	461	009090
tint	19	450	27	463	00ffff	/font/5001/52
	25		33			/font/5001/47
	31		39			/font/5001/48
	37		45			/font/5001/54
	43		51			/font/5001/20
	49		57			/font/5001/42
	55		63			/font/5001/75
	61		69			/font/5001/69
	67		75			/font/5001/6c
	73		81			/font/5001/64
line	17	473	17	462	00c0c0
		462	43		
	43			473	007070
		473	17		
rect	18	463	43	473	009090
tint	19	462	27	475	00ffff	/font/5001/4c
	25		33			/font/5001/45
	31		39			/font/5001/46
	37		45			/font/5001/54
	43		51			/font/5001/20
	49		57			/font/5001/4d
	55		63			/font/5001/61
	61		69			/font/5001/69
	67		75			/font/5001/6e
	73		81			/font/5001/20
	79		87			/font/5001/4d
	85		93			/font/5001/65
	91		99			/font/5001/6e
	97		105			/font/5001/75
rect	12	180	120	192	000000
line	12	191	12	180	ffff00
		180	119		
	119			191	909000
		191	12		
rect	13	181	119	191	c0c000
tint	15	180	23	193	000000	/font/5001/43
	21		29			/font/5001/4f
	27		35			/font/5001/4e
	33		41			/font/5001/54
	39		47			/font/5001/52
	45		53			/font/5001/4f
	51		59			/font/5001/4c
rect	12	192	120	204	000000
tint	15	192	23	205	7fff7f	/font/5001/47
	21		29			/font/5001/55
	27		35			/font/5001/4e
	33		41			/font/5001/53
	39		47			/font/5001/48
	45		53			/font/5001/49
	51		59			/font/5001/50
rect	14	204	36	226	000000
draw	18	206	32	224	/sprites/652.SMIV/0
line	14	204	35	204	489048
			14	205	
	35		35		
	14	225		225	
			14	224	
	35		35		
rect	40	204	51	226	000000
	42	206	49	208	003870
		208		224	0060c0
line	40	204	50	204	00488f
			40	205	
	50		50		
	40	225		225	
			40	224	
	50		50		
rect	53	204	64	226	000000
	55	206	62	209	707000
		209		224	c0c000
line	53	204	63	204	909000
			53	205	
	63		63		
	53	225		225	
			53	224	
	63		63		
rect	69	204	120	216	000000
tint	69	204	77	217	7fff7f	/font/5001/4c
	75		83			/font/5001/53
	81		89			/font/5001/52
	87		95			/font/5001/54
	93		101			/font/5001/55
	99		107			/font/5001/52
	105		113			
	111		119			/font/5001/54
rect	69	216	120	228	000000
tint	69	216	77	229	7fff7f	/font/5001/4d
	75		83			/font/5001/47
	81		89			/font/5001/4e
	87		95			/font/5001/54
	93		101			/font/5001/4f
	99		107			/font/5001/50
	105		113			/font/5001/4c
	111		119			/font/5001/53
rect	69	192	120	204	000000
	12	228		240	
tint	12	228	20	241	ff0000	/font/5001/47
	18		26			/font/5001/61
	24		32			/font/5001/74
	30		38			/font/5001/65
	36		44			/font/5001/20
	42		50			/font/5001/53
	48		56			/font/5001/68
	54		62			/font/5001/69
	60		68			/font/5001/70
rect	12	252	120	264	000000
line	12	263	12	252	007fff
		252	119		
	119			263	00488f
		263	12		
rect	13	253	119	263	0060c0
tint	15	252	23	265	000000	/font/5001/54
	21		29			/font/5001/41
	27		35			/font/5001/52
	33		41			/font/5001/47
	39		47			/font/5001/45
	45		53			/font/5001/54
rect	12	264	120	276	000000
tint	15	264	23	277	7fff7f	/font/5001/50
	21		29			/font/5001/69
	27		35			/font/5001/63
	33		41			/font/5001/74
	39		47			/font/5001/6f
	45		53			/font/5001/72
	51		59			/font/5001/69
	57		65			/font/5001/73
	63		71			/font/5001/20
	69		77			/font/5001/42
	75		83			/font/5001/65
	81		89			/font/5001/74
	87		95			/font/5001/61
	93		101			/font/5001/20
	99		107			/font/5001/32
rect	14	276	36	298	000000
draw	16	278	34	296	/sprites/1011.SMIV/0
line	14	276	35	276	489048
			14	277	
	35		35		
	14	297		297	
			14	296	
	35		35		
rect	40	276	51	298	000000
	53		64		
	69		120	288	
		288		300	
	12	300		312	
