line	156	172	157	171	b0b0b0
	145	236	145	236	
	457	212	457	212	808080
	363	102	363	101	d0d0d0
	593	255	594	254	
	517	189	517	188	b0b0b0
	266	80	266	79	808080
	158	285	159	284	b0b0b0
	131	233	131	232	
	306	328	306	327	808080
	278	363	278	363	b0b0b0
	310	424	310	423	d0d0d0
	475	321	475	321	808080
	403	459	403	458	
	503	252	503	251	b0b0b0
	241	225	241	224	
	466	112	466	111	808080
	553	316	554	315	b0b0b0
	139	278	140	278	d0d0d0
	440	132	441	131	
	554	191	555	190	b0b0b0
	433	328	433	327	d0d0d0
	544	218	544	217	
	156	204	156	203	808080
	155	398	155	398	
	559	430	559	430	
	579	203	580	203	
	603	83	604	82	
	494	108	494	107	
	505	389	505	389	b0b0b0
	309	194	309	194	808080
	330	333	331	332	b0b0b0
	173	91	173	90	
	535	231	535	230	
	434	398	434	397	
	496	441	496	440	808080
	409	440	409		
	418	324	418	323	
	489	172	489	171	
	221	238	221	238	d0d0d0
	466	366	467	365	
	296	53	296	52	
	379	130	380	129	808080
	376	49	376	49	
	409	78	410	77	d0d0d0
	350	419	351	418	808080
	405	395	405	394	b0b0b0
	284	293	284	292	d0d0d0
	201	123	201	123	808080
	410	452	410	452	b0b0b0
	290	320	290	319	d0d0d0
	595	259	595	258	808080
	164	267	164	267	b0b0b0
	159	451	159	451	d0d0d0
	416	190	416	190	808080
	537	361	538	360	d0d0d0
	488	111	488	110	b0b0b0
	591	35	591	34	
	375	292	375	291	
	417	18	417	17	808080
	592	409	592	408	b0b0b0
	515	360	515	359	808080
	564	480	565	479	d0d0d0
	291	270	291	270	808080
	298	35	298	34	b0b0b0
	265	380	265	379	808080
	201	388	201	388	b0b0b0
	399	228	399	227	d0d0d0
	440	1	441	1	b0b0b0
	509	234	509	233	808080
	547	434	547	433	b0b0b0
	176	358	176	357	d0d0d0
	461	260	462	260	b0b0b0
	164	215	164	214	d0d0d0
	404	41	404	40	808080
	204	203	205	202	b0b0b0
	587	139	587	139	808080
	487	230	487	229	b0b0b0
	518	312	518	312	
	513	401	513	401	
	137	299	137	298	808080
	538	388	538	387	b0b0b0
	346	467	346	467	
	245	335	245	334	808080
	496	42	497	42	b0b0b0
	396	452	396	452	808080
	398	352	398	351	
	459	82	459	81	b0b0b0
	484	451	484	451	d0d0d0
	541	34	541	33	b0b0b0
	421	364	421	363	d0d0d0
	276	456	276	456	808080
	148	70	148	69	d0d0d0
	588	3	588	2	
	264	159	265	159	b0b0b0
	286	459	286	459	808080
	205	65	206	64	
	178	421	178	421	
	275	330	275	329	
	138	438	138	437	b0b0b0
	461	412	461	411	d0d0d0
	157	299	158	298	b0b0b0
	505	289	506	289	808080
	354	445	354	444	d0d0d0
	137	272	137	271	
	480	443	481	442	808080
	271	396	271	396	b0b0b0
	538	130	538	129	d0d0d0
	392	416	392	415	b0b0b0
	486	115	487	114	d0d0d0
	360	99	360	98	
	194	380	194	379	808080
	277	322	278	321	b0b0b0
	166	165	166	164	808080
	251	374	251	374	
	407	261	407	261	
	134	125	134	125	
	322	207	323	207	
	464	474	464	474	
	469	350	469	350	
	188	305	188	304	d0d0d0
	276	192	276	192	808080
	429	5	430	4	b0b0b0
	551	458	551	457	808080
	522	171	523	170	
point	429	67	b05800
	432	66	
	429	67	
	430	63	
	431	64	
		66	
	433	63	
	429	66	
		67	
	430	65	
		61	e07000
	431	62	
		61	
	429		
	431	62	
		61	
			
		62	
	430	61	
	431	63	
line	162	0	162	480	005000
	253		253		002850
	344		344		
	435		435		
	526		526		005000
	128	45	608	45	002850
		136		136	005000
		227		227	002850
		318		318	
		409		409	
	431	57	431	56	7fff7f
rect	365	267	377	279	009000
	340	79	352	91	
	352	183	368	199	
triangle	346	124	356	134	00c000
diamond	421	56	441	76	700000
triangle	362	234	372	244	00c000
diamond	423	117	439	133	00c000
	442	106	458	122	
triangle	317	159	327	169	00c000
	375	82	381	88	c00000
	291	239	301	249	00c000
	431	137	441	147	
	404	106	414	116	
	305	133	315	143	
	403	57	413	67	
	204	58	214	68	007000
	346	89	356	99	00c000
	442	52	452	62	007000
	403	62	413	72	00c000
	345	94	355	104	
	394	48	404	58	
	426	49	436	59	
rect	431	54	433	56	00ff00
	444	60	446	62	ff0000
	441	61	443	63	
	401	84	405	88	
dither	408	77	463	94	303000
tint	412	81	420	93	000000	/font/5000/47
	419		427			/font/5000/75
	426		434			/font/5000/6e
	433		441			/font/5000/73
	440		448			/font/5000/68
	447		455			/font/5000/69
	454		462			/font/5000/70
	411	80	419	92	ffff00	/font/5000/47
	418		426			/font/5000/75
	425		433			/font/5000/6e
	432		440			/font/5000/73
	439		447			/font/5000/68
	446		454			/font/5000/69
	453		461			/font/5000/70
dither	431	46	500	63	001830
tint	435	50	443	62	000000	/font/5000/47
	442		450			/font/5000/61
	449		457			/font/5000/74
	456		464			/font/5000/65
	463		471			/font/5000/20
	470		478			/font/5000/53
	477		485			/font/5000/68
	484		492			/font/5000/69
	491		499			/font/5000/70
	434	49	442	61	007fff	/font/5000/47
	441		449			/font/5000/61
	448		456			/font/5000/74
	455		463			/font/5000/65
	462		470			/font/5000/20
	469		477			/font/5000/53
	476		484			/font/5000/68
	483		491			/font/5000/69
	490		498			/font/5000/70
dither	200	470	535	480	300000
tint	204	474	212	486	000000	/font/5000/50
	211		219			/font/5000/69
	218		226			/font/5000/63
	225		233			/font/5000/74
	232		240			/font/5000/6f
	239		247			/font/5000/72
	246		254			/font/5000/69
	253		261			/font/5000/73
	260		268			/font/5000/20
	267		275			/font/5000/42
	274		282			/font/5000/65
	281		289			/font/5000/74
	288		296			/font/5000/61
	295		303			/font/5000/20
	302		310			/font/5000/32
	309		317			/font/5000/20
	316		324			/font/5000/63
	323		331			/font/5000/61
	330		338			/font/5000/70
	337		345			/font/5000/74
	344		352			/font/5000/75
	351		359			/font/5000/72
	358		366			/font/5000/65
	365		373			/font/5000/64
	372		380			/font/5000/20
	379		387			/font/5000/62
	386		394			/font/5000/79
	393		401			/font/5000/20
	400		408			/font/5000/54
	407		415			/font/5000/68
	414		422			/font/5000/65
	421		429			/font/5000/20
	428		436			/font/5000/55
	435		443			/font/5000/4e
	442		450			/font/5000/53
	449		457			/font/5000/20
	456		464			/font/5000/52
	463		471			/font/5000/65
	470		478			/font/5000/73
	477		485			/font/5000/69
	484		492			/font/5000/73
	491		499			/font/5000/74
	498		506			/font/5000/61
	505		513			/font/5000/6e
	512		520			/font/5000/63
	519		527			/font/5000/65
	526		534			/font/5000/2e
	203	473	211	485	ff0000	/font/5000/50
	210		218			/font/5000/69
	217		225			/font/5000/63
	224		232			/font/5000/74
	231		239			/font/5000/6f
	238		246			/font/5000/72
	245		253			/font/5000/69
	252		260			/font/5000/73
	259		267			/font/5000/20
	266		274			/font/5000/42
	273		281			/font/5000/65
	280		288			/font/5000/74
	287		295			/font/5000/61
	294		302			/font/5000/20
	301		309			/font/5000/32
	308		316			/font/5000/20
	315		323			/font/5000/63
	322		330			/font/5000/61
	329		337			/font/5000/70
	336		344			/font/5000/74
	343		351			/font/5000/75
	350		358			/font/5000/72
	357		365			/font/5000/65
	364		372			/font/5000/64
	371		379			/font/5000/20
	378		386			/font/5000/62
	385		393			/font/5000/79
	392		400			/font/5000/20
	399		407			/font/5000/54
	406		414			/font/5000/68
	413		421			/font/5000/65
	420		428			/font/5000/20
	427		435			/font/5000/55
	434		442			/font/5000/4e
	441		449			/font/5000/53
	448		456			/font/5000/20
	455		463			/font/5000/52
	462		470			/font/5000/65
	469		477			/font/5000/73
	476		484			/font/5000/69
	483		491			/font/5000/73
	490		498			/font/5000/74
	497		505			/font/5000/61
	504		512			/font/5000/6e
	511		519			/font/5000/63
	518		526			/font/5000/65
	525		533			/font/5000/2e
line	448	57	436	66	489048
			449	72	
	436	66			204020
draw	0	0	128	480	/pictures/501.png
	608		640		/pictures/512.png
tint	29	159	37	172	ff0000	/font/5001/32
	35		43			/font/5001/39
	41		49			/font/5001/34
line	614	401	614	359	00488f
		359	622		
	622			401	002850
		401	614		
rect	615	360	622	401	003870
line	614	456	614	402	007fff
		402	622		
	622			456	00488f
		456	614		
rect	615	403	622	456	0070e0
line	614	243	614	231	909048
		231	622		
	622			243	505028
		243	614		
rect	615	232	622	243	707038
line	614	328	614	244	ffff7f
		244	622		
	622			328	909048
		328	614		
rect	615	245	622	328	e0e070
line	614	124	614	103	904848
		103	622		
	622			124	502828
		124	614		
rect	615	104	622	124	703838
line	614	200	614	125	ff7f7f
		125	622		
	622			200	904848
		200	614		
rect	615	126	622	200	e07070
line	618	8	629	8	90488f
			618	9	
	629		629		
	618	36		36	
			618	35	
	629		629		
rect	620	10	628	35	703870
		21			c060c0
	634	49	636	52	7fff7f
		53		56	60c060
		57		60	
		61		64	
		65		68	
		69		72	7fff7f
		73		76	60c060
		77		80	
		81		84	
		85		88	
		89		92	7fff7f
		93		96	60c060
		97		100	
		101		104	
		105		108	
		109		112	7fff7f
		113		116	60c060
		117		120	
		121		124	
		125		128	
		129		132	7fff7f
		133		136	60c060
		137		140	
		141		144	
		145		148	
		149		152	7fff7f
		153		156	60c060
		157		160	
		161		164	
		165		168	
		169		172	7fff7f
		173		176	60c060
		177		180	
		181		184	
		185		188	
		189		192	7fff7f
		193		196	0060c0
		197		200	
		201		204	
		205		208	
		209		212	007fff
		213		216	0060c0
		217		220	
		221		224	
		225		228	
		229		232	007fff
		233		236	0060c0
		237		240	183018
		241		244	
		245		248	
		249		252	
		253		256	
		257		260	
		261		264	
		265		268	
		269		272	
		273		276	
		277		280	
		281		284	
		285		288	
		289		292	
		293		296	
		297		300	
		301		304	
		305		308	
		309		312	
		313		316	
		317		320	
		321		324	
		325		328	
		329		332	
		333		336	
		337		340	
		341		344	
		345		348	
		349		352	
		353		356	
		357		360	
		361		364	
		365		368	
		369		372	
		373		376	
		377		380	
		381		384	
		385		388	
		389		392	
		393		396	
		397		400	
		401		404	
		405		408	
		409		412	
		413		416	
		417		420	
		421		424	
		425		428	
		429		432	
		433		436	
		437		440	
		441		444	
		445		448	
	621	52	631	56	303000
		57		61	
		62		66	
		67		71	
		72		76	
		77		81	
		82		86	
	7	7	115	115	00ff00
	8	8	114	114	001000
					003000
point	64	71	009000
	60	36	
	93	18	
	46	21	
	33	57	
	34	14	
rect	12	320	121	440	001000
tint	15	320	23	333	00ff00	/font/5001/42
	21		29			/font/5001/55
	27		35			/font/5001/49
	33		41			/font/5001/4c
	39		47			/font/5001/44
	45		53			/font/5001/20
	51		59			/font/5001/53
	57		65			/font/5001/48
	63		71			/font/5001/49
	69		77			/font/5001/50
	75		83			/font/5001/53
line	12	342	119	342	009000
tint	15	332	23	345	00ff00	/font/5001/50
	21		29			/font/5001/69
	27		35			/font/5001/63
	33		41			/font/5001/74
	39		47			/font/5001/6f
	45		53			/font/5001/72
	51		59			/font/5001/69
	57		65			/font/5001/73
	63		71			/font/5001/20
	69		77			/font/5001/42
	75		83			/font/5001/65
	81		89			/font/5001/74
	87		95			/font/5001/61
	15	344	23	357		/font/5001/46
	21		29			/font/5001/69
	27		35			/font/5001/67
	33		41			/font/5001/68
	39		47			/font/5001/74
	45		53			/font/5001/65
	51		59			/font/5001/72
	15	356	23	369		/font/5001/43
	21		29			/font/5001/72
	27		35			/font/5001/75
	33		41			/font/5001/69
	39		47			/font/5001/73
	45		53			/font/5001/65
	51		59			/font/5001/72
line	12	379	12	368	009000
		368	120		
	120			379	005000
		379	12		
rect	13	369	120	379	007000
tint	15	368	23	381	00ff00	/font/5001/47
	21		29			/font/5001/75
	27		35			/font/5001/6e
	33		41			/font/5001/73
	39		47			/font/5001/68
	45		53			/font/5001/69
	51		59			/font/5001/70
	15	380	23	393		/font/5001/54
	21		29			/font/5001/72
	27		35			/font/5001/61
	33		41			/font/5001/6e
	39		47			/font/5001/73
	45		53			/font/5001/70
	51		59			/font/5001/6f
	57		65			/font/5001/72
	63		71			/font/5001/74
line	12	438	119	438	009000
rect	16	450	114	475	001010
line	17	461	17	450	00c0c0
		450	43		
	43			461	007070
		461	17		
rect	18	451	43	461	009090
tint	19	450	27	463	00ffff	/font/5001/52
	25		33			/font/5001/47
	31		39			/font/5001/48
	37		45			/font/5001/54
	43		51			/font/5001/20
	49		57			/font/5001/42
	55		63			/font/5001/75
	61		69			/font/5001/69
	67		75			/font/5001/6c
	73		81			/font/5001/64
line	17	473	17	462	00c0c0
		462	43		
	43			473	007070
		473	17		
rect	18	463	43	473	009090
tint	19	462	27	475	00ffff	/font/5001/4c
	25		33			/font/5001/45
	31		39			/font/5001/46
	37		45			/font/5001/54
	43		51			/font/5001/20
	49		57			/font/5001/4d
	55		63			/font/5001/61
	61		69			/font/5001/69
	67		75			/font/5001/6e
	73		81			/font/5001/20
	79		87			/font/5001/4d
	85		93			/font/5001/65
	91		99			/font/5001/6e
	97		105			/font/5001/75
rect	12	180	120	192	000000
line	12	191	12	180	ffff00
		180	119		
	119			191	909000
		191	12		
rect	13	181	119	191	c0c000
tint	15	180	23	193	000000	/font/5001/43
	21		29			/font/5001/4f
	27		35			/font/5001/4e
	33		41			/font/5001/54
	39		47			/font/5001/52
	45		53			/font/5001/4f
	51		59			/font/5001/4c
rect	12	192	120	204	000000
tint	15	192	23	205	7fff7f	/font/5001/47
	21		29			/font/5001/55
	27		35			/font/5001/4e
	33		41			/font/5001/53
	39		47			/font/5001/48
	45		53			/font/5001/49
	51		59			/font/5001/50
rect	14	204	36	226	000000
draw	18	206	32	224	/sprites/652.SMIV/0
line	14	204	35	204	489048
			14	205	
	35		35		
	14	225		225	
			14	224	
	35		35		
rect	40	204	51	226	000000
	42	206	49	208	003870
		208		224	0060c0
line	40	204	50	204	00488f
			40	205	
	50		50		
	40	225		225	
			40	224	
	50		50		
rect	53	204	64	226	000000
	55	206	62	207	707000
		207		224	c0c000
line	53	204	63	204	909000
			53	205	
	63		63		
	53	225		225	
			53	224	
	63		63		
rect	69	204	120	216	000000
tint	69	204	77	217	7fff7f	/font/5001/4c
	75		83			/font/5001/53
	81		89			/font/5001/52
	87		95			/font/5001/54
	93		101			/font/5001/55
	99		107			/font/5001/52
	105		113			
	111		119			/font/5001/54
rect	69	216	120	228	000000
tint	69	216	77	229	7fff7f	/font/5001/4d
	75		83			/font/5001/47
	81		89			/font/5001/4e
	87		95			/font/5001/54
	93		101			/font/5001/4f
	99		107			/font/5001/50
	105		113			/font/5001/4c
	111		119			/font/5001/53
rect	69	192	120	204	000000
	12	228		240	
tint	12	228	20	241	ff0000	/font/5001/47
	18		26			/font/5001/61
	24		32			/font/5001/74
	30		38			/font/5001/65
	36		44			/font/5001/20
	42		50			/font/5001/53
	48		56			/font/5001/68
	54		62			/font/5001/69
	60		68			/font/5001/70
rect	12	252	120	264	000000
line	12	263	12	252	007fff
		252	119		
	119			263	00488f
		263	12		
rect	13	253	119	263	0060c0
tint	15	252	23	265	000000	/font/5001/54
	21		29			/font/5001/41
	27		35			/font/5001/52
	33		41			/font/5001/47
	39		47			/font/5001/45
	45		53			/font/5001/54
rect	12	264	120	276	000000
tint	15	264	23	277	7fff7f	/font/5001/47
	21		29			/font/5001/41
	27		35			/font/5001/54
	33		41			/font/5001/45
	39		47			/font/5001/53
	45		53			/font/5001/48
	51		59			/font/5001/49
	57		65			/font/5001/50
rect	14	276	36	298	000000
draw	20	278	31	296	/sprites/604.SMIV/0
line	14	276	35	276	489048
			14	277	
	35		35		
	14	297		297	
			14	296	
	35		35		
rect	40	276	51	298	000000
	42	278	49	292	003870
		292		296	0060c0
line	40	276	50	276	00488f
			40	277	
	50		50		
	40	297		297	
			40	296	
	50		50		
rect	53	276	64	298	000000
	55	278	62	279	707000
		279		296	c0c000
line	53	276	63	276	909000
			53	277	
	63		63		
	53	297		297	
			53	296	
	63		63		
rect	69	276	120	288	000000
tint	69	276	77	289	7fff7f	/font/5001/4d
	75		83			/font/5001/47
	81		89			/font/5001/4e
	87		95			/font/5001/4f
	93		101			/font/5001/50
	99		107			/font/5001/55
	105		113			/font/5001/4c
	111		119			/font/5001/53
rect	69	288	120	300	000000
tint	69	288	77	301	7fff7f	/font/5001/53
	75		83			/font/5001/48
	81		89			/font/5001/52
	87		95			/font/5001/4b
	93		101			/font/5001/4f
	99		107			/font/5001/4c
	105		113			/font/5001/54
	111		119			/font/5001/52
rect	69	264	120	276	000000
tint	69	264	77	277	7fff7f	/font/5001/45
	75		83			/font/5001/4c
	81		89			/font/5001/43
	87		95			/font/5001/54
	93		101			/font/5001/4a
	99		107			/font/5001/41
	105		113			/font/5001/4d
rect	12	300	120	312	000000
tint	12	300	20	313	00ff00	/font/5001/50
	18		26			/font/5001/69
	24		32			/font/5001/63
	30		38			/font/5001/74
	36		44			/font/5001/6f
	42		50			/font/5001/72
	48		56			/font/5001/69
	54		62			/font/5001/73
	60		68			/font/5001/20
	66		74			/font/5001/42
	72		80			/font/5001/65
	78		86			/font/5001/74
	84		92			/font/5001/61
	90		98			/font/5001/20
	96		104			/font/5001/32
