line	141	215	141	215	b0b0b0
	130	279	130	279	
	447	241	447	240	808080
	343	160	343	159	d0d0d0
	573	313	573	311	
	501	232	502	231	b0b0b0
	256	109	256	108	808080
	143	328	143	327	b0b0b0
	591	170	591	169	d0d0d0
	296	356	296	356	808080
	263	407	263	406	b0b0b0
	465	350	465	349	808080
	221	8	221	8	
	488	295	488	294	b0b0b0
	226	268	226	267	
	456	141	456	140	808080
	538	359	538	358	b0b0b0
	598	346	598	344	d0d0d0
	420	190	420	189	
	539	234	539	233	b0b0b0
	413	386	413	384	d0d0d0
	524	276	524	275	
	146	233	146	232	808080
	144	427	145	426	
	549	459	549	458	
	569	232	569	231	
	593	112	593	111	
	484	137	484	136	
	489	433	490	432	b0b0b0
	299	223	299	222	808080
	315	376	315	376	b0b0b0
	158	134	158	133	
	520	274	520	273	
	419	441	419	440	
	486	470	486	469	808080
	399	469	399	468	
	408	352	408	352	
	479	201	479	200	
	201	296	201	295	d0d0d0
	446	423	446	422	
	275	110	276	109	
	369	158	370	158	808080
	366	78	366	77	
	389	136	389	135	d0d0d0
	340	447	340	447	808080
	390	438	390	437	b0b0b0
	263	351	264	349	d0d0d0
	191	152	191	151	808080
	159	10	159	10	
	269	378	270	376	d0d0d0
	585	287	585	287	808080
	148	311	149	310	b0b0b0
	458	22	458	22	
	406	219	406	218	808080
	517	419	517	418	d0d0d0
	472	154	473	153	b0b0b0
	575	78	576	77	
	360	335	360	335	
	407	47	407	46	808080
	577	452	577	451	b0b0b0
	505	388	505	388	808080
	262	57	262	56	d0d0d0
	281	299	281	298	808080
	282	78	283	77	b0b0b0
	255	409	255	408	808080
	185	432	186	431	b0b0b0
	379	286	379	285	d0d0d0
	425	45	426	44	b0b0b0
	499	263	499	262	808080
	532	477	532	476	b0b0b0
	156	416	156	415	d0d0d0
	446	304	446	303	b0b0b0
	143	273	144	271	d0d0d0
	394	69	394	69	808080
	189	246	189	245	b0b0b0
	577	168	577	167	808080
	472	273	472	272	b0b0b0
	502	356	503	355	
	498	445	498	444	
	605	245	606	244	808080
	523	431	523	430	b0b0b0
	171	41	171	40	d0d0d0
	235	364	235	363	808080
	481	85	481	85	b0b0b0
	343	0	343	-1	d0d0d0
	388	381	388	380	808080
	444	125	444	124	b0b0b0
	297	22	297	22	
	526	77	526	76	
	401	422	401	420	d0d0d0
	431	9	431	8	
	127	128	128	127	
	567	61	568	60	
	249	203	249	202	b0b0b0
	387	11	387	11	
	195	93	195	93	808080
	167	450	168	450	
	265	358	265	358	
	603	54	603	53	
	441	470	441	468	d0d0d0
	142	342	142	341	b0b0b0
	495	318	495	317	808080
	477	22	477	20	d0d0d0
	596	229	596	228	
	470	472	471	471	808080
	255	440	256	439	b0b0b0
	517	188	518	187	d0d0d0
	377	459	377	458	b0b0b0
	466	173	466	172	d0d0d0
	340	157	340	156	
	184	409	184	408	808080
	262	365	262	364	b0b0b0
	156	194	156	193	808080
	241	403	241	403	
	397	290	397	289	
	602	87	602	86	
	312	236	312	235	
	272	45	273	44	d0d0d0
	459	379	459	378	808080
	168	363	168	362	d0d0d0
	266	221	266	220	808080
	414	48	414	47	b0b0b0
	331	6	331	5	808080
	512	199	512	199	
point	426	88	a05000
	425		
	424	90	
	425	86	
		87	
	420	88	
	423	86	
	424	85	
	425	88	
	418	90	
	419	85	c06000
	423	81	
		84	
	420		
	419	85	
	420	80	
	419	85	
	420	84	
		83	
	423	80	
	422	79	f07800
	421		
		80	
	422	79	
	423	80	
	422		
	423	79	
	422		
		80	
	421		
	424	92	100800
	421	84	
	433	96	
	419	79	
	422	96	
	426	81	
	433	87	
			
	425	89	
	423	86	
	433	81	603000
	424	86	
	430	85	
	428	88	
	430	79	
	423	88	
	425		
	434	77	
	430	79	
	423	87	
	422	79	c06000
	421	80	
	423	83	
	422	80	
	423	83	
		79	
	419		
	423		
		80	
	424	79	
	454	55	d06800
		57	
	455		
	454	56	
		59	
	452	55	
	451	58	
	454	56	
	451	55	
			
	421	77	f07800
	423		
	422	76	
	421	77	
	422		
		76	
			
		77	
			
		78	
	451	51	ff7f00
			
			
			
			
			
			
			
			
		50	
	429	76	
			
		75	
		76	
		75	
		76	
			
			
			
			
line	192	0	192	480	002850
	313		313		
	434		434		
	555		555		005000
	128	49	608	49	002850
		170		170	005000
		291		291	002850
		412		412	
	416	77	414	77	7fff7f
		73	415	73	
tint	343	345	355	357	009000	/x/square/6
	309	96	321	108		
	325	235	341	251		/x/square/8
	262	197	272	207	00c000	/x/triangle/5
	420	71	440	91	900000	/x/diamond/10
	362	234	372	244	00c000	/x/triangle/5
	422	138	438	154		/x/diamond/8
	444	123	460	139		
	246	230	256	240		/x/triangle/5
	375	90	381	96	c00000	/x/triangle/3
	256	297	266	307	00c000	/x/triangle/5
	430	107	440	117		
	378	134	388	144		
	323	128	333	138		
	410	68	420	78		
	199	70	209	80	009000	
	332	104	342	114	00c000	
	440	46	450	56	009000	
	410	72	420	82	00c000	
	330	116	340	126		
	395	47	405	57		
	423	54	433	64		
	450	48	452	50	ff0000	/x/square/1
	451		453			
	428	63	430	65		
dither	415	87	470	104	303000
tint	419	91	427	103	000000	/font/5000/47
	426		434			/font/5000/75
	433		441			/font/5000/6e
	440		448			/font/5000/73
	447		455			/font/5000/68
	454		462			/font/5000/69
	461		469			/font/5000/70
	418	90	426	102	ffff00	/font/5000/47
	425		433			/font/5000/75
	432		440			/font/5000/6e
	439		447			/font/5000/73
	446		454			/font/5000/68
	453		461			/font/5000/69
	460		468			/font/5000/70
dither	430	61	499	78	001830
tint	434	65	442	77	000000	/font/5000/47
	441		449			/font/5000/61
	448		456			/font/5000/74
	455		463			/font/5000/65
	462		470			/font/5000/20
	469		477			/font/5000/53
	476		484			/font/5000/68
	483		491			/font/5000/69
	490		498			/font/5000/70
	433	64	441	76	007fff	/font/5000/47
	440		448			/font/5000/61
	447		455			/font/5000/74
	454		462			/font/5000/65
	461		469			/font/5000/20
	468		476			/font/5000/53
	475		483			/font/5000/68
	482		490			/font/5000/69
	489		497			/font/5000/70
dither	200	451	535	468	300000
tint	204	455	212	467	000000	/font/5000/50
	211		219			/font/5000/69
	218		226			/font/5000/63
	225		233			/font/5000/74
	232		240			/font/5000/6f
	239		247			/font/5000/72
	246		254			/font/5000/69
	253		261			/font/5000/73
	260		268			/font/5000/20
	267		275			/font/5000/42
	274		282			/font/5000/65
	281		289			/font/5000/74
	288		296			/font/5000/61
	295		303			/font/5000/20
	302		310			/font/5000/32
	309		317			/font/5000/20
	316		324			/font/5000/63
	323		331			/font/5000/61
	330		338			/font/5000/70
	337		345			/font/5000/74
	344		352			/font/5000/75
	351		359			/font/5000/72
	358		366			/font/5000/65
	365		373			/font/5000/64
	372		380			/font/5000/20
	379		387			/font/5000/62
	386		394			/font/5000/79
	393		401			/font/5000/20
	400		408			/font/5000/54
	407		415			/font/5000/68
	414		422			/font/5000/65
	421		429			/font/5000/20
	428		436			/font/5000/55
	435		443			/font/5000/4e
	442		450			/font/5000/53
	449		457			/font/5000/20
	456		464			/font/5000/52
	463		471			/font/5000/65
	470		478			/font/5000/73
	477		485			/font/5000/69
	484		492			/font/5000/73
	491		499			/font/5000/74
	498		506			/font/5000/61
	505		513			/font/5000/6e
	512		520			/font/5000/63
	519		527			/font/5000/65
	526		534			/font/5000/2e
	203	454	211	466	ff0000	/font/5000/50
	210		218			/font/5000/69
	217		225			/font/5000/63
	224		232			/font/5000/74
	231		239			/font/5000/6f
	238		246			/font/5000/72
	245		253			/font/5000/69
	252		260			/font/5000/73
	259		267			/font/5000/20
	266		274			/font/5000/42
	273		281			/font/5000/65
	280		288			/font/5000/74
	287		295			/font/5000/61
	294		302			/font/5000/20
	301		309			/font/5000/32
	308		316			/font/5000/20
	315		323			/font/5000/63
	322		330			/font/5000/61
	329		337			/font/5000/70
	336		344			/font/5000/74
	343		351			/font/5000/75
	350		358			/font/5000/72
	357		365			/font/5000/65
	364		372			/font/5000/64
	371		379			/font/5000/20
	378		386			/font/5000/62
	385		393			/font/5000/79
	392		400			/font/5000/20
	399		407			/font/5000/54
	406		414			/font/5000/68
	413		421			/font/5000/65
	420		428			/font/5000/20
	427		435			/font/5000/55
	434		442			/font/5000/4e
	441		449			/font/5000/53
	448		456			/font/5000/20
	455		463			/font/5000/52
	462		470			/font/5000/65
	469		477			/font/5000/73
	476		484			/font/5000/69
	483		491			/font/5000/73
	490		498			/font/5000/74
	497		505			/font/5000/61
	504		512			/font/5000/6e
	511		519			/font/5000/63
	518		526			/font/5000/65
	525		533			/font/5000/2e
line	424	49	413	59	489048
			427	64	
	413	59			204020
draw	0	0	128	480	/pictures/501.png
	608		640		/pictures/512.png
tint	29	159	37	172	ff0000	/font/5001/32
	35		43			/font/5001/39
	41		49			/font/5001/34
line	614	401	614	359	00488f
		359	622		
	622			401	002850
		401	614		
rect	615	360	622	401	003870
line	614	456	614	402	007fff
		402	622		
	622			456	00488f
		456	614		
rect	615	403	622	456	0070e0
line	614	244	614	231	909048
		231	622		
	622			244	505028
		244	614		
rect	615	232	622	244	707038
line	614	328	614	245	ffff7f
		245	622		
	622			328	909048
		328	614		
rect	615	246	622	328	e0e070
line	614	124	614	103	904848
		103	622		
	622			124	502828
		124	614		
rect	615	104	622	124	703838
line	614	200	614	125	ff7f7f
		125	622		
	622			200	904848
		200	614		
rect	615	126	622	200	e07070
line	618	8	629	8	90488f
			618	9	
	629		629		
	618	36		36	
			618	35	
	629		629		
rect	620	10	628	35	703870
		23			c060c0
	634	49	636	52	7fff7f
		53		56	60c060
		57		60	
		61		64	
		65		68	
		69		72	7fff7f
		73		76	60c060
		77		80	
		81		84	
		85		88	
		89		92	7fff7f
		93		96	60c060
		97		100	
		101		104	
		105		108	
		109		112	7fff7f
		113		116	60c060
		117		120	
		121		124	
		125		128	
		129		132	7fff7f
		133		136	60c060
		137		140	
		141		144	
		145		148	
		149		152	7fff7f
		153		156	60c060
		157		160	
		161		164	
		165		168	
		169		172	7fff7f
		173		176	60c060
		177		180	
		181		184	
		185		188	
		189		192	7fff7f
		193		196	0060c0
		197		200	
		201		204	
		205		208	
		209		212	007fff
		213		216	0060c0
		217		220	
		221		224	
		225		228	
		229		232	007fff
		233		236	0060c0
		237		240	183018
		241		244	
		245		248	
		249		252	
		253		256	
		257		260	
		261		264	
		265		268	
		269		272	
		273		276	
		277		280	
		281		284	
		285		288	
		289		292	
		293		296	
		297		300	
		301		304	
		305		308	
		309		312	
		313		316	
		317		320	
		321		324	
		325		328	
		329		332	
		333		336	
		337		340	
		341		344	
		345		348	
		349		352	
		353		356	
		357		360	
		361		364	
		365		368	
		369		372	
		373		376	
		377		380	
		381		384	
		385		388	
		389		392	
		393		396	
		397		400	
		401		404	
		405		408	
		409		412	
		413		416	
		417		420	
		421		424	
		425		428	
		429		432	
		433		436	
		437		440	
		441		444	
		445		448	
	621	52	631	56	303000
		57		61	
		62		66	
		67		71	
		72		76	
		77		81	
		82		86	
	7	7	115	115	00ff00
	8	8	114	114	001000
					003000
point	57	93	009000
	45	10	
	51	58	
	33	41	
	83	26	
	91	21	
	85	17	
	26	54	
	64	8	
	24	81	
	68	23	
	45	24	
	52	13	
	51	17	
rect	12	320	121	440	001000
tint	15	320	23	333	00ff00	/font/5001/42
	21		29			/font/5001/55
	27		35			/font/5001/49
	33		41			/font/5001/4c
	39		47			/font/5001/44
	45		53			/font/5001/20
	51		59			/font/5001/53
	57		65			/font/5001/48
	63		71			/font/5001/49
	69		77			/font/5001/50
	75		83			/font/5001/53
line	12	342	119	342	009000
tint	15	332	23	345	00ff00	/font/5001/50
	21		29			/font/5001/69
	27		35			/font/5001/63
	33		41			/font/5001/74
	39		47			/font/5001/6f
	45		53			/font/5001/72
	51		59			/font/5001/69
	57		65			/font/5001/73
	63		71			/font/5001/20
	69		77			/font/5001/42
	75		83			/font/5001/65
	81		89			/font/5001/74
	87		95			/font/5001/61
	15	344	23	357		/font/5001/46
	21		29			/font/5001/69
	27		35			/font/5001/67
	33		41			/font/5001/68
	39		47			/font/5001/74
	45		53			/font/5001/65
	51		59			/font/5001/72
	15	356	23	369		/font/5001/43
	21		29			/font/5001/72
	27		35			/font/5001/75
	33		41			/font/5001/69
	39		47			/font/5001/73
	45		53			/font/5001/65
	51		59			/font/5001/72
line	12	379	12	368	009000
		368	120		
	120			379	005000
		379	12		
rect	13	369	120	379	007000
tint	15	368	23	381	00ff00	/font/5001/47
	21		29			/font/5001/75
	27		35			/font/5001/6e
	33		41			/font/5001/73
	39		47			/font/5001/68
	45		53			/font/5001/69
	51		59			/font/5001/70
	15	380	23	393		/font/5001/54
	21		29			/font/5001/72
	27		35			/font/5001/61
	33		41			/font/5001/6e
	39		47			/font/5001/73
	45		53			/font/5001/70
	51		59			/font/5001/6f
	57		65			/font/5001/72
	63		71			/font/5001/74
line	12	438	119	438	009000
rect	16	450	114	475	001010
line	17	461	17	450	00c0c0
		450	43		
	43			461	007070
		461	17		
rect	18	451	43	461	009090
tint	19	450	27	463	00ffff	/font/5001/52
	25		33			/font/5001/47
	31		39			/font/5001/48
	37		45			/font/5001/54
	43		51			/font/5001/20
	49		57			/font/5001/42
	55		63			/font/5001/75
	61		69			/font/5001/69
	67		75			/font/5001/6c
	73		81			/font/5001/64
line	17	473	17	462	00c0c0
		462	43		
	43			473	007070
		473	17		
rect	18	463	43	473	009090
tint	19	462	27	475	00ffff	/font/5001/4c
	25		33			/font/5001/45
	31		39			/font/5001/46
	37		45			/font/5001/54
	43		51			/font/5001/20
	49		57			/font/5001/4d
	55		63			/font/5001/61
	61		69			/font/5001/69
	67		75			/font/5001/6e
	73		81			/font/5001/20
	79		87			/font/5001/4d
	85		93			/font/5001/65
	91		99			/font/5001/6e
	97		105			/font/5001/75
rect	12	180	120	192	000000
line	12	191	12	180	ffff00
		180	119		
	119			191	909000
		191	12		
rect	13	181	119	191	c0c000
tint	15	180	23	193	000000	/font/5001/43
	21		29			/font/5001/4f
	27		35			/font/5001/4e
	33		41			/font/5001/54
	39		47			/font/5001/52
	45		53			/font/5001/4f
	51		59			/font/5001/4c
rect	12	192	120	204	000000
tint	15	192	23	205	7fff7f	/font/5001/47
	21		29			/font/5001/55
	27		35			/font/5001/4e
	33		41			/font/5001/53
	39		47			/font/5001/48
	45		53			/font/5001/49
	51		59			/font/5001/50
rect	14	204	36	226	000000
draw	18	206	32	224	/sprites/652.SMIV/0
line	14	204	35	204	489048
			14	205	
	35		35		
	14	225		225	
			14	224	
	35		35		
rect	40	204	51	226	000000
	42	206	49	208	003870
		208		224	0060c0
line	40	204	50	204	00488f
			40	205	
	50		50		
	40	225		225	
			40	224	
	50		50		
rect	53	204	64	226	000000
	55	206	62	207	707000
		207		224	c0c000
line	53	204	63	204	909000
			53	205	
	63		63		
	53	225		225	
			53	224	
	63		63		
rect	69	204	120	216	000000
tint	69	204	77	217	7fff7f	/font/5001/4c
	75		83			/font/5001/53
	81		89			/font/5001/52
	87		95			/font/5001/54
	93		101			/font/5001/55
	99		107			/font/5001/52
	105		113			
	111		119			/font/5001/54
rect	69	216	120	228	000000
tint	69	216	77	229	7fff7f	/font/5001/4d
	75		83			/font/5001/47
	81		89			/font/5001/4e
	87		95			/font/5001/54
	93		101			/font/5001/4f
	99		107			/font/5001/50
	105		113			/font/5001/4c
	111		119			/font/5001/53
rect	69	192	120	204	000000
	12	228		240	
tint	12	228	20	241	ff0000	/font/5001/47
	18		26			/font/5001/61
	24		32			/font/5001/74
	30		38			/font/5001/65
	36		44			/font/5001/20
	42		50			/font/5001/53
	48		56			/font/5001/68
	54		62			/font/5001/69
	60		68			/font/5001/70
rect	12	252	120	264	000000
line	12	263	12	252	007fff
		252	119		
	119			263	00488f
		263	12		
rect	13	253	119	263	0060c0
tint	15	252	23	265	000000	/font/5001/54
	21		29			/font/5001/41
	27		35			/font/5001/52
	33		41			/font/5001/47
	39		47			/font/5001/45
	45		53			/font/5001/54
rect	12	264	120	276	000000
tint	15	264	23	277	7fff7f	/font/5001/47
	21		29			/font/5001/41
	27		35			/font/5001/54
	33		41			/font/5001/45
	39		47			/font/5001/53
	45		53			/font/5001/48
	51		59			/font/5001/49
	57		65			/font/5001/50
rect	14	276	36	298	000000
draw	20	278	31	296	/sprites/604.SMIV/0
line	14	276	35	276	489048
			14	277	
	35		35		
	14	297		297	
			14	296	
	35		35		
rect	40	276	51	298	000000
	42	278	49	293	003870
		293		296	0060c0
line	40	276	50	276	00488f
			40	277	
	50		50		
	40	297		297	
			40	296	
	50		50		
rect	53	276	64	298	000000
	55	278	62	279	707000
		279		296	c0c000
line	53	276	63	276	909000
			53	277	
	63		63		
	53	297		297	
			53	296	
	63		63		
rect	69	276	120	288	000000
tint	69	276	77	289	7fff7f	/font/5001/4d
	75		83			/font/5001/47
	81		89			/font/5001/4e
	87		95			/font/5001/4f
	93		101			/font/5001/50
	99		107			/font/5001/55
	105		113			/font/5001/4c
	111		119			/font/5001/53
rect	69	288	120	300	000000
tint	69	288	77	301	7fff7f	/font/5001/53
	75		83			/font/5001/48
	81		89			/font/5001/52
	87		95			/font/5001/4b
	93		101			/font/5001/4f
	99		107			/font/5001/4c
	105		113			/font/5001/54
	111		119			/font/5001/52
rect	69	264	120	276	000000
tint	69	264	77	277	7fff7f	/font/5001/45
	75		83			/font/5001/4c
	81		89			/font/5001/43
	87		95			/font/5001/54
	93		101			/font/5001/4a
	99		107			/font/5001/41
	105		113			/font/5001/4d
rect	12	300	120	312	000000
tint	12	300	20	313	00ff00	/font/5001/50
	18		26			/font/5001/69
	24		32			/font/5001/63
	30		38			/font/5001/74
	36		44			/font/5001/6f
	42		50			/font/5001/72
	48		56			/font/5001/69
	54		62			/font/5001/73
	60		68			/font/5001/20
	66		74			/font/5001/42
	72		80			/font/5001/65
	78		86			/font/5001/74
	84		92			/font/5001/61
	90		98			/font/5001/20
	96		104			/font/5001/32
