line	603	134	603	134	808080
	592	127	592	126	b0b0b0
	435	282	435	281	808080
	318	242	318	240	d0d0d0
	548	394	549	393	
	483	294	483	293	b0b0b0
	244	149	244	149	808080
	604	245	605	245	
	566	252	567	250	d0d0d0
	283	397	284	397	808080
	244	468	245	467	b0b0b0
	502	11	503	10	d0d0d0
	452	391	452	390	808080
	209	49	209	48	
	469	357	470	355	b0b0b0
	207	329	208	328	
	443	181	444	181	808080
	520	420	520	419	b0b0b0
	573	427	574	426	d0d0d0
	395	272	396	270	
	521	296	521	295	b0b0b0
	388	467	388	466	d0d0d0
	499	358	499	356	
	133	273	134	273	808080
	132	468	132	467	
	504	20	505	19	
	557	273	557	272	
	581	153	581	152	
	471	177	472	177	
	231	17	231	16	d0d0d0
	287	264	287	263	808080
	297	438	297	437	b0b0b0
	139	195	139	194	
	501	335	502	334	
	240	16	240	15	808080
	357	8	357	6	d0d0d0
	479	44	479	43	b0b0b0
	396	393	396	393	808080
	467	242	467	241	
	176	378	176	377	d0d0d0
	310	24	310	23	
	251	192	251	191	
	357	199	357	199	808080
	354	119	354	118	
	364	218	365	216	d0d0d0
	485	12	486	10	b0b0b0
	483	13	484	13	808080
	239	432	239	431	d0d0d0
	179	193	179	192	808080
	147	51	147	50	
	244	460	245	458	d0d0d0
	572	328	572	328	808080
	130	372	130	371	b0b0b0
	439	84	439	83	
	394	260	394	259	808080
	507	15	507	14	b0b0b0
	454	215	454	214	
	557	139	557	138	
	341	397	341	396	
	395	88	395	87	808080
	257	43	257	42	d0d0d0
	493	429	493	429	808080
	237	139	238	137	d0d0d0
	269	340	269	339	808080
	264	139	264	138	b0b0b0
	242	449	242	449	808080
	298	15	299	14	d0d0d0
	354	368	354	366	
	407	106	407	105	b0b0b0
	486	303	487	303	808080
	246	40	247	39	
	164	13	165	11	b0b0b0
	428	365	428	364	
	598	395	598	393	d0d0d0
	382	110	382	110	808080
	171	308	171	307	b0b0b0
	565	209	565	208	808080
	453	334	454	333	b0b0b0
	484	417	484	416	
	417	18	417	17	808080
	593	286	593	285	
	226	9	226	8	
	146	123	146	121	d0d0d0
	223	404	223	404	808080
	463	147	463	146	b0b0b0
	318	82	318	81	d0d0d0
	375	421	376	421	808080
	425	186	426	185	b0b0b0
	278	84	278	83	
	507	138	508	137	
	335	13	335	12	808080
	406	91	407	89	d0d0d0
	594	97	594	97	808080
	542	143	543	141	d0d0d0
	231	264	231	263	b0b0b0
	368	73	368	72	
	183	134	183	134	808080
	573	15	573	14	b0b0b0
	253	399	253	399	808080
	591	95	591	94	
	185	70	185	69	d0d0d0
	602	285	603	283	b0b0b0
	483	359	483	358	808080
	452	103	452	102	d0d0d0
	571	311	571	310	
	469	33	470	32	808080
	143	26	144	25	d0d0d0
	492	270	493	268	
	461	40	461	39	b0b0b0
	441	255	442	253	d0d0d0
	315	239	315	237	
	171	449	171	449	808080
	244	426	244	425	b0b0b0
	144	235	144	234	808080
	229	444	229	443	
	385	331	385	330	
	590	128	590	127	
	300	277	300	276	
	248	127	248	126	d0d0d0
	446	420	447	419	808080
	143	445	143	443	d0d0d0
	254	262	254	261	808080
	396	109	396	108	b0b0b0
	319	47	319	46	808080
	500	240	500	240	
point	421	107	804000
	422	118	
	423	117	
		108	
	428	121	
	418	122	
	421	110	
	429	107	
	426	115	
	418		
	429	130	b05800
	432	126	
	431	131	
	433	128	
	432	131	
	429	124	
	435	125	
		131	
	438	126	
	431	125	
	426	110	e07000
		109	
	427	106	
	425	105	
	427	110	
	424	109	
	426	105	
	427		
		106	
	426	109	
	454	91	402000
	440	90	
	439	87	
	452	92	
	439	82	
	453	89	
	449	80	
	444	89	
	454	73	
	438	89	
	435	124	f07800
		122	
	437	124	
	436	125	
		124	
	437		
	436	125	
		123	
	435	125	
		123	
	419	107	100800
	413		
	428	102	
	415	111	
	423	94	
	434	95	
	421	87	
	422	93	
	430	98	
	417	103	
	442	95	
	441	99	
	444	91	
	439	101	
	453	80	
line	258	0	258	480	002850
	438		438		
	128	56	608	56	
		236		236	005000
		416		416	002850
	419	97	419	96	7fff7f
	431	7	431	7	
	414	77	414	77	
	402	98	402	97	
rect	253	128	265	140	009000
	279	336	295	352	
triangle	104	339	114	349	00c000
diamond	427	100	447	120	500000
triangle	362	234	372	244	00c000
diamond	422	180	438	196	00c000
	452	159	468	175	
triangle	123	363	133	373	00c000
	364	99	370	105	c00000
	243	348	253	358	00c000
	432	122	442	132	
	341	176	351	186	
	369	148	379	158	
	413	91	423	101	
	195	96	205	106	005000
	312	130	322	140	00c000
	390	88	400	98	005000
	406		416		00c000
	303	145	313	155	
	404	64	414	74	
rect	433	62	435	64	ff0000
	424	100	426	102	
	438	125	440	127	00ff00
	420	99	422	101	ff0000
	416	97	418	99	00ff00
dither	411	103	466	120	303000
tint	415	107	423	119	000000	/font/5000/47
	422		430			/font/5000/75
	429		437			/font/5000/6e
	436		444			/font/5000/73
	443		451			/font/5000/68
	450		458			/font/5000/69
	457		465			/font/5000/70
	414	106	422	118	ffff00	/font/5000/47
	421		429			/font/5000/75
	428		436			/font/5000/6e
	435		443			/font/5000/73
	442		450			/font/5000/68
	449		457			/font/5000/69
	456		464			/font/5000/70
dither	437	90	506	107	001830
tint	441	94	449	106	000000	/font/5000/47
	448		456			/font/5000/61
	455		463			/font/5000/74
	462		470			/font/5000/65
	469		477			/font/5000/20
	476		484			/font/5000/53
	483		491			/font/5000/68
	490		498			/font/5000/69
	497		505			/font/5000/70
	440	93	448	105	007fff	/font/5000/47
	447		455			/font/5000/61
	454		462			/font/5000/74
	461		469			/font/5000/65
	468		476			/font/5000/20
	475		483			/font/5000/53
	482		490			/font/5000/68
	489		497			/font/5000/69
	496		504			/font/5000/70
dither	200	451	535	468	300000
tint	204	455	212	467	000000	/font/5000/50
	211		219			/font/5000/69
	218		226			/font/5000/63
	225		233			/font/5000/74
	232		240			/font/5000/6f
	239		247			/font/5000/72
	246		254			/font/5000/69
	253		261			/font/5000/73
	260		268			/font/5000/20
	267		275			/font/5000/42
	274		282			/font/5000/65
	281		289			/font/5000/74
	288		296			/font/5000/61
	295		303			/font/5000/20
	302		310			/font/5000/32
	309		317			/font/5000/20
	316		324			/font/5000/63
	323		331			/font/5000/61
	330		338			/font/5000/70
	337		345			/font/5000/74
	344		352			/font/5000/75
	351		359			/font/5000/72
	358		366			/font/5000/65
	365		373			/font/5000/64
	372		380			/font/5000/20
	379		387			/font/5000/62
	386		394			/font/5000/79
	393		401			/font/5000/20
	400		408			/font/5000/54
	407		415			/font/5000/68
	414		422			/font/5000/65
	421		429			/font/5000/20
	428		436			/font/5000/55
	435		443			/font/5000/4e
	442		450			/font/5000/53
	449		457			/font/5000/20
	456		464			/font/5000/52
	463		471			/font/5000/65
	470		478			/font/5000/73
	477		485			/font/5000/69
	484		492			/font/5000/73
	491		499			/font/5000/74
	498		506			/font/5000/61
	505		513			/font/5000/6e
	512		520			/font/5000/63
	519		527			/font/5000/65
	526		534			/font/5000/2e
	203	454	211	466	ff0000	/font/5000/50
	210		218			/font/5000/69
	217		225			/font/5000/63
	224		232			/font/5000/74
	231		239			/font/5000/6f
	238		246			/font/5000/72
	245		253			/font/5000/69
	252		260			/font/5000/73
	259		267			/font/5000/20
	266		274			/font/5000/42
	273		281			/font/5000/65
	280		288			/font/5000/74
	287		295			/font/5000/61
	294		302			/font/5000/20
	301		309			/font/5000/32
	308		316			/font/5000/20
	315		323			/font/5000/63
	322		330			/font/5000/61
	329		337			/font/5000/70
	336		344			/font/5000/74
	343		351			/font/5000/75
	350		358			/font/5000/72
	357		365			/font/5000/65
	364		372			/font/5000/64
	371		379			/font/5000/20
	378		386			/font/5000/62
	385		393			/font/5000/79
	392		400			/font/5000/20
	399		407			/font/5000/54
	406		414			/font/5000/68
	413		421			/font/5000/65
	420		428			/font/5000/20
	427		435			/font/5000/55
	434		442			/font/5000/4e
	441		449			/font/5000/53
	448		456			/font/5000/20
	455		463			/font/5000/52
	462		470			/font/5000/65
	469		477			/font/5000/73
	476		484			/font/5000/69
	483		491			/font/5000/73
	490		498			/font/5000/74
	497		505			/font/5000/61
	504		512			/font/5000/6e
	511		519			/font/5000/63
	518		526			/font/5000/65
	525		533			/font/5000/2e
line	424	49	413	59	489048
			427	64	
	413	59			204020
draw	0	0	128	480	/pictures/501.png
	608		640		/pictures/512.png
tint	29	159	37	172	ff0000	/font/5001/32
	35		43			/font/5001/39
	41		49			/font/5001/34
line	614	401	614	359	00488f
		359	622		
	622			401	002850
		401	614		
rect	615	360	622	401	003870
line	614	456	614	402	007fff
		402	622		
	622			456	00488f
		456	614		
rect	615	403	622	456	0070e0
line	614	244	614	231	909048
		231	622		
	622			244	505028
		244	614		
rect	615	232	622	244	707038
line	614	328	614	245	ffff7f
		245	622		
	622			328	909048
		328	614		
rect	615	246	622	328	e0e070
line	614	124	614	103	904848
		103	622		
	622			124	502828
		124	614		
rect	615	104	622	124	703838
line	614	200	614	125	ff7f7f
		125	622		
	622			200	904848
		200	614		
rect	615	126	622	200	e07070
line	618	8	629	8	90488f
			618	9	
	629		629		
	618	36		36	
			618	35	
	629		629		
rect	620	10	628	35	703870
		26			c060c0
	634	49	636	52	7fff7f
		53		56	60c060
		57		60	
		61		64	
		65		68	
		69		72	7fff7f
		73		76	60c060
		77		80	
		81		84	
		85		88	
		89		92	7fff7f
		93		96	60c060
		97		100	
		101		104	
		105		108	
		109		112	7fff7f
		113		116	60c060
		117		120	
		121		124	
		125		128	
		129		132	7fff7f
		133		136	60c060
		137		140	
		141		144	
		145		148	
		149		152	7fff7f
		153		156	60c060
		157		160	
		161		164	
		165		168	
		169		172	7fff7f
		173		176	60c060
		177		180	
		181		184	
		185		188	
		189		192	7fff7f
		193		196	60c060
		197		200	0060c0
		201		204	
		205		208	
		209		212	007fff
		213		216	0060c0
		217		220	
		221		224	
		225		228	
		229		232	007fff
		233		236	0060c0
		237		240	
		241		244	183018
		245		248	
		249		252	
		253		256	
		257		260	
		261		264	
		265		268	
		269		272	
		273		276	
		277		280	
		281		284	
		285		288	
		289		292	
		293		296	
		297		300	
		301		304	
		305		308	
		309		312	
		313		316	
		317		320	
		321		324	
		325		328	
		329		332	
		333		336	
		337		340	
		341		344	
		345		348	
		349		352	
		353		356	
		357		360	
		361		364	
		365		368	
		369		372	
		373		376	
		377		380	
		381		384	
		385		388	
		389		392	
		393		396	
		397		400	
		401		404	
		405		408	
		409		412	
		413		416	
		417		420	
		421		424	
		425		428	
		429		432	
		433		436	
		437		440	
		441		444	
		445		448	
	621	52	631	56	303000
		57		61	
		62		66	
		67		71	
		72		76	
		77		81	
		82		86	
	7	7	115	115	00ff00
	8	8	114	114	001000
					003000
point	38	33	009000
	44	80	
	8	77	
	77	28	
	79	16	
	77	31	
	76	46	
	83	41	
	78	31	
	10	84	
	62	27	
	76		
	78	31	
	32	86	
	74	25	
	58	45	
	60	37	
	74	26	
	75	25	
	50	34	
	72	24	
	81	15	
	73	25	
	20		
	75	19	
	48	37	
	73	20	
	75	26	
	70	18	
	75	26	
	74	25	
	72	21	
	76	18	
	74	26	
		25	
	75	26	
			
	77	30	
		29	
	78	30	
	77		
	76	26	
rect	12	320	121	440	001000
tint	15	320	23	333	00ff00	/font/5001/42
	21		29			/font/5001/55
	27		35			/font/5001/49
	33		41			/font/5001/4c
	39		47			/font/5001/44
	45		53			/font/5001/20
	51		59			/font/5001/53
	57		65			/font/5001/48
	63		71			/font/5001/49
	69		77			/font/5001/50
	75		83			/font/5001/53
line	12	342	119	342	009000
tint	15	332	23	345	00ff00	/font/5001/50
	21		29			/font/5001/69
	27		35			/font/5001/63
	33		41			/font/5001/74
	39		47			/font/5001/6f
	45		53			/font/5001/72
	51		59			/font/5001/69
	57		65			/font/5001/73
	63		71			/font/5001/20
	69		77			/font/5001/42
	75		83			/font/5001/65
	81		89			/font/5001/74
	87		95			/font/5001/61
	15	344	23	357		/font/5001/46
	21		29			/font/5001/69
	27		35			/font/5001/67
	33		41			/font/5001/68
	39		47			/font/5001/74
	45		53			/font/5001/65
	51		59			/font/5001/72
	15	356	23	369		/font/5001/43
	21		29			/font/5001/72
	27		35			/font/5001/75
	33		41			/font/5001/69
	39		47			/font/5001/73
	45		53			/font/5001/65
	51		59			/font/5001/72
line	12	379	12	368	009000
		368	120		
	120			379	005000
		379	12		
rect	13	369	120	379	007000
tint	15	368	23	381	00ff00	/font/5001/47
	21		29			/font/5001/75
	27		35			/font/5001/6e
	33		41			/font/5001/73
	39		47			/font/5001/68
	45		53			/font/5001/69
	51		59			/font/5001/70
	15	380	23	393		/font/5001/54
	21		29			/font/5001/72
	27		35			/font/5001/61
	33		41			/font/5001/6e
	39		47			/font/5001/73
	45		53			/font/5001/70
	51		59			/font/5001/6f
	57		65			/font/5001/72
	63		71			/font/5001/74
line	12	438	119	438	009000
rect	16	450	114	475	001010
line	17	461	17	450	00c0c0
		450	43		
	43			461	007070
		461	17		
rect	18	451	43	461	009090
tint	19	450	27	463	00ffff	/font/5001/52
	25		33			/font/5001/47
	31		39			/font/5001/48
	37		45			/font/5001/54
	43		51			/font/5001/20
	49		57			/font/5001/42
	55		63			/font/5001/75
	61		69			/font/5001/69
	67		75			/font/5001/6c
	73		81			/font/5001/64
line	17	473	17	462	00c0c0
		462	43		
	43			473	007070
		473	17		
rect	18	463	43	473	009090
tint	19	462	27	475	00ffff	/font/5001/4c
	25		33			/font/5001/45
	31		39			/font/5001/46
	37		45			/font/5001/54
	43		51			/font/5001/20
	49		57			/font/5001/4d
	55		63			/font/5001/61
	61		69			/font/5001/69
	67		75			/font/5001/6e
	73		81			/font/5001/20
	79		87			/font/5001/4d
	85		93			/font/5001/65
	91		99			/font/5001/6e
	97		105			/font/5001/75
line	12	191	12	180	ffff00
		180	119		
	119			191	909000
		191	12		
rect	13	181	119	191	c0c000
tint	15	180	23	193	000000	/font/5001/43
	21		29			/font/5001/4f
	27		35			/font/5001/4e
	33		41			/font/5001/54
	39		47			/font/5001/52
	45		53			/font/5001/4f
	51		59			/font/5001/4c
	15	192	23	205	7fff7f	/font/5001/47
	21		29			/font/5001/55
	27		35			/font/5001/4e
	33		41			/font/5001/53
	39		47			/font/5001/48
	45		53			/font/5001/49
	51		59			/font/5001/50
draw	18	206	32	224	/sprites/652.SMIV/0
line	14	204	35	204	489048
			14	205	
	35		35		
	14	225		225	
			14	224	
	35		35		
rect	42	206	49	208	003870
		208		224	0060c0
line	40	204	50	204	00488f
			40	205	
	50		50		
	40	225		225	
			40	224	
	50		50		
rect	55	206	62	207	707000
		207		224	c0c000
line	53	204	63	204	909000
			53	205	
	63		63		
	53	225		225	
			53	224	
	63		63		
tint	69	204	77	217	7fff7f	/font/5001/4c
	75		83			/font/5001/53
	81		89			/font/5001/52
	87		95			/font/5001/54
	93		101			/font/5001/55
	99		107			/font/5001/52
	105		113			
	111		119			/font/5001/54
	69	216	77	229		/font/5001/4d
	75		83			/font/5001/47
	81		89			/font/5001/4e
	87		95			/font/5001/54
	93		101			/font/5001/4f
	99		107			/font/5001/50
	105		113			/font/5001/4c
	111		119			/font/5001/53
	12	228	20	241	ff0000	/font/5001/47
	18		26			/font/5001/61
	24		32			/font/5001/74
	30		38			/font/5001/65
	36		44			/font/5001/20
	42		50			/font/5001/53
	48		56			/font/5001/68
	54		62			/font/5001/69
	60		68			/font/5001/70
line	12	263	12	252	007fff
		252	119		
	119			263	00488f
		263	12		
rect	13	253	119	263	0060c0
tint	15	252	23	265	000000	/font/5001/54
	21		29			/font/5001/41
	27		35			/font/5001/52
	33		41			/font/5001/47
	39		47			/font/5001/45
	45		53			/font/5001/54
	15	264	23	277	7fff7f	/font/5001/47
	21		29			/font/5001/41
	27		35			/font/5001/54
	33		41			/font/5001/45
	39		47			/font/5001/53
	45		53			/font/5001/48
	51		59			/font/5001/49
	57		65			/font/5001/50
draw	20	278	31	296	/sprites/604.SMIV/0
line	14	276	35	276	489048
			14	277	
	35		35		
	14	297		297	
			14	296	
	35		35		
rect	42	278	49	293	003870
		293		296	0060c0
line	40	276	50	276	00488f
			40	277	
	50		50		
	40	297		297	
			40	296	
	50		50		
rect	55	278	62	279	707000
		279		296	c0c000
line	53	276	63	276	909000
			53	277	
	63		63		
	53	297		297	
			53	296	
	63		63		
tint	69	276	77	289	7fff7f	/font/5001/4d
	75		83			/font/5001/47
	81		89			/font/5001/4e
	87		95			/font/5001/4f
	93		101			/font/5001/50
	99		107			/font/5001/55
	105		113			/font/5001/4c
	111		119			/font/5001/53
	69	288	77	301		
	75		83			/font/5001/48
	81		89			/font/5001/52
	87		95			/font/5001/4b
	93		101			/font/5001/4f
	99		107			/font/5001/4c
	105		113			/font/5001/54
	111		119			/font/5001/52
	69	264	77	277		/font/5001/45
	75		83			/font/5001/4c
	81		89			/font/5001/43
	87		95			/font/5001/54
	93		101			/font/5001/4a
	99		107			/font/5001/41
	105		113			/font/5001/4d
	12	300	20	313	00ff00	/font/5001/50
	18		26			/font/5001/69
	24		32			/font/5001/63
	30		38			/font/5001/74
	36		44			/font/5001/6f
	42		50			/font/5001/72
	48		56			/font/5001/69
	54		62			/font/5001/73
	60		68			/font/5001/20
	66		74			/font/5001/42
	72		80			/font/5001/65
	78		86			/font/5001/74
	84		92			/font/5001/61
	90		98			/font/5001/20
	96		104			/font/5001/32
