point	447	288	808080
	357	358	b0b0b0
	279	436	808080
	544	256	
	285	168	b0b0b0
	484	30	808080
	527	170	d0d0d0
	448	399	808080
	532	476	b0b0b0
	175	71	808080
	242	291	d0d0d0
	189	320	
	284	64	808080
	494	271	b0b0b0
	194	108	
	503	124	808080
	287	335	
	349	114	
	223	256	d0d0d0
	368	100	
	333	31	808080
	474	383	
	368	140	b0b0b0
	456	259	808080
	447	432	d0d0d0
	348	174	808080
	401	427	
	425	306	
	315	331	
	397	231	d0d0d0
	131	418	808080
	479	272	d0d0d0
	497	51	808080
	432	86	b0b0b0
	519	205	d0d0d0
	543	296	b0b0b0
	244	275	
	292	67	808080
	311	395	
	324	11	
	508	327	b0b0b0
	286	22	808080
	201	353	
	197	273	
	530	71	d0d0d0
	251	243	b0b0b0
	327	167	808080
	321	130	
	502	82	
	332	358	d0d0d0
	568	368	808080
	511	2	
	249	58	
	204	315	b0b0b0
	238	414	808080
	272	246	b0b0b0
	219	447	
	322	370	
	471	432	d0d0d0
	238	241	808080
	468	429	b0b0b0
	472	103	808080
	454	184	b0b0b0
	151	27	d0d0d0
	540	448	808080
	285	185	b0b0b0
	534	354	808080
	505	410	
	172	337	b0b0b0
	330	457	808080
	569	463	
	475	416	
	153	154	d0d0d0
	419	112	808080
	225	264	
	479	460	
	409	363	
	211	29	
	241	225	d0d0d0
	261	172	808080
	437	439	
	491	329	d0d0d0
	312	324	
	487	156	
	228	378	b0b0b0
	515	29	808080
	313	95	
	191	417	b0b0b0
	550	217	808080
	272	370	b0b0b0
	178	167	808080
	572	339	d0d0d0
	438	251	808080
	229	452	d0d0d0
	568	202	808080
	133	304	b0b0b0
	177	57	d0d0d0
	338	246	b0b0b0
	557	27	808080
	434	248	
	414	374	b0b0b0
	467	36	
	162	65	d0d0d0
	139	412	
	491	303	
	313	187	808080
	309	444	d0d0d0
	373	98	
	226	272	b0b0b0
	492	84	d0d0d0
	480	124	
	370	185	b0b0b0
	563	172	808080
	466	185	
	202	11	b0b0b0
	461	5	808080
	434	281	
	144	431	
	461	399	b0b0b0
	416	140	
	202	205	
	587	9	808080
	161	340	b0b0b0
	163	201	808080
	344	394	
	283	74	f07800
	291	80	
	279		
	289	79	
	278	71	
	275	65	
	288	76	
	289	74	
	285	67	
	286	82	
	435	207	703800
	396	116	
	481	129	
	399	228	
	417	116	
	419	234	
	435	171	
	359	178	
	477	220	
	367	189	
	339	129	804000
	345	116	
	389	100	
	358	125	
	389	168	
	454	170	
	400	228	
	433	180	
	408	96	
	467	160	
	631	164	201000
	542	182	
	601	226	
	471	285	
	484	300	
	547	216	
	661	276	
	516	154	
	476	163	
	474	164	
	397	291	402000
	475	188	
	506	255	
	460	89	
	389	159	
	480	228	
	489	214	
	411	251	
	325	119	
	441	115	
	535	100	703800
	475	146	
	458	231	
	573	183	
	564	124	
	529	180	
	469	195	
	492	100	
	527	120	
	529	154	
	391	110	b05800
	348	93	
	415	151	
	350	166	
	349	95	
	354	161	
	342	169	
	350	147	
	406	107	
	375	151	
	529	143	
	526	158	
	511	177	
	449	181	
	518	174	
	510	118	
	474	135	
	477	172	
	528	110	
	520	146	
	268	110	d06800
	264		
	263	124	
	253	130	
	232	106	
	283		
	288	100	
	246		
	279	123	
	241	84	
	245	106	ff7f00
	247	107	
	248	105	
	246	103	
	245	108	
		106	
	249	108	
		104	
		108	
	250	105	
	466	101	
	471		
	467	103	
	468	102	
	466	103	
	467	104	
	465	103	
	468	99	
	470	101	
	466	104	
line	143	0	143	480	002850
	521		521		000050
	128	92	608	92	
		470		470	
	209	217	196	224	7fff7f
	314	137	302	146	
	-357	-184	-367	-175	
	196	76	182	78	
	398	211	389	219	
static	207	-77	514	135	ffffff	26	/sprites/604.SMIV/16
draw	356	225	382	257	/sprites/652.SMIV/0
	179	214	220	244	/sprites/652.SMIV/3
	155	354	199	374	/sprites/652.SMIV/19
	99	67	143	92	/sprites/652.SMIV/4
	551	236	595	261	/sprites/652.SMIV/20
	159	95	203	120	/sprites/652.SMIV/4
	391	138	402	151	/sprites/653.SMIV/3
	274	66	279	71	/sprites/504.SMIV/18
	420	117	429	127	/sprites/554.SMIV/4
	373	227	384	240	/sprites/653.SMIV/0
	384	40	407	59	/sprites/581.SMIV/2
	239	87	247	93	/sprites/504.SMIV/19
	352	183	366	193	/sprites/653.SMIV/4
	127	249	168	288	/sprites/519.SMIV/0
	242	102	247	107	/sprites/504.SMIV/18
	426	114	433	122	/sprites/554.SMIV/2
	409	109	426	132	/sprites/581.SMIV/3
	455	113	466	124	/sprites/554.SMIV/5
	402	103	408	109	/sprites/554.SMIV/0
	463	99	468	104	/sprites/504.SMIV/18
	409	128	422	142	/sprites/554.SMIV/8
	437	129	448	141	/sprites/554.SMIV/9
dither	360	4	429	21	001830
tint	364	8	372	20	000000	/font/5000/47
	371		379			/font/5000/61
	378		386			/font/5000/74
	385		393			/font/5000/65
	392		400			/font/5000/20
	399		407			/font/5000/53
	406		414			/font/5000/68
	413		421			/font/5000/69
	420		428			/font/5000/70
	363	7	371	19	007fff	/font/5000/47
	370		378			/font/5000/61
	377		385			/font/5000/74
	384		392			/font/5000/65
	391		399			/font/5000/20
	398		406			/font/5000/53
	405		413			/font/5000/68
	412		420			/font/5000/69
	419		427			/font/5000/70
line	347	41	341	55	489048
			356	53	
	341	55			204020
draw	0	0	128	480	/pictures/501.png
	608		640		/pictures/512.png
tint	29	159	37	172	ff0000	/font/5001/32
	35		43			/font/5001/37
	41		49			/font/5001/33
line	614	401	614	359	00488f
		359	622		
	622			401	002850
		401	614		
rect	615	360	622	401	003870
line	614	456	614	402	007fff
		402	622		
	622			456	00488f
		456	614		
rect	615	403	622	456	0070e0
line	614	238	614	231	909048
		231	622		
	622			238	505028
		238	614		
rect	615	232	622	238	707038
line	614	328	614	239	ffff7f
		239	622		
	622			328	909048
		328	614		
rect	615	240	622	328	e0e070
line	614	124	614	103	904848
		103	622		
	622			124	502828
		124	614		
rect	615	104	622	124	703838
line	614	200	614	125	ff7f7f
		125	622		
	622			200	904848
		200	614		
rect	615	126	622	200	e07070
line	618	8	629	8	90488f
			618	9	
	629		629		
	618	36		36	
			618	35	
	629		629		
rect	620	10	628	35	703870
		16			c060c0
	634	49	636	52	7fff7f
		53		56	60c060
		57		60	
		61		64	
		65		68	
		69		72	7fff7f
		73		76	60c060
		77		80	
		81		84	
		85		88	
		89		92	7fff7f
		93		96	60c060
		97		100	
		101		104	
		105		108	
		109		112	7fff7f
		113		116	60c060
		117		120	
		121		124	
		125		128	
		129		132	7fff7f
		133		136	60c060
		137		140	
		141		144	
		145		148	
		149		152	7fff7f
		153		156	60c060
		157		160	
		161		164	
		165		168	0060c0
		169		172	007fff
		173		176	0060c0
		177		180	
		181		184	
		185		188	
		189		192	007fff
		193		196	0060c0
		197		200	
		201		204	
		205		208	
		209		212	183018
		213		216	
		217		220	
		221		224	
		225		228	
		229		232	
		233		236	
		237		240	
		241		244	
		245		248	
		249		252	
		253		256	
		257		260	
		261		264	
		265		268	
		269		272	
		273		276	
		277		280	
		281		284	
		285		288	
		289		292	
		293		296	
		297		300	
		301		304	
		305		308	
		309		312	
		313		316	
		317		320	
		321		324	
		325		328	
		329		332	
		333		336	
		337		340	
		341		344	
		345		348	
		349		352	
		353		356	
		357		360	
		361		364	
		365		368	
		369		372	
		373		376	
		377		380	
		381		384	
		385		388	
		389		392	
		393		396	
		397		400	
		401		404	
		405		408	
		409		412	
		413		416	
		417		420	
		421		424	
		425		428	
		429		432	
		433		436	
		437		440	
		441		444	
		445		448	
	621	52	631	56	303000
		57		61	
		62		66	
		67		71	
		72		76	
		77		81	
		82		86	
	7	7	115	115	00ff00
	8	8	114	114	001000
	55	55	67	67	003000
point	15	64	009000
	21	112	
	23	84	
	61	55	
		61	
	56		
	49	78	
	57	69	
	56	61	
	61	59	
	62	58	
		59	
	57	63	
	54	57	
	66	61	
	52	52	
	64	59	
	61	60	
	67	15	
	39	52	
	62	59	
	44	75	
	30	99	
	61	57	
		72	
	56	58	
	25	31	
	56	57	
	45	46	
	17	84	
	58	57	
	56	61	
	61		
	63	59	
	61	58	
	63		
			
	64	59	
	62		
	59	61	
rect	12	320	121	440	001000
tint	15	320	23	333	00ff00	/font/5001/42
	21		29			/font/5001/55
	27		35			/font/5001/49
	33		41			/font/5001/4c
	39		47			/font/5001/44
	45		53			/font/5001/20
	51		59			/font/5001/53
	57		65			/font/5001/48
	63		71			/font/5001/49
	69		77			/font/5001/50
	75		83			/font/5001/53
line	12	342	119	342	009000
tint	15	332	23	345	00ff00	/font/5001/50
	21		29			/font/5001/69
	27		35			/font/5001/63
	33		41			/font/5001/74
	39		47			/font/5001/6f
	45		53			/font/5001/72
	51		59			/font/5001/69
	57		65			/font/5001/73
	63		71			/font/5001/20
	69		77			/font/5001/42
	75		83			/font/5001/65
	81		89			/font/5001/74
	87		95			/font/5001/61
	15	344	23	357		/font/5001/46
	21		29			/font/5001/69
	27		35			/font/5001/67
	33		41			/font/5001/68
	39		47			/font/5001/74
	45		53			/font/5001/65
	51		59			/font/5001/72
	15	356	23	369		/font/5001/43
	21		29			/font/5001/72
	27		35			/font/5001/75
	33		41			/font/5001/69
	39		47			/font/5001/73
	45		53			/font/5001/65
	51		59			/font/5001/72
line	12	379	12	368	009000
		368	120		
	120			379	005000
		379	12		
rect	13	369	120	379	007000
tint	15	368	23	381	00ff00	/font/5001/47
	21		29			/font/5001/75
	27		35			/font/5001/6e
	33		41			/font/5001/73
	39		47			/font/5001/68
	45		53			/font/5001/69
	51		59			/font/5001/70
	15	380	23	393		/font/5001/54
	21		29			/font/5001/72
	27		35			/font/5001/61
	33		41			/font/5001/6e
	39		47			/font/5001/73
	45		53			/font/5001/70
	51		59			/font/5001/6f
	57		65			/font/5001/72
	63		71			/font/5001/74
line	12	438	119	438	009000
rect	16	450	114	475	001010
line	17	461	17	450	00c0c0
		450	43		
	43			461	007070
		461	17		
rect	18	451	43	461	009090
tint	19	450	27	463	00ffff	/font/5001/52
	25		33			/font/5001/47
	31		39			/font/5001/48
	37		45			/font/5001/54
	43		51			/font/5001/20
	49		57			/font/5001/42
	55		63			/font/5001/75
	61		69			/font/5001/69
	67		75			/font/5001/6c
	73		81			/font/5001/64
line	17	473	17	462	00c0c0
		462	43		
	43			473	007070
		473	17		
rect	18	463	43	473	009090
tint	19	462	27	475	00ffff	/font/5001/4c
	25		33			/font/5001/45
	31		39			/font/5001/46
	37		45			/font/5001/54
	43		51			/font/5001/20
	49		57			/font/5001/4d
	55		63			/font/5001/61
	61		69			/font/5001/69
	67		75			/font/5001/6e
	73		81			/font/5001/20
	79		87			/font/5001/4d
	85		93			/font/5001/65
	91		99			/font/5001/6e
	97		105			/font/5001/75
rect	12	180	120	192	000000
line	12	191	12	180	ffff00
		180	119		
	119			191	909000
		191	12		
rect	13	181	119	191	c0c000
tint	15	180	23	193	000000	/font/5001/43
	21		29			/font/5001/4f
	27		35			/font/5001/4e
	33		41			/font/5001/54
	39		47			/font/5001/52
	45		53			/font/5001/4f
	51		59			/font/5001/4c
rect	12	192	120	204	000000
tint	15	192	23	205	7fff7f	/font/5001/47
	21		29			/font/5001/55
	27		35			/font/5001/4e
	33		41			/font/5001/53
	39		47			/font/5001/48
	45		53			/font/5001/49
	51		59			/font/5001/50
rect	14	204	36	226	000000
draw	18	206	32	224	/sprites/652.SMIV/0
line	14	204	35	204	489048
			14	205	
	35		35		
	14	225		225	
			14	224	
	35		35		
rect	40	204	51	226	000000
	42	206	49	208	003870
		208		224	0060c0
line	40	204	50	204	00488f
			40	205	
	50		50		
	40	225		225	
			40	224	
	50		50		
rect	53	204	64	226	000000
	55	206	62	207	707000
		207		224	c0c000
line	53	204	63	204	909000
			53	205	
	63		63		
	53	225		225	
			53	224	
	63		63		
rect	69	204	120	216	000000
tint	69	204	77	217	7fff7f	/font/5001/4c
	75		83			/font/5001/53
	81		89			/font/5001/52
	87		95			/font/5001/54
	93		101			/font/5001/55
	99		107			/font/5001/52
	105		113			
	111		119			/font/5001/54
rect	69	216	120	228	000000
tint	69	216	77	229	7fff7f	/font/5001/4d
	75		83			/font/5001/47
	81		89			/font/5001/4e
	87		95			/font/5001/54
	93		101			/font/5001/4f
	99		107			/font/5001/50
	105		113			/font/5001/4c
	111		119			/font/5001/53
rect	69	192	120	204	000000
	12	228		240	
tint	12	228	20	241	ff0000	/font/5001/47
	18		26			/font/5001/61
	24		32			/font/5001/74
	30		38			/font/5001/65
	36		44			/font/5001/20
	42		50			/font/5001/53
	48		56			/font/5001/68
	54		62			/font/5001/69
	60		68			/font/5001/70
rect	12	252	120	264	000000
line	12	263	12	252	007fff
		252	119		
	119			263	00488f
		263	12		
rect	13	253	119	263	0060c0
tint	15	252	23	265	000000	/font/5001/54
	21		29			/font/5001/41
	27		35			/font/5001/52
	33		41			/font/5001/47
	39		47			/font/5001/45
	45		53			/font/5001/54
rect	12	264	120	276	000000
tint	15	264	23	277	7fff7f	/font/5001/47
	21		29			/font/5001/41
	27		35			/font/5001/54
	33		41			/font/5001/45
	39		47			/font/5001/53
	45		53			/font/5001/48
	51		59			/font/5001/49
	57		65			/font/5001/50
rect	14	276	36	298	000000
draw	20	278	31	296	/sprites/604.SMIV/0
line	14	276	35	276	489048
			14	277	
	35		35		
	14	297		297	
			14	296	
	35		35		
rect	40	276	51	298	000000
	42	278	49	294	003870
		294		296	0060c0
line	40	276	50	276	00488f
			40	277	
	50		50		
	40	297		297	
			40	296	
	50		50		
rect	53	276	64	298	000000
	55	278	62	279	707000
		279		296	c0c000
line	53	276	63	276	909000
			53	277	
	63		63		
	53	297		297	
			53	296	
	63		63		
rect	69	276	120	288	000000
tint	69	276	77	289	7fff7f	/font/5001/4d
	75		83			/font/5001/47
	81		89			/font/5001/4e
	87		95			/font/5001/4f
	93		101			/font/5001/50
	99		107			/font/5001/55
	105		113			/font/5001/4c
	111		119			/font/5001/53
rect	69	288	120	300	000000
tint	69	288	77	301	7fff7f	/font/5001/53
	75		83			/font/5001/48
	81		89			/font/5001/52
	87		95			/font/5001/4b
	93		101			/font/5001/4f
	99		107			/font/5001/4c
	105		113			/font/5001/54
	111		119			/font/5001/52
rect	69	264	120	276	000000
tint	69	264	77	277	7fff7f	/font/5001/45
	75		83			/font/5001/4c
	81		89			/font/5001/43
	87		95			/font/5001/54
	93		101			/font/5001/4a
	99		107			/font/5001/41
	105		113			/font/5001/4d
rect	12	300	120	312	000000
tint	12	300	20	313	00ff00	/font/5001/43
	18		26			/font/5001/61
	24		32			/font/5001/72
	30		38			
	36		44			/font/5001/69
	42		50			/font/5001/65
	48		56			/font/5001/72
