point	443	347	808080
	352	447	b0b0b0
	334	22	
	541	315	808080
	280	256	b0b0b0
	480	89	808080
	521	288	d0d0d0
	445	458	808080
	329	113	d0d0d0
	172	130	808080
	235	409	d0d0d0
	182	438	
	280	123	808080
	489	360	b0b0b0
	189	197	
	499	183	808080
	284	394	
	345	173	
	217	374	d0d0d0
	361	219	
	330	90	808080
	471	442	
	363	228	b0b0b0
	452	318	808080
	588	53	b0b0b0
	345	233	808080
	373	10	d0d0d0
	421	365	808080
	312	390	
	390	350	d0d0d0
	606	389	b0b0b0
	473	390	d0d0d0
	494	110	808080
	427	175	b0b0b0
	513	324	d0d0d0
	538	384	b0b0b0
	239	364	
	288	126	808080
	307	454	
	320	70	
	502	415	b0b0b0
	283	81	808080
	197	412	
	194	332	
	523	189	d0d0d0
	245	331	b0b0b0
	324	226	808080
	317	189	
	498	141	
	325	476	d0d0d0
	564	427	808080
	507	61	
	246	117	
	199	403	b0b0b0
	234	473	808080
	267	335	b0b0b0
	519	37	808080
	317	459	b0b0b0
	408	71	d0d0d0
	235	300	808080
	497	26	
	468	162	
	449	273	b0b0b0
	145	145	d0d0d0
	546	26	808080
	280	274	b0b0b0
	531	413	808080
	501	469	
	167	426	b0b0b0
	398	72	d0d0d0
	338	42	808080
	471	475	
	146	273	d0d0d0
	415	171	808080
	222	323	
	135	39	
	405	422	
	208	88	
	235	343	d0d0d0
	257	230	808080
	474	36	d0d0d0
	484	447	
	305	443	
	481	275	
	223	466	b0b0b0
	512	88	808080
	310	154	
	442	18	
	546	276	
	267	458	b0b0b0
	175	226	808080
	566	457	d0d0d0
	434	310	808080
	529	46	
	564	261	
	607	240	b0b0b0
	170	175	d0d0d0
	333	335	b0b0b0
	553	86	808080
	431	307	
	409	462	b0b0b0
	462	124	
	156	184	d0d0d0
	129	196	
	484	421	
	310	246	808080
	426	83	d0d0d0
	366	217	
	221	360	b0b0b0
	485	202	d0d0d0
	474	242	
	365	274	b0b0b0
	560	231	808080
	463	244	
	196	99	b0b0b0
	458	64	808080
	430	340	
	446	9	
	530	5	
	411	229	b0b0b0
	197	293	
	584	68	808080
	156	429	b0b0b0
	159	260	808080
	340	453	
	396	24	c06000
	375	33	
	371	20	
	357	12	
	328	14	
	396	20	
	346	38	
	356	30	
	391	7	
	378	-24	
	472	193	100800
	515	234	
	458	154	
	414	191	
	400	153	
	388	291	
	355	119	
	543	105	
	483	288	
	479	126	
	472	53	402000
	342	152	
	403	115	
	499	105	
	338	35	
	466	172	
		73	
	479	106	
	331	25	
	499	120	
	425	142	703800
	333	172	
	459	127	
	367	87	
	465	79	
	446	112	
	449	62	
	456	190	
	336	61	
	362	187	
	459	168	
	375	74	
	406	156	
	446	145	
	352	116	
	467	209	
	380	191	
	403	133	
	496	129	
	460	180	
	579	138	c06000
	521	94	
	566	130	
	535	105	
	546	124	
	560	89	
	562	110	
	578	135	
	538	122	
	532	140	
	373	132	e07000
	356	112	
	362	132	
	341	110	
	334	114	
	369	126	
	332	93	
	368	104	
	336	108	
	371	134	
	343	5	f07800
	344	-4	
	342	0	
	334	-12	
	335	-16	
	336	-3	
	334	4	
	342		
	341	-2	
	337		
	413	106	
	408	105	
	413	123	
	423	125	
	421	118	
	423	108	
	416	102	
	413	118	
	409	119	
	413	112	
	511	239	402000
	408	235	
	516	155	
	503	126	
	369	119	
	484	182	
	351	113	
	493	249	
	470	214	
	400	262	
	466	126	703800
	443	270	
	452	142	
	396	241	
	382	214	
line	133	0	133	480	002850
	518		518		000050
	128	210	608	210	
	258	-18	246	-13	7fff7f
	382	196	378	207	
	261	-12	246	-8	
	553	228	540	225	
static	304	108	340	141	ffffff	68	/sprites/652.SMIV/2
	318	-153	606	102		20	/sprites/604.SMIV/15
draw	346	226	382	259	/sprites/652.SMIV/2
	6	320	54	341	/sprites/652.SMIV/17
	425	463	467	493	/sprites/652.SMIV/21
	195	-14	237	16	/sprites/652.SMIV/3
	226	-30	262	3	/sprites/652.SMIV/2
	325	172	421	269	/sprites/554.SMIV/5
	406	145		155	/sprites/653.SMIV/4
	433	107	445	119	/sprites/554.SMIV/9
	376	231	388	244	/sprites/653.SMIV/0
	368	201	381	215	/sprites/554.SMIV/8
	325	92	340	103	/sprites/653.SMIV/2
	532	97	540		/sprites/504.SMIV/19
	406	105	412	110	/sprites/504.SMIV/18
	389	167	400	179	/sprites/554.SMIV/10
	370	181	385	191	/sprites/653.SMIV/4
	336	210	360	233	/sprites/541.SMIV/6
	337	100	345	106	/sprites/504.SMIV/19
	436	101	448	113	/sprites/554.SMIV/5
	438	94	444	101	/sprites/554.SMIV/1
	407	101	413	107	/sprites/554.SMIV/0
dither	465	4	534	21	001830
tint	469	8	477	20	000000	/font/5000/47
	476		484			/font/5000/61
	483		491			/font/5000/74
	490		498			/font/5000/65
	497		505			/font/5000/20
	504		512			/font/5000/53
	511		519			/font/5000/68
	518		526			/font/5000/69
	525		533			/font/5000/70
	468	7	476	19	007fff	/font/5000/47
	475		483			/font/5000/61
	482		490			/font/5000/74
	489		497			/font/5000/65
	496		504			/font/5000/20
	503		511			/font/5000/53
	510		518			/font/5000/68
	517		525			/font/5000/69
	524		532			/font/5000/70
line	448	57	436	66	489048
			449	72	
	436	66			204020
draw	0	0	128	480	/pictures/501.png
	608		640		/pictures/512.png
tint	29	159	37	172	ff0000	/font/5001/32
	35		43			/font/5001/34
	41		49			/font/5001/33
line	614	401	614	359	00488f
		359	622		
	622			401	002850
		401	614		
rect	615	360	622	401	003870
line	614	456	614	402	007fff
		402	622		
	622			456	00488f
		456	614		
rect	615	403	622	456	0070e0
line	614	239	614	231	909048
		231	622		
	622			239	505028
		239	614		
rect	615	232	622	239	707038
line	614	328	614	240	ffff7f
		240	622		
	622			328	909048
		328	614		
rect	615	241	622	328	e0e070
line	614	125	614	103	904848
		103	622		
	622			125	502828
		125	614		
rect	615	104	622	125	703838
line	614	200	614	126	ff7f7f
		126	622		
	622			200	904848
		200	614		
rect	615	127	622	200	e07070
line	618	8	629	8	90488f
			618	9	
	629		629		
	618	36		36	
			618	35	
	629		629		
rect	620	10	628	35	703870
		24			c060c0
	634	49	636	52	7fff7f
		53		56	60c060
		57		60	
		61		64	
		65		68	
		69		72	7fff7f
		73		76	60c060
		77		80	
		81		84	
		85		88	
		89		92	7fff7f
		93		96	60c060
		97		100	
		101		104	
		105		108	
		109		112	7fff7f
		113		116	60c060
		117		120	
		121		124	
		125		128	
		129		132	7fff7f
		133		136	60c060
		137		140	
		141		144	
		145		148	
		149		152	7fff7f
		153		156	60c060
		157		160	
		161		164	
		165		168	
		169		172	7fff7f
		173		176	0060c0
		177		180	
		181		184	
		185		188	
		189		192	007fff
		193		196	0060c0
		197		200	
		201		204	
		205		208	
		209		212	007fff
		213		216	0060c0
		217		220	183018
		221		224	
		225		228	
		229		232	
		233		236	
		237		240	
		241		244	
		245		248	
		249		252	
		253		256	
		257		260	
		261		264	
		265		268	
		269		272	
		273		276	
		277		280	
		281		284	
		285		288	
		289		292	
		293		296	
		297		300	
		301		304	
		305		308	
		309		312	
		313		316	
		317		320	
		321		324	
		325		328	
		329		332	
		333		336	
		337		340	
		341		344	
		345		348	
		349		352	
		353		356	
		357		360	
		361		364	
		365		368	
		369		372	
		373		376	
		377		380	
		381		384	
		385		388	
		389		392	
		393		396	
		397		400	
		401		404	
		405		408	
		409		412	
		413		416	
		417		420	
		421		424	
		425		428	
		429		432	
		433		436	
		437		440	
		441		444	
		445		448	
	621	52	631	56	303000
		57		61	
		62		66	
		67		71	
		72		76	
		77		81	
		82		86	
	7	7	115	115	00ff00
	8	8	114	114	001000
	55	55	67	67	003000
point	15	67	009000
	60	59	
	63	54	
	61	60	
	70	71	
	57	74	
		61	
	62	58	
	50		
	17	40	
	23	71	
	97	102	
	61	61	
		60	
	62	59	
	64	36	
	56	55	
	63	58	
	53	71	
	39	87	
	61	60	
	63	67	
	61	61	
	58	56	
	61	61	
	62	59	
	61	55	
		60	
	32	78	
	58	55	
	61	61	
	65	58	
	62		
		59	
	59	46	
	61	60	
rect	12	320	121	440	001000
tint	15	320	23	333	00ff00	/font/5001/42
	21		29			/font/5001/55
	27		35			/font/5001/49
	33		41			/font/5001/4c
	39		47			/font/5001/44
	45		53			/font/5001/20
	51		59			/font/5001/53
	57		65			/font/5001/48
	63		71			/font/5001/49
	69		77			/font/5001/50
	75		83			/font/5001/53
line	12	342	119	342	009000
tint	15	332	23	345	00ff00	/font/5001/50
	21		29			/font/5001/69
	27		35			/font/5001/63
	33		41			/font/5001/74
	39		47			/font/5001/6f
	45		53			/font/5001/72
	51		59			/font/5001/69
	57		65			/font/5001/73
	63		71			/font/5001/20
	69		77			/font/5001/42
	75		83			/font/5001/65
	81		89			/font/5001/74
	87		95			/font/5001/61
	15	344	23	357		/font/5001/46
	21		29			/font/5001/69
	27		35			/font/5001/67
	33		41			/font/5001/68
	39		47			/font/5001/74
	45		53			/font/5001/65
	51		59			/font/5001/72
	15	356	23	369		/font/5001/43
	21		29			/font/5001/72
	27		35			/font/5001/75
	33		41			/font/5001/69
	39		47			/font/5001/73
	45		53			/font/5001/65
	51		59			/font/5001/72
line	12	379	12	368	009000
		368	120		
	120			379	005000
		379	12		
rect	13	369	120	379	007000
tint	15	368	23	381	00ff00	/font/5001/47
	21		29			/font/5001/75
	27		35			/font/5001/6e
	33		41			/font/5001/73
	39		47			/font/5001/68
	45		53			/font/5001/69
	51		59			/font/5001/70
	15	380	23	393		/font/5001/54
	21		29			/font/5001/72
	27		35			/font/5001/61
	33		41			/font/5001/6e
	39		47			/font/5001/73
	45		53			/font/5001/70
	51		59			/font/5001/6f
	57		65			/font/5001/72
	63		71			/font/5001/74
line	12	438	119	438	009000
rect	16	450	114	475	001010
line	17	461	17	450	00c0c0
		450	43		
	43			461	007070
		461	17		
rect	18	451	43	461	009090
tint	19	450	27	463	00ffff	/font/5001/52
	25		33			/font/5001/47
	31		39			/font/5001/48
	37		45			/font/5001/54
	43		51			/font/5001/20
	49		57			/font/5001/42
	55		63			/font/5001/75
	61		69			/font/5001/69
	67		75			/font/5001/6c
	73		81			/font/5001/64
line	17	473	17	462	00c0c0
		462	43		
	43			473	007070
		473	17		
rect	18	463	43	473	009090
tint	19	462	27	475	00ffff	/font/5001/4c
	25		33			/font/5001/45
	31		39			/font/5001/46
	37		45			/font/5001/54
	43		51			/font/5001/20
	49		57			/font/5001/4d
	55		63			/font/5001/61
	61		69			/font/5001/69
	67		75			/font/5001/6e
	73		81			/font/5001/20
	79		87			/font/5001/4d
	85		93			/font/5001/65
	91		99			/font/5001/6e
	97		105			/font/5001/75
rect	12	180	120	192	000000
line	12	191	12	180	ffff00
		180	119		
	119			191	909000
		191	12		
rect	13	181	119	191	c0c000
tint	15	180	23	193	000000	/font/5001/43
	21		29			/font/5001/4f
	27		35			/font/5001/4e
	33		41			/font/5001/54
	39		47			/font/5001/52
	45		53			/font/5001/4f
	51		59			/font/5001/4c
rect	12	192	120	204	000000
tint	15	192	23	205	7fff7f	/font/5001/47
	21		29			/font/5001/55
	27		35			/font/5001/4e
	33		41			/font/5001/53
	39		47			/font/5001/48
	45		53			/font/5001/49
	51		59			/font/5001/50
rect	14	204	36	226	000000
draw	18	206	32	224	/sprites/652.SMIV/0
line	14	204	35	204	489048
			14	205	
	35		35		
	14	225		225	
			14	224	
	35		35		
rect	40	204	51	226	000000
	42	206	49	208	003870
		208		224	0060c0
line	40	204	50	204	00488f
			40	205	
	50		50		
	40	225		225	
			40	224	
	50		50		
rect	53	204	64	226	000000
	55	206	62	207	707000
		207		224	c0c000
line	53	204	63	204	909000
			53	205	
	63		63		
	53	225		225	
			53	224	
	63		63		
rect	69	204	120	216	000000
tint	69	204	77	217	7fff7f	/font/5001/4c
	75		83			/font/5001/53
	81		89			/font/5001/52
	87		95			/font/5001/54
	93		101			/font/5001/55
	99		107			/font/5001/52
	105		113			
	111		119			/font/5001/54
rect	69	216	120	228	000000
tint	69	216	77	229	7fff7f	/font/5001/4d
	75		83			/font/5001/47
	81		89			/font/5001/4e
	87		95			/font/5001/54
	93		101			/font/5001/4f
	99		107			/font/5001/50
	105		113			/font/5001/4c
	111		119			/font/5001/53
rect	69	192	120	204	000000
	12	228		240	
tint	12	228	20	241	ff0000	/font/5001/47
	18		26			/font/5001/61
	24		32			/font/5001/74
	30		38			/font/5001/65
	36		44			/font/5001/20
	42		50			/font/5001/53
	48		56			/font/5001/68
	54		62			/font/5001/69
	60		68			/font/5001/70
rect	12	252	120	264	000000
line	12	263	12	252	007fff
		252	119		
	119			263	00488f
		263	12		
rect	13	253	119	263	0060c0
tint	15	252	23	265	000000	/font/5001/54
	21		29			/font/5001/41
	27		35			/font/5001/52
	33		41			/font/5001/47
	39		47			/font/5001/45
	45		53			/font/5001/54
rect	12	264	120	276	000000
tint	15	264	23	277	7fff7f	/font/5001/47
	21		29			/font/5001/41
	27		35			/font/5001/54
	33		41			/font/5001/45
	39		47			/font/5001/53
	45		53			/font/5001/48
	51		59			/font/5001/49
	57		65			/font/5001/50
rect	14	276	36	298	000000
draw	20	278	31	296	/sprites/604.SMIV/0
line	14	276	35	276	489048
			14	277	
	35		35		
	14	297		297	
			14	296	
	35		35		
rect	40	276	51	298	000000
	42	278	49	295	003870
		295		296	0060c0
line	40	276	50	276	00488f
			40	277	
	50		50		
	40	297		297	
			40	296	
	50		50		
rect	53	276	64	298	000000
	55	278	62	279	707000
		279		296	c0c000
line	53	276	63	276	909000
			53	277	
	63		63		
	53	297		297	
			53	296	
	63		63		
rect	69	276	120	288	000000
tint	69	276	77	289	7fff7f	/font/5001/4d
	75		83			/font/5001/47
	81		89			/font/5001/4e
	87		95			/font/5001/4f
	93		101			/font/5001/50
	99		107			/font/5001/55
	105		113			/font/5001/4c
	111		119			/font/5001/53
rect	69	288	120	300	000000
tint	69	288	77	301	7fff7f	/font/5001/53
	75		83			/font/5001/48
	81		89			/font/5001/52
	87		95			/font/5001/4b
	93		101			/font/5001/4f
	99		107			/font/5001/4c
	105		113			/font/5001/54
	111		119			/font/5001/52
rect	69	264	120	276	000000
tint	69	264	77	277	7fff7f	/font/5001/45
	75		83			/font/5001/4c
	81		89			/font/5001/43
	87		95			/font/5001/54
	93		101			/font/5001/4a
	99		107			/font/5001/41
	105		113			/font/5001/4d
rect	12	300	120	312	000000
tint	12	300	20	313	00ff00	/font/5001/43
	18		26			/font/5001/61
	24		32			/font/5001/72
	30		38			
	36		44			/font/5001/69
	42		50			/font/5001/65
	48		56			/font/5001/72
