point	442	351	808080
	349	453	b0b0b0
	331	28	
	539	319	808080
	277	262	b0b0b0
	478	93	808080
	517	297	d0d0d0
	443	462	808080
	325	121	d0d0d0
	170	134	808080
	232	418	d0d0d0
	179	447	
	279	127	808080
	486	366	b0b0b0
	186	203	
	497	187	808080
	282	398	
	343	177	
	213	383	d0d0d0
	358	227	
	328	94	808080
	469	446	
	360	235	b0b0b0
	450	322	808080
	585	59	b0b0b0
	343	237	808080
	369	19	d0d0d0
	419	370	808080
	310	394	
	386	358	d0d0d0
	603	396	b0b0b0
	469	399	d0d0d0
	492	114	808080
	424	181	b0b0b0
	509	332	d0d0d0
	535	391	b0b0b0
	236	370	
	286	130	808080
	305	459	
	318	74	
	499	421	b0b0b0
	281	85	808080
	195	416	
	192	336	
	520	197	d0d0d0
	243	337	b0b0b0
	322	230	808080
	316	193	
	496	145	
	584	3	
	562	431	
	506	65	
	244	121	
	196	410	b0b0b0
	232	477	808080
	264	341	b0b0b0
	517	41	808080
	314	465	b0b0b0
	404	80	d0d0d0
	233	304	808080
	495	30	
	467	166	
	446	279	b0b0b0
	141	154	d0d0d0
	544	30	808080
	277	280	b0b0b0
	529	417	808080
	500	473	
	164	432	b0b0b0
	394	81	d0d0d0
	336	46	808080
	470	479	
	142	281	d0d0d0
	413	175	808080
	220	327	
	133	43	
	403	426	
	206	92	
	231	352	d0d0d0
	255	235	808080
	470	45	d0d0d0
	480	456	
	301	451	
	477	283	
	220	473	b0b0b0
	510	92	808080
	308	158	
	440	22	
	544	281	
	264	464	b0b0b0
	173	230	808080
	562	465	d0d0d0
	432	314	808080
	527	50	
	562	265	
	604	246	b0b0b0
	166	184	d0d0d0
	330	341	b0b0b0
	551	90	808080
	429	311	
	406	469	b0b0b0
	459	130	
	152	192	d0d0d0
	604	195	
	480	430	
	308	250	808080
	422	91	d0d0d0
	362	225	
	218	366	b0b0b0
	481	211	d0d0d0
	470	251	
	362	280	b0b0b0
	558	235	808080
	461	248	
	193	106	b0b0b0
	456	68	808080
	428	345	
	444	13	
	528	9	
	408	235	b0b0b0
	194	300	
	582	72	808080
	153	435	b0b0b0
	157	264	808080
	338	457	
	464	110	b05800
	443	108	
	475	94	
	450	112	
	463	90	
	460	113	
	462	126	
	470	100	
	428	99	
	447	139	
	443	116	ff7f00
		114	
			
		116	
	442	115	
	443	116	
	442	115	
		114	
	444	115	
	442		
	473	247	201000
	541	220	
	433	115	
	390	181	
	439	110	
	430	201	
	397	115	
	443	202	
	452	256	
	455	192	
	442	126	ff7f00
		127	
			
	441	128	
	442		
	444		
	442	126	
	441	125	
	444	127	
	443	128	
	490	117	301800
	436	58	
	482	68	
	497	99	
	451	34	
	446	18	
	459	55	
	380	41	
	492	100	
	471	25	
	475	175	502800
	399	165	
	509	170	
	423	222	
	403	228	
	513	258	
	397	197	
	438	152	
	415	236	
	406	220	
	445	49	d06800
	440	64	
	430	55	
	458	51	
	443	57	
	463	65	
	456	57	
	435	51	
	458	72	
	438	66	
	457	136	
	455	121	
	467	135	
	443	142	
	464	135	
	452	138	
	438	121	
	445	136	
	459	128	
	437	143	
	486	249	201000
	388	248	
	368	235	
	474	228	
	462	251	
	474	211	
	433	102	
	412	202	
	506	154	
	394	125	
	423	178	502800
	412	201	
	393	213	
	460	191	
	414	175	
	421	180	
	414	223	
	377	233	
	379	204	
	474	230	
	467	98	904800
	469	71	
	413	94	
	474	138	
	471	139	
line	235	0	235	480	002850
	446		446		000050
	128	20	608	20	002850
		231		231	000050
		442		442	
	395	159	389	165	7fff7f
	402	6	397	7	
	442	-12	448	-15	
	368	-8	374	-10	
	355	114	359	107	
	316	17	313	21	
	417	119	410	119	
draw	389	153	412	169	/sprites/652.SMIV/3
static	436	35	541	195	ffffff	15	/sprites/604.SMIV/23
draw	356	232	375	250	/sprites/652.SMIV/2
	344	121	363	139	/sprites/652.SMIV/10
	200	431	219	449	/sprites/652.SMIV/2
	366	170	389	186	/sprites/652.SMIV/3
	320	238	343	254	
	258	51	282	65	/sprites/652.SMIV/16
	404	164	410	170	/sprites/554.SMIV/9
	410	145	418	151	/sprites/653.SMIV/2
	412	148	420	153	/sprites/653.SMIV/4
	436	55	440	58	/sprites/504.SMIV/19
	434	111	438	114	
	441	113	444	115	/sprites/504.SMIV/18
	392	-11	401	2	/sprites/581.SMIV/0
	442	125	445	127	/sprites/504.SMIV/18
	440	121	444	124	/sprites/504.SMIV/19
	436	154	440	157	
dither	332	254	387	271	303000
crop	336	258	343	269	56	44	000000	/fonts/tactical
	343		350		40	77		
	350		357		112	66		
	357		364		24	77		
	364		371		64	66		
	371		378		72			
	378		385		0	77		
	335	257	342	268	56	44	ffff00	
	342		349		40	77		
	349		356		112	66		
	356		363		24	77		
	363		370		64	66		
	370		377		72			
	377		384		0	77		
dither	480	84	549	101	001830
crop	484	88	491	99	56	44	000000	/fonts/tactical
	491		498		8	66		
	498		505		32	77		
	505		512		40	66		
	512		519		0	22		
	519		526		24	55		
	526		533		64	66		
	533		540		72			
	540		547		0	77		
	483	87	490	98	56	44	007fff	
	490		497		8	66		
	497		504		32	77		
	504		511		40	66		
	511		518		0	22		
	518		525		24	55		
	525		532		64	66		
	532		539		72			
	539		546		0	77		
line	448	57	436	66	489048
			449	72	
	436	66			204020
draw	0	0	128	480	/pictures/501.png
	608		640		/pictures/512.png
crop	29	159	35	171	16	36	ff0000	/fonts/computer
	35		41					
	41		47		56			
line	614	401	614	359	00488f
		359	622		
	622			401	002850
		401	614		
rect	615	360	622	401	003870
line	614	456	614	402	007fff
		402	622		
	622			456	00488f
		456	614		
rect	615	403	622	456	0070e0
line	614	240	614	231	909048
		231	622		
	622			240	505028
		240	614		
rect	615	232	622	240	707038
line	614	328	614	241	ffff7f
		241	622		
	622			328	909048
		328	614		
rect	615	242	622	328	e0e070
line	614	126	614	103	904848
		103	622		
	622			126	502828
		126	614		
rect	615	104	622	126	703838
line	614	200	614	127	ff7f7f
		127	622		
	622			200	904848
		200	614		
rect	615	128	622	200	e07070
line	618	8	629	8	90488f
			618	9	
	629		629		
	618	36		36	
			618	35	
	629		629		
rect	620	10	628	35	703870
		29			c060c0
	634	49	636	52	7fff7f
		53		56	60c060
		57		60	
		61		64	
		65		68	
		69		72	7fff7f
		73		76	60c060
		77		80	
		81		84	
		85		88	
		89		92	7fff7f
		93		96	60c060
		97		100	
		101		104	
		105		108	
		109		112	7fff7f
		113		116	60c060
		117		120	
		121		124	
		125		128	
		129		132	7fff7f
		133		136	60c060
		137		140	
		141		144	
		145		148	
		149		152	7fff7f
		153		156	60c060
		157		160	
		161		164	
		165		168	
		169		172	7fff7f
		173		176	60c060
		177		180	0060c0
		181		184	
		185		188	
		189		192	007fff
		193		196	0060c0
		197		200	
		201		204	
		205		208	
		209		212	007fff
		213		216	0060c0
		217		220	
		221		224	183018
		225		228	
		229		232	
		233		236	
		237		240	
		241		244	
		245		248	
		249		252	
		253		256	
		257		260	
		261		264	
		265		268	
		269		272	
		273		276	
		277		280	
		281		284	
		285		288	
		289		292	
		293		296	
		297		300	
		301		304	
		305		308	
		309		312	
		313		316	
		317		320	
		321		324	
		325		328	
		329		332	
		333		336	
		337		340	
		341		344	
		345		348	
		349		352	
		353		356	
		357		360	
		361		364	
		365		368	
		369		372	
		373		376	
		377		380	
		381		384	
		385		388	
		389		392	
		393		396	
		397		400	
		401		404	
		405		408	
		409		412	
		413		416	
		417		420	
		421		424	
		425		428	
		429		432	
		433		436	
		437		440	
		441		444	
		445		448	
	621	52	631	56	303000
		57		61	
		62		66	
		67		71	
		72		76	
		77		81	
		82		86	
	7	7	115	115	00ff00
	8	8	114	114	001000
	50	50	72	72	003000
point	14	68	009000
	62	58	
	66	55	
	60	51	
	64	56	
	57	74	
	51		
	11	77	
	63	57	
	62	58	
	63	52	
	60	56	
	29	44	
	61	58	
	64	55	
	62	51	
	64	48	
	51	29	
	59	62	
	46	77	
	64	48	
	61	59	
	62	55	
	61	45	
	64	58	
	63	51	
	62	58	
	42	72	
	62	59	
		58	
	63	54	
	61	48	
	62	57	
		58	
	58	52	
	63	58	
		57	
rect	12	320	121	440	001000
crop	15	320	21	332	16	48	00ff00	/fonts/computer
	21		27		40	60		
	27		33		72	48		
	33		39		96			
	39		45		32			
	45		51		0	24		
	51		57		24	60		
	57		63		64	48		
	63		69		72			
	69		75		0	60		
	75		81		24			
line	12	342	119	342	009000
crop	15	332	21	344	0	60	00ff00	/fonts/computer
	21		27		72	72		
	27		33		24			
	33		39		32	84		
	39		45		120	72		
	45		51		16	84		
	51		57		72	72		
	57		63		24	84		
	63		69		0	24		
	69		75		16	48		
	75		81		40	72		
	81		87		32	84		
	87		93		8	72		
	15	344	21	356	48	48		
	21		27		72	72		
	27		33		56			
	33		39		64			
	39		45		32	84		
	45		51		40	72		
	51		57		16	84		
	15	356	21	368	24	48		
	21		27		16	84		
	27		33		40			
	33		39		72	72		
	39		45		24	84		
	45		51		40	72		
	51		57		16	84		
line	12	379	12	368	009000
		368	120		
	120			379	005000
		379	12		
rect	13	369	120	379	007000
crop	15	368	21	380	56	48	00ff00	/fonts/computer
	21		27		40	84		
	27		33		112	72		
	33		39		24	84		
	39		45		64	72		
	45		51		72			
	51		57		0	84		
	15	380	21	392	32	60		
	21		27		16	84		
	27		33		8	72		
	33		39		112			
	39		45		24	84		
	45		51		0			
	51		57		120	72		
	57		63		16	84		
	63		69		32			
line	12	438	119	438	009000
rect	16	450	114	475	001010
line	17	461	17	450	00c0c0
		450	43		
	43			461	007070
		461	17		
rect	18	451	43	461	009090
crop	19	450	25	462	16	60	00ffff	/fonts/computer
	25		31		56	48		
	31		37		64			
	37		43		32	60		
	43		49		0	24		
	49		55		16	48		
	55		61		40	84		
	61		67		72	72		
	67		73		96			
	73		79		32			
line	17	473	17	462	00c0c0
		462	43		
	43			473	007070
		473	17		
rect	18	463	43	473	009090
crop	19	462	25	474	96	48	00ffff	/fonts/computer
	25		31		40			
	31		37		48			
	37		43		32	60		
	43		49		0	24		
	49		55		104	48		
	55		61		8	72		
	61		67		72			
	67		73		112			
	73		79		0	24		
	79		85		104	48		
	85		91		40	72		
	91		97		112			
	97		103		40	84		
line	12	191	12	180	ffff00
		180	120		
	120			191	909000
		191	12		
rect	13	181	120	191	c0c000
crop	15	180	21	192	24	48	000000	/fonts/computer
	21		27		120			
	27		33		112			
	33		39		32	60		
	39		45		16			
	45		51		120	48		
	51		57		96			
	15	192	21	204	56		7fff7f	
	21		27		40	60		
	27		33		112	48		
	33		39		24	60		
	39		45		64	48		
	45		51		72			
	51		57		0	60		
draw	18	206	32	224	/sprites/652.SMIV/0
line	14	204	35	204	489048
			14	205	
	35		35		
	14	225		225	
			14	224	
	35		35		
rect	42	206	49	208	003870
		208		224	0060c0
line	40	204	50	204	00488f
			40	205	
	50		50		
	40	225		225	
			40	224	
	50		50		
rect	55	206	62	207	707000
		207		224	c0c000
line	53	204	63	204	909000
			53	205	
	63		63		
	53	225		225	
			53	224	
	63		63		
crop	69	204	75	216	96	48	7fff7f	/fonts/computer
	75		81		24	60		
	81		87		16			
	87		93		32			
	93		99		40			
	99		105		16			
	105		111					
	111		117		32			
	69	216	75	228	104	48		
	75		81		56			
	81		87		112			
	87		93		32	60		
	93		99		120	48		
	99		105		0	60		
	105		111		96	48		
	111		117		24	60		
	12	228	18	240	56	48	ff0000	
	18		24		8	72		
	24		30		32	84		
	30		36		40	72		
	36		42		0	24		
	42		48		24	60		
	48		54		64	72		
	54		60		72			
	60		66		0	84		
line	12	263	12	252	007fff
		252	120		
	120			263	00488f
		263	12		
rect	13	253	120	263	0060c0
crop	15	252	21	264	32	60	000000	/fonts/computer
	21		27		8	48		
	27		33		16	60		
	33		39		56	48		
	39		45		40			
	45		51		32	60		
	15	264	21	276	56	48	7fff7f	
	21		27		8			
	27		33		32	60		
	33		39		40	48		
	39		45		24	60		
	45		51		64	48		
	51		57		72			
	57		63		0	60		
draw	20	278	31	296	/sprites/604.SMIV/0
line	14	276	35	276	489048
			14	277	
	35		35		
	14	297		297	
			14	296	
	35		35		
rect	42	278	49	296	003870
		296			0060c0
line	40	276	50	276	00488f
			40	277	
	50		50		
	40	297		297	
			40	296	
	50		50		
rect	55	278	62	279	707000
		279		296	c0c000
line	53	276	63	276	909000
			53	277	
	63		63		
	53	297		297	
			53	296	
	63		63		
crop	69	276	75	288	104	48	7fff7f	/fonts/computer
	75		81		56			
	81		87		112			
	87		93		120			
	93		99		0	60		
	99		105		40			
	105		111		96	48		
	111		117		24	60		
	69	288	75	300				
	75		81		64	48		
	81		87		16	60		
	87		93		88	48		
	93		99		120			
	99		105		96			
	105		111		32	60		
	111		117		16			
	69	264	75	276	40	48		
	75		81		96			
	81		87		24			
	87		93		32	60		
	93		99		80	48		
	99		105		8			
	105		111		104			
	12	300	18	312	24		00ff00	
	18		24		8	72		
	24		30		16	84		
	30		36					
	36		42		72	72		
	42		48		40			
	48		54		16	84		
