point	328	442	808080
	483	73	
	161	166	b0b0b0
	426	411	808080
	586	480	b0b0b0
	365	185	808080
	290	480	d0d0d0
	317	148	
	584	201	b0b0b0
	364	44	808080
	140	91	b0b0b0
	411	112	
	165	219	808080
	195	23	b0b0b0
	458	168	d0d0d0
	384	278	808080
	484	19	d0d0d0
	230	268	808080
	500	440	b0b0b0
	131	411	d0d0d0
	215	186	808080
	535	63	b0b0b0
	190	372	
	337	413	808080
	415	196	b0b0b0
	229	328	808080
	142	202	d0d0d0
	306	461	808080
	591	8	b0b0b0
	594	245	808080
	463	35	
	169	77	b0b0b0
	378	205	808080
	254	318	b0b0b0
	544	35	d0d0d0
	527	48	b0b0b0
	565	394	808080
	173	221	
	383	105	b0b0b0
	205	165	808080
	271	105	d0d0d0
	168	176	808080
	538	70	b0b0b0
	557	128	808080
	293	381	d0d0d0
	569	382	808080
	208	321	
	202	284	
	383	237	
	471	94	
	154	85	d0d0d0
	392	156	808080
	130	213	
	505	395	b0b0b0
	131	88	808080
	572	453	b0b0b0
	404	133	808080
	344	81	
	178	263	d0d0d0
	592	363	
	382	121	808080
	353	257	
	275	416	b0b0b0
	500	232	808080
	431	122	
	592	188	
	464	28	
	301	127	b0b0b0
	516	209	808080
	167	264	d0d0d0
	223	137	808080
	190	19	b0b0b0
	448	452	
	300	266	808080
	576	221	b0b0b0
	305	29	808080
	484	74	d0d0d0
	555	258	b0b0b0
	513	272	
	142	326	808080
	243	228	d0d0d0
	364	119	b0b0b0
	433	361	d0d0d0
	250	467	
	523	386	808080
	396	184	
	194	250	
	327	113	
	431	372	
	337	121	b0b0b0
	472	139	d0d0d0
	518	256	
	319	406	808080
	413	141	
	449	357	
	434	383	b0b0b0
	288	52	808080
	160	478	b0b0b0
	438	182	808080
	316	403	
	576	243	b0b0b0
	289	268	
	505	209	808080
	377	378	d0d0d0
	462	100	b0b0b0
	194	341	808080
	195	275	d0d0d0
	135	409	
	527	395	b0b0b0
	255	394	d0d0d0
	243	434	
	191	417	b0b0b0
	445	327	808080
	348	339	
	536	316	
	342	159	
	315	436	
	331	105	
	415	101	
	238	372	b0b0b0
	503	326	
	469	164	808080
	266	43	
	482	245	b0b0b0
	397	69	808080
line	279	0	279	426	000050
draw	351	34	633	312	/sprites/558.SMIV/13
	322	461	369	505	/sprites/652.SMIV/2
static	414	136	585	234	ffffff	135	/sprites/604.SMIV/5
	355	221	394	266		84	/sprites/652.SMIV/23
	380	245	434	285		140	/sprites/652.SMIV/3
	377		431			36	
	436	156	498	183		68	/sprites/652.SMIV/7
	360	265	414	305		61	/sprites/652.SMIV/3
dither	498	151	567	168	001830
tint	502	155	510	167	000000	/font/5000/47
	509		517			/font/5000/61
	516		524			/font/5000/74
	523		531			/font/5000/65
	530		538			/font/5000/20
	537		545			/font/5000/53
	544		552			/font/5000/68
	551		559			/font/5000/69
	558		566			/font/5000/70
	501	154	509	166	007fff	/font/5000/47
	508		516			/font/5000/61
	515		523			/font/5000/74
	522		530			/font/5000/65
	529		537			/font/5000/20
	536		544			/font/5000/53
	543		551			/font/5000/68
	550		558			/font/5000/69
	557		565			/font/5000/70
rect	128	426	608	480	007fff
		427		479	000810
	132	431	139	442	007fff
tint	132	431	140	443	000810	/font/5000/20
rect	139	431	146	442	007fff
tint	139	431	147	443	000810	/font/5000/49
rect	146	431	153	442	007fff
tint	146	431	154	443	000810	/font/5000/4e
rect	153	431	160	442	007fff
tint	153	431	161	443	000810	/font/5000/43
rect	160	431	167	442	007fff
tint	160	431	168	443	000810	/font/5000/4f
rect	167	431	174	442	007fff
tint	167	431	175	443	000810	/font/5000/4d
rect	174	431	181	442	007fff
tint	174	431	182	443	000810	/font/5000/49
rect	181	431	188	442	007fff
tint	181	431	189	443	000810	/font/5000/4e
rect	188	431	195	442	007fff
tint	188	431	196	443	000810	/font/5000/47
rect	195	431	202	442	007fff
tint	195	431	203	443	000810	/font/5000/20
rect	202	431	209	442	007fff
tint	202	431	210	443	000810	/font/5000/54
rect	209	431	216	442	007fff
tint	209	431	217	443	000810	/font/5000/52
rect	216	431	223	442	007fff
tint	216	431	224	443	000810	/font/5000/41
rect	223	431	230	442	007fff
tint	223	431	231	443	000810	/font/5000/4e
rect	230	431	237	442	007fff
tint	230	431	238	443	000810	/font/5000/53
rect	237	431	244	442	007fff
tint	237	431	245	443	000810	/font/5000/4d
rect	244	431	251	442	007fff
tint	244	431	252	443	000810	/font/5000/49
rect	251	431	258	442	007fff
tint	251	431	259	443	000810	/font/5000/53
rect	258	431	265	442	007fff
tint	258	431	266	443	000810	/font/5000/53
rect	265	431	272	442	007fff
tint	265	431	273	443	000810	/font/5000/49
rect	272	431	279	442	007fff
tint	272	431	280	443	000810	/font/5000/4f
rect	279	431	286	442	007fff
tint	279	431	287	443	000810	/font/5000/4e
rect	286	431	293	442	007fff
tint	286	431	294	443	000810	/font/5000/20
rect	293	431	300	442	000810
tint	293	431	301	443	007fff	/font/5000/20
rect	300	431	307	442	000810
tint	300	431	308	443	007fff	/font/5000/53
rect	307	431	314	442	000810
tint	307	431	315	443	007fff	/font/5000/45
rect	314	431	321	442	000810
tint	314	431	322	443	007fff	/font/5000/43
rect	321	431	328	442	000810
tint	321	431	329	443	007fff	/font/5000/55
rect	328	431	335	442	000810
tint	328	431	336	443	007fff	/font/5000/52
rect	335	431	342	442	000810
tint	335	431	343	443	007fff	/font/5000/45
rect	342	431	349	442	000810
tint	342	431	350	443	007fff	/font/5000/20
rect	349	431	356	442	000810
tint	349	431	357	443	007fff	/font/5000/4b
rect	356	431	363	442	000810
tint	356	431	364	443	007fff	/font/5000/45
rect	363	431	370	442	000810
tint	363	431	371	443	007fff	/font/5000/59
rect	370	431	377	442	000810
tint	370	431	378	443	007fff	/font/5000/20
rect	377	431	384	442	000810
tint	377	431	385	443	007fff	/font/5000/4f
rect	384	431	391	442	000810
tint	384	431	392	443	007fff	/font/5000/4b
rect	391	431	398	442	000810
tint	391	431	399	443	007fff	/font/5000/20
rect	398	431	405	442	000810
tint	398	431	406	443	007fff	/font/5000/2d
rect	405	431	412	442	000810
tint	405	431	413	443	007fff	/font/5000/20
rect	412	431	419	442	000810
tint	412	431	420	443	007fff	/font/5000/4e
rect	419	431	426	442	000810
tint	419	431	427	443	007fff	/font/5000/57
rect	426	431	433	442	000810
tint	426	431	434	443	007fff	/font/5000/33
rect	433	431	440	442	000810
tint	433	431	441	443	007fff	/font/5000/20
rect	440	431	447	442	000810
tint	440	431	448	443	007fff	/font/5000/54
rect	447	431	454	442	000810
tint	447	431	455	443	007fff	/font/5000/49
rect	454	431	461	442	000810
tint	454	431	462	443	007fff	/font/5000/47
rect	461	431	468	442	000810
tint	461	431	469	443	007fff	/font/5000/48
rect	468	431	475	442	000810
tint	468	431	476	443	007fff	/font/5000/54
rect	475	431	482	442	000810
tint	475	431	483	443	007fff	/font/5000/20
rect	482	431	489	442	000810
tint	482	431	490	443	007fff	/font/5000/42
rect	489	431	496	442	000810
tint	489	431	497	443	007fff	/font/5000/45
rect	496	431	503	442	000810
tint	496	431	504	443	007fff	/font/5000/41
rect	503	431	510	442	000810
tint	503	431	511	443	007fff	/font/5000/4d
rect	510	431	604	442	000810
	132	442	139	453	
tint	132	442	140	454	007fff	/font/5000/53
rect	139	442	146	453	000810
tint	139	442	147	454	007fff	/font/5000/4f
rect	146	442	153	453	000810
tint	146	442	154	454	007fff	/font/5000/55
rect	153	442	160	453	000810
tint	153	442	161	454	007fff	/font/5000/52
rect	160	442	167	453	000810
tint	160	442	168	454	007fff	/font/5000/43
rect	167	442	174	453	000810
tint	167	442	175	454	007fff	/font/5000/45
rect	174	442	181	453	000810
tint	174	442	182	454	007fff	/font/5000/3a
rect	181	442	188	453	000810
tint	181	442	189	454	007fff	/font/5000/20
rect	188	442	195	453	000810
tint	188	442	196	454	007fff	/font/5000/48
rect	195	442	202	453	000810
tint	195	442	203	454	007fff	/font/5000/75
rect	202	442	209	453	000810
tint	202	442	210	454	007fff	/font/5000/6d
rect	209	442	216	453	000810
tint	209	442	217	454	007fff	/font/5000/61
rect	216	442	223	453	000810
tint	216	442	224	454	007fff	/font/5000/6e
rect	223	442	230	453	000810
tint	223	442	231	454	007fff	/font/5000/2f
rect	230	442	237	453	000810
tint	230	442	238	454	007fff	/font/5000/49
rect	237	442	244	453	000810
tint	237	442	245	454	007fff	/font/5000/73
rect	244	442	251	453	000810
tint	244	442	252	454	007fff	/font/5000/68
rect	251	442	258	453	000810
tint	251	442	259	454	007fff	/font/5000/69
rect	258	442	265	453	000810
tint	258	442	266	454	007fff	/font/5000/6d
rect	265	442	272	453	000810
tint	265	442	273	454	007fff	/font/5000/61
rect	272	442	279	453	000810
tint	272	442	280	454	007fff	/font/5000/6e
rect	279	442	286	453	000810
tint	279	442	287	454	007fff	/font/5000/20
rect	286	442	293	453	000810
tint	286	442	294	454	007fff	/font/5000/43
rect	293	442	300	453	000810
tint	293	442	301	454	007fff	/font/5000/6f
rect	300	442	307	453	000810
tint	300	442	308	454	007fff	/font/5000/6f
rect	307	442	314	453	000810
tint	307	442	315	454	007fff	/font/5000/72
rect	314	442	321	453	000810
tint	314	442	322	454	007fff	/font/5000/64
rect	321	442	328	453	000810
tint	321	442	329	454	007fff	/font/5000/2e
rect	328	442	335	453	000810
tint	328	442	336	454	007fff	/font/5000/20
rect	335	442	342	453	000810
tint	335	442	343	454	007fff	/font/5000/43
rect	342	442	349	453	000810
tint	342	442	350	454	007fff	/font/5000/6f
rect	349	442	356	453	000810
tint	349	442	357	454	007fff	/font/5000/6e
rect	356	442	363	453	000810
tint	356	442	364	454	007fff	/font/5000/74
rect	363	442	370	453	000810
tint	363	442	371	454	007fff	/font/5000/72
rect	370	442	377	453	000810
tint	370	442	378	454	007fff	/font/5000/6f
rect	377	442	384	453	000810
tint	377	442	385	454	007fff	/font/5000/6c
rect	384	442	604	453	000810
	132	453	139	464	
tint	132	453	140	465	007fff	/font/5000/54
rect	139	453	146	464	000810
tint	139	453	147	465	007fff	/font/5000/68
rect	146	453	153	464	000810
tint	146	453	154	465	007fff	/font/5000/65
rect	153	453	160	464	000810
tint	153	453	161	465	007fff	/font/5000/20
rect	160	453	167	464	000810
tint	160	453	168	465	007fff	/font/5000/43
rect	167	453	174	464	000810
tint	167	453	175	465	007fff	/font/5000/61
rect	174	453	181	464	000810
tint	174	453	182	465	007fff	/font/5000/6e
rect	181	453	188	464	000810
tint	181	453	189	465	007fff	/font/5000/74
rect	188	453	195	464	000810
tint	188	453	196	465	007fff	/font/5000/68
rect	195	453	202	464	000810
tint	195	453	203	465	007fff	/font/5000/61
rect	202	453	209	464	000810
tint	202	453	210	465	007fff	/font/5000/72
rect	209	453	216	464	000810
tint	209	453	217	465	007fff	/font/5000/61
rect	216	453	223	464	000810
tint	216	453	224	465	007fff	/font/5000/6e
rect	223	453	230	464	000810
tint	223	453	231	465	007fff	/font/5000/20
rect	230	453	237	464	000810
tint	230	453	238	465	007fff	/font/5000/47
rect	237	453	244	464	000810
tint	237	453	245	465	007fff	/font/5000/61
rect	244	453	251	464	000810
tint	244	453	252	465	007fff	/font/5000/74
rect	251	453	258	464	000810
tint	251	453	259	465	007fff	/font/5000/65
rect	258	453	265	464	000810
tint	258	453	266	465	007fff	/font/5000/20
rect	265	453	272	464	000810
tint	265	453	273	465	007fff	/font/5000/53
rect	272	453	279	464	000810
tint	272	453	280	465	007fff	/font/5000/68
rect	279	453	286	464	000810
tint	279	453	287	465	007fff	/font/5000/69
rect	286	453	293	464	000810
tint	286	453	294	465	007fff	/font/5000/70
rect	293	453	300	464	000810
tint	293	453	301	465	007fff	/font/5000/20
rect	300	453	307	464	000810
tint	300	453	308	465	007fff	/font/5000/69
rect	307	453	314	464	000810
tint	307	453	315	465	007fff	/font/5000/73
rect	314	453	321	464	000810
tint	314	453	322	465	007fff	/font/5000/20
rect	321	453	328	464	000810
tint	321	453	329	465	007fff	/font/5000/66
rect	328	453	335	464	000810
tint	328	453	336	465	007fff	/font/5000/6f
rect	335	453	342	464	000810
tint	335	453	343	465	007fff	/font/5000/72
rect	342	453	349	464	000810
tint	342	453	350	465	007fff	/font/5000/6d
rect	349	453	356	464	000810
tint	349	453	357	465	007fff	/font/5000/69
rect	356	453	363	464	000810
tint	356	453	364	465	007fff	/font/5000/6e
rect	363	453	370	464	000810
tint	363	453	371	465	007fff	/font/5000/67
rect	370	453	377	464	000810
tint	370	453	378	465	007fff	/font/5000/20
rect	377	453	384	464	000810
tint	377	453	385	465	007fff	/font/5000/61
rect	384	453	391	464	000810
tint	384	453	392	465	007fff	/font/5000/20
rect	391	453	398	464	000810
tint	391	453	399	465	007fff	/font/5000/6a
rect	398	453	405	464	000810
tint	398	453	406	465	007fff	/font/5000/75
rect	405	453	412	464	000810
tint	405	453	413	465	007fff	/font/5000/6d
rect	412	453	419	464	000810
tint	412	453	420	465	007fff	/font/5000/70
rect	419	453	426	464	000810
tint	419	453	427	465	007fff	/font/5000/20
rect	426	453	433	464	000810
tint	426	453	434	465	007fff	/font/5000/67
rect	433	453	440	464	000810
tint	433	453	441	465	007fff	/font/5000/61
rect	440	453	447	464	000810
tint	440	453	448	465	007fff	/font/5000/74
rect	447	453	454	464	000810
tint	447	453	455	465	007fff	/font/5000/65
rect	454	453	461	464	000810
tint	454	453	462	465	007fff	/font/5000/20
rect	461	453	468	464	000810
tint	461	453	469	465	007fff	/font/5000/61
rect	468	453	475	464	000810
tint	468	453	476	465	007fff	/font/5000/6e
rect	475	453	482	464	000810
tint	475	453	483	465	007fff	/font/5000/64
rect	482	453	489	464	000810
tint	482	453	490	465	007fff	/font/5000/20
rect	489	453	496	464	000810
tint	489	453	497	465	007fff	/font/5000/77
rect	496	453	503	464	000810
tint	496	453	504	465	007fff	/font/5000/69
rect	503	453	510	464	000810
tint	503	453	511	465	007fff	/font/5000/74
rect	510	453	517	464	000810
tint	510	453	518	465	007fff	/font/5000/68
rect	517	453	524	464	000810
tint	517	453	525	465	007fff	/font/5000/64
rect	524	453	531	464	000810
tint	524	453	532	465	007fff	/font/5000/72
rect	531	453	538	464	000810
tint	531	453	539	465	007fff	/font/5000/61
rect	538	453	545	464	000810
tint	538	453	546	465	007fff	/font/5000/77
rect	545	453	552	464	000810
tint	545	453	553	465	007fff	/font/5000/69
rect	552	453	559	464	000810
tint	552	453	560	465	007fff	/font/5000/6e
rect	559	453	566	464	000810
tint	559	453	567	465	007fff	/font/5000/67
rect	566	453	573	464	000810
tint	566	453	574	465	007fff	/font/5000/2d
rect	573	453	580	464	000810
tint	573	453	581	465	007fff	/font/5000/2d
rect	580	453	587	464	000810
tint	580	453	588	465	007fff	/font/5000/20
rect	132	464	139	475	000810
tint	132	464	140	476	007fff	/font/5000/77
rect	139	464	146	475	000810
tint	139	464	147	476	007fff	/font/5000/65
rect	146	464	153	475	000810
tint	146	464	154	476	007fff	/font/5000/27
rect	153	464	160	475	000810
tint	153	464	161	476	007fff	/font/5000/6c
rect	160	464	167	475	000810
tint	160	464	168	476	007fff	/font/5000/6c
rect	167	464	174	475	000810
tint	167	464	175	476	007fff	/font/5000/20
rect	174	464	181	475	000810
tint	174	464	182	476	007fff	/font/5000/74
rect	181	464	189	475	007fff
line	333	43	328	58	489048
			343	55	
	328	58			204020
draw	0	0	128	480	/pictures/501.png
	608		640		/pictures/512.png
tint	29	159	37	172	ff0000	/font/5001/31
	35		43			/font/5001/39
	41		49			/font/5001/34
line	614	401	614	359	00488f
		359	622		
	622			401	002850
		401	614		
rect	615	360	622	401	003870
line	614	456	614	402	007fff
		402	622		
	622			456	00488f
		456	614		
rect	615	403	622	456	0070e0
line	614	239	614	231	909048
		231	622		
	622			239	505028
		239	614		
rect	615	232	622	239	707038
line	614	328	614	240	ffff7f
		240	622		
	622			328	909048
		328	614		
rect	615	241	622	328	e0e070
line	614	128	614	103	904848
		103	622		
	622			128	502828
		128	614		
rect	615	104	622	128	703838
line	614	200	614	129	ff7f7f
		129	622		
	622			200	904848
		200	614		
rect	615	130	622	200	e07070
line	618	8	629	8	90488f
			618	9	
	629		629		
	618	36		36	
			618	35	
	629		629		
rect	620	10	628	35	703870
		35			c060c0
	634	49	636	52	7fff7f
		53		56	60c060
		57		60	
		61		64	
		65		68	
		69		72	7fff7f
		73		76	60c060
		77		80	
		81		84	
		85		88	
		89		92	7fff7f
		93		96	60c060
		97		100	
		101		104	
		105		108	
		109		112	7fff7f
		113		116	60c060
		117		120	
		121		124	
		125		128	
		129		132	7fff7f
		133		136	60c060
		137		140	
		141		144	
		145		148	
		149		152	7fff7f
		153		156	60c060
		157		160	
		161		164	
		165		168	
		169		172	7fff7f
		173		176	60c060
		177		180	
		181		184	
		185		188	
		189		192	007fff
		193		196	0060c0
		197		200	
		201		204	
		205		208	
		209		212	007fff
		213		216	0060c0
		217		220	
		221		224	
		225		228	
		229		232	007fff
		233		236	183018
		237		240	
		241		244	
		245		248	
		249		252	
		253		256	
		257		260	
		261		264	
		265		268	
		269		272	
		273		276	
		277		280	
		281		284	
		285		288	
		289		292	
		293		296	
		297		300	
		301		304	
		305		308	
		309		312	
		313		316	
		317		320	
		321		324	
		325		328	
		329		332	
		333		336	
		337		340	
		341		344	
		345		348	
		349		352	
		353		356	
		357		360	
		361		364	
		365		368	
		369		372	
		373		376	
		377		380	
		381		384	
		385		388	
		389		392	
		393		396	
		397		400	
		401		404	
		405		408	
		409		412	
		413		416	
		417		420	
		421		424	
		425		428	
		429		432	
		433		436	
		437		440	
		441		444	
		445		448	
	621	52	631	56	303000
		57		61	
		62		66	
		67		71	
		72		76	
		77		81	
		82		86	
	7	7	115	115	00ff00
	8	8	114	114	001000
	56	56	66	66	003000
point	9	72	009000
	61	66	
	63	60	
	58	72	
	73	65	
	68	63	
	52	56	
	27	69	
	75	72	
	67	68	
	61	61	
	67		
	62	60	
	61	61	
		62	
	63	60	
rect	12	320	121	440	001000
tint	15	320	23	333	00ff00	/font/5001/42
	21		29			/font/5001/55
	27		35			/font/5001/49
	33		41			/font/5001/4c
	39		47			/font/5001/44
	45		53			/font/5001/20
	51		59			/font/5001/53
	57		65			/font/5001/48
	63		71			/font/5001/49
	69		77			/font/5001/50
	75		83			/font/5001/53
line	12	342	119	342	009000
tint	15	332	23	345	00ff00	/font/5001/50
	21		29			/font/5001/69
	27		35			/font/5001/63
	33		41			/font/5001/74
	39		47			/font/5001/6f
	45		53			/font/5001/72
	51		59			/font/5001/69
	57		65			/font/5001/73
	63		71			/font/5001/20
	69		77			/font/5001/42
	75		83			/font/5001/65
	81		89			/font/5001/74
	87		95			/font/5001/61
	15	344	23	357		/font/5001/46
	21		29			/font/5001/69
	27		35			/font/5001/67
	33		41			/font/5001/68
	39		47			/font/5001/74
	45		53			/font/5001/65
	51		59			/font/5001/72
	15	356	23	369		/font/5001/43
	21		29			/font/5001/72
	27		35			/font/5001/75
	33		41			/font/5001/69
	39		47			/font/5001/73
	45		53			/font/5001/65
	51		59			/font/5001/72
line	12	379	12	368	009000
		368	120		
	120			379	005000
		379	12		
rect	13	369	120	379	007000
tint	15	368	23	381	00ff00	/font/5001/47
	21		29			/font/5001/75
	27		35			/font/5001/6e
	33		41			/font/5001/73
	39		47			/font/5001/68
	45		53			/font/5001/69
	51		59			/font/5001/70
	15	380	23	393		/font/5001/54
	21		29			/font/5001/72
	27		35			/font/5001/61
	33		41			/font/5001/6e
	39		47			/font/5001/73
	45		53			/font/5001/70
	51		59			/font/5001/6f
	57		65			/font/5001/72
	63		71			/font/5001/74
line	12	438	119	438	009000
rect	16	450	114	475	001010
line	17	461	17	450	00c0c0
		450	43		
	43			461	007070
		461	17		
rect	18	451	43	461	009090
tint	19	450	27	463	00ffff	/font/5001/52
	25		33			/font/5001/47
	31		39			/font/5001/48
	37		45			/font/5001/54
	43		51			/font/5001/20
	49		57			/font/5001/42
	55		63			/font/5001/75
	61		69			/font/5001/69
	67		75			/font/5001/6c
	73		81			/font/5001/64
line	17	473	17	462	00c0c0
		462	43		
	43			473	007070
		473	17		
rect	18	463	43	473	009090
tint	19	462	27	475	00ffff	/font/5001/4c
	25		33			/font/5001/45
	31		39			/font/5001/46
	37		45			/font/5001/54
	43		51			/font/5001/20
	49		57			/font/5001/4d
	55		63			/font/5001/61
	61		69			/font/5001/69
	67		75			/font/5001/6e
	73		81			/font/5001/20
	79		87			/font/5001/4d
	85		93			/font/5001/65
	91		99			/font/5001/6e
	97		105			/font/5001/75
line	12	191	12	180	ffff00
		180	119		
	119			191	909000
		191	12		
rect	13	181	119	191	c0c000
tint	15	180	23	193	000000	/font/5001/43
	21		29			/font/5001/4f
	27		35			/font/5001/4e
	33		41			/font/5001/54
	39		47			/font/5001/52
	45		53			/font/5001/4f
	51		59			/font/5001/4c
	15	192	23	205	7fff7f	/font/5001/47
	21		29			/font/5001/55
	27		35			/font/5001/4e
	33		41			/font/5001/53
	39		47			/font/5001/48
	45		53			/font/5001/49
	51		59			/font/5001/50
draw	18	206	32	224	/sprites/652.SMIV/0
line	14	204	35	204	489048
			14	205	
	35		35		
	14	225		225	
			14	224	
	35		35		
rect	42	206	49	209	003870
		209		224	0060c0
line	40	204	50	204	00488f
			40	205	
	50		50		
	40	225		225	
			40	224	
	50		50		
rect	55	206	62	207	707000
		207		224	c0c000
line	53	204	63	204	909000
			53	205	
	63		63		
	53	225		225	
			53	224	
	63		63		
tint	69	204	77	217	7fff7f	/font/5001/4c
	75		83			/font/5001/53
	81		89			/font/5001/52
	87		95			/font/5001/54
	93		101			/font/5001/55
	99		107			/font/5001/52
	105		113			
	111		119			/font/5001/54
	69	216	77	229		/font/5001/4d
	75		83			/font/5001/47
	81		89			/font/5001/4e
	87		95			/font/5001/54
	93		101			/font/5001/4f
	99		107			/font/5001/50
	105		113			/font/5001/4c
	111		119			/font/5001/53
	12	228	20	241	ff0000	/font/5001/47
	18		26			/font/5001/61
	24		32			/font/5001/74
	30		38			/font/5001/65
	36		44			/font/5001/20
	42		50			/font/5001/53
	48		56			/font/5001/68
	54		62			/font/5001/69
	60		68			/font/5001/70
line	12	263	12	252	007fff
		252	119		
	119			263	00488f
		263	12		
rect	13	253	119	263	0060c0
tint	15	252	23	265	000000	/font/5001/54
	21		29			/font/5001/41
	27		35			/font/5001/52
	33		41			/font/5001/47
	39		47			/font/5001/45
	45		53			/font/5001/54
	15	264	23	277	7fff7f	/font/5001/47
	21		29			/font/5001/41
	27		35			/font/5001/54
	33		41			/font/5001/45
	39		47			/font/5001/53
	45		53			/font/5001/48
	51		59			/font/5001/49
	57		65			/font/5001/50
draw	20	278	31	296	/sprites/604.SMIV/0
line	14	276	35	276	489048
			14	277	
	35		35		
	14	297		297	
			14	296	
	35		35		
rect	42	278	49	279	003870
		279		296	0060c0
line	40	276	50	276	00488f
			40	277	
	50		50		
	40	297		297	
			40	296	
	50		50		
rect	55	278	62	278	707000
				296	c0c000
line	53	276	63	276	909000
			53	277	
	63		63		
	53	297		297	
			53	296	
	63		63		
tint	69	276	77	289	7fff7f	/font/5001/4d
	75		83			/font/5001/47
	81		89			/font/5001/4e
	87		95			/font/5001/4f
	93		101			/font/5001/50
	99		107			/font/5001/55
	105		113			/font/5001/4c
	111		119			/font/5001/53
