point	303	68	b0b0b0
	560	164	
	428	324	
	420	245	808080
	464	161	
	368	332	
	330	299	b0b0b0
	166	189	
	201	331	d0d0d0
	370	380	b0b0b0
	220	281	808080
	218	147	b0b0b0
	332	124	808080
	340	298	b0b0b0
	361	212	
	479	385	808080
	567	442	
	234	107	b0b0b0
	143	445	d0d0d0
	566	472	b0b0b0
	314	81	808080
	412	348	
	186	391	d0d0d0
	516	433	808080
	448	227	
	522	302	b0b0b0
	492	455	808080
	479	142	
	190	273	d0d0d0
	282	403	
	458	26	
	517	437	b0b0b0
	130	421	808080
	419	44	
	197	170	
	578	59	b0b0b0
	369	378	d0d0d0
	216	239	808080
	563	14	b0b0b0
	394	284	808080
	376	300	b0b0b0
	129	238	d0d0d0
	429	361	808080
	487	90	
	559	221	
	328	107	
	332	91	b0b0b0
	245	216	d0d0d0
	459	2	b0b0b0
	255	290	d0d0d0
	488	461	808080
	514	437	b0b0b0
	149	340	808080
	503	420	d0d0d0
	265	98	
	546	256	808080
	338	416	
	272	62	d0d0d0
	448	199	808080
	170	290	
	571	197	
	143	20	
	238	89	b0b0b0
	204	158	808080
	178	287	d0d0d0
	315	181	808080
	300	304	
	426	228	
	376	51	
	402	236	b0b0b0
	422	176	808080
	240	452	
	529	28	
	312	272	d0d0d0
	420	420	b0b0b0
	164	49	808080
	226	463	b0b0b0
	227	407	
	125	10	
	503	40	
	575	441	808080
	557	345	
	134	184	
	508	188	
	372	360	b0b0b0
	309	104	
	311	220	d0d0d0
	272	277	
	546	227	
	143	435	
	586	402	808080
	540	323	d0d0d0
	354	8	
	217	432	808080
	560	90	
	299	397	b0b0b0
	238	382	808080
	555	389	d0d0d0
	269	102	
	458	65	b0b0b0
	545	299	
	133	69	
	373	269	808080
	363	57	
	197	424	d0d0d0
	255	414	808080
	236	197	d0d0d0
	151	272	b0b0b0
	583	370	d0d0d0
	129	238	b0b0b0
	514	272	d0d0d0
	321	346	
	296	25	808080
	254	389	d0d0d0
	602	310	
	477	428	
	199	380	b0b0b0
	468	133	808080
	186	372	d0d0d0
	147	18	b0b0b0
	295	347	808080
	335	317	d0d0d0
	551	323	808080
	530	16	d0d0d0
	164	462	b0b0b0
rect	499	0	500	481	002850
	128	130	609	131	000050
draw	350	223	378	249	/sprites/ish/hvc%9
	245	225	254	232	/sprites/zrb/base%3
	84	336	96	347	/sprites/can/fighter%16
	581	153	590	158	/sprites/dev/fusion%5
	328	212	359	240	/sprites/sfx/warp%1
line	520	367	515	353	489048
			505	365	
	515	353			204020
draw	0	-144	128	624	/pictures/gui/instruments/left.png
	608		640		/pictures/gui/instruments/right.png
crop	29	159	35	171	8	36	ff0000	/fonts/computer.png
	35		41		32			
	41		47		48			
	102		108		0		ff7f00	
	108		114					
	114		120		40			
rect	614	359	615	457	007fff
			623	360	
	622			457	00488f
	614	456			
	615	360	622	456	0070e0
	614	231	615	249	909048
			623	232	
	622			249	505028
	614	248			
	615	232	622	248	707038
	614	249	615	329	ffff7f
			623	250	
	622			329	909048
	614	328			
	615	250	622	328	e0e070
	614	103	615	104	904848
			623		
	622				502828
	614				
		104	615	201	ff7f7f
			623	105	
	622			201	904848
	614	200			
	615	105	622	200	e07070
	634	49	636	52	7fff7f
		53		56	60c060
		57		60	
		61		64	
		65		68	
		69		72	7fff7f
		73		76	60c060
		77		80	
		81		84	
		85		88	
		89		92	7fff7f
		93		96	60c060
		97		100	
		101		104	
		105		108	
		109		112	7fff7f
		113		116	60c060
		117		120	
		121		124	
		125		128	
		129		132	7fff7f
		133		136	60c060
		137		140	
		141		144	
		145		148	
		149		152	183018
		153		156	
		157		160	
		161		164	
		165		168	
		169		172	
		173		176	
		177		180	
		181		184	
		185		188	
		189		192	
		193		196	
		197		200	
		201		204	
		205		208	
		209		212	
		213		216	
		217		220	
		221		224	
		225		228	
		229		232	
		233		236	
		237		240	
		241		244	
		245		248	
		249		252	
		253		256	
		257		260	
		261		264	
		265		268	
		269		272	
		273		276	
		277		280	
		281		284	
		285		288	
		289		292	
		293		296	
		297		300	
		301		304	
		305		308	
		309		312	
		313		316	
		317		320	
		321		324	
		325		328	
		329		332	
		333		336	
		337		340	
		341		344	
		345		348	
		349		352	
		353		356	
		357		360	
		361		364	
		365		368	
		369		372	
		373		376	
		377		380	
		381		384	
		385		388	
		389		392	
		393		396	
		397		400	
		401		404	
		405		408	
		409		412	
		413		416	
		417		420	
		421		424	
		425		428	
		429		432	
		433		436	
		437		440	
		441		444	
		445		448	
	621	52	631	56	303000
		57		61	
		62		66	
		67		71	
		72		76	
		77		81	
		82		86	
	7	7	115	115	00ff00
	8	8	114	114	001000
	56	56	68	68	003000
point	59	61	00e000
	55	63	
	36	86	
	61	61	
	66	59	
	36	86	
rect	12	320	121	440	001000
		330	120	331	009000
		332	13	344	
			121	333	
	120			344	005000
	12	343			
	13	333	120	343	007000
	12	438		439	009000
	16	450	114	475	001010
	17		18	462	00c0c0
			44	451	
	43			462	007070
	17	461			
	18	451	43	461	009090
crop	15	320	21	332	104	48	00ff00	/fonts/computer.png
	21		27		8			
	27		33		72			
	33		39		112			
	39		45		0	24		
	45		51		104	48		
	51		57		40			
	57		63		112			
	63		69		40	60		
	15	332	21	344	96	36		
	21		27		16	48		
	27		33		40	84		
	33		39		72	72		
	39		45		96			
	45		51		32			
	51		57		112	36		
	15	344	21	356	96			
	21		27		24	60		
	27		33		0	84		
	33		39		40	72		
	39		45		24			
	45		51		72			
	51		57		8			
	57		63		96			
	63		69		0	24		
	69		75		120	48		
	75		81		16	84		
	81		87		32	72		
	87		93		40			
	93		99		16	84		
	99		105		24			
	105		111		112	36		
	15	356	21	368	96			
	21		27		104	48		
	27		33		40	72		
	33		39		24	84		
	39		45					
	45		51		8	72		
	51		57		56			
	57		63		40			
	63		69		112	36		
	15	368	21	380	96			
	21		27		104	48		
	27		33		72	72		
	33		39		24	84		
	39		45					
	45		51		72	72		
	51		57		120			
	57		63		112			
	63		69		0	24		
	69		75		24	60		
	75		81		32	84		
	81		87		8	72		
	87		93		32	84		
	93		99		40			
	99		105		24			
	105		111		112	36		
	19	450	25	462	16	60	00ffff	
	25		31		56	48		
	31		37		64			
	37		43		32	60		
	43		49		0	24		
	49		55		24	60		
	55		61		40	72		
	61		67		96			
	67		73		40			
	73		79		24			
	79		85		32	84		
rect	12	180	13	192	ffff00
			121	181	
	120			192	909000
	12	191			
	13	181	120	191	c0c000
crop	15	180	21	192	24	48	000000	/fonts/computer.png
	21		27		120			
	27		33		112			
	33		39		32	60		
	39		45		16			
	45		51		120	48		
	51		57		96			
rect	14	204	36	205	489048
			15	206	
	35		36		
	14	225		226	
		224	15		
	35		36		
	12	252	13	264	007fff
			121	253	
	120			264	00488f
	12	263			
	13	253	120	263	0060c0
crop	15	252	21	264	32	60	000000	/fonts/computer.png
	21		27		8	48		
	27		33		16	60		
	33		39		56	48		
	39		45		40			
	45		51		32	60		
rect	14	276	36	277	489048
			15	278	
	35		36		
	14	297		298	
		296	15		
	35		36		
