point	353	282	b0b0b0
	388	456	d0d0d0
	188	336	808080
	212	472	
	128	68	d0d0d0
	271	80	808080
	469	431	
	461	343	d0d0d0
	359	261	b0b0b0
	223	1	
	598	464	
	566	101	808080
	244	284	b0b0b0
	361	129	
	531	147	808080
	441	379	d0d0d0
	466	95	808080
	399	137	b0b0b0
	556	183	
	357	370	d0d0d0
	276	375	
	315	96	808080
	515	21	b0b0b0
	217	53	d0d0d0
	447	442	b0b0b0
	140	439	d0d0d0
	394	92	808080
	526	31	
	295	453	d0d0d0
	512	315	b0b0b0
	173	119	
	189	156	d0d0d0
	343	81	
	178	168	b0b0b0
	550	102	d0d0d0
	327	265	808080
	262	318	d0d0d0
	378	466	808080
	154	389	
	296	32	
	466	8	b0b0b0
	531	31	808080
	331	109	
	564	1	d0d0d0
	521	180	808080
	244	333	
	243	286	
	449	269	
	396	419	d0d0d0
	554	368	b0b0b0
	380	455	808080
	242	390	b0b0b0
	203	133	d0d0d0
	458	58	808080
	220	223	d0d0d0
	442	261	808080
	240	164	
	355	336	
	497	59	b0b0b0
	521	355	
	291	426	
	202	118	
	556	135	d0d0d0
	236	415	b0b0b0
	445	457	808080
	133	337	d0d0d0
	202	52	808080
	261	443	b0b0b0
	383	419	808080
	163	337	b0b0b0
	526	252	808080
	142	200	
	185	143	b0b0b0
	353	358	808080
	345	276	d0d0d0
	601	143	b0b0b0
	194	167	
	479	218	d0d0d0
	585	313	b0b0b0
	519	136	808080
	339	354	d0d0d0
	337	444	808080
	528	216	
	249	374	
	298	466	
	536	449	
	271	336	
	391	464	d0d0d0
	403	413	808080
	553	242	
	425	290	b0b0b0
	579	295	808080
	340	308	d0d0d0
	594	401	b0b0b0
	173	234	
	151	18	
	140	130	808080
	225	383	
	568	113	
	297	346	b0b0b0
	567	0	
	512	379	808080
	276	17	
	212	414	
	472	237	d0d0d0
	157	162	808080
	228	110	d0d0d0
	520	349	808080
	402	343	
	215	218	b0b0b0
	210	242	
	366	267	808080
	295	252	
	569	468	
	307	451	
	432	299	b0b0b0
	554	373	808080
	390	359	
	598	92	b0b0b0
	430	150	d0d0d0
	197	95	808080
	547	12	
	145	431	b0b0b0
	359	23	
	529	163	808080
rect	190	0	191	480	000050
	378		379		
	566		567		005000
	128	143	608	144	000050
		331		332	
draw	363	234	374	246	/sprites/ish/hvc%23
	451	418	470	438	/sprites/ast/regular/big%15
	469	380	471	382	/sprites/zrb/base%0
	539	239	559	259	/sprites/ast/regular/big%16
	61	132	78	150	/sprites/ish/etc/astrominer%7
	195	183	212	201	
	193	193	210	210	/sprites/ish/etc/astrominer%6
line	300	52	298	67	489048
			312	62	
	298	67			204020
draw	0	-144	128	624	/pictures/gui/instruments/left.png
	608		640		/pictures/gui/instruments/right.png
crop	29	159	35	171	8	36	ff0000	/fonts/computer.png
	35		41		24			
	41		47					
	102		108		0		ff7f00	
	108		114					
	114		120		40			
rect	614	359	615	361	00488f
			623	360	
	622			361	002850
	614	360			
		361	615	457	007fff
			623	362	
	622			457	00488f
	614	456			
	615	362	622	456	0070e0
	614	231	615	232	909048
			623		
	622				505028
	614				
		232	615	329	ffff7f
			623	233	
	622			329	909048
	614	328			
	615	233	622	328	e0e070
	614	103	615	201	ff7f7f
			623	104	
	622			201	904848
	614	200			
	615	104	622	200	e07070
	634	49	636	52	7fff7f
		53		56	60c060
		57		60	
		61		64	
		65		68	
		69		72	7fff7f
		73		76	60c060
		77		80	
		81		84	
		85		88	
		89		92	7fff7f
		93		96	60c060
		97		100	
		101		104	
		105		108	
		109		112	7fff7f
		113		116	60c060
		117		120	
		121		124	
		125		128	
		129		132	7fff7f
		133		136	60c060
		137		140	
		141		144	
		145		148	
		149		152	183018
		153		156	
		157		160	
		161		164	
		165		168	
		169		172	
		173		176	
		177		180	
		181		184	
		185		188	
		189		192	
		193		196	
		197		200	
		201		204	
		205		208	
		209		212	
		213		216	
		217		220	
		221		224	
		225		228	
		229		232	
		233		236	
		237		240	
		241		244	
		245		248	
		249		252	
		253		256	
		257		260	
		261		264	
		265		268	
		269		272	
		273		276	
		277		280	
		281		284	
		285		288	
		289		292	
		293		296	
		297		300	
		301		304	
		305		308	
		309		312	
		313		316	
		317		320	
		321		324	
		325		328	
		329		332	
		333		336	
		337		340	
		341		344	
		345		348	
		349		352	
		353		356	
		357		360	
		361		364	
		365		368	
		369		372	
		373		376	
		377		380	
		381		384	
		385		388	
		389		392	
		393		396	
		397		400	
		401		404	
		405		408	
		409		412	
		413		416	
		417		420	
		421		424	
		425		428	
		429		432	
		433		436	
		437		440	
		441		444	
		445		448	
	621	52	631	56	303000
		57		61	
		62		66	
		67		71	
		72		76	
		77		81	
		82		86	
	7	7	115	115	00ff00
	8	8	114	114	001000
	49	49	75	75	003000
point	57	108	00e000
		109	
	63	101	
	66	71	
		68	
	70	61	
	77	57	
	45	56	
	53	59	
	52		
rect	12	320	121	440	001000
		330	120	331	009000
		332	13	344	
			121	333	
	120			344	005000
	12	343			
	13	333	120	343	007000
	12	438		439	009000
	16	450	114	475	001010
	17		18	462	00c0c0
			44	451	
	43			462	007070
	17	461			
	18	451	43	461	009090
crop	15	320	21	332	104	48	00ff00	/fonts/computer.png
	21		27		8			
	27		33		72			
	33		39		112			
	45		51		104			
	51		57		40			
	57		63		112			
	63		69		40	60		
	15	332	21	344	96	36		
	21		27		16	48		
	27		33		40	84		
	33		39		72	72		
	39		45		96			
	45		51		32			
	51		57		112	36		
	15	344	21	356	96			
	21		27		24	60		
	27		33		0	84		
	33		39		40	72		
	39		45		24			
	45		51		72			
	51		57		8			
	57		63		96			
	69		75		120	48		
	75		81		16	84		
	81		87		32	72		
	87		93		40			
	93		99		16	84		
	99		105		24			
	105		111		112	36		
	15	356	21	368	96			
	21		27		104	48		
	27		33		40	72		
	33		39		24	84		
	39		45					
	45		51		8	72		
	51		57		56			
	57		63		40			
	63		69		112	36		
	15	368	21	380	96			
	21		27		104	48		
	27		33		72	72		
	33		39		24	84		
	39		45					
	45		51		72	72		
	51		57		120			
	57		63		112			
	69		75		24	60		
	75		81		32	84		
	81		87		8	72		
	87		93		32	84		
	93		99		40			
	99		105		24			
	105		111		112	36		
	19	450	25	462	16	60	00ffff	
	25		31		56	48		
	31		37		64			
	37		43		32	60		
	49		55		24			
	55		61		40	72		
	61		67		96			
	67		73		40			
	73		79		24			
	79		85		32	84		
rect	12	180	13	192	ffff00
			121	181	
	120			192	909000
	12	191			
	13	181	120	191	c0c000
crop	15	180	21	192	24	48	000000	/fonts/computer.png
	21		27		120			
	27		33		112			
	33		39		32	60		
	39		45		16			
	45		51		120	48		
	51		57		96			
rect	14	204	36	205	489048
			15	206	
	35		36		
	14	225		226	
		224	15		
	35		36		
	12	252	13	264	007fff
			121	253	
	120			264	00488f
	12	263			
	13	253	120	263	0060c0
crop	15	252	21	264	32	60	000000	/fonts/computer.png
	21		27		8	48		
	27		33		16	60		
	33		39		56	48		
	39		45		40			
	45		51		32	60		
rect	14	276	36	277	489048
			15	278	
	35		36		
	14	297		298	
		296	15		
	35		36		
