point	607	16	808080
	248	140	
	197	263	
	608	357	
	134	168	
	278	228	
	201	-1	b0b0b0
	170	87	808080
	274	3	d0d0d0
	270	238	
	437	137	808080
	553	182	b0b0b0
	216	174	808080
	372	351	b0b0b0
	538	402	808080
	367	80	
	474	242	
	410	359	b0b0b0
	568	360	
	275	256	d0d0d0
	295	38	b0b0b0
	322	243	808080
	527	302	b0b0b0
	546	16	d0d0d0
	545	171	
	144	402	808080
	401	239	
	459	431	d0d0d0
	354	202	b0b0b0
	593	453	d0d0d0
	194	324	
	263	326	808080
	355	451	d0d0d0
	344	54	b0b0b0
	587	66	808080
	334	412	
	221	195	d0d0d0
	591	143	808080
	179	407	b0b0b0
	304	179	808080
	477	230	b0b0b0
	502	241	
	339	257	808080
	593	159	
	447	346	d0d0d0
	552	270	b0b0b0
	370	141	d0d0d0
	456	416	808080
	138	35	d0d0d0
	579	157	808080
	201	219	d0d0d0
	252	189	b0b0b0
	255	68	d0d0d0
	465	205	808080
	177	102	d0d0d0
	450	409	808080
	143	103	
	333	3	
	459	52	d0d0d0
	432	109	808080
	249	254	d0d0d0
	277	169	
	288	62	808080
	290	341	d0d0d0
	517	124	808080
	165	86	
	421	26	
	225	11	
	196	130	b0b0b0
	169	396	
	414	161	
	180	49	808080
	212	417	d0d0d0
	264	38	b0b0b0
	170	90	808080
	206	43	b0b0b0
	204	233	
	523	155	
	595	138	
	153	144	
	220	339	
	458	84	
	575	43	
	387	333	d0d0d0
	435	268	
	599	168	b0b0b0
	335	5	
	445	139	808080
	167	158	d0d0d0
	560	286	808080
	487	21	
	563	431	d0d0d0
	346	438	
	556	96	808080
	201	353	d0d0d0
	146	50	808080
	168	380	d0d0d0
	332	289	
	556	327	b0b0b0
	304	259	
	422	18	808080
	286	69	b0b0b0
	283	164	808080
	257	108	
	302	227	d0d0d0
	482	91	808080
	170	45	d0d0d0
	446	332	
	371	15	b0b0b0
	278	2	
	222	339	
	374	414	808080
	302	399	
	433	135	
	334	183	b0b0b0
	595	27	808080
	178	87	
	383	52	d0d0d0
	326	46	808080
	399	21	b0b0b0
	247	423	
	591	1	808080
	150	372	
	370	245	b0b0b0
	256	62	808080
rect	254	0	255	481	000050
	402		403		005000
	550		551		000050
	128	3	609	4	
		151		152	002850
		299		300	000050
		447		448	
draw	364	233	373	243	/sprites/521.SMIV/14
static	301	383	316	398	ffffff	96	/sprites/546.SMIV/4
draw	248	372	263	386	/sprites/546.SMIV/8
	226	445	241	460	/sprites/546.SMIV/3
static	308	400	309	401	f0f078	140	/sprites/589.SMIV/2
draw	510	224	513	226	/sprites/545.SMIV/0
	305	375	306	376	/sprites/589.SMIV/0
	281	404	282	405	/sprites/589.SMIV/1
	425	282	432	288	/sprites/544.SMIV/12
	320	368	327	374	/sprites/517.SMIV/0
	317	372	322	376	/sprites/504.SMIV/2
	315		319		/sprites/554.SMIV/5
dither	200	50	262	67	003030
crop	204	54	211	65	8	33	000000	/fonts/tactical.png
	211		218		80			
	218		225		16			
	225		232		0	22		
	232		239		80	55		
	239		246		120	66		
	246		253					
	253		260		104			
	203	53	210	64	8	33	00ffff	
	210		217		80			
	217		224		16			
	224		231		0	22		
	231		238		80	55		
	238		245		120	66		
	245		252					
	252		259		104			
line	286	421	298	412	489048
			285	406	
	298	412			204020
draw	0	-144	128	624	/pictures/501.png
	608		640		/pictures/512.png
crop	29	159	35	171	8	36	ff0000	/fonts/computer.png
	35		41		0			
	41		47		32			
	102		108		0		ff7f00	
	108		114					
	114		120		40			
rect	614	359	615	364	00488f
			623	360	
	622			364	002850
	614	363			
	615	360	622	363	003870
	614	364	615	457	007fff
			623	365	
	622			457	00488f
	614	456			
	615	365	622	456	0070e0
	614	231	615	232	909048
			623		
	622				505028
	614				
		232	615	329	ffff7f
			623	233	
	622			329	909048
	614	328			
	615	233	622	328	e0e070
	614	103	615	108	904848
			623	104	
	622			108	502828
	614	107			
	615	104	622	107	703838
	614	108	615	201	ff7f7f
			623	109	
	622			201	904848
	614	200			
	615	109	622	200	e07070
	634	49	636	52	7fff7f
		53		56	60c060
		57		60	
		61		64	
		65		68	
		69		72	7fff7f
		73		76	60c060
		77		80	
		81		84	
		85		88	
		89		92	7fff7f
		93		96	60c060
		97		100	
		101		104	
		105		108	
		109		112	7fff7f
		113		116	60c060
		117		120	
		121		124	
		125		128	
		129		132	7fff7f
		133		136	60c060
		137		140	
		141		144	
		145		148	
		149		152	183018
		153		156	
		157		160	
		161		164	
		165		168	
		169		172	
		173		176	
		177		180	
		181		184	
		185		188	
		189		192	
		193		196	
		197		200	
		201		204	
		205		208	
		209		212	
		213		216	
		217		220	
		221		224	
		225		228	
		229		232	
		233		236	
		237		240	
		241		244	
		245		248	
		249		252	
		253		256	
		257		260	
		261		264	
		265		268	
		269		272	
		273		276	
		277		280	
		281		284	
		285		288	
		289		292	
		293		296	
		297		300	
		301		304	
		305		308	
		309		312	
		313		316	
		317		320	
		321		324	
		325		328	
		329		332	
		333		336	
		337		340	
		341		344	
		345		348	
		349		352	
		353		356	
		357		360	
		361		364	
		365		368	
		369		372	
		373		376	
		377		380	
		381		384	
		385		388	
		389		392	
		393		396	
		397		400	
		401		404	
		405		408	
		409		412	
		413		416	
		417		420	
		421		424	
		425		428	
		429		432	
		433		436	
		437		440	
		441		444	
		445		448	
	621	52	631	56	303000
		57		61	
		62		66	
		67		71	
		72		76	
		77		81	
		82		86	
	7	7	115	115	00ff00
	8	8	114	114	001000
	42	42	80	80	003000
point	29	32	008000
	41	98	
	43	88	
	38	24	
	68	91	
	45	111	
	57	71	
	53		
	52	75	
	53	74	
	42	88	
	69	61	
	57	70	
			
		72	
		70	
	56	71	
	54	72	
	64	64	
rect	12	320	121	440	001000
		330	120	331	009000
		332	13	344	
			121	333	
	120			344	005000
	12	343			
	13	333	120	343	007000
	12	438		439	009000
	16	450	114	475	001010
	17		18	462	00c0c0
			44	451	
	43			462	007070
	17	461			
	18	451	43	461	009090
crop	15	320	21	332	104	48	00ff00	/fonts/computer.png
	21		27		8			
	27		33		72			
	33		39		112			
	39		45		0	24		
	45		51		104	48		
	51		57		40			
	57		63		112			
	63		69		40	60		
	15	332	21	344	96	36		
	21		27		16	48		
	27		33		40	84		
	33		39		72	72		
	39		45		96			
	45		51		32			
	51		57		112	36		
	15	344	21	356	96			
	21		27		24	60		
	27		33		0	84		
	33		39		40	72		
	39		45		24			
	45		51		72			
	51		57		8			
	57		63		96			
	63		69		0	24		
	69		75		120	48		
	75		81		16	84		
	81		87		32	72		
	87		93		40			
	93		99		16	84		
	99		105		24			
	105		111		112	36		
	15	356	21	368	96			
	21		27		104	48		
	27		33		40	72		
	33		39		24	84		
	39		45					
	45		51		8	72		
	51		57		56			
	57		63		40			
	63		69		112	36		
	15	368	21	380	96			
	21		27		104	48		
	27		33		72	72		
	33		39		24	84		
	39		45					
	45		51		72	72		
	51		57		120			
	57		63		112			
	63		69		0	24		
	69		75		24	60		
	75		81		32	84		
	81		87		8	72		
	87		93		32	84		
	93		99		40			
	99		105		24			
	105		111		112	36		
	19	450	25	462	16	60	00ffff	
	25		31		56	48		
	31		37		64			
	37		43		32	60		
	43		49		0	24		
	49		55		24	60		
	55		61		40	72		
	61		67		96			
	67		73		40			
	73		79		24			
	79		85		32	84		
rect	12	180	13	192	ffff00
			121	181	
	120			192	909000
	12	191			
	13	181	120	191	c0c000
crop	15	180	21	192	24	48	000000	/fonts/computer.png
	21		27		120			
	27		33		112			
	33		39		32	60		
	39		45		16			
	45		51		120	48		
	51		57		96			
rect	14	204	36	205	489048
			15	206	
	35		36		
	14	225		226	
		224	15		
	35		36		
	12	252	13	264	007fff
			121	253	
	120			264	00488f
	12	263			
	13	253	120	263	0060c0
crop	15	252	21	264	32	60	000000	/fonts/computer.png
	21		27		8	48		
	27		33		16	60		
	33		39		56	48		
	39		45		40			
	45		51		32	60		
rect	14	276	36	277	489048
			15	278	
	35		36		
	14	297		298	
		296	15		
	35		36		
