point	297	315	d0d0d0
	543	104	
	481	251	b0b0b0
	559	9	
	315	378	d0d0d0
	602	358	
	599	73	808080
	464	397	b0b0b0
	601	345	808080
	526	41	
	284	176	
	323	241	b0b0b0
	478	451	d0d0d0
	142	410	b0b0b0
	384	441	808080
	538	428	d0d0d0
	320	282	808080
	180	418	b0b0b0
	247	426	d0d0d0
	525	107	808080
	278	130	d0d0d0
	169	283	808080
	297	361	b0b0b0
	212	44	808080
	181	183	b0b0b0
	470	284	808080
	248	279	
	585	23	b0b0b0
	604	287	808080
	506	229	
	425	459	b0b0b0
	580	255	
	369	476	d0d0d0
	259	110	b0b0b0
	391	322	
	181	452	808080
	584	90	b0b0b0
	267	210	d0d0d0
	428	247	b0b0b0
	151	219	808080
	247	289	b0b0b0
	271	300	
	185	296	808080
	356	141	b0b0b0
	140	426	d0d0d0
	321	329	b0b0b0
	429	109	808080
	303	456	
	308	58	
	424	166	
	489	91	
	467	434	d0d0d0
	493	408	808080
	312	245	
	340	234	b0b0b0
	297	448	808080
	423	141	
	479	40	
	166	124	d0d0d0
	279	148	808080
	513	345	
	431	115	
	567	59	b0b0b0
	147	38	
	364	164	808080
	450	237	d0d0d0
	315	460	
	149	76	b0b0b0
	492	321	
	355	386	d0d0d0
	184	220	b0b0b0
	280	131	
	516	17	d0d0d0
	529	97	b0b0b0
	234	193	
	530	54	808080
	425	66	d0d0d0
	293	214	b0b0b0
	443	322	808080
	600	460	b0b0b0
	424	312	d0d0d0
	217	191	
	590	273	808080
	595	18	d0d0d0
	129	348	
	447	161	808080
	361	41	
	292	179	
	497	86	
	406	325	
	562	317	d0d0d0
	256	333	
	540	435	808080
	457	172	b0b0b0
	490	209	808080
	232	89	
	340	304	d0d0d0
	553	404	808080
	326	386	b0b0b0
	553	439	
	537	200	808080
	328	125	b0b0b0
	130	204	808080
	559	120	d0d0d0
	506	366	b0b0b0
	392	257	
	474	316	d0d0d0
	139	412	
	224	49	808080
	565	459	b0b0b0
	470	336	
	220	454	808080
	149	439	
	280	175	
	576	158	d0d0d0
	189	68	808080
	425	478	d0d0d0
	202	128	
	339	127	b0b0b0
	220	103	d0d0d0
	298	0	
	345	78	
		252	
	140	304	b0b0b0
	500	366	808080
line	130	0	130	480	005000
	386		386		000050
	128	144	608	144	002850
		400		400	000050
draw	359	233	379	247	/sprites/521.SMIV/18
	143	392	169	418	/sprites/546.SMIV/3
	306	224	318	235	/sprites/544.SMIV/5
line	169	234	182	242	489048
			183	227	
	182	242			204020
draw	0	0	128	480	/pictures/501.png
	608		640		/pictures/512.png
crop	29	159	35	171	0	36	ff0000	/fonts/computer
	35		41		72			
	41		47					
	102		108		0		ff7f00	
	108		114					
	114		120		40			
line	614	365	614	359	00488f
		359	622		
	622			365	002850
		365	614		
rect	615	360	622	365	003870
line	614	456	614	366	007fff
		366	622		
	622			456	00488f
		456	614		
rect	615	367	622	456	0070e0
line	614	232	614	231	909048
		231	622		
	622			232	505028
		232	614		
	614	328		233	ffff7f
		233	622		
	622			328	909048
		328	614		
rect	615	234	622	328	e0e070
line	614	108	614	103	904848
		103	622		
	622			108	502828
		108	614		
rect	615	104	622	108	703838
line	614	200	614	109	ff7f7f
		109	622		
	622			200	904848
		200	614		
rect	615	110	622	200	e07070
	634	49	636	52	7fff7f
		53		56	60c060
		57		60	
		61		64	
		65		68	
		69		72	7fff7f
		73		76	60c060
		77		80	
		81		84	
		85		88	
		89		92	7fff7f
		93		96	60c060
		97		100	
		101		104	
		105		108	
		109		112	7fff7f
		113		116	60c060
		117		120	
		121		124	
		125		128	
		129		132	7fff7f
		133		136	60c060
		137		140	
		141		144	
		145		148	
		149		152	183018
		153		156	
		157		160	
		161		164	
		165		168	
		169		172	
		173		176	
		177		180	
		181		184	
		185		188	
		189		192	
		193		196	
		197		200	
		201		204	
		205		208	
		209		212	
		213		216	
		217		220	
		221		224	
		225		228	
		229		232	
		233		236	
		237		240	
		241		244	
		245		248	
		249		252	
		253		256	
		257		260	
		261		264	
		265		268	
		269		272	
		273		276	
		277		280	
		281		284	
		285		288	
		289		292	
		293		296	
		297		300	
		301		304	
		305		308	
		309		312	
		313		316	
		317		320	
		321		324	
		325		328	
		329		332	
		333		336	
		337		340	
		341		344	
		345		348	
		349		352	
		353		356	
		357		360	
		361		364	
		365		368	
		369		372	
		373		376	
		377		380	
		381		384	
		385		388	
		389		392	
		393		396	
		397		400	
		401		404	
		405		408	
		409		412	
		413		416	
		417		420	
		421		424	
		425		428	
		429		432	
		433		436	
		437		440	
		441		444	
		445		448	
	621	52	631	56	303000
		57		61	
		62		66	
		67		71	
		72		76	
		77		81	
		82		86	
	7	7	115	115	00ff00
	8	8	114	114	001000
	52	52	70	70	003000
point	25	69	004000
	19	109	
	40	18	
	55	40	
		74	
	52	67	
	33	63	
	15	108	
	76	50	
	59	60	
rect	12	320	121	440	001000
line	12	330	119	330	009000
crop	15	320	21	332	104	48	00ff00	/fonts/computer
	21		27		8			
	27		33		72			
	33		39		112			
	39		45		0	24		
	45		51		104	48		
	51		57		40			
	57		63		112			
	63		69		40	60		
line	12	343	12	332	009000
		332	120		
	120			343	005000
		343	12		
rect	13	333	120	343	007000
crop	15	332	21	344	96	36	00ff00	/fonts/computer
	21		27		16	48		
	27		33		40	84		
	33		39		72	72		
	39		45		96			
	45		51		32			
	51		57		112	36		
	15	344	21	356	96			
	21		27		24	60		
	27		33		0	84		
	33		39		40	72		
	39		45		24			
	45		51		72			
	51		57		8			
	57		63		96			
	63		69		0	24		
	69		75		120	48		
	75		81		16	84		
	81		87		32	72		
	87		93		40			
	93		99		16	84		
	99		105		24			
	105		111		112	36		
	15	356	21	368	96			
	21		27		104	48		
	27		33		40	72		
	33		39		24	84		
	39		45					
	45		51		8	72		
	51		57		56			
	57		63		40			
	63		69		112	36		
	15	368	21	380	96			
	21		27		104	48		
	27		33		72	72		
	33		39		24	84		
	39		45					
	45		51		72	72		
	51		57		120			
	57		63		112			
	63		69		0	24		
	69		75		24	60		
	75		81		32	84		
	81		87		8	72		
	87		93		32	84		
	93		99		40			
	99		105		24			
	105		111		112	36		
line	12	438	119	438	009000
rect	16	450	114	475	001010
line	17	461	17	450	00c0c0
		450	43		
	43			461	007070
		461	17		
rect	18	451	43	461	009090
crop	19	450	25	462	16	60	00ffff	/fonts/computer
	25		31		56	48		
	31		37		64			
	37		43		32	60		
	43		49		0	24		
	49		55		24	60		
	55		61		40	72		
	61		67		96			
	67		73		40			
	73		79		24			
	79		85		32	84		
line	12	191	12	180	ffff00
		180	120		
	120			191	909000
		191	12		
rect	13	181	120	191	c0c000
crop	15	180	21	192	24	48	000000	/fonts/computer
	21		27		120			
	27		33		112			
	33		39		32	60		
	39		45		16			
	45		51		120	48		
	51		57		96			
line	14	204	35	204	489048
			14	205	
	35		35		
	14	225		225	
			14	224	
	35		35		
	12	263	12	252	007fff
		252	120		
	120			263	00488f
		263	12		
rect	13	253	120	263	0060c0
crop	15	252	21	264	32	60	000000	/fonts/computer
	21		27		8	48		
	27		33		16	60		
	33		39		56	48		
	39		45		40			
	45		51		32	60		
line	14	276	35	276	489048
			14	277	
	35		35		
	14	297		297	
			14	296	
	35		35		
