point	304	371	d0d0d0
	549	160	
	486	293	b0b0b0
	564	51	
	321	434	d0d0d0
	128	30	
	603	101	808080
	469	438	b0b0b0
	604	373	808080
	530	69	
	287	204	
	327	283	b0b0b0
	426	14	808080
	147	452	b0b0b0
	387	469	808080
	131	3	b0b0b0
	323	310	808080
	184	460	b0b0b0
	205	1	808080
	528	134	
	284	186	d0d0d0
	172	311	808080
	301	402	b0b0b0
	215	72	808080
	186	225	b0b0b0
	473	312	808080
	251	307	
	590	65	b0b0b0
	607	315	808080
	510	257	
	236	14	
	584	297	b0b0b0
	428	27	808080
	264	152	b0b0b0
	396	364	
	184	480	808080
	589	132	b0b0b0
	274	266	d0d0d0
	432	289	b0b0b0
	154	247	808080
	251	330	b0b0b0
	276	342	
	189	324	808080
	360	183	b0b0b0
	561	2	
	326	371	
	432	137	808080
	237	5	b0b0b0
	311	86	808080
	427	194	
	492	119	
	585	5	
	496	436	
	315	273	
	345	276	b0b0b0
	300	476	808080
	426	169	
	482	68	
	172	179	d0d0d0
	282	176	808080
	516	373	
	434	143	
	571	101	b0b0b0
	151	80	
	367	191	808080
	457	293	d0d0d0
	366	36	
	154	118	b0b0b0
	497	363	
	361	442	d0d0d0
	189	261	b0b0b0
	285	173	
	523	73	d0d0d0
	533	138	b0b0b0
	238	234	
	533	82	808080
	431	122	d0d0d0
	298	256	b0b0b0
	447	349	808080
	367	21	b0b0b0
	430	368	d0d0d0
	223	246	
	593	301	808080
	602	74	d0d0d0
	133	361	
	450	189	808080
	364	69	
	295	207	
	500	114	
	410	353	
	568	373	d0d0d0
	262	389	
	544	463	808080
	461	214	b0b0b0
	493	237	808080
	235	116	
	347	360	d0d0d0
	557	432	808080
	330	428	b0b0b0
	202	0	808080
	540	228	
	333	167	b0b0b0
	133	232	808080
	565	176	d0d0d0
	511	407	b0b0b0
	397	299	
	480	372	d0d0d0
	146	467	
	228	77	808080
	604	14	
	475	377	b0b0b0
	382	2	d0d0d0
	152	467	808080
	283	203	
	582	214	d0d0d0
	192	95	808080
	403	27	
	208	184	d0d0d0
	344	169	b0b0b0
	227	158	d0d0d0
	304	56	
	351	134	
	352	308	
	145	346	b0b0b0
	503	394	808080
rect	137	0	138	480	005000
	393		394		000050
	128	200	608	201	002850
		456		457	000050
draw	359	232	379	245	/sprites/ish/hvc%17
	230	359	256	385	/sprites/ish/etc/astrominer%3
	330	261	342	271	/sprites/ast/regular/medium%12
line	183	314	198	316	489048
			192	302	
	198	316			204020
draw	0	-144	128	624	/pictures/gui/instruments/left.png
	608		640		/pictures/gui/instruments/right.png
crop	29	159	35	171	0	36	ff0000	/fonts/computer.png
	35		41		72			
	41		47					
	102		108		0		ff7f00	
	108		114					
	114		120		40			
rect	614	359	615	366	00488f
			623	360	
	622			366	002850
	614	365			
	615	360	622	365	003870
	614	366	615	457	007fff
			623	367	
	622			457	00488f
	614	456			
	615	367	622	456	0070e0
	614	231	615	233	909048
			623	232	
	622			233	505028
	614	232			
		233	615	329	ffff7f
			623	234	
	622			329	909048
	614	328			
	615	234	622	328	e0e070
	614	103	615	109	904848
			623	104	
	622			109	502828
	614	108			
	615	104	622	108	703838
	614	109	615	201	ff7f7f
			623	110	
	622			201	904848
	614	200			
	615	110	622	200	e07070
	634	49	636	52	7fff7f
		53		56	60c060
		57		60	
		61		64	
		65		68	
		69		72	7fff7f
		73		76	60c060
		77		80	
		81		84	
		85		88	
		89		92	7fff7f
		93		96	60c060
		97		100	
		101		104	
		105		108	
		109		112	7fff7f
		113		116	60c060
		117		120	
		121		124	
		125		128	
		129		132	7fff7f
		133		136	60c060
		137		140	
		141		144	
		145		148	
		149		152	183018
		153		156	
		157		160	
		161		164	
		165		168	
		169		172	
		173		176	
		177		180	
		181		184	
		185		188	
		189		192	
		193		196	
		197		200	
		201		204	
		205		208	
		209		212	
		213		216	
		217		220	
		221		224	
		225		228	
		229		232	
		233		236	
		237		240	
		241		244	
		245		248	
		249		252	
		253		256	
		257		260	
		261		264	
		265		268	
		269		272	
		273		276	
		277		280	
		281		284	
		285		288	
		289		292	
		293		296	
		297		300	
		301		304	
		305		308	
		309		312	
		313		316	
		317		320	
		321		324	
		325		328	
		329		332	
		333		336	
		337		340	
		341		344	
		345		348	
		349		352	
		353		356	
		357		360	
		361		364	
		365		368	
		369		372	
		373		376	
		377		380	
		381		384	
		385		388	
		389		392	
		393		396	
		397		400	
		401		404	
		405		408	
		409		412	
		413		416	
		417		420	
		421		424	
		425		428	
		429		432	
		433		436	
		437		440	
		441		444	
		445		448	
	621	52	631	56	303000
		57		61	
		62		66	
		67		71	
		72		76	
		77		81	
		82		86	
	7	7	115	115	00ff00
	8	8	114	114	001000
	53	53	71	71	003000
point	24	68	004000
	41	25	
	55	48	
	56	72	
	55	66	
	28	68	
	13	113	
	78	51	
	60	61	
rect	12	320	121	440	001000
		330	120	331	009000
		332	13	344	
			121	333	
	120			344	005000
	12	343			
	13	333	120	343	007000
	12	438		439	009000
	16	450	114	475	001010
	17		18	462	00c0c0
			44	451	
	43			462	007070
	17	461			
	18	451	43	461	009090
crop	15	320	21	332	104	48	00ff00	/fonts/computer.png
	21		27		8			
	27		33		72			
	33		39		112			
	45		51		104			
	51		57		40			
	57		63		112			
	63		69		40	60		
	15	332	21	344	96	36		
	21		27		16	48		
	27		33		40	84		
	33		39		72	72		
	39		45		96			
	45		51		32			
	51		57		112	36		
	15	344	21	356	96			
	21		27		24	60		
	27		33		0	84		
	33		39		40	72		
	39		45		24			
	45		51		72			
	51		57		8			
	57		63		96			
	69		75		120	48		
	75		81		16	84		
	81		87		32	72		
	87		93		40			
	93		99		16	84		
	99		105		24			
	105		111		112	36		
	15	356	21	368	96			
	21		27		104	48		
	27		33		40	72		
	33		39		24	84		
	39		45					
	45		51		8	72		
	51		57		56			
	57		63		40			
	63		69		112	36		
	15	368	21	380	96			
	21		27		104	48		
	27		33		72	72		
	33		39		24	84		
	39		45					
	45		51		72	72		
	51		57		120			
	57		63		112			
	69		75		24	60		
	75		81		32	84		
	81		87		8	72		
	87		93		32	84		
	93		99		40			
	99		105		24			
	105		111		112	36		
	19	450	25	462	16	60	00ffff	
	25		31		56	48		
	31		37		64			
	37		43		32	60		
	49		55		24			
	55		61		40	72		
	61		67		96			
	67		73		40			
	73		79		24			
	79		85		32	84		
rect	12	180	13	192	ffff00
			121	181	
	120			192	909000
	12	191			
	13	181	120	191	c0c000
crop	15	180	21	192	24	48	000000	/fonts/computer.png
	21		27		120			
	27		33		112			
	33		39		32	60		
	39		45		16			
	45		51		120	48		
	51		57		96			
rect	14	204	36	205	489048
			15	206	
	35		36		
	14	225		226	
		224	15		
	35		36		
	12	252	13	264	007fff
			121	253	
	120			264	00488f
	12	263			
	13	253	120	263	0060c0
crop	15	252	21	264	32	60	000000	/fonts/computer.png
	21		27		8	48		
	27		33		16	60		
	33		39		56	48		
	39		45		40			
	45		51		32	60		
rect	14	276	36	277	489048
			15	278	
	35		36		
	14	297		298	
		296	15		
	35		36		
