point	185	269	d0d0d0
	430	58	
	396	216	b0b0b0
	405	461	808080
	335	369	b0b0b0
	487	165	d0d0d0
	510	220	b0b0b0
	406	361	
	480	127	d0d0d0
	470	18	808080
	227	153	
	238	206	b0b0b0
	408	421	
	181	373	
	398	386	
	549	122	808080
	264	258	
	419	382	b0b0b0
	410	429	808080
	468	83	
	165	84	d0d0d0
	584	267	b0b0b0
	212	326	
	156	21	808080
	575	289	b0b0b0
	414	261	808080
	192	255	
	535	267	
	131	386	
	450	206	
	245	403	d0d0d0
	339	445	808080
	344	430	d0d0d0
	175	75	b0b0b0
	306	287	
	448	142	d0d0d0
	535	429	808080
	155	164	d0d0d0
	343	212	b0b0b0
	573	290	808080
	162	254	b0b0b0
	187	265	
	129	273	808080
	271	106	b0b0b0
	382	429	808080
	237	294	b0b0b0
	372	86	808080
	438	431	
	252	35	
	368	143	
	432	67	
	343	410	b0b0b0
	386	337	
	255	221	808080
		199	b0b0b0
	275	370	d0d0d0
	366	118	808080
	423	17	
	550	92	b0b0b0
	222	125	808080
	457	322	
	375	92	
	481	216	b0b0b0
	517	26	d0d0d0
	308	140	808080
	338	191	d0d0d0
	235	429	b0b0b0
	523	194	d0d0d0
	408	286	b0b0b0
	239	339	d0d0d0
	578	225	b0b0b0
	195	96	
	421	450	d0d0d0
	444	61	b0b0b0
	149	157	
	474	30	808080
	312	20	d0d0d0
	208	179	b0b0b0
	387	298	808080
	324	405	d0d0d0
	311	266	
	584	201	
	533	395	808080
	545	37	
	523	229	b0b0b0
	390	137	808080
	304	17	
	236	155	
	440	63	
	350	302	
	528	315	
	355	286	d0d0d0
	391	410	808080
	372	137	b0b0b0
	433	185	808080
	175	65	
	228	258	d0d0d0
	497	380	808080
	566	234	b0b0b0
	460	402	
	481	176	808080
	243	90	b0b0b0
	499	277	d0d0d0
	486	414	b0b0b0
	422	331	
	308	222	
	361	270	d0d0d0
	309	365	
	168	26	808080
	481	247	d0d0d0
	385	300	b0b0b0
	214	429	808080
	143	0	
	223	151	
	535	215	
	133	44	
	407	455	
	587	444	
	255	92	b0b0b0
	587	221	d0d0d0
	405	456	808080
	232	32	d0d0d0
	233	206	
	508	399	
	443	343	808080
rect	187	0	188	481	005000
	443		444		002850
	128	80	609	81	
		336		337	005000
triangle	364	236	372	244	00c000
rect	217	197	225	205	0060c0
	52	71	60	79	
	219	416	227	424	
	132	188	140	196	
plus	213	351	223	361	00c000
	212	350	222	360	
rect	378	241	380	243	0060c0
	550	182	552	184	
line	525	362	520	348	489048
			510	360	
	520	348			204020
draw	0	-144	128	624	/interfaces/instruments/left.png
	608		640		/interfaces/instruments/right.png
crop	29	159	35	171	0	36	ff0000	/fonts/computer.png
	35		41		72			
	41		47					
	102		108		0		ff7f00	
	108		114					
	114		120		40			
rect	614	359	615	366	00488f
			623	360	
	622			366	002850
	614	365			
	615	360	622	365	003870
	614	366	615	457	007fff
			623	367	
	622			457	00488f
	614	456			
	615	367	622	456	0070e0
	614	231	615	233	909048
			623	232	
	622			233	505028
	614	232			
		233	615	329	ffff7f
			623	234	
	622			329	909048
	614	328			
	615	234	622	328	e0e070
	614	103	615	109	904848
			623	104	
	622			109	502828
	614	108			
	615	104	622	108	703838
	614	109	615	201	ff7f7f
			623	110	
	622			201	904848
	614	200			
	615	110	622	200	e07070
	634	49	636	52	7fff7f
		53		56	60c060
		57		60	
		61		64	
		65		68	
		69		72	7fff7f
		73		76	60c060
		77		80	
		81		84	
		85		88	
		89		92	7fff7f
		93		96	60c060
		97		100	
		101		104	
		105		108	
		109		112	7fff7f
		113		116	60c060
		117		120	
		121		124	
		125		128	
		129		132	7fff7f
		133		136	60c060
		137		140	
		141		144	
		145		148	
		149		152	183018
		153		156	
		157		160	
		161		164	
		165		168	
		169		172	
		173		176	
		177		180	
		181		184	
		185		188	
		189		192	
		193		196	
		197		200	
		201		204	
		205		208	
		209		212	
		213		216	
		217		220	
		221		224	
		225		228	
		229		232	
		233		236	
		237		240	
		241		244	
		245		248	
		249		252	
		253		256	
		257		260	
		261		264	
		265		268	
		269		272	
		273		276	
		277		280	
		281		284	
		285		288	
		289		292	
		293		296	
		297		300	
		301		304	
		305		308	
		309		312	
		313		316	
		317		320	
		321		324	
		325		328	
		329		332	
		333		336	
		337		340	
		341		344	
		345		348	
		349		352	
		353		356	
		357		360	
		361		364	
		365		368	
		369		372	
		373		376	
		377		380	
		381		384	
		385		388	
		389		392	
		393		396	
		397		400	
		401		404	
		405		408	
		409		412	
		413		416	
		417		420	
		421		424	
		425		428	
		429		432	
		433		436	
		437		440	
		441		444	
		445		448	
	621	52	631	56	303000
		57		61	
		62		66	
		67		71	
		72		76	
		77		81	
		82		86	
	7	7	115	115	00ff00
	8	8	114	114	001000
	24	24	100	100	003000
point	8	16	004000
	38	54	
	13	37	
	39	88	
	25	53	
	38	78	
			
	63	61	
	89	52	
rect	12	320	121	440	001000
		330	120	331	009000
		354		355	
		438		439	
	16	450	114	475	001010
	17	462	18	474	00c0c0
			44	463	
	43			474	007070
	17	473			
	18	463	43	473	009090
crop	15	320	21	332	104	48	00ff00	/fonts/computer.png
	21		27		72			
	27		33		24	60		
	33		39					
	39		45		72	48		
	45		51		120			
	51		57		112			
	57		63		0	24		
	63		69		24	60		
	69		75		32			
	75		81		8	48		
	81		87		32	60		
	87		93		40			
	93		99		24			
	15	332	21	344		48		
	21		27		120	72		
	27		33		96			
	33		39					
	39		45		40			
	45		51		24			
	51		57		32	84		
	57		63		0	24		
	63		69		8	36		
	69		75		0			
	15	344	21	356	8	72		
	21		27		24	84		
	27		33		32			
	33		39		40	72		
	39		45		16	84		
	45		51		120	72		
	51		57		72			
	57		63		32			
	63		69		0	24		
	69		75		24	84		
	75		81		8	72		
	81		87		104			
	87		93		0	84		
	93		99		96	72		
	99		105		40			
	105		111		24	84		
	15	356	21	368		48		
	21		27		120	72		
	27		33		96			
	33		39					
	39		45		40			
	45		51		24			
	51		57		32	84		
	57		63		40	72		
	63		69		32			
	69		75		80	36		
	75		81		0	24		
	81		87		8	36		
	87		93		120	24		
	93		99		8	36		
	99		105		0			
	19	462	25	474	96	48	00ffff	
	25		31		40			
	31		37		48			
	37		43		32	60		
	43		49		0	24		
	49		55		104	48		
	55		61		8	72		
	61		67		72			
	67		73		112			
	73		79		0	24		
	79		85		104	48		
	85		91		40	72		
	91		97		112			
	97		103		40	84		
rect	12	180	13	192	ffff00
			121	181	
	120			192	909000
	12	191			
	13	181	120	191	c0c000
crop	15	180	21	192	24	48	000000	/fonts/computer.png
	21		27		120			
	27		33		112			
	33		39		32	60		
	39		45		16			
	45		51		120	48		
	51		57		96			
rect	14	204	36	205	489048
			15	206	
	35		36		
	14	225		226	
		224	15		
	35		36		
	12	252	13	264	007fff
			121	253	
	120			264	00488f
	12	263			
	13	253	120	263	0060c0
crop	15	252	21	264	32	60	000000	/fonts/computer.png
	21		27		8	48		
	27		33		16	60		
	33		39		56	48		
	39		45		40			
	45		51		32	60		
rect	14	276	36	277	489048
			15	278	
	35		36		
	14	297		298	
		296	15		
	35		36		
