point	301	296	808080
	240	388	
	305	89	d0d0d0
	485	347	
	589	233	b0b0b0
	265	406	
	193	281	
	606	322	808080
	603	228	
	587	377	
	239	34	
	236	147	b0b0b0
	497	386	808080
	553	138	d0d0d0
	310		808080
	605	236	
	242	140	
	163	303	d0d0d0
	589	352	808080
	594	58	b0b0b0
	410	73	808080
	441	147	
	221	98	
	330	112	b0b0b0
	437	321	d0d0d0
	271	143	808080
	130	144	d0d0d0
	372	148	808080
	316	16	
	266	88	
	186	401	
	371	400	d0d0d0
	300	5	b0b0b0
	491	250	
	346	72	808080
	154	165	b0b0b0
	229	227	
	258	460	808080
	517	422	
	533	372	b0b0b0
	467	57	d0d0d0
	403	20	b0b0b0
	556	139	d0d0d0
	535	325	808080
	191	310	
	319	76	
	552	368	
	442	175	
	521	434	b0b0b0
	554	414	808080
	377	118	d0d0d0
	281	232	b0b0b0
	159	411	808080
	559	257	b0b0b0
	585		d0d0d0
	571	354	808080
	307	318	
	576	282	b0b0b0
	516	195	808080
	263	6	
	542	330	b0b0b0
	238	213	808080
	565	67	b0b0b0
	204	354	d0d0d0
	490	235	808080
	147	430	
	218	462	b0b0b0
	378	116	808080
	451	144	
	307	247	b0b0b0
	397	27	808080
	568	178	b0b0b0
	217	343	808080
	369	320	d0d0d0
	245	293	b0b0b0
	170	107	
	472	440	
	275	415	808080
	254	304	
	594	132	b0b0b0
	604	425	
	436	153	808080
	170	176	b0b0b0
	514	160	808080
	302	301	b0b0b0
	432	210	808080
	567	297	
	454	199	d0d0d0
	307	79	b0b0b0
	319	192	
	162	196	808080
	267	461	b0b0b0
	558	425	
	199	77	
	222	67	808080
	535	361	d0d0d0
	292	9	808080
	419	37	
	294	276	
	518	399	
	163	384	b0b0b0
	339	447	808080
	193	258	
	412	64	b0b0b0
	506	390	
	199	427	
	573	10	808080
	520	308	
	187	437	
	142	303	
	517	269	
	130	141	b0b0b0
	567	309	
	379	365	808080
	376	97	
	563	131	
	240	329	d0d0d0
	456	260	b0b0b0
	551	360	d0d0d0
	208	462	
	138	70	
	329	377	808080
	538	165	d0d0d0
	577	324	808080
	491	79	b0b0b0
rect	318	0	319	481	002850
	574		575		000050
	128	12	609	13	
		268		269	
draw	359	232	379	245	/sprites/521.SMIV/17
	47	207	53	213	/sprites/545.SMIV/4
	126	227	134	233	/sprites/545.SMIV/10
line	172	274	187	279	489048
			184	264	
	187	279			204020
draw	0	0	128	480	/pictures/501.png
	608		640		/pictures/512.png
crop	29	159	35	171	0	36	ff0000	/fonts/computer
	35		41		72			
	41		47					
	102		108		0		ff7f00	
	108		114					
	114		120		40			
rect	614	359	615	366	00488f
			623	360	
	622			366	002850
	614	365			
	615	360	622	365	003870
	614	366	615	457	007fff
			623	367	
	622			457	00488f
	614	456			
	615	367	622	456	0070e0
	614	231	615	233	909048
			623	232	
	622			233	505028
	614	232			
		233	615	329	ffff7f
			623	234	
	622			329	909048
	614	328			
	615	234	622	328	e0e070
	614	103	615	109	904848
			623	104	
	622			109	502828
	614	108			
	615	104	622	108	703838
	614	109	615	201	ff7f7f
			623	110	
	622			201	904848
	614	200			
	615	110	622	200	e07070
	634	49	636	52	7fff7f
		53		56	60c060
		57		60	
		61		64	
		65		68	
		69		72	7fff7f
		73		76	60c060
		77		80	
		81		84	
		85		88	
		89		92	7fff7f
		93		96	60c060
		97		100	
		101		104	
		105		108	
		109		112	7fff7f
		113		116	60c060
		117		120	
		121		124	
		125		128	
		129		132	7fff7f
		133		136	60c060
		137		140	
		141		144	
		145		148	
		149		152	183018
		153		156	
		157		160	
		161		164	
		165		168	
		169		172	
		173		176	
		177		180	
		181		184	
		185		188	
		189		192	
		193		196	
		197		200	
		201		204	
		205		208	
		209		212	
		213		216	
		217		220	
		221		224	
		225		228	
		229		232	
		233		236	
		237		240	
		241		244	
		245		248	
		249		252	
		253		256	
		257		260	
		261		264	
		265		268	
		269		272	
		273		276	
		277		280	
		281		284	
		285		288	
		289		292	
		293		296	
		297		300	
		301		304	
		305		308	
		309		312	
		313		316	
		317		320	
		321		324	
		325		328	
		329		332	
		333		336	
		337		340	
		341		344	
		345		348	
		349		352	
		353		356	
		357		360	
		361		364	
		365		368	
		369		372	
		373		376	
		377		380	
		381		384	
		385		388	
		389		392	
		393		396	
		397		400	
		401		404	
		405		408	
		409		412	
		413		416	
		417		420	
		421		424	
		425		428	
		429		432	
		433		436	
		437		440	
		441		444	
		445		448	
	621	52	631	56	303000
		57		61	
		62		66	
		67		71	
		72		76	
		77		81	
		82		86	
	7	7	115	115	00ff00
	8	8	114	114	001000
	52	52	70	70	003000
point	51	33	004000
	23	54	
	55	97	
	47	61	
	30	37	
	50	33	
	42	22	
	38	63	
	40	64	
	51	33	
	28	48	
	50	32	
			
		33	
	49	61	
rect	12	320	121	440	001000
		330	120	331	009000
		354		355	
		438		439	
	16	450	114	475	001010
	17	462	18	474	00c0c0
			44	463	
	43			474	007070
	17	473			
	18	463	43	473	009090
crop	15	320	21	332	104	48	00ff00	/fonts/computer
	21		27		72			
	27		33		24	60		
	33		39					
	39		45		72	48		
	45		51		120			
	51		57		112			
	57		63		0	24		
	63		69		24	60		
	69		75		32			
	75		81		8	48		
	81		87		32	60		
	87		93		40			
	93		99		24			
	15	332	21	344		48		
	21		27		120	72		
	27		33		96			
	33		39					
	39		45		40			
	45		51		24			
	51		57		32	84		
	57		63		0	24		
	63		69		8	36		
	69		75		0			
	15	344	21	356	8	72		
	21		27		24	84		
	27		33		32			
	33		39		40	72		
	39		45		16	84		
	45		51		120	72		
	51		57		72			
	57		63		32			
	63		69		0	24		
	69		75		24	84		
	75		81		8	72		
	81		87		104			
	87		93		0	84		
	93		99		96	72		
	99		105		40			
	105		111		24	84		
	15	356	21	368		48		
	21		27		120	72		
	27		33		96			
	33		39					
	39		45		40			
	45		51		24			
	51		57		32	84		
	57		63		40	72		
	63		69		32			
	69		75		80	36		
	75		81		0	24		
	81		87		40	36		
	87		93		120	24		
	93		99		8	36		
	99		105		0			
	19	462	25	474	96	48	00ffff	
	25		31		40			
	31		37		48			
	37		43		32	60		
	43		49		0	24		
	49		55		104	48		
	55		61		8	72		
	61		67		72			
	67		73		112			
	73		79		0	24		
	79		85		104	48		
	85		91		40	72		
	91		97		112			
	97		103		40	84		
rect	12	180	13	192	ffff00
			121	181	
	120			192	909000
	12	191			
	13	181	120	191	c0c000
crop	15	180	21	192	24	48	000000	/fonts/computer
	21		27		120			
	27		33		112			
	33		39		32	60		
	39		45		16			
	45		51		120	48		
	51		57		96			
rect	14	204	36	205	489048
			15	206	
	35		36		
	14	225		226	
		224	15		
	35		36		
	12	252	13	264	007fff
			121	253	
	120			264	00488f
	12	263			
	13	253	120	263	0060c0
crop	15	252	21	264	32	60	000000	/fonts/computer
	21		27		8	48		
	27		33		16	60		
	33		39		56	48		
	39		45		40			
	45		51		32	60		
rect	14	276	36	277	489048
			15	278	
	35		36		
	14	297		298	
		296	15		
	35		36		
