point	191	274	b0b0b0
	476	133	
	420	196	d0d0d0
	246	391	b0b0b0
	375	286	d0d0d0
	181		
	249	174	b0b0b0
	258	474	808080
	252	156	d0d0d0
	289	393	b0b0b0
	484	149	808080
	277	128	d0d0d0
	346	472	808080
	303	249	d0d0d0
	331	335	
	404	255	
	466	122	b0b0b0
	450	388	
	194	256	d0d0d0
	506	53	
	172	190	808080
	234	128	b0b0b0
	237	129	d0d0d0
	208	406	
	233	48	808080
	359	1	
	386	419	d0d0d0
	335	44	b0b0b0
	213	282	
	333	276	d0d0d0
	326	394	b0b0b0
	511	321	d0d0d0
	394	289	808080
	378	56	d0d0d0
	461	38	808080
	602	453	d0d0d0
	346	157	b0b0b0
	480	107	808080
	479	46	b0b0b0
	232	360	d0d0d0
	351	241	
	386	452	
	302	411	
	227	211	b0b0b0
	453	171	
	558	441	
	575	409	808080
	211	410	
	460	283	b0b0b0
	262	105	
	266	4	
	532	148	d0d0d0
	413	208	808080
	443	212	b0b0b0
	496	398	808080
	330	336	
	602	284	
	367	328	b0b0b0
	233	126	808080
	434	158	
	589	132	d0d0d0
	498	254	
	601	371	b0b0b0
	468	26	808080
	178	120	
	579	49	
	564	172	
	297	98	d0d0d0
	378	323	
	600	461	808080
	290	215	d0d0d0
	504	320	808080
	509	147	d0d0d0
	303	96	b0b0b0
	180	21	d0d0d0
	478	352	b0b0b0
	139	179	808080
	152	206	d0d0d0
	402	292	b0b0b0
	320	137	808080
	514	264	b0b0b0
	374	358	d0d0d0
	398	52	808080
	378	306	b0b0b0
	235	46	808080
	473	353	d0d0d0
	336	0	808080
	275	315	b0b0b0
	550	340	808080
	194	237	d0d0d0
	141	118	
	355	328	808080
	546	289	b0b0b0
	481	300	808080
	457	169	b0b0b0
	247	257	d0d0d0
	502	250	808080
	602	89	d0d0d0
	248	123	b0b0b0
	292	290	808080
	469	311	d0d0d0
	539	395	808080
	159	214	
	599	325	d0d0d0
	248	353	
	519	282	808080
	598	410	d0d0d0
	549	72	b0b0b0
	285	474	d0d0d0
	527	38	b0b0b0
	286	4	808080
	248	405	
	147	64	b0b0b0
	306	194	d0d0d0
	592	390	
	524	38	
	597	180	b0b0b0
	322	77	d0d0d0
	237	375	
	517	361	808080
	559	215	
	321	211	b0b0b0
	589	421	
	577	71	d0d0d0
	562	262	b0b0b0
rect	157	0	158	481	005000
	325		326		
	493		494		
	128	65	609	66	
		233		234	
		401		402	
	371	218	387	234	009000
	505	315	521	331	00488f
	460	441	476	457	900000
	474	347	492	365	00488f
triangle	363	235	371	243	00c000
	463	445	471	453	c00000
	464	446	470	452	
dither	379	236	518	253	303000
crop	383	240	390	251	0	55	000000	/fonts/tactical.png
	390		397		16	77		
	397		404		120	66		
	404		411		32	77		
	411		418		40	66		
	418		425			77		
	425		432		24			
	432		439		0	22		
	439		446		8	44		
	446		453		96	66		
	453		460		0	77		
	460		467		64	66		
	467		474		8			
	474		481		0	22		
	481		488		96	33		
	488		495		0	22		
	495		502		8	33		
	502		509		0	22		
	509		516		112	33		
	382	239	389	250	0	55	ffff00	
	389		396		16	77		
	396		403		120	66		
	403		410		32	77		
	410		417		40	66		
	417		424			77		
	424		431		24			
	431		438		0	22		
	438		445		8	44		
	445		452		96	66		
	452		459		0	77		
	459		466		64	66		
	466		473		8			
	473		480		0	22		
	480		487		96	33		
	487		494		0	22		
	494		501		8	33		
	501		508		0	22		
	508		515		112	33		
dither	513	303	603	320	001830
crop	517	307	524	318	0	55	000000	/fonts/tactical.png
	524		531		16	77		
	531		538		120	66		
	538		545		32	77		
	545		552		40	66		
	552		559			77		
	559		566		24			
	566		573		0	22		
	573		580		16	44		
	580		587		40	66		
	587		594		32	77		
	594		601		8	66		
	516	306	523	317	0	55	007fff	
	523		530		16	77		
	530		537		120	66		
	537		544		32	77		
	544		551		40	66		
	551		558			77		
	558		565		24			
	565		572		0	22		
	572		579		16	44		
	579		586		40	66		
	586		593		32	77		
	593		600		8	66		
line	556	303	546	291	489048
			541	306	
	546	291			204020
draw	0	-144	128	624	/pictures/501.png
	608		640		/pictures/512.png
crop	29	159	35	171	0	36	ff0000	/fonts/computer.png
	35		41		40			
	41		47		0			
rect	614	359	615	457	007fff
			623	360	
	622			457	00488f
	614	456			
	615	360	622	456	0070e0
	614	231	615	329	ffff7f
			623	232	
	622			329	909048
	614	328			
	615	232	622	328	e0e070
	614	103	615	201	ff7f7f
			623	104	
	622			201	904848
	614	200			
	615	104	622	200	e07070
	618	8	630	9	90488f
			619	10	
	629		630		
	618	36		37	
		35	619		
	629		630		
	620	10	628	35	703870
		29			c060c0
	634	49	636	52	7fff7f
		53		56	60c060
		57		60	
		61		64	
		65		68	
		69		72	7fff7f
		73		76	60c060
		77		80	
		81		84	
		85		88	
		89		92	7fff7f
		93		96	60c060
		97		100	
		101		104	
		105		108	
		109		112	7fff7f
		113		116	60c060
		117		120	
		121		124	0060c0
		125		128	
		129		132	007fff
		133		136	0060c0
		137		140	183018
		141		144	
		145		148	
		149		152	
		153		156	
		157		160	
		161		164	
		165		168	
		169		172	
		173		176	
		177		180	
		181		184	
		185		188	
		189		192	
		193		196	
		197		200	
		201		204	
		205		208	
		209		212	
		213		216	
		217		220	
		221		224	
		225		228	
		229		232	
		233		236	
		237		240	
		241		244	
		245		248	
		249		252	
		253		256	
		257		260	
		261		264	
		265		268	
		269		272	
		273		276	
		277		280	
		281		284	
		285		288	
		289		292	
		293		296	
		297		300	
		301		304	
		305		308	
		309		312	
		313		316	
		317		320	
		321		324	
		325		328	
		329		332	
		333		336	
		337		340	
		341		344	
		345		348	
		349		352	
		353		356	
		357		360	
		361		364	
		365		368	
		369		372	
		373		376	
		377		380	
		381		384	
		385		388	
		389		392	
		393		396	
		397		400	
		401		404	
		405		408	
		409		412	
		413		416	
		417		420	
		421		424	
		425		428	
		429		432	
		433		436	
		437		440	
		441		444	
		445		448	
	621	52	631	56	303000
		57		61	
		62		66	
		67		71	
		72		76	
		77		81	
		82		86	
	7	7	115	115	00ff00
	8	8	114	114	001000
					003000
point	106	10	00e000
rect	12	320	121	440	001000
		342	120	343	009000
		380	13	392	
			121	381	
	120			392	005000
	12	391			
	13	381	120	391	007000
	12	438		439	009000
	16	450	114	475	001010
	17		18	462	00c0c0
			44	451	
	43			462	007070
	17	461			
	18	451	43	461	009090
	17	462	18	474	00c0c0
			44	463	
	43			474	007070
	17	473			
	18	463	43	473	009090
crop	15	320	21	332	16	48	00ff00	/fonts/computer.png
	21		27		40	60		
	27		33		72	48		
	33		39		96			
	39		45		32			
	45		51		0	24		
	51		57		24	60		
	57		63		64	48		
	63		69		72			
	69		75		0	60		
	75		81		24			
	15	332	21	344	0			
	21		27		16	84		
	27		33		120	72		
	33		39		32	84		
	39		45		40	72		
	45		51			84		
	51		57		24			
	57		63		0	24		
	63		69		8	48		
	69		75		96	72		
	75		81		0	84		
	81		87		64	72		
	87		93		8			
	15	344	21	356	48	48		
	21		27		72	72		
	27		33		56			
	33		39		64			
	39		45		32	84		
	45		51		40	72		
	51		57		16	84		
	15	356	21	368	24	48		
	21		27		16	84		
	27		33		40			
	33		39		72	72		
	39		45		24	84		
	45		51		40	72		
	51		57		16	84		
	15	368	21	380	56	48		
	21		27		40	84		
	27		33		112	72		
	33		39		24	84		
	39		45		64	72		
	45		51		72			
	51		57		0	84		
	15	380	21	392	32	60		
	21		27		16	84		
	27		33		8	72		
	33		39		112			
	39		45		24	84		
	45		51		0			
	51		57		120	72		
	57		63		16	84		
	63		69		32			
	15	392	21	404		48		
	21		27		40	72		
	27		33		48			
	33		39		40			
	39		45		112			
	45		51		24	84		
	51		57		40	72		
	57		63		0	24		
	63		69		32	48		
	69		75		16	84		
	75		81		120	72		
	81		87		112			
	87		93		40			
	19	450	25	462	16	60	00ffff	
	25		31		56	48		
	31		37		64			
	37		43		32	60		
	43		49		0	24		
	49		55		16	48		
	55		61		40	84		
	61		67		72	72		
	67		73		96			
	73		79		32			
	19	462	25	474	96	48		
	25		31		40			
	31		37		48			
	37		43		32	60		
	43		49		0	24		
	49		55		104	48		
	55		61		8	72		
	61		67		72			
	67		73		112			
	73		79		0	24		
	79		85		104	48		
	85		91		40	72		
	91		97		112			
	97		103		40	84		
rect	12	180	13	192	ffff00
			121	181	
	120			192	909000
	12	191			
	13	181	120	191	c0c000
crop	15	180	21	192	24	48	000000	/fonts/computer.png
	21		27		120			
	27		33		112			
	33		39		32	60		
	39		45		16			
	45		51		120	48		
	51		57		96			
	15	192	21	204	0	60	7fff7f	
	21		27		16	84		
	27		33		120	72		
	33		39		32	84		
	39		45		40	72		
	45		51			84		
	51		57		24			
	57		63		0	24		
	63		69		8	48		
	69		75		96	72		
	75		81		0	84		
	81		87		64	72		
	87		93		8			
draw	16	206	34	224	/sprites/1002.SMIV/0
rect	14	204	36	205	489048
			15	206	
	35		36		
	14	225		226	
		224	15		
	35		36		
	12	252	13	264	007fff
			121	253	
	120			264	00488f
	12	263			
	13	253	120	263	0060c0
crop	15	252	21	264	32	60	000000	/fonts/computer.png
	21		27		8	48		
	27		33		16	60		
	33		39		56	48		
	39		45		40			
	45		51		32	60		
	15	264	21	276	0		7fff7f	
	21		27		16	84		
	27		33		120	72		
	33		39		32	84		
	39		45		40	72		
	45		51			84		
	51		57		24			
	57		63		0	24		
	63		69		8	48		
	69		75		96	72		
	75		81		0	84		
	81		87		64	72		
	87		93		8			
draw	16	278	34	296	/sprites/1002.SMIV/0
rect	14	276	36	277	489048
			15	278	
	35		36		
	14	297		298	
		296	15		
	35		36		
