point	190	271	b0b0b0
	475	130	
	420	193	d0d0d0
	245	388	b0b0b0
	375	283	d0d0d0
	181		
	248	171	b0b0b0
	258	473	808080
	252	153	d0d0d0
	288	390	b0b0b0
	484	148	808080
	277	125	d0d0d0
	346	471	808080
	303	246	d0d0d0
	331	332	
	404	252	
	465	119	b0b0b0
	449	385	
	194	253	d0d0d0
	506	50	
	172	189	808080
	233	125	b0b0b0
	237	126	d0d0d0
	208	403	
	233	47	808080
	359	0	
	386	416	d0d0d0
	334	41	b0b0b0
	212	279	
	333	273	d0d0d0
	325	391	b0b0b0
	511	318	d0d0d0
	394	288	808080
	378	53	d0d0d0
	461	37	808080
	602	450	d0d0d0
	345	154	b0b0b0
	480	106	808080
	478	43	b0b0b0
	232	357	d0d0d0
	351	238	
	386	449	
	302	408	
	226	208	b0b0b0
	452	168	
	557	438	
	575	408	808080
	211	409	
	459	280	b0b0b0
	261	102	
	265	1	
	532	145	d0d0d0
	413	207	808080
	442	209	b0b0b0
	496	397	808080
	330	335	
	602	283	
	366	325	b0b0b0
	233	125	808080
	434	157	
	589	129	d0d0d0
	498	251	
	600	368	b0b0b0
	468	25	808080
	178	119	
	579	48	
	564	171	
	297	95	d0d0d0
	378	320	
	600	460	808080
	290	212	d0d0d0
	504	319	808080
	509	144	d0d0d0
	302	93	b0b0b0
	180	18	d0d0d0
	477	349	b0b0b0
	139	178	808080
	152	203	d0d0d0
	401	289	b0b0b0
	320	136	808080
	513	261	b0b0b0
	374	355	d0d0d0
	398	51	808080
	377	303	b0b0b0
	235	45	808080
	473	350	d0d0d0
	370	477	b0b0b0
	274	312	
	550	339	808080
	194	234	d0d0d0
	141	115	
	355	327	808080
	545	286	b0b0b0
	481	299	808080
	456	166	b0b0b0
	247	254	d0d0d0
	502	249	808080
	602	86	d0d0d0
	247	120	b0b0b0
	292	289	808080
	469	308	d0d0d0
	539	394	808080
	159	213	
	599	322	d0d0d0
	248	350	
	519	281	808080
	598	407	d0d0d0
	548	69	b0b0b0
	285	471	d0d0d0
	526	35	b0b0b0
	286	3	808080
	248	404	
	146	61	b0b0b0
	306	191	d0d0d0
	592	387	
	524	35	
	596	177	b0b0b0
	322	74	d0d0d0
	237	372	
	517	360	808080
	559	214	
	320	208	b0b0b0
	588	418	
	577	68	d0d0d0
	561	259	b0b0b0
line	147	0	147	480	005000
	323		323		
	499		499		
	128	53	608	53	
		229		229	
		405		405	
rect	371	214	387	230	009000
	512	315	528	331	00488f
	464	447	480	463	900000
	480	349	498	367	00488f
triangle	363	235	371	243	00c000
	468	451	476	459	c00000
	469	452	475	458	
plus	374	217	384	227	00c000
dither	379	232	518	249	303000
tint	383	236	391	248	000000	/font/5000/50
	390		398			/font/5000/72
	397		405			/font/5000/6f
	404		412			/font/5000/74
	411		419			/font/5000/65
	418		426			/font/5000/75
	425		433			/font/5000/73
	432		440			/font/5000/20
	439		447			/font/5000/41
	446		454			/font/5000/6c
	453		461			/font/5000/70
	460		468			/font/5000/68
	467		475			/font/5000/61
	474		482			/font/5000/20
	481		489			/font/5000/3c
	488		496			/font/5000/20
	495		503			/font/5000/31
	502		510			/font/5000/20
	509		517			/font/5000/3e
	382	235	390	247	ffff00	/font/5000/50
	389		397			/font/5000/72
	396		404			/font/5000/6f
	403		411			/font/5000/74
	410		418			/font/5000/65
	417		425			/font/5000/75
	424		432			/font/5000/73
	431		439			/font/5000/20
	438		446			/font/5000/41
	445		453			/font/5000/6c
	452		460			/font/5000/70
	459		467			/font/5000/68
	466		474			/font/5000/61
	473		481			/font/5000/20
	480		488			/font/5000/3c
	487		495			/font/5000/20
	494		502			/font/5000/31
	501		509			/font/5000/20
	508		516			/font/5000/3e
line	556	303	546	291	489048
			541	306	
	546	291			204020
draw	0	0	128	480	/pictures/501.png
	608		640		/pictures/512.png
tint	29	159	37	172	ff0000	/font/5001/30
	35		43			/font/5001/35
	41		49			/font/5001/30
line	614	456	614	359	007fff
		359	622		
	622			456	00488f
		456	614		
rect	615	360	622	456	0070e0
line	614	328	614	231	ffff7f
		231	622		
	622			328	909048
		328	614		
rect	615	232	622	328	e0e070
line	614	200	614	103	ff7f7f
		103	622		
	622			200	904848
		200	614		
rect	615	104	622	200	e07070
line	618	8	629	8	90488f
			618	9	
	629		629		
	618	36		36	
			618	35	
	629		629		
rect	620	10	628	35	703870
		35			c060c0
	634	49	636	52	007fff
		53		56	0060c0
		57		60	
		61		64	
		65		68	
		69		72	007fff
		73		76	0060c0
		77		80	
		81		84	
		85		88	
		89		92	007fff
		93		96	183018
		97		100	
		101		104	
		105		108	
		109		112	
		113		116	
		117		120	
		121		124	
		125		128	
		129		132	
		133		136	
		137		140	
		141		144	
		145		148	
		149		152	
		153		156	
		157		160	
		161		164	
		165		168	
		169		172	
		173		176	
		177		180	
		181		184	
		185		188	
		189		192	
		193		196	
		197		200	
		201		204	
		205		208	
		209		212	
		213		216	
		217		220	
		221		224	
		225		228	
		229		232	
		233		236	
		237		240	
		241		244	
		245		248	
		249		252	
		253		256	
		257		260	
		261		264	
		265		268	
		269		272	
		273		276	
		277		280	
		281		284	
		285		288	
		289		292	
		293		296	
		297		300	
		301		304	
		305		308	
		309		312	
		313		316	
		317		320	
		321		324	
		325		328	
		329		332	
		333		336	
		337		340	
		341		344	
		345		348	
		349		352	
		353		356	
		357		360	
		361		364	
		365		368	
		369		372	
		373		376	
		377		380	
		381		384	
		385		388	
		389		392	
		393		396	
		397		400	
		401		404	
		405		408	
		409		412	
		413		416	
		417		420	
		421		424	
		425		428	
		429		432	
		433		436	
		437		440	
		441		444	
		445		448	
	621	52	631	56	303000
		57		61	
		62		66	
		67		71	
		72		76	
		77		81	
		82		86	
	7	7	115	115	00ff00
	8	8	114	114	001000
					003000
	12	320	121	440	001000
tint	15	320	23	333	00ff00	/font/5001/42
	21		29			/font/5001/55
	27		35			/font/5001/49
	33		41			/font/5001/4c
	39		47			/font/5001/44
	45		53			/font/5001/20
	51		59			/font/5001/53
	57		65			/font/5001/48
	63		71			/font/5001/49
	69		77			/font/5001/50
	75		83			/font/5001/53
line	12	342	119	342	009000
tint	15	332	23	345	00ff00	/font/5001/50
	21		29			/font/5001/72
	27		35			/font/5001/6f
	33		41			/font/5001/74
	39		47			/font/5001/65
	45		53			/font/5001/75
	51		59			/font/5001/73
	57		65			/font/5001/20
	63		71			/font/5001/41
	69		77			/font/5001/6c
	75		83			/font/5001/70
	81		89			/font/5001/68
	87		95			/font/5001/61
	15	344	23	357		/font/5001/46
	21		29			/font/5001/69
	27		35			/font/5001/67
	33		41			/font/5001/68
	39		47			/font/5001/74
	45		53			/font/5001/65
	51		59			/font/5001/72
	15	356	23	369		/font/5001/43
	21		29			/font/5001/72
	27		35			/font/5001/75
	33		41			/font/5001/69
	39		47			/font/5001/73
	45		53			/font/5001/65
	51		59			/font/5001/72
line	12	379	12	368	009000
		368	120		
	120			379	005000
		379	12		
rect	13	369	120	379	007000
tint	15	368	23	381	00ff00	/font/5001/47
	21		29			/font/5001/75
	27		35			/font/5001/6e
	33		41			/font/5001/73
	39		47			/font/5001/68
	45		53			/font/5001/69
	51		59			/font/5001/70
	15	380	23	393		/font/5001/54
	21		29			/font/5001/72
	27		35			/font/5001/61
	33		41			/font/5001/6e
	39		47			/font/5001/73
	45		53			/font/5001/70
	51		59			/font/5001/6f
	57		65			/font/5001/72
	63		71			/font/5001/74
	15	392	23	405		/font/5001/44
	21		29			/font/5001/65
	27		35			/font/5001/66
	33		41			/font/5001/65
	39		47			/font/5001/6e
	45		53			/font/5001/73
	51		59			/font/5001/65
	57		65			/font/5001/20
	63		71			/font/5001/44
	69		77			/font/5001/72
	75		83			/font/5001/6f
	81		89			/font/5001/6e
	87		95			/font/5001/65
line	12	438	119	438	009000
rect	16	450	114	475	001010
line	17	461	17	450	00c0c0
		450	43		
	43			461	007070
		461	17		
rect	18	451	43	461	009090
tint	19	450	27	463	00ffff	/font/5001/52
	25		33			/font/5001/47
	31		39			/font/5001/48
	37		45			/font/5001/54
	43		51			/font/5001/20
	49		57			/font/5001/42
	55		63			/font/5001/75
	61		69			/font/5001/69
	67		75			/font/5001/6c
	73		81			/font/5001/64
line	17	473	17	462	00c0c0
		462	43		
	43			473	007070
		473	17		
rect	18	463	43	473	009090
tint	19	462	27	475	00ffff	/font/5001/4c
	25		33			/font/5001/45
	31		39			/font/5001/46
	37		45			/font/5001/54
	43		51			/font/5001/20
	49		57			/font/5001/4d
	55		63			/font/5001/61
	61		69			/font/5001/69
	67		75			/font/5001/6e
	73		81			/font/5001/20
	79		87			/font/5001/4d
	85		93			/font/5001/65
	91		99			/font/5001/6e
	97		105			/font/5001/75
line	12	191	12	180	ffff00
		180	120		
	120			191	909000
		191	12		
rect	13	181	120	191	c0c000
tint	15	180	23	193	000000	/font/5001/43
	21		29			/font/5001/4f
	27		35			/font/5001/4e
	33		41			/font/5001/54
	39		47			/font/5001/52
	45		53			/font/5001/4f
	51		59			/font/5001/4c
	15	192	23	205	7fff7f	/font/5001/50
	21		29			/font/5001/72
	27		35			/font/5001/6f
	33		41			/font/5001/74
	39		47			/font/5001/65
	45		53			/font/5001/75
	51		59			/font/5001/73
	57		65			/font/5001/20
	63		71			/font/5001/41
	69		77			/font/5001/6c
	75		83			/font/5001/70
	81		89			/font/5001/68
	87		95			/font/5001/61
draw	16	206	34	224	/sprites/1002.SMIV/0
line	14	204	35	204	489048
			14	205	
	35		35		
	14	225		225	
			14	224	
	35		35		
	12	263	12	252	007fff
		252	120		
	120			263	00488f
		263	12		
rect	13	253	120	263	0060c0
tint	15	252	23	265	000000	/font/5001/54
	21		29			/font/5001/41
	27		35			/font/5001/52
	33		41			/font/5001/47
	39		47			/font/5001/45
	45		53			/font/5001/54
	15	264	23	277	7fff7f	/font/5001/50
	21		29			/font/5001/72
	27		35			/font/5001/6f
	33		41			/font/5001/74
	39		47			/font/5001/65
	45		53			/font/5001/75
	51		59			/font/5001/73
	57		65			/font/5001/20
	63		71			/font/5001/42
	69		77			/font/5001/65
	75		83			/font/5001/74
	81		89			/font/5001/61
draw	16	278	34	296	/sprites/1003.SMIV/0
line	14	276	35	276	489048
			14	277	
	35		35		
	14	297		297	
			14	296	
	35		35		
