point	510	407	d0d0d0
	354	321	b0b0b0
	297	384	d0d0d0
	255	140	
	553	416	808080
	377	13	
	156	469	
	568	428	d0d0d0
	358	298	b0b0b0
	385	54	
	375	394	d0d0d0
	244	27	
	570	164	808080
	472	380	d0d0d0
	354	344	
	488	246	808080
	398	365	
	546	210	b0b0b0
	193	341	
	536	332	
	396	220	808080
	237	80	d0d0d0
	471	376	808080
	175	35	d0d0d0
	348	261	b0b0b0
	469	164	d0d0d0
	417	139	b0b0b0
	367	465	d0d0d0
	181	321	808080
	452	5	
	484	345	
	542	329	
	139	95	
	172	381	
	484	109	b0b0b0
	566	456	
	496	220	808080
	573	38	
	151	233	b0b0b0
	280	463	808080
	319	22	d0d0d0
	417	212	b0b0b0
	437	111	808080
	227	36	d0d0d0
	511	359	b0b0b0
	174	149	
	320	215	808080
	476	439	b0b0b0
	556	221	
	275	160	d0d0d0
	500	210	
	569	379	
	158	14	808080
	561	187	
	241	204	
	170	403	b0b0b0
	347	90	808080
	464	187	b0b0b0
	381	450	
	407	427	
	521	407	
	422	404	808080
	217	79	b0b0b0
	592	469	
	482	338	808080
	398	160	d0d0d0
	511	457	808080
	530	349	b0b0b0
	169	448	808080
	345	267	
	535	171	
	249	126	
	564	148	d0d0d0
	327	347	808080
	352	295	
	432	434	b0b0b0
	240	33	
	149	278	
	533	319	808080
	315	424	
	129	135	
	491	346	b0b0b0
	566	285	808080
	517	304	
	259	185	d0d0d0
	497	376	
	413	450	808080
	371	26	b0b0b0
	295	146	808080
	230	380	
	488	463	
	554	233	d0d0d0
	339	477	808080
	226	106	
	477	317	d0d0d0
	585	361	808080
	247	56	
	428	132	b0b0b0
	430	228	808080
	474	29	b0b0b0
	439	87	d0d0d0
	284	201	808080
	373	411	b0b0b0
	577	374	
	410	244	808080
	264	88	
	567	215	d0d0d0
	512	155	
	278	451	b0b0b0
	350	309	808080
	473	456	
	559	424	
	546	439	b0b0b0
	356	129	
	571	103	
	310	99	
	492	333	d0d0d0
	260	245	b0b0b0
	513	50	808080
	262	167	
	304	21	
	531	451	b0b0b0
	205	129	
	391	165	d0d0d0
	230	441	
line	209	0	209	437	002850
	448		448		
	128	73	608	73	005000
		312		312	002850
rect	185	191	201	207	00488f
triangle	363	235	371	243	00c000
dither	193	179	325	196	001830
crop	197	183	204	194	0	55	000000	/fonts/tactical
	204		211		16	77		
	211		218		120	66		
	218		225		32	77		
	225		232		40	66		
	232		239			77		
	239		246		24			
	246		253		0	22		
	253		260		16	44		
	260		267		40	66		
	267		274		32	77		
	274		281		8	66		
	281		288		0	22		
	288		295		96	33		
	295		302		0	22		
	302		309		16	33		
	309		316		0	22		
	316		323		112	33		
	196	182	203	193	0	55	007fff	
	203		210		16	77		
	210		217		120	66		
	217		224		32	77		
	224		231		40	66		
	231		238			77		
	238		245		24			
	245		252		0	22		
	252		259		16	44		
	259		266		40	66		
	266		273		32	77		
	273		280		8	66		
	280		287		0	22		
	287		294		96	33		
	294		301		0	22		
	301		308		16	33		
	308		315		0	22		
	315		322		112	33		
rect	128	437	608	480	007fff
		438		479	000810
	132	442	139	453	
crop	132	442	139	453	32	55	007fff	/fonts/tactical
rect	139	442	146	453	000810
crop	139	442	146	453	64	66	007fff	/fonts/tactical
rect	146	442	153	453	000810
crop	146	442	153	453	40	66	007fff	/fonts/tactical
rect	153	442	160	453	000810
crop	153	442	160	453	0	22	007fff	/fonts/tactical
rect	160	442	167	453	000810
crop	160	442	167	453	120	44	007fff	/fonts/tactical
rect	167	442	174	453	000810
crop	167	442	174	453	16	77	007fff	/fonts/tactical
rect	174	442	181	453	000810
crop	174	442	181	453	32	66	007fff	/fonts/tactical
rect	181	442	188	453	000810
crop	181	442	188	453	40	66	007fff	/fonts/tactical
rect	188	442	195	453	000810
crop	188	442	195	453	16	77	007fff	/fonts/tactical
rect	195	442	202	453	000810
crop	195	442	202	453	56	22	007fff	/fonts/tactical
rect	202	442	209	453	000810
crop	202	442	209	453	24	77	007fff	/fonts/tactical
rect	209	442	216	453	000810
crop	209	442	216	453	0	22	007fff	/fonts/tactical
rect	216	442	223	453	000810
crop	216	442	223	453	24	66	007fff	/fonts/tactical
rect	223	442	230	453	000810
crop	223	442	230	453	8	66	007fff	/fonts/tactical
rect	230	442	237	453	000810
crop	230	442	237	453	16	77	007fff	/fonts/tactical
rect	237	442	244	453	000810
crop	237	442	244	453	16	77	007fff	/fonts/tactical
rect	244	442	251	453	000810
crop	244	442	251	453	72	66	007fff	/fonts/tactical
rect	251	442	258	453	000810
crop	251	442	258	453	40	66	007fff	/fonts/tactical
rect	258	442	265	453	000810
crop	258	442	265	453	16	77	007fff	/fonts/tactical
rect	265	442	272	453	000810
crop	265	442	272	453	24	77	007fff	/fonts/tactical
rect	272	442	279	453	000810
crop	272	442	279	453	0	22	007fff	/fonts/tactical
rect	279	442	286	453	000810
crop	279	442	286	453	64	66	007fff	/fonts/tactical
rect	286	442	293	453	000810
crop	286	442	293	453	8	66	007fff	/fonts/tactical
rect	293	442	300	453	000810
crop	293	442	300	453	48	77	007fff	/fonts/tactical
rect	300	442	307	453	000810
crop	300	442	307	453	40	66	007fff	/fonts/tactical
rect	307	442	314	453	000810
crop	307	442	314	453	0	22	007fff	/fonts/tactical
rect	314	442	321	453	000810
crop	314	442	321	453	8	66	007fff	/fonts/tactical
rect	321	442	328	453	000810
crop	321	442	328	453	0	22	007fff	/fonts/tactical
rect	328	442	335	453	000810
crop	328	442	335	453	24	77	007fff	/fonts/tactical
rect	335	442	342	453	000810
crop	335	442	342	453	32	77	007fff	/fonts/tactical
rect	342	442	349	453	000810
crop	342	442	349	453	8	66	007fff	/fonts/tactical
rect	349	442	356	453	000810
crop	349	442	356	453	112	66	007fff	/fonts/tactical
rect	356	442	363	453	000810
crop	356	442	363	453	32	66	007fff	/fonts/tactical
rect	363	442	370	453	000810
crop	363	442	370	453	8	66	007fff	/fonts/tactical
rect	370	442	377	453	000810
crop	370	442	377	453	16	77	007fff	/fonts/tactical
rect	377	442	384	453	000810
crop	377	442	384	453	32	66	007fff	/fonts/tactical
rect	384	442	391	453	000810
crop	384	442	391	453	0	22	007fff	/fonts/tactical
rect	391	442	398	453	000810
crop	391	442	398	453	24	66	007fff	/fonts/tactical
rect	398	442	405	453	000810
crop	398	442	405	453	120	66	007fff	/fonts/tactical
rect	405	442	412	453	000810
crop	405	442	412	453	104	66	007fff	/fonts/tactical
rect	412	442	419	453	000810
crop	412	442	419	453	0	77	007fff	/fonts/tactical
rect	419	442	426	453	000810
crop	419	442	426	453	96	66	007fff	/fonts/tactical
rect	426	442	433	453	000810
crop	426	442	433	453	72	66	007fff	/fonts/tactical
rect	433	442	440	453	000810
crop	433	442	440	453	104	66	007fff	/fonts/tactical
rect	440	442	447	453	000810
crop	440	442	447	453	40	66	007fff	/fonts/tactical
rect	447	442	454	453	000810
crop	447	442	454	453	112	66	007fff	/fonts/tactical
rect	454	442	461	453	000810
crop	454	442	461	453	32	77	007fff	/fonts/tactical
rect	461	442	468	453	000810
crop	461	442	468	453	0	22	007fff	/fonts/tactical
rect	468	442	475	453	000810
crop	468	442	475	453	120	66	007fff	/fonts/tactical
rect	475	442	482	453	000810
crop	475	442	482	453	48	66	007fff	/fonts/tactical
rect	482	442	489	453	000810
crop	482	442	489	453	0	22	007fff	/fonts/tactical
rect	489	442	496	453	000810
crop	489	442	496	453	32	77	007fff	/fonts/tactical
rect	496	442	503	453	000810
crop	496	442	503	453	40	66	007fff	/fonts/tactical
rect	503	442	510	453	000810
crop	503	442	510	453	112	66	007fff	/fonts/tactical
rect	510	442	517	453	000810
crop	510	442	517	453	0	22	007fff	/fonts/tactical
rect	517	442	524	453	000810
crop	517	442	524	453	48	66	007fff	/fonts/tactical
rect	524	442	531	453	000810
crop	524	442	531	453	72	66	007fff	/fonts/tactical
rect	531	442	538	453	000810
crop	531	442	538	453	56	66	007fff	/fonts/tactical
rect	538	442	545	453	000810
crop	538	442	545	453	64	66	007fff	/fonts/tactical
rect	545	442	552	453	000810
crop	545	442	552	453	32	77	007fff	/fonts/tactical
rect	552	442	559	453	000810
crop	552	442	559	453	40	66	007fff	/fonts/tactical
rect	559	442	566	453	000810
crop	559	442	566	453	16	77	007fff	/fonts/tactical
rect	566	442	573	453	000810
crop	566	442	573	453	24	77	007fff	/fonts/tactical
rect	573	442	580	453	000810
crop	573	442	580	453	112	22	007fff	/fonts/tactical
rect	580	442	587	453	000810
crop	580	442	587	453	0	22	007fff	/fonts/tactical
rect	132	453	139	464	000810
crop	132	453	139	464	32	55	007fff	/fonts/tactical
rect	139	453	146	464	000810
crop	139	453	146	464	64	66	007fff	/fonts/tactical
rect	146	453	153	464	000810
crop	146	453	153	464	40	66	007fff	/fonts/tactical
rect	153	453	160	464	000810
crop	153	453	160	464	72	77	007fff	/fonts/tactical
rect	160	453	167	464	000810
crop	160	453	167	464	0	22	007fff	/fonts/tactical
rect	167	453	174	464	000810
crop	167	453	174	464	8	66	007fff	/fonts/tactical
rect	174	453	181	464	000810
crop	174	453	181	464	16	77	007fff	/fonts/tactical
rect	181	453	188	464	000810
crop	181	453	188	464	40	66	007fff	/fonts/tactical
rect	188	453	195	464	000810
crop	188	453	195	464	0	22	007fff	/fonts/tactical
rect	195	453	202	464	000810
crop	195	453	202	464	8	66	007fff	/fonts/tactical
rect	202	453	209	464	000810
crop	202	453	209	464	16	77	007fff	/fonts/tactical
rect	209	453	216	464	000810
crop	209	453	216	464	104	66	007fff	/fonts/tactical
rect	216	453	223	464	000810
crop	216	453	223	464	40	66	007fff	/fonts/tactical
rect	223	453	230	464	000810
crop	223	453	230	464	32	66	007fff	/fonts/tactical
rect	230	453	237	464	000810
crop	230	453	237	464	0	22	007fff	/fonts/tactical
rect	237	453	244	464	000810
crop	237	453	244	464	56	77	007fff	/fonts/tactical
rect	244	453	251	464	000810
crop	244	453	251	464	72	66	007fff	/fonts/tactical
rect	251	453	258	464	000810
crop	251	453	258	464	32	77	007fff	/fonts/tactical
rect	258	453	265	464	000810
crop	258	453	265	464	64	66	007fff	/fonts/tactical
rect	265	453	272	464	000810
crop	265	453	272	464	0	22	007fff	/fonts/tactical
rect	272	453	279	464	000810
crop	272	453	279	464	56	66	007fff	/fonts/tactical
rect	279	453	286	464	000810
crop	279	453	286	464	40	77	007fff	/fonts/tactical
rect	286	453	293	464	000810
crop	286	453	293	464	72	66	007fff	/fonts/tactical
rect	293	453	300	464	000810
crop	293	453	300	464	32	66	007fff	/fonts/tactical
rect	300	453	307	464	000810
crop	300	453	307	464	40	66	007fff	/fonts/tactical
rect	307	453	314	464	000810
crop	307	453	314	464	32	66	007fff	/fonts/tactical
rect	314	453	321	464	000810
crop	314	453	321	464	0	22	007fff	/fonts/tactical
rect	321	453	328	464	000810
crop	321	453	328	464	104	66	007fff	/fonts/tactical
rect	328	453	335	464	000810
crop	328	453	335	464	72	66	007fff	/fonts/tactical
rect	335	453	342	464	000810
crop	335	453	342	464	24	77	007fff	/fonts/tactical
rect	342	453	349	464	000810
crop	342	453	349	464	24	77	007fff	/fonts/tactical
rect	349	453	356	464	000810
crop	349	453	356	464	72	66	007fff	/fonts/tactical
rect	356	453	363	464	000810
crop	356	453	363	464	96	66	007fff	/fonts/tactical
rect	363	453	370	464	000810
crop	363	453	370	464	40	66	007fff	/fonts/tactical
rect	370	453	377	464	000810
crop	370	453	377	464	24	77	007fff	/fonts/tactical
rect	377	453	384	464	000810
crop	377	453	384	464	96	22	007fff	/fonts/tactical
rect	384	453	391	464	000810
crop	384	453	391	464	0	22	007fff	/fonts/tactical
rect	391	453	398	464	000810
crop	391	453	398	464	32	66	007fff	/fonts/tactical
rect	398	453	405	464	000810
crop	398	453	405	464	40	66	007fff	/fonts/tactical
rect	405	453	412	464	000810
crop	405	453	412	464	48	66	007fff	/fonts/tactical
rect	412	453	419	464	000810
crop	412	453	419	464	40	66	007fff	/fonts/tactical
rect	419	453	426	464	000810
crop	419	453	426	464	112	66	007fff	/fonts/tactical
rect	426	453	433	464	000810
crop	426	453	433	464	24	77	007fff	/fonts/tactical
rect	433	453	440	464	000810
crop	433	453	440	464	72	66	007fff	/fonts/tactical
rect	440	453	447	464	000810
crop	440	453	447	464	48	77	007fff	/fonts/tactical
rect	447	453	454	464	000810
crop	447	453	454	464	40	66	007fff	/fonts/tactical
rect	454	453	461	464	000810
crop	454	453	461	464	0	22	007fff	/fonts/tactical
rect	461	453	468	464	000810
crop	461	453	468	464	24	66	007fff	/fonts/tactical
rect	468	453	475	464	000810
crop	468	453	475	464	96	66	007fff	/fonts/tactical
rect	475	453	482	464	000810
crop	475	453	482	464	40	77	007fff	/fonts/tactical
rect	482	453	489	464	000810
crop	482	453	489	464	24	77	007fff	/fonts/tactical
rect	489	453	496	464	000810
crop	489	453	496	464	32	77	007fff	/fonts/tactical
rect	496	453	503	464	000810
crop	496	453	503	464	40	66	007fff	/fonts/tactical
rect	503	453	510	464	000810
crop	503	453	510	464	16	77	007fff	/fonts/tactical
rect	510	453	517	464	000810
crop	510	453	517	464	0	22	007fff	/fonts/tactical
rect	517	453	524	464	000810
crop	517	453	524	464	24	66	007fff	/fonts/tactical
rect	524	453	531	464	000810
crop	524	453	531	464	40	66	007fff	/fonts/tactical
rect	531	453	538	464	000810
crop	531	453	538	464	96	66	007fff	/fonts/tactical
rect	538	453	545	464	000810
crop	538	453	545	464	96	66	007fff	/fonts/tactical
rect	545	453	552	464	000810
crop	545	453	552	464	0	22	007fff	/fonts/tactical
rect	132	464	139	475	000810
crop	132	464	139	475	56	66	007fff	/fonts/tactical
rect	139	464	146	475	000810
crop	139	464	146	475	40	66	007fff	/fonts/tactical
rect	146	464	153	475	000810
crop	146	464	153	475	112	66	007fff	/fonts/tactical
rect	153	464	160	475	000810
crop	153	464	160	475	40	66	007fff	/fonts/tactical
rect	160	464	167	475	000810
crop	160	464	167	475	16	77	007fff	/fonts/tactical
rect	167	464	174	475	000810
crop	167	464	174	475	8	66	007fff	/fonts/tactical
rect	174	464	181	475	000810
crop	174	464	181	475	32	77	007fff	/fonts/tactical
rect	181	464	188	475	000810
crop	181	464	188	475	120	66	007fff	/fonts/tactical
rect	188	464	195	475	000810
crop	188	464	195	475	16	77	007fff	/fonts/tactical
rect	195	464	202	475	000810
crop	195	464	202	475	24	77	007fff	/fonts/tactical
rect	202	464	209	475	000810
crop	202	464	209	475	96	22	007fff	/fonts/tactical
rect	209	464	216	475	000810
crop	209	464	216	475	0	22	007fff	/fonts/tactical
rect	216	464	223	475	000810
crop	216	464	223	475	8	66	007fff	/fonts/tactical
rect	223	464	230	475	000810
crop	223	464	230	475	112	66	007fff	/fonts/tactical
rect	230	464	237	475	000810
crop	230	464	237	475	32	66	007fff	/fonts/tactical
rect	237	464	244	475	000810
crop	237	464	244	475	0	22	007fff	/fonts/tactical
rect	244	464	251	475	000810
crop	244	464	251	475	8	66	007fff	/fonts/tactical
rect	251	464	258	475	000810
crop	251	464	258	475	16	77	007fff	/fonts/tactical
rect	258	464	265	475	000810
crop	258	464	265	475	40	66	007fff	/fonts/tactical
rect	265	464	272	475	000810
crop	265	464	272	475	0	22	007fff	/fonts/tactical
rect	272	464	279	475	000810
crop	272	464	279	475	40	66	007fff	/fonts/tactical
rect	279	464	286	475	000810
crop	279	464	286	475	64	77	007fff	/fonts/tactical
rect	286	464	293	475	000810
crop	286	464	293	475	32	77	007fff	/fonts/tactical
rect	293	464	300	475	000810
crop	293	464	300	475	16	77	007fff	/fonts/tactical
rect	300	464	307	475	000810
crop	300	464	307	475	40	66	007fff	/fonts/tactical
rect	307	464	314	475	000810
crop	307	464	314	475	104	66	007fff	/fonts/tactical
rect	314	464	321	475	000810
crop	314	464	321	475	40	66	007fff	/fonts/tactical
rect	321	464	328	475	000810
crop	321	464	328	475	96	66	007fff	/fonts/tactical
rect	328	464	335	475	000810
crop	328	464	335	475	72	77	007fff	/fonts/tactical
rect	335	464	342	475	000810
crop	335	464	342	475	0	22	007fff	/fonts/tactical
rect	342	464	349	475	000810
crop	342	464	349	475	56	77	007fff	/fonts/tactical
rect	349	464	356	475	000810
crop	349	464	356	475	40	66	007fff	/fonts/tactical
rect	356	464	363	475	000810
crop	356	464	363	475	96	66	007fff	/fonts/tactical
rect	363	464	370	475	000810
crop	363	464	370	475	96	66	007fff	/fonts/tactical
rect	370	464	377	475	000810
crop	370	464	377	475	0	22	007fff	/fonts/tactical
rect	377	464	384	475	000810
crop	377	464	384	475	8	66	007fff	/fonts/tactical
rect	384	464	391	475	000810
crop	384	464	391	475	16	77	007fff	/fonts/tactical
rect	391	464	398	475	000810
crop	391	464	398	475	104	66	007fff	/fonts/tactical
rect	398	464	405	475	000810
crop	398	464	405	475	120	66	007fff	/fonts/tactical
rect	405	464	412	475	000810
crop	405	464	412	475	16	77	007fff	/fonts/tactical
rect	412	464	419	475	000810
crop	412	464	419	475	40	66	007fff	/fonts/tactical
rect	419	464	426	475	000810
crop	419	464	426	475	32	66	007fff	/fonts/tactical
rect	426	464	433	475	000810
crop	426	464	433	475	112	22	007fff	/fonts/tactical
rect	433	464	440	475	000810
crop	433	464	440	475	0	22	007fff	/fonts/tactical
rect	440	464	447	475	007fff
crop	440	464	447	475	96	33	000810	/fonts/tactical
rect	447	464	454	475	007fff
crop	447	464	454	475	40	44	000810	/fonts/tactical
rect	454	464	461	475	007fff
crop	454	464	461	475	120	44	000810	/fonts/tactical
rect	461	464	468	475	007fff
crop	461	464	468	475	32	55	000810	/fonts/tactical
rect	468	464	475	475	007fff
crop	468	464	475	475	112	33	000810	/fonts/tactical
rect	475	464	482	475	000810
crop	475	464	482	475	0	22	007fff	/fonts/tactical
rect	482	464	604	475	000810
line	283	420	296	411	489048
			282	405	
	296	411			204020
draw	0	0	128	480	/pictures/501.png
	608		640		/pictures/512.png
crop	29	159	35	171	0	36	ff0000	/fonts/computer
	35		41		40			
	41		47		0			
line	614	456	614	359	007fff
		359	622		
	622			456	00488f
		456	614		
rect	615	360	622	456	0070e0
line	614	246	614	231	909048
		231	622		
	622			246	505028
		246	614		
rect	615	232	622	246	707038
line	614	328	614	247	ffff7f
		247	622		
	622			328	909048
		328	614		
rect	615	248	622	328	e0e070
line	614	103	614	103	904848
			622		
	622				502828
			614		
	614	200		104	ff7f7f
		104	622		
	622			200	904848
		200	614		
rect	615	105	622	200	e07070
line	618	8	629	8	90488f
			618	9	
	629		629		
	618	36		36	
			618	35	
	629		629		
rect	620	10	628	35	703870
		17			c060c0
	634	49	636	52	7fff7f
		53		56	60c060
		57		60	703800
		61		64	
		65		68	
		69		72	904800
		73		76	703800
		77		80	
		81		84	
		85		88	
		89		92	904800
		93		96	183018
		97		100	
		101		104	
		105		108	
		109		112	
		113		116	
		117		120	
		121		124	
		125		128	
		129		132	
		133		136	
		137		140	
		141		144	
		145		148	
		149		152	
		153		156	
		157		160	
		161		164	
		165		168	
		169		172	
		173		176	
		177		180	
		181		184	
		185		188	
		189		192	
		193		196	
		197		200	
		201		204	
		205		208	
		209		212	
		213		216	
		217		220	
		221		224	
		225		228	
		229		232	
		233		236	
		237		240	
		241		244	
		245		248	
		249		252	
		253		256	
		257		260	
		261		264	
		265		268	
		269		272	
		273		276	
		277		280	
		281		284	
		285		288	
		289		292	
		293		296	
		297		300	
		301		304	
		305		308	
		309		312	
		313		316	
		317		320	
		321		324	
		325		328	
		329		332	
		333		336	
		337		340	
		341		344	
		345		348	
		349		352	
		353		356	
		357		360	
		361		364	
		365		368	
		369		372	
		373		376	
		377		380	
		381		384	
		385		388	
		389		392	
		393		396	
		397		400	
		401		404	
		405		408	
		409		412	
		413		416	
		417		420	
		421		424	
		425		428	
		429		432	
		433		436	
		437		440	
		441		444	
		445		448	
	621	52	631	56	303000
		57		61	
		62		66	
		67		71	
		72		76	
		77		81	
		82		86	
	7	7	115	115	00ff00
	8	8	114	114	001000
	20	20	102	102	003000
point	32	55	00e000
	61	60	
rect	12	320	121	440	001000
crop	15	320	21	332	16	48	00ff00	/fonts/computer
	21		27		40	60		
	27		33		72	48		
	33		39		96			
	39		45		32			
	45		51		0	24		
	51		57		24	60		
	57		63		64	48		
	63		69		72			
	69		75		0	60		
	75		81		24			
line	12	342	119	342	009000
crop	15	332	21	344	0	60	00ff00	/fonts/computer
	21		27		16	84		
	27		33		120	72		
	33		39		32	84		
	39		45		40	72		
	45		51			84		
	51		57		24			
	57		63		0	24		
	63		69		8	48		
	69		75		96	72		
	75		81		0	84		
	81		87		64	72		
	87		93		8			
	15	344	21	356	48	48	009000	
	21		27		72	72		
	27		33		56			
	33		39		64			
	39		45		32	84		
	45		51		40	72		
	51		57		16	84		
	15	356	21	368	24	48		
	21		27		16	84		
	27		33		40			
	33		39		72	72		
	39		45		24	84		
	45		51		40	72		
	51		57		16	84		
line	12	379	12	368	009000
		368	120		
	120			379	005000
		379	12		
rect	13	369	120	379	007000
crop	15	368	21	380	56	48	003000	/fonts/computer
	21		27		40	84		
	27		33		112	72		
	33		39		24	84		
	39		45		64	72		
	45		51		72			
	51		57		0	84		
	15	380	21	392	32	60	009000	
	21		27		16	84		
	27		33		8	72		
	33		39		112			
	39		45		24	84		
	45		51		0			
	51		57		120	72		
	57		63		16	84		
	63		69		32			
	15	392	21	404		48		
	21		27		40	72		
	27		33		48			
	33		39		40			
	39		45		112			
	45		51		24	84		
	51		57		40	72		
	57		63		0	24		
	63		69		32	48		
	69		75		16	84		
	75		81		120	72		
	81		87		112			
	87		93		40			
line	12	438	119	438	009000
rect	16	450	114	475	001010
line	17	461	17	450	00c0c0
		450	43		
	43			461	007070
		461	17		
rect	18	451	43	461	009090
crop	19	450	25	462	16	60	00ffff	/fonts/computer
	25		31		56	48		
	31		37		64			
	37		43		32	60		
	43		49		0	24		
	49		55		16	48		
	55		61		40	84		
	61		67		72	72		
	67		73		96			
	73		79		32			
line	17	473	17	462	00c0c0
		462	43		
	43			473	007070
		473	17		
rect	18	463	43	473	009090
crop	19	462	25	474	96	48	00ffff	/fonts/computer
	25		31		40			
	31		37		48			
	37		43		32	60		
	43		49		0	24		
	49		55		104	48		
	55		61		8	72		
	61		67		72			
	67		73		112			
	73		79		0	24		
	79		85		104	48		
	85		91		40	72		
	91		97		112			
	97		103		40	84		
line	12	191	12	180	ffff00
		180	120		
	120			191	909000
		191	12		
rect	13	181	120	191	c0c000
crop	15	180	21	192	24	48	000000	/fonts/computer
	21		27		120			
	27		33		112			
	33		39		32	60		
	39		45		16			
	45		51		120	48		
	51		57		96			
	15	192	21	204	0	60	7fff7f	
	21		27		16	84		
	27		33		120	72		
	33		39		32	84		
	39		45		40	72		
	45		51			84		
	51		57		24			
	57		63		0	24		
	63		69		8	48		
	69		75		96	72		
	75		81		0	84		
	81		87		64	72		
	87		93		8			
draw	16	206	34	224	/sprites/1002.SMIV/0
line	14	204	35	204	489048
			14	205	
	35		35		
	14	225		225	
			14	224	
	35		35		
	12	263	12	252	007fff
		252	120		
	120			263	00488f
		263	12		
rect	13	253	120	263	0060c0
crop	15	252	21	264	32	60	000000	/fonts/computer
	21		27		8	48		
	27		33		16	60		
	33		39		56	48		
	39		45		40			
	45		51		32	60		
	15	264	21	276	0		7fff7f	
	21		27		16	84		
	27		33		120	72		
	33		39		32	84		
	39		45		40	72		
	45		51			84		
	51		57		24			
	57		63		0	24		
	63		69		16	48		
	69		75		40	72		
	75		81		32	84		
	81		87		8	72		
draw	16	278	34	296	/sprites/1003.SMIV/0
line	14	276	35	276	489048
			14	277	
	35		35		
	14	297		297	
			14	296	
	35		35		
