point	338	449	808080
	237	136	
	399	84	
	444	189	
	188	137	b0b0b0
	334	85	d0d0d0
	553	391	808080
	264	232	
	475	361	b0b0b0
	364	370	808080
	201	303	
	151	92	d0d0d0
	451	211	808080
	155	398	d0d0d0
	258	400	b0b0b0
	358	86	
	300	371	
	156	439	
	568	418	808080
	382	45	b0b0b0
	602	369	808080
	146	242	
	499	122	
	330	373	
	404	471	b0b0b0
	347	69	
	485	454	
	472	182	
	341	290	d0d0d0
	545	450	808080
	340	123	b0b0b0
	187	155	
	216	41	808080
	312	154	d0d0d0
	401	372	808080
	271	249	b0b0b0
	577	441	808080
	278	268	
	408	388	d0d0d0
	361	417	b0b0b0
	279	231	d0d0d0
	462	143	808080
	459	18	b0b0b0
	170	212	
	145	321	d0d0d0
	257	451	b0b0b0
	493	137	808080
	210	263	
	191	338	b0b0b0
	325	211	808080
	401	78	d0d0d0
	349	303	808080
	191	16	b0b0b0
	139	438	
	187	142	d0d0d0
	442	17	
	449	197	808080
	429	398	
	538	233	
	415	25	
	289	136	d0d0d0
	232	74	808080
	554	369	d0d0d0
	344	230	808080
	138	334	
	337	97	d0d0d0
	320	198	
	518	233	
	243	52	808080
	308	453	d0d0d0
	395	114	b0b0b0
	600	110	d0d0d0
	521	154	
	367	214	
	595	306	b0b0b0
	517	280	d0d0d0
	208	428	808080
	317	275	d0d0d0
	482	226	
	285	410	b0b0b0
	309	427	808080
	515	469	d0d0d0
	569	339	808080
	476	360	
	470	269	
	512	241	b0b0b0
	219	306	808080
	234	140	
	528	222	d0d0d0
	389	414	808080
	556	347	
	316	307	d0d0d0
	179	371	808080
	537	156	
	219	43	
	341	225	
	357	189	b0b0b0
	466	17	808080
	588	64	
	537	473	
	282	289	
	572	460	
	411	83	
	473	91	
	539	202	b0b0b0
		59	
	552	418	808080
	156	361	
	392	460	d0d0d0
	168	337	808080
	301	261	
	533	275	
	517	39	d0d0d0
	185	302	808080
	596	423	
	380	29	
	169	128	
	469	11	
	512	400	b0b0b0
	533	62	d0d0d0
	600	368	
	443	462	808080
	327	177	b0b0b0
	186	295	
	450	288	d0d0d0
rect	172	0	173	480	005000
	348		349		
	524		525		
	128	141	608	142	
		317		318	
	221	126	237	142	009000
	361	227	377	243	00488f
	314	359	330	375	900000
	329	261	347	279	00488f
triangle	365	231	373	239	00c000
	317	364	325	372	c00000
	318		324	370	
plus	275	167	285	177	00c000
	317	362	327	372	c00000
triangle	318	363	326	371	c00000
diamond	316	359	332	375	c00000
triangle	343	302	349	308	c00000
	362	234	372	244	00c000
	321	360	327	366	c00000
	365	230	375	240	00c000
	321	364	327	370	c00000
	318	196	326	204	00c000
dither	369	215	501	232	001830
crop	373	219	380	230	0	55	000000	/fonts/tactical.png
	380		387		16	77		
	387		394		120	66		
	394		401		32	77		
	401		408		40	66		
	408		415			77		
	415		422		24			
	422		429		0	22		
	429		436		16	44		
	436		443		40	66		
	443		450		32	77		
	450		457		8	66		
	457		464		0	22		
	464		471		96	33		
	471		478		0	22		
	478		485		16	33		
	485		492		0	22		
	492		499		112	33		
	372	218	379	229	0	55	007fff	
	379		386		16	77		
	386		393		120	66		
	393		400		32	77		
	400		407		40	66		
	407		414			77		
	414		421		24			
	421		428		0	22		
	428		435		16	44		
	435		442		40	66		
	442		449		32	77		
	449		456		8	66		
	456		463		0	22		
	463		470		96	33		
	470		477		0	22		
	477		484		16	33		
	484		491		0	22		
	491		498		112	33		
line	377	438	384	424	489048
			369	425	
	384	424			204020
draw	0	-144	128	624	/pictures/gui/instruments/left.png
	608		640		/pictures/gui/instruments/right.png
rect	614	359	615	363	00488f
			623	360	
	622			363	002850
	614	362			
	615	360	622	362	003870
	614	363	615	457	007fff
			623	364	
	622			457	00488f
	614	456			
	615	364	622	456	0070e0
	614	231	615	329	ffff7f
			623	232	
	622			329	909048
	614	328			
	615	232	622	328	e0e070
	614	103	615	111	904848
			623	104	
	622			111	502828
	614	110			
	615	104	622	110	703838
	614	111	615	201	ff7f7f
			623	112	
	622			201	904848
	614	200			
	615	112	622	200	e07070
	618	8	630	9	90488f
			619	10	
	629		630		
	618	36		37	
		35	619		
	629		630		
	620	10	628	35	703870
		35			c060c0
	634	49	636	52	7fff7f
		53		56	60c060
		57		60	703800
		61		64	
		65		68	
		69		72	183018
		73		76	
		77		80	
		81		84	
		85		88	
		89		92	
		93		96	
		97		100	
		101		104	
		105		108	
		109		112	
		113		116	
		117		120	
		121		124	
		125		128	
		129		132	
		133		136	
		137		140	
		141		144	
		145		148	
		149		152	
		153		156	
		157		160	
		161		164	
		165		168	
		169		172	
		173		176	
		177		180	
		181		184	
		185		188	
		189		192	
		193		196	
		197		200	
		201		204	
		205		208	
		209		212	
		213		216	
		217		220	
		221		224	
		225		228	
		229		232	
		233		236	
		237		240	
		241		244	
		245		248	
		249		252	
		253		256	
		257		260	
		261		264	
		265		268	
		269		272	
		273		276	
		277		280	
		281		284	
		285		288	
		289		292	
		293		296	
		297		300	
		301		304	
		305		308	
		309		312	
		313		316	
		317		320	
		321		324	
		325		328	
		329		332	
		333		336	
		337		340	
		341		344	
		345		348	
		349		352	
		353		356	
		357		360	
		361		364	
		365		368	
		369		372	
		373		376	
		377		380	
		381		384	
		385		388	
		389		392	
		393		396	
		397		400	
		401		404	
		405		408	
		409		412	
		413		416	
		417		420	
		421		424	
		425		428	
		429		432	
		433		436	
		437		440	
		441		444	
		445		448	
	621	52	631	56	303000
		57		61	
		62		66	
		67		71	
		72		76	
		77		81	
		82		86	
	7	7	115	115	00ff00
	8	8	114	114	001000
					003000
point	67	46	00e000
	68		
	69	44	
rect	12	320	121	440	001000
		342	120	343	009000
		356	13	368	
			121	357	
	120			368	005000
	12	367			
	13	357	120	367	007000
	12	438		439	009000
	16	450	114	475	001010
	17		18	462	00c0c0
			44	451	
	43			462	007070
	17	461			
	18	451	43	461	009090
	17	462	18	474	00c0c0
			44	463	
	43			474	007070
	17	473			
	18	463	43	473	009090
crop	15	320	21	332	16	48	00ff00	/fonts/computer.png
	21		27		40	60		
	27		33		72	48		
	33		39		96			
	39		45		32			
	45		51		0	24		
	51		57		24	60		
	57		63		64	48		
	63		69		72			
	69		75		0	60		
	75		81		24			
	15	332	21	344	0			
	21		27		16	84		
	27		33		120	72		
	33		39		32	84		
	39		45		40	72		
	45		51			84		
	51		57		24			
	57		63		0	24		
	63		69		8	48		
	69		75		96	72		
	75		81		0	84		
	81		87		64	72		
	87		93		8			
	15	344	21	356	48	48	009000	
	21		27		72	72		
	27		33		56			
	33		39		64			
	39		45		32	84		
	45		51		40	72		
	51		57		16	84		
	15	356	21	368	24	48	003000	
	21		27		16	84		
	27		33		40			
	33		39		72	72		
	39		45		24	84		
	45		51		40	72		
	51		57		16	84		
	15	368	21	380	56	48	009000	
	21		27		40	84		
	27		33		112	72		
	33		39		24	84		
	39		45		64	72		
	45		51		72			
	51		57		0	84		
	15	380	21	392	32	60		
	21		27		16	84		
	27		33		8	72		
	33		39		112			
	39		45		24	84		
	45		51		0			
	51		57		120	72		
	57		63		16	84		
	63		69		32			
	15	392	21	404		48		
	21		27		40	72		
	27		33		48			
	33		39		40			
	39		45		112			
	45		51		24	84		
	51		57		40	72		
	57		63		0	24		
	63		69		32	48		
	69		75		16	84		
	75		81		120	72		
	81		87		112			
	87		93		40			
	19	450	25	462	16	60	00ffff	
	25		31		56	48		
	31		37		64			
	37		43		32	60		
	43		49		0	24		
	49		55		16	48		
	55		61		40	84		
	61		67		72	72		
	67		73		96			
	73		79		32			
	19	462	25	474	96	48		
	25		31		40			
	31		37		48			
	37		43		32	60		
	43		49		0	24		
	49		55		104	48		
	55		61		8	72		
	61		67		72			
	67		73		112			
	73		79		0	24		
	79		85		104	48		
	85		91		40	72		
	91		97		112			
	97		103		40	84		
rect	12	180	13	192	ffff00
			121	181	
	120			192	909000
	12	191			
	13	181	120	191	c0c000
crop	15	180	21	192	24	48	000000	/fonts/computer.png
	21		27		120			
	27		33		112			
	33		39		32	60		
	39		45		16			
	45		51		120	48		
	51		57		96			
	15	192	21	204	56		7fff7f	
	21		27		40	60		
	27		33		112	48		
	33		39		24	60		
	39		45		64	48		
	45		51		72			
	51		57		0	60		
draw	16	208	34	222	/sprites/ish/gunship%0
rect	14	204	36	205	489048
			15	206	
	35		36		
	14	225		226	
		224	15		
	35		36		
	42	206	49	207	003870
		207		224	0060c0
	40	204	51	205	00488f
			41	206	
	50		51		
	40	225		226	
		224	41		
	50		51		
	55	206	62	206	707000
				224	c0c000
	53	204	64	205	909000
			54	206	
	63		64		
	53	225		226	
		224	54		
	63		64		
crop	69	204	75	216	0	60	7fff7f	/fonts/computer.png
	75		81		88	48		
	81		87		16			
	87		93		40			
	93		99		8			
	99		105		104			
	105		111		0	24		
	111		117		8	36		
	69	216	75	228	96	48		
	75		81		16			
	81		87		40			
	87		93		8			
	93		99		104			
	99		105		0	24		
	105		111		8	36		
	12	228	18	240	0	60	ff0000	
	18		24		16	84		
	24		30		120	72		
	30		36		32	84		
	36		42		40	72		
	42		48			84		
	48		54		24			
	54		60		0	24		
	60		66		16	48		
	66		72		40	72		
	72		78		32	84		
	78		84		8	72		
rect	12	252	13	264	007fff
			121	253	
	120			264	00488f
	12	263			
	13	253	120	263	0060c0
crop	15	252	21	264	32	60	000000	/fonts/computer.png
	21		27		8	48		
	27		33		16	60		
	33		39		56	48		
	39		45		40			
	45		51		32	60		
	15	264	21	276	0		7fff7f	
	21		27		16	84		
	27		33		120	72		
	33		39		32	84		
	39		45		40	72		
	45		51			84		
	51		57		24			
	57		63		0	24		
	63		69		16	48		
	69		75		40	72		
	75		81		32	84		
	81		87		8	72		
draw	16	278	34	296	/sprites/loc/planets/yellow%0
rect	14	276	36	277	489048
			15	278	
	35		36		
	14	297		298	
		296	15		
	35		36		
