point	338	447	808080
	237	134	
	399	82	
	444	187	
	188	134	b0b0b0
	334	80	d0d0d0
	553	389	808080
	264	231	
	475	358	b0b0b0
	364	368	808080
	201	301	
	151	88	d0d0d0
	451	209	808080
	155	393	d0d0d0
	258	396	b0b0b0
	358	83	
	300	367	
	156	436	
	568	416	808080
	382	42	b0b0b0
	602	367	808080
	146	240	
	499	121	
	330	371	
	404	468	b0b0b0
	347	65	
	485	450	
	472	179	
	341	285	d0d0d0
	545	448	808080
	340	120	b0b0b0
	187	151	
	216	39	808080
	312	149	d0d0d0
	401	370	808080
	271	246	b0b0b0
	577	439	808080
	278	266	
	408	384	d0d0d0
	361	414	b0b0b0
	279	227	d0d0d0
	462	141	808080
	459	14	b0b0b0
	170	209	
	145	316	d0d0d0
	257	448	b0b0b0
	493	135	808080
	210	261	
	191	335	b0b0b0
	325	209	808080
	401	74	d0d0d0
	349	301	808080
	191	13	b0b0b0
	139	434	
	187	137	d0d0d0
	442	13	
	449	195	808080
	429	396	
	538	232	
	415	23	
	289	132	d0d0d0
	232	72	808080
	554	364	d0d0d0
	344	229	808080
	138	333	
	337	92	d0d0d0
	320	194	
	518	228	
	243	51	808080
	308	448	d0d0d0
	395	111	b0b0b0
	600	105	d0d0d0
	521	149	
	367	209	
	595	302	b0b0b0
	517	275	d0d0d0
	208	426	808080
	317	270	d0d0d0
	482	222	
	285	407	b0b0b0
	309	425	808080
	515	465	d0d0d0
	569	338	808080
	476	358	
	470	267	
	512	237	b0b0b0
	219	305	808080
	234	138	
	528	217	d0d0d0
	389	412	808080
	556	345	
	316	303	d0d0d0
	179	369	808080
	537	154	
	219	41	
	341	223	
	357	185	b0b0b0
	466	16	808080
	588	62	
	537	471	
	282	287	
	572	458	
	411	81	
	473	89	
	539	199	b0b0b0
		55	
	552	416	808080
	156	359	
	392	455	d0d0d0
	168	336	808080
	301	260	
	533	274	
	517	34	d0d0d0
	185	300	808080
	596	421	
	380	27	
	169	126	
	469	9	
	512	397	b0b0b0
	533	57	d0d0d0
	600	364	
	443	460	808080
	327	173	b0b0b0
	186	292	
	450	283	d0d0d0
line	181	0	181	480	005000
	349		349		
	517		517		
	128	141	608	141	
		309		309	
		477		477	
rect	227	126	243	142	009000
	361	223	377	239	00488f
	315	349	331	365	900000
	330	255	348	273	00488f
triangle	365	227	373	235	00c000
	319	353	327	361	c00000
	320		326	359	
plus	282	168	292	178	00c000
	318	352	328	362	c00000
triangle	320	352	328	360	c00000
diamond	314	349	330	365	c00000
triangle	341	301	347	307	c00000
	362	234	372	244	00c000
	323	349	329	355	c00000
	364	225	374	235	00c000
	320	353	326	359	c00000
	358	221	366	229	00c000
dither	369	211	501	228	001830
tint	373	215	381	227	000000	/font/5000/50
	380		388			/font/5000/72
	387		395			/font/5000/6f
	394		402			/font/5000/74
	401		409			/font/5000/65
	408		416			/font/5000/75
	415		423			/font/5000/73
	422		430			/font/5000/20
	429		437			/font/5000/42
	436		444			/font/5000/65
	443		451			/font/5000/74
	450		458			/font/5000/61
	457		465			/font/5000/20
	464		472			/font/5000/3c
	471		479			/font/5000/20
	478		486			/font/5000/32
	485		493			/font/5000/20
	492		500			/font/5000/3e
	372	214	380	226	007fff	/font/5000/50
	379		387			/font/5000/72
	386		394			/font/5000/6f
	393		401			/font/5000/74
	400		408			/font/5000/65
	407		415			/font/5000/75
	414		422			/font/5000/73
	421		429			/font/5000/20
	428		436			/font/5000/42
	435		443			/font/5000/65
	442		450			/font/5000/74
	449		457			/font/5000/61
	456		464			/font/5000/20
	463		471			/font/5000/3c
	470		478			/font/5000/20
	477		485			/font/5000/32
	484		492			/font/5000/20
	491		499			/font/5000/3e
line	377	438	384	424	489048
			369	425	
	384	424			204020
draw	0	0	128	480	/pictures/501.png
	608		640		/pictures/512.png
line	614	362	614	359	00488f
		359	622		
	622			362	002850
		362	614		
rect	615	360	622	362	003870
line	614	456	614	363	007fff
		363	622		
	622			456	00488f
		456	614		
rect	615	364	622	456	0070e0
line	614	328	614	231	ffff7f
		231	622		
	622			328	909048
		328	614		
rect	615	232	622	328	e0e070
line	614	110	614	103	904848
		103	622		
	622			110	502828
		110	614		
rect	615	104	622	110	703838
line	614	200	614	111	ff7f7f
		111	622		
	622			200	904848
		200	614		
rect	615	112	622	200	e07070
line	618	8	629	8	90488f
			618	9	
	629		629		
	618	36		36	
			618	35	
	629		629		
rect	620	10	628	35	703870
		35			c060c0
	634	49	636	52	7fff7f
		53		56	60c060
		57		60	703800
		61		64	
		65		68	
		69		72	183018
		73		76	
		77		80	
		81		84	
		85		88	
		89		92	
		93		96	
		97		100	
		101		104	
		105		108	
		109		112	
		113		116	
		117		120	
		121		124	
		125		128	
		129		132	
		133		136	
		137		140	
		141		144	
		145		148	
		149		152	
		153		156	
		157		160	
		161		164	
		165		168	
		169		172	
		173		176	
		177		180	
		181		184	
		185		188	
		189		192	
		193		196	
		197		200	
		201		204	
		205		208	
		209		212	
		213		216	
		217		220	
		221		224	
		225		228	
		229		232	
		233		236	
		237		240	
		241		244	
		245		248	
		249		252	
		253		256	
		257		260	
		261		264	
		265		268	
		269		272	
		273		276	
		277		280	
		281		284	
		285		288	
		289		292	
		293		296	
		297		300	
		301		304	
		305		308	
		309		312	
		313		316	
		317		320	
		321		324	
		325		328	
		329		332	
		333		336	
		337		340	
		341		344	
		345		348	
		349		352	
		353		356	
		357		360	
		361		364	
		365		368	
		369		372	
		373		376	
		377		380	
		381		384	
		385		388	
		389		392	
		393		396	
		397		400	
		401		404	
		405		408	
		409		412	
		413		416	
		417		420	
		421		424	
		425		428	
		429		432	
		433		436	
		437		440	
		441		444	
		445		448	
	621	52	631	56	303000
		57		61	
		62		66	
		67		71	
		72		76	
		77		81	
		82		86	
	7	7	115	115	00ff00
	8	8	114	114	001000
					003000
point	67	27	00e000
			
	68	25	
rect	12	320	121	440	001000
tint	15	320	23	333	00ff00	/font/5001/42
	21		29			/font/5001/55
	27		35			/font/5001/49
	33		41			/font/5001/4c
	39		47			/font/5001/44
	45		53			/font/5001/20
	51		59			/font/5001/53
	57		65			/font/5001/48
	63		71			/font/5001/49
	69		77			/font/5001/50
	75		83			/font/5001/53
line	12	342	119	342	009000
tint	15	332	23	345	00ff00	/font/5001/50
	21		29			/font/5001/72
	27		35			/font/5001/6f
	33		41			/font/5001/74
	39		47			/font/5001/65
	45		53			/font/5001/75
	51		59			/font/5001/73
	57		65			/font/5001/20
	63		71			/font/5001/41
	69		77			/font/5001/6c
	75		83			/font/5001/70
	81		89			/font/5001/68
	87		95			/font/5001/61
	15	344	23	357	009000	/font/5001/46
	21		29			/font/5001/69
	27		35			/font/5001/67
	33		41			/font/5001/68
	39		47			/font/5001/74
	45		53			/font/5001/65
	51		59			/font/5001/72
line	12	367	12	356	009000
		356	120		
	120			367	005000
		367	12		
rect	13	357	120	367	007000
tint	15	356	23	369	003000	/font/5001/43
	21		29			/font/5001/72
	27		35			/font/5001/75
	33		41			/font/5001/69
	39		47			/font/5001/73
	45		53			/font/5001/65
	51		59			/font/5001/72
	15	368	23	381	009000	/font/5001/47
	21		29			/font/5001/75
	27		35			/font/5001/6e
	33		41			/font/5001/73
	39		47			/font/5001/68
	45		53			/font/5001/69
	51		59			/font/5001/70
	15	380	23	393		/font/5001/54
	21		29			/font/5001/72
	27		35			/font/5001/61
	33		41			/font/5001/6e
	39		47			/font/5001/73
	45		53			/font/5001/70
	51		59			/font/5001/6f
	57		65			/font/5001/72
	63		71			/font/5001/74
	15	392	23	405		/font/5001/44
	21		29			/font/5001/65
	27		35			/font/5001/66
	33		41			/font/5001/65
	39		47			/font/5001/6e
	45		53			/font/5001/73
	51		59			/font/5001/65
	57		65			/font/5001/20
	63		71			/font/5001/44
	69		77			/font/5001/72
	75		83			/font/5001/6f
	81		89			/font/5001/6e
	87		95			/font/5001/65
line	12	438	119	438	009000
rect	16	450	114	475	001010
line	17	461	17	450	00c0c0
		450	43		
	43			461	007070
		461	17		
rect	18	451	43	461	009090
tint	19	450	27	463	00ffff	/font/5001/52
	25		33			/font/5001/47
	31		39			/font/5001/48
	37		45			/font/5001/54
	43		51			/font/5001/20
	49		57			/font/5001/42
	55		63			/font/5001/75
	61		69			/font/5001/69
	67		75			/font/5001/6c
	73		81			/font/5001/64
line	17	473	17	462	00c0c0
		462	43		
	43			473	007070
		473	17		
rect	18	463	43	473	009090
tint	19	462	27	475	00ffff	/font/5001/4c
	25		33			/font/5001/45
	31		39			/font/5001/46
	37		45			/font/5001/54
	43		51			/font/5001/20
	49		57			/font/5001/4d
	55		63			/font/5001/61
	61		69			/font/5001/69
	67		75			/font/5001/6e
	73		81			/font/5001/20
	79		87			/font/5001/4d
	85		93			/font/5001/65
	91		99			/font/5001/6e
	97		105			/font/5001/75
line	12	191	12	180	ffff00
		180	119		
	119			191	909000
		191	12		
rect	13	181	119	191	c0c000
tint	15	180	23	193	000000	/font/5001/43
	21		29			/font/5001/4f
	27		35			/font/5001/4e
	33		41			/font/5001/54
	39		47			/font/5001/52
	45		53			/font/5001/4f
	51		59			/font/5001/4c
	15	192	23	205	7fff7f	/font/5001/47
	21		29			/font/5001/55
	27		35			/font/5001/4e
	33		41			/font/5001/53
	39		47			/font/5001/48
	45		53			/font/5001/49
	51		59			/font/5001/50
draw	16	208	34	222	/sprites/509.SMIV/0
line	14	204	35	204	489048
			14	205	
	35		35		
	14	225		225	
			14	224	
	35		35		
rect	42	206	49	207	003870
		207		224	0060c0
line	40	204	50	204	00488f
			40	205	
	50		50		
	40	225		225	
			40	224	
	50		50		
rect	55	206	62	206	707000
				224	c0c000
line	53	204	63	204	909000
			53	205	
	63		63		
	53	225		225	
			53	224	
	63		63		
tint	69	204	77	217	7fff7f	/font/5001/50
	75		83			/font/5001/4b
	81		89			/font/5001/42
	87		95			/font/5001/45
	93		101			/font/5001/41
	99		107			/font/5001/4d
	105		113			/font/5001/20
	111		119			/font/5001/31
	69	216	77	229		/font/5001/4c
	75		83			/font/5001/42
	81		89			/font/5001/45
	87		95			/font/5001/41
	93		101			/font/5001/4d
	99		107			/font/5001/20
	105		113			/font/5001/31
	12	228	20	241	ff0000	/font/5001/50
	18		26			/font/5001/72
	24		32			/font/5001/6f
	30		38			/font/5001/74
	36		44			/font/5001/65
	42		50			/font/5001/75
	48		56			/font/5001/73
	54		62			/font/5001/20
	60		68			/font/5001/42
	66		74			/font/5001/65
	72		80			/font/5001/74
	78		86			/font/5001/61
line	12	263	12	252	007fff
		252	119		
	119			263	00488f
		263	12		
rect	13	253	119	263	0060c0
tint	15	252	23	265	000000	/font/5001/54
	21		29			/font/5001/41
	27		35			/font/5001/52
	33		41			/font/5001/47
	39		47			/font/5001/45
	45		53			/font/5001/54
	15	264	23	277	7fff7f	/font/5001/50
	21		29			/font/5001/72
	27		35			/font/5001/6f
	33		41			/font/5001/74
	39		47			/font/5001/65
	45		53			/font/5001/75
	51		59			/font/5001/73
	57		65			/font/5001/20
	63		71			/font/5001/42
	69		77			/font/5001/65
	75		83			/font/5001/74
	81		89			/font/5001/61
draw	16	278	34	296	/sprites/1003.SMIV/0
line	14	276	35	276	489048
			14	277	
	35		35		
	14	297		297	
			14	296	
	35		35		
