line	127	170	129	162	808080
	387	111	389	103	
	277	425	281	409	d0d0d0
	496	75	498	67	808080
	191	283	195	271	b0b0b0
	417	290	419	282	808080
	523	462	525	454	
	275	148	277	140	
	183	408	187	392	d0d0d0
	302	338	305	326	b0b0b0
	193	228	197	212	d0d0d0
	541	185	545	169	
	146	401	148	392	808080
	263	328	266	316	b0b0b0
	264	469	267	456	
	493	88	498	72	d0d0d0
	370	68	373	55	b0b0b0
	287	31	289	22	808080
	563	43	565	34	
	596	156	599	148	
	173	467	176	459	
	581	56	583	48	
	462	403	466	386	d0d0d0
	257	395	259		808080
	261	410	264	398	b0b0b0
	425	15	428	3	
	302	54	304	46	808080
	304	131	307	119	b0b0b0
	342	378	344	370	808080
	551	146	553	137	
	244	96	246	88	
	516	254	518	246	
	477	207	480	194	b0b0b0
	242	266	246	254	
	431	474	434	462	
	599	58	603	41	d0d0d0
	471	199	473	191	808080
	179	68	182	55	b0b0b0
	450	238	453	230	808080
	444	377	447	365	b0b0b0
	225	404	229	388	d0d0d0
	232	350	234	342	808080
	273	227	276	219	
	534	133	539	117	d0d0d0
	451	423	453	415	808080
	171	199	175	183	d0d0d0
	558	47	562	30	
	165	203	167	195	808080
	424	331	426	323	
	432	318	435	306	b0b0b0
	436	14	438	6	808080
	301	213	303	205	
	565	117	567	108	
	329	441	331	432	
	193	157	196	144	b0b0b0
	529	93	531	84	808080
	342	463	347	447	d0d0d0
	432	14	434	6	808080
	292	297	295	285	b0b0b0
	146	367	148	359	808080
	285		289	351	d0d0d0
	368	57	372	41	
	219	122	221	113	808080
	442	198	447	181	d0d0d0
	189	126	191	117	808080
	127	398	130	386	b0b0b0
	474	175	476	167	808080
	417	328	422	312	d0d0d0
	377	382	380	369	b0b0b0
	423	281	427	269	
	239	18	242	10	808080
	422	428	425	416	b0b0b0
	587	25	591	12	
	584	147	586	138	808080
	223	100	226	87	b0b0b0
	299	359	301	351	808080
	407	279	409	271	
	439	231	442	222	
	220	291	222	282	
	582	204	585	192	b0b0b0
	356	236	359	224	
	291	388	294	375	
	168	387	173	370	d0d0d0
	337	473	342	457	
	550	327	552	318	808080
	446	82	449	70	b0b0b0
	354	315	359	298	d0d0d0
	477	110	479	102	808080
	319	91	324	75	d0d0d0
	162	277	166	265	b0b0b0
	244	348	246	340	808080
	320	107	324	94	b0b0b0
	398	144	401	131	
	397	440	400	428	
	188	321	191	313	808080
	391	393	394	380	b0b0b0
	553	396	556	384	
	323	140	328	124	d0d0d0
	414	16	417	4	b0b0b0
	219	456	223	439	d0d0d0
	396	258	401	242	
	512	478	515	466	b0b0b0
	302	381	304	373	808080
	207	462	210	449	b0b0b0
	435	124	438	111	
	244	54	248	42	
	368	328	372	311	d0d0d0
	134	108	136	100	808080
	191	223	194	210	b0b0b0
	314	147	319	131	d0d0d0
	210	103	214	87	
	219	13	223	-3	
	422	381	424	373	808080
	195	272	197	264	
	355	382	358	370	b0b0b0
		356	357	348	808080
	535	187	539	171	d0d0d0
	171	312	173	304	808080
	573	242	577	229	b0b0b0
	197	385	199	377	808080
	414	338	417	326	b0b0b0
	159	97	161	88	808080
point	137	919	100800
	127	909	
	154	950	
	93	768	
	39	930	
	56	933	
	259	951	
	235	918	
	120	943	
	350	732	
	78	817	201000
	31	711	
	145	726	
	175	830	
	320	760	
	36	741	
	334	611	
	58	851	
	80	764	
	212	773	
	104	587	402000
	163	744	
	215	739	
	350	603	
	134	661	
	101	751	
	118	575	
	311	628	
	282	561	
	315	670	
	184	563	603000
	322	588	
	141	606	
	306	614	
	286	618	
	142	692	
	348	546	
	363	580	
	181	706	
	142	659	
rect	221	0	222	481	000050
	128	334	609	335	
line	477	234	465	250	ffff7f
	407	208	397	225	
	509	55	491	87	00ff00
	390	228	384	247	ffff7f
static	265	49	337	135	f0f078	17	/sprites/524.SMIV/2
	345	221	389	262	ffffff	27	/sprites/509.SMIV/1
line	412	46	402	57	489048
			416	61	
	402	57			204020
draw	0	0	128	480	/pictures/501.png
	608		640		/pictures/512.png
rect	614	359	615	363	00488f
			623	360	
	622			363	002850
	614	362			
	615	360	622	362	003870
	614	363	615	457	007fff
			623	364	
	622			457	00488f
	614	456			
	615	364	622	456	0070e0
	614	231	615	277	909048
			623	232	
	622			277	505028
	614	276			
	615	232	622	276	707038
	614	277	615	329	ffff7f
			623	278	
	622			329	909048
	614	328			
	615	278	622	328	e0e070
	614	103	615	111	904848
			623	104	
	622			111	502828
	614	110			
	615	104	622	110	703838
	614	111	615	201	ff7f7f
			623	112	
	622			201	904848
	614	200			
	615	112	622	200	e07070
	618	8	630	9	90488f
			619	10	
	629		630		
	618	36		37	
		35	619		
	629		630		
	620	10	628	35	703870
		35			c060c0
	634	49	636	52	7fff7f
		53		56	60c060
		57		60	
		61		64	703800
		65		68	
		69		72	183018
		73		76	
		77		80	
		81		84	
		85		88	
		89		92	
		93		96	
		97		100	
		101		104	
		105		108	
		109		112	
		113		116	
		117		120	
		121		124	
		125		128	
		129		132	
		133		136	
		137		140	
		141		144	
		145		148	
		149		152	
		153		156	
		157		160	
		161		164	
		165		168	
		169		172	
		173		176	
		177		180	
		181		184	
		185		188	
		189		192	
		193		196	
		197		200	
		201		204	
		205		208	
		209		212	
		213		216	
		217		220	
		221		224	
		225		228	
		229		232	
		233		236	
		237		240	
		241		244	
		245		248	
		249		252	
		253		256	
		257		260	
		261		264	
		265		268	
		269		272	
		273		276	
		277		280	
		281		284	
		285		288	
		289		292	
		293		296	
		297		300	
		301		304	
		305		308	
		309		312	
		313		316	
		317		320	
		321		324	
		325		328	
		329		332	
		333		336	
		337		340	
		341		344	
		345		348	
		349		352	
		353		356	
		357		360	
		361		364	
		365		368	
		369		372	
		373		376	
		377		380	
		381		384	
		385		388	
		389		392	
		393		396	
		397		400	
		401		404	
		405		408	
		409		412	
		413		416	
		417		420	
		421		424	
		425		428	
		429		432	
		433		436	
		437		440	
		441		444	
		445		448	
	621	52	631	56	303000
		57		61	
		62		66	
		67		71	
		72		76	
		77		81	
		82		86	
	7	7	115	115	00ff00
	8	8	114	114	001000
	57	57	65	65	003000
point	53	78	00e000
	75	23	
	73	35	
	60	58	
	47	89	
	76	21	
	54	76	
	73	35	
	57	76	
	63	61	
	61		
	63	58	
	61	61	
rect	12	320	121	440	001000
		342	120	343	009000
		356	13	368	
			121	357	
	120			368	005000
	12	367			
	13	357	120	367	007000
	12	438		439	009000
	16	450	114	475	001010
	17		18	462	00c0c0
			44	451	
	43			462	007070
	17	461			
	18	451	43	461	009090
	17	462	18	474	00c0c0
			44	463	
	43			474	007070
	17	473			
	18	463	43	473	009090
crop	15	320	21	332	16	48	00ff00	/fonts/computer
	21		27		40	60		
	27		33		72	48		
	33		39		96			
	39		45		32			
	45		51		0	24		
	51		57		24	60		
	57		63		64	48		
	63		69		72			
	69		75		0	60		
	75		81		24			
	15	332	21	344	0			
	21		27		16	84		
	27		33		120	72		
	33		39		32	84		
	39		45		40	72		
	45		51			84		
	51		57		24			
	57		63		0	24		
	63		69		8	48		
	69		75		96	72		
	75		81		0	84		
	81		87		64	72		
	87		93		8			
	15	344	21	356	48	48		
	21		27		72	72		
	27		33		56			
	33		39		64			
	39		45		32	84		
	45		51		40	72		
	51		57		16	84		
	15	356	21	368	24	48	003000	
	21		27		16	84		
	27		33		40			
	33		39		72	72		
	39		45		24	84		
	45		51		40	72		
	51		57		16	84		
	15	368	21	380	56	48	009000	
	21		27		40	84		
	27		33		112	72		
	33		39		24	84		
	39		45		64	72		
	45		51		72			
	51		57		0	84		
	15	380	21	392	32	60		
	21		27		16	84		
	27		33		8	72		
	33		39		112			
	39		45		24	84		
	45		51		0			
	51		57		120	72		
	57		63		16	84		
	63		69		32			
	15	392	21	404		48		
	21		27		40	72		
	27		33		48			
	33		39		40			
	39		45		112			
	45		51		24	84		
	51		57		40	72		
	57		63		0	24		
	63		69		32	48		
	69		75		16	84		
	75		81		120	72		
	81		87		112			
	87		93		40			
	19	450	25	462	16	60	00ffff	
	25		31		56	48		
	31		37		64			
	37		43		32	60		
	43		49		0	24		
	49		55		16	48		
	55		61		40	84		
	61		67		72	72		
	67		73		96			
	73		79		32			
	19	462	25	474	96	48		
	25		31		40			
	31		37		48			
	37		43		32	60		
	43		49		0	24		
	49		55		104	48		
	55		61		8	72		
	61		67		72			
	67		73		112			
	73		79		0	24		
	79		85		104	48		
	85		91		40	72		
	91		97		112			
	97		103		40	84		
rect	12	180	13	192	ffff00
			121	181	
	120			192	909000
	12	191			
	13	181	120	191	c0c000
crop	15	180	21	192	24	48	000000	/fonts/computer
	21		27		120			
	27		33		112			
	33		39		32	60		
	39		45		16			
	45		51		120	48		
	51		57		96			
	15	192	21	204	24		7fff7f	
	21		27		16	60		
	27		33		40			
	33		39		72	48		
	39		45		24	60		
	45		51		40	48		
	51		57		16	60		
draw	16	208	34	222	/sprites/501.SMIV/0
rect	14	204	36	205	489048
			15	206	
	35		36		
	14	225		226	
		224	15		
	35		36		
	42	206	49	206	003870
				224	0060c0
	40	204	51	205	00488f
			41	206	
	50		51		
	40	225		226	
		224	41		
	50		51		
	55	206	62	210	707000
		210		224	c0c000
	53	204	64	205	909000
			54	206	
	63		64		
	53	225		226	
		224	54		
	63		64		
crop	69	204	75	216	0	60	7fff7f	/fonts/computer
	75		81		88	48		
	81		87		16			
	87		93		40			
	93		99		8			
	99		105		104			
	105		111		0	24		
	111		117		8	36		
	69	216	75	228	48	48		
	75		81		0	24		
	81		87			60		
	87		93		40			
	93		99		96	48		
	99		105		24	60		
	105		111		40	48		
	12	228	18	240	56		00ff00	
	18		24		40	84		
	24		30		112	72		
	30		36		24	84		
	36		42		64	72		
	42		48		72			
	48		54		0	84		
rect	12	252	13	264	007fff
			121	253	
	120			264	00488f
	12	263			
	13	253	120	263	0060c0
crop	15	252	21	264	32	60	000000	/fonts/computer
	21		27		8	48		
	27		33		16	60		
	33		39		56	48		
	39		45		40			
	45		51		32	60		
	15	264	21	276	56	48	7fff7f	
	21		27		40	60		
	27		33		112	48		
	33		39		24	60		
	39		45		64	48		
	45		51		72			
	51		57		0	60		
draw	16	280	34	294	/sprites/509.SMIV/0
rect	14	276	36	277	489048
			15	278	
	35		36		
	14	297		298	
		296	15		
	35		36		
	42	278	49	279	003870
		279		296	0060c0
	40	276	51	277	00488f
			41	278	
	50		51		
	40	297		298	
		296	41		
	50		51		
	55	278	62	286	707000
		286		296	c0c000
	53	276	64	277	909000
			54	278	
	63		64		
	53	297		298	
		296	54		
	63		64		
crop	69	276	75	288	0	60	7fff7f	/fonts/computer
	75		81		88	48		
	81		87		16			
	87		93		40			
	93		99		8			
	99		105		104			
	105		111		0	24		
	111		117		8	36		
	69	288	75	300	96	48		
	75		81		16			
	81		87		40			
	87		93		8			
	93		99		104			
	99		105		0	24		
	105		111		8	36		
