point	342	96	d0d0d0
	315	336	808080
	413	290	b0b0b0
	423	299	808080
	325	134	b0b0b0
	391	34	808080
	557	253	d0d0d0
	203	372	808080
	377	277	b0b0b0
	131	244	d0d0d0
	156	103	808080
	455	81	
	366	206	b0b0b0
	567	440	
	485	314	
	499	44	
	261	404	
	214	255	808080
	491	267	
	524	381	
	198	205	
	493	345	b0b0b0
	508	281	808080
	449	358	d0d0d0
	397	133	808080
	291	62	
	316	352	b0b0b0
	230	279	808080
	195	468	b0b0b0
	483	118	808080
	478	370	
	171	321	
	443	479	
	166	79	d0d0d0
	543	81	808080
	225	421	d0d0d0
	203	27	
	398	424	808080
	533	325	d0d0d0
	378	463	808080
	464	225	b0b0b0
	153	359	d0d0d0
	331	131	b0b0b0
	201	452	808080
	298	98	d0d0d0
	154	162	808080
	531	417	b0b0b0
	448	13	
	236	33	
	199	140	d0d0d0
	334	220	
	363	239	808080
	229	438	
	493	341	
	191	343	d0d0d0
	551	126	
	456	317	808080
	378	320	b0b0b0
	359	239	808080
	271	102	
	455	91	
	208	324	d0d0d0
	217	274	
	368	20	b0b0b0
	146	346	808080
	362	86	
	596	438	
	600	143	
	402	400	
	128	219	b0b0b0
	302	230	
	316	173	d0d0d0
	167	243	808080
	353	274	b0b0b0
	478	361	
	512	371	808080
	590	200	d0d0d0
	222	144	b0b0b0
	597	455	
	367		808080
	443	52	b0b0b0
	540	58	
	535	116	d0d0d0
	193	163	808080
	367	185	
	509	408	b0b0b0
	150	78	d0d0d0
	294	100	b0b0b0
	337	419	
	596	305	808080
	405	335	
	427	32	
	517	9	d0d0d0
	237	88	808080
	212	443	b0b0b0
	289	481	
	422	197	808080
	560	155	d0d0d0
	569	380	808080
	202	168	
	349	56	
	305	353	b0b0b0
	351	109	808080
	235	217	d0d0d0
	246	324	b0b0b0
	379	230	d0d0d0
	393	404	
	326	461	b0b0b0
	136	391	
	240	219	
	510	339	
	577	169	808080
	530	60	
	560	307	b0b0b0
	555	429	d0d0d0
	388	229	
	280	24	b0b0b0
	429	230	
	246	96	808080
	265	114	b0b0b0
	289	54	808080
	213	94	b0b0b0
	172	182	
	485	130	808080
	566	417	
	556	7	502800
	298	155	
	562	269	
	307	41	
	330	265	
	523	88	
	503	181	
	533	270	
	457	59	
	345	138	
	405	63	703800
	510	221	
	371	116	
	391	203	
	355	179	
	394	170	
	364	115	
	355	43	
	292	133	
	451	86	
	350	115	904800
	421	119	
	407	71	
	398	35	
	488	147	
	458	118	
	368	188	
	424	77	
	467	130	
	393	78	
line	564	0	564	480	000050
	128	273	608	273	
static	345	21	425	92	f0f078	24	/sprites/524.SMIV/3
		223	389	261	ffffff	120	/sprites/509.SMIV/2
draw	188	226	202	239	/sprites/512.SMIV/21
	360	128	367	135	/sprites/526.SMIV/0
	366	142	373	149	
	337	258	345	267	/sprites/554.SMIV/1
	309	290	360	339	/sprites/519.SMIV/0
	363	136	370	143	/sprites/526.SMIV/0
	337	254	345	263	/sprites/554.SMIV/1
	338	235	346	244	
line	451	58	438	67	489048
			452	73	
	438	67			204020
draw	0	0	128	480	/pictures/501.png
	608		640		/pictures/512.png
line	614	364	614	359	00488f
		359	622		
	622			364	002850
		364	614		
rect	615	360	622	364	003870
line	614	456	614	365	007fff
		365	622		
	622			456	00488f
		456	614		
rect	615	366	622	456	0070e0
line	614	279	614	231	909048
		231	622		
	622			279	505028
		279	614		
rect	615	232	622	279	707038
line	614	328	614	280	ffff7f
		280	622		
	622			328	909048
		328	614		
rect	615	281	622	328	e0e070
line	614	107	614	103	904848
		103	622		
	622			107	502828
		107	614		
rect	615	104	622	107	703838
line	614	200	614	108	ff7f7f
		108	622		
	622			200	904848
		200	614		
rect	615	109	622	200	e07070
line	618	8	629	8	90488f
			618	9	
	629		629		
	618	36		36	
			618	35	
	629		629		
rect	620	10	628	35	703870
		35			c060c0
	634	49	636	52	7fff7f
		53		56	60c060
		57		60	
		61		64	703800
		65		68	
		69		72	183018
		73		76	
		77		80	
		81		84	
		85		88	
		89		92	
		93		96	
		97		100	
		101		104	
		105		108	
		109		112	
		113		116	
		117		120	
		121		124	
		125		128	
		129		132	
		133		136	
		137		140	
		141		144	
		145		148	
		149		152	
		153		156	
		157		160	
		161		164	
		165		168	
		169		172	
		173		176	
		177		180	
		181		184	
		185		188	
		189		192	
		193		196	
		197		200	
		201		204	
		205		208	
		209		212	
		213		216	
		217		220	
		221		224	
		225		228	
		229		232	
		233		236	
		237		240	
		241		244	
		245		248	
		249		252	
		253		256	
		257		260	
		261		264	
		265		268	
		269		272	
		273		276	
		277		280	
		281		284	
		285		288	
		289		292	
		293		296	
		297		300	
		301		304	
		305		308	
		309		312	
		313		316	
		317		320	
		321		324	
		325		328	
		329		332	
		333		336	
		337		340	
		341		344	
		345		348	
		349		352	
		353		356	
		357		360	
		361		364	
		365		368	
		369		372	
		373		376	
		377		380	
		381		384	
		385		388	
		389		392	
		393		396	
		397		400	
		401		404	
		405		408	
		409		412	
		413		416	
		417		420	
		421		424	
		425		428	
		429		432	
		433		436	
		437		440	
		441		444	
		445		448	
	621	52	631	56	303000
		57		61	
		62		66	
		67		71	
		72		76	
		77		81	
		82		86	
	7	7	115	115	00ff00
	8	8	114	114	001000
	56	56	66	66	003000
point	54	78	00e000
	72	32	
	51	14	
	72	39	
	61	57	
	44	97	
	48	89	
	73	30	
	55	76	
	61	61	
	59	76	
	58	61	
	55	78	
	61	59	
		61	
		59	
	48	90	
	53	81	
	61	61	
	58	78	
	61	62	
		59	
rect	12	320	121	440	001000
tint	15	320	23	333	00ff00	/font/5001/42
	21		29			/font/5001/55
	27		35			/font/5001/49
	33		41			/font/5001/4c
	39		47			/font/5001/44
	45		53			/font/5001/20
	51		59			/font/5001/53
	57		65			/font/5001/48
	63		71			/font/5001/49
	69		77			/font/5001/50
	75		83			/font/5001/53
line	12	342	119	342	009000
tint	15	332	23	345	00ff00	/font/5001/50
	21		29			/font/5001/72
	27		35			/font/5001/6f
	33		41			/font/5001/74
	39		47			/font/5001/65
	45		53			/font/5001/75
	51		59			/font/5001/73
	57		65			/font/5001/20
	63		71			/font/5001/41
	69		77			/font/5001/6c
	75		83			/font/5001/70
	81		89			/font/5001/68
	87		95			/font/5001/61
	15	344	23	357		/font/5001/46
	21		29			/font/5001/69
	27		35			/font/5001/67
	33		41			/font/5001/68
	39		47			/font/5001/74
	45		53			/font/5001/65
	51		59			/font/5001/72
line	12	367	12	356	009000
		356	120		
	120			367	005000
		367	12		
rect	13	357	120	367	007000
tint	15	356	23	369	003000	/font/5001/43
	21		29			/font/5001/72
	27		35			/font/5001/75
	33		41			/font/5001/69
	39		47			/font/5001/73
	45		53			/font/5001/65
	51		59			/font/5001/72
	15	368	23	381	009000	/font/5001/47
	21		29			/font/5001/75
	27		35			/font/5001/6e
	33		41			/font/5001/73
	39		47			/font/5001/68
	45		53			/font/5001/69
	51		59			/font/5001/70
	15	380	23	393		/font/5001/54
	21		29			/font/5001/72
	27		35			/font/5001/61
	33		41			/font/5001/6e
	39		47			/font/5001/73
	45		53			/font/5001/70
	51		59			/font/5001/6f
	57		65			/font/5001/72
	63		71			/font/5001/74
	15	392	23	405		/font/5001/44
	21		29			/font/5001/65
	27		35			/font/5001/66
	33		41			/font/5001/65
	39		47			/font/5001/6e
	45		53			/font/5001/73
	51		59			/font/5001/65
	57		65			/font/5001/20
	63		71			/font/5001/44
	69		77			/font/5001/72
	75		83			/font/5001/6f
	81		89			/font/5001/6e
	87		95			/font/5001/65
line	12	438	119	438	009000
rect	16	450	114	475	001010
line	17	461	17	450	00c0c0
		450	43		
	43			461	007070
		461	17		
rect	18	451	43	461	009090
tint	19	450	27	463	00ffff	/font/5001/52
	25		33			/font/5001/47
	31		39			/font/5001/48
	37		45			/font/5001/54
	43		51			/font/5001/20
	49		57			/font/5001/42
	55		63			/font/5001/75
	61		69			/font/5001/69
	67		75			/font/5001/6c
	73		81			/font/5001/64
line	17	473	17	462	00c0c0
		462	43		
	43			473	007070
		473	17		
rect	18	463	43	473	009090
tint	19	462	27	475	00ffff	/font/5001/4c
	25		33			/font/5001/45
	31		39			/font/5001/46
	37		45			/font/5001/54
	43		51			/font/5001/20
	49		57			/font/5001/4d
	55		63			/font/5001/61
	61		69			/font/5001/69
	67		75			/font/5001/6e
	73		81			/font/5001/20
	79		87			/font/5001/4d
	85		93			/font/5001/65
	91		99			/font/5001/6e
	97		105			/font/5001/75
line	12	191	12	180	ffff00
		180	119		
	119			191	909000
		191	12		
rect	13	181	119	191	c0c000
tint	15	180	23	193	000000	/font/5001/43
	21		29			/font/5001/4f
	27		35			/font/5001/4e
	33		41			/font/5001/54
	39		47			/font/5001/52
	45		53			/font/5001/4f
	51		59			/font/5001/4c
	15	192	23	205	7fff7f	/font/5001/43
	21		29			/font/5001/52
	27		35			/font/5001/55
	33		41			/font/5001/49
	39		47			/font/5001/53
	45		53			/font/5001/45
	51		59			/font/5001/52
draw	16	208	34	222	/sprites/501.SMIV/0
line	14	204	35	204	489048
			14	205	
	35		35		
	14	225		225	
			14	224	
	35		35		
rect	42	206	49	206	003870
				224	0060c0
line	40	204	50	204	00488f
			40	205	
	50		50		
	40	225		225	
			40	224	
	50		50		
rect	55	206	62	210	707000
		210		224	c0c000
line	53	204	63	204	909000
			53	205	
	63		63		
	53	225		225	
			53	224	
	63		63		
tint	69	204	77	217	7fff7f	/font/5001/50
	75		83			/font/5001/4b
	81		89			/font/5001/42
	87		95			/font/5001/45
	93		101			/font/5001/41
	99		107			/font/5001/4d
	105		113			/font/5001/20
	111		119			/font/5001/31
	69	216	77	229		/font/5001/46
	75		83			/font/5001/20
	81		89			/font/5001/50
	87		95			/font/5001/55
	93		101			/font/5001/4c
	99		107			/font/5001/53
	105		113			/font/5001/45
	12	228	20	241	00ff00	/font/5001/47
	18		26			/font/5001/75
	24		32			/font/5001/6e
	30		38			/font/5001/73
	36		44			/font/5001/68
	42		50			/font/5001/69
	48		56			/font/5001/70
line	12	263	12	252	007fff
		252	119		
	119			263	00488f
		263	12		
rect	13	253	119	263	0060c0
tint	15	252	23	265	000000	/font/5001/54
	21		29			/font/5001/41
	27		35			/font/5001/52
	33		41			/font/5001/47
	39		47			/font/5001/45
	45		53			/font/5001/54
	15	264	23	277	7fff7f	/font/5001/47
	21		29			/font/5001/55
	27		35			/font/5001/4e
	33		41			/font/5001/53
	39		47			/font/5001/48
	45		53			/font/5001/49
	51		59			/font/5001/50
draw	16	280	34	294	/sprites/509.SMIV/0
line	14	276	35	276	489048
			14	277	
	35		35		
	14	297		297	
			14	296	
	35		35		
rect	42	278	49	279	003870
		279		296	0060c0
line	40	276	50	276	00488f
			40	277	
	50		50		
	40	297		297	
			40	296	
	50		50		
rect	55	278	62	287	707000
		287		296	c0c000
line	53	276	63	276	909000
			53	277	
	63		63		
	53	297		297	
			53	296	
	63		63		
tint	69	276	77	289	7fff7f	/font/5001/50
	75		83			/font/5001/4b
	81		89			/font/5001/42
	87		95			/font/5001/45
	93		101			/font/5001/41
	99		107			/font/5001/4d
	105		113			/font/5001/20
	111		119			/font/5001/31
	69	288	77	301		/font/5001/4c
	75		83			/font/5001/42
	81		89			/font/5001/45
	87		95			/font/5001/41
	93		101			/font/5001/4d
	99		107			/font/5001/20
	105		113			/font/5001/31
