point	234	164	d0d0d0
	606	191	808080
	410	243	
	408	161	b0b0b0
	599	458	808080
	263	448	
	550	27	
	594	237	d0d0d0
	531	194	808080
	205	334	b0b0b0
	472	127	d0d0d0
	155	284	b0b0b0
	243	248	
	570	215	808080
	196	372	b0b0b0
	400	81	
	251	402	808080
	442	469	b0b0b0
	572	372	
	252	377	d0d0d0
	310	345	808080
	155	388	d0d0d0
	370	173	808080
	521	471	b0b0b0
	146	158	
	461	451	808080
	224	47	
	147		b0b0b0
	137	379	808080
	393	210	d0d0d0
	573	253	808080
	274	367	d0d0d0
	247	55	808080
	595	190	d0d0d0
	511	431	
	263	256	b0b0b0
	503	78	808080
	559	133	d0d0d0
	153	328	
	148	139	
	305	167	b0b0b0
	250	78	
	172	346	808080
	208	186	
	535	386	b0b0b0
	573	399	d0d0d0
	314	369	b0b0b0
	540	112	
	466	364	
	425	70	
	574	233	d0d0d0
	361	135	808080
	417	36	
	559	340	
	268	212	
	280	380	
	437	8	
	254	480	b0b0b0
	406	221	808080
	270	183	d0d0d0
	509	79	808080
	234	256	
	375	54	
	477	382	
	484	21	b0b0b0
	171	140	d0d0d0
	169	9	808080
	392	37	
	460	100	
	380	56	
	420	421	
	384	480	b0b0b0
	183	103	d0d0d0
	394	1	b0b0b0
	362	21	808080
	601	425	
	280	236	
	302	259	
	433	411	d0d0d0
	214	338	
	132	96	b0b0b0
	394	427	d0d0d0
	572	253	b0b0b0
	137	294	808080
	541	157	
	221	361	d0d0d0
	134	185	808080
	461	362	d0d0d0
	485	290	808080
	135	406	
	423	102	
	461	457	b0b0b0
	134	81	808080
	214	60	d0d0d0
	248	450	808080
	363	316	
	175	471	d0d0d0
	570	173	808080
	251	286	d0d0d0
	571	354	b0b0b0
	265	330	
	302	394	808080
	272	195	b0b0b0
	522	258	d0d0d0
	209	470	808080
	176	411	d0d0d0
	205	420	
	603	2	b0b0b0
	595	42	808080
	179	155	b0b0b0
	169	237	808080
	192	297	
	469	193	d0d0d0
	267	318	
	360	20	b0b0b0
	423	113	
	430	479	808080
	271	337	
	306	175	
	210	378	d0d0d0
	401	314	808080
	340	99	d0d0d0
	603	124	808080
	340	21	
	198	341	
	411	437	904800
	355	435	
	271	403	
	351	471	
	273	423	
	443	351	
	331	347	
rect	263	0	264	480	002850
	128	171	608	172	000050
line	395	324	395	314	ffff7f
static	271	272	299	312	f0f078	33	/sprites/can/cruiser%21
draw	346	219	390	259	/sprites/ish/gunship%11
	125	274	141	288	/sprites/can/fighter%7
line	432	429	435	414	489048
			420	419	
	435	414			204020
draw	0	-144	128	624	/pictures/gui/instruments/left.png
	608		640		/pictures/gui/instruments/right.png
rect	614	359	615	416	00488f
			623	360	
	622			416	002850
	614	415			
	615	360	622	415	003870
	614	416	615	457	007fff
			623	417	
	622			457	00488f
	614	456			
	615	417	622	456	0070e0
	614	231	615	329	909048
			623	232	
	622			329	505028
	614	328			
	615	232	622	328	707038
	614	103	615	119	904848
			623	104	
	622			119	502828
	614	118			
	615	104	622	118	703838
	614	119	615	201	ff7f7f
			623	120	
	622			201	904848
	614	200			
	615	120	622	200	e07070
	618	8	630	9	90488f
			619	10	
	629		630		
	618	36		37	
		35	619		
	629		630		
	620	10	628	35	703870
		35			c060c0
	634	49	636	52	7fff7f
		53		56	703800
		57		60	
		61		64	
		65		68	
		69		72	183018
		73		76	
		77		80	
		81		84	
		85		88	
		89		92	
		93		96	
		97		100	
		101		104	
		105		108	
		109		112	
		113		116	
		117		120	
		121		124	
		125		128	
		129		132	
		133		136	
		137		140	
		141		144	
		145		148	
		149		152	
		153		156	
		157		160	
		161		164	
		165		168	
		169		172	
		173		176	
		177		180	
		181		184	
		185		188	
		189		192	
		193		196	
		197		200	
		201		204	
		205		208	
		209		212	
		213		216	
		217		220	
		221		224	
		225		228	
		229		232	
		233		236	
		237		240	
		241		244	
		245		248	
		249		252	
		253		256	
		257		260	
		261		264	
		265		268	
		269		272	
		273		276	
		277		280	
		281		284	
		285		288	
		289		292	
		293		296	
		297		300	
		301		304	
		305		308	
		309		312	
		313		316	
		317		320	
		321		324	
		325		328	
		329		332	
		333		336	
		337		340	
		341		344	
		345		348	
		349		352	
		353		356	
		357		360	
		361		364	
		365		368	
		369		372	
		373		376	
		377		380	
		381		384	
		385		388	
		389		392	
		393		396	
		397		400	
		401		404	
		405		408	
		409		412	
		413		416	
		417		420	
		421		424	
		425		428	
		429		432	
		433		436	
		437		440	
		441		444	
		445		448	
	621	52	631	56	303000
		57		61	
		62		66	
		67		71	
		72		76	
		77		81	
		82		86	
	7	7	115	115	00ff00
	8	8	114	114	001000
	58	58	66	66	003000
point	61	89	00e000
	57	51	
	62	89	
	60	61	
	62	88	
		89	
		90	
	69	66	
	63	91	
	67	87	
	61	89	
	65	65	
	57	61	
	54	57	
	61	62	
	62	89	
	61		
	16	30	
	62	89	
		90	
rect	12	320	121	440	001000
		342	120	343	009000
		356	13	368	
			121	357	
	120			368	005000
	12	367			
	13	357	120	367	007000
	12	438		439	009000
	16	450	114	475	001010
	17		18	462	00c0c0
			44	451	
	43			462	007070
	17	461			
	18	451	43	461	009090
	17	462	18	474	00c0c0
			44	463	
	43			474	007070
	17	473			
	18	463	43	473	009090
crop	15	320	21	332	16	48	00ff00	/fonts/computer.png
	21		27		40	60		
	27		33		72	48		
	33		39		96			
	39		45		32			
	51		57		24	60		
	57		63		64	48		
	63		69		72			
	69		75		0	60		
	75		81		24			
	15	332	21	344	0			
	21		27		16	84		
	27		33		120	72		
	33		39		32	84		
	39		45		40	72		
	45		51			84		
	51		57		24			
	63		69		8	48		
	69		75		96	72		
	75		81		0	84		
	81		87		64	72		
	87		93		8			
	15	344	21	356	48	48	009000	
	21		27		72	72		
	27		33		56			
	33		39		64			
	39		45		32	84		
	45		51		40	72		
	51		57		16	84		
	15	356	21	368	24	48	003000	
	21		27		16	84		
	27		33		40			
	33		39		72	72		
	39		45		24	84		
	45		51		40	72		
	51		57		16	84		
	15	368	21	380	56	48	009000	
	21		27		40	84		
	27		33		112	72		
	33		39		24	84		
	39		45		64	72		
	45		51		72			
	51		57		0	84		
	15	380	21	392	32	60		
	21		27		16	84		
	27		33		8	72		
	33		39		112			
	39		45		24	84		
	45		51		0			
	51		57		120	72		
	57		63		16	84		
	63		69		32			
	15	392	21	404		48		
	21		27		40	72		
	27		33		48			
	33		39		40			
	39		45		112			
	45		51		24	84		
	51		57		40	72		
	63		69		32	48		
	69		75		16	84		
	75		81		120	72		
	81		87		112			
	87		93		40			
	19	450	25	462	16	60	00ffff	
	25		31		56	48		
	31		37		64			
	37		43		32	60		
	49		55		16	48		
	55		61		40	84		
	61		67		72	72		
	67		73		96			
	73		79		32			
	19	462	25	474	96	48		
	25		31		40			
	31		37		48			
	37		43		32	60		
	49		55		104	48		
	55		61		8	72		
	61		67		72			
	67		73		112			
	79		85		104	48		
	85		91		40	72		
	91		97		112			
	97		103		40	84		
rect	12	180	13	192	ffff00
			121	181	
	120			192	909000
	12	191			
	13	181	120	191	c0c000
crop	15	180	21	192	24	48	000000	/fonts/computer.png
	21		27		120			
	27		33		112			
	33		39		32	60		
	39		45		16			
	45		51		120	48		
	51		57		96			
	15	192	21	204	24		7fff7f	
	21		27		16	60		
	27		33		40			
	33		39		72	48		
	39		45		24	60		
	45		51		40	48		
	51		57		16	60		
draw	16	208	34	222	/sprites/ish/cruiser%0
rect	14	204	36	205	489048
			15	206	
	35		36		
	14	225		226	
		224	15		
	35		36		
	42	206	49	209	003870
		209		224	0060c0
	40	204	51	205	00488f
			41	206	
	50		51		
	40	225		226	
		224	41		
	50		51		
	55	206	62	207	707000
		207		224	c0c000
	53	204	64	205	909000
			54	206	
	63		64		
	53	225		226	
		224	54		
	63		64		
crop	69	204	75	216	0	60	7fff7f	/fonts/computer.png
	75		81		88	48		
	81		87		16			
	87		93		40			
	93		99		8			
	99		105		104			
	111		117		8	36		
	69	216	75	228	48	48		
	81		87		0	60		
	87		93		40			
	93		99		96	48		
	99		105		24	60		
	105		111		40	48		
	12	228	18	240	56		00ff00	
	18		24		40	84		
	24		30		112	72		
	30		36		24	84		
	36		42		64	72		
	42		48		72			
	48		54		0	84		
rect	12	252	13	264	007fff
			121	253	
	120			264	00488f
	12	263			
	13	253	120	263	0060c0
crop	15	252	21	264	32	60	000000	/fonts/computer.png
	21		27		8	48		
	27		33		16	60		
	33		39		56	48		
	39		45		40			
	45		51		32	60		
	15	264	21	276	56	48	7fff7f	
	21		27		40	60		
	27		33		112	48		
	33		39		24	60		
	39		45		64	48		
	45		51		72			
	51		57		0	60		
draw	16	280	34	294	/sprites/ish/gunship%0
rect	14	276	36	277	489048
			15	278	
	35		36		
	14	297		298	
		296	15		
	35		36		
	42	278	49	289	003870
		289		296	0060c0
	40	276	51	277	00488f
			41	278	
	50		51		
	40	297		298	
		296	41		
	50		51		
	55	278	62	296	707000
		296			c0c000
	53	276	64	277	909000
			54	278	
	63		64		
	53	297		298	
		296	54		
	63		64		
crop	69	276	75	288	0	60	7fff7f	/fonts/computer.png
	75		81		88	48		
	81		87		16			
	87		93		40			
	93		99		8			
	99		105		104			
	111		117		8	36		
	69	288	75	300	96	48		
	75		81		16			
	81		87		40			
	87		93		8			
	93		99		104			
	105		111		8	36		
