point	395	59	808080
	250	108	b0b0b0
	576	460	808080
	176	345	b0b0b0
	439	432	d0d0d0
	259	299	808080
	236	478	
	185	238	b0b0b0
	216	389	808080
	507	237	d0d0d0
	206	453	b0b0b0
	490	171	d0d0d0
	529	123	
	352	47	b0b0b0
	559	145	808080
	155	357	
	205	234	
	544	210	
	270	415	
	467	330	d0d0d0
	315	82	808080
	261	171	
	536	390	
	390	469	d0d0d0
	325	3	b0b0b0
	167	240	d0d0d0
	389	264	808080
	395	372	b0b0b0
	521	115	808080
	361	123	b0b0b0
	342	169	
	184	402	d0d0d0
	412	272	808080
	367	417	b0b0b0
	443	193	808080
	306	134	d0d0d0
	249	230	
	584	44	808080
	382	141	
	461	48	
	352	16	d0d0d0
	498	403	b0b0b0
	515	165	d0d0d0
	373	403	808080
	180	113	d0d0d0
	276	410	808080
	281	143	
	275	308	d0d0d0
	242	477	b0b0b0
	215	153	d0d0d0
	282	171	b0b0b0
	526	352	808080
	583	252	
	360	328	d0d0d0
	433	428	808080
	510	233	d0d0d0
	602	225	808080
	464	217	
	571	438	
	278	102	b0b0b0
	228	189	
	399	472	808080
	540	270	
	568	119	
	429	178	d0d0d0
	296	93	
	334	226	808080
	557	253	
	146	80	
	545	273	
	396	158	
	505	324	b0b0b0
	422	29	808080
	151	375	
	527	238	
	443	482	d0d0d0
	445	452	808080
	467	476	
	574	273	b0b0b0
	397	219	
	380	421	
	515	191	808080
	462	87	d0d0d0
	289	31	808080
	317	225	d0d0d0
	378	158	808080
	299	402	
	280	481	d0d0d0
	212	332	
	347	284	
	589	318	808080
	460	57	
	299	298	
	190	9	
	165	216	
	201	79	b0b0b0
	562	212	808080
	134	395	b0b0b0
	403	121	808080
	175	452	
	191	306	d0d0d0
	325	131	808080
		27	
	257	89	
	532	207	
	585	273	b0b0b0
	136	429	808080
	520	178	b0b0b0
	527	64	d0d0d0
	427	480	b0b0b0
	335	453	808080
	581	34	
	224	199	
	248	196	d0d0d0
	608	345	b0b0b0
	170	221	808080
	350	364	d0d0d0
	434	73	808080
	472	392	
	282	253	b0b0b0
	502	101	d0d0d0
	160	479	808080
	346	45	b0b0b0
	505	238	808080
	275	154	d0d0d0
rect	593	0	594	481	002850
	128	93	609	94	000050
draw	384	81	512	209	/sprites/loc/planets/yellow%0
	347	221	391	261	/sprites/ish/gunship%23
	577	317	593	332	/sprites/can/fighter%21
line	304	51	302	66	489048
			316	61	
	302	66			204020
draw	0	-144	128	624	/pictures/gui/instruments/left.png
	608		640		/pictures/gui/instruments/right.png
rect	614	359	615	417	00488f
			623	360	
	622			417	002850
	614	416			
	615	360	622	416	003870
	614	417	615	457	007fff
			623	418	
	622			457	00488f
	614	456			
	615	418	622	456	0070e0
	614	231	615	327	909048
			623	232	
	622			327	505028
	614	326			
	615	232	622	326	707038
	614	327	615	329	ffff7f
			623	328	
	622			329	909048
	614	328			
		103	615	121	904848
			623	104	
	622			121	502828
	614	120			
	615	104	622	120	703838
	614	121	615	201	ff7f7f
			623	122	
	622			201	904848
	614	200			
	615	122	622	200	e07070
	618	8	630	9	90488f
			619	10	
	629		630		
	618	36		37	
		35	619		
	629		630		
	620	10	628	35	703870
		35			c060c0
	634	49	636	52	7fff7f
		53		56	703800
		57		60	
		61		64	
		65		68	
		69		72	183018
		73		76	
		77		80	
		81		84	
		85		88	
		89		92	
		93		96	
		97		100	
		101		104	
		105		108	
		109		112	
		113		116	
		117		120	
		121		124	
		125		128	
		129		132	
		133		136	
		137		140	
		141		144	
		145		148	
		149		152	
		153		156	
		157		160	
		161		164	
		165		168	
		169		172	
		173		176	
		177		180	
		181		184	
		185		188	
		189		192	
		193		196	
		197		200	
		201		204	
		205		208	
		209		212	
		213		216	
		217		220	
		221		224	
		225		228	
		229		232	
		233		236	
		237		240	
		241		244	
		245		248	
		249		252	
		253		256	
		257		260	
		261		264	
		265		268	
		269		272	
		273		276	
		277		280	
		281		284	
		285		288	
		289		292	
		293		296	
		297		300	
		301		304	
		305		308	
		309		312	
		313		316	
		317		320	
		321		324	
		325		328	
		329		332	
		333		336	
		337		340	
		341		344	
		345		348	
		349		352	
		353		356	
		357		360	
		361		364	
		365		368	
		369		372	
		373		376	
		377		380	
		381		384	
		385		388	
		389		392	
		393		396	
		397		400	
		401		404	
		405		408	
		409		412	
		413		416	
		417		420	
		421		424	
		425		428	
		429		432	
		433		436	
		437		440	
		441		444	
		445		448	
	621	52	631	56	303000
		57		61	
		62		66	
		67		71	
		72		76	
		77		81	
		82		86	
	7	7	115	115	00ff00
	8	8	114	114	001000
	58	58	66	66	003000
point	69	82	00e000
	62	60	
	66	66	
	68	86	
	70	76	
	73	87	
	61	85	
	74	65	
	66	69	
	65	62	
	16	36	
	71	101	
rect	12	320	121	440	001000
		342	120	343	009000
		356	13	368	
			121	357	
	120			368	005000
	12	367			
	13	357	120	367	007000
	12	438		439	009000
	16	450	114	475	001010
	17		18	462	00c0c0
			44	451	
	43			462	007070
	17	461			
	18	451	43	461	009090
	17	462	18	474	00c0c0
			44	463	
	43			474	007070
	17	473			
	18	463	43	473	009090
crop	15	320	21	332	16	48	00ff00	/fonts/computer.png
	21		27		40	60		
	27		33		72	48		
	33		39		96			
	39		45		32			
	45		51		0	24		
	51		57		24	60		
	57		63		64	48		
	63		69		72			
	69		75		0	60		
	75		81		24			
	15	332	21	344	0			
	21		27		16	84		
	27		33		120	72		
	33		39		32	84		
	39		45		40	72		
	45		51			84		
	51		57		24			
	57		63		0	24		
	63		69		8	48		
	69		75		96	72		
	75		81		0	84		
	81		87		64	72		
	87		93		8			
	15	344	21	356	48	48	009000	
	21		27		72	72		
	27		33		56			
	33		39		64			
	39		45		32	84		
	45		51		40	72		
	51		57		16	84		
	15	356	21	368	24	48	003000	
	21		27		16	84		
	27		33		40			
	33		39		72	72		
	39		45		24	84		
	45		51		40	72		
	51		57		16	84		
	15	368	21	380	56	48	009000	
	21		27		40	84		
	27		33		112	72		
	33		39		24	84		
	39		45		64	72		
	45		51		72			
	51		57		0	84		
	15	380	21	392	32	60		
	21		27		16	84		
	27		33		8	72		
	33		39		112			
	39		45		24	84		
	45		51		0			
	51		57		120	72		
	57		63		16	84		
	63		69		32			
	15	392	21	404		48		
	21		27		40	72		
	27		33		48			
	33		39		40			
	39		45		112			
	45		51		24	84		
	51		57		40	72		
	57		63		0	24		
	63		69		32	48		
	69		75		16	84		
	75		81		120	72		
	81		87		112			
	87		93		40			
	19	450	25	462	16	60	00ffff	
	25		31		56	48		
	31		37		64			
	37		43		32	60		
	43		49		0	24		
	49		55		16	48		
	55		61		40	84		
	61		67		72	72		
	67		73		96			
	73		79		32			
	19	462	25	474	96	48		
	25		31		40			
	31		37		48			
	37		43		32	60		
	43		49		0	24		
	49		55		104	48		
	55		61		8	72		
	61		67		72			
	67		73		112			
	73		79		0	24		
	79		85		104	48		
	85		91		40	72		
	91		97		112			
	97		103		40	84		
rect	12	180	13	192	ffff00
			121	181	
	120			192	909000
	12	191			
	13	181	120	191	c0c000
crop	15	180	21	192	24	48	000000	/fonts/computer.png
	21		27		120			
	27		33		112			
	33		39		32	60		
	39		45		16			
	45		51		120	48		
	51		57		96			
	15	192	21	204	24		7fff7f	
	21		27		16	60		
	27		33		40			
	33		39		72	48		
	39		45		24	60		
	45		51		40	48		
	51		57		16	60		
draw	16	208	34	222	/sprites/ish/cruiser%0
rect	14	204	36	205	489048
			15	206	
	35		36		
	14	225		226	
		224	15		
	35		36		
	42	206	49	209	003870
		209		224	0060c0
	40	204	51	205	00488f
			41	206	
	50		51		
	40	225		226	
		224	41		
	50		51		
	55	206	62	207	707000
		207		224	c0c000
	53	204	64	205	909000
			54	206	
	63		64		
	53	225		226	
		224	54		
	63		64		
crop	69	204	75	216	0	60	7fff7f	/fonts/computer.png
	75		81		88	48		
	81		87		16			
	87		93		40			
	93		99		8			
	99		105		104			
	105		111		0	24		
	111		117		8	36		
	69	216	75	228	48	48		
	75		81		0	24		
	81		87			60		
	87		93		40			
	93		99		96	48		
	99		105		24	60		
	105		111		40	48		
	12	228	18	240	56		00ff00	
	18		24		40	84		
	24		30		112	72		
	30		36		24	84		
	36		42		64	72		
	42		48		72			
	48		54		0	84		
rect	12	252	13	264	007fff
			121	253	
	120			264	00488f
	12	263			
	13	253	120	263	0060c0
crop	15	252	21	264	32	60	000000	/fonts/computer.png
	21		27		8	48		
	27		33		16	60		
	33		39		56	48		
	39		45		40			
	45		51		32	60		
	15	264	21	276	56	48	7fff7f	
	21		27		40	60		
	27		33		112	48		
	33		39		24	60		
	39		45		64	48		
	45		51		72			
	51		57		0	60		
draw	16	280	34	294	/sprites/ish/gunship%0
rect	14	276	36	277	489048
			15	278	
	35		36		
	14	297		298	
		296	15		
	35		36		
	42	278	49	289	003870
		289		296	0060c0
	40	276	51	277	00488f
			41	278	
	50		51		
	40	297		298	
		296	41		
	50		51		
	55	278	62	296	707000
		296			c0c000
	53	276	64	277	909000
			54	278	
	63		64		
	53	297		298	
		296	54		
	63		64		
crop	69	276	75	288	0	60	7fff7f	/fonts/computer.png
	75		81		88	48		
	81		87		16			
	87		93		40			
	93		99		8			
	99		105		104			
	105		111		0	24		
	111		117		8	36		
	69	288	75	300	96	48		
	75		81		16			
	81		87		40			
	87		93		8			
	93		99		104			
	99		105		0	24		
	105		111		8	36		
