point	552	177	808080
	486	285	b0b0b0
	423	146	
	427	56	d0d0d0
	133	258	
	416	417	808080
	288	165	b0b0b0
	421	416	
	503	40	
	237	282	808080
	343	100	
	207	62	b0b0b0
	306	227	
	588	224	
	290	179	
	312	475	808080
	362	352	
	268	360	b0b0b0
	322	53	808080
	435	87	d0d0d0
	472	200	808080
	419	289	
	255	42	b0b0b0
	171	435	808080
	561	180	b0b0b0
	482	477	d0d0d0
	547	382	808080
	349	46	
	198	440	
	597	301	b0b0b0
	578	346	
	155	55	808080
	569	390	
	253	366	b0b0b0
	601	311	808080
	136	464	
	564	467	d0d0d0
	394	226	
	539	259	808080
	143	448	b0b0b0
	173	390	
	431	100	
	350	336	d0d0d0
	565	81	
	495	350	
	213	180	b0b0b0
	438	261	808080
	352	49	b0b0b0
	141	124	808080
	530	389	d0d0d0
	518	348	b0b0b0
	203	458	808080
	265	58	
	376	64	b0b0b0
	549	66	808080
	344	275	d0d0d0
	405	94	808080
	141	411	
	546	76	
	514	280	b0b0b0
	464	366	
	484	110	808080
	261	309	b0b0b0
	362	438	d0d0d0
	198	274	808080
	131	435	b0b0b0
	492	344	808080
	235	325	
	304	198	
	223	118	
	553	276	
	261	113	b0b0b0
	580	147	808080
	565	13	
	280	60	d0d0d0
	391	121	808080
	343	371	d0d0d0
	172	437	808080
	398	416	d0d0d0
	154	59	b0b0b0
	327	79	808080
	192	142	
	215	333	
	447	149	
	147	381	b0b0b0
	535	276	808080
	571	59	b0b0b0
	248	371	808080
	154	164	
	322	41	d0d0d0
	266	81	808080
	141	128	b0b0b0
	457	416	808080
	348	127	
	323	334	
	437	256	b0b0b0
	464	27	d0d0d0
	359	62	808080
	560	239	
	519	14	
	161	139	b0b0b0
	482	249	808080
		145	
	414	207	
	210	392	
	578	135	d0d0d0
	448	100	b0b0b0
	409	33	
	246	273	808080
	415	118	
	604	182	d0d0d0
	258	372	808080
	381	317	
	563	433	d0d0d0
	285	131	808080
	327	339	
	152	136	
	591	191	
	606	30	
	518	430	b0b0b0
	234	218	808080
	483	233	d0d0d0
	582	222	b0b0b0
	183	170	808080
	590	391	d0d0d0
	1097	1649	603000
	1102	1571	
	1204	1596	
	1213	1427	
	1082	1559	
	979	1439	
	1080	1443	
	1091	1581	
	1137	1564	
	1012	1691	
	982	1492	d06800
	1018	1441	
	958	1490	
	950	1443	
	975	1498	
	1015	1504	
	998	1510	
	968	1483	
	953	1479	
	984	1507	
rect	396	0	397	481	000050
	128	308	609	309	
line	908	1237	904	1239	ffff7f
	937	1236	926		00ff00
	486	299	500	307	ff0000
crop	639	300	739	400	0	0	ffffff	/sprites/...
	514	302	535	330	62	143		
	353	222	387	254	277	102		
	508	69	520	79	19	22		
	492	302	504	312	38	61		
	462	217	471	224	14	1		
dither	200	50	339	67	003030
crop	204	54	211	65	80	55	000000	/fonts/tactical.png
	211		218		120	66		
	218		225					
	225		232		104			
	232		239		0	22		
	239		246		32	77		
	246		253		120	66		
	253		260		0	22		
	260		267		8	44		
	267		274		96	66		
	274		281					
	281		288		0	22		
	288		295		120	44		
	295		302		16	66		
	302		309		80			
	309		316		40			
	316		323		24			
	323		330		32	77		
	330		337		24			
	203	53	210	64	80	55	00ffff	
	210		217		120	66		
	217		224					
	224		231		104			
	231		238		0	22		
	238		245		32	77		
	245		252		120	66		
	252		259		0	22		
	259		266		8	44		
	266		273		96	66		
	273		280					
	280		287		0	22		
	287		294		120	44		
	294		301		16	66		
	301		308		80			
	308		315		40			
	315		322		24			
	322		329		32	77		
	329		336		24			
line	171	273	186	278	489048
			183	263	
	186	278			204020
draw	0	0	128	480	/pictures/501.png
	608		640		/pictures/512.png
rect	614	359	615	416	00488f
			623	360	
	622			416	002850
	614	415			
	615	360	622	415	003870
	614	416	615	457	007fff
			623	417	
	622			457	00488f
	614	456			
	615	417	622	456	0070e0
	614	231	615	324	909048
			623	232	
	622			324	505028
	614	323			
	615	232	622	323	707038
	614	324	615	329	ffff7f
			623	325	
	622			329	909048
	614	328			
	615	325	622	328	e0e070
	614	103	615	122	904848
			623	104	
	622			122	502828
	614	121			
	615	104	622	121	703838
	614	122	615	201	ff7f7f
			623	123	
	622			201	904848
	614	200			
	615	123	622	200	e07070
	618	8	630	9	90488f
			619	10	
	629		630		
	618	36		37	
		35	619		
	629		630		
	620	10	628	35	703870
		35			c060c0
	634	49	636	52	7fff7f
		53		56	703800
		57		60	
		61		64	
		65		68	
		69		72	183018
		73		76	
		77		80	
		81		84	
		85		88	
		89		92	
		93		96	
		97		100	
		101		104	
		105		108	
		109		112	
		113		116	
		117		120	
		121		124	
		125		128	
		129		132	
		133		136	
		137		140	
		141		144	
		145		148	
		149		152	
		153		156	
		157		160	
		161		164	
		165		168	
		169		172	
		173		176	
		177		180	
		181		184	
		185		188	
		189		192	
		193		196	
		197		200	
		201		204	
		205		208	
		209		212	
		213		216	
		217		220	
		221		224	
		225		228	
		229		232	
		233		236	
		237		240	
		241		244	
		245		248	
		249		252	
		253		256	
		257		260	
		261		264	
		265		268	
		269		272	
		273		276	
		277		280	
		281		284	
		285		288	
		289		292	
		293		296	
		297		300	
		301		304	
		305		308	
		309		312	
		313		316	
		317		320	
		321		324	
		325		328	
		329		332	
		333		336	
		337		340	
		341		344	
		345		348	
		349		352	
		353		356	
		357		360	
		361		364	
		365		368	
		369		372	
		373		376	
		377		380	
		381		384	
		385		388	
		389		392	
		393		396	
		397		400	
		401		404	
		405		408	
		409		412	
		413		416	
		417		420	
		421		424	
		425		428	
		429		432	
		433		436	
		437		440	
		441		444	
		445		448	
	621	52	631	56	303000
		57		61	
		62		66	
		67		71	
		72		76	
		77		81	
		82		86	
	7	7	115	115	00ff00
	8	8	114	114	001000
	56	56	66	66	003000
point	79	80	00e000
	69	63	
	74	86	
	64	62	
	73	86	
	63	61	
	74	86	
	75		
	79	85	
	70		
	74	86	
	78	64	
	64	62	
			
		57	
	78	108	
rect	12	320	121	440	001000
		342	120	343	009000
		356	13	368	
			121	357	
	120			368	005000
	12	367			
	13	357	120	367	007000
	12	438		439	009000
	16	450	114	475	001010
	17		18	462	00c0c0
			44	451	
	43			462	007070
	17	461			
	18	451	43	461	009090
	17	462	18	474	00c0c0
			44	463	
	43			474	007070
	17	473			
	18	463	43	473	009090
crop	15	320	21	332	16	48	00ff00	/fonts/computer.png
	21		27		40	60		
	27		33		72	48		
	33		39		96			
	39		45		32			
	45		51		0	24		
	51		57		24	60		
	57		63		64	48		
	63		69		72			
	69		75		0	60		
	75		81		24			
	15	332	21	344	0			
	21		27		16	84		
	27		33		120	72		
	33		39		32	84		
	39		45		40	72		
	45		51			84		
	51		57		24			
	57		63		0	24		
	63		69		8	48		
	69		75		96	72		
	75		81		0	84		
	81		87		64	72		
	87		93		8			
	15	344	21	356	48	48	009000	
	21		27		72	72		
	27		33		56			
	33		39		64			
	39		45		32	84		
	45		51		40	72		
	51		57		16	84		
	15	356	21	368	24	48	003000	
	21		27		16	84		
	27		33		40			
	33		39		72	72		
	39		45		24	84		
	45		51		40	72		
	51		57		16	84		
	15	368	21	380	56	48	009000	
	21		27		40	84		
	27		33		112	72		
	33		39		24	84		
	39		45		64	72		
	45		51		72			
	51		57		0	84		
	15	380	21	392	32	60		
	21		27		16	84		
	27		33		8	72		
	33		39		112			
	39		45		24	84		
	45		51		0			
	51		57		120	72		
	57		63		16	84		
	63		69		32			
	15	392	21	404		48		
	21		27		40	72		
	27		33		48			
	33		39		40			
	39		45		112			
	45		51		24	84		
	51		57		40	72		
	57		63		0	24		
	63		69		32	48		
	69		75		16	84		
	75		81		120	72		
	81		87		112			
	87		93		40			
	19	450	25	462	16	60	00ffff	
	25		31		56	48		
	31		37		64			
	37		43		32	60		
	43		49		0	24		
	49		55		16	48		
	55		61		40	84		
	61		67		72	72		
	67		73		96			
	73		79		32			
	19	462	25	474	96	48		
	25		31		40			
	31		37		48			
	37		43		32	60		
	43		49		0	24		
	49		55		104	48		
	55		61		8	72		
	61		67		72			
	67		73		112			
	73		79		0	24		
	79		85		104	48		
	85		91		40	72		
	91		97		112			
	97		103		40	84		
rect	12	180	13	192	ffff00
			121	181	
	120			192	909000
	12	191			
	13	181	120	191	c0c000
crop	15	180	21	192	24	48	000000	/fonts/computer.png
	21		27		120			
	27		33		112			
	33		39		32	60		
	39		45		16			
	45		51		120	48		
	51		57		96			
	15	192	21	204	24		7fff7f	
	21		27		16	60		
	27		33		40			
	33		39		72	48		
	39		45		24	60		
	45		51		40	48		
	51		57		16	60		
	16	208	34	222	3	5	ffffff	/sprites/...
rect	14	204	36	205	489048
			15	206	
	35		36		
	14	225		226	
		224	15		
	35		36		
	42	206	49	209	003870
		209		224	0060c0
	40	204	51	205	00488f
			41	206	
	50		51		
	40	225		226	
		224	41		
	50		51		
	55	206	62	207	707000
		207		224	c0c000
	53	204	64	205	909000
			54	206	
	63		64		
	53	225		226	
		224	54		
	63		64		
crop	69	204	75	216	0	60	7fff7f	/fonts/computer.png
	75		81		88	48		
	81		87		16			
	87		93		40			
	93		99		8			
	99		105		104			
	105		111		0	24		
	111		117		8	36		
	69	216	75	228	48	48		
	75		81		0	24		
	81		87			60		
	87		93		40			
	93		99		96	48		
	99		105		24	60		
	105		111		40	48		
	12	228	18	240	56		00ff00	
	18		24		40	84		
	24		30		112	72		
	30		36		24	84		
	36		42		64	72		
	42		48		72			
	48		54		0	84		
rect	12	252	13	264	007fff
			121	253	
	120			264	00488f
	12	263			
	13	253	120	263	0060c0
crop	15	252	21	264	32	60	000000	/fonts/computer.png
	21		27		8	48		
	27		33		16	60		
	33		39		56	48		
	39		45		40			
	45		51		32	60		
	15	264	21	276	56	48	7fff7f	
	21		27		40	60		
	27		33		112	48		
	33		39		24	60		
	39		45		64	48		
	45		51		72			
	51		57		0	60		
	16	280	34	294	5	6	ffffff	/sprites/...
rect	14	276	36	277	489048
			15	278	
	35		36		
	14	297		298	
		296	15		
	35		36		
	42	278	49	289	003870
		289		296	0060c0
	40	276	51	277	00488f
			41	278	
	50		51		
	40	297		298	
		296	41		
	50		51		
	55	278	62	296	707000
		296			c0c000
	53	276	64	277	909000
			54	278	
	63		64		
	53	297		298	
		296	54		
	63		64		
crop	69	276	75	288	0	60	7fff7f	/fonts/computer.png
	75		81		88	48		
	81		87		16			
	87		93		40			
	93		99		8			
	99		105		104			
	105		111		0	24		
	111		117		8	36		
	69	288	75	300	96	48		
	75		81		16			
	81		87		40			
	87		93		8			
	93		99		104			
	99		105		0	24		
	105		111		8	36		
