point	577	397	d0d0d0
	374	368	b0b0b0
	226	456	d0d0d0
	320	300	b0b0b0
	228	14	808080
	249	307	
	401	477	
	523	370	
	239	394	
	470	345	
	498	133	b0b0b0
	474	101	d0d0d0
	438	400	
	476	110	
	574	8	808080
	145	365	
	195	242	
	465	250	
	267	251	d0d0d0
	581	343	
	267	90	808080
	147	361	d0d0d0
	271	395	808080
	483	430	
	311	329	b0b0b0
	374	187	
	380	272	808080
	576	217	d0d0d0
	414	243	
	421	224	b0b0b0
	157	338	d0d0d0
	296	277	b0b0b0
	550	242	d0d0d0
	519	131	
	387	139	b0b0b0
	287	153	d0d0d0
	323	411	b0b0b0
	592	166	
	359	302	d0d0d0
	316	287	b0b0b0
	322	171	
	558	118	808080
	489	109	d0d0d0
	418	369	808080
	441	70	d0d0d0
	473	9	808080
	252	301	d0d0d0
	576	315	
	483	19	b0b0b0
	374	211	d0d0d0
	504	437	808080
	515	317	
	570	288	b0b0b0
	376	444	
	140	416	
	164	39	
	300	464	808080
	453	354	
	571	288	
	283	115	b0b0b0
	213	201	
	362	478	
	417	450	
	173	104	d0d0d0
	567	391	b0b0b0
	289	241	d0d0d0
	325	234	808080
	489	384	d0d0d0
	596	428	b0b0b0
	474	431	
	423	167	808080
	428	171	b0b0b0
	314	431	
	155	335	
	578	384	
	496	19	
	314	169	808080
	288	111	b0b0b0
	405	196	d0d0d0
	199	374	b0b0b0
	446	258	
	321	45	
	487	230	
	504	161	808080
	276	105	b0b0b0
	183	334	d0d0d0
	415	348	808080
	431	30	
	477	211	
	219	344	b0b0b0
	202	450	808080
	304	441	b0b0b0
	290	306	808080
	586	426	
	156	224	
	590	361	
	280	381	
	194	409	b0b0b0
	150	129	808080
	540	167	
	380	451	d0d0d0
	539	282	808080
	155	34	
	235	195	d0d0d0
	437	289	
	426	280	808080
	213	414	b0b0b0
	505	62	808080
	409	362	d0d0d0
	338	8	808080
	460	63	
	565	35	d0d0d0
	215	207	808080
	532	206	
	535	23	
	160	229	
	517	110	b0b0b0
	302	20	
	605	21	
	196	175	808080
	594	78	d0d0d0
	181	70	
	572	409	808080
	439	122	d0d0d0
	292	17	
line	134	0	134	480	000050
	262		262		
	390		390		
	518		518		002850
	128	103	608	103	000050
		231		231	
		359		359	002850
	263	318	263	323	00ff00
	462	219	460	216	
draw	466	100	498	132	/sprites/1003.SMIV/0
	448	192	455	199	/sprites/501.SMIV/11
static	245	306	250	316	00000000	101	/sprites/502.SMIV/23
	492	200	502	212	f0f078	107	/sprites/506.SMIV/21
draw	362	234	373	245	/sprites/509.SMIV/8
	309	394	321	405	/sprites/509.SMIV/21
static	480	243	485	253	00000000	254	/sprites/502.SMIV/23
draw	467	192	475	199	/sprites/501.SMIV/8
	355	235	362	242	/sprites/501.SMIV/13
	257	353	265	359	/sprites/501.SMIV/23
	475	232	479	236	/sprites/512.SMIV/10
	491	211	493	213	/sprites/554.SMIV/2
	264	314	266	316	/sprites/503.SMIV/0
	498	209	500	211	/sprites/554.SMIV/2
dither	471	206	526	223	303000
tint	475	210	483	222	000000	/font/5000/43
	482		490			/font/5000/72
	489		497			/font/5000/75
	496		504			/font/5000/69
	503		511			/font/5000/73
	510		518			/font/5000/65
	517		525			/font/5000/72
	474	209	482	221	ffff00	/font/5000/43
	481		489			/font/5000/72
	488		496			/font/5000/75
	495		503			/font/5000/69
	502		510			/font/5000/73
	509		517			/font/5000/65
	516		524			/font/5000/72
line	537	345	530	331	489048
			522	345	
	530	331			204020
draw	0	0	128	480	/pictures/501.png
	608		640		/pictures/512.png
line	614	426	614	359	00488f
		359	622		
	622			426	002850
		426	614		
rect	615	360	622	426	003870
line	614	456	614	427	007fff
		427	622		
	622			456	00488f
		456	614		
rect	615	428	622	456	0070e0
line	614	305	614	231	909048
		231	622		
	622			305	505028
		305	614		
rect	615	232	622	305	707038
line	614	328	614	306	ffff7f
		306	622		
	622			328	909048
		328	614		
rect	615	307	622	328	e0e070
line	614	131	614	103	904848
		103	622		
	622			131	502828
		131	614		
rect	615	104	622	131	703838
line	614	200	614	132	ff7f7f
		132	622		
	622			200	904848
		200	614		
rect	615	133	622	200	e07070
line	618	8	629	8	90488f
			618	9	
	629		629		
	618	36		36	
			618	35	
	629		629		
rect	620	10	628	35	703870
		35			c060c0
	634	49	636	52	7fff7f
		53		56	60c060
		57		60	
		61		64	
		65		68	703800
		69		72	183018
		73		76	
		77		80	
		81		84	
		85		88	
		89		92	
		93		96	
		97		100	
		101		104	
		105		108	
		109		112	
		113		116	
		117		120	
		121		124	
		125		128	
		129		132	
		133		136	
		137		140	
		141		144	
		145		148	
		149		152	
		153		156	
		157		160	
		161		164	
		165		168	
		169		172	
		173		176	
		177		180	
		181		184	
		185		188	
		189		192	
		193		196	
		197		200	
		201		204	
		205		208	
		209		212	
		213		216	
		217		220	
		221		224	
		225		228	
		229		232	
		233		236	
		237		240	
		241		244	
		245		248	
		249		252	
		253		256	
		257		260	
		261		264	
		265		268	
		269		272	
		273		276	
		277		280	
		281		284	
		285		288	
		289		292	
		293		296	
		297		300	
		301		304	
		305		308	
		309		312	
		313		316	
		317		320	
		321		324	
		325		328	
		329		332	
		333		336	
		337		340	
		341		344	
		345		348	
		349		352	
		353		356	
		357		360	
		361		364	
		365		368	
		369		372	
		373		376	
		377		380	
		381		384	
		385		388	
		389		392	
		393		396	
		397		400	
		401		404	
		405		408	
		409		412	
		413		416	
		417		420	
		421		424	
		425		428	
		429		432	
		433		436	
		437		440	
		441		444	
		445		448	
	621	52	631	56	303000
		57		61	
		62		66	
		67		71	
		72		76	
		77		81	
		82		86	
	7	7	115	115	00ff00
	8	8	114	114	001000
	42	42	80	80	003000
point	67	58	00e000
	70	52	
	53	67	
	52	66	
	53	67	
	54	101	
	68	60	
	57	73	
	70	61	
	54	98	
	61	61	
	53	70	
	69	58	
	71	59	
	69	61	
	70	59	
	71		
rect	12	320	121	440	001000
tint	15	320	23	333	00ff00	/font/5001/42
	21		29			/font/5001/55
	27		35			/font/5001/49
	33		41			/font/5001/4c
	39		47			/font/5001/44
	45		53			/font/5001/20
	51		59			/font/5001/53
	57		65			/font/5001/48
	63		71			/font/5001/49
	69		77			/font/5001/50
	75		83			/font/5001/53
line	12	342	119	342	009000
tint	15	332	23	345	00ff00	/font/5001/50
	21		29			/font/5001/72
	27		35			/font/5001/6f
	33		41			/font/5001/74
	39		47			/font/5001/65
	45		53			/font/5001/75
	51		59			/font/5001/73
	57		65			/font/5001/20
	63		71			/font/5001/41
	69		77			/font/5001/6c
	75		83			/font/5001/70
	81		89			/font/5001/68
	87		95			/font/5001/61
	15	344	23	357		/font/5001/46
	21		29			/font/5001/69
	27		35			/font/5001/67
	33		41			/font/5001/68
	39		47			/font/5001/74
	45		53			/font/5001/65
	51		59			/font/5001/72
line	12	367	12	356	009000
		356	120		
	120			367	005000
		367	12		
rect	13	357	120	367	007000
tint	15	356	23	369	003000	/font/5001/43
	21		29			/font/5001/72
	27		35			/font/5001/75
	33		41			/font/5001/69
	39		47			/font/5001/73
	45		53			/font/5001/65
	51		59			/font/5001/72
	15	368	23	381	009000	/font/5001/47
	21		29			/font/5001/75
	27		35			/font/5001/6e
	33		41			/font/5001/73
	39		47			/font/5001/68
	45		53			/font/5001/69
	51		59			/font/5001/70
	15	380	23	393	00ff00	/font/5001/54
	21		29			/font/5001/72
	27		35			/font/5001/61
	33		41			/font/5001/6e
	39		47			/font/5001/73
	45		53			/font/5001/70
	51		59			/font/5001/6f
	57		65			/font/5001/72
	63		71			/font/5001/74
	15	392	23	405	009000	/font/5001/44
	21		29			/font/5001/65
	27		35			/font/5001/66
	33		41			/font/5001/65
	39		47			/font/5001/6e
	45		53			/font/5001/73
	51		59			/font/5001/65
	57		65			/font/5001/20
	63		71			/font/5001/44
	69		77			/font/5001/72
	75		83			/font/5001/6f
	81		89			/font/5001/6e
	87		95			/font/5001/65
line	12	438	119	438	009000
rect	16	450	114	475	001010
line	17	461	17	450	00c0c0
		450	43		
	43			461	007070
		461	17		
rect	18	451	43	461	009090
tint	19	450	27	463	00ffff	/font/5001/52
	25		33			/font/5001/47
	31		39			/font/5001/48
	37		45			/font/5001/54
	43		51			/font/5001/20
	49		57			/font/5001/42
	55		63			/font/5001/75
	61		69			/font/5001/69
	67		75			/font/5001/6c
	73		81			/font/5001/64
line	17	473	17	462	00c0c0
		462	43		
	43			473	007070
		473	17		
rect	18	463	43	473	009090
tint	19	462	27	475	00ffff	/font/5001/4c
	25		33			/font/5001/45
	31		39			/font/5001/46
	37		45			/font/5001/54
	43		51			/font/5001/20
	49		57			/font/5001/4d
	55		63			/font/5001/61
	61		69			/font/5001/69
	67		75			/font/5001/6e
	73		81			/font/5001/20
	79		87			/font/5001/4d
	85		93			/font/5001/65
	91		99			/font/5001/6e
	97		105			/font/5001/75
rect	12	180	120	192	000000
line	12	191	12	180	ffff00
		180	119		
	119			191	909000
		191	12		
rect	13	181	119	191	c0c000
tint	15	180	23	193	000000	/font/5001/43
	21		29			/font/5001/4f
	27		35			/font/5001/4e
	33		41			/font/5001/54
	39		47			/font/5001/52
	45		53			/font/5001/4f
	51		59			/font/5001/4c
rect	12	192	120	204	000000
tint	15	192	23	205	7fff7f	/font/5001/43
	21		29			/font/5001/52
	27		35			/font/5001/55
	33		41			/font/5001/49
	39		47			/font/5001/53
	45		53			/font/5001/45
	51		59			/font/5001/52
rect	14	204	36	226	000000
draw	16	208	34	222	/sprites/501.SMIV/0
line	14	204	35	204	489048
			14	205	
	35		35		
	14	225		225	
			14	224	
	35		35		
rect	40	204	51	226	000000
	42	206	49	209	003870
		209		224	0060c0
line	40	204	50	204	00488f
			40	205	
	50		50		
	40	225		225	
			40	224	
	50		50		
rect	53	204	64	226	000000
	55	206	62	207	707000
		207		224	c0c000
line	53	204	63	204	909000
			53	205	
	63		63		
	53	225		225	
			53	224	
	63		63		
rect	69	204	120	216	000000
tint	69	204	77	217	7fff7f	/font/5001/50
	75		83			/font/5001/4b
	81		89			/font/5001/42
	87		95			/font/5001/45
	93		101			/font/5001/41
	99		107			/font/5001/4d
	105		113			/font/5001/20
	111		119			/font/5001/31
rect	69	216	120	228	000000
tint	69	216	77	229	7fff7f	/font/5001/46
	75		83			/font/5001/20
	81		89			/font/5001/50
	87		95			/font/5001/55
	93		101			/font/5001/4c
	99		107			/font/5001/53
	105		113			/font/5001/45
rect	69	192	120	204	000000
	12	228		240	
tint	12	228	20	241	00ff00	/font/5001/47
	18		26			/font/5001/75
	24		32			/font/5001/6e
	30		38			/font/5001/73
	36		44			/font/5001/68
	42		50			/font/5001/69
	48		56			/font/5001/70
rect	12	252	120	264	000000
line	12	263	12	252	007fff
		252	119		
	119			263	00488f
		263	12		
rect	13	253	119	263	0060c0
tint	15	252	23	265	000000	/font/5001/54
	21		29			/font/5001/41
	27		35			/font/5001/52
	33		41			/font/5001/47
	39		47			/font/5001/45
	45		53			/font/5001/54
rect	12	264	120	276	000000
tint	15	264	23	277	7fff7f	/font/5001/47
	21		29			/font/5001/55
	27		35			/font/5001/4e
	33		41			/font/5001/53
	39		47			/font/5001/48
	45		53			/font/5001/49
	51		59			/font/5001/50
rect	14	276	36	298	000000
draw	16	280	34	294	/sprites/509.SMIV/0
line	14	276	35	276	489048
			14	277	
	35		35		
	14	297		297	
			14	296	
	35		35		
rect	40	276	51	298	000000
	42	278	49	291	003870
		291		296	0060c0
line	40	276	50	276	00488f
			40	277	
	50		50		
	40	297		297	
			40	296	
	50		50		
rect	53	276	64	298	000000
	55	278	62	292	707000
		292		296	c0c000
line	53	276	63	276	909000
			53	277	
	63		63		
	53	297		297	
			53	296	
	63		63		
rect	69	276	120	288	000000
tint	69	276	77	289	7fff7f	/font/5001/50
	75		83			/font/5001/4b
	81		89			/font/5001/42
	87		95			/font/5001/45
	93		101			/font/5001/41
	99		107			/font/5001/4d
	105		113			/font/5001/20
	111		119			/font/5001/31
rect	69	288	120	300	000000
tint	69	288	77	301	7fff7f	/font/5001/4c
	75		83			/font/5001/42
	81		89			/font/5001/45
	87		95			/font/5001/41
	93		101			/font/5001/4d
	99		107			/font/5001/20
	105		113			/font/5001/31
rect	69	264	120	276	000000
	12	300		312	
