point	312	373	d0d0d0
	328	392	808080
	523	455	
	256	281	b0b0b0
	233	2	808080
	208	295	
	157	279	
	481	358	
	189	381	
	429	333	
	435	114	b0b0b0
	392	76	d0d0d0
	271	376	
	393	85	
	135	473	808080
	397	433	
	178	188	d0d0d0
	424	238	808080
	154	261	
	442	358	b0b0b0
	225	78	808080
	303	360	d0d0d0
	550	382	808080
	552	355	d0d0d0
	247	310	b0b0b0
	311	167	
	338	260	808080
	493	192	d0d0d0
	332	218	
	357	205	b0b0b0
	237	467	
	233	258	
	467	217	d0d0d0
	436	106	
	324	119	b0b0b0
	494	476	
	587	392	
	528	147	
	277	277	d0d0d0
	253	268	b0b0b0
	259	152	
	517	106	808080
	407	84	d0d0d0
	376	357	808080
	358	45	d0d0d0
	277	474	
	146	437	808080
	247	290	d0d0d0
	310	476	
	292	186	
	498	394	b0b0b0
	473	305	808080
	507	269	b0b0b0
	314	443	808080
	573	184	
		75	d0d0d0
	460	450	808080
	411	342	
	529	276	
	219	95	b0b0b0
	144	235	808080
	149	143	
	374	430	b0b0b0
	576	121	
	606	371	
	185	86	
	283	222	808080
	560	388	b0b0b0
	605	385	d0d0d0
	572	434	808080
	382	155	
	364	152	b0b0b0
	457	410	
	315	402	
	168	216	
	304	0	808080
	272	157	
	225	92	b0b0b0
	323	171	d0d0d0
	134	188	b0b0b0
	382	239	
	257	26	
	424	210	
	462	149	808080
	213	86	b0b0b0
	478	356	d0d0d0
	373	336	808080
	389	18	
	435	199	
	146	402	
	273	415	b0b0b0
	335	402	d0d0d0
	248	294	808080
	247	413	
	200	463	
	548	349	
	238	369	
	130	253	b0b0b0
	369	457	808080
	498	155	
	527	438	b0b0b0
	497	270	808080
	601	381	
	186	55	d0d0d0
	354	264	
	385	268	808080
	254	422	
	463	50	
	201	191	b0b0b0
	341	472	
	418	51	808080
	399	7	b0b0b0
	194	359	
	490	194	808080
	493	11	
	593	273	b0b0b0
	453	91	
	156		808080
	161	354	
	155	285	
	512	53	d0d0d0
	591	192	808080
	310	354	b0b0b0
	356	97	d0d0d0
	168	197	808080
line	185	0	185	480	005000
	353		353		
	521		521		
	128	136	608	136	
		304		304	
		472		472	
rect	231	121	247	137	009000
	366	218	382	234	00488f
	320	344	336	360	900000
	335	250	353	268	00488f
triangle	375	217	383	225	00c000
	324	349	330	355	c00000
plus	323	347	333	357	c00000
triangle	362	234	372	244	005000
	326	346	332	352	c00000
	363	220	373	230	00c000
plus	282	259	292	269	00c000
triangle	367	221	375	229	00c000
	325	349	331	355	c00000
	363	220	371	228	00c000
		219		227	
dither	287	274	398	291	303000
crop	291	278	298	289	32	55	000000	/fonts/tactical
	298		305		16	77		
	305		312		8	66		
	312		319		112			
	319		326		24	77		
	326		333		0			
	333		340		120	66		
	340		347		16	77		
	347		354		32			
	354		361		0	22		
	361		368		96	33		
	368		375		0	22		
	375		382		32	33		
	382		389		0	22		
	389		396		112	33		
	290	277	297	288	32	55	ffff00	
	297		304		16	77		
	304		311		8	66		
	311		318		112			
	318		325		24	77		
	325		332		0			
	332		339		120	66		
	339		346		16	77		
	346		353		32			
	353		360		0	22		
	360		367		96	33		
	367		374		0	22		
	374		381		32	33		
	381		388		0	22		
	388		395		112	33		
dither	200	50	346	67	300018
crop	204	54	211	65	56	55	000000	/fonts/tactical
	211		218		8	44		
	218		225		16	55		
	225		232		112	44		
	232		239		72			
	239		246		112			
	246		253		56			
	253		260		80	33		
	260		267		0	22		
	267		274		24	55		
	274		281		64	66		
	281		288		72			
	288		295		40			
	295		302		96			
	302		309		32			
	309		316		24	77		
	316		323		0	22		
	323		330		96	44		
	330		337		120	66		
	337		344		56	77		
	203	53	210	64		55	ff007f	
	210		217		8	44		
	217		224		16	55		
	224		231		112	44		
	231		238		72			
	238		245		112			
	245		252		56			
	252		259		80	33		
	259		266		0	22		
	266		273		24	55		
	273		280		64	66		
	280		287		72			
	287		294		40			
	294		301		96			
	301		308		32			
	308		315		24	77		
	315		322		0	22		
	322		329		96	44		
	329		336		120	66		
	336		343		56	77		
line	320	46	316	61	489048
			331	57	
	316	61			204020
draw	0	0	128	480	/pictures/501.png
	608		640		/pictures/512.png
line	614	440	614	359	00488f
		359	622		
	622			440	002850
		440	614		
rect	615	360	622	440	003870
line	614	456	614	441	007fff
		441	622		
	622			456	00488f
		456	614		
rect	615	442	622	456	0070e0
line	614	287	614	231	909048
		231	622		
	622			287	505028
		287	614		
rect	615	232	622	287	707038
line	614	328	614	288	ffff7f
		288	622		
	622			328	909048
		328	614		
rect	615	289	622	328	e0e070
line	614	142	614	103	904848
		103	622		
	622			142	502828
		142	614		
rect	615	104	622	142	703838
line	614	200	614	143	ff7f7f
		143	622		
	622			200	904848
		200	614		
rect	615	144	622	200	e07070
line	618	8	629	8	90488f
			618	9	
	629		629		
	618	36		36	
			618	35	
	629		629		
rect	620	10	628	35	703870
		19			c060c0
	634	49	636	52	7fff7f
		53		56	703800
		57		60	
		61		64	
		65		68	
		69		72	183018
		73		76	
		77		80	
		81		84	
		85		88	
		89		92	
		93		96	
		97		100	
		101		104	
		105		108	
		109		112	
		113		116	
		117		120	
		121		124	
		125		128	
		129		132	
		133		136	
		137		140	
		141		144	
		145		148	
		149		152	
		153		156	
		157		160	
		161		164	
		165		168	
		169		172	
		173		176	
		177		180	
		181		184	
		185		188	
		189		192	
		193		196	
		197		200	
		201		204	
		205		208	
		209		212	
		213		216	
		217		220	
		221		224	
		225		228	
		229		232	
		233		236	
		237		240	
		241		244	
		245		248	
		249		252	
		253		256	
		257		260	
		261		264	
		265		268	
		269		272	
		273		276	
		277		280	
		281		284	
		285		288	
		289		292	
		293		296	
		297		300	
		301		304	
		305		308	
		309		312	
		313		316	
		317		320	
		321		324	
		325		328	
		329		332	
		333		336	
		337		340	
		341		344	
		345		348	
		349		352	
		353		356	
		357		360	
		361		364	
		365		368	
		369		372	
		373		376	
		377		380	
		381		384	
		385		388	
		389		392	
		393		396	
		397		400	
		401		404	
		405		408	
		409		412	
		413		416	
		417		420	
		421		424	
		425		428	
		429		432	
		433		436	
		437		440	
		441		444	
		445		448	
	621	52	631	56	303000
		57		61	
		62		66	
		67		71	
		72		76	
		77		81	
		82		86	
	7	7	115	115	00ff00
	8	8	114	114	001000
					003000
point	84	8	00e000
rect	12	320	121	440	001000
crop	15	320	21	332	16	48	00ff00	/fonts/computer
	21		27		40	60		
	27		33		72	48		
	33		39		96			
	39		45		32			
	45		51		0	24		
	51		57		24	60		
	57		63		64	48		
	63		69		72			
	69		75		0	60		
	75		81		24			
line	12	342	119	342	009000
crop	15	332	21	344	0	60	00ff00	/fonts/computer
	21		27		16	84		
	27		33		120	72		
	33		39		32	84		
	39		45		40	72		
	45		51			84		
	51		57		24			
	57		63		0	24		
	63		69		8	48		
	69		75		96	72		
	75		81		0	84		
	81		87		64	72		
	87		93		8			
	15	344	21	356	48	48	009000	
	21		27		72	72		
	27		33		56			
	33		39		64			
	39		45		32	84		
	45		51		40	72		
	51		57		16	84		
line	12	367	12	356	009000
		356	120		
	120			367	005000
		367	12		
rect	13	357	120	367	007000
crop	15	356	21	368	24	48	003000	/fonts/computer
	21		27		16	84		
	27		33		40			
	33		39		72	72		
	39		45		24	84		
	45		51		40	72		
	51		57		16	84		
	15	368	21	380	56	48	009000	
	21		27		40	84		
	27		33		112	72		
	33		39		24	84		
	39		45		64	72		
	45		51		72			
	51		57		0	84		
	15	380	21	392	32	60		
	21		27		16	84		
	27		33		8	72		
	33		39		112			
	39		45		24	84		
	45		51		0			
	51		57		120	72		
	57		63		16	84		
	63		69		32			
	15	392	21	404		48		
	21		27		40	72		
	27		33		48			
	33		39		40			
	39		45		112			
	45		51		24	84		
	51		57		40	72		
	57		63		0	24		
	63		69		32	48		
	69		75		16	84		
	75		81		120	72		
	81		87		112			
	87		93		40			
line	12	438	119	438	009000
rect	16	450	114	475	001010
line	17	461	17	450	00c0c0
		450	43		
	43			461	007070
		461	17		
rect	18	451	43	461	009090
crop	19	450	25	462	16	60	00ffff	/fonts/computer
	25		31		56	48		
	31		37		64			
	37		43		32	60		
	43		49		0	24		
	49		55		16	48		
	55		61		40	84		
	61		67		72	72		
	67		73		96			
	73		79		32			
line	17	473	17	462	00c0c0
		462	43		
	43			473	007070
		473	17		
rect	18	463	43	473	009090
crop	19	462	25	474	96	48	00ffff	/fonts/computer
	25		31		40			
	31		37		48			
	37		43		32	60		
	43		49		0	24		
	49		55		104	48		
	55		61		8	72		
	61		67		72			
	67		73		112			
	73		79		0	24		
	79		85		104	48		
	85		91		40	72		
	91		97		112			
	97		103		40	84		
line	12	191	12	180	ffff00
		180	120		
	120			191	909000
		191	12		
rect	13	181	120	191	c0c000
crop	15	180	21	192	24	48	000000	/fonts/computer
	21		27		120			
	27		33		112			
	33		39		32	60		
	39		45		16			
	45		51		120	48		
	51		57		96			
	15	192	21	204	32	60	7fff7f	
	21		27		16			
	27		33		8	48		
	33		39		112			
	39		45		24	60		
	45		51		0			
	51		57		16			
	57		63		32			
draw	20	206	31	224	/sprites/515.SMIV/0
line	14	204	35	204	489048
			14	205	
	35		35		
	14	225		225	
			14	224	
	35		35		
rect	42	206	49	206	003870
				224	0060c0
line	40	204	50	204	00488f
			40	205	
	50		50		
	40	225		225	
			40	224	
	50		50		
rect	55	206	62	206	707000
				224	c0c000
line	53	204	63	204	909000
			53	205	
	63		63		
	53	225		225	
			53	224	
	63		63		
crop	12	228	18	240	0	60	ff0000	/fonts/computer
	18		24		16	84		
	24		30		120	72		
	30		36		32	84		
	36		42		40	72		
	42		48			84		
	48		54		24			
	54		60		0	24		
	60		66		56	48		
	66		72		8	72		
	72		78		104			
	78		84					
	84		90		8			
line	12	263	12	252	007fff
		252	120		
	120			263	00488f
		263	12		
rect	13	253	120	263	0060c0
crop	15	252	21	264	32	60	000000	/fonts/computer
	21		27		8	48		
	27		33		16	60		
	33		39		56	48		
	39		45		40			
	45		51		32	60		
	15	264	21	276	56	48	7fff7f	
	21		27		40	60		
	27		33		112	48		
	33		39		24	60		
	39		45		64	48		
	45		51		72			
	51		57		0	60		
draw	16	280	34	294	/sprites/509.SMIV/0
line	14	276	35	276	489048
			14	277	
	35		35		
	14	297		297	
			14	296	
	35		35		
rect	42	278	49	293	003870
		293		296	0060c0
line	40	276	50	276	00488f
			40	277	
	50		50		
	40	297		297	
			40	296	
	50		50		
rect	55	278	62	289	707000
		289		296	c0c000
line	53	276	63	276	909000
			53	277	
	63		63		
	53	297		297	
			53	296	
	63		63		
crop	69	276	75	288	0	60	7fff7f	/fonts/computer
	75		81		88	48		
	81		87		16			
	87		93		40			
	93		99		8			
	99		105		104			
	105		111		0	24		
	111		117		8	36		
	69	288	75	300	96	48		
	75		81		16			
	81		87		40			
	87		93		8			
	93		99		104			
	99		105		0	24		
	105		111		8	36		
