point	314	358	d0d0d0
	329	385	808080
	524	449	
	258	271	b0b0b0
	411	474	808080
	208	289	
	157	273	
	482	351	
	190	375	
	430	326	
	436	104	b0b0b0
	393	61	d0d0d0
	272	362	
	395	70	
	136	467	808080
	398	426	
	179	173	d0d0d0
	425	232	808080
	155	254	
	443	348	b0b0b0
	226	71	808080
	304	346	d0d0d0
	551	376	808080
	553	340	d0d0d0
	248	300	b0b0b0
	312	158	
	339	253	808080
	495	177	d0d0d0
	333	203	
	358	195	b0b0b0
	239	457	
	234	248	
	469	202	d0d0d0
	438	91	
	325	110	b0b0b0
	495	466	
	588	382	
	529	137	
	278	262	d0d0d0
	254	258	b0b0b0
	260	142	
	518	99	808080
	408	69	d0d0d0
	377	350	808080
	360	30	d0d0d0
	278	459	
	147	431	808080
	249	275	d0d0d0
	311	462	
	293	171	
	499	384	b0b0b0
	474	298	808080
	508	259	b0b0b0
	315	437	808080
	574	178	
		61	d0d0d0
	461	443	808080
	412	336	
	530	269	
	220	85	b0b0b0
	145	229	808080
	150	137	
	375	420	b0b0b0
	578	111	
	607	361	
	186	76	
	284	215	808080
	561	378	b0b0b0
	128	260	
	573	427	808080
	382	148	
	366	142	b0b0b0
	458	400	
	316	393	
	170	206	
	300	468	
	273	150	808080
	226	82	b0b0b0
	324	156	d0d0d0
	135	179	b0b0b0
	383	229	
	258	16	
	425	200	
	463	142	808080
	214	76	b0b0b0
	480	341	d0d0d0
	374	329	808080
	390	12	
	436	192	
	146	396	
	274	406	b0b0b0
	336	388	d0d0d0
	249	287	808080
	248	407	
	201	456	
	549	342	
	239	363	
	131	243	b0b0b0
	369	450	808080
	499	149	
	528	429	b0b0b0
	498	263	808080
	602	374	
	187	40	d0d0d0
	356	249	
	386	261	808080
	255	416	
	464	44	
	202	181	b0b0b0
	342	462	
	419	44	808080
	357	476	
	195	349	b0b0b0
	491	188	808080
	494	5	
	594	264	b0b0b0
	455	81	
	156	85	808080
	162	347	
	156	278	
	513	39	d0d0d0
	592	185	808080
	312	344	b0b0b0
	358	82	d0d0d0
	169	190	808080
line	187	0	187	480	005000
	355		355		
	523		523		
	128	120	608	120	
		288		288	
		456		456	
rect	233	105	249	121	009000
	367	202	383	218	00488f
	322	328	338	344	900000
	336	234	354	252	00488f
triangle	363	234	371	242	00c000
	330	323	336	329	c00000
	325	191	333	199	00c000
plus	329	320	339	330	c00000
triangle	362	234	372	244	009000
	328	331	334	337	c00000
	363	229	373	239	00c000
plus	289	255	299	265	00c000
triangle	363	203	371	211	00c000
	327	333	333	339	c00000
	364	230	372	238	00c000
	363	202	371	210	
dither	294	270	405	287	303000
tint	298	274	306	286	000000	/font/5000/54
	305		313			/font/5000/72
	312		320			/font/5000/61
	319		327			/font/5000/6e
	326		334			/font/5000/73
	333		341			/font/5000/70
	340		348			/font/5000/6f
	347		355			/font/5000/72
	354		362			/font/5000/74
	361		369			/font/5000/20
	368		376			/font/5000/3c
	375		383			/font/5000/20
	382		390			/font/5000/34
	389		397			/font/5000/20
	396		404			/font/5000/3e
	297	273	305	285	ffff00	/font/5000/54
	304		312			/font/5000/72
	311		319			/font/5000/61
	318		326			/font/5000/6e
	325		333			/font/5000/73
	332		340			/font/5000/70
	339		347			/font/5000/6f
	346		354			/font/5000/72
	353		361			/font/5000/74
	360		368			/font/5000/20
	367		375			/font/5000/3c
	374		382			/font/5000/20
	381		389			/font/5000/34
	388		396			/font/5000/20
	395		403			/font/5000/3e
dither	200	50	346	67	300018
tint	204	54	212	66	000000	/font/5000/57
	211		219			/font/5000/41
	218		226			/font/5000/52
	225		233			/font/5000/4e
	232		240			/font/5000/49
	239		247			/font/5000/4e
	246		254			/font/5000/47
	253		261			/font/5000/3a
	260		268			/font/5000/20
	267		275			/font/5000/53
	274		282			/font/5000/68
	281		289			/font/5000/69
	288		296			/font/5000/65
	295		303			/font/5000/6c
	302		310			/font/5000/64
	309		317			/font/5000/73
	316		324			/font/5000/20
	323		331			/font/5000/4c
	330		338			/font/5000/6f
	337		345			/font/5000/77
	203	53	211	65	ff007f	/font/5000/57
	210		218			/font/5000/41
	217		225			/font/5000/52
	224		232			/font/5000/4e
	231		239			/font/5000/49
	238		246			/font/5000/4e
	245		253			/font/5000/47
	252		260			/font/5000/3a
	259		267			/font/5000/20
	266		274			/font/5000/53
	273		281			/font/5000/68
	280		288			/font/5000/69
	287		295			/font/5000/65
	294		302			/font/5000/6c
	301		309			/font/5000/64
	308		316			/font/5000/73
	315		323			/font/5000/20
	322		330			/font/5000/4c
	329		337			/font/5000/6f
	336		344			/font/5000/77
line	373	438	380	424	489048
			365	425	
	380	424			204020
draw	0	0	128	480	/pictures/501.png
	608		640		/pictures/512.png
line	614	438	614	359	00488f
		359	622		
	622			438	002850
		438	614		
rect	615	360	622	438	003870
line	614	456	614	439	007fff
		439	622		
	622			456	00488f
		456	614		
rect	615	440	622	456	0070e0
line	614	271	614	231	909048
		231	622		
	622			271	505028
		271	614		
rect	615	232	622	271	707038
line	614	328	614	272	ffff7f
		272	622		
	622			328	909048
		328	614		
rect	615	273	622	328	e0e070
line	614	148	614	103	904848
		103	622		
	622			148	502828
		148	614		
rect	615	104	622	148	703838
line	614	200	614	149	ff7f7f
		149	622		
	622			200	904848
		200	614		
rect	615	150	622	200	e07070
line	618	8	629	8	90488f
			618	9	
	629		629		
	618	36		36	
			618	35	
	629		629		
rect	620	10	628	35	703870
		35			c060c0
	634	49	636	52	7fff7f
		53		56	60c060
		57		60	
		61		64	703800
		65		68	
		69		72	183018
		73		76	
		77		80	
		81		84	
		85		88	
		89		92	
		93		96	
		97		100	
		101		104	
		105		108	
		109		112	
		113		116	
		117		120	
		121		124	
		125		128	
		129		132	
		133		136	
		137		140	
		141		144	
		145		148	
		149		152	
		153		156	
		157		160	
		161		164	
		165		168	
		169		172	
		173		176	
		177		180	
		181		184	
		185		188	
		189		192	
		193		196	
		197		200	
		201		204	
		205		208	
		209		212	
		213		216	
		217		220	
		221		224	
		225		228	
		229		232	
		233		236	
		237		240	
		241		244	
		245		248	
		249		252	
		253		256	
		257		260	
		261		264	
		265		268	
		269		272	
		273		276	
		277		280	
		281		284	
		285		288	
		289		292	
		293		296	
		297		300	
		301		304	
		305		308	
		309		312	
		313		316	
		317		320	
		321		324	
		325		328	
		329		332	
		333		336	
		337		340	
		341		344	
		345		348	
		349		352	
		353		356	
		357		360	
		361		364	
		365		368	
		369		372	
		373		376	
		377		380	
		381		384	
		385		388	
		389		392	
		393		396	
		397		400	
		401		404	
		405		408	
		409		412	
		413		416	
		417		420	
		421		424	
		425		428	
		429		432	
		433		436	
		437		440	
		441		444	
		445		448	
	621	52	631	56	303000
		57		61	
		62		66	
		67		71	
		72		76	
		77		81	
		82		86	
	7	7	115	115	00ff00
	8	8	114	114	001000
					003000
point	60	55	00e000
	64	38	
	62	42	
rect	12	320	121	440	001000
tint	15	320	23	333	00ff00	/font/5001/42
	21		29			/font/5001/55
	27		35			/font/5001/49
	33		41			/font/5001/4c
	39		47			/font/5001/44
	45		53			/font/5001/20
	51		59			/font/5001/53
	57		65			/font/5001/48
	63		71			/font/5001/49
	69		77			/font/5001/50
	75		83			/font/5001/53
line	12	342	119	342	009000
tint	15	332	23	345	00ff00	/font/5001/50
	21		29			/font/5001/72
	27		35			/font/5001/6f
	33		41			/font/5001/74
	39		47			/font/5001/65
	45		53			/font/5001/75
	51		59			/font/5001/73
	57		65			/font/5001/20
	63		71			/font/5001/41
	69		77			/font/5001/6c
	75		83			/font/5001/70
	81		89			/font/5001/68
	87		95			/font/5001/61
	15	344	23	357		/font/5001/46
	21		29			/font/5001/69
	27		35			/font/5001/67
	33		41			/font/5001/68
	39		47			/font/5001/74
	45		53			/font/5001/65
	51		59			/font/5001/72
line	12	367	12	356	009000
		356	120		
	120			367	005000
		367	12		
rect	13	357	120	367	007000
tint	15	356	23	369	003000	/font/5001/43
	21		29			/font/5001/72
	27		35			/font/5001/75
	33		41			/font/5001/69
	39		47			/font/5001/73
	45		53			/font/5001/65
	51		59			/font/5001/72
	15	368	23	381	009000	/font/5001/47
	21		29			/font/5001/75
	27		35			/font/5001/6e
	33		41			/font/5001/73
	39		47			/font/5001/68
	45		53			/font/5001/69
	51		59			/font/5001/70
	15	380	23	393		/font/5001/54
	21		29			/font/5001/72
	27		35			/font/5001/61
	33		41			/font/5001/6e
	39		47			/font/5001/73
	45		53			/font/5001/70
	51		59			/font/5001/6f
	57		65			/font/5001/72
	63		71			/font/5001/74
	15	392	23	405		/font/5001/44
	21		29			/font/5001/65
	27		35			/font/5001/66
	33		41			/font/5001/65
	39		47			/font/5001/6e
	45		53			/font/5001/73
	51		59			/font/5001/65
	57		65			/font/5001/20
	63		71			/font/5001/44
	69		77			/font/5001/72
	75		83			/font/5001/6f
	81		89			/font/5001/6e
	87		95			/font/5001/65
line	12	438	119	438	009000
rect	16	450	114	475	001010
line	17	461	17	450	00c0c0
		450	43		
	43			461	007070
		461	17		
rect	18	451	43	461	009090
tint	19	450	27	463	00ffff	/font/5001/52
	25		33			/font/5001/47
	31		39			/font/5001/48
	37		45			/font/5001/54
	43		51			/font/5001/20
	49		57			/font/5001/42
	55		63			/font/5001/75
	61		69			/font/5001/69
	67		75			/font/5001/6c
	73		81			/font/5001/64
line	17	473	17	462	00c0c0
		462	43		
	43			473	007070
		473	17		
rect	18	463	43	473	009090
tint	19	462	27	475	00ffff	/font/5001/4c
	25		33			/font/5001/45
	31		39			/font/5001/46
	37		45			/font/5001/54
	43		51			/font/5001/20
	49		57			/font/5001/4d
	55		63			/font/5001/61
	61		69			/font/5001/69
	67		75			/font/5001/6e
	73		81			/font/5001/20
	79		87			/font/5001/4d
	85		93			/font/5001/65
	91		99			/font/5001/6e
	97		105			/font/5001/75
rect	12	180	120	192	000000
line	12	191	12	180	ffff00
		180	119		
	119			191	909000
		191	12		
rect	13	181	119	191	c0c000
tint	15	180	23	193	000000	/font/5001/43
	21		29			/font/5001/4f
	27		35			/font/5001/4e
	33		41			/font/5001/54
	39		47			/font/5001/52
	45		53			/font/5001/4f
	51		59			/font/5001/4c
rect	12	192	120	204	000000
tint	15	192	23	205	7fff7f	/font/5001/54
	21		29			/font/5001/52
	27		35			/font/5001/41
	33		41			/font/5001/4e
	39		47			/font/5001/53
	45		53			/font/5001/50
	51		59			/font/5001/52
	57		65			/font/5001/54
rect	14	204	36	226	000000
draw	20	206	31	224	/sprites/515.SMIV/0
line	14	204	35	204	489048
			14	205	
	35		35		
	14	225		225	
			14	224	
	35		35		
rect	40	204	51	226	000000
	42	206	49	206	003870
				224	0060c0
line	40	204	50	204	00488f
			40	205	
	50		50		
	40	225		225	
			40	224	
	50		50		
rect	53	204	64	226	000000
	55	206	62	206	707000
				224	c0c000
line	53	204	63	204	909000
			53	205	
	63		63		
	53	225		225	
			53	224	
	63		63		
rect	69	204	120	216	000000
		216		228	
		192		204	
	12	228		240	
tint	12	228	20	241	ff0000	/font/5001/50
	18		26			/font/5001/72
	24		32			/font/5001/6f
	30		38			/font/5001/74
	36		44			/font/5001/65
	42		50			/font/5001/75
	48		56			/font/5001/73
	54		62			/font/5001/20
	60		68			/font/5001/47
	66		74			/font/5001/61
	72		80			/font/5001/6d
	78		86			
	84		92			/font/5001/61
rect	12	252	120	264	000000
line	12	263	12	252	007fff
		252	119		
	119			263	00488f
		263	12		
rect	13	253	119	263	0060c0
tint	15	252	23	265	000000	/font/5001/54
	21		29			/font/5001/41
	27		35			/font/5001/52
	33		41			/font/5001/47
	39		47			/font/5001/45
	45		53			/font/5001/54
rect	12	264	120	276	000000
tint	15	264	23	277	7fff7f	/font/5001/47
	21		29			/font/5001/55
	27		35			/font/5001/4e
	33		41			/font/5001/53
	39		47			/font/5001/48
	45		53			/font/5001/49
	51		59			/font/5001/50
rect	14	276	36	298	000000
draw	16	280	34	294	/sprites/509.SMIV/0
line	14	276	35	276	489048
			14	277	
	35		35		
	14	297		297	
			14	296	
	35		35		
rect	40	276	51	298	000000
	42	278	49	293	003870
		293		296	0060c0
line	40	276	50	276	00488f
			40	277	
	50		50		
	40	297		297	
			40	296	
	50		50		
rect	53	276	64	298	000000
	55	278	62	286	707000
		286		296	c0c000
line	53	276	63	276	909000
			53	277	
	63		63		
	53	297		297	
			53	296	
	63		63		
rect	69	276	120	288	000000
tint	69	276	77	289	7fff7f	/font/5001/50
	75		83			/font/5001/4b
	81		89			/font/5001/42
	87		95			/font/5001/45
	93		101			/font/5001/41
	99		107			/font/5001/4d
	105		113			/font/5001/20
	111		119			/font/5001/31
rect	69	288	120	300	000000
tint	69	288	77	301	7fff7f	/font/5001/4c
	75		83			/font/5001/42
	81		89			/font/5001/45
	87		95			/font/5001/41
	93		101			/font/5001/4d
	99		107			/font/5001/20
	105		113			/font/5001/31
rect	69	264	120	276	000000
	12	300		312	
