point	154	236	b0b0b0
	307	460	
	601	170	
	363	102	
	431	365	
	557	348	
	464	27	d0d0d0
	376	47	b0b0b0
	589	121	808080
	348	319	
	452	139	
	586	417	b0b0b0
	130	370	d0d0d0
	399	465	b0b0b0
	535	213	808080
	317	161	
	187	40	
	250	248	d0d0d0
	278	163	808080
	258	374	
	342	136	b0b0b0
	481	396	808080
	233	323	
	329	270	
	309	12	b0b0b0
	256	88	
	551	273	d0d0d0
	305	410	808080
	490	222	d0d0d0
	500	355	808080
	169	298	d0d0d0
	264	409	808080
	436	26	d0d0d0
	263	46	b0b0b0
	133	280	d0d0d0
	215	258	808080
	590	294	b0b0b0
	455	79	808080
	259	347	
	549	396	
	206	357	
	360	37	
	315	96	d0d0d0
	463	133	
	397	162	808080
	402	335	b0b0b0
	546	176	808080
	254	66	d0d0d0
	187	117	
	204	119	
	564	105	b0b0b0
	499	87	d0d0d0
	482	414	b0b0b0
	287	112	
	493	319	808080
	386	345	b0b0b0
	506	252	
	534	385	d0d0d0
	143	181	b0b0b0
	338	316	d0d0d0
		13	
	514	31	b0b0b0
	129	434	d0d0d0
	257	373	
	230	241	808080
	298	356	d0d0d0
	210	182	808080
	332	352	d0d0d0
	277	75	
	492	216	808080
	223	104	
	202	132	d0d0d0
	564	242	b0b0b0
	222	152	808080
	313	333	b0b0b0
	517	163	d0d0d0
	526	427	
	535	278	808080
	510	142	b0b0b0
	285	461	
	182	181	808080
	560	408	
	334	401	
	315	5	b0b0b0
	544	275	808080
	171	204	
	166	64	b0b0b0
	369	406	808080
	365	397	
	545	142	
	270	92	d0d0d0
	491	24	808080
	352	51	b0b0b0
	167	87	808080
	600	202	
	574	26	
	187	68	d0d0d0
	589	389	
	289	224	808080
	353	109	d0d0d0
	327	437	
	195	50	b0b0b0
	531	433	808080
	353	420	
	530	416	b0b0b0
	268	320	808080
	196	444	b0b0b0
	139	63	808080
	262	225	
	572	345	d0d0d0
	148	19	808080
	348	72	b0b0b0
	441	187	808080
	505	106	b0b0b0
	136	340	
	275	304	
	469	361	
	467	88	808080
	561	93	
	601	319	b0b0b0
	484	302	808080
	521	184	d0d0d0
	406	278	808080
	433	370	b0b0b0
	570	416	808080
line	243	0	243	480	000050
	128	355	608	355	
draw	352	222	387	252	/sprites/509.SMIV/14
	638	328	673	360	/sprites/509.SMIV/15
	472	97	492	115	/sprites/501.SMIV/18
	614	89	618	94	/sprites/513.SMIV/3
dither	200	50	346	67	300018
crop	204	54	211	65	56	55	000000	/fonts/tactical
	211		218		8	44		
	218		225		16	55		
	225		232		112	44		
	232		239		72			
	239		246		112			
	246		253		56			
	253		260		80	33		
	260		267		0	22		
	267		274		24	55		
	274		281		64	66		
	281		288		72			
	288		295		40			
	295		302		96			
	302		309		32			
	309		316		24	77		
	316		323		0	22		
	323		330		96	44		
	330		337		120	66		
	337		344		56	77		
	203	53	210	64		55	ff007f	
	210		217		8	44		
	217		224		16	55		
	224		231		112	44		
	231		238		72			
	238		245		112			
	245		252		56			
	252		259		80	33		
	259		266		0	22		
	266		273		24	55		
	273		280		64	66		
	280		287		72			
	287		294		40			
	294		301		96			
	301		308		32			
	308		315		24	77		
	315		322		0	22		
	322		329		96	44		
	329		336		120	66		
	336		343		56	77		
line	286	421	298	412	489048
			285	406	
	298	412			204020
draw	0	0	128	480	/pictures/501.png
	608		640		/pictures/512.png
line	614	436	614	359	00488f
		359	622		
	622			436	002850
		436	614		
rect	615	360	622	436	003870
line	614	456	614	437	007fff
		437	622		
	622			456	00488f
		456	614		
rect	615	438	622	456	0070e0
line	614	274	614	231	909048
		231	622		
	622			274	505028
		274	614		
rect	615	232	622	274	707038
line	614	328	614	275	ffff7f
		275	622		
	622			328	909048
		328	614		
rect	615	276	622	328	e0e070
line	614	150	614	103	904848
		103	622		
	622			150	502828
		150	614		
rect	615	104	622	150	703838
line	614	200	614	151	ff7f7f
		151	622		
	622			200	904848
		200	614		
rect	615	152	622	200	e07070
line	618	8	629	8	90488f
			618	9	
	629		629		
	618	36		36	
			618	35	
	629		629		
rect	620	10	628	35	703870
		35			c060c0
	634	49	636	52	007fff
		53		56	0060c0
		57		60	
		61		64	
		65		68	
		69		72	183018
		73		76	
		77		80	
		81		84	
		85		88	
		89		92	
		93		96	
		97		100	
		101		104	
		105		108	
		109		112	
		113		116	
		117		120	
		121		124	
		125		128	
		129		132	
		133		136	
		137		140	
		141		144	
		145		148	
		149		152	
		153		156	
		157		160	
		161		164	
		165		168	
		169		172	
		173		176	
		177		180	
		181		184	
		185		188	
		189		192	
		193		196	
		197		200	
		201		204	
		205		208	
		209		212	
		213		216	
		217		220	
		221		224	
		225		228	
		229		232	
		233		236	
		237		240	
		241		244	
		245		248	
		249		252	
		253		256	
		257		260	
		261		264	
		265		268	
		269		272	
		273		276	
		277		280	
		281		284	
		285		288	
		289		292	
		293		296	
		297		300	
		301		304	
		305		308	
		309		312	
		313		316	
		317		320	
		321		324	
		325		328	
		329		332	
		333		336	
		337		340	
		341		344	
		345		348	
		349		352	
		353		356	
		357		360	
		361		364	
		365		368	
		369		372	
		373		376	
		377		380	
		381		384	
		385		388	
		389		392	
		393		396	
		397		400	
		401		404	
		405		408	
		409		412	
		413		416	
		417		420	
		421		424	
		425		428	
		429		432	
		433		436	
		437		440	
		441		444	
		445		448	
	621	52	631	56	303000
		57		61	
		62		66	
		67		71	
		72		76	
		77		81	
		82		86	
	7	7	115	115	00ff00
	8	8	114	114	001000
	55	55	67	67	003000
point	72	65	00e000
	62	68	
	87	62	
	68	63	
	64	58	
	67		
rect	12	320	121	440	001000
crop	15	320	21	332	16	48	00ff00	/fonts/computer
	21		27		40	60		
	27		33		72	48		
	33		39		96			
	39		45		32			
	45		51		0	24		
	51		57		24	60		
	57		63		64	48		
	63		69		72			
	69		75		0	60		
	75		81		24			
line	12	342	119	342	009000
crop	15	332	21	344	0	60	00ff00	/fonts/computer
	21		27		16	84		
	27		33		120	72		
	33		39		32	84		
	39		45		40	72		
	45		51			84		
	51		57		24			
	57		63		0	24		
	63		69		8	48		
	69		75		96	72		
	75		81		0	84		
	81		87		64	72		
	87		93		8			
	15	344	21	356	48	48		
	21		27		72	72		
	27		33		56			
	33		39		64			
	39		45		32	84		
	45		51		40	72		
	51		57		16	84		
line	12	367	12	356	009000
		356	120		
	120			367	005000
		367	12		
rect	13	357	120	367	007000
crop	15	356	21	368	24	48	00ff00	/fonts/computer
	21		27		16	84		
	27		33		40			
	33		39		72	72		
	39		45		24	84		
	45		51		40	72		
	51		57		16	84		
	15	368	21	380	56	48	009000	
	21		27		40	84		
	27		33		112	72		
	33		39		24	84		
	39		45		64	72		
	45		51		72			
	51		57		0	84		
	15	380	21	392	32	60	00ff00	
	21		27		16	84		
	27		33		8	72		
	33		39		112			
	39		45		24	84		
	45		51		0			
	51		57		120	72		
	57		63		16	84		
	63		69		32			
	15	392	21	404		48		
	21		27		40	72		
	27		33		48			
	33		39		40			
	39		45		112			
	45		51		24	84		
	51		57		40	72		
	57		63		0	24		
	63		69		32	48		
	69		75		16	84		
	75		81		120	72		
	81		87		112			
	87		93		40			
line	12	438	119	438	009000
rect	16	450	114	475	001010
line	17	461	17	450	00c0c0
		450	43		
	43			461	007070
		461	17		
rect	18	451	43	461	009090
crop	19	450	25	462	16	60	00ffff	/fonts/computer
	25		31		56	48		
	31		37		64			
	37		43		32	60		
	43		49		0	24		
	49		55		16	48		
	55		61		40	84		
	61		67		72	72		
	67		73		96			
	73		79		32			
line	17	473	17	462	00c0c0
		462	43		
	43			473	007070
		473	17		
rect	18	463	43	473	009090
crop	19	462	25	474	96	48	00ffff	/fonts/computer
	25		31		40			
	31		37		48			
	37		43		32	60		
	43		49		0	24		
	49		55		104	48		
	55		61		8	72		
	61		67		72			
	67		73		112			
	73		79		0	24		
	79		85		104	48		
	85		91		40	72		
	91		97		112			
	97		103		40	84		
line	12	191	12	180	ffff00
		180	120		
	120			191	909000
		191	12		
rect	13	181	120	191	c0c000
crop	15	180	21	192	24	48	000000	/fonts/computer
	21		27		120			
	27		33		112			
	33		39		32	60		
	39		45		16			
	45		51		120	48		
	51		57		96			
	15	192	21	204	32	60	7fff7f	
	21		27		16			
	27		33		8	48		
	33		39		112			
	39		45		24	60		
	45		51		0			
	51		57		16			
	57		63		32			
draw	20	206	31	224	/sprites/515.SMIV/0
line	14	204	35	204	489048
			14	205	
	35		35		
	14	225		225	
			14	224	
	35		35		
rect	42	206	49	206	003870
				224	0060c0
line	40	204	50	204	00488f
			40	205	
	50		50		
	40	225		225	
			40	224	
	50		50		
rect	55	206	62	206	707000
				224	c0c000
line	53	204	63	204	909000
			53	205	
	63		63		
	53	225		225	
			53	224	
	63		63		
crop	12	228	18	240	0	60	ff0000	/fonts/computer
	18		24		16	84		
	24		30		120	72		
	30		36		32	84		
	36		42		40	72		
	42		48			84		
	48		54		24			
	54		60		0	24		
	60		66		56	48		
	66		72		8	72		
	72		78		104			
	78		84					
	84		90		8			
line	12	263	12	252	007fff
		252	120		
	120			263	00488f
		263	12		
rect	13	253	120	263	0060c0
crop	15	252	21	264	32	60	000000	/fonts/computer
	21		27		8	48		
	27		33		16	60		
	33		39		56	48		
	39		45		40			
	45		51		32	60		
	15	264	21	276	56	48	7fff7f	
	21		27		40	60		
	27		33		112	48		
	33		39		24	60		
	39		45		64	48		
	45		51		72			
	51		57		0	60		
draw	16	280	34	294	/sprites/509.SMIV/0
line	14	276	35	276	489048
			14	277	
	35		35		
	14	297		297	
			14	296	
	35		35		
rect	42	278	49	293	003870
		293		296	0060c0
line	40	276	50	276	00488f
			40	277	
	50		50		
	40	297		297	
			40	296	
	50		50		
rect	55	278	62	286	707000
		286		296	c0c000
line	53	276	63	276	909000
			53	277	
	63		63		
	53	297		297	
			53	296	
	63		63		
crop	69	276	75	288	0	60	7fff7f	/fonts/computer
	75		81		88	48		
	81		87		16			
	87		93		40			
	93		99		8			
	99		105		104			
	105		111		0	24		
	111		117		8	36		
	69	288	75	300	96	48		
	75		81		16			
	81		87		40			
	87		93		8			
	93		99		104			
	99		105		0	24		
	105		111		8	36		
