point	345	438	d0d0d0
	532	392	
	216	144	
	546	108	b0b0b0
	474	460	d0d0d0
	465	396	b0b0b0
	219	219	
	311	84	d0d0d0
	604	14	808080
	538	296	b0b0b0
	396	149	
	478	9	d0d0d0
	179	45	808080
	136	256	d0d0d0
	311	38	808080
	552	167	
	326	299	b0b0b0
	323	203	d0d0d0
	250	232	b0b0b0
	279	123	808080
	488	279	
	485	301	
	257	356	b0b0b0
	603	163	
	351	212	
	247	474	
	138	274	808080
	309	332	d0d0d0
	320	82	b0b0b0
	434	409	808080
	417	92	
	342	434	d0d0d0
	561	115	b0b0b0
	190	30	
	419	155	
	448	34	808080
	517	294	d0d0d0
	341	461	
	190	88	b0b0b0
	130	378	
	354	366	808080
	511	188	d0d0d0
	495	235	808080
	575	70	
	477	315	d0d0d0
	567	337	b0b0b0
	418	221	d0d0d0
	327	356	
	571	366	
	132	351	b0b0b0
	244	393	808080
	571	320	
	561	24	d0d0d0
	511	396	808080
	499	374	b0b0b0
	333	247	808080
	131	474	
	371	397	d0d0d0
	507	30	808080
	316	183	b0b0b0
	168	262	d0d0d0
	535	39	
	313	426	b0b0b0
	507	413	d0d0d0
	356	92	b0b0b0
	148	207	d0d0d0
	203	466	b0b0b0
	170	21	808080
	139	429	d0d0d0
	517	106	b0b0b0
	222	256	
	250	252	
	164	58	808080
	305	141	
	174	140	
	492	192	d0d0d0
	354	404	
	337	477	
	584	225	b0b0b0
	402	125	808080
	396	253	
	240	78	b0b0b0
	298	374	808080
	203	96	b0b0b0
	213	68	
	357	71	d0d0d0
	320	212	b0b0b0
	362	391	
	451	76	d0d0d0
	314	380	
	456	86	808080
	143	95	b0b0b0
	556	261	808080
	455	209	d0d0d0
	270	99	808080
	491	452	
	211	369	b0b0b0
	407	445	d0d0d0
	527	117	b0b0b0
	192	67	d0d0d0
	302	383	808080
	512	291	
	313	244	d0d0d0
	189	186	808080
	514	50	b0b0b0
	398	154	d0d0d0
	393	346	808080
	229	373	b0b0b0
	292	314	d0d0d0
	408	197	
	330	48	808080
	296	434	
	281	440	d0d0d0
	168	346	b0b0b0
	412	175	808080
	135	413	b0b0b0
	406		808080
	503	286	
	201	351	d0d0d0
	212	115	b0b0b0
	352	458	d0d0d0
	557	422	b0b0b0
	465	442	808080
	270	66	
	523	81	d0d0d0
line	293	0	293	480	000050
	549		549		
	128	198	608	198	
		454		454	
draw	344	190	408	254	/sprites/1004.SMIV/0
	380	170	394	183	/sprites/501.SMIV/12
	362	234	376	247	
	353	187	373	205	/sprites/509.SMIV/12
	366	181	386	199	
	346	279	360	293	/sprites/501.SMIV/11
	261	150	275	163	/sprites/501.SMIV/12
	339	217	353	230	
	156	383	158	386	/sprites/513.SMIV/16
line	392	438	398	424	489048
			383	426	
	398	424			204020
draw	0	0	128	480	/pictures/501.png
	608		640		/pictures/512.png
tint	29	159	37	172	ff0000	/font/5001/30
	35		43			/font/5001/34
	41		49			/font/5001/30
line	614	368	614	359	00488f
		359	622		
	622			368	002850
		368	614		
rect	615	360	622	368	003870
line	614	456	614	369	007fff
		369	622		
	622			456	00488f
		456	614		
rect	615	370	622	456	0070e0
line	614	328	614	231	ffff7f
		231	622		
	622			328	909048
		328	614		
rect	615	232	622	328	e0e070
line	614	200	614	103	ff7f7f
		103	622		
	622			200	904848
		200	614		
rect	615	104	622	200	e07070
line	618	8	629	8	90488f
			618	9	
	629		629		
	618	36		36	
			618	35	
	629		629		
rect	620	10	628	35	703870
		35			c060c0
	634	49	636	52	7fff7f
		53		56	0060c0
		57		60	
		61		64	
		65		68	
		69		72	007fff
		73		76	183018
		77		80	
		81		84	
		85		88	
		89		92	
		93		96	
		97		100	
		101		104	
		105		108	
		109		112	
		113		116	
		117		120	
		121		124	
		125		128	
		129		132	
		133		136	
		137		140	
		141		144	
		145		148	
		149		152	
		153		156	
		157		160	
		161		164	
		165		168	
		169		172	
		173		176	
		177		180	
		181		184	
		185		188	
		189		192	
		193		196	
		197		200	
		201		204	
		205		208	
		209		212	
		213		216	
		217		220	
		221		224	
		225		228	
		229		232	
		233		236	
		237		240	
		241		244	
		245		248	
		249		252	
		253		256	
		257		260	
		261		264	
		265		268	
		269		272	
		273		276	
		277		280	
		281		284	
		285		288	
		289		292	
		293		296	
		297		300	
		301		304	
		305		308	
		309		312	
		313		316	
		317		320	
		321		324	
		325		328	
		329		332	
		333		336	
		337		340	
		341		344	
		345		348	
		349		352	
		353		356	
		357		360	
		361		364	
		365		368	
		369		372	
		373		376	
		377		380	
		381		384	
		385		388	
		389		392	
		393		396	
		397		400	
		401		404	
		405		408	
		409		412	
		413		416	
		417		420	
		421		424	
		425		428	
		429		432	
		433		436	
		437		440	
		441		444	
		445		448	
	621	52	631	56	303000
		57		61	
		62		66	
		67		71	
		72		76	
		77		81	
		82		86	
	7	7	115	115	00ff00
	8	8	114	114	001000
	52	52	70	70	003000
point	61	61	00e000
		59	
		60	
		59	
	52	33	
	57	58	
	61	61	
		62	
	70	76	
	38	67	
	53	66	
rect	12	320	121	440	001000
tint	15	320	23	333	00ff00	/font/5001/42
	21		29			/font/5001/55
	27		35			/font/5001/49
	33		41			/font/5001/4c
	39		47			/font/5001/44
	45		53			/font/5001/20
	51		59			/font/5001/53
	57		65			/font/5001/48
	63		71			/font/5001/49
	69		77			/font/5001/50
	75		83			/font/5001/53
line	12	342	119	342	009000
tint	15	332	23	345	00ff00	/font/5001/50
	21		29			/font/5001/72
	27		35			/font/5001/6f
	33		41			/font/5001/74
	39		47			/font/5001/65
	45		53			/font/5001/75
	51		59			/font/5001/73
	57		65			/font/5001/20
	63		71			/font/5001/41
	69		77			/font/5001/6c
	75		83			/font/5001/70
	81		89			/font/5001/68
	87		95			/font/5001/61
	15	344	23	357		/font/5001/46
	21		29			/font/5001/69
	27		35			/font/5001/67
	33		41			/font/5001/68
	39		47			/font/5001/74
	45		53			/font/5001/65
	51		59			/font/5001/72
line	12	367	12	356	009000
		356	120		
	120			367	005000
		367	12		
rect	13	357	120	367	007000
tint	15	356	23	369	00ff00	/font/5001/43
	21		29			/font/5001/72
	27		35			/font/5001/75
	33		41			/font/5001/69
	39		47			/font/5001/73
	45		53			/font/5001/65
	51		59			/font/5001/72
	15	368	23	381	009000	/font/5001/47
	21		29			/font/5001/75
	27		35			/font/5001/6e
	33		41			/font/5001/73
	39		47			/font/5001/68
	45		53			/font/5001/69
	51		59			/font/5001/70
	15	380	23	393	00ff00	/font/5001/54
	21		29			/font/5001/72
	27		35			/font/5001/61
	33		41			/font/5001/6e
	39		47			/font/5001/73
	45		53			/font/5001/70
	51		59			/font/5001/6f
	57		65			/font/5001/72
	63		71			/font/5001/74
	15	392	23	405		/font/5001/44
	21		29			/font/5001/65
	27		35			/font/5001/66
	33		41			/font/5001/65
	39		47			/font/5001/6e
	45		53			/font/5001/73
	51		59			/font/5001/65
	57		65			/font/5001/20
	63		71			/font/5001/44
	69		77			/font/5001/72
	75		83			/font/5001/6f
	81		89			/font/5001/6e
	87		95			/font/5001/65
line	12	438	119	438	009000
rect	16	450	114	475	001010
line	17	461	17	450	00c0c0
		450	43		
	43			461	007070
		461	17		
rect	18	451	43	461	009090
tint	19	450	27	463	00ffff	/font/5001/52
	25		33			/font/5001/47
	31		39			/font/5001/48
	37		45			/font/5001/54
	43		51			/font/5001/20
	49		57			/font/5001/42
	55		63			/font/5001/75
	61		69			/font/5001/69
	67		75			/font/5001/6c
	73		81			/font/5001/64
line	17	473	17	462	00c0c0
		462	43		
	43			473	007070
		473	17		
rect	18	463	43	473	009090
tint	19	462	27	475	00ffff	/font/5001/4c
	25		33			/font/5001/45
	31		39			/font/5001/46
	37		45			/font/5001/54
	43		51			/font/5001/20
	49		57			/font/5001/4d
	55		63			/font/5001/61
	61		69			/font/5001/69
	67		75			/font/5001/6e
	73		81			/font/5001/20
	79		87			/font/5001/4d
	85		93			/font/5001/65
	91		99			/font/5001/6e
	97		105			/font/5001/75
line	12	191	12	180	ffff00
		180	120		
	120			191	909000
		191	12		
rect	13	181	120	191	c0c000
tint	15	180	23	193	000000	/font/5001/43
	21		29			/font/5001/4f
	27		35			/font/5001/4e
	33		41			/font/5001/54
	39		47			/font/5001/52
	45		53			/font/5001/4f
	51		59			/font/5001/4c
	15	192	23	205	7fff7f	/font/5001/43
	21		29			/font/5001/52
	27		35			/font/5001/55
	33		41			/font/5001/49
	39		47			/font/5001/53
	45		53			/font/5001/45
	51		59			/font/5001/52
draw	16	208	34	222	/sprites/501.SMIV/0
line	14	204	35	204	489048
			14	205	
	35		35		
	14	225		225	
			14	224	
	35		35		
rect	42	206	49	208	003870
		208		224	0060c0
line	40	204	50	204	00488f
			40	205	
	50		50		
	40	225		225	
			40	224	
	50		50		
rect	55	206	62	206	707000
				224	c0c000
line	53	204	63	204	909000
			53	205	
	63		63		
	53	225		225	
			53	224	
	63		63		
tint	69	204	77	217	7fff7f	/font/5001/50
	75		83			/font/5001/4b
	81		89			/font/5001/42
	87		95			/font/5001/45
	93		101			/font/5001/41
	99		107			/font/5001/4d
	105		113			/font/5001/20
	111		119			/font/5001/31
	69	216	77	229		/font/5001/46
	75		83			/font/5001/20
	81		89			/font/5001/50
	87		95			/font/5001/55
	93		101			/font/5001/4c
	99		107			/font/5001/53
	105		113			/font/5001/45
	12	228	20	241	00ff00	/font/5001/47
	18		26			/font/5001/75
	24		32			/font/5001/6e
	30		38			/font/5001/73
	36		44			/font/5001/68
	42		50			/font/5001/69
	48		56			/font/5001/70
line	12	263	12	252	007fff
		252	120		
	120			263	00488f
		263	12		
rect	13	253	120	263	0060c0
tint	15	252	23	265	000000	/font/5001/54
	21		29			/font/5001/41
	27		35			/font/5001/52
	33		41			/font/5001/47
	39		47			/font/5001/45
	45		53			/font/5001/54
	15	264	23	277	7fff7f	/font/5001/47
	21		29			/font/5001/55
	27		35			/font/5001/4e
	33		41			/font/5001/53
	39		47			/font/5001/48
	45		53			/font/5001/49
	51		59			/font/5001/50
draw	16	280	34	294	/sprites/509.SMIV/0
line	14	276	35	276	489048
			14	277	
	35		35		
	14	297		297	
			14	296	
	35		35		
rect	42	278	49	291	003870
		291		296	0060c0
line	40	276	50	276	00488f
			40	277	
	50		50		
	40	297		297	
			40	296	
	50		50		
rect	55	278	62	292	707000
		292		296	c0c000
line	53	276	63	276	909000
			53	277	
	63		63		
	53	297		297	
			53	296	
	63		63		
tint	69	276	77	289	7fff7f	/font/5001/50
	75		83			/font/5001/4b
	81		89			/font/5001/42
	87		95			/font/5001/45
	93		101			/font/5001/41
	99		107			/font/5001/4d
	105		113			/font/5001/20
	111		119			/font/5001/31
	69	288	77	301		/font/5001/4c
	75		83			/font/5001/42
	81		89			/font/5001/45
	87		95			/font/5001/41
	93		101			/font/5001/4d
	99		107			/font/5001/20
	105		113			/font/5001/31
