point	272	391	d0d0d0
	459	345	
	143	97	
	491	72	b0b0b0
	401	413	d0d0d0
	410	360	b0b0b0
	164	183	
	238	37	d0d0d0
	483	461	
		260	b0b0b0
	341	113	
	442	450	
	143	21	808080
	573	148	
	275	14	
	516	143	
	271	263	b0b0b0
	250	156	d0d0d0
	195	196	b0b0b0
	243	99	808080
	452	255	
	449	277	
	202	320	b0b0b0
	548	127	
	296	176	
	192	438	
	556	310	d0d0d0
	236	285	
	265	46	b0b0b0
	398	385	808080
	381	68	
	269	387	d0d0d0
	506	79	b0b0b0
	435	473	d0d0d0
	364	119	b0b0b0
	412	10	808080
	444	247	d0d0d0
	268	414	
	135	52	b0b0b0
	538	24	d0d0d0
	318	342	808080
	438	141	d0d0d0
	459	211	808080
	539	46	
	404	268	d0d0d0
	512	301	b0b0b0
	345	174	d0d0d0
	254	309	
	498	319	
	572	244	808080
	208	369	
	535	296	
	373	461	b0b0b0
	475	372	808080
	444	338	b0b0b0
	297	223	808080
	542	30	d0d0d0
	298	350	
	471	6	808080
	261	147	b0b0b0
	574	110	d0d0d0
	361	473	b0b0b0
	258	390	
	434	366	d0d0d0
	301	56	b0b0b0
	567	159	
	148	430	
	169	475	d0d0d0
	560	437	b0b0b0
	462	70	
	167	220	
	195	216	
	128	34	808080
	269	117	
	138	116	
	419	145	d0d0d0
	281	357	
	264	430	
	529	189	b0b0b0
	366	101	808080
	360	229	
	185	42	b0b0b0
	262	350	808080
	148	60	b0b0b0
	158	32	
	284	24	d0d0d0
	265	176	b0b0b0
	307	355	
	378	29	d0d0d0
	241	333	
	420	62	808080
	580	207	
	520	237	
	382	162	d0d0d0
	234	75	808080
	455	428	
	156	333	b0b0b0
	334	398	d0d0d0
	472	81	b0b0b0
	600	152	
	266	359	808080
	476	267	
	240	197	d0d0d0
	153	162	808080
	459	14	b0b0b0
	325	107	d0d0d0
	357	322	808080
	174	337	b0b0b0
	219	267	d0d0d0
	335	150	
	294	24	808080
	260	410	
	208	393	d0d0d0
	596	250	808080
	376	151	
	544	184	d0d0d0
	370	389	808080
	467	262	
	128	304	d0d0d0
	157	79	b0b0b0
	279	411	d0d0d0
	502	386	b0b0b0
	429	418	808080
	234	42	
	450	34	d0d0d0
rect	218	0	219	481	000050
	474		475		
	128	150	609	151	
		406		407	
draw	270	142	334	206	/sprites/loc/planets/graysplotch%0
	306	121	322	136	/sprites/ish/cruiser%14
	363	235	379	249	/sprites/ish/cruiser%21
static	278	138	300	158	ffffff	14	/sprites/ish/gunship%11
draw	292	130	316	151	/sprites/ish/gunship%14
	270	230	286	244	/sprites/ish/cruiser%8
	227	146	241	159	/sprites/ish/cruiser%12
	202	214	218	228	/sprites/ish/cruiser%10
	281	186	292	195	/sprites/sfx/explosion/energy%8
dither	289	158	386	175	303000
crop	293	162	300	173	56	44	000000	/fonts/tactical.png
	300		307		40	77		
	307		314		112	66		
	314		321		24	77		
	321		328		64	66		
	328		335		72			
	335		342		0	77		
	342		349			22		
	349		356		96	33		
	356		363		0	22		
	363		370		40	33		
	370		377		0	22		
	377		384		112	33		
	292	161	299	172	56	44	ffff00	
	299		306		40	77		
	306		313		112	66		
	313		320		24	77		
	320		327		64	66		
	327		334		72			
	334		341		0	77		
	341		348			22		
	348		355		96	33		
	355		362		0	22		
	362		369		40	33		
	369		376		0	22		
	376		383		112	33		
line	218	110	223	125	489048
			233	113	
	223	125			204020
draw	0	-144	128	624	/pictures/gui/instruments/left.png
	608		640		/pictures/gui/instruments/right.png
crop	29	159	35	171	0	36	ff0000	/fonts/computer.png
	35		41		32			
	41		47		0			
rect	614	359	615	369	00488f
			623	360	
	622			369	002850
	614	368			
	615	360	622	368	003870
	614	369	615	457	007fff
			623	370	
	622			457	00488f
	614	456			
	615	370	622	456	0070e0
	614	231	615	329	ffff7f
			623	232	
	622			329	909048
	614	328			
	615	232	622	328	e0e070
	614	103	615	201	ff7f7f
			623	104	
	622			201	904848
	614	200			
	615	104	622	200	e07070
	618	8	630	9	90488f
			619	10	
	629		630		
	618	36		37	
		35	619		
	629		630		
	620	10	628	35	703870
		35			c060c0
	634	49	636	52	7fff7f
		53		56	60c060
		57		60	0060c0
		61		64	
		65		68	
		69		72	007fff
		73		76	0060c0
		77		80	183018
		81		84	
		85		88	
		89		92	
		93		96	
		97		100	
		101		104	
		105		108	
		109		112	
		113		116	
		117		120	
		121		124	
		125		128	
		129		132	
		133		136	
		137		140	
		141		144	
		145		148	
		149		152	
		153		156	
		157		160	
		161		164	
		165		168	
		169		172	
		173		176	
		177		180	
		181		184	
		185		188	
		189		192	
		193		196	
		197		200	
		201		204	
		205		208	
		209		212	
		213		216	
		217		220	
		221		224	
		225		228	
		229		232	
		233		236	
		237		240	
		241		244	
		245		248	
		249		252	
		253		256	
		257		260	
		261		264	
		265		268	
		269		272	
		273		276	
		277		280	
		281		284	
		285		288	
		289		292	
		293		296	
		297		300	
		301		304	
		305		308	
		309		312	
		313		316	
		317		320	
		321		324	
		325		328	
		329		332	
		333		336	
		337		340	
		341		344	
		345		348	
		349		352	
		353		356	
		357		360	
		361		364	
		365		368	
		369		372	
		373		376	
		377		380	
		381		384	
		385		388	
		389		392	
		393		396	
		397		400	
		401		404	
		405		408	
		409		412	
		413		416	
		417		420	
		421		424	
		425		428	
		429		432	
		433		436	
		437		440	
		441		444	
		445		448	
	621	52	631	56	303000
		57		61	
		62		66	
		67		71	
		72		76	
		77		81	
		82		86	
	7	7	115	115	00ff00
	8	8	114	114	001000
	53	53	71	71	003000
point	59	59	00e000
		57	
	58	58	
	59		
	58	59	
	55	48	
	56	58	
	55	61	
	58		
	23	68	
	46	67	
rect	12	320	121	440	001000
		342	120	343	009000
		356	13	368	
			121	357	
	120			368	005000
	12	367			
	13	357	120	367	007000
	12	438		439	009000
	16	450	114	475	001010
	17		18	462	00c0c0
			44	451	
	43			462	007070
	17	461			
	18	451	43	461	009090
	17	462	18	474	00c0c0
			44	463	
	43			474	007070
	17	473			
	18	463	43	473	009090
crop	15	320	21	332	16	48	00ff00	/fonts/computer.png
	21		27		40	60		
	27		33		72	48		
	33		39		96			
	39		45		32			
	45		51		0	24		
	51		57		24	60		
	57		63		64	48		
	63		69		72			
	69		75		0	60		
	75		81		24			
	15	332	21	344	0			
	21		27		16	84		
	27		33		120	72		
	33		39		32	84		
	39		45		40	72		
	45		51			84		
	51		57		24			
	57		63		0	24		
	63		69		8	48		
	69		75		96	72		
	75		81		0	84		
	81		87		64	72		
	87		93		8			
	15	344	21	356	48	48		
	21		27		72	72		
	27		33		56			
	33		39		64			
	39		45		32	84		
	45		51		40	72		
	51		57		16	84		
	15	356	21	368	24	48		
	21		27		16	84		
	27		33		40			
	33		39		72	72		
	39		45		24	84		
	45		51		40	72		
	51		57		16	84		
	15	368	21	380	56	48	009000	
	21		27		40	84		
	27		33		112	72		
	33		39		24	84		
	39		45		64	72		
	45		51		72			
	51		57		0	84		
	15	380	21	392	32	60	00ff00	
	21		27		16	84		
	27		33		8	72		
	33		39		112			
	39		45		24	84		
	45		51		0			
	51		57		120	72		
	57		63		16	84		
	63		69		32			
	15	392	21	404		48		
	21		27		40	72		
	27		33		48			
	33		39		40			
	39		45		112			
	45		51		24	84		
	51		57		40	72		
	57		63		0	24		
	63		69		32	48		
	69		75		16	84		
	75		81		120	72		
	81		87		112			
	87		93		40			
	19	450	25	462	16	60	00ffff	
	25		31		56	48		
	31		37		64			
	37		43		32	60		
	43		49		0	24		
	49		55		16	48		
	55		61		40	84		
	61		67		72	72		
	67		73		96			
	73		79		32			
	19	462	25	474	96	48		
	25		31		40			
	31		37		48			
	37		43		32	60		
	43		49		0	24		
	49		55		104	48		
	55		61		8	72		
	61		67		72			
	67		73		112			
	73		79		0	24		
	79		85		104	48		
	85		91		40	72		
	91		97		112			
	97		103		40	84		
rect	12	180	13	192	ffff00
			121	181	
	120			192	909000
	12	191			
	13	181	120	191	c0c000
crop	15	180	21	192	24	48	000000	/fonts/computer.png
	21		27		120			
	27		33		112			
	33		39		32	60		
	39		45		16			
	45		51		120	48		
	51		57		96			
	15	192	21	204	56		7fff7f	
	21		27		40	60		
	27		33		112	48		
	33		39		24	60		
	39		45		64	48		
	45		51		72			
	51		57		0	60		
draw	16	208	34	222	/sprites/ish/gunship%0
rect	14	204	36	205	489048
			15	206	
	35		36		
	14	225		226	
		224	15		
	35		36		
	42	206	49	219	003870
		219		224	0060c0
	40	204	51	205	00488f
			41	206	
	50		51		
	40	225		226	
		224	41		
	50		51		
	55	206	62	217	707000
		217		224	c0c000
	53	204	64	205	909000
			54	206	
	63		64		
	53	225		226	
		224	54		
	63		64		
crop	69	204	75	216	0	60	7fff7f	/fonts/computer.png
	75		81		88	48		
	81		87		16			
	87		93		40			
	93		99		8			
	99		105		104			
	105		111		0	24		
	111		117		8	36		
	69	216	75	228	96	48		
	75		81		16			
	81		87		40			
	87		93		8			
	93		99		104			
	99		105		0	24		
	105		111		8	36		
rect	12	252	13	264	007fff
			121	253	
	120			264	00488f
	12	263			
	13	253	120	263	0060c0
crop	15	252	21	264	32	60	000000	/fonts/computer.png
	21		27		8	48		
	27		33		16	60		
	33		39		56	48		
	39		45		40			
	45		51		32	60		
	15	264	21	276	56	48	7fff7f	
	21		27		40	60		
	27		33		112	48		
	33		39		24	60		
	39		45		64	48		
	45		51		72			
	51		57		0	60		
draw	16	280	34	294	/sprites/ish/gunship%0
rect	14	276	36	277	489048
			15	278	
	35		36		
	14	297		298	
		296	15		
	35		36		
	42	278	49	291	003870
		291		296	0060c0
	40	276	51	277	00488f
			41	278	
	50		51		
	40	297		298	
		296	41		
	50		51		
	55	278	62	289	707000
		289		296	c0c000
	53	276	64	277	909000
			54	278	
	63		64		
	53	297		298	
		296	54		
	63		64		
crop	69	276	75	288	0	60	7fff7f	/fonts/computer.png
	75		81		88	48		
	81		87		16			
	87		93		40			
	93		99		8			
	99		105		104			
	105		111		0	24		
	111		117		8	36		
	69	288	75	300	96	48		
	75		81		16			
	81		87		40			
	87		93		8			
	93		99		104			
	99		105		0	24		
	105		111		8	36		
