point	324	342	d0d0d0
	532	337	808080
	518	52	b0b0b0
	232	302	
	155	69	
	191	16	
	534	293	808080
	322	443	
	262	379	
	553	342	b0b0b0
	393	212	808080
	377	264	b0b0b0
	580	268	
	458	225	
	178	417	808080
	566	379	d0d0d0
	514	447	
	353	166	
	179	336	808080
	406	327	
	540	411	b0b0b0
	251	389	808080
	531	9	
	150	425	b0b0b0
	355	284	
	532	465	
	156	408	d0d0d0
	313	236	b0b0b0
	426	178	808080
	395	360	b0b0b0
	501	190	808080
	312	454	
	575	277	b0b0b0
	346	453	808080
	451	118	d0d0d0
	339	196	808080
	365	431	b0b0b0
	526	53	808080
	235	102	d0d0d0
	135	439	b0b0b0
	190	35	
	467	66	d0d0d0
	262	391	808080
	365	278	
	453	313	b0b0b0
	403	466	d0d0d0
	372	469	b0b0b0
	453	152	808080
	554	389	
	190	133	
	221	252	b0b0b0
	456	168	808080
	246	64	d0d0d0
	380	205	808080
	347	453	b0b0b0
	259	398	808080
	554	79	b0b0b0
	574	186	
	298	188	808080
	245	221	
	511	274	d0d0d0
	467	114	
	560	235	808080
	330	89	
	373	210	b0b0b0
	316	399	d0d0d0
	480	105	
	150	111	808080
	440	42	b0b0b0
	363	44	808080
	264	16	b0b0b0
	349	336	
	283	389	d0d0d0
	146	474	b0b0b0
	167	388	808080
	366	117	d0d0d0
	502	202	
	387	335	808080
	157	37	d0d0d0
	237	60	b0b0b0
	393	119	
	496	123	808080
	136	231	d0d0d0
	469	266	808080
	273	168	b0b0b0
	565	420	
	348	62	808080
	396	446	
	325	402	
	402	31	
	328	186	
	570	296	
	165	144	b0b0b0
	458	306	
	419	175	808080
	384	238	b0b0b0
	304	147	d0d0d0
	548	279	
	568	453	
	299	353	808080
	539	446	b0b0b0
	400	448	
	378	343	
	499	5	
	294	426	
	173	344	808080
	261	459	
	348	349	
	435	223	d0d0d0
	535	173	808080
	270	231	b0b0b0
	168	398	808080
	581	365	d0d0d0
	287	159	808080
	301	37	d0d0d0
	291	81	808080
	285	35	b0b0b0
	319	100	808080
	223	215	b0b0b0
	553	168	
	460	277	808080
	246	66	b0b0b0
	448	276	
	383	416	808080
	355	117	b0b0b0
rect	437	0	438	404	002850
	128	99	608	100	005000
line	439	458	432	442	7f7fff
draw	354	223	383	257	/sprites/ele/cruiser%10
	419	280	429	291	/sprites/dev/amissile%22
	362	244	383	259	/sprites/dev/onas%1
	469	421	494	438	/sprites/sfx/explosion/gas%24
	414	387	435	405	/sprites/dev/onas%2
	207	4	239	26	/sprites/sfx/explosion/gas%18
	559	448	591	472	/sprites/sfx/explosion/gas%16
	245	48	277	77	/sprites/sfx/explosion/gas%10
	419	305	448	333	/sprites/sfx/explosion/gas%6
rect	128	404	608	480	007fff
		405		479	000810
	132	409	139	420	007fff
	139		146		
	146		153		
	153		160		
	160		167		
	167		174		
	174		181		
	181		188		
	188		195		
	195		202		
	202		209		
	209		216		
	216		223		
	223		230		
	230		237		
	237		244		
	244		251		
	251		258		
	258		265		
	265		272		
	272		279		
	279		286		
	286		293		
	293		300		000810
	300		307		
	307		314		
	314		321		
	321		328		
	328		335		
	335		342		
	342		349		
	349		356		
	356		363		
	363		370		
	370		377		
	377		384		
	384		391		
	391		398		
	398		405		
	405		412		
	412		419		
	419		426		
	426		433		
	433		440		
	440		447		
	447		454		
	454		461		
	461		468		
	468		475		
	475		482		
	482		489		
	489		496		
	496		503		
	503		510		
	510		604		
	132	420	139	431	
	139		146		
	146		153		
	153		160		
	160		167		
	167		174		
	174		181		
	181		188		
	188		195		
	195		202		
	202		209		
	209		216		
	216		223		
	223		230		
	230		237		
	237		244		
	244		251		
	251		258		
	258		265		
	265		272		
	272		279		
	279		286		
	286		293		
	293		300		
	300		307		
	307		314		
	314		321		
	321		328		
	328		335		
	335		342		
	342		349		
	349		356		
	356		363		
	363		370		
	370		604		
	132	431	139	442	
	139		146		
	146		153		
	153		160		
	160		167		
	167		174		
	174		181		
	181		188		
	188		195		
	195		202		
	202		209		
	209		216		
	216		223		
	223		230		
	230		237		
	237		244		
	244		251		
	251		258		
	258		265		
	265		272		
	272		279		
	279		286		
	286		293		
	293		300		
	300		307		
	307		314		
	314		321		
	321		328		
	328		335		
	335		342		
	342		349		
	349		356		
	356		363		
	363		370		
	370		377		
	377		384		
	384		391		
	391		398		
	398		405		
	405		412		
	412		419		
	419		426		
	426		433		
	433		440		
	440		447		
	447		454		
	454		461		
	461		468		
	468		475		
	475		482		
	482		489		
	489		496		
	496		503		
	503		510		
	510		517		
	517		524		
	524		531		
	531		538		
	538		545		
	545		552		
	552		559		
	559		566		
	566		573		
	573		580		
	580		587		
	587		594		
	594		601		
	132	442	139	453	
	139		146		
	146		153		
	153		160		
	160		167		
	167		174		
	174		181		
	181		188		
	188		195		
	195		202		
	202		209		
	209		216		
	216		223		
	223		230		
	230		237		
	237		244		
	244		251		
	251		258		
	258		265		
	265		272		
	272		279		
	279		286		
	286		293		
	293		300		
	300		307		
	307		314		
	314		321		
	321		328		
	328		335		
	335		342		
	342		349		
	349		356		
	356		363		
	363		370		
	370		377		
	377		384		
	384		391		
	391		398		
	398		405		
	405		412		
	412		419		
	419		426		
	426		433		
	433		440		
	440		447		
	447		454		
	454		461		
	461		468		
	468		475		
	475		482		
	482		489		
	489		496		
	496		503		
	503		510		
	510		517		
	517		524		
	524		531		
	531		538		
	538		545		
	545		552		
	132	453	139	464	
	139		146		
	146		153		
	153		160		
	160		167		
	167		174		
	174		181		
	181		188		
	188		195		
	195		202		
	202		209		
	209		216		
	216		223		
	223		230		
	230		237		
	237		244		
	244		251		
	251		258		
	258		265		
	265		272		
	272		279		
	279		286		
	286		293		
	293		300		
	300		307		
	307		314		
	314		321		
	321		328		
	328		335		
	335		342		
	342		349		
	349		356		
	356		363		
	363		370		
	370		377		
	377		384		
	384		391		
	391		398		
	398		405		
	405		412		
	412		419		
	419		426		
	426		433		
	433		440		
	440		447		
	447		454		
	454		461		
	461		468		
	468		475		
	475		482		
	482		489		
	489		496		
	496		503		
	503		510		
	510		517		
	517		524		
	524		531		
	531		538		
	538		545		
	545		552		
	552		559		
	559		566		
	566		573		
	573		580		
	580		587		
	132	464	139	475	
	139		146		
	146		153		
	153		160		
	160		167		
	167		174		
	174		181		
	181		188		
	188		195		
	195		202		
	202		209		
	209		216		
	216		223		
	223		230		
	230		237		
	237		244		
	244		251		
	251		258		
	258		265		
	265		272		
	272		279		
	279		286		
	286		293		
	293		300		
	300		307		
	307		314		
	314		321		
	321		328		
	328		335		
	335		342		
	342		349		
	349		356		
	356		363		
	363		370		
	370		377		
	377		384		007fff
	384		391		
	391		398		
	398		405		
	405		412		
	412		419		000810
	419		604		
crop	139	409	146	420	72	44	000810	/fonts/tactical.png
	146		153		112			
	153		160		24			
	160		167		120			
	167		174		104			
	174		181		72			
	181		188		112			
	188		195		56			
	202		209		32	55		
	209		216		16			
	216		223		8	44		
	223		230		112			
	230		237		24	55		
	237		244		104	44		
	244		251		72			
	251		258		24	55		
	258		265					
	265		272		72	44		
	272		279		120			
	279		286		112			
	300		307		24	55	007fff	
	307		314		40	44		
	314		321		24			
	321		328		40	55		
	328		335		16			
	335		342		40	44		
	349		356		88			
	356		363		40			
	363		370		72	55		
	377		384		120	44		
	384		391		88			
	398		405		104	22		
	412		419		112	44		
	419		426		56	55		
	426		433		24	33		
	440		447		32	55		
	447		454		72	44		
	454		461		56			
	461		468		64			
	468		475		32	55		
	482		489		16	44		
	489		496		40			
	496		503		8			
	503		510		104			
	132	420	139	431	24	55		
	139		146		120	44		
	146		153		40	55		
	153		160		16			
	160		167		24	44		
	167		174		40			
	174		181		80	33		
	188		195		24	55		
	195		202			66		
	202		209		72			
	209		216		40			
	216		223		112			
	223		230		24			
	230		237		40			
	244		251		48	55		
	251		258		40	66		
	258		265		24	77		
	265		272					
	272		279		40	66		
	279		286		96			
	293		300		72	44		
	300		307		24	55		
	307		314		112	44		
	321		328		0	33		
	328		335		72			
	335		342		8			
	342		349		56			
	349		356		72			
	356		363					
	363		370		48			
	132	431	139	442	32	55		
	139		146		64	66		
	146		153		40			
	153		160		16	77		
	160		167		40	66		
	174		181		8			
	181		188		16	77		
	188		195		40	66		
	202		209		24	77		
	209		216		40	66		
	216		223		48	77		
	223		230		40	66		
	230		237		16	77		
	237		244		8	66		
	244		251		96			
	258		265					
	265		272		8			
	272		279		16	77		
	279		286		56	66		
	286		293		40			
	300		307		64			
	307		314		120			
	314		321		24	77		
	321		328		32			
	328		335		72	66		
	335		342		96			
	342		349		40			
	356		363		8	44		
	363		370		40	77		
	370		377		32	66		
	377		384		40			
	384		391		104			
	391		398		40			
	398		405		32			
	405		412		120			
	412		419		112			
	426		433		48	77		
	433		440		40	66		
	440		447		24	77		
	447		454					
	454		461		40	66		
	461		468		96			
	468		475		24	77		
	482		489					
	489		496		32			
	496		503		8	66		
	503		510		32	77		
	510		517		72	66		
	517		524		120			
	524		531		112			
	531		538		40			
	538		545		32			
	552		559		8			
	559		566		16	77		
	566		573		120	66		
	573		580		40	77		
	580		587		112	66		
	587		594		32			
	132	442	139	453		77		
	139		146		64	66		
	146		153		40			
	160		167		104			
	167		174		8			
	174		181		24	77		
	181		188					
	188		195		72	66		
	195		202		48	77		
	202		209		40	66		
	216		223		120			
	223		230		16			
	230		237		80			
	237		244		40			
	244		251		24			
	251		258		32	77		
	258		265		112	22		
	272		279		32	55		
	279		286		64	66		
	286		293		40			
	293		300		16	77		
	300		307		40	66		
	314		321		8			
	321		328		16	77		
	328		335		40	66		
	342		349		8			
	349		356		96			
	356		363		24	77		
	363		370		120	66		
	377		384		48			
	384		391		72			
	391		398		48	77		
	398		405		40	66		
	412		419		24	77		
	419		426		104	66		
	426		433		8			
	433		440		96			
	440		447					
	447		454		40			
	454		461		16	77		
	468		475		24			
	475		482		64	66		
	482		489		72			
	489		496		0	77		
	496		503		24			
	510		517		120	66		
	517		524		112			
	531		538		8			
	538		545		112			
	132	453	139	464	72			
	139		146		112			
	146		153		32	77		
	153		160		40	66		
	160		167		16	77		
	167		174		24	66		
	174		181		40			
	181		188		0	77		
	188		195		32			
	202		209		24	66		
	209		216		120			
	216		223		40	77		
	223		230		16			
	230		237		24			
	237		244		40	66		
	244		251		112	22		
	258		265		56	55		
	265		272		40	66		
	279		286		16	77		
	286		293		40	66		
	293		300		104			
	300		307		72			
	307		314		112			
	314		321		32			
	328		335		72	77		
	335		342		120	66		
	342		349		40	77		
	356		363		32			
	363		370		64	66		
	370		377		8			
	377		384		32	77		
	391		398					
	398		405		64	66		
	405		412		40			
	419		426		24	77		
	426		433		40			
	433		440		24	66		
	440		447					
	447		454		40			
	454		461		24	77		
	461		468					
	475		482		120	66		
	482		489		48			
	496		503		32	77		
	503		510		64	66		
	510		517		72			
	517		524		24	77		
	531		538		104	66		
	538		545		72			
	545		552		24	77		
	552		559					
	559		566		72	66		
	566		573		120			
	573		580		112			
	132	464	139	475	32			
	139		146		40			
	146		153		0	77		
	153		160		40	66		
	160		167		112			
	167		174		32			
	174		181		24	77		
	188		195		120	66		
	195		202		112			
	209		216		32	77		
	216		223		64	66		
	223		230		40			
	237		244		24	77		
	244		251		8	66		
	251		258		48			
	258		265		40			
	265		272		32	77		
	272		279		72			
	286		293		120	66		
	293		300		48			
	307		314		32	77		
	314		321		64	66		
	321		328		72			
	328		335		24	77		
	342		349					
	349		356		64	66		
	356		363		72			
	363		370		0	77		
	370		377		112	22		
	377		384		96	33	000810	
	384		391		40	44		
	391		398		120			
	398		405		32	55		
	405		412		112	33		
line	445	422	446	407	489048
			433	413	
	446	407			204020
draw	0	-144	128	624	/pictures/gui/instruments/left.png
	608		640		/pictures/gui/instruments/right.png
rect	614	359	615	373	00488f
			623	360	
	622			373	002850
	614	372			
	615	360	622	372	003870
	614	373	615	457	007fff
			623	374	
	622			457	00488f
	614	456			
	615	374	622	456	0070e0
	614	231	615	237	909048
			623	232	
	622			237	505028
	614	236			
	615	232	622	236	707038
	614	237	615	329	ffff7f
			623	238	
	622			329	909048
	614	328			
	615	238	622	328	e0e070
	614	103	615	108	904848
			623	104	
	622			108	502828
	614	107			
	615	104	622	107	703838
	614	108	615	201	ff7f7f
			623	109	
	622			201	904848
	614	200			
	615	109	622	200	e07070
	634	49	636	52	7fff7f
		53		56	60c060
		57		60	
		61		64	
		65		68	
		69		72	7fff7f
		73		76	60c060
		77		80	
		81		84	
		85		88	
		89		92	7fff7f
		93		96	60c060
		97		100	
		101		104	
		105		108	
		109		112	7fff7f
		113		116	60c060
		117		120	
		121		124	
		125		128	
		129		132	7fff7f
		133		136	60c060
		137		140	
		141		144	
		145		148	
		149		152	183018
		153		156	
		157		160	
		161		164	
		165		168	
		169		172	
		173		176	
		177		180	
		181		184	
		185		188	
		189		192	
		193		196	
		197		200	
		201		204	
		205		208	
		209		212	
		213		216	
		217		220	
		221		224	
		225		228	
		229		232	
		233		236	
		237		240	
		241		244	
		245		248	
		249		252	
		253		256	
		257		260	
		261		264	
		265		268	
		269		272	
		273		276	
		277		280	
		281		284	
		285		288	
		289		292	
		293		296	
		297		300	
		301		304	
		305		308	
		309		312	
		313		316	
		317		320	
		321		324	
		325		328	
		329		332	
		333		336	
		337		340	
		341		344	
		345		348	
		349		352	
		353		356	
		357		360	
		361		364	
		365		368	
		369		372	
		373		376	
		377		380	
		381		384	
		385		388	
		389		392	
		393		396	
		397		400	
		401		404	
		405		408	
		409		412	
		413		416	
		417		420	
		421		424	
		425		428	
		429		432	
		433		436	
		437		440	
		441		444	
		445		448	
	621	52	631	56	303000
		57		61	
		62		66	
		67		71	
		72		76	
		77		81	
		82		86	
	7	7	115	115	00ff00
	8	8	114	114	001000
	57	57	67	67	003000
point	22	58	00e000
	9	22	
	31	40	
	18	32	
	9	18	
	29	41	
	68	70	
	25	55	
	19	57	
	62	62	
		64	
	61	61	
	58	56	
	66	66	
	58	57	
	63	65	
	62	62	
	59	58	
	62	65	
	66	67	
	65	65	
rect	12	320	121	440	001000
		330	120	331	009000
		332	13	344	
			121	333	
	120			344	005000
	12	343			
	13	333	120	343	007000
	12	438		439	009000
	16	450	114	475	001010
	17		18	462	00c0c0
			44	451	
	43			462	007070
	17	461			
	18	451	43	461	009090
crop	15	320	21	332	104	48	00ff00	/fonts/computer.png
	21		27		8			
	27		33		72			
	33		39		112			
	45		51		104			
	51		57		40			
	57		63		112			
	63		69		40	60		
	15	332	21	344	96	36		
	21		27		16	48		
	27		33		40	84		
	33		39		72	72		
	39		45		96			
	45		51		32			
	51		57		112	36		
	15	344	21	356	96			
	21		27		24	60		
	27		33		0	84		
	33		39		40	72		
	39		45		24			
	45		51		72			
	51		57		8			
	57		63		96			
	69		75		120	48		
	75		81		16	84		
	81		87		32	72		
	87		93		40			
	93		99		16	84		
	99		105		24			
	105		111		112	36		
	15	356	21	368	96			
	21		27		104	48		
	27		33		40	72		
	33		39		24	84		
	39		45					
	45		51		8	72		
	51		57		56			
	57		63		40			
	63		69		112	36		
	15	368	21	380	96			
	21		27		104	48		
	27		33		72	72		
	33		39		24	84		
	39		45					
	45		51		72	72		
	51		57		120			
	57		63		112			
	69		75		24	60		
	75		81		32	84		
	81		87		8	72		
	87		93		32	84		
	93		99		40			
	99		105		24			
	105		111		112	36		
	19	450	25	462	16	60	00ffff	
	25		31		56	48		
	31		37		64			
	37		43		32	60		
	49		55		24			
	55		61		40	72		
	61		67		96			
	67		73		40			
	73		79		24			
	79		85		32	84		
rect	12	180	13	192	ffff00
			121	181	
	120			192	909000
	12	191			
	13	181	120	191	c0c000
crop	15	180	21	192	24	48	000000	/fonts/computer.png
	21		27		120			
	27		33		112			
	33		39		32	60		
	39		45		16			
	45		51		120	48		
	51		57		96			
rect	14	204	36	205	489048
			15	206	
	35		36		
	14	225		226	
		224	15		
	35		36		
	12	252	13	264	007fff
			121	253	
	120			264	00488f
	12	263			
	13	253	120	263	0060c0
crop	15	252	21	264	32	60	000000	/fonts/computer.png
	21		27		8	48		
	27		33		16	60		
	33		39		56	48		
	39		45		40			
	45		51		32	60		
	15	264	21	276	16		7fff7f	
	21		27		40	48		
	27		33		24	60		
	33		39		40	48		
	39		45		8			
	45		51		16	60		
	51		57		24	48		
	57		63		64			
draw	16	280	34	293	/sprites/ish/etc/research%0
rect	14	276	36	277	489048
			15	278	
	35		36		
	14	297		298	
		296	15		
	35		36		
	42	278	49	278	003870
				296	0060c0
	40	276	51	277	00488f
			41	278	
	50		51		
	40	297		298	
		296	41		
	50		51		
	55	278	62	278	707000
				296	c0c000
	53	276	64	277	909000
			54	278	
	63		64		
	53	297		298	
		296	54		
	63		64		
