point	479	55	d0d0d0
	370	107	808080
	185	458	d0d0d0
	422	180	
	332	287	808080
	476	284	d0d0d0
	372	63	808080
	160	213	
	552	391	d0d0d0
	334	476	808080
	335	451	b0b0b0
	473	371	d0d0d0
	273	376	
	174	398	808080
	291	193	d0d0d0
	338	437	808080
	249	465	d0d0d0
	363	329	808080
	496	101	
	244	96	
	296	65	b0b0b0
	530	223	d0d0d0
	556	369	b0b0b0
	385	-1	
	554	418	
	288	119	
	599	262	d0d0d0
	450	334	
	357	426	808080
	151	14	b0b0b0
	593	325	808080
	150	223	
	290	410	b0b0b0
	184	222	808080
	353	219	b0b0b0
	533	427	
	599	460	d0d0d0
	315	301	808080
	329	207	b0b0b0
	447	88	808080
	310	67	d0d0d0
	436	278	808080
	552	186	d0d0d0
	202	48	808080
	221	445	b0b0b0
	581	334	808080
	128	123	b0b0b0
	239	362	
	392	159	808080
	507	36	
	457	211	b0b0b0
	542	339	d0d0d0
	289	180	b0b0b0
	410	441	
	590	207	808080
	223	463	b0b0b0
	416	57	d0d0d0
	377	319	b0b0b0
	162	396	d0d0d0
	518	270	
	602	52	808080
	596	108	b0b0b0
	397	4	808080
	483	337	
	472	298	d0d0d0
	537	272	808080
	257	122	d0d0d0
	330	3	
	374	424	
	498	228	808080
	268	149	b0b0b0
	577	299	d0d0d0
	521	303	808080
	456	255	
	564	25	b0b0b0
	523	293	
	333	283	
	225	105	808080
	248	159	b0b0b0
	303	100	d0d0d0
	557	163	
	505	118	b0b0b0
	350	445	808080
	307	35	
	419	431	b0b0b0
	322	74	
	127	147	d0d0d0
	233	215	808080
	163	171	
	555	3	b0b0b0
	421	434	808080
	408	65	
	176	190	b0b0b0
	589	451	808080
	536	424	
	498	335	d0d0d0
	416	242	b0b0b0
	550	310	
	423	471	d0d0d0
	137	122	808080
	296	100	b0b0b0
	156	102	
	604	476	808080
	297	251	
	554	297	
	464	442	
	138	459	b0b0b0
	186	118	808080
	375	242	d0d0d0
	173	394	b0b0b0
	538	231	808080
	425	148	b0b0b0
	454	429	808080
	244	408	
	538	218	
	413	330	
	550	448	b0b0b0
	277	348	808080
	573	433	b0b0b0
	146	381	
	298	47	808080
	451	290	
	471	409	b0b0b0
	221	186	808080
	574	54	
line	157	0	157	404	002850
	382		382		000050
	607		607		
	128	51	608	51	
		276		276	
	421	247	414	245	7f7fff
draw	358	234	379	244	/sprites/582.SMIV/7
static	537	223	565	274	7878f0	79	/sprites/576.SMIV/0
draw	492	260	499	268	/sprites/554.SMIV/8
	448	241	458	248	/sprites/584.SMIV/4
	629	354	639	361	/sprites/584.SMIV/1
	370	237	378	245	/sprites/584.SMIV/0
	398	211	413	220	/sprites/541.SMIV/20
	430	179	445	190	/sprites/541.SMIV/17
	451	209	466	221	/sprites/541.SMIV/13
	470	234	485	248	/sprites/541.SMIV/9
	535	252	538	256	/sprites/554.SMIV/1
	540	279	545	282	/sprites/541.SMIV/0
rect	128	404	608	480	007fff
		405		479	000810
	132	409	139	420	007fff
tint	132	409	139	420	000810	/fonts/tactical/20
rect	139	409	146	420	007fff
tint	139	409	146	420	000810	/fonts/tactical/49
rect	146	409	153	420	007fff
tint	146	409	153	420	000810	/fonts/tactical/4e
rect	153	409	160	420	007fff
tint	153	409	160	420	000810	/fonts/tactical/43
rect	160	409	167	420	007fff
tint	160	409	167	420	000810	/fonts/tactical/4f
rect	167	409	174	420	007fff
tint	167	409	174	420	000810	/fonts/tactical/4d
rect	174	409	181	420	007fff
tint	174	409	181	420	000810	/fonts/tactical/49
rect	181	409	188	420	007fff
tint	181	409	188	420	000810	/fonts/tactical/4e
rect	188	409	195	420	007fff
tint	188	409	195	420	000810	/fonts/tactical/47
rect	195	409	202	420	007fff
tint	195	409	202	420	000810	/fonts/tactical/20
rect	202	409	209	420	007fff
tint	202	409	209	420	000810	/fonts/tactical/54
rect	209	409	216	420	007fff
tint	209	409	216	420	000810	/fonts/tactical/52
rect	216	409	223	420	007fff
tint	216	409	223	420	000810	/fonts/tactical/41
rect	223	409	230	420	007fff
tint	223	409	230	420	000810	/fonts/tactical/4e
rect	230	409	237	420	007fff
tint	230	409	237	420	000810	/fonts/tactical/53
rect	237	409	244	420	007fff
tint	237	409	244	420	000810	/fonts/tactical/4d
rect	244	409	251	420	007fff
tint	244	409	251	420	000810	/fonts/tactical/49
rect	251	409	258	420	007fff
tint	251	409	258	420	000810	/fonts/tactical/53
rect	258	409	265	420	007fff
tint	258	409	265	420	000810	/fonts/tactical/53
rect	265	409	272	420	007fff
tint	265	409	272	420	000810	/fonts/tactical/49
rect	272	409	279	420	007fff
tint	272	409	279	420	000810	/fonts/tactical/4f
rect	279	409	286	420	007fff
tint	279	409	286	420	000810	/fonts/tactical/4e
rect	286	409	293	420	007fff
tint	286	409	293	420	000810	/fonts/tactical/20
rect	293	409	300	420	000810
tint	293	409	300	420	007fff	/fonts/tactical/20
rect	300	409	307	420	000810
tint	300	409	307	420	007fff	/fonts/tactical/53
rect	307	409	314	420	000810
tint	307	409	314	420	007fff	/fonts/tactical/45
rect	314	409	321	420	000810
tint	314	409	321	420	007fff	/fonts/tactical/43
rect	321	409	328	420	000810
tint	321	409	328	420	007fff	/fonts/tactical/55
rect	328	409	335	420	000810
tint	328	409	335	420	007fff	/fonts/tactical/52
rect	335	409	342	420	000810
tint	335	409	342	420	007fff	/fonts/tactical/45
rect	342	409	349	420	000810
tint	342	409	349	420	007fff	/fonts/tactical/20
rect	349	409	356	420	000810
tint	349	409	356	420	007fff	/fonts/tactical/4b
rect	356	409	363	420	000810
tint	356	409	363	420	007fff	/fonts/tactical/45
rect	363	409	370	420	000810
tint	363	409	370	420	007fff	/fonts/tactical/59
rect	370	409	377	420	000810
tint	370	409	377	420	007fff	/fonts/tactical/20
rect	377	409	384	420	000810
tint	377	409	384	420	007fff	/fonts/tactical/4f
rect	384	409	391	420	000810
tint	384	409	391	420	007fff	/fonts/tactical/4b
rect	391	409	398	420	000810
tint	391	409	398	420	007fff	/fonts/tactical/20
rect	398	409	405	420	000810
tint	398	409	405	420	007fff	/fonts/tactical/2d
rect	405	409	412	420	000810
tint	405	409	412	420	007fff	/fonts/tactical/20
rect	412	409	419	420	000810
tint	412	409	419	420	007fff	/fonts/tactical/4e
rect	419	409	426	420	000810
tint	419	409	426	420	007fff	/fonts/tactical/57
rect	426	409	433	420	000810
tint	426	409	433	420	007fff	/fonts/tactical/33
rect	433	409	440	420	000810
tint	433	409	440	420	007fff	/fonts/tactical/20
rect	440	409	447	420	000810
tint	440	409	447	420	007fff	/fonts/tactical/54
rect	447	409	454	420	000810
tint	447	409	454	420	007fff	/fonts/tactical/49
rect	454	409	461	420	000810
tint	454	409	461	420	007fff	/fonts/tactical/47
rect	461	409	468	420	000810
tint	461	409	468	420	007fff	/fonts/tactical/48
rect	468	409	475	420	000810
tint	468	409	475	420	007fff	/fonts/tactical/54
rect	475	409	482	420	000810
tint	475	409	482	420	007fff	/fonts/tactical/20
rect	482	409	489	420	000810
tint	482	409	489	420	007fff	/fonts/tactical/42
rect	489	409	496	420	000810
tint	489	409	496	420	007fff	/fonts/tactical/45
rect	496	409	503	420	000810
tint	496	409	503	420	007fff	/fonts/tactical/41
rect	503	409	510	420	000810
tint	503	409	510	420	007fff	/fonts/tactical/4d
rect	510	409	604	420	000810
	132	420	139	431	
tint	132	420	139	431	007fff	/fonts/tactical/53
rect	139	420	146	431	000810
tint	139	420	146	431	007fff	/fonts/tactical/4f
rect	146	420	153	431	000810
tint	146	420	153	431	007fff	/fonts/tactical/55
rect	153	420	160	431	000810
tint	153	420	160	431	007fff	/fonts/tactical/52
rect	160	420	167	431	000810
tint	160	420	167	431	007fff	/fonts/tactical/43
rect	167	420	174	431	000810
tint	167	420	174	431	007fff	/fonts/tactical/45
rect	174	420	181	431	000810
tint	174	420	181	431	007fff	/fonts/tactical/3a
rect	181	420	188	431	000810
tint	181	420	188	431	007fff	/fonts/tactical/20
rect	188	420	195	431	000810
tint	188	420	195	431	007fff	/fonts/tactical/53
rect	195	420	202	431	000810
tint	195	420	202	431	007fff	/fonts/tactical/63
rect	202	420	209	431	000810
tint	202	420	209	431	007fff	/fonts/tactical/69
rect	209	420	216	431	000810
tint	209	420	216	431	007fff	/fonts/tactical/65
rect	216	420	223	431	000810
tint	216	420	223	431	007fff	/fonts/tactical/6e
rect	223	420	230	431	000810
tint	223	420	230	431	007fff	/fonts/tactical/63
rect	230	420	237	431	000810
tint	230	420	237	431	007fff	/fonts/tactical/65
rect	237	420	244	431	000810
tint	237	420	244	431	007fff	/fonts/tactical/20
rect	244	420	251	431	000810
tint	244	420	251	431	007fff	/fonts/tactical/56
rect	251	420	258	431	000810
tint	251	420	258	431	007fff	/fonts/tactical/65
rect	258	420	265	431	000810
tint	258	420	265	431	007fff	/fonts/tactical/73
rect	265	420	272	431	000810
tint	265	420	272	431	007fff	/fonts/tactical/73
rect	272	420	279	431	000810
tint	272	420	279	431	007fff	/fonts/tactical/65
rect	279	420	286	431	000810
tint	279	420	286	431	007fff	/fonts/tactical/6c
rect	286	420	293	431	000810
tint	286	420	293	431	007fff	/fonts/tactical/20
rect	293	420	300	431	000810
tint	293	420	300	431	007fff	/fonts/tactical/49
rect	300	420	307	431	000810
tint	300	420	307	431	007fff	/fonts/tactical/53
rect	307	420	314	431	000810
tint	307	420	314	431	007fff	/fonts/tactical/4e
rect	314	420	321	431	000810
tint	314	420	321	431	007fff	/fonts/tactical/20
rect	321	420	328	431	000810
tint	321	420	328	431	007fff	/fonts/tactical/30
rect	328	420	335	431	000810
tint	328	420	335	431	007fff	/fonts/tactical/39
rect	335	420	342	431	000810
tint	335	420	342	431	007fff	/fonts/tactical/31
rect	342	420	349	431	000810
tint	342	420	349	431	007fff	/fonts/tactical/37
rect	349	420	356	431	000810
tint	349	420	356	431	007fff	/fonts/tactical/39
rect	356	420	363	431	000810
tint	356	420	363	431	007fff	/fonts/tactical/39
rect	363	420	370	431	000810
tint	363	420	370	431	007fff	/fonts/tactical/36
rect	370	420	604	431	000810
	132	431	139	442	
tint	132	431	139	442	007fff	/fonts/tactical/54
rect	139	431	146	442	000810
tint	139	431	146	442	007fff	/fonts/tactical/68
rect	146	431	153	442	000810
tint	146	431	153	442	007fff	/fonts/tactical/65
rect	153	431	160	442	000810
tint	153	431	160	442	007fff	/fonts/tactical/72
rect	160	431	167	442	000810
tint	160	431	167	442	007fff	/fonts/tactical/65
rect	167	431	174	442	000810
tint	167	431	174	442	007fff	/fonts/tactical/20
rect	174	431	181	442	000810
tint	174	431	181	442	007fff	/fonts/tactical/61
rect	181	431	188	442	000810
tint	181	431	188	442	007fff	/fonts/tactical/72
rect	188	431	195	442	000810
tint	188	431	195	442	007fff	/fonts/tactical/65
rect	195	431	202	442	000810
tint	195	431	202	442	007fff	/fonts/tactical/20
rect	202	431	209	442	000810
tint	202	431	209	442	007fff	/fonts/tactical/73
rect	209	431	216	442	000810
tint	209	431	216	442	007fff	/fonts/tactical/65
rect	216	431	223	442	000810
tint	216	431	223	442	007fff	/fonts/tactical/76
rect	223	431	230	442	000810
tint	223	431	230	442	007fff	/fonts/tactical/65
rect	230	431	237	442	000810
tint	230	431	237	442	007fff	/fonts/tactical/72
rect	237	431	244	442	000810
tint	237	431	244	442	007fff	/fonts/tactical/61
rect	244	431	251	442	000810
tint	244	431	251	442	007fff	/fonts/tactical/6c
rect	251	431	258	442	000810
tint	251	431	258	442	007fff	/fonts/tactical/20
rect	258	431	265	442	000810
tint	258	431	265	442	007fff	/fonts/tactical/6c
rect	265	431	272	442	000810
tint	265	431	272	442	007fff	/fonts/tactical/61
rect	272	431	279	442	000810
tint	272	431	279	442	007fff	/fonts/tactical/72
rect	279	431	286	442	000810
tint	279	431	286	442	007fff	/fonts/tactical/67
rect	286	431	293	442	000810
tint	286	431	293	442	007fff	/fonts/tactical/65
rect	293	431	300	442	000810
tint	293	431	300	442	007fff	/fonts/tactical/20
rect	300	431	307	442	000810
tint	300	431	307	442	007fff	/fonts/tactical/68
rect	307	431	314	442	000810
tint	307	431	314	442	007fff	/fonts/tactical/6f
rect	314	431	321	442	000810
tint	314	431	321	442	007fff	/fonts/tactical/73
rect	321	431	328	442	000810
tint	321	431	328	442	007fff	/fonts/tactical/74
rect	328	431	335	442	000810
tint	328	431	335	442	007fff	/fonts/tactical/69
rect	335	431	342	442	000810
tint	335	431	342	442	007fff	/fonts/tactical/6c
rect	342	431	349	442	000810
tint	342	431	349	442	007fff	/fonts/tactical/65
rect	349	431	356	442	000810
tint	349	431	356	442	007fff	/fonts/tactical/20
rect	356	431	363	442	000810
tint	356	431	363	442	007fff	/fonts/tactical/41
rect	363	431	370	442	000810
tint	363	431	370	442	007fff	/fonts/tactical/75
rect	370	431	377	442	000810
tint	370	431	377	442	007fff	/fonts/tactical/64
rect	377	431	384	442	000810
tint	377	431	384	442	007fff	/fonts/tactical/65
rect	384	431	391	442	000810
tint	384	431	391	442	007fff	/fonts/tactical/6d
rect	391	431	398	442	000810
tint	391	431	398	442	007fff	/fonts/tactical/65
rect	398	431	405	442	000810
tint	398	431	405	442	007fff	/fonts/tactical/64
rect	405	431	412	442	000810
tint	405	431	412	442	007fff	/fonts/tactical/6f
rect	412	431	419	442	000810
tint	412	431	419	442	007fff	/fonts/tactical/6e
rect	419	431	426	442	000810
tint	419	431	426	442	007fff	/fonts/tactical/20
rect	426	431	433	442	000810
tint	426	431	433	442	007fff	/fonts/tactical/76
rect	433	431	440	442	000810
tint	433	431	440	442	007fff	/fonts/tactical/65
rect	440	431	447	442	000810
tint	440	431	447	442	007fff	/fonts/tactical/73
rect	447	431	454	442	000810
tint	447	431	454	442	007fff	/fonts/tactical/73
rect	454	431	461	442	000810
tint	454	431	461	442	007fff	/fonts/tactical/65
rect	461	431	468	442	000810
tint	461	431	468	442	007fff	/fonts/tactical/6c
rect	468	431	475	442	000810
tint	468	431	475	442	007fff	/fonts/tactical/73
rect	475	431	482	442	000810
tint	475	431	482	442	007fff	/fonts/tactical/20
rect	482	431	489	442	000810
tint	482	431	489	442	007fff	/fonts/tactical/73
rect	489	431	496	442	000810
tint	489	431	496	442	007fff	/fonts/tactical/74
rect	496	431	503	442	000810
tint	496	431	503	442	007fff	/fonts/tactical/61
rect	503	431	510	442	000810
tint	503	431	510	442	007fff	/fonts/tactical/74
rect	510	431	517	442	000810
tint	510	431	517	442	007fff	/fonts/tactical/69
rect	517	431	524	442	000810
tint	517	431	524	442	007fff	/fonts/tactical/6f
rect	524	431	531	442	000810
tint	524	431	531	442	007fff	/fonts/tactical/6e
rect	531	431	538	442	000810
tint	531	431	538	442	007fff	/fonts/tactical/65
rect	538	431	545	442	000810
tint	538	431	545	442	007fff	/fonts/tactical/64
rect	545	431	552	442	000810
tint	545	431	552	442	007fff	/fonts/tactical/20
rect	552	431	559	442	000810
tint	552	431	559	442	007fff	/fonts/tactical/61
rect	559	431	566	442	000810
tint	559	431	566	442	007fff	/fonts/tactical/72
rect	566	431	573	442	000810
tint	566	431	573	442	007fff	/fonts/tactical/6f
rect	573	431	580	442	000810
tint	573	431	580	442	007fff	/fonts/tactical/75
rect	580	431	587	442	000810
tint	580	431	587	442	007fff	/fonts/tactical/6e
rect	587	431	594	442	000810
tint	587	431	594	442	007fff	/fonts/tactical/64
rect	594	431	601	442	000810
tint	594	431	601	442	007fff	/fonts/tactical/20
rect	132	442	139	453	000810
tint	132	442	139	453	007fff	/fonts/tactical/74
rect	139	442	146	453	000810
tint	139	442	146	453	007fff	/fonts/tactical/68
rect	146	442	153	453	000810
tint	146	442	153	453	007fff	/fonts/tactical/65
rect	153	442	160	453	000810
tint	153	442	160	453	007fff	/fonts/tactical/20
rect	160	442	167	453	000810
tint	160	442	167	453	007fff	/fonts/tactical/6d
rect	167	442	174	453	000810
tint	167	442	174	453	007fff	/fonts/tactical/61
rect	174	442	181	453	000810
tint	174	442	181	453	007fff	/fonts/tactical/73
rect	181	442	188	453	000810
tint	181	442	188	453	007fff	/fonts/tactical/73
rect	188	442	195	453	000810
tint	188	442	195	453	007fff	/fonts/tactical/69
rect	195	442	202	453	000810
tint	195	442	202	453	007fff	/fonts/tactical/76
rect	202	442	209	453	000810
tint	202	442	209	453	007fff	/fonts/tactical/65
rect	209	442	216	453	000810
tint	209	442	216	453	007fff	/fonts/tactical/20
rect	216	442	223	453	000810
tint	216	442	223	453	007fff	/fonts/tactical/6f
rect	223	442	230	453	000810
tint	223	442	230	453	007fff	/fonts/tactical/62
rect	230	442	237	453	000810
tint	230	442	237	453	007fff	/fonts/tactical/6a
rect	237	442	244	453	000810
tint	237	442	244	453	007fff	/fonts/tactical/65
rect	244	442	251	453	000810
tint	244	442	251	453	007fff	/fonts/tactical/63
rect	251	442	258	453	000810
tint	251	442	258	453	007fff	/fonts/tactical/74
rect	258	442	265	453	000810
tint	258	442	265	453	007fff	/fonts/tactical/2e
rect	265	442	272	453	000810
tint	265	442	272	453	007fff	/fonts/tactical/20
rect	272	442	279	453	000810
tint	272	442	279	453	007fff	/fonts/tactical/54
rect	279	442	286	453	000810
tint	279	442	286	453	007fff	/fonts/tactical/68
rect	286	442	293	453	000810
tint	286	442	293	453	007fff	/fonts/tactical/65
rect	293	442	300	453	000810
tint	293	442	300	453	007fff	/fonts/tactical/72
rect	300	442	307	453	000810
tint	300	442	307	453	007fff	/fonts/tactical/65
rect	307	442	314	453	000810
tint	307	442	314	453	007fff	/fonts/tactical/20
rect	314	442	321	453	000810
tint	314	442	321	453	007fff	/fonts/tactical/61
rect	321	442	328	453	000810
tint	321	442	328	453	007fff	/fonts/tactical/72
rect	328	442	335	453	000810
tint	328	442	335	453	007fff	/fonts/tactical/65
rect	335	442	342	453	000810
tint	335	442	342	453	007fff	/fonts/tactical/20
rect	342	442	349	453	000810
tint	342	442	349	453	007fff	/fonts/tactical/61
rect	349	442	356	453	000810
tint	349	442	356	453	007fff	/fonts/tactical/6c
rect	356	442	363	453	000810
tint	356	442	363	453	007fff	/fonts/tactical/73
rect	363	442	370	453	000810
tint	363	442	370	453	007fff	/fonts/tactical/6f
rect	370	442	377	453	000810
tint	370	442	377	453	007fff	/fonts/tactical/20
rect	377	442	384	453	000810
tint	377	442	384	453	007fff	/fonts/tactical/66
rect	384	442	391	453	000810
tint	384	442	391	453	007fff	/fonts/tactical/69
rect	391	442	398	453	000810
tint	391	442	398	453	007fff	/fonts/tactical/76
rect	398	442	405	453	000810
tint	398	442	405	453	007fff	/fonts/tactical/65
rect	405	442	412	453	000810
tint	405	442	412	453	007fff	/fonts/tactical/20
rect	412	442	419	453	000810
tint	412	442	419	453	007fff	/fonts/tactical/73
rect	419	442	426	453	000810
tint	419	442	426	453	007fff	/fonts/tactical/6d
rect	426	442	433	453	000810
tint	426	442	433	453	007fff	/fonts/tactical/61
rect	433	442	440	453	000810
tint	433	442	440	453	007fff	/fonts/tactical/6c
rect	440	442	447	453	000810
tint	440	442	447	453	007fff	/fonts/tactical/6c
rect	447	442	454	453	000810
tint	447	442	454	453	007fff	/fonts/tactical/65
rect	454	442	461	453	000810
tint	454	442	461	453	007fff	/fonts/tactical/72
rect	461	442	468	453	000810
tint	461	442	468	453	007fff	/fonts/tactical/20
rect	468	442	475	453	000810
tint	468	442	475	453	007fff	/fonts/tactical/73
rect	475	442	482	453	000810
tint	475	442	482	453	007fff	/fonts/tactical/68
rect	482	442	489	453	000810
tint	482	442	489	453	007fff	/fonts/tactical/69
rect	489	442	496	453	000810
tint	489	442	496	453	007fff	/fonts/tactical/70
rect	496	442	503	453	000810
tint	496	442	503	453	007fff	/fonts/tactical/73
rect	503	442	510	453	000810
tint	503	442	510	453	007fff	/fonts/tactical/20
rect	510	442	517	453	000810
tint	510	442	517	453	007fff	/fonts/tactical/6f
rect	517	442	524	453	000810
tint	517	442	524	453	007fff	/fonts/tactical/6e
rect	524	442	531	453	000810
tint	524	442	531	453	007fff	/fonts/tactical/20
rect	531	442	538	453	000810
tint	531	442	538	453	007fff	/fonts/tactical/61
rect	538	442	545	453	000810
tint	538	442	545	453	007fff	/fonts/tactical/6e
rect	545	442	552	453	000810
tint	545	442	552	453	007fff	/fonts/tactical/20
rect	132	453	139	464	000810
tint	132	453	139	464	007fff	/fonts/tactical/69
rect	139	453	146	464	000810
tint	139	453	146	464	007fff	/fonts/tactical/6e
rect	146	453	153	464	000810
tint	146	453	153	464	007fff	/fonts/tactical/74
rect	153	453	160	464	000810
tint	153	453	160	464	007fff	/fonts/tactical/65
rect	160	453	167	464	000810
tint	160	453	167	464	007fff	/fonts/tactical/72
rect	167	453	174	464	000810
tint	167	453	174	464	007fff	/fonts/tactical/63
rect	174	453	181	464	000810
tint	174	453	181	464	007fff	/fonts/tactical/65
rect	181	453	188	464	000810
tint	181	453	188	464	007fff	/fonts/tactical/70
rect	188	453	195	464	000810
tint	188	453	195	464	007fff	/fonts/tactical/74
rect	195	453	202	464	000810
tint	195	453	202	464	007fff	/fonts/tactical/20
rect	202	453	209	464	000810
tint	202	453	209	464	007fff	/fonts/tactical/63
rect	209	453	216	464	000810
tint	209	453	216	464	007fff	/fonts/tactical/6f
rect	216	453	223	464	000810
tint	216	453	223	464	007fff	/fonts/tactical/75
rect	223	453	230	464	000810
tint	223	453	230	464	007fff	/fonts/tactical/72
rect	230	453	237	464	000810
tint	230	453	237	464	007fff	/fonts/tactical/73
rect	237	453	244	464	000810
tint	237	453	244	464	007fff	/fonts/tactical/65
rect	244	453	251	464	000810
tint	244	453	251	464	007fff	/fonts/tactical/2e
rect	251	453	258	464	000810
tint	251	453	258	464	007fff	/fonts/tactical/20
rect	258	453	265	464	000810
tint	258	453	265	464	007fff	/fonts/tactical/57
rect	265	453	272	464	000810
tint	265	453	272	464	007fff	/fonts/tactical/65
rect	272	453	279	464	000810
tint	272	453	279	464	007fff	/fonts/tactical/20
rect	279	453	286	464	000810
tint	279	453	286	464	007fff	/fonts/tactical/72
rect	286	453	293	464	000810
tint	286	453	293	464	007fff	/fonts/tactical/65
rect	293	453	300	464	000810
tint	293	453	300	464	007fff	/fonts/tactical/6d
rect	300	453	307	464	000810
tint	300	453	307	464	007fff	/fonts/tactical/69
rect	307	453	314	464	000810
tint	307	453	314	464	007fff	/fonts/tactical/6e
rect	314	453	321	464	000810
tint	314	453	321	464	007fff	/fonts/tactical/64
rect	321	453	328	464	000810
tint	321	453	328	464	007fff	/fonts/tactical/20
rect	328	453	335	464	000810
tint	328	453	335	464	007fff	/fonts/tactical/79
rect	335	453	342	464	000810
tint	335	453	342	464	007fff	/fonts/tactical/6f
rect	342	453	349	464	000810
tint	342	453	349	464	007fff	/fonts/tactical/75
rect	349	453	356	464	000810
tint	349	453	356	464	007fff	/fonts/tactical/20
rect	356	453	363	464	000810
tint	356	453	363	464	007fff	/fonts/tactical/74
rect	363	453	370	464	000810
tint	363	453	370	464	007fff	/fonts/tactical/68
rect	370	453	377	464	000810
tint	370	453	377	464	007fff	/fonts/tactical/61
rect	377	453	384	464	000810
tint	377	453	384	464	007fff	/fonts/tactical/74
rect	384	453	391	464	000810
tint	384	453	391	464	007fff	/fonts/tactical/20
rect	391	453	398	464	000810
tint	391	453	398	464	007fff	/fonts/tactical/74
rect	398	453	405	464	000810
tint	398	453	405	464	007fff	/fonts/tactical/68
rect	405	453	412	464	000810
tint	405	453	412	464	007fff	/fonts/tactical/65
rect	412	453	419	464	000810
tint	412	453	419	464	007fff	/fonts/tactical/20
rect	419	453	426	464	000810
tint	419	453	426	464	007fff	/fonts/tactical/73
rect	426	453	433	464	000810
tint	426	453	433	464	007fff	/fonts/tactical/75
rect	433	453	440	464	000810
tint	433	453	440	464	007fff	/fonts/tactical/63
rect	440	453	447	464	000810
tint	440	453	447	464	007fff	/fonts/tactical/63
rect	447	453	454	464	000810
tint	447	453	454	464	007fff	/fonts/tactical/65
rect	454	453	461	464	000810
tint	454	453	461	464	007fff	/fonts/tactical/73
rect	461	453	468	464	000810
tint	461	453	468	464	007fff	/fonts/tactical/73
rect	468	453	475	464	000810
tint	468	453	475	464	007fff	/fonts/tactical/20
rect	475	453	482	464	000810
tint	475	453	482	464	007fff	/fonts/tactical/6f
rect	482	453	489	464	000810
tint	482	453	489	464	007fff	/fonts/tactical/66
rect	489	453	496	464	000810
tint	489	453	496	464	007fff	/fonts/tactical/20
rect	496	453	503	464	000810
tint	496	453	503	464	007fff	/fonts/tactical/74
rect	503	453	510	464	000810
tint	503	453	510	464	007fff	/fonts/tactical/68
rect	510	453	517	464	000810
tint	510	453	517	464	007fff	/fonts/tactical/69
rect	517	453	524	464	000810
tint	517	453	524	464	007fff	/fonts/tactical/73
rect	524	453	531	464	000810
tint	524	453	531	464	007fff	/fonts/tactical/20
rect	531	453	538	464	000810
tint	531	453	538	464	007fff	/fonts/tactical/6d
rect	538	453	545	464	000810
tint	538	453	545	464	007fff	/fonts/tactical/69
rect	545	453	552	464	000810
tint	545	453	552	464	007fff	/fonts/tactical/73
rect	552	453	559	464	000810
tint	552	453	559	464	007fff	/fonts/tactical/73
rect	559	453	566	464	000810
tint	559	453	566	464	007fff	/fonts/tactical/69
rect	566	453	573	464	000810
tint	566	453	573	464	007fff	/fonts/tactical/6f
rect	573	453	580	464	000810
tint	573	453	580	464	007fff	/fonts/tactical/6e
rect	580	453	587	464	000810
tint	580	453	587	464	007fff	/fonts/tactical/20
rect	132	464	139	475	000810
tint	132	464	139	475	007fff	/fonts/tactical/64
rect	139	464	146	475	000810
tint	139	464	146	475	007fff	/fonts/tactical/65
rect	146	464	153	475	000810
tint	146	464	153	475	007fff	/fonts/tactical/70
rect	153	464	160	475	000810
tint	153	464	160	475	007fff	/fonts/tactical/65
rect	160	464	167	475	000810
tint	160	464	167	475	007fff	/fonts/tactical/6e
rect	167	464	174	475	000810
tint	167	464	174	475	007fff	/fonts/tactical/64
rect	174	464	181	475	000810
tint	174	464	181	475	007fff	/fonts/tactical/73
rect	181	464	188	475	000810
tint	181	464	188	475	007fff	/fonts/tactical/20
rect	188	464	195	475	000810
tint	188	464	195	475	007fff	/fonts/tactical/6f
rect	195	464	202	475	000810
tint	195	464	202	475	007fff	/fonts/tactical/6e
rect	202	464	209	475	000810
tint	202	464	209	475	007fff	/fonts/tactical/20
rect	209	464	216	475	000810
tint	209	464	216	475	007fff	/fonts/tactical/74
rect	216	464	223	475	000810
tint	216	464	223	475	007fff	/fonts/tactical/68
rect	223	464	230	475	000810
tint	223	464	230	475	007fff	/fonts/tactical/65
rect	230	464	237	475	000810
tint	230	464	237	475	007fff	/fonts/tactical/20
rect	237	464	244	475	000810
tint	237	464	244	475	007fff	/fonts/tactical/73
rect	244	464	251	475	000810
tint	244	464	251	475	007fff	/fonts/tactical/61
rect	251	464	258	475	000810
tint	251	464	258	475	007fff	/fonts/tactical/66
rect	258	464	265	475	000810
tint	258	464	265	475	007fff	/fonts/tactical/65
rect	265	464	272	475	000810
tint	265	464	272	475	007fff	/fonts/tactical/74
rect	272	464	279	475	000810
tint	272	464	279	475	007fff	/fonts/tactical/79
rect	279	464	286	475	000810
tint	279	464	286	475	007fff	/fonts/tactical/20
rect	286	464	293	475	000810
tint	286	464	293	475	007fff	/fonts/tactical/6f
rect	293	464	300	475	000810
tint	293	464	300	475	007fff	/fonts/tactical/66
rect	300	464	307	475	000810
tint	300	464	307	475	007fff	/fonts/tactical/20
rect	307	464	314	475	000810
tint	307	464	314	475	007fff	/fonts/tactical/74
rect	314	464	321	475	000810
tint	314	464	321	475	007fff	/fonts/tactical/68
rect	321	464	328	475	000810
tint	321	464	328	475	007fff	/fonts/tactical/69
rect	328	464	335	475	000810
tint	328	464	335	475	007fff	/fonts/tactical/73
rect	335	464	342	475	000810
tint	335	464	342	475	007fff	/fonts/tactical/20
rect	342	464	349	475	000810
tint	342	464	349	475	007fff	/fonts/tactical/73
rect	349	464	356	475	000810
tint	349	464	356	475	007fff	/fonts/tactical/68
rect	356	464	363	475	000810
tint	356	464	363	475	007fff	/fonts/tactical/69
rect	363	464	370	475	000810
tint	363	464	370	475	007fff	/fonts/tactical/70
rect	370	464	377	475	000810
tint	370	464	377	475	007fff	/fonts/tactical/2e
rect	377	464	384	475	007fff
tint	377	464	384	475	000810	/fonts/tactical/3c
rect	384	464	391	475	007fff
tint	384	464	391	475	000810	/fonts/tactical/45
rect	391	464	398	475	007fff
tint	391	464	398	475	000810	/fonts/tactical/4f
rect	398	464	405	475	007fff
tint	398	464	405	475	000810	/fonts/tactical/54
rect	405	464	412	475	007fff
tint	405	464	412	475	000810	/fonts/tactical/3e
rect	412	464	419	475	000810
tint	412	464	419	475	007fff	/fonts/tactical/20
rect	419	464	604	475	000810
line	559	290	548	279	489048
			544	294	
	548	279			204020
draw	0	0	128	480	/pictures/501.png
	608		640		/pictures/512.png
line	614	372	614	359	00488f
		359	622		
	622			372	002850
		372	614		
rect	615	360	622	372	003870
line	614	456	614	373	007fff
		373	622		
	622			456	00488f
		456	614		
rect	615	374	622	456	0070e0
line	614	232	614	231	909048
		231	622		
	622			232	505028
		232	614		
	614	328		233	ffff7f
		233	622		
	622			328	909048
		328	614		
rect	615	234	622	328	e0e070
line	614	110	614	103	904848
		103	622		
	622			110	502828
		110	614		
rect	615	104	622	110	703838
line	614	200	614	111	ff7f7f
		111	622		
	622			200	904848
		200	614		
rect	615	112	622	200	e07070
	634	49	636	52	7fff7f
		53		56	60c060
		57		60	
		61		64	
		65		68	
		69		72	7fff7f
		73		76	60c060
		77		80	
		81		84	
		85		88	
		89		92	7fff7f
		93		96	60c060
		97		100	
		101		104	
		105		108	
		109		112	7fff7f
		113		116	60c060
		117		120	
		121		124	
		125		128	
		129		132	7fff7f
		133		136	60c060
		137		140	
		141		144	
		145		148	
		149		152	183018
		153		156	
		157		160	
		161		164	
		165		168	
		169		172	
		173		176	
		177		180	
		181		184	
		185		188	
		189		192	
		193		196	
		197		200	
		201		204	
		205		208	
		209		212	
		213		216	
		217		220	
		221		224	
		225		228	
		229		232	
		233		236	
		237		240	
		241		244	
		245		248	
		249		252	
		253		256	
		257		260	
		261		264	
		265		268	
		269		272	
		273		276	
		277		280	
		281		284	
		285		288	
		289		292	
		293		296	
		297		300	
		301		304	
		305		308	
		309		312	
		313		316	
		317		320	
		321		324	
		325		328	
		329		332	
		333		336	
		337		340	
		341		344	
		345		348	
		349		352	
		353		356	
		357		360	
		361		364	
		365		368	
		369		372	
		373		376	
		377		380	
		381		384	
		385		388	
		389		392	
		393		396	
		397		400	
		401		404	
		405		408	
		409		412	
		413		416	
		417		420	
		421		424	
		425		428	
		429		432	
		433		436	
		437		440	
		441		444	
		445		448	
	621	52	631	56	303000
		57		61	
		62		66	
		67		71	
		72		76	
		77		81	
		82		86	
	7	7	115	115	00ff00
	8	8	114	114	001000
	51	51	71	71	003000
point	11	43	00e000
	69	61	
	13	39	
	69	62	
	63	61	
	62	60	
	64	61	
	66	62	
	64	59	
	72	66	
	65	60	
	66	61	
	61		
	68		
rect	12	320	121	440	001000
line	12	330	119	330	009000
tint	15	320	21	332	00ff00	/fonts/computer/4d
	21		27			/fonts/computer/41
	27		33			/fonts/computer/49
	33		39			/fonts/computer/4e
	39		45			/fonts/computer/20
	45		51			/fonts/computer/4d
	51		57			/fonts/computer/45
	57		63			/fonts/computer/4e
	63		69			/fonts/computer/55
line	12	343	12	332	009000
		332	120		
	120			343	005000
		343	12		
rect	13	333	120	343	007000
tint	15	332	21	344	00ff00	/fonts/computer/3c
	21		27			/fonts/computer/42
	27		33			/fonts/computer/75
	33		39			/fonts/computer/69
	39		45			/fonts/computer/6c
	45		51			/fonts/computer/64
	51		57			/fonts/computer/3e
	15	344	21	356		/fonts/computer/3c
	21		27			/fonts/computer/53
	27		33			/fonts/computer/70
	33		39			/fonts/computer/65
	39		45			/fonts/computer/63
	45		51			/fonts/computer/69
	51		57			/fonts/computer/61
	57		63			/fonts/computer/6c
	63		69			/fonts/computer/20
	69		75			/fonts/computer/4f
	75		81			/fonts/computer/72
	81		87			/fonts/computer/64
	87		93			/fonts/computer/65
	93		99			/fonts/computer/72
	99		105			/fonts/computer/73
	105		111			/fonts/computer/3e
	15	356	21	368		/fonts/computer/3c
	21		27			/fonts/computer/4d
	27		33			/fonts/computer/65
	33		39			/fonts/computer/73
	39		45			
	45		51			/fonts/computer/61
	51		57			/fonts/computer/67
	57		63			/fonts/computer/65
	63		69			/fonts/computer/3e
	15	368	21	380		/fonts/computer/3c
	21		27			/fonts/computer/4d
	27		33			/fonts/computer/69
	33		39			/fonts/computer/73
	39		45			
	45		51			/fonts/computer/69
	51		57			/fonts/computer/6f
	57		63			/fonts/computer/6e
	63		69			/fonts/computer/20
	69		75			/fonts/computer/53
	75		81			/fonts/computer/74
	81		87			/fonts/computer/61
	87		93			/fonts/computer/74
	93		99			/fonts/computer/75
	99		105			/fonts/computer/73
	105		111			/fonts/computer/3e
line	12	438	119	438	009000
rect	16	450	114	475	001010
line	17	461	17	450	00c0c0
		450	43		
	43			461	007070
		461	17		
rect	18	451	43	461	009090
tint	19	450	25	462	00ffff	/fonts/computer/52
	25		31			/fonts/computer/47
	31		37			/fonts/computer/48
	37		43			/fonts/computer/54
	43		49			/fonts/computer/20
	49		55			/fonts/computer/53
	55		61			/fonts/computer/65
	61		67			/fonts/computer/6c
	67		73			/fonts/computer/65
	73		79			/fonts/computer/63
	79		85			/fonts/computer/74
line	12	191	12	180	ffff00
		180	120		
	120			191	909000
		191	12		
rect	13	181	120	191	c0c000
tint	15	180	21	192	000000	/fonts/computer/43
	21		27			/fonts/computer/4f
	27		33			/fonts/computer/4e
	33		39			/fonts/computer/54
	39		45			/fonts/computer/52
	45		51			/fonts/computer/4f
	51		57			/fonts/computer/4c
line	14	204	35	204	489048
			14	205	
	35		35		
	14	225		225	
			14	224	
	35		35		
	12	263	12	252	007fff
		252	120		
	120			263	00488f
		263	12		
rect	13	253	120	263	0060c0
tint	15	252	21	264	000000	/fonts/computer/54
	21		27			/fonts/computer/41
	27		33			/fonts/computer/52
	33		39			/fonts/computer/47
	39		45			/fonts/computer/45
	45		51			/fonts/computer/54
	15	264	21	276	7fff7f	/fonts/computer/52
	21		27			/fonts/computer/45
	27		33			/fonts/computer/53
	33		39			/fonts/computer/45
	39		45			/fonts/computer/41
	45		51			/fonts/computer/52
	51		57			/fonts/computer/43
	57		63			/fonts/computer/48
draw	16	281	34	294	/sprites/585.SMIV/0
line	14	276	35	276	489048
			14	277	
	35		35		
	14	297		297	
			14	296	
	35		35		
rect	42	278	49	278	003870
				296	0060c0
line	40	276	50	276	00488f
			40	277	
	50		50		
	40	297		297	
			40	296	
	50		50		
rect	55	278	62	278	707000
				296	c0c000
line	53	276	63	276	909000
			53	277	
	63		63		
	53	297		297	
			53	296	
	63		63		
