point	482	361	d0d0d0
	443	58	b0b0b0
	526	222	
	589	213	808080
	329	271	d0d0d0
	392	323	808080
	329	338	
	421	453	
	538	331	d0d0d0
	450	463	808080
	267	355	b0b0b0
	136	306	808080
	435	77	
	386	86	
	217	181	
	373	120	b0b0b0
	203	60	
	342	476	808080
	541	39	
	308	93	d0d0d0
	568	119	
	164	274	
	242	209	b0b0b0
	230	350	d0d0d0
	263	211	b0b0b0
	226	258	
	386	205	808080
	173	18	
	376	400	b0b0b0
	190	23	808080
	516	401	b0b0b0
	491	0	
	353	328	
	385	397	808080
	507	140	
	331	452	
	432	58	d0d0d0
	362	175	808080
	230	95	b0b0b0
	352	303	808080
	467	220	b0b0b0
	289	302	808080
	413	448	
	490	281	b0b0b0
	349	356	808080
	501	319	b0b0b0
	534	379	d0d0d0
	205	437	b0b0b0
	361	274	808080
	528	277	
	491	459	d0d0d0
	165	280	
	251	405	808080
	293	143	b0b0b0
	276	37	d0d0d0
	452	265	
	558	387	b0b0b0
	403	201	808080
	465	308	
	436	346	d0d0d0
	407	476	808080
	424	455	
	515	290	d0d0d0
	288	256	808080
	155	9	
	305	386	d0d0d0
	248	295	808080
	579	96	
	142	223	d0d0d0
	185	253	
	462	286	808080
	529	446	d0d0d0
	470	149	
	539	1	808080
	412	132	d0d0d0
	509	167	808080
	404	436	
	310	400	b0b0b0
	204	163	808080
	131	186	
	569	145	d0d0d0
	448	120	b0b0b0
	159	399	
	497	380	d0d0d0
	183	171	
	288	61	808080
	431	392	
	130	339	b0b0b0
	465	294	808080
	477	336	d0d0d0
	584	65	b0b0b0
	419	194	
	351	449	808080
	417	75	b0b0b0
	577	236	
	167	150	d0d0d0
	169	126	b0b0b0
	357	196	808080
	360	367	d0d0d0
	545	257	b0b0b0
	599	467	
	392	61	d0d0d0
	494	29	b0b0b0
	289	52	d0d0d0
	202	280	b0b0b0
	497	85	808080
	401	335	
	200	82	b0b0b0
	482	264	d0d0d0
	382	237	808080
	566	96	
	369	50	d0d0d0
	551	403	808080
	133	127	
	374	404	d0d0d0
	243	264	808080
	350	476	
	462	294	b0b0b0
	185	307	d0d0d0
	287	178	b0b0b0
	218	207	808080
	535	342	
	319	211	b0b0b0
	484	336	808080
	264	304	d0d0d0
line	199	0	199	382	000050
	320		320		005000
	441		441		000050
	562		562		
	128	20	608	20	
		141		141	
		262		262	
	398	295	396	291	7f7fff
	409	321	411	324	007fff
	369	242	367	238	7f7fff
triangle	363	235	371	243	00c000
	410	323	416	329	c00000
	363	335	369	341	
rect	368	241	370	243	00ff00
	431	350	433	352	
	413	310	415	312	
	387	273	389	275	
	128	382	608	480	007fff
		383		479	000810
	132	387	139	398	007fff
crop	132	387	139	398	0	22	000810	/fonts/tactical
rect	139	387	146	398	007fff
crop	139	387	146	398	72	44	000810	/fonts/tactical
rect	146	387	153	398	007fff
crop	146	387	153	398	112	44	000810	/fonts/tactical
rect	153	387	160	398	007fff
crop	153	387	160	398	24	44	000810	/fonts/tactical
rect	160	387	167	398	007fff
crop	160	387	167	398	120	44	000810	/fonts/tactical
rect	167	387	174	398	007fff
crop	167	387	174	398	104	44	000810	/fonts/tactical
rect	174	387	181	398	007fff
crop	174	387	181	398	72	44	000810	/fonts/tactical
rect	181	387	188	398	007fff
crop	181	387	188	398	112	44	000810	/fonts/tactical
rect	188	387	195	398	007fff
crop	188	387	195	398	56	44	000810	/fonts/tactical
rect	195	387	202	398	007fff
crop	195	387	202	398	0	22	000810	/fonts/tactical
rect	202	387	209	398	007fff
crop	202	387	209	398	32	55	000810	/fonts/tactical
rect	209	387	216	398	007fff
crop	209	387	216	398	16	55	000810	/fonts/tactical
rect	216	387	223	398	007fff
crop	216	387	223	398	8	44	000810	/fonts/tactical
rect	223	387	230	398	007fff
crop	223	387	230	398	112	44	000810	/fonts/tactical
rect	230	387	237	398	007fff
crop	230	387	237	398	24	55	000810	/fonts/tactical
rect	237	387	244	398	007fff
crop	237	387	244	398	104	44	000810	/fonts/tactical
rect	244	387	251	398	007fff
crop	244	387	251	398	72	44	000810	/fonts/tactical
rect	251	387	258	398	007fff
crop	251	387	258	398	24	55	000810	/fonts/tactical
rect	258	387	265	398	007fff
crop	258	387	265	398	24	55	000810	/fonts/tactical
rect	265	387	272	398	007fff
crop	265	387	272	398	72	44	000810	/fonts/tactical
rect	272	387	279	398	007fff
crop	272	387	279	398	120	44	000810	/fonts/tactical
rect	279	387	286	398	007fff
crop	279	387	286	398	112	44	000810	/fonts/tactical
rect	286	387	293	398	007fff
crop	286	387	293	398	0	22	000810	/fonts/tactical
rect	293	387	300	398	000810
crop	293	387	300	398	0	22	007fff	/fonts/tactical
rect	300	387	307	398	000810
crop	300	387	307	398	24	55	007fff	/fonts/tactical
rect	307	387	314	398	000810
crop	307	387	314	398	40	44	007fff	/fonts/tactical
rect	314	387	321	398	000810
crop	314	387	321	398	24	44	007fff	/fonts/tactical
rect	321	387	328	398	000810
crop	321	387	328	398	40	55	007fff	/fonts/tactical
rect	328	387	335	398	000810
crop	328	387	335	398	16	55	007fff	/fonts/tactical
rect	335	387	342	398	000810
crop	335	387	342	398	40	44	007fff	/fonts/tactical
rect	342	387	349	398	000810
crop	342	387	349	398	0	22	007fff	/fonts/tactical
rect	349	387	356	398	000810
crop	349	387	356	398	88	44	007fff	/fonts/tactical
rect	356	387	363	398	000810
crop	356	387	363	398	40	44	007fff	/fonts/tactical
rect	363	387	370	398	000810
crop	363	387	370	398	72	55	007fff	/fonts/tactical
rect	370	387	377	398	000810
crop	370	387	377	398	0	22	007fff	/fonts/tactical
rect	377	387	384	398	000810
crop	377	387	384	398	120	44	007fff	/fonts/tactical
rect	384	387	391	398	000810
crop	384	387	391	398	88	44	007fff	/fonts/tactical
rect	391	387	398	398	000810
crop	391	387	398	398	0	22	007fff	/fonts/tactical
rect	398	387	405	398	000810
crop	398	387	405	398	104	22	007fff	/fonts/tactical
rect	405	387	412	398	000810
crop	405	387	412	398	0	22	007fff	/fonts/tactical
rect	412	387	419	398	000810
crop	412	387	419	398	112	44	007fff	/fonts/tactical
rect	419	387	426	398	000810
crop	419	387	426	398	56	55	007fff	/fonts/tactical
rect	426	387	433	398	000810
crop	426	387	433	398	24	33	007fff	/fonts/tactical
rect	433	387	440	398	000810
crop	433	387	440	398	0	22	007fff	/fonts/tactical
rect	440	387	447	398	000810
crop	440	387	447	398	32	55	007fff	/fonts/tactical
rect	447	387	454	398	000810
crop	447	387	454	398	72	44	007fff	/fonts/tactical
rect	454	387	461	398	000810
crop	454	387	461	398	56	44	007fff	/fonts/tactical
rect	461	387	468	398	000810
crop	461	387	468	398	64	44	007fff	/fonts/tactical
rect	468	387	475	398	000810
crop	468	387	475	398	32	55	007fff	/fonts/tactical
rect	475	387	482	398	000810
crop	475	387	482	398	0	22	007fff	/fonts/tactical
rect	482	387	489	398	000810
crop	482	387	489	398	16	44	007fff	/fonts/tactical
rect	489	387	496	398	000810
crop	489	387	496	398	40	44	007fff	/fonts/tactical
rect	496	387	503	398	000810
crop	496	387	503	398	8	44	007fff	/fonts/tactical
rect	503	387	510	398	000810
crop	503	387	510	398	104	44	007fff	/fonts/tactical
rect	510	387	604	398	000810
	132	398	139	409	
crop	132	398	139	409	24	55	007fff	/fonts/tactical
rect	139	398	146	409	000810
crop	139	398	146	409	120	44	007fff	/fonts/tactical
rect	146	398	153	409	000810
crop	146	398	153	409	40	55	007fff	/fonts/tactical
rect	153	398	160	409	000810
crop	153	398	160	409	16	55	007fff	/fonts/tactical
rect	160	398	167	409	000810
crop	160	398	167	409	24	44	007fff	/fonts/tactical
rect	167	398	174	409	000810
crop	167	398	174	409	40	44	007fff	/fonts/tactical
rect	174	398	181	409	000810
crop	174	398	181	409	80	33	007fff	/fonts/tactical
rect	181	398	188	409	000810
crop	181	398	188	409	0	22	007fff	/fonts/tactical
rect	188	398	195	409	000810
crop	188	398	195	409	24	55	007fff	/fonts/tactical
rect	195	398	202	409	000810
crop	195	398	202	409	24	66	007fff	/fonts/tactical
rect	202	398	209	409	000810
crop	202	398	209	409	72	66	007fff	/fonts/tactical
rect	209	398	216	409	000810
crop	209	398	216	409	40	66	007fff	/fonts/tactical
rect	216	398	223	409	000810
crop	216	398	223	409	112	66	007fff	/fonts/tactical
rect	223	398	230	409	000810
crop	223	398	230	409	24	66	007fff	/fonts/tactical
rect	230	398	237	409	000810
crop	230	398	237	409	40	66	007fff	/fonts/tactical
rect	237	398	244	409	000810
crop	237	398	244	409	0	22	007fff	/fonts/tactical
rect	244	398	251	409	000810
crop	244	398	251	409	48	55	007fff	/fonts/tactical
rect	251	398	258	409	000810
crop	251	398	258	409	40	66	007fff	/fonts/tactical
rect	258	398	265	409	000810
crop	258	398	265	409	24	77	007fff	/fonts/tactical
rect	265	398	272	409	000810
crop	265	398	272	409	24	77	007fff	/fonts/tactical
rect	272	398	279	409	000810
crop	272	398	279	409	40	66	007fff	/fonts/tactical
rect	279	398	286	409	000810
crop	279	398	286	409	96	66	007fff	/fonts/tactical
rect	286	398	293	409	000810
crop	286	398	293	409	0	22	007fff	/fonts/tactical
rect	293	398	300	409	000810
crop	293	398	300	409	40	55	007fff	/fonts/tactical
rect	300	398	307	409	000810
crop	300	398	307	409	112	44	007fff	/fonts/tactical
rect	307	398	314	409	000810
crop	307	398	314	409	24	55	007fff	/fonts/tactical
rect	314	398	321	409	000810
crop	314	398	321	409	0	22	007fff	/fonts/tactical
rect	321	398	328	409	000810
crop	321	398	328	409	0	33	007fff	/fonts/tactical
rect	328	398	335	409	000810
crop	328	398	335	409	72	33	007fff	/fonts/tactical
rect	335	398	342	409	000810
crop	335	398	342	409	8	33	007fff	/fonts/tactical
rect	342	398	349	409	000810
crop	342	398	349	409	56	33	007fff	/fonts/tactical
rect	349	398	356	409	000810
crop	349	398	356	409	72	33	007fff	/fonts/tactical
rect	356	398	363	409	000810
crop	356	398	363	409	72	33	007fff	/fonts/tactical
rect	363	398	370	409	000810
crop	363	398	370	409	48	33	007fff	/fonts/tactical
rect	370	398	604	409	000810
	132	409	139	420	007fff
crop	132	409	139	420	0	22	000810	/fonts/tactical
rect	139	409	146	420	007fff
crop	139	409	146	420	40	55	000810	/fonts/tactical
rect	146	409	153	420	007fff
crop	146	409	153	420	16	55	000810	/fonts/tactical
rect	153	409	160	420	007fff
crop	153	409	160	420	56	44	000810	/fonts/tactical
rect	160	409	167	420	007fff
crop	160	409	167	420	40	44	000810	/fonts/tactical
rect	167	409	174	420	007fff
crop	167	409	174	420	112	44	000810	/fonts/tactical
rect	174	409	181	420	007fff
crop	174	409	181	420	32	55	000810	/fonts/tactical
rect	181	409	188	420	007fff
crop	181	409	188	420	0	22	000810	/fonts/tactical
rect	188	409	195	420	000810
crop	188	409	195	420	0	22	007fff	/fonts/tactical
rect	195	409	202	420	000810
crop	195	409	202	420	32	55	007fff	/fonts/tactical
rect	202	409	209	420	000810
crop	202	409	209	420	64	66	007fff	/fonts/tactical
rect	209	409	216	420	000810
crop	209	409	216	420	40	66	007fff	/fonts/tactical
rect	216	409	223	420	000810
crop	216	409	223	420	0	22	007fff	/fonts/tactical
rect	223	409	230	420	000810
crop	223	409	230	420	104	66	007fff	/fonts/tactical
rect	230	409	237	420	000810
crop	230	409	237	420	8	66	007fff	/fonts/tactical
rect	237	409	244	420	000810
crop	237	409	244	420	24	77	007fff	/fonts/tactical
rect	244	409	251	420	000810
crop	244	409	251	420	24	77	007fff	/fonts/tactical
rect	251	409	258	420	000810
crop	251	409	258	420	72	66	007fff	/fonts/tactical
rect	258	409	265	420	000810
crop	258	409	265	420	48	77	007fff	/fonts/tactical
rect	265	409	272	420	000810
crop	265	409	272	420	40	66	007fff	/fonts/tactical
rect	272	409	279	420	000810
crop	272	409	279	420	0	22	007fff	/fonts/tactical
rect	279	409	286	420	000810
crop	279	409	286	420	120	66	007fff	/fonts/tactical
rect	286	409	293	420	000810
crop	286	409	293	420	16	66	007fff	/fonts/tactical
rect	293	409	300	420	000810
crop	293	409	300	420	80	66	007fff	/fonts/tactical
rect	300	409	307	420	000810
crop	300	409	307	420	40	66	007fff	/fonts/tactical
rect	307	409	314	420	000810
crop	307	409	314	420	24	66	007fff	/fonts/tactical
rect	314	409	321	420	000810
crop	314	409	321	420	32	77	007fff	/fonts/tactical
rect	321	409	328	420	000810
crop	321	409	328	420	0	22	007fff	/fonts/tactical
rect	328	409	335	420	000810
crop	328	409	335	420	8	66	007fff	/fonts/tactical
rect	335	409	342	420	000810
crop	335	409	342	420	0	77	007fff	/fonts/tactical
rect	342	409	349	420	000810
crop	342	409	349	420	0	77	007fff	/fonts/tactical
rect	349	409	356	420	000810
crop	349	409	356	420	40	66	007fff	/fonts/tactical
rect	356	409	363	420	000810
crop	356	409	363	420	8	66	007fff	/fonts/tactical
rect	363	409	370	420	000810
crop	363	409	370	420	16	77	007fff	/fonts/tactical
rect	370	409	377	420	000810
crop	370	409	377	420	24	77	007fff	/fonts/tactical
rect	377	409	384	420	000810
crop	377	409	384	420	0	22	007fff	/fonts/tactical
rect	384	409	391	420	000810
crop	384	409	391	420	32	77	007fff	/fonts/tactical
rect	391	409	398	420	000810
crop	391	409	398	420	120	66	007fff	/fonts/tactical
rect	398	409	405	420	000810
crop	398	409	405	420	0	22	007fff	/fonts/tactical
rect	405	409	412	420	000810
crop	405	409	412	420	16	66	007fff	/fonts/tactical
rect	412	409	419	420	000810
crop	412	409	419	420	40	66	007fff	/fonts/tactical
rect	419	409	426	420	000810
crop	419	409	426	420	0	22	007fff	/fonts/tactical
rect	426	409	433	420	000810
crop	426	409	433	420	8	66	007fff	/fonts/tactical
rect	433	409	440	420	000810
crop	433	409	440	420	0	22	007fff	/fonts/tactical
rect	440	409	447	420	000810
crop	440	409	447	420	80	66	007fff	/fonts/tactical
rect	447	409	454	420	000810
crop	447	409	454	420	40	77	007fff	/fonts/tactical
rect	454	409	461	420	000810
crop	454	409	461	420	104	66	007fff	/fonts/tactical
rect	461	409	468	420	000810
crop	461	409	468	420	0	77	007fff	/fonts/tactical
rect	468	409	475	420	000810
crop	468	409	475	420	0	22	007fff	/fonts/tactical
rect	475	409	482	420	000810
crop	475	409	482	420	24	77	007fff	/fonts/tactical
rect	482	409	489	420	000810
crop	482	409	489	420	32	77	007fff	/fonts/tactical
rect	489	409	496	420	000810
crop	489	409	496	420	16	77	007fff	/fonts/tactical
rect	496	409	504	420	007fff
line	418	431	422	416	489048
			407	420	
	422	416			204020
draw	0	0	128	480	/pictures/501.png
	608		640		/pictures/512.png
line	614	384	614	359	00488f
		359	622		
	622			384	002850
		384	614		
rect	615	360	622	384	003870
line	614	456	614	385	007fff
		385	622		
	622			456	00488f
		456	614		
rect	615	386	622	456	0070e0
line	614	232	614	231	909048
		231	622		
	622			232	505028
		232	614		
	614	328		233	ffff7f
		233	622		
	622			328	909048
		328	614		
rect	615	234	622	328	e0e070
line	614	106	614	103	904848
		103	622		
	622			106	502828
		106	614		
rect	615	104	622	106	703838
line	614	200	614	107	ff7f7f
		107	622		
	622			200	904848
		200	614		
rect	615	108	622	200	e07070
	634	49	636	52	7fff7f
		53		56	60c060
		57		60	
		61		64	
		65		68	
		69		72	7fff7f
		73		76	60c060
		77		80	
		81		84	
		85		88	
		89		92	7fff7f
		93		96	60c060
		97		100	
		101		104	
		105		108	
		109		112	7fff7f
		113		116	60c060
		117		120	
		121		124	
		125		128	
		129		132	7fff7f
		133		136	60c060
		137		140	
		141		144	
		145		148	
		149		152	183018
		153		156	
		157		160	
		161		164	
		165		168	
		169		172	
		173		176	
		177		180	
		181		184	
		185		188	
		189		192	
		193		196	
		197		200	
		201		204	
		205		208	
		209		212	
		213		216	
		217		220	
		221		224	
		225		228	
		229		232	
		233		236	
		237		240	
		241		244	
		245		248	
		249		252	
		253		256	
		257		260	
		261		264	
		265		268	
		269		272	
		273		276	
		277		280	
		281		284	
		285		288	
		289		292	
		293		296	
		297		300	
		301		304	
		305		308	
		309		312	
		313		316	
		317		320	
		321		324	
		325		328	
		329		332	
		333		336	
		337		340	
		341		344	
		345		348	
		349		352	
		353		356	
		357		360	
		361		364	
		365		368	
		369		372	
		373		376	
		377		380	
		381		384	
		385		388	
		389		392	
		393		396	
		397		400	
		401		404	
		405		408	
		409		412	
		413		416	
		417		420	
		421		424	
		425		428	
		429		432	
		433		436	
		437		440	
		441		444	
		445		448	
	621	52	631	56	303000
		57		61	
		62		66	
		67		71	
		72		76	
		77		81	
		82		86	
	7	7	115	115	00ff00
	8	8	114	114	001000
	41	41	81	81	003000
point	26	10	00e000
	24		
		11	
	64	68	
	63	65	
	66	70	
	61	61	
	64	66	
	62	63	
	61	61	
		69	
	65	68	
rect	12	320	121	440	001000
line	12	330	119	330	009000
crop	15	320	21	332	104	48	00ff00	/fonts/computer
	21		27		8			
	27		33		72			
	33		39		112			
	39		45		0	24		
	45		51		104	48		
	51		57		40			
	57		63		112			
	63		69		40	60		
line	12	343	12	332	009000
		332	120		
	120			343	005000
		343	12		
rect	13	333	120	343	007000
crop	15	332	21	344	96	36	00ff00	/fonts/computer
	21		27		16	48		
	27		33		40	84		
	33		39		72	72		
	39		45		96			
	45		51		32			
	51		57		112	36		
	15	344	21	356	96			
	21		27		24	60		
	27		33		0	84		
	33		39		40	72		
	39		45		24			
	45		51		72			
	51		57		8			
	57		63		96			
	63		69		0	24		
	69		75		120	48		
	75		81		16	84		
	81		87		32	72		
	87		93		40			
	93		99		16	84		
	99		105		24			
	105		111		112	36		
	15	356	21	368	96			
	21		27		104	48		
	27		33		40	72		
	33		39		24	84		
	39		45					
	45		51		8	72		
	51		57		56			
	57		63		40			
	63		69		112	36		
	15	368	21	380	96			
	21		27		104	48		
	27		33		72	72		
	33		39		24	84		
	39		45					
	45		51		72	72		
	51		57		120			
	57		63		112			
	63		69		0	24		
	69		75		24	60		
	75		81		32	84		
	81		87		8	72		
	87		93		32	84		
	93		99		40			
	99		105		24			
	105		111		112	36		
line	12	438	119	438	009000
rect	16	450	114	475	001010
line	17	461	17	450	00c0c0
		450	43		
	43			461	007070
		461	17		
rect	18	451	43	461	009090
crop	19	450	25	462	16	60	00ffff	/fonts/computer
	25		31		56	48		
	31		37		64			
	37		43		32	60		
	43		49		0	24		
	49		55		24	60		
	55		61		40	72		
	61		67		96			
	67		73		40			
	73		79		24			
	79		85		32	84		
line	12	191	12	180	ffff00
		180	120		
	120			191	909000
		191	12		
rect	13	181	120	191	c0c000
crop	15	180	21	192	24	48	000000	/fonts/computer
	21		27		120			
	27		33		112			
	33		39		32	60		
	39		45		16			
	45		51		120	48		
	51		57		96			
line	14	204	35	204	489048
			14	205	
	35		35		
	14	225		225	
			14	224	
	35		35		
	12	263	12	252	007fff
		252	120		
	120			263	00488f
		263	12		
rect	13	253	120	263	0060c0
crop	15	252	21	264	32	60	000000	/fonts/computer
	21		27		8	48		
	27		33		16	60		
	33		39		56	48		
	39		45		40			
	45		51		32	60		
	15	264	21	276	16		7fff7f	
	21		27		40	48		
	27		33		24	60		
	33		39		40	48		
	39		45		8			
	45		51		16	60		
	51		57		24	48		
	57		63		64			
draw	16	281	34	294	/sprites/585.SMIV/0
line	14	276	35	276	489048
			14	277	
	35		35		
	14	297		297	
			14	296	
	35		35		
rect	42	278	49	286	003870
		286		296	0060c0
line	40	276	50	276	00488f
			40	277	
	50		50		
	40	297		297	
			40	296	
	50		50		
rect	55	278	62	278	707000
				296	c0c000
line	53	276	63	276	909000
			53	277	
	63		63		
	53	297		297	
			53	296	
	63		63		
