point	340	434	b0b0b0
	314	308	808080
	408	85	
	499	265	b0b0b0
	280	17	d0d0d0
	281	74	808080
	212	305	
	304	245	
	317	412	b0b0b0
	333	255	808080
	181	167	
	330	169	d0d0d0
	148	472	808080
	417	262	d0d0d0
	270	43	b0b0b0
	446	348	808080
	467	308	
	225	268	
	569	453	
	136	175	b0b0b0
	409	327	808080
	366	321	
	140	292	d0d0d0
	591	266	
	464	182	808080
	524	414	b0b0b0
	312	482	
	161	281	d0d0d0
	207	208	b0b0b0
	431	283	
	596	254	808080
	254	270	
	365	13	b0b0b0
	412	71	808080
	152	418	b0b0b0
	214	244	808080
	469	292	d0d0d0
	141	9	b0b0b0
	599	62	808080
	524	278	b0b0b0
	580	310	808080
	195	449	b0b0b0
	297	239	808080
	499	87	d0d0d0
	570	304	b0b0b0
	555	3	808080
	275	449	b0b0b0
	504	478	808080
	463	66	
	377	105	b0b0b0
	561	103	
	565	396	808080
	200	216	b0b0b0
	450	213	
	290	287	808080
	354	362	b0b0b0
	481	53	808080
	349	129	b0b0b0
	464	82	
	399	440	808080
	290	268	
	307	247	
	182		b0b0b0
	545	427	d0d0d0
	224	279	808080
	241	208	d0d0d0
	150	322	
	255	446	b0b0b0
	148	242	808080
	266	53	
	203	270	b0b0b0
	239	12	
	435	111	
	316	239	d0d0d0
	163	324	808080
	295	108	
	287	227	
	215	90	b0b0b0
	471	439	
	181	37	
	577	175	
	586	15	
	546	420	808080
	322	143	b0b0b0
	298	129	d0d0d0
	255	184	
	293	275	b0b0b0
	328	449	d0d0d0
	560	106	808080
	452	430	b0b0b0
	309	108	
	231	71	
	234	241	808080
	253	318	
	487	360	b0b0b0
	345	61	808080
	497	237	b0b0b0
	436	467	808080
	304	449	
	484	439	
	454	178	b0b0b0
	574	118	
	277	289	808080
	218	36	
	390	9	b0b0b0
	392	63	808080
	572	429	b0b0b0
	373	63	
	153	243	
	580	480	d0d0d0
	478	50	808080
	578	5	
	253	290	b0b0b0
	421	337	
	312	213	d0d0d0
	493	395	
	233	268	808080
	294	460	b0b0b0
	425	145	808080
	429	384	d0d0d0
	510	307	808080
	156	135	
	499	400	b0b0b0
	136	129	808080
	534	106	b0b0b0
line	348	0	348	382	005000
	128	260	608	260	
	90	393	92	409	007fff
static	286	160	404	360	7878f0	120	/sprites/586.SMIV/0
	349	232	388	245	0078f0	89	/sprites/582.SMIV/6
draw	298	303	327	326	/sprites/541.SMIV/13
	359	236	366	243	/sprites/554.SMIV/0
	265	269	294	288	/sprites/541.SMIV/19
	293	290	306	303	/sprites/554.SMIV/6
	107	206	129	224	/sprites/580.SMIV/2
	285	167	314	190	/sprites/541.SMIV/15
	258	301	284	326	/sprites/541.SMIV/6
	278	342	307	369	/sprites/541.SMIV/10
	300	276	312	289	/sprites/554.SMIV/10
	286	280		306	/sprites/541.SMIV/7
		285	308	304	/sprites/541.SMIV/3
rect	128	382	608	480	007fff
		383		479	000810
	132	387	139	398	007fff
	139		146		
	146		153		
	153		160		
	160		167		
	167		174		
	174		181		
	181		188		
	188		195		
	195		202		
	202		209		
	209		216		
	216		223		
	223		230		
	230		237		
	237		244		
	244		251		
	251		258		
	258		265		
	265		272		
	272		279		
	279		286		
	286		293		
	293		300		000810
	300		307		
	307		314		
	314		321		
	321		328		
	328		335		
	335		342		
	342		349		
	349		356		
	356		363		
	363		370		
	370		377		
	377		384		
	384		391		
	391		398		
	398		405		
	405		412		
	412		419		
	419		426		
	426		433		
	433		440		
	440		447		
	447		454		
	454		461		
	461		468		
	468		475		
	475		482		
	482		489		
	489		496		
	496		503		
	503		510		
	510		604		
	132	398	139	409	
	139		146		
	146		153		
	153		160		
	160		167		
	167		174		
	174		181		
	181		188		
	188		195		
	195		202		
	202		209		
	209		216		
	216		223		
	223		230		
	230		237		
	237		244		
	244		251		
	251		258		
	258		265		
	265		272		
	272		279		
	279		286		
	286		293		
	293		300		
	300		307		
	307		314		
	314		321		
	321		328		
	328		335		
	335		342		
	342		349		
	349		356		
	356		363		
	363		370		
	370		604		
	132	409	139	420	007fff
	139		146		
	146		153		
	153		160		
	160		167		
	167		174		
	174		181		
	181		188		
	188		195		000810
	195		202		
	202		209		
	209		216		
	216		223		
	223		230		
	230		237		
	237		244		
	244		251		
	251		258		
	258		265		
	265		272		
	272		279		
	279		286		
	286		293		
	293		300		
	300		307		
	307		314		
	314		321		
	321		328		
	328		335		
	335		342		
	342		349		
	349		356		
	356		363		
	363		370		
	370		377		
	377		384		
	384		391		
	391		398		
	398		405		
	405		412		
	412		419		
	419		426		
	426		433		
	433		440		
	440		447		
	447		454		
	454		461		
	461		468		
	468		475		
	475		482		
	482		489		
	489		496		
	496		503		
	503		510		
	510		517		
	517		524		
	132	420	139	431	
	139		146		
	146		153		
	153		160		
	160		167		
	167		174		
	174		181		
	181		188		
	188		195		
	195		202		
	202		209		
	209		216		
	216		223		
	223		230		
	230		237		
	237		244		
	244		251		
	251		258		
	258		265		
	265		272		
	272		279		
	279		286		
	286		293		
	293		300		
	300		307		
	307		314		
	314		321		
	321		328		
	328		335		
	335		342		
	342		349		
	349		356		
	356		363		
	363		370		
	370		377		
	377		384		
	384		391		
	391		398		
	398		405		
	405		412		
	412		419		
	419		426		
	426		433		
	433		440		
	440		447		
	447		454		
	454		461		
	461		468		
	468		475		
	475		482		
	482		489		
	489		496		
	496		503		
	503		510		
	510		517		
	517		524		
	524		531		
	531		538		
	538		545		
	132	431	139	442	
	139		146		
	146		153		
	153		160		
	160		167		
	167		174		
	174		181		
	181		188		
	188		195		
	195		202		
	202		209		
	209		216		
	216		223		
	223		230		
	230		237		
	237		244		
	244		251		
	251		258		
	258		265		
	265		272		
	272		279		
	279		286		
	286		293		
	293		300		
	300		307		
	307		314		
	314		321		
	321		328		
	328		335		
	335		342		
	342		349		
	349		356		
	356		363		
	363		370		
	370		377		
	377		384		
	384		391		
	391		398		
	398		405		
	405		412		
	412		419		
	419		426		
	426		433		
	433		440		
	440		447		
	447		454		
	454		461		
	461		468		
	468		475		
	475		482		
	482		489		
	489		496		
	496		503		
	503		510		
	510		517		
	517		524		
	524		531		
	531		538		
	538		545		
	545		552		
	552		559		
	559		566		
	566		573		
	573		580		
	580		587		
	132	442	139	453	
	139		146		
	146		153		
	153		160		
	160		167		
	167		174		
	174		181		
	181		188		
	188		195		
	195		202		
	202		209		
	209		216		
	216		223		
	223		230		
	230		237		
	237		244		
	244		251		
	251		258		
	258		265		
	265		272		
	272		279		
	279		286		
	286		293		
	293		300		
	300		307		
	307		314		
	314		321		
	321		328		
	328		335		
	335		342		
	342		349		
	349		356		
	356		363		
	363		370		
	370		377		
	377		384		
	384		391		
	391		398		
	398		405		
	405		412		
	412		419		
	419		426		
	426		433		
	433		440		
	440		447		
	447		454		
	454		461		
	461		468		
	468		475		
	475		482		
	482		489		
	489		496		
	496		503		
	503		510		
	510		517		
	517		524		
	524		531		
	531		538		
	538		545		
	545		552		
	552		559		
	559		566		
	566		573		
	573		580		
	580		587		
	587		594		
	594		601		
	132	453	139	464	
	139		146		
	146		153		
	153		160		
	160		167		
	167		174		
	174		181		
	181		188		
	188		195		
	195		202		
	202		209		
	209		216		
	216		223		
	223		230		
	230		237		
	237		244		
	244		251		
	251		258		
	258		265		
	265		272		
	272		279		
	279		286		
	286		293		
	293		300		
	300		307		
	307		314		
	314		321		
	321		328		
	328		335		
	335		342		
	342		349		
	349		356		
	356		363		
	363		370		
	370		377		
	377		384		
	384		391		
	391		398		
	398		405		
	405		412		
	412		419		
	419		426		
	426		433		
	433		440		
	440		447		
	447		454		
	454		461		
	461		468		
	468		475		
	475		482		
	482		489		
	489		496		
	496		503		
	503		510		
	510		517		
	517		524		
	524		531		
	531		538		
	538		545		
	132	464	139	475	
	139		146		
	146		153		
	153		160		
	160		167		
	167		174		
	174		181		
	181		188		
	188		195		
	195		202		
	202		209		
	209		216		
	216		223		
	223		230		
	230		237		
	237		244		
	244		251		
	251		258		
	258		265		
	265		272		
	272		279		
	279		286		
	286		293		
	293		300		
	300		307		
	307		314		
	314		321		
	321		328		007fff
	328		335		
	335		342		
	342		349		
	349		356		
	356		363		
	363		604		000810
crop	139	387	146	398	72	44	000810	/fonts/tactical
	146		153		112			
	153		160		24			
	160		167		120			
	167		174		104			
	174		181		72			
	181		188		112			
	188		195		56			
	202		209		32	55		
	209		216		16			
	216		223		8	44		
	223		230		112			
	230		237		24	55		
	237		244		104	44		
	244		251		72			
	251		258		24	55		
	258		265					
	265		272		72	44		
	272		279		120			
	279		286		112			
	300		307		24	55	007fff	
	307		314		40	44		
	314		321		24			
	321		328		40	55		
	328		335		16			
	335		342		40	44		
	349		356		88			
	356		363		40			
	363		370		72	55		
	377		384		120	44		
	384		391		88			
	398		405		104	22		
	412		419		112	44		
	419		426		56	55		
	426		433		24	33		
	440		447		32	55		
	447		454		72	44		
	454		461		56			
	461		468		64			
	468		475		32	55		
	482		489		16	44		
	489		496		40			
	496		503		8			
	503		510		104			
	132	398	139	409	24	55		
	139		146		120	44		
	146		153		40	55		
	153		160		16			
	160		167		24	44		
	167		174		40			
	174		181		80	33		
	188		195		24	55		
	195		202			66		
	202		209		72			
	209		216		40			
	216		223		112			
	223		230		24			
	230		237		40			
	244		251		48	55		
	251		258		40	66		
	258		265		24	77		
	265		272					
	272		279		40	66		
	279		286		96			
	293		300		40	55		
	300		307		112	44		
	307		314		24	55		
	321		328		0	33		
	328		335		72			
	335		342		8			
	342		349		56			
	349		356		72			
	356		363					
	363		370		48			
	139	409	146	420	40	55	000810	
	146		153		16			
	153		160		56	44		
	160		167		40			
	167		174		112			
	174		181		32	55		
	195		202				007fff	
	202		209		64	66		
	209		216		40			
	223		230		104			
	230		237		8			
	237		244		24	77		
	244		251					
	251		258		72	66		
	258		265		48	77		
	265		272		40	66		
	279		286		120			
	286		293		16			
	293		300		80			
	300		307		40			
	307		314		24			
	314		321		32	77		
	328		335		8	66		
	335		342		0	77		
	342		349					
	349		356		40	66		
	356		363		8			
	363		370		16	77		
	370		377		24			
	384		391		32			
	391		398		120	66		
	405		412		16			
	412		419		40			
	426		433		8			
	440		447		80			
	447		454		40	77		
	454		461		104	66		
	461		468		0	77		
	475		482		24			
	482		489		32			
	489		496		16			
	496		503		40	66		
	503		510		8			
	510		517		104			
	132	420	139	431	72			
	139		146		112			
	146		153		64			
	153		160		72			
	160		167		16			
	167		174		72			
	174		181		32	77		
	181		188		120	66		
	188		195		16	77		
	195		202		104	22		
	202		209					
	209		216		72	66		
	216		223		32	77		
	230		237		120	66		
	237		244		0	77		
	244		251		40	66		
	251		258		16	77		
	258		265		8	66		
	265		272		32	77		
	272		279		40	66		
	279		286		24	77		
	293		300		120	66		
	300		307		112			
	314		321		32	77		
	321		328		64	66		
	328		335		40			
	342		349		112	44		
	349		356		56	55		
	356		363		8	33		
	370		377		48	66		
	377		384		16	77		
	384		391		40	66		
	391		398		8	77		
	398		405		40			
	405		412			66		
	412		419		112			
	419		426		24			
	426		433		72	77		
	440		447		32			
	447		454		120	66		
	461		468		32			
	468		475		72			
	475		482		24	77		
	482		489		16			
	489		496		40			
	496		503		0			
	503		510		32			
	517		524					
	524		531		64	66		
	531		538		40			
	132	431	139	442	24			
	139		146		120			
	146		153		64			
	153		160		40			
	160		167		24	77		
	167		174		72	66		
	174		181		120			
	181		188		112			
	195		202		120			
	202		209		48			
	216		223		80			
	223		230		40	77		
	230		237		104	66		
	237		244		0	77		
	251		258		24			
	258		265		32			
	265		272		16			
	272		279		40	66		
	279		286		8			
	286		293		104			
	293		300		24	77		
	307		314		56			
	314		321		72	66		
	321		328		32	77		
	328		335		64	66		
	335		342		72			
	342		349		112			
	356		363		8			
	370		377		16	33		
	377		384		24			
	384		391		96	66		
	391		398		72	77		
	405		412		16			
	412		419		8	66		
	419		426		32			
	426		433		72			
	433		440		40	77		
	440		447		24			
	447		454		112	22		
	461		468		72	44		
	468		475		32	77		
	482		489		104	66		
	489		496		40	77		
	496		503		24			
	503		510		32			
	517		524		64	66		
	524		531		8			
	531		538		48	77		
	538		545		40	66		
	552		559		16			
	559		566		40			
	566		573					
	573		580		112			
	132	442	139	453	8			
	139		146		24			
	146		153		32	77		
	153		160		72	66		
	160		167		48	77		
	167		174		8	66		
	174		181		32	77		
	181		188		40	66		
	188		195		32			
	202		209		8			
	209		216		48			
	216		223		32	77		
	223		230		40	66		
	230		237		16	77		
	244		251		56			
	251		258		40	66		
	265		272		24			
	272		279		8			
	279		286		104			
	286		293		40			
	300		307		72			
	307		314		112			
	321		328		24	77		
	328		335		72			
	335		342		24			
	342		349		32			
	349		356		40	66		
	356		363		104			
	363		370		112	22		
	377		384		32	55		
	384		391		64	66		
	391		398		72			
	398		405		24	77		
	412		419		120	66		
	419		426		16			
	426		433		80			
	433		440		40			
	440		447		24			
	447		454		32	77		
	461		468		72	66		
	468		475		24	77		
	482		489		8	66		
	496		503		56			
	503		510		16	77		
	510		517		40	66		
	517		524		8			
	524		531		32	77		
	538		545		104	66		
	545		552		72			
	552		559		96			
	559		566		72			
	566		573		32	77		
	573		580		8	66		
	580		587		16	77		
	587		594		72			
	132	453	139	464	32			
	139		146		64	66		
	146		153		16	77		
	153		160		40	66		
	160		167		8			
	167		174		32	77		
	174		181		96	22		
	188		195		8	66		
	195		202		112			
	202		209		32			
	216		223		8			
	230		237		48	77		
	237		244		72	66		
	244		251		120			
	251		258		96			
	258		265		8			
	265		272		32	77		
	272		279		72	66		
	279		286		120			
	286		293		112			
	300		307		120			
	307		314		48			
	321		328		72			
	328		335		112			
	335		342		32	77		
	342		349		40	66		
	349		356		16	77		
	356		363		24			
	363		370		32			
	370		377		40	66		
	377		384		96			
	384		391					
	391		398		8			
	398		405		16	77		
	412		419		96	66		
	419		426		8			
	426		433		56	77		
	433		440		112	22		
	447		454		72	44		
	454		461		32	77		
	461		468		24			
	475		482		72	66		
	482		489		104			
	489		496					
	496		503		40			
	503		510		32			
	510		517		72			
	517		524		8			
	524		531		32	77		
	531		538		40	66		
	132	464	139	475	32			
	139		146		40			
	146		153		24	77		
	153		160		32			
	160		167		16			
	167		174		40			
	174		181		24	66		
	181		188		32	77		
	188		195		72	66		
	195		202		120			
	202		209		112			
	216		223		72			
	223		230		24	77		
	237		244		72	66		
	244		251		104			
	251		258		0	77		
	258		265		40	66		
	265		272		16	77		
	272		279		8	66		
	279		286		32	77		
	286		293		72	66		
	293		300		48	77		
	300		307		40	66		
	307		314		112	22		
	321		328		96	33	000810	
	328		335		104	44		
	335		342		120			
	342		349		16	55		
	349		356		40	44		
	356		363		112	33		
line	566	245	553	237	489048
			552	252	
	553	237			204020
draw	0	0	128	480	/pictures/501.png
	608		640		/pictures/512.png
line	614	397	614	359	00488f
		359	622		
	622			397	002850
		397	614		
rect	615	360	622	397	003870
line	614	456	614	398	007fff
		398	622		
	622			456	00488f
		456	614		
rect	615	399	622	456	0070e0
line	614	233	614	231	909048
		231	622		
	622			233	505028
		233	614		
rect	615	232	622	233	707038
line	614	328	614	234	ffff7f
		234	622		
	622			328	909048
		328	614		
rect	615	235	622	328	e0e070
line	614	109	614	103	904848
		103	622		
	622			109	502828
		109	614		
rect	615	104	622	109	703838
line	614	200	614	110	ff7f7f
		110	622		
	622			200	904848
		200	614		
rect	615	111	622	200	e07070
	634	49	636	52	7fff7f
		53		56	60c060
		57		60	
		61		64	
		65		68	
		69		72	7fff7f
		73		76	60c060
		77		80	
		81		84	
		85		88	
		89		92	7fff7f
		93		96	60c060
		97		100	
		101		104	
		105		108	
		109		112	7fff7f
		113		116	60c060
		117		120	
		121		124	
		125		128	
		129		132	7fff7f
		133		136	60c060
		137		140	
		141		144	
		145		148	
		149		152	183018
		153		156	
		157		160	
		161		164	
		165		168	
		169		172	
		173		176	
		177		180	
		181		184	
		185		188	
		189		192	
		193		196	
		197		200	
		201		204	
		205		208	
		209		212	
		213		216	
		217		220	
		221		224	
		225		228	
		229		232	
		233		236	
		237		240	
		241		244	
		245		248	
		249		252	
		253		256	
		257		260	
		261		264	
		265		268	
		269		272	
		273		276	
		277		280	
		281		284	
		285		288	
		289		292	
		293		296	
		297		300	
		301		304	
		305		308	
		309		312	
		313		316	
		317		320	
		321		324	
		325		328	
		329		332	
		333		336	
		337		340	
		341		344	
		345		348	
		349		352	
		353		356	
		357		360	
		361		364	
		365		368	
		369		372	
		373		376	
		377		380	
		381		384	
		385		388	
		389		392	
		393		396	
		397		400	
		401		404	
		405		408	
		409		412	
		413		416	
		417		420	
		421		424	
		425		428	
		429		432	
		433		436	
		437		440	
		441		444	
		445		448	
	621	52	631	56	303000
		57		61	
		62		66	
		67		71	
		72		76	
		77		81	
		82		86	
	7	7	115	115	00ff00
	8	8	114	114	001000
	56	56	66	66	003000
point	61	61	00e000
	60	62	
	61	61	
	59		
	60	62	
		60	
	59	75	
	55	70	
	60	62	
	55	61	
	60	63	
	55	65	
	60	61	
	59	62	
	60		
	62	34	
rect	12	320	121	440	001000
line	12	330	119	330	009000
crop	15	320	21	332	104	48	00ff00	/fonts/computer
	21		27		8			
	27		33		72			
	33		39		112			
	39		45		0	24		
	45		51		104	48		
	51		57		40			
	57		63		112			
	63		69		40	60		
line	12	343	12	332	009000
		332	120		
	120			343	005000
		343	12		
rect	13	333	120	343	007000
crop	15	332	21	344	96	36	00ff00	/fonts/computer
	21		27		16	48		
	27		33		40	84		
	33		39		72	72		
	39		45		96			
	45		51		32			
	51		57		112	36		
	15	344	21	356	96			
	21		27		24	60		
	27		33		0	84		
	33		39		40	72		
	39		45		24			
	45		51		72			
	51		57		8			
	57		63		96			
	63		69		0	24		
	69		75		120	48		
	75		81		16	84		
	81		87		32	72		
	87		93		40			
	93		99		16	84		
	99		105		24			
	105		111		112	36		
	15	356	21	368	96			
	21		27		104	48		
	27		33		40	72		
	33		39		24	84		
	39		45					
	45		51		8	72		
	51		57		56			
	57		63		40			
	63		69		112	36		
	15	368	21	380	96			
	21		27		104	48		
	27		33		72	72		
	33		39		24	84		
	39		45					
	45		51		72	72		
	51		57		120			
	57		63		112			
	63		69		0	24		
	69		75		24	60		
	75		81		32	84		
	81		87		8	72		
	87		93		32	84		
	93		99		40			
	99		105		24			
	105		111		112	36		
line	12	438	119	438	009000
rect	16	450	114	475	001010
line	17	461	17	450	00c0c0
		450	43		
	43			461	007070
		461	17		
rect	18	451	43	461	009090
crop	19	450	25	462	16	60	00ffff	/fonts/computer
	25		31		56	48		
	31		37		64			
	37		43		32	60		
	43		49		0	24		
	49		55		24	60		
	55		61		40	72		
	61		67		96			
	67		73		40			
	73		79		24			
	79		85		32	84		
line	12	191	12	180	ffff00
		180	120		
	120			191	909000
		191	12		
rect	13	181	120	191	c0c000
crop	15	180	21	192	24	48	000000	/fonts/computer
	21		27		120			
	27		33		112			
	33		39		32	60		
	39		45		16			
	45		51		120	48		
	51		57		96			
line	14	204	35	204	489048
			14	205	
	35		35		
	14	225		225	
			14	224	
	35		35		
	12	263	12	252	007fff
		252	120		
	120			263	00488f
		263	12		
rect	13	253	120	263	0060c0
crop	15	252	21	264	32	60	000000	/fonts/computer
	21		27		8	48		
	27		33		16	60		
	33		39		56	48		
	39		45		40			
	45		51		32	60		
	15	264	21	276	16		7fff7f	
	21		27		40	48		
	27		33		24	60		
	33		39		40	48		
	39		45		8			
	45		51		16	60		
	51		57		24	48		
	57		63		64			
draw	16	281	34	294	/sprites/585.SMIV/0
line	14	276	35	276	489048
			14	277	
	35		35		
	14	297		297	
			14	296	
	35		35		
rect	42	278	49	286	003870
		286		296	0060c0
line	40	276	50	276	00488f
			40	277	
	50		50		
	40	297		297	
			40	296	
	50		50		
rect	55	278	62	278	707000
				296	c0c000
line	53	276	63	276	909000
			53	277	
	63		63		
	53	297		297	
			53	296	
	63		63		
