point	171	240	b0b0b0
	393	322	808080
	540	160	b0b0b0
	161	66	d0d0d0
	233	470	
	482	115	
	604	48	b0b0b0
	595	138	808080
	265	297	b0b0b0
	425	19	808080
	291	161	
	452	260	
	518	341	
	129	260	d0d0d0
	559	378	b0b0b0
	439	164	d0d0d0
	311	390	808080
	324	458	b0b0b0
	580	263	
	302	50	808080
	585	402	b0b0b0
	516	55	808080
	588	234	d0d0d0
	438	53	808080
	162	133	
	500	412	
	413	390	
	596	223	
	332	176	
	281	97	b0b0b0
	134	27	808080
	315	393	b0b0b0
	203	436	808080
	429	308	b0b0b0
	330	420	
	205	147	808080
	477	24	d0d0d0
	586	215	
	492	148	
	564	244	808080
	255	19	b0b0b0
	493	16	d0d0d0
	148	61	
	469	93	
	265	342	808080
	234	341	d0d0d0
	516	83	808080
	599	294	
	453	123	
	178	357	
	455	378	d0d0d0
	371	301	b0b0b0
	163	173	d0d0d0
	239	63	b0b0b0
	459	475	
	299	392	
	356	378	
	459	131	
	393	5	808080
	348	45	
	242	232	
	508	323	b0b0b0
	412	41	
	188	168	d0d0d0
	267	475	b0b0b0
	321	444	808080
	509	238	b0b0b0
	545	462	
	138	160	
	357	365	808080
	568	221	
	148	169	b0b0b0
	488	443	
	531	78	808080
	604	466	
	291	111	b0b0b0
	367	457	
	578	436	
	403	295	808080
	269	345	b0b0b0
	606	101	d0d0d0
	423	34	b0b0b0
	389	128	
	522	312	d0d0d0
	341	390	808080
	367	249	b0b0b0
	568	74	
	471	67	808080
	376	176	b0b0b0
	389	335	d0d0d0
	590	384	808080
	207	307	b0b0b0
	449	194	
	437	143	808080
	279	270	
	236	296	b0b0b0
	469	436	
	205	95	808080
	463	367	b0b0b0
	367	293	808080
	260	313	
	416	344	b0b0b0
	579	36	808080
	236	196	b0b0b0
	286	204	808080
	298	352	
	514	363	b0b0b0
	392	206	808080
	568	68	d0d0d0
	332	204	b0b0b0
	472	58	
	139	361	808080
	274	179	
	554	312	d0d0d0
	250	224	808080
	598	198	b0b0b0
	580	257	
	460	149	808080
	307	123	b0b0b0
	186	83	
	363	312	d0d0d0
	231	315	808080
	255	113	d0d0d0
	136	58	
	539	392	b0b0b0
line	187	0	187	426	000050
	315		315		
	443		443		002850
	571		571		000050
	128	64	608	64	
		192		192	
		320		320	002850
	419	-21	418	-23	007fff
	365	209	366	213	ffff7f
	353	175	354	180	
	401	189	345	140	d068d0
	343	247	341	248	007fff
	485	27	481	23	
	407	329	405	329	
	369	233	369	236	ffff7f
	439	214	436	217	007fff
	419	138	345	140	c060c0
draw	373	110	377	113	/sprites/577.SMIV/0
	435	396	461	413	/sprites/525.SMIV/3
	610	438	638	453	/sprites/525.SMIV/4
	515	102	545	114	/sprites/525.SMIV/19
	362	235	374	246	/sprites/646.SMIV/0
	593	275	605	286	/sprites/646.SMIV/13
	421	327	435	339	/sprites/646.SMIV/2
static	328	124	362	153	7878f0	58	/sprites/576.SMIV/4
draw	322	247	332	254	/sprites/578.SMIV/7
	320	399	324	402	/sprites/510.SMIV/0
	382	254	392	263	/sprites/579.SMIV/0
	399	327	403	330	/sprites/577.SMIV/6
	601	251	602	253	/sprites/513.SMIV/2
	611	433	620	441	/sprites/578.SMIV/10
	477	408	481	411	/sprites/510.SMIV/2
static	476	83	480	86	7878f0	49	/sprites/577.SMIV/14
draw	447	89	449	90	/sprites/513.SMIV/11
	448	33	452	37	/sprites/507.SMIV/5
	368	103	369	104	/sprites/513.SMIV/14
static	506	362	510	365	7878f0	34	/sprites/577.SMIV/13
draw	477	108	481	111	/sprites/510.SMIV/14
	611	436	615	440	/sprites/547.SMIV/3
	499	362	501	364	/sprites/554.SMIV/2
	266	84	273	90	/sprites/522.SMIV/4
	498	360	500	362	/sprites/554.SMIV/2
	403	215	408	221	/sprites/580.SMIV/0
	613	434	617	438	/sprites/547.SMIV/0
	548	375	553	378	/sprites/547.SMIV/4
	406	245	408	248	/sprites/528.SMIV/23
	353	189	360	194	/sprites/522.SMIV/2
	358	244	365	249	/sprites/580.SMIV/2
	333	153	336	156	/sprites/554.SMIV/3
	564	361	569	364	/sprites/547.SMIV/4
	466	185	471	191	/sprites/580.SMIV/0
	366	234	372	239	/sprites/522.SMIV/0
	450	399	454	403	/sprites/547.SMIV/0
	338	161	341	165	/sprites/554.SMIV/10
	458	392	461	394	/sprites/528.SMIV/3
	424	336	428	340	/sprites/554.SMIV/8
	449	400	454	404	/sprites/547.SMIV/2
	337	155	339	157	/sprites/554.SMIV/0
rect	128	426	608	480	007fff
		427		479	000810
	132	431	139	442	007fff
crop	132	431	139	442	0	22	000810	/fonts/tactical
rect	139	431	146	442	007fff
crop	139	431	146	442	72	44	000810	/fonts/tactical
rect	146	431	153	442	007fff
crop	146	431	153	442	112	44	000810	/fonts/tactical
rect	153	431	160	442	007fff
crop	153	431	160	442	24	44	000810	/fonts/tactical
rect	160	431	167	442	007fff
crop	160	431	167	442	120	44	000810	/fonts/tactical
rect	167	431	174	442	007fff
crop	167	431	174	442	104	44	000810	/fonts/tactical
rect	174	431	181	442	007fff
crop	174	431	181	442	72	44	000810	/fonts/tactical
rect	181	431	188	442	007fff
crop	181	431	188	442	112	44	000810	/fonts/tactical
rect	188	431	195	442	007fff
crop	188	431	195	442	56	44	000810	/fonts/tactical
rect	195	431	202	442	007fff
crop	195	431	202	442	0	22	000810	/fonts/tactical
rect	202	431	209	442	007fff
crop	202	431	209	442	32	55	000810	/fonts/tactical
rect	209	431	216	442	007fff
crop	209	431	216	442	16	55	000810	/fonts/tactical
rect	216	431	223	442	007fff
crop	216	431	223	442	8	44	000810	/fonts/tactical
rect	223	431	230	442	007fff
crop	223	431	230	442	112	44	000810	/fonts/tactical
rect	230	431	237	442	007fff
crop	230	431	237	442	24	55	000810	/fonts/tactical
rect	237	431	244	442	007fff
crop	237	431	244	442	104	44	000810	/fonts/tactical
rect	244	431	251	442	007fff
crop	244	431	251	442	72	44	000810	/fonts/tactical
rect	251	431	258	442	007fff
crop	251	431	258	442	24	55	000810	/fonts/tactical
rect	258	431	265	442	007fff
crop	258	431	265	442	24	55	000810	/fonts/tactical
rect	265	431	272	442	007fff
crop	265	431	272	442	72	44	000810	/fonts/tactical
rect	272	431	279	442	007fff
crop	272	431	279	442	120	44	000810	/fonts/tactical
rect	279	431	286	442	007fff
crop	279	431	286	442	112	44	000810	/fonts/tactical
rect	286	431	293	442	007fff
crop	286	431	293	442	0	22	000810	/fonts/tactical
rect	293	431	300	442	000810
crop	293	431	300	442	0	22	007fff	/fonts/tactical
rect	300	431	307	442	000810
crop	300	431	307	442	24	55	007fff	/fonts/tactical
rect	307	431	314	442	000810
crop	307	431	314	442	40	44	007fff	/fonts/tactical
rect	314	431	321	442	000810
crop	314	431	321	442	24	44	007fff	/fonts/tactical
rect	321	431	328	442	000810
crop	321	431	328	442	40	55	007fff	/fonts/tactical
rect	328	431	335	442	000810
crop	328	431	335	442	16	55	007fff	/fonts/tactical
rect	335	431	342	442	000810
crop	335	431	342	442	40	44	007fff	/fonts/tactical
rect	342	431	349	442	000810
crop	342	431	349	442	0	22	007fff	/fonts/tactical
rect	349	431	356	442	000810
crop	349	431	356	442	88	44	007fff	/fonts/tactical
rect	356	431	363	442	000810
crop	356	431	363	442	40	44	007fff	/fonts/tactical
rect	363	431	370	442	000810
crop	363	431	370	442	72	55	007fff	/fonts/tactical
rect	370	431	377	442	000810
crop	370	431	377	442	0	22	007fff	/fonts/tactical
rect	377	431	384	442	000810
crop	377	431	384	442	120	44	007fff	/fonts/tactical
rect	384	431	391	442	000810
crop	384	431	391	442	88	44	007fff	/fonts/tactical
rect	391	431	398	442	000810
crop	391	431	398	442	0	22	007fff	/fonts/tactical
rect	398	431	405	442	000810
crop	398	431	405	442	104	22	007fff	/fonts/tactical
rect	405	431	412	442	000810
crop	405	431	412	442	0	22	007fff	/fonts/tactical
rect	412	431	419	442	000810
crop	412	431	419	442	112	44	007fff	/fonts/tactical
rect	419	431	426	442	000810
crop	419	431	426	442	56	55	007fff	/fonts/tactical
rect	426	431	433	442	000810
crop	426	431	433	442	24	33	007fff	/fonts/tactical
rect	433	431	440	442	000810
crop	433	431	440	442	0	22	007fff	/fonts/tactical
rect	440	431	447	442	000810
crop	440	431	447	442	32	55	007fff	/fonts/tactical
rect	447	431	454	442	000810
crop	447	431	454	442	72	44	007fff	/fonts/tactical
rect	454	431	461	442	000810
crop	454	431	461	442	56	44	007fff	/fonts/tactical
rect	461	431	468	442	000810
crop	461	431	468	442	64	44	007fff	/fonts/tactical
rect	468	431	475	442	000810
crop	468	431	475	442	32	55	007fff	/fonts/tactical
rect	475	431	482	442	000810
crop	475	431	482	442	0	22	007fff	/fonts/tactical
rect	482	431	489	442	000810
crop	482	431	489	442	16	44	007fff	/fonts/tactical
rect	489	431	496	442	000810
crop	489	431	496	442	40	44	007fff	/fonts/tactical
rect	496	431	503	442	000810
crop	496	431	503	442	8	44	007fff	/fonts/tactical
rect	503	431	510	442	000810
crop	503	431	510	442	104	44	007fff	/fonts/tactical
rect	510	431	604	442	000810
	132	442	139	453	
crop	132	442	139	453	24	55	007fff	/fonts/tactical
rect	139	442	146	453	000810
crop	139	442	146	453	120	44	007fff	/fonts/tactical
rect	146	442	153	453	000810
crop	146	442	153	453	40	55	007fff	/fonts/tactical
rect	153	442	160	453	000810
crop	153	442	160	453	16	55	007fff	/fonts/tactical
rect	160	442	167	453	000810
crop	160	442	167	453	24	44	007fff	/fonts/tactical
rect	167	442	174	453	000810
crop	167	442	174	453	40	44	007fff	/fonts/tactical
rect	174	442	181	453	000810
crop	174	442	181	453	80	33	007fff	/fonts/tactical
rect	181	442	188	453	000810
crop	181	442	188	453	0	22	007fff	/fonts/tactical
rect	188	442	195	453	000810
crop	188	442	195	453	64	44	007fff	/fonts/tactical
rect	195	442	202	453	000810
crop	195	442	202	453	40	77	007fff	/fonts/tactical
rect	202	442	209	453	000810
crop	202	442	209	453	104	66	007fff	/fonts/tactical
rect	209	442	216	453	000810
crop	209	442	216	453	8	66	007fff	/fonts/tactical
rect	216	442	223	453	000810
crop	216	442	223	453	112	66	007fff	/fonts/tactical
rect	223	442	230	453	000810
crop	223	442	230	453	120	22	007fff	/fonts/tactical
rect	230	442	237	453	000810
crop	230	442	237	453	72	44	007fff	/fonts/tactical
rect	237	442	244	453	000810
crop	237	442	244	453	24	77	007fff	/fonts/tactical
rect	244	442	251	453	000810
crop	244	442	251	453	64	66	007fff	/fonts/tactical
rect	251	442	258	453	000810
crop	251	442	258	453	72	66	007fff	/fonts/tactical
rect	258	442	265	453	000810
crop	258	442	265	453	104	66	007fff	/fonts/tactical
rect	265	442	272	453	000810
crop	265	442	272	453	8	66	007fff	/fonts/tactical
rect	272	442	279	453	000810
crop	272	442	279	453	112	66	007fff	/fonts/tactical
rect	279	442	286	453	000810
crop	279	442	286	453	0	22	007fff	/fonts/tactical
rect	286	442	293	453	000810
crop	286	442	293	453	24	44	007fff	/fonts/tactical
rect	293	442	300	453	000810
crop	293	442	300	453	120	66	007fff	/fonts/tactical
rect	300	442	307	453	000810
crop	300	442	307	453	120	66	007fff	/fonts/tactical
rect	307	442	314	453	000810
crop	307	442	314	453	16	77	007fff	/fonts/tactical
rect	314	442	321	453	000810
crop	314	442	321	453	32	66	007fff	/fonts/tactical
rect	321	442	328	453	000810
crop	321	442	328	453	112	22	007fff	/fonts/tactical
rect	328	442	335	453	000810
crop	328	442	335	453	0	22	007fff	/fonts/tactical
rect	335	442	342	453	000810
crop	335	442	342	453	24	44	007fff	/fonts/tactical
rect	342	442	349	453	000810
crop	342	442	349	453	120	66	007fff	/fonts/tactical
rect	349	442	356	453	000810
crop	349	442	356	453	112	66	007fff	/fonts/tactical
rect	356	442	363	453	000810
crop	356	442	363	453	32	77	007fff	/fonts/tactical
rect	363	442	370	453	000810
crop	363	442	370	453	16	77	007fff	/fonts/tactical
rect	370	442	377	453	000810
crop	370	442	377	453	120	66	007fff	/fonts/tactical
rect	377	442	384	453	000810
crop	377	442	384	453	96	66	007fff	/fonts/tactical
rect	384	442	604	453	000810
	132	453	139	464	
crop	132	453	139	464	32	55	007fff	/fonts/tactical
rect	139	453	146	464	000810
crop	139	453	146	464	64	66	007fff	/fonts/tactical
rect	146	453	153	464	000810
crop	146	453	153	464	40	66	007fff	/fonts/tactical
rect	153	453	160	464	000810
crop	153	453	160	464	0	22	007fff	/fonts/tactical
rect	160	453	167	464	000810
crop	160	453	167	464	8	44	007fff	/fonts/tactical
rect	167	453	174	464	000810
crop	167	453	174	464	40	77	007fff	/fonts/tactical
rect	174	453	181	464	000810
crop	174	453	181	464	32	66	007fff	/fonts/tactical
rect	181	453	188	464	000810
crop	181	453	188	464	40	66	007fff	/fonts/tactical
rect	188	453	195	464	000810
crop	188	453	195	464	104	66	007fff	/fonts/tactical
rect	195	453	202	464	000810
crop	195	453	202	464	40	66	007fff	/fonts/tactical
rect	202	453	209	464	000810
crop	202	453	209	464	32	66	007fff	/fonts/tactical
rect	209	453	216	464	000810
crop	209	453	216	464	120	66	007fff	/fonts/tactical
rect	216	453	223	464	000810
crop	216	453	223	464	112	66	007fff	/fonts/tactical
rect	223	453	230	464	000810
crop	223	453	230	464	24	77	007fff	/fonts/tactical
rect	230	453	237	464	000810
crop	230	453	237	464	0	22	007fff	/fonts/tactical
rect	237	453	244	464	000810
crop	237	453	244	464	8	66	007fff	/fonts/tactical
rect	244	453	251	464	000810
crop	244	453	251	464	16	77	007fff	/fonts/tactical
rect	251	453	258	464	000810
crop	251	453	258	464	40	66	007fff	/fonts/tactical
rect	258	453	265	464	000810
crop	258	453	265	464	0	22	007fff	/fonts/tactical
rect	265	453	272	464	000810
crop	265	453	272	464	24	77	007fff	/fonts/tactical
rect	272	453	279	464	000810
crop	272	453	279	464	40	66	007fff	/fonts/tactical
rect	279	453	286	464	000810
crop	279	453	286	464	112	66	007fff	/fonts/tactical
rect	286	453	293	464	000810
crop	286	453	293	464	32	66	007fff	/fonts/tactical
rect	293	453	300	464	000810
crop	293	453	300	464	72	66	007fff	/fonts/tactical
rect	300	453	307	464	000810
crop	300	453	307	464	112	66	007fff	/fonts/tactical
rect	307	453	314	464	000810
crop	307	453	314	464	56	66	007fff	/fonts/tactical
rect	314	453	321	464	000810
crop	314	453	321	464	0	22	007fff	/fonts/tactical
rect	321	453	328	464	000810
crop	321	453	328	464	8	66	007fff	/fonts/tactical
rect	328	453	335	464	000810
crop	328	453	335	464	32	66	007fff	/fonts/tactical
rect	335	453	342	464	000810
crop	335	453	342	464	32	66	007fff	/fonts/tactical
rect	342	453	349	464	000810
crop	342	453	349	464	72	66	007fff	/fonts/tactical
rect	349	453	356	464	000810
crop	349	453	356	464	32	77	007fff	/fonts/tactical
rect	356	453	363	464	000810
crop	356	453	363	464	72	66	007fff	/fonts/tactical
rect	363	453	370	464	000810
crop	363	453	370	464	120	66	007fff	/fonts/tactical
rect	370	453	377	464	000810
crop	370	453	377	464	112	66	007fff	/fonts/tactical
rect	377	453	384	464	000810
crop	377	453	384	464	8	66	007fff	/fonts/tactical
rect	384	453	391	464	000810
crop	384	453	391	464	96	66	007fff	/fonts/tactical
rect	391	453	398	464	000810
crop	391	453	398	464	0	22	007fff	/fonts/tactical
rect	398	453	405	464	000810
crop	398	453	405	464	24	77	007fff	/fonts/tactical
rect	405	453	412	464	000810
crop	405	453	412	464	64	66	007fff	/fonts/tactical
rect	412	453	419	464	000810
crop	412	453	419	464	72	66	007fff	/fonts/tactical
rect	419	453	426	464	000810
crop	419	453	426	464	0	77	007fff	/fonts/tactical
rect	426	453	433	464	000810
crop	426	453	433	464	24	77	007fff	/fonts/tactical
rect	433	453	440	464	000810
crop	433	453	440	464	0	22	007fff	/fonts/tactical
rect	440	453	447	464	000810
crop	440	453	447	464	32	77	007fff	/fonts/tactical
rect	447	453	454	464	000810
crop	447	453	454	464	120	66	007fff	/fonts/tactical
rect	454	453	461	464	000810
crop	454	453	461	464	0	22	007fff	/fonts/tactical
rect	461	453	468	464	000810
crop	461	453	468	464	104	66	007fff	/fonts/tactical
rect	468	453	475	464	000810
crop	468	453	475	464	40	66	007fff	/fonts/tactical
rect	475	453	482	464	000810
crop	475	453	482	464	40	66	007fff	/fonts/tactical
rect	482	453	489	464	000810
crop	482	453	489	464	32	77	007fff	/fonts/tactical
rect	489	453	496	464	000810
crop	489	453	496	464	0	22	007fff	/fonts/tactical
rect	496	453	503	464	000810
crop	496	453	503	464	120	66	007fff	/fonts/tactical
rect	503	453	510	464	000810
crop	503	453	510	464	40	77	007fff	/fonts/tactical
rect	510	453	517	464	000810
crop	510	453	517	464	16	77	007fff	/fonts/tactical
rect	517	453	524	464	000810
crop	517	453	524	464	0	22	007fff	/fonts/tactical
rect	524	453	531	464	000810
crop	524	453	531	464	24	66	007fff	/fonts/tactical
rect	531	453	538	464	000810
crop	531	453	538	464	8	66	007fff	/fonts/tactical
rect	538	453	545	464	000810
crop	538	453	545	464	16	77	007fff	/fonts/tactical
rect	545	453	552	464	000810
crop	545	453	552	464	16	77	007fff	/fonts/tactical
rect	552	453	559	464	000810
crop	552	453	559	464	72	66	007fff	/fonts/tactical
rect	559	453	566	464	000810
crop	559	453	566	464	40	66	007fff	/fonts/tactical
rect	566	453	573	464	000810
crop	566	453	573	464	16	77	007fff	/fonts/tactical
rect	573	453	580	464	000810
crop	573	453	580	464	24	77	007fff	/fonts/tactical
rect	580	453	587	464	000810
crop	580	453	587	464	112	22	007fff	/fonts/tactical
rect	587	453	594	464	000810
crop	587	453	594	464	0	22	007fff	/fonts/tactical
rect	132	464	139	475	000810
crop	132	464	139	475	32	44	007fff	/fonts/tactical
rect	139	464	146	475	000810
crop	139	464	146	475	40	66	007fff	/fonts/tactical
rect	146	464	153	475	000810
crop	146	464	153	475	24	77	007fff	/fonts/tactical
rect	153	464	160	475	000810
crop	153	464	160	475	32	77	007fff	/fonts/tactical
rect	160	464	167	475	000810
crop	160	464	167	475	16	77	007fff	/fonts/tactical
rect	167	464	174	475	000810
crop	167	464	174	475	120	66	007fff	/fonts/tactical
rect	174	464	181	475	000810
crop	174	464	181	475	72	77	007fff	/fonts/tactical
rect	181	464	188	475	000810
crop	181	464	188	475	0	22	007fff	/fonts/tactical
rect	188	464	195	475	000810
crop	188	464	195	475	8	66	007fff	/fonts/tactical
rect	195	464	202	475	000810
crop	195	464	202	475	96	66	007fff	/fonts/tactical
rect	202	464	209	475	000810
crop	202	464	209	475	96	66	007fff	/fonts/tactical
rect	209	464	216	475	000810
crop	209	464	216	475	0	22	007fff	/fonts/tactical
rect	216	464	223	475	000810
crop	216	464	223	475	64	66	007fff	/fonts/tactical
rect	223	464	230	475	000810
crop	223	464	230	475	120	66	007fff	/fonts/tactical
rect	230	464	237	475	000810
crop	230	464	237	475	24	77	007fff	/fonts/tactical
rect	237	464	244	475	000810
crop	237	464	244	475	32	77	007fff	/fonts/tactical
rect	244	464	251	475	000810
crop	244	464	251	475	72	66	007fff	/fonts/tactical
rect	251	464	258	475	000810
crop	251	464	258	475	96	66	007fff	/fonts/tactical
rect	258	464	265	475	000810
crop	258	464	265	475	40	66	007fff	/fonts/tactical
rect	265	464	272	475	000810
crop	265	464	272	475	0	22	007fff	/fonts/tactical
rect	272	464	279	475	000810
crop	272	464	279	475	48	77	007fff	/fonts/tactical
rect	279	464	286	475	000810
crop	279	464	286	475	40	66	007fff	/fonts/tactical
rect	286	464	293	475	000810
crop	286	464	293	475	24	77	007fff	/fonts/tactical
rect	293	464	300	475	000810
crop	293	464	300	475	24	77	007fff	/fonts/tactical
rect	300	464	307	475	000810
crop	300	464	307	475	40	66	007fff	/fonts/tactical
rect	307	464	314	475	000810
crop	307	464	314	475	96	66	007fff	/fonts/tactical
rect	314	464	321	475	000810
crop	314	464	321	475	24	77	007fff	/fonts/tactical
rect	321	464	328	475	000810
crop	321	464	328	475	0	22	007fff	/fonts/tactical
rect	328	464	335	475	000810
crop	328	464	335	475	8	66	007fff	/fonts/tactical
rect	335	464	342	475	000810
crop	335	464	342	475	112	66	007fff	/fonts/tactical
rect	342	464	349	475	000810
crop	342	464	349	475	32	66	007fff	/fonts/tactical
rect	349	464	356	475	000810
crop	349	464	356	475	0	22	007fff	/fonts/tactical
rect	356	464	363	475	000810
crop	356	464	363	475	0	77	007fff	/fonts/tactical
rect	363	464	370	475	000810
crop	363	464	370	475	16	77	007fff	/fonts/tactical
rect	370	464	377	475	000810
crop	370	464	377	475	120	66	007fff	/fonts/tactical
rect	377	464	384	475	000810
crop	377	464	384	475	32	77	007fff	/fonts/tactical
rect	384	464	391	475	000810
crop	384	464	391	475	40	66	007fff	/fonts/tactical
rect	391	464	398	475	000810
crop	391	464	398	475	24	66	007fff	/fonts/tactical
rect	398	464	405	475	000810
crop	398	464	405	475	32	77	007fff	/fonts/tactical
rect	405	464	412	475	000810
crop	405	464	412	475	0	22	007fff	/fonts/tactical
rect	412	464	419	475	000810
crop	412	464	419	475	120	66	007fff	/fonts/tactical
rect	419	464	426	475	000810
crop	419	464	426	475	40	77	007fff	/fonts/tactical
rect	426	464	433	475	000810
crop	426	464	433	475	16	77	007fff	/fonts/tactical
rect	433	464	440	475	000810
crop	433	464	440	475	0	22	007fff	/fonts/tactical
rect	440	464	447	475	000810
crop	440	464	447	475	24	66	007fff	/fonts/tactical
rect	447	464	454	475	000810
crop	447	464	454	475	8	66	007fff	/fonts/tactical
rect	454	464	461	475	000810
crop	454	464	461	475	16	77	007fff	/fonts/tactical
rect	461	464	468	475	000810
crop	461	464	468	475	16	77	007fff	/fonts/tactical
rect	468	464	475	475	000810
crop	468	464	475	475	72	66	007fff	/fonts/tactical
rect	475	464	482	475	000810
crop	475	464	482	475	40	66	007fff	/fonts/tactical
rect	482	464	489	475	000810
crop	482	464	489	475	16	77	007fff	/fonts/tactical
rect	489	464	496	475	000810
crop	489	464	496	475	24	77	007fff	/fonts/tactical
rect	496	464	503	475	000810
crop	496	464	503	475	112	22	007fff	/fonts/tactical
rect	503	464	510	475	000810
crop	503	464	510	475	0	22	007fff	/fonts/tactical
rect	510	464	517	475	007fff
crop	510	464	517	475	96	33	000810	/fonts/tactical
rect	517	464	524	475	007fff
crop	517	464	524	475	40	44	000810	/fonts/tactical
rect	524	464	531	475	007fff
crop	524	464	531	475	120	44	000810	/fonts/tactical
rect	531	464	538	475	007fff
crop	531	464	538	475	32	55	000810	/fonts/tactical
rect	538	464	545	475	007fff
crop	538	464	545	475	112	33	000810	/fonts/tactical
rect	545	464	552	475	000810
crop	545	464	552	475	0	22	007fff	/fonts/tactical
rect	552	464	604	475	000810
line	381	41	373	54	489048
			388	55	
	373	54			204020
draw	0	0	128	480	/pictures/501.png
	608		640		/pictures/512.png
crop	29	159	35	171	8	36	ff0000	/fonts/computer
	35		41		0			
	41		47		24			
	102		108		8		ff7f00	
	108		114		32			
	114		120		64			
line	614	456	614	359	007fff
		359	622		
	622			456	00488f
		456	614		
rect	615	360	622	456	0070e0
line	614	241	614	231	909048
		231	622		
	622			241	505028
		241	614		
rect	615	232	622	241	707038
line	614	328	614	242	ffff7f
		242	622		
	622			328	909048
		328	614		
rect	615	243	622	328	e0e070
line	614	106	614	103	904848
		103	622		
	622			106	502828
		106	614		
rect	615	104	622	106	703838
line	614	200	614	107	ff7f7f
		107	622		
	622			200	904848
		200	614		
rect	615	108	622	200	e07070
	634	49	636	52	7fff7f
		53		56	60c060
		57		60	
		61		64	
		65		68	
		69		72	7fff7f
		73		76	60c060
		77		80	
		81		84	
		85		88	
		89		92	7fff7f
		93		96	60c060
		97		100	
		101		104	
		105		108	
		109		112	7fff7f
		113		116	60c060
		117		120	
		121		124	
		125		128	
		129		132	7fff7f
		133		136	60c060
		137		140	
		141		144	
		145		148	
		149		152	183018
		153		156	
		157		160	
		161		164	
		165		168	
		169		172	
		173		176	
		177		180	
		181		184	
		185		188	
		189		192	
		193		196	
		197		200	
		201		204	
		205		208	
		209		212	
		213		216	
		217		220	
		221		224	
		225		228	
		229		232	
		233		236	
		237		240	
		241		244	
		245		248	
		249		252	
		253		256	
		257		260	
		261		264	
		265		268	
		269		272	
		273		276	
		277		280	
		281		284	
		285		288	
		289		292	
		293		296	
		297		300	
		301		304	
		305		308	
		309		312	
		313		316	
		317		320	
		321		324	
		325		328	
		329		332	
		333		336	
		337		340	
		341		344	
		345		348	
		349		352	
		353		356	
		357		360	
		361		364	
		365		368	
		369		372	
		373		376	
		377		380	
		381		384	
		385		388	
		389		392	
		393		396	
		397		400	
		401		404	
		405		408	
		409		412	
		413		416	
		417		420	
		421		424	
		425		428	
		429		432	
		433		436	
		437		440	
		441		444	
		445		448	
	621	52	631	56	303000
		57		61	
		62		66	
		67		71	
		72		76	
		77		81	
		82		86	
	7	7	115	115	00ff00
	8	8	114	114	001000
	42	42	80	80	003000
point	61	61	00e000
		51	
	64	40	
	54	49	
	67	74	
	81	77	
	73	51	
	79	64	
	65	68	
	60	53	
	63	60	
	68	73	
	95	67	
	59	55	
	80	76	
	61	58	
	70	44	
	58	61	
	61	59	
	63	57	
	62	62	
	63	68	
	61	61	
	60	57	
	61	61	
	71	70	
	83	76	
	58	73	
	89	66	
	84	75	
		67	
	75	72	
	76	70	
	63	68	
	71	70	
	64	39	
	68	58	
	69	49	
	65	68	
	63	41	
	66	60	
	59	61	
	65	53	
	79	61	
	38	84	
	80	76	
	59	55	
	67	74	
			
	59	55	
rect	12	320	121	440	001000
line	12	330	119	330	009000
crop	15	320	21	332	104	48	00ff00	/fonts/computer
	21		27		8			
	27		33		72			
	33		39		112			
	39		45		0	24		
	45		51		104	48		
	51		57		40			
	57		63		112			
	63		69		40	60		
line	12	343	12	332	009000
		332	120		
	120			343	005000
		343	12		
rect	13	333	120	343	007000
crop	15	332	21	344	96	36	00ff00	/fonts/computer
	21		27		16	48		
	27		33		40	84		
	33		39		72	72		
	39		45		96			
	45		51		32			
	51		57		112	36		
	15	344	21	356	96			
	21		27		24	60		
	27		33		0	84		
	33		39		40	72		
	39		45		24			
	45		51		72			
	51		57		8			
	57		63		96			
	63		69		0	24		
	69		75		120	48		
	75		81		16	84		
	81		87		32	72		
	87		93		40			
	93		99		16	84		
	99		105		24			
	105		111		112	36		
	15	356	21	368	96			
	21		27		104	48		
	27		33		40	72		
	33		39		24	84		
	39		45					
	45		51		8	72		
	51		57		56			
	57		63		40			
	63		69		112	36		
	15	368	21	380	96			
	21		27		104	48		
	27		33		72	72		
	33		39		24	84		
	39		45					
	45		51		72	72		
	51		57		120			
	57		63		112			
	63		69		0	24		
	69		75		24	60		
	75		81		32	84		
	81		87		8	72		
	87		93		32	84		
	93		99		40			
	99		105		24			
	105		111		112	36		
line	12	438	119	438	009000
rect	16	450	114	475	001010
line	17	461	17	450	00c0c0
		450	43		
	43			461	007070
		461	17		
rect	18	451	43	461	009090
crop	19	450	25	462	16	60	00ffff	/fonts/computer
	25		31		56	48		
	31		37		64			
	37		43		32	60		
	43		49		0	24		
	49		55		24	60		
	55		61		40	72		
	61		67		96			
	67		73		40			
	73		79		24			
	79		85		32	84		
line	12	191	12	180	ffff00
		180	120		
	120			191	909000
		191	12		
rect	13	181	120	191	c0c000
crop	15	180	21	192	24	48	000000	/fonts/computer
	21		27		120			
	27		33		112			
	33		39		32	60		
	39		45		16			
	45		51		120	48		
	51		57		96			
	15	192	21	204	64		7fff7f	
	21		27		48	60		
	27		33		32	48		
	33		39		24	60		
	39		45		32			
	45		51		16			
	51		57		72			
	57		63		16			
draw	16	207	34	223	/sprites/646.SMIV/0
line	14	204	35	204	489048
			14	205	
	35		35		
	14	225		225	
			14	224	
	35		35		
rect	42	206	49	206	003870
				224	0060c0
line	40	204	50	204	00488f
			40	205	
	50		50		
	40	225		225	
			40	224	
	50		50		
rect	55	206	62	208	707000
		208		224	c0c000
line	53	204	63	204	909000
			53	205	
	63		63		
	53	225		225	
			53	224	
	63		63		
crop	69	204	75	216	96	48	7fff7f	/fonts/computer
	75		81		16			
	81		87		40			
	87		93		8			
	93		99		104			
	99		105		0	24		
	105		111		8	36		
	69	216	75	228	48	48		
	75		81		40	60		
	81		87		96	48		
	87		93					
	93		99		0	60		
	99		105		96	48		
	105		111		24	60		
	111		117		40	48		
	69	192	75	204	24			
	75		81		104			
	81		87		72			
	87		93		24	60		
	93		99					
	99		105		72	48		
	105		111		96			
	111		117		40			
	12	228	18	240	48		ff0000	
	18		24		72	72		
	24		30		56			
	30		36		64			
	36		42		32	84		
	42		48		40	72		
	48		54		16	84		
line	12	263	12	252	007fff
		252	120		
	120			263	00488f
		263	12		
rect	13	253	120	263	0060c0
crop	15	252	21	264	32	60	000000	/fonts/computer
	21		27		8	48		
	27		33		16	60		
	33		39		56	48		
	39		45		40			
	45		51		32	60		
line	14	276	35	276	489048
			14	277	
	35		35		
	14	297		297	
			14	296	
	35		35		
