point	456	113	808080
	159	247	d0d0d0
	217	41	b0b0b0
	140	249	d0d0d0
	215	357	808080
	317	178	b0b0b0
	416	354	
	269	360	808080
	519	10	d0d0d0
	294	378	
	574	248	
	581	448	b0b0b0
	386	243	808080
	235	410	d0d0d0
	466	383	b0b0b0
	273	344	d0d0d0
	465	105	
	531	181	
	491	418	b0b0b0
	605	462	
	345	419	d0d0d0
	580	168	808080
	296	353	d0d0d0
	242	432	
	395	81	b0b0b0
	485	400	
	511	215	
	414	197	808080
	153	4	
	550	83	b0b0b0
	436	176	808080
	575	47	d0d0d0
	556	131	808080
	475	91	b0b0b0
	597	132	808080
	505	108	
	461	475	
	363	429	b0b0b0
	139	449	808080
	396	412	
	395	388	d0d0d0
	374	50	808080
	555	143	
	545	288	d0d0d0
	544	341	b0b0b0
	131	470	808080
	324	368	d0d0d0
	340	35	
	365	229	
	418	29	b0b0b0
	218	114	808080
	503	65	d0d0d0
	512	258	
	445	166	
	284	311	b0b0b0
	344	427	808080
	552	279	d0d0d0
	287	225	808080
	378		
	515	0	d0d0d0
	574	14	
	139	45	b0b0b0
	301	126	808080
	485	58	
	443	341	
	383	226	b0b0b0
	463	198	d0d0d0
	563	311	
	177	334	808080
	328	298	
	362	394	d0d0d0
	443	345	808080
	287	155	d0d0d0
	203	252	b0b0b0
	422	189	
	526	65	808080
	216	247	
	227	298	d0d0d0
	189	399	808080
	196	116	
	133	241	
	572	386	b0b0b0
	410	354	
	522	145	
	455	286	808080
	602	210	
	301	385	d0d0d0
	322	465	
	319	267	808080
	227	216	
	200	4	
	204	189	
	470	317	
	354	476	d0d0d0
	564	32	b0b0b0
	390	413	808080
	392	181	b0b0b0
	450	362	d0d0d0
	216	65	b0b0b0
	187	120	808080
	512	314	d0d0d0
	297	50	808080
	511	244	d0d0d0
	449	77	b0b0b0
	585	40	808080
	597	350	
	129	368	
	207	52	
	548	419	b0b0b0
	515	428	808080
	571	349	d0d0d0
	600	471	808080
	574	147	
	368	296	
	255	365	d0d0d0
	496	332	
	355	426	b0b0b0
	517	4	
	143	234	d0d0d0
	403	263	
	502	196	b0b0b0
	365	423	
	255	198	d0d0d0
	201	103	
	527	105	b0b0b0
rect	272	0	273	427	002850
	465		466		005000
	128	151	609	152	002850
		344		345	
line	260	143	259	141	007fff
	245	121	245	120	
	249	106	250	106	00ff00
triangle	260	123	266	129	00c000
	241	110	247	116	c00000
diamond	322	201	338	217	00c000
	304	154	320	170	
	261	129	277	145	
triangle	361	233	373	245	00c000
	234	123	246	135	
	251	141	263	153	
	342	196	348	202	
	270	148	276	154	
	325	135	331	141	
	259	107	265	113	
	286	99	292	105	
	326	142	332	148	
	302	177	308	183	
	315	171	321	177	
rect	73	64	75	66	c00000
triangle	343	192	349	198	00c000
rect	251	226	253	228	c00000
	248	104	250	106	00ff00
	246	105	248	107	
	308	159	310	161	
	329	208	331	210	
	265	133	267	135	
					
dither	200	50	339	67	003030
crop	204	54	211	65	80	55	000000	/fonts/tactical.png
	211		218		120	66		
	218		225					
	225		232		104			
	232		239		0	22		
	239		246		32	77		
	246		253		120	66		
	253		260		0	22		
	260		267		8	44		
	267		274		96	66		
	274		281					
	281		288		0	22		
	288		295		120	44		
	295		302		16	66		
	302		309		80			
	309		316		40			
	316		323		24			
	323		330		32	77		
	330		337		24			
	203	53	210	64	80	55	00ffff	
	210		217		120	66		
	217		224					
	224		231		104			
	231		238		0	22		
	238		245		32	77		
	245		252		120	66		
	252		259		0	22		
	259		266		8	44		
	266		273		96	66		
	273		280					
	280		287		0	22		
	287		294		120	44		
	294		301		16	66		
	301		308		80			
	308		315		40			
	315		322		24			
	322		329		32	77		
	329		336		24			
rect	128	426	608	480	007fff
		427		479	000810
	132	431	139	442	007fff
	139		146		
	146		153		
	153		160		
	160		167		
	167		174		
	174		181		
	181		188		
	188		195		
	195		202		
	202		209		
	209		216		
	216		223		
	223		230		
	230		237		
	237		244		
	244		251		
	251		258		
	258		265		
	265		272		
	272		279		
	279		286		
	286		293		
	293		300		000810
	300		307		
	307		314		
	314		321		
	321		328		
	328		335		
	335		342		
	342		349		
	349		356		
	356		363		
	363		370		
	370		377		
	377		384		
	384		391		
	391		398		
	398		405		
	405		412		
	412		419		
	419		426		
	426		433		
	433		440		
	440		447		
	447		454		
	454		461		
	461		468		
	468		475		
	475		482		
	482		489		
	489		496		
	496		503		
	503		510		
	510		604		
	132	442	139	453	
	139		146		
	146		153		
	153		160		
	160		167		
	167		174		
	174		181		
	181		188		
	188		195		
	195		202		
	202		209		
	209		216		
	216		223		
	223		230		
	230		237		
	237		244		
	244		251		
	251		258		
	258		265		
	265		272		
	272		279		
	279		286		
	286		293		
	293		300		
	300		307		
	307		314		
	314		321		
	321		328		
	328		335		
	335		342		
	342		349		
	349		356		
	356		363		
	363		370		
	370		377		
	377		384		
	384		604		
	132	453	139	464	
	139		146		
	146		153		
	153		160		
	160		167		
	167		174		
	174		181		
	181		188		
	188		195		
	195		202		
	202		209		
	209		216		
	216		223		
	223		230		
	230		237		
	237		244		
	244		251		
	251		258		
	258		265		
	265		272		
	272		279		
	279		286		
	286		293		
	293		300		
	300		307		
	307		314		
	314		321		
	321		328		
	328		335		
	335		342		
	342		349		
	349		356		
	356		363		
	363		370		
	370		377		
	377		384		
	384		391		
	391		398		
	398		405		
	405		412		
	412		419		
	419		426		
	426		433		
	433		440		
	440		447		
	447		454		
	454		461		
	461		468		
	468		475		
	475		482		
	482		489		
	489		496		
	496		503		
	503		510		
	510		517		
	517		524		
	524		531		
	531		538		
	538		545		
	545		552		
	552		559		
	559		566		
	566		573		
	573		580		
	580		587		
	587		594		
	132	464	139	475	
	139		146		
	146		153		
	153		160		
	160		167		
	167		174		
	174		181		
	181		188		
	188		195		
	195		202		
	202		209		
	209		216		
	216		223		
	223		230		
	230		237		
	237		244		
	244		251		
	251		258		
	258		265		
	265		272		
	272		279		
	279		286		
	286		293		
	293		300		
	300		307		
	307		314		
	314		321		
	321		328		
	328		335		
	335		342		
	342		349		
	349		356		
	356		363		
	363		370		
	370		377		
	377		384		
	384		391		
	391		398		
	398		405		
	405		412		
	412		419		
	419		426		
	426		433		
	433		440		
	440		447		
	447		454		
	454		461		
	461		468		
	468		475		
	475		482		
	482		489		
	489		496		
	496		503		
	503		510		
	510		517		007fff
	517		524		
	524		531		
	531		538		
	538		545		
	545		552		000810
	552		604		
crop	139	431	146	442	72	44	000810	/fonts/tactical.png
	146		153		112			
	153		160		24			
	160		167		120			
	167		174		104			
	174		181		72			
	181		188		112			
	188		195		56			
	202		209		32	55		
	209		216		16			
	216		223		8	44		
	223		230		112			
	230		237		24	55		
	237		244		104	44		
	244		251		72			
	251		258		24	55		
	258		265					
	265		272		72	44		
	272		279		120			
	279		286		112			
	300		307		24	55	007fff	
	307		314		40	44		
	314		321		24			
	321		328		40	55		
	328		335		16			
	335		342		40	44		
	349		356		88			
	356		363		40			
	363		370		72	55		
	377		384		120	44		
	384		391		88			
	398		405		104	22		
	412		419		112	44		
	419		426		56	55		
	426		433		24	33		
	440		447		32	55		
	447		454		72	44		
	454		461		56			
	461		468		64			
	468		475		32	55		
	482		489		16	44		
	489		496		40			
	496		503		8			
	503		510		104			
	132	442	139	453	24	55		
	139		146		120	44		
	146		153		40	55		
	153		160		16			
	160		167		24	44		
	167		174		40			
	174		181		80	33		
	188		195		64	44		
	195		202		40	77		
	202		209		104	66		
	209		216		8			
	216		223		112			
	223		230		120	22		
	230		237		72	44		
	237		244		24	77		
	244		251		64	66		
	251		258		72			
	258		265		104			
	265		272		8			
	272		279		112			
	286		293		24	44		
	293		300		120	66		
	300		307					
	307		314		16	77		
	314		321		32	66		
	321		328		112	22		
	335		342		24	44		
	342		349		120	66		
	349		356		112			
	356		363		32	77		
	363		370		16			
	370		377		120	66		
	377		384		96			
	132	453	139	464	32	55		
	139		146		64	66		
	146		153		40			
	160		167		8	44		
	167		174		40	77		
	174		181		32	66		
	181		188		40			
	188		195		104			
	195		202		40			
	202		209		32			
	209		216		120			
	216		223		112			
	223		230		24	77		
	237		244		8	66		
	244		251		16	77		
	251		258		40	66		
	265		272		24	77		
	272		279		40	66		
	279		286		112			
	286		293		32			
	293		300		72			
	300		307		112			
	307		314		56			
	321		328		8			
	328		335		32			
	335		342					
	342		349		72			
	349		356		32	77		
	356		363		72	66		
	363		370		120			
	370		377		112			
	377		384		8			
	384		391		96			
	398		405		24	77		
	405		412		64	66		
	412		419		72			
	419		426		0	77		
	426		433		24			
	440		447		32			
	447		454		120	66		
	461		468		104			
	468		475		40			
	475		482					
	482		489		32	77		
	496		503		120	66		
	503		510		40	77		
	510		517		16			
	524		531		24	66		
	531		538		8			
	538		545		16	77		
	545		552					
	552		559		72	66		
	559		566		40			
	566		573		16	77		
	573		580		24			
	580		587		112	22		
	132	464	139	475	32	44		
	139		146		40	66		
	146		153		24	77		
	153		160		32			
	160		167		16			
	167		174		120	66		
	174		181		72	77		
	188		195		8	66		
	195		202		96			
	202		209					
	216		223		64			
	223		230		120			
	230		237		24	77		
	237		244		32			
	244		251		72	66		
	251		258		96			
	258		265		40			
	272		279		48	77		
	279		286		40	66		
	286		293		24	77		
	293		300					
	300		307		40	66		
	307		314		96			
	314		321		24	77		
	328		335		8	66		
	335		342		112			
	342		349		32			
	356		363		0	77		
	363		370		16			
	370		377		120	66		
	377		384		32	77		
	384		391		40	66		
	391		398		24			
	398		405		32	77		
	412		419		120	66		
	419		426		40	77		
	426		433		16			
	440		447		24	66		
	447		454		8			
	454		461		16	77		
	461		468					
	468		475		72	66		
	475		482		40			
	482		489		16	77		
	489		496		24			
	496		503		112	22		
	510		517		96	33	000810	
	517		524		40	44		
	524		531		120			
	531		538		32	55		
	538		545		112	33		
line	214	111	219	126	489048
			229	113	
	219	126			204020
draw	0	-144	128	624	/pictures/501.png
	608		640		/pictures/512.png
crop	29	159	35	171	0	36	ff0000	/fonts/computer.png
	35		41		48			
	41		47		16			
	102		108		8		ff7f00	
	108		114		32			
	114		120		64			
rect	614	359	615	430	00488f
			623	360	
	622			430	002850
	614	429			
	615	360	622	429	003870
	614	430	615	457	007fff
			623	431	
	622			457	00488f
	614	456			
	615	431	622	456	0070e0
	614	231	615	257	909048
			623	232	
	622			257	505028
	614	256			
	615	232	622	256	707038
	614	257	615	329	ffff7f
			623	258	
	622			329	909048
	614	328			
	615	258	622	328	e0e070
	614	103	615	111	904848
			623	104	
	622			111	502828
	614	110			
	615	104	622	110	703838
	614	111	615	201	ff7f7f
			623	112	
	622			201	904848
	614	200			
	615	112	622	200	e07070
	634	49	636	52	7fff7f
		53		56	60c060
		57		60	
		61		64	
		65		68	
		69		72	7fff7f
		73		76	60c060
		77		80	
		81		84	
		85		88	
		89		92	7fff7f
		93		96	60c060
		97		100	
		101		104	
		105		108	
		109		112	7fff7f
		113		116	60c060
		117		120	
		121		124	
		125		128	
		129		132	7fff7f
		133		136	60c060
		137		140	
		141		144	
		145		148	
		149		152	183018
		153		156	
		157		160	
		161		164	
		165		168	
		169		172	
		173		176	
		177		180	
		181		184	
		185		188	
		189		192	
		193		196	
		197		200	
		201		204	
		205		208	
		209		212	
		213		216	
		217		220	
		221		224	
		225		228	
		229		232	
		233		236	
		237		240	
		241		244	
		245		248	
		249		252	
		253		256	
		257		260	
		261		264	
		265		268	
		269		272	
		273		276	
		277		280	
		281		284	
		285		288	
		289		292	
		293		296	
		297		300	
		301		304	
		305		308	
		309		312	
		313		316	
		317		320	
		321		324	
		325		328	
		329		332	
		333		336	
		337		340	
		341		344	
		345		348	
		349		352	
		353		356	
		357		360	
		361		364	
		365		368	
		369		372	
		373		376	
		377		380	
		381		384	
		385		388	
		389		392	
		393		396	
		397		400	
		401		404	
		405		408	
		409		412	
		413		416	
		417		420	
		421		424	
		425		428	
		429		432	
		433		436	
		437		440	
		441		444	
		445		448	
	621	52	631	56	303000
		57		61	
		62		66	
		67		71	
		72		76	
		77		81	
		82		86	
	7	7	115	115	00ff00
	8	8	114	114	001000
	12	12	112	112	003000
point	39	41	00e000
	37	33	
	36	34	
	49	45	
	36	36	
	54	55	
	50	45	
	41	40	
	35	38	
	38	42	
	37	33	
	54	55	
	40	39	
	39	38	
	40	39	
	45	32	
	35	35	
	39	34	
	42	43	
	53	42	
		40	
	48	49	
	57	53	
		52	
	51	48	
	37	59	
rect	12	320	121	440	001000
		330	120	331	009000
		332	13	344	
			121	333	
	120			344	005000
	12	343			
	13	333	120	343	007000
	12	438		439	009000
	16	450	114	475	001010
	17		18	462	00c0c0
			44	451	
	43			462	007070
	17	461			
	18	451	43	461	009090
crop	15	320	21	332	104	48	00ff00	/fonts/computer.png
	21		27		8			
	27		33		72			
	33		39		112			
	39		45		0	24		
	45		51		104	48		
	51		57		40			
	57		63		112			
	63		69		40	60		
	15	332	21	344	96	36		
	21		27		16	48		
	27		33		40	84		
	33		39		72	72		
	39		45		96			
	45		51		32			
	51		57		112	36		
	15	344	21	356	96			
	21		27		24	60		
	27		33		0	84		
	33		39		40	72		
	39		45		24			
	45		51		72			
	51		57		8			
	57		63		96			
	63		69		0	24		
	69		75		120	48		
	75		81		16	84		
	81		87		32	72		
	87		93		40			
	93		99		16	84		
	99		105		24			
	105		111		112	36		
	15	356	21	368	96			
	21		27		104	48		
	27		33		40	72		
	33		39		24	84		
	39		45					
	45		51		8	72		
	51		57		56			
	57		63		40			
	63		69		112	36		
	15	368	21	380	96			
	21		27		104	48		
	27		33		72	72		
	33		39		24	84		
	39		45					
	45		51		72	72		
	51		57		120			
	57		63		112			
	63		69		0	24		
	69		75		24	60		
	75		81		32	84		
	81		87		8	72		
	87		93		32	84		
	93		99		40			
	99		105		24			
	105		111		112	36		
	19	450	25	462	16	60	00ffff	
	25		31		56	48		
	31		37		64			
	37		43		32	60		
	43		49		0	24		
	49		55		24	60		
	55		61		40	72		
	61		67		96			
	67		73		40			
	73		79		24			
	79		85		32	84		
rect	12	180	13	192	ffff00
			121	181	
	120			192	909000
	12	191			
	13	181	120	191	c0c000
crop	15	180	21	192	24	48	000000	/fonts/computer.png
	21		27		120			
	27		33		112			
	33		39		32	60		
	39		45		16			
	45		51		120	48		
	51		57		96			
	15	192	21	204	64		7fff7f	
	21		27		48	60		
	27		33		32	48		
	33		39		24	60		
	39		45		32			
	45		51		16			
	51		57		72			
	57		63		16			
draw	16	207	34	223	/sprites/646.SMIV/0
rect	14	204	36	205	489048
			15	206	
	35		36		
	14	225		226	
		224	15		
	35		36		
	42	206	49	219	003870
		219		224	0060c0
	40	204	51	205	00488f
			41	206	
	50		51		
	40	225		226	
		224	41		
	50		51		
	55	206	62	211	707000
		211		224	c0c000
	53	204	64	205	909000
			54	206	
	63		64		
	53	225		226	
		224	54		
	63		64		
crop	69	204	75	216	96	48	7fff7f	/fonts/computer.png
	75		81		16			
	81		87		40			
	87		93		8			
	93		99		104			
	99		105		0	24		
	105		111		8	36		
	69	216	75	228	48	48		
	75		81		40	60		
	81		87		96	48		
	87		93					
	93		99		0	60		
	99		105		96	48		
	105		111		24	60		
	111		117		40	48		
	69	192	75	204	24			
	75		81		104			
	81		87		72			
	87		93		24	60		
	93		99					
	99		105		72	48		
	105		111		96			
	111		117		40			
	12	228	18	240	0	60	00ff00	
	18		24		16	84		
	24		30		120	72		
	30		36		32	84		
	36		42		120	72		
	42		48		0	84		
	48		54		40			
	54		60		96	72		
	60		66		24	84		
	66		72		40	72		
rect	12	252	13	264	007fff
			121	253	
	120			264	00488f
	12	263			
	13	253	120	263	0060c0
crop	15	252	21	264	32	60	000000	/fonts/computer.png
	21		27		8	48		
	27		33		16	60		
	33		39		56	48		
	39		45		40			
	45		51		32	60		
rect	14	276	36	277	489048
			15	278	
	35		36		
	14	297		298	
		296	15		
	35		36		
