point	194	268	b0b0b0
	479	127	
	425	188	d0d0d0
	249	385	b0b0b0
	380	278	d0d0d0
	186		
	252	168	b0b0b0
	260	469	808080
	257	148	d0d0d0
	292	387	b0b0b0
	486	144	808080
	282	120	d0d0d0
	348	467	808080
	308	241	d0d0d0
	336	327	
	409	247	
	469	116	b0b0b0
	453	382	
	199	248	d0d0d0
	511	45	
	174	185	808080
	237	122	b0b0b0
	242	121	d0d0d0
	213	398	
	235	43	808080
	405	473	b0b0b0
	391	411	d0d0d0
	338	38	b0b0b0
	216	276	
	338	268	d0d0d0
	329	388	b0b0b0
	516	313	d0d0d0
	396	284	808080
	383	48	d0d0d0
	463	33	808080
	607	445	d0d0d0
	349	151	b0b0b0
	482	102	808080
		40	b0b0b0
	237	352	d0d0d0
	356	233	
	391	444	
	307	403	
	230	205	b0b0b0
	456	165	
	561	435	
	577	404	808080
	213	405	
	463	277	b0b0b0
	265	99	
	324	477	808080
	537	140	d0d0d0
	415	203	808080
	446	206	b0b0b0
	498	393	808080
	332	331	
	604	279	
	370	322	b0b0b0
	235	121	808080
	436	153	
	594	124	d0d0d0
	503	246	
	604	365	b0b0b0
	470	21	808080
	180	115	
	581	44	
	566	167	
	302	90	d0d0d0
	383	315	
	602	456	808080
	295	207	d0d0d0
	506	315	808080
	514	139	d0d0d0
	306	90	b0b0b0
	185	13	d0d0d0
	481	346	b0b0b0
	141	174	808080
	157	198	d0d0d0
	405	286	b0b0b0
	322	132	808080
	517	258	b0b0b0
	379	350	d0d0d0
	400	47	808080
	381	300	b0b0b0
	237	41	808080
	478	345	d0d0d0
	372	471	b0b0b0
	278	309	
	552	335	808080
	199	229	d0d0d0
	146	110	
	357	323	808080
	549	283	b0b0b0
	483	295	808080
	460	163	b0b0b0
	252	249	d0d0d0
	504	245	808080
	607	81	d0d0d0
	251	117	b0b0b0
	294	285	808080
	474	303	d0d0d0
	541	390	808080
	161	209	
	604	317	d0d0d0
	253	345	
	521	277	808080
	603	402	d0d0d0
	552	66	b0b0b0
	289	466	d0d0d0
	530	32	b0b0b0
	390	478	
	250	400	808080
	150	58	b0b0b0
	311	186	d0d0d0
	597	382	
	529	30	
	600	174	b0b0b0
	327	69	d0d0d0
	242	367	
	519	356	808080
	561	210	
	324	205	b0b0b0
	592	415	
	582	63	d0d0d0
	565	256	b0b0b0
line	144	0	144	480	005000
	376		376		
	128	215	608	215	
		447		447	
tint	328	235	344	251	009000	/x/square/8
	363		371	243	00c000	/x/triangle/4
	350	256	358	264		/x/plus/4
	312	252	320	260		
	499	114	505	120	c00000	/x/square/3
dither	502	97	578	114	001830
tint	506	101	514	113	000000	/font/5000/46
	513		521			/font/5000/6c
	520		528			/font/5000/61
	527		535			/font/5000/6b
	534		542			/font/5000/20
	541		549			/font/5000/44
	548		556			/font/5000/72
	555		563			/font/5000/6f
	562		570			/font/5000/6e
	569		577			/font/5000/65
	505	100	513	112	007fff	/font/5000/46
	512		520			/font/5000/6c
	519		527			/font/5000/61
	526		534			/font/5000/6b
	533		541			/font/5000/20
	540		548			/font/5000/44
	547		555			/font/5000/72
	554		562			/font/5000/6f
	561		569			/font/5000/6e
	568		576			/font/5000/65
line	510	101	495	104	489048
			506	116	
	495	104			204020
draw	0	0	128	480	/pictures/501.png
	608		640		/pictures/512.png
tint	29	159	37	172	ff0000	/font/5001/30
	35		43			/font/5001/35
	41		49			/font/5001/30
line	614	456	614	359	007fff
		359	622		
	622			456	00488f
		456	614		
rect	615	360	622	456	0070e0
line	614	328	614	231	ffff7f
		231	622		
	622			328	909048
		328	614		
rect	615	232	622	328	e0e070
line	614	200	614	103	ff7f7f
		103	622		
	622			200	904848
		200	614		
rect	615	104	622	200	e07070
line	618	8	629	8	90488f
			618	9	
	629		629		
	618	36		36	
			618	35	
	629		629		
rect	620	10	628	35	703870
		35			c060c0
	634	49	636	52	7fff7f
		53		56	60c060
		57		60	
		61		64	
		65		68	
		69		72	7fff7f
		73		76	60c060
		77		80	
		81		84	
		85		88	
		89		92	7fff7f
		93		96	60c060
		97		100	
		101		104	
		105		108	
		109		112	7fff7f
		113		116	60c060
		117		120	
		121		124	
		125		128	
		129		132	7fff7f
		133		136	60c060
		137		140	
		141		144	
		145		148	
		149		152	183018
		153		156	
		157		160	
		161		164	
		165		168	
		169		172	
		173		176	
		177		180	
		181		184	
		185		188	
		189		192	
		193		196	
		197		200	
		201		204	
		205		208	
		209		212	
		213		216	
		217		220	
		221		224	
		225		228	
		229		232	
		233		236	
		237		240	
		241		244	
		245		248	
		249		252	
		253		256	
		257		260	
		261		264	
		265		268	
		269		272	
		273		276	
		277		280	
		281		284	
		285		288	
		289		292	
		293		296	
		297		300	
		301		304	
		305		308	
		309		312	
		313		316	
		317		320	
		321		324	
		325		328	
		329		332	
		333		336	
		337		340	
		341		344	
		345		348	
		349		352	
		353		356	
		357		360	
		361		364	
		365		368	
		369		372	
		373		376	
		377		380	
		381		384	
		385		388	
		389		392	
		393		396	
		397		400	
		401		404	
		405		408	
		409		412	
		413		416	
		417		420	
		421		424	
		425		428	
		429		432	
		433		436	
		437		440	
		441		444	
		445		448	
	621	52	631	56	303000
		57		61	
		62		66	
		67		71	
		72		76	
		77		81	
		82		86	
	7	7	115	115	00ff00
	8	8	114	114	001000
					003000
point	39	63	00e000
	52	75	
	25	72	
rect	12	320	121	440	001000
line	12	330	119	330	009000
tint	15	320	23	333	00ff00	/font/5001/4d
	21		29			/font/5001/41
	27		35			/font/5001/49
	33		41			/font/5001/4e
	39		47			/font/5001/20
	45		53			/font/5001/4d
	51		59			/font/5001/45
	57		65			/font/5001/4e
	63		71			/font/5001/55
line	12	343	12	332	009000
		332	120		
	120			343	005000
		343	12		
rect	13	333	120	343	007000
tint	15	332	23	345	00ff00	/font/5001/3c
	21		29			/font/5001/42
	27		35			/font/5001/75
	33		41			/font/5001/69
	39		47			/font/5001/6c
	45		53			/font/5001/64
	51		59			/font/5001/3e
	15	344	23	357		/font/5001/3c
	21		29			/font/5001/53
	27		35			/font/5001/70
	33		41			/font/5001/65
	39		47			/font/5001/63
	45		53			/font/5001/69
	51		59			/font/5001/61
	57		65			/font/5001/6c
	63		71			/font/5001/20
	69		77			/font/5001/4f
	75		83			/font/5001/72
	81		89			/font/5001/64
	87		95			/font/5001/65
	93		101			/font/5001/72
	99		107			/font/5001/73
	105		113			/font/5001/3e
	15	356	23	369		/font/5001/3c
	21		29			/font/5001/4d
	27		35			/font/5001/65
	33		41			/font/5001/73
	39		47			
	45		53			/font/5001/61
	51		59			/font/5001/67
	57		65			/font/5001/65
	63		71			/font/5001/3e
	15	368	23	381		/font/5001/3c
	21		29			/font/5001/4d
	27		35			/font/5001/69
	33		41			/font/5001/73
	39		47			
	45		53			/font/5001/69
	51		59			/font/5001/6f
	57		65			/font/5001/6e
	63		71			/font/5001/20
	69		77			/font/5001/53
	75		83			/font/5001/74
	81		89			/font/5001/61
	87		95			/font/5001/74
	93		101			/font/5001/75
	99		107			/font/5001/73
	105		113			/font/5001/3e
line	12	438	119	438	009000
rect	16	450	114	475	001010
line	17	461	17	450	00c0c0
		450	43		
	43			461	007070
		461	17		
rect	18	451	43	461	009090
tint	19	450	27	463	00ffff	/font/5001/52
	25		33			/font/5001/47
	31		39			/font/5001/48
	37		45			/font/5001/54
	43		51			/font/5001/20
	49		57			/font/5001/53
	55		63			/font/5001/65
	61		69			/font/5001/6c
	67		75			/font/5001/65
	73		81			/font/5001/63
	79		87			/font/5001/74
rect	12	180	120	192	000000
line	12	191	12	180	ffff00
		180	119		
	119			191	909000
		191	12		
rect	13	181	119	191	c0c000
tint	15	180	23	193	000000	/font/5001/43
	21		29			/font/5001/4f
	27		35			/font/5001/4e
	33		41			/font/5001/54
	39		47			/font/5001/52
	45		53			/font/5001/4f
	51		59			/font/5001/4c
rect	12	192	120	204	000000
tint	15	192	23	205	7fff7f	/font/5001/41
	21		29			/font/5001/65
	27		35			/font/5001/6e
	33		41			/font/5001/65
	39		47			/font/5001/61
	45		53			/font/5001/73
	51		59			/font/5001/20
	57		65			/font/5001/41
	63		71			/font/5001/6c
	69		77			/font/5001/70
	75		83			/font/5001/68
	81		89			/font/5001/61
rect	14	204	36	226	000000
draw	16	206	34	224	/sprites/1011.SMIV/0
line	14	204	35	204	489048
			14	205	
	35		35		
	14	225		225	
			14	224	
	35		35		
rect	40	204	51	226	000000
	53		64		
	69		120	216	
		216		228	
	12	228		240	
		252		264	
line	12	263	12	252	007fff
		252	119		
	119			263	00488f
		263	12		
rect	13	253	119	263	0060c0
tint	15	252	23	265	000000	/font/5001/54
	21		29			/font/5001/41
	27		35			/font/5001/52
	33		41			/font/5001/47
	39		47			/font/5001/45
	45		53			/font/5001/54
rect	12	264	120	276	000000
tint	15	264	23	277	7fff7f	/font/5001/41
	21		29			/font/5001/65
	27		35			/font/5001/6e
	33		41			/font/5001/65
	39		47			/font/5001/61
	45		53			/font/5001/73
	51		59			/font/5001/20
	57		65			/font/5001/41
	63		71			/font/5001/6c
	69		77			/font/5001/70
	75		83			/font/5001/68
	81		89			/font/5001/61
rect	14	276	36	298	000000
draw	16	278	34	296	/sprites/1011.SMIV/0
line	14	276	35	276	489048
			14	277	
	35		35		
	14	297		297	
			14	296	
	35		35		
rect	40	276	51	298	000000
	53		64		
	69		120	288	
		288		300	
	12	300		312	
