point	207	248	b0b0b0
	492	107	
	442	161	d0d0d0
	262	365	b0b0b0
	397	251	d0d0d0
	203		
	265	148	b0b0b0
	268	456	808080
	274	121	d0d0d0
	305	367	b0b0b0
	494	131	808080
	299	93	d0d0d0
	356	454	808080
	325	214	d0d0d0
	353	300	
	426	220	
	482	96	b0b0b0
	466	362	
	216	221	d0d0d0
	528	18	
	182	172	808080
	250	102	b0b0b0
	259	94	d0d0d0
	230	371	
	243	30	808080
	417	453	b0b0b0
	408	384	d0d0d0
	351	18	b0b0b0
	229	256	
	355	241	d0d0d0
	342	368	b0b0b0
	533	286	d0d0d0
	404	271	808080
	400	21	d0d0d0
	471	20	808080
	140	187	b0b0b0
	362	131	
	490	89	808080
	495	20	b0b0b0
	254	325	d0d0d0
	373	206	
	408	417	
	324	376	
	243	185	b0b0b0
	469	145	
	574	415	
	585	391	808080
	221	392	
	476	257	b0b0b0
	278	79	
	332	464	808080
	554	113	d0d0d0
	423	190	808080
	459	186	b0b0b0
	506	380	808080
	340	318	
	133	127	
	383	302	b0b0b0
	243	108	808080
	444	140	
	131	382	d0d0d0
	520	219	
	134	453	808080
	478	8	
	188	102	
	589	31	
	574	154	
	319	63	d0d0d0
	400	288	
	132	30	b0b0b0
	312	180	d0d0d0
	514	302	808080
	531	112	d0d0d0
	319	70	b0b0b0
	327	472	808080
	494	326	b0b0b0
	149	161	808080
	174	171	d0d0d0
	418	266	b0b0b0
	330	119	808080
	530	238	b0b0b0
	396	323	d0d0d0
	408	34	808080
	394	280	b0b0b0
	245	28	808080
	495	318	d0d0d0
	385	452	b0b0b0
	291	289	
	560	322	808080
	216	202	d0d0d0
	163	83	
	365	310	808080
	562	263	b0b0b0
	491	282	808080
	473	143	b0b0b0
	269	222	d0d0d0
	512	232	808080
	140	296	b0b0b0
	264	97	
	302	272	808080
	491	276	d0d0d0
	549	377	808080
	169	196	
	141	92	d0d0d0
	270	318	
	529	264	808080
	140	373	d0d0d0
	565	46	b0b0b0
	306	439	d0d0d0
	543	12	b0b0b0
	403	458	
	258	387	808080
	163	38	b0b0b0
	328	159	d0d0d0
	134		
	546	3	
	135	169	
	344	42	
	259	340	
	527	343	808080
	569	197	
	337	185	b0b0b0
	605	395	
	599	36	d0d0d0
	578	236	b0b0b0
line	199	0	199	480	005000
	391		391		
	583		583		
	128	4	608	4	
		196		196	
		388		388	
rect	349	210	365	226	009000
	625	2	641	18	900000
triangle	364	236	372	244	00c000
plus	363	215	371	223	00c000
	354	213	362	221	
triangle	630	6	642	18	c00000
rect	492	111	498	117	c00000
	632	6	638	12	
triangle	627	9	635	17	c00000
dither	367	229	457	246	303000
crop	371	233	378	244	40	44	000000	/fonts/tactical
	378		385		112	66		
	385		392		56			
	392		399		72			
	399		406		112			
	406		413		40			
	413		420					
	420		427		16	77		
	427		434		0	22		
	434		441			55		
	441		448		120	66		
	448		455		32			
	370	232	377	243	40	44	ffff00	
	377		384		112	66		
	384		391		56			
	391		398		72			
	398		405		112			
	405		412		40			
	412		419					
	419		426		16	77		
	426		433		0	22		
	433		440			55		
	440		447		120	66		
	447		454		32			
line	183	166	192	178	489048
			198	164	
	192	178			204020
draw	0	0	128	480	/pictures/501.png
	608		640		/pictures/512.png
crop	29	159	35	171	0	36	ff0000	/fonts/computer
	35		41		40			
	41		47		0			
line	614	456	614	359	007fff
		359	622		
	622			456	00488f
		456	614		
rect	615	360	622	456	0070e0
line	614	328	614	231	ffff7f
		231	622		
	622			328	909048
		328	614		
rect	615	232	622	328	e0e070
line	614	200	614	103	ff7f7f
		103	622		
	622			200	904848
		200	614		
rect	615	104	622	200	e07070
line	618	8	629	8	90488f
			618	9	
	629		629		
	618	36		36	
			618	35	
	629		629		
rect	620	10	628	35	703870
		35			c060c0
	634	49	636	52	7fff7f
		53		56	60c060
		57		60	
		61		64	
		65		68	
		69		72	7fff7f
		73		76	60c060
		77		80	
		81		84	
		85		88	
		89		92	7fff7f
		93		96	60c060
		97		100	
		101		104	
		105		108	
		109		112	7fff7f
		113		116	60c060
		117		120	
		121		124	
		125		128	
		129		132	7fff7f
		133		136	60c060
		137		140	0060c0
		141		144	
		145		148	
		149		152	183018
		153		156	
		157		160	
		161		164	
		165		168	
		169		172	
		173		176	
		177		180	
		181		184	
		185		188	
		189		192	
		193		196	
		197		200	
		201		204	
		205		208	
		209		212	
		213		216	
		217		220	
		221		224	
		225		228	
		229		232	
		233		236	
		237		240	
		241		244	
		245		248	
		249		252	
		253		256	
		257		260	
		261		264	
		265		268	
		269		272	
		273		276	
		277		280	
		281		284	
		285		288	
		289		292	
		293		296	
		297		300	
		301		304	
		305		308	
		309		312	
		313		316	
		317		320	
		321		324	
		325		328	
		329		332	
		333		336	
		337		340	
		341		344	
		345		348	
		349		352	
		353		356	
		357		360	
		361		364	
		365		368	
		369		372	
		373		376	
		377		380	
		381		384	
		385		388	
		389		392	
		393		396	
		397		400	
		401		404	
		405		408	
		409		412	
		413		416	
		417		420	
		421		424	
		425		428	
		429		432	
		433		436	
		437		440	
		441		444	
		445		448	
	621	52	631	56	303000
		57		61	
		62		66	
		67		71	
		72		76	
		77		81	
		82		86	
	7	7	115	115	00ff00
	8	8	114	114	001000
					003000
point	53	43	00e000
	61	44	
	54	43	
rect	12	320	121	440	001000
crop	15	320	21	332	16	48	00ff00	/fonts/computer
	21		27		40	60		
	27		33		72	48		
	33		39		96			
	39		45		32			
	45		51		0	24		
	51		57		24	60		
	57		63		64	48		
	63		69		72			
	69		75		0	60		
	75		81		24			
line	12	342	119	342	009000
crop	15	332	21	344	8	48	00ff00	/fonts/computer
	21		27		40	72		
	27		33		112			
	33		39		40			
	39		45		8			
	45		51		24	84		
	51		57		0	24		
	57		63		8	48		
	63		69		96	72		
	69		75		0	84		
	75		81		64	72		
	81		87		8			
line	12	355	12	344	009000
		344	120		
	120			355	005000
		355	12		
rect	13	345	120	355	007000
crop	15	344	21	356	48	48	00ff00	/fonts/computer
	21		27		72	72		
	27		33		56			
	33		39		64			
	39		45		32	84		
	45		51		40	72		
	51		57		16	84		
	15	356	21	368	24	48		
	21		27		16	84		
	27		33		40			
	33		39		72	72		
	39		45		24	84		
	45		51		40	72		
	51		57		16	84		
	15	368	21	380	32	60		
	21		27		16	84		
	27		33		8	72		
	33		39		112			
	39		45		24	84		
	45		51		0			
	51		57		120	72		
	57		63		16	84		
	63		69		32			
	15	380	21	392	40	48		
	21		27		112	72		
	27		33		56			
	33		39		72			
	39		45		112			
	45		51		40			
	51		57					
	57		63		16	84		
	63		69		0	24		
	69		75			60		
	75		81		120	72		
	81		87		32			
line	12	438	119	438	009000
rect	16	450	114	475	001010
line	17	461	17	450	00c0c0
		450	43		
	43			461	007070
		461	17		
rect	18	451	43	461	009090
crop	19	450	25	462	16	60	00ffff	/fonts/computer
	25		31		56	48		
	31		37		64			
	37		43		32	60		
	43		49		0	24		
	49		55		16	48		
	55		61		40	84		
	61		67		72	72		
	67		73		96			
	73		79		32			
line	17	473	17	462	00c0c0
		462	43		
	43			473	007070
		473	17		
rect	18	463	43	473	009090
crop	19	462	25	474	96	48	00ffff	/fonts/computer
	25		31		40			
	31		37		48			
	37		43		32	60		
	43		49		0	24		
	49		55		104	48		
	55		61		8	72		
	61		67		72			
	67		73		112			
	73		79		0	24		
	79		85		104	48		
	85		91		40	72		
	91		97		112			
	97		103		40	84		
line	12	191	12	180	ffff00
		180	120		
	120			191	909000
		191	12		
rect	13	181	120	191	c0c000
crop	15	180	21	192	24	48	000000	/fonts/computer
	21		27		120			
	27		33		112			
	33		39		32	60		
	39		45		16			
	45		51		120	48		
	51		57		96			
	15	192	21	204	40		7fff7f	
	21		27		112			
	27		33		56			
	33		39		72			
	39		45		112			
	45		51		40			
	51		57					
	57		63		16	60		
draw	17	205	33	226	/sprites/562.SMIV/0
line	14	204	35	204	489048
			14	205	
	35		35		
	14	225		225	
			14	224	
	35		35		
rect	42	206	49	206	003870
				224	0060c0
line	40	204	50	204	00488f
			40	205	
	50		50		
	40	225		225	
			40	224	
	50		50		
rect	55	206	62	206	707000
				224	c0c000
line	53	204	63	204	909000
			53	205	
	63		63		
	53	225		225	
			53	224	
	63		63		
crop	69	204	75	216	16	60	7fff7f	/fonts/computer
	75		81		40	48		
	81		87		0	60		
	87		93		40			
	93		99		96	48		
	99		105		24	60		
	105		111		40	48		
	111		117		16	60		
	12	228	18	240	48	48	ff0000	
	18		24		96	72		
	24		30		8			
	30		36		88			
	36		42		0	24		
	42		48		32	48		
	48		54		16	84		
	54		60		120	72		
	60		66		112			
	66		72		40			
line	12	263	12	252	007fff
		252	120		
	120			263	00488f
		263	12		
rect	13	253	120	263	0060c0
crop	15	252	21	264	32	60	000000	/fonts/computer
	21		27		8	48		
	27		33		16	60		
	33		39		56	48		
	39		45		40			
	45		51		32	60		
	15	264	21	276	48	48	7fff7f	
	21		27		96			
	27		33		24			
	33		39		88			
	39		45		32			
	45		51		16	60		
	51		57		120	48		
	57		63		112			
draw	16	280	34	295	/sprites/542.SMIV/0
line	14	276	35	276	489048
			14	277	
	35		35		
	14	297		297	
			14	296	
	35		35		
rect	42	278	49	278	003870
				296	0060c0
line	40	276	50	276	00488f
			40	277	
	50		50		
	40	297		297	
			40	296	
	50		50		
rect	55	278	62	278	707000
				296	c0c000
line	53	276	63	276	909000
			53	277	
	63		63		
	53	297		297	
			53	296	
	63		63		
crop	69	276	75	288	48	48	7fff7f	/fonts/computer
	75		81		96			
	81		87		8			
	87		93		88			
	93		99		8			
	99		105		16	60		
	105		111		32			
	69	288	75	300	8	48		
	75		81		0	60		
	81		87		40			
	87		93		96	48		
	93		99		24	60		
	99		105		40	48		
	105		111		0	24		
	111		117		8	36		
	69	264	75	276	24	48		
	75		81		104			
	81		87		72			
	87		93		24	60		
	93		99					
	99		105		72	48		
	105		111		96			
	111		117		40			
