point	596	197	d0d0d0
	404	167	b0b0b0
	326	241	d0d0d0
	174	425	b0b0b0
	281	331	d0d0d0
	585	393	808080
	177	208	b0b0b0
	478	24	
	158	201	d0d0d0
	217	427	b0b0b0
	436	171	808080
	183	173	d0d0d0
	226	21	b0b0b0
	209	294	d0d0d0
	237	380	
	310	300	
	394	156	b0b0b0
	378	422	
	592	132	808080
	412	98	d0d0d0
	601	97	
	162	162	b0b0b0
	143	174	d0d0d0
	596	153	b0b0b0
	185	70	808080
	445	44	d0d0d0
	292	464	
	263	78	b0b0b0
	141	316	
	239	321	d0d0d0
	254	428	b0b0b0
	417	366	d0d0d0
	346	311	808080
	284	101	d0d0d0
	413	60	808080
	508	226	d0d0d0
	274	191	b0b0b0
	432	129	808080
	407	80	b0b0b0
	138	405	d0d0d0
	257	286	
	181	9	808080
	208	456	d0d0d0
	155	245	b0b0b0
	381	205	
	486	475	
	527	431	808080
	163	432	
	388	317	b0b0b0
	190	139	
	396	48	d0d0d0
	438	193	
	365	230	808080
	371	246	b0b0b0
	448	420	808080
	282	358	
	554	66	
	295	362	b0b0b0
	185	148	808080
	386	180	
	495	369	d0d0d0
	404	299	
	504	70	
	420	48	808080
	130	142	
	531	71	
	516	194	
	203	143	d0d0d0
	284	368	
	552	91	808080
	196	260	d0d0d0
	456	342	808080
	415	192	d0d0d0
	231	130	b0b0b0
	533	351	
	406	386	
	535	147	d0d0d0
	383	3	808080
	330	326	b0b0b0
	272	159	808080
	442	298	b0b0b0
	280	403	d0d0d0
	350	74	808080
	306	340	b0b0b0
	187	68	808080
	379	398	d0d0d0
	392	41	
	203	349	b0b0b0
	502	362	808080
	592	71	
	526	190	d0d0d0
	307	350	808080
	474	323	b0b0b0
	433	322	808080
	385	203	b0b0b0
	153	302	d0d0d0
	454	272	808080
	557	434	
	176	157	b0b0b0
	244	312	808080
	375	356	d0d0d0
	491	417	808080
	576	24	d0d0d0
	530	249	b0b0b0
	154	398	d0d0d0
	471	304	808080
	529	387	b0b0b0
	477	106	
	324	19	808080
	455	72	b0b0b0
	601	354	
	200	427	808080
	571	154	
	212	239	d0d0d0
	497	187	
	430	83	
	498	168	
	228	122	
	143	420	
	469	383	808080
	511	237	
	249	245	b0b0b0
	546	183	808080
	545	460	
	490	296	b0b0b0
rect	242	0	243	480	000050
	370		371		
	498		499		
	128	103	608	104	
		231		232	
		359		360	
line	576	125	574	122	ff007f
	595	22	598	20	
	534	30	536	28	
draw	252	200	284	232	/sprites/loc/planets/purpleblue%0
	364	237	372	243	/sprites/ish/cruiser%1
	606	13	613	17	/sprites/ish/engineer%3
	533	26	541	30	/sprites/ish/engineer%4
	428	107	437	115	/sprites/gai/cruiser%16
	258	123	265	129	/sprites/ish/cruiser%5
line	409	45	399	56	489048
			413	60	
	399	56			204020
draw	0	-144	128	624	/pictures/gui/instruments/left.png
	608		640		/pictures/gui/instruments/right.png
crop	29	159	35	171	0	36	ff0000	/fonts/computer.png
	35		41		40			
	41		47		0			
rect	614	359	615	457	007fff
			623	360	
	622			457	00488f
	614	456			
	615	360	622	456	0070e0
	614	231	615	329	ffff7f
			623	232	
	622			329	909048
	614	328			
	615	232	622	328	e0e070
	614	103	615	201	ff7f7f
			623	104	
	622			201	904848
	614	200			
	615	104	622	200	e07070
	618	8	630	9	90488f
			619	10	
	629		630		
	618	36		37	
		35	619		
	629		630		
	620	10	628	35	703870
		35			c060c0
	634	49	636	52	7fff7f
		53		56	60c060
		57		60	
		61		64	
		65		68	
		69		72	7fff7f
		73		76	60c060
		77		80	
		81		84	
		85		88	
		89		92	7fff7f
		93		96	60c060
		97		100	
		101		104	
		105		108	
		109		112	7fff7f
		113		116	0060c0
		117		120	
		121		124	
		125		128	
		129		132	007fff
		133		136	183018
		137		140	
		141		144	
		145		148	
		149		152	
		153		156	
		157		160	
		161		164	
		165		168	
		169		172	
		173		176	
		177		180	
		181		184	
		185		188	
		189		192	
		193		196	
		197		200	
		201		204	
		205		208	
		209		212	
		213		216	
		217		220	
		221		224	
		225		228	
		229		232	
		233		236	
		237		240	
		241		244	
		245		248	
		249		252	
		253		256	
		257		260	
		261		264	
		265		268	
		269		272	
		273		276	
		277		280	
		281		284	
		285		288	
		289		292	
		293		296	
		297		300	
		301		304	
		305		308	
		309		312	
		313		316	
		317		320	
		321		324	
		325		328	
		329		332	
		333		336	
		337		340	
		341		344	
		345		348	
		349		352	
		353		356	
		357		360	
		361		364	
		365		368	
		369		372	
		373		376	
		377		380	
		381		384	
		385		388	
		389		392	
		393		396	
		397		400	
		401		404	
		405		408	
		409		412	
		413		416	
		417		420	
		421		424	
		425		428	
		429		432	
		433		436	
		437		440	
		441		444	
		445		448	
	621	52	631	56	303000
		57		61	
		62		66	
		67		71	
		72		76	
		77		81	
		82		86	
	7	7	115	115	00ff00
	8	8	114	114	001000
	43	43	81	81	003000
point	54	60	00e000
	80	44	
	74	45	
	66	51	
	53	52	
	77		
	79	44	
	74	45	
rect	12	320	121	440	001000
		342	120	343	009000
		356	13	368	
			121	357	
	120			368	005000
	12	367			
	13	357	120	367	007000
	12	438		439	009000
	16	450	114	475	001010
	17		18	462	00c0c0
			44	451	
	43			462	007070
	17	461			
	18	451	43	461	009090
	17	462	18	474	00c0c0
			44	463	
	43			474	007070
	17	473			
	18	463	43	473	009090
crop	15	320	21	332	16	48	00ff00	/fonts/computer.png
	21		27		40	60		
	27		33		72	48		
	33		39		96			
	39		45		32			
	51		57		24	60		
	57		63		64	48		
	63		69		72			
	69		75		0	60		
	75		81		24			
	15	332	21	344	8	48		
	21		27		40	72		
	27		33		112			
	33		39		40			
	39		45		8			
	45		51		24	84		
	57		63		8	48		
	63		69		96	72		
	69		75		0	84		
	75		81		64	72		
	81		87		8			
	15	344	21	356	48	48		
	21		27		72	72		
	27		33		56			
	33		39		64			
	39		45		32	84		
	45		51		40	72		
	51		57		16	84		
	15	356	21	368	24	48		
	21		27		16	84		
	27		33		40			
	33		39		72	72		
	39		45		24	84		
	45		51		40	72		
	51		57		16	84		
	15	368	21	380	32	60		
	21		27		16	84		
	27		33		8	72		
	33		39		112			
	39		45		24	84		
	45		51		0			
	51		57		120	72		
	57		63		16	84		
	63		69		32			
	15	380	21	392	40	48		
	21		27		112	72		
	27		33		56			
	33		39		72			
	39		45		112			
	45		51		40			
	51		57					
	57		63		16	84		
	69		75		0	60		
	75		81		120	72		
	81		87		32			
	19	450	25	462	16	60	00ffff	
	25		31		56	48		
	31		37		64			
	37		43		32	60		
	49		55		16	48		
	55		61		40	84		
	61		67		72	72		
	67		73		96			
	73		79		32			
	19	462	25	474	96	48		
	25		31		40			
	31		37		48			
	37		43		32	60		
	49		55		104	48		
	55		61		8	72		
	61		67		72			
	67		73		112			
	79		85		104	48		
	85		91		40	72		
	91		97		112			
	97		103		40	84		
rect	12	180	13	192	ffff00
			121	181	
	120			192	909000
	12	191			
	13	181	120	191	c0c000
crop	15	180	21	192	24	48	000000	/fonts/computer.png
	21		27		120			
	27		33		112			
	33		39		32	60		
	39		45		16			
	45		51		120	48		
	51		57		96			
	15	192	21	204	40		7fff7f	
	21		27		112			
	27		33		56			
	33		39		72			
	39		45		112			
	45		51		40			
	51		57					
	57		63		16	60		
draw	17	204	33	225	/sprites/ish/engineer%0
rect	14	204	36	205	489048
			15	206	
	35		36		
	14	225		226	
		224	15		
	35		36		
	42	206	49	206	003870
				224	0060c0
	40	204	51	205	00488f
			41	206	
	50		51		
	40	225		226	
		224	41		
	50		51		
	55	206	62	212	707000
		212		224	c0c000
	53	204	64	205	909000
			54	206	
	63		64		
	53	225		226	
		224	54		
	63		64		
crop	69	204	75	216	16	60	7fff7f	/fonts/computer.png
	75		81		40	48		
	81		87		0	60		
	87		93		40			
	93		99		96	48		
	99		105		24	60		
	105		111		40	48		
	111		117		16	60		
	12	228	18	240	48	48	ff0000	
	18		24		96	72		
	24		30		8			
	30		36		88			
	42		48		32	48		
	48		54		16	84		
	54		60		120	72		
	60		66		112			
	66		72		40			
rect	12	252	13	264	007fff
			121	253	
	120			264	00488f
	12	263			
	13	253	120	263	0060c0
crop	15	252	21	264	32	60	000000	/fonts/computer.png
	21		27		8	48		
	27		33		16	60		
	33		39		56	48		
	39		45		40			
	45		51		32	60		
	15	264	21	276	24	48	7fff7f	
	21		27		16	60		
	27		33		40			
	33		39		72	48		
	39		45		24	60		
	45		51		40	48		
	51		57		16	60		
draw	16	280	34	294	/sprites/ish/cruiser%0
rect	14	276	36	277	489048
			15	278	
	35		36		
	14	297		298	
		296	15		
	35		36		
	42	278	49	278	003870
				296	0060c0
	40	276	51	277	00488f
			41	278	
	50		51		
	40	297		298	
		296	41		
	50		51		
	55	278	62	278	707000
				296	c0c000
	53	276	64	277	909000
			54	278	
	63		64		
	53	297		298	
		296	54		
	63		64		
crop	69	276	75	288	0	60	7fff7f	/fonts/computer.png
	75		81		88	48		
	81		87		16			
	87		93		40			
	93		99		8			
	99		105		104			
	111		117		8	36		
	69	288	75	300	48	48		
	81		87		0	60		
	87		93		40			
	93		99		96	48		
	99		105		24	60		
	105		111		40	48		
