point	588	205	d0d0d0
	399	172	b0b0b0
	319	249	d0d0d0
	169	430	b0b0b0
	274	339	d0d0d0
	582	397	808080
	172	213	b0b0b0
	473	30	
	151	209	d0d0d0
	212	432	b0b0b0
	433	175	808080
	176	181	d0d0d0
	220	27	b0b0b0
	202	302	d0d0d0
	230	388	
	303	308	
	389	161	b0b0b0
	373	427	
	588	136	808080
	405	106	d0d0d0
	593	104	
	157	167	b0b0b0
	136	182	d0d0d0
	591	158	b0b0b0
	182	74	808080
	438	51	d0d0d0
	285	472	
	258	83	b0b0b0
	136	321	
	232	329	d0d0d0
	249	433	b0b0b0
	410	374	d0d0d0
	343	315	808080
	277	109	d0d0d0
	410	64	808080
	500	234	d0d0d0
	269	196	b0b0b0
	429	133	808080
	402	85	b0b0b0
	131	413	d0d0d0
	250	294	
	178	13	808080
	201	464	d0d0d0
	150	250	b0b0b0
	376	210	
	586	1	d0d0d0
	524	435	808080
	160	436	
	383	322	b0b0b0
	185	144	
	389	56	d0d0d0
	431	201	
	362	234	808080
	366	251	b0b0b0
	445	424	808080
	279	362	
	550	69	
	290	367	b0b0b0
	182	152	808080
	383	184	
	488	377	d0d0d0
	397	307	
	497	78	
	417	52	808080
	605	461	d0d0d0
	528	75	808080
	513	198	
	196	151	d0d0d0
	277	376	
	548	95	808080
	189	268	d0d0d0
	453	346	808080
	408	200	d0d0d0
	226	135	b0b0b0
	527	357	
	401	391	
	528	154	d0d0d0
	379	7	808080
	325	331	b0b0b0
	269	163	808080
	437	303	b0b0b0
	273	411	d0d0d0
	347	78	808080
	301	345	b0b0b0
	184	72	808080
	372	406	d0d0d0
	385	49	
	198	354	b0b0b0
	499	366	808080
	588	75	
	519	198	d0d0d0
	304	354	808080
	469	328	b0b0b0
	430	326	808080
	380	208	b0b0b0
	146	310	d0d0d0
	451	276	808080
	553	438	
	171	162	b0b0b0
	241	316	808080
	368	364	d0d0d0
	488	421	808080
	568	32	d0d0d0
	524	255	b0b0b0
	147	406	d0d0d0
	468	308	808080
	523	393	b0b0b0
	472	111	
	321	23	808080
	450	77	b0b0b0
	596	360	
	197	431	808080
	567	158	
	205	247	d0d0d0
	490	195	
	423	91	
	491	175	
	221	130	
	136	428	
	466	387	808080
	508	241	
	244	250	b0b0b0
	542	187	808080
	541	463	
	485	301	b0b0b0
line	236	0	236	480	000050
	364		364		
	492		492		
	128	111	608	111	
		239		239	
		367		367	
draw	246	207	278	239	/sprites/1011.SMIV/0
	365	238	373	244	/sprites/501.SMIV/19
	563	8	571	12	/sprites/562.SMIV/4
	368	164	377	171	/sprites/550.SMIV/13
	307	128	314	135	/sprites/501.SMIV/11
line	183	166	192	178	489048
			198	164	
	192	178			204020
draw	0	0	128	480	/pictures/501.png
	608		640		/pictures/512.png
tint	29	159	37	172	ff0000	/font/5001/30
	35		43			/font/5001/35
	41		49			/font/5001/30
line	614	456	614	359	007fff
		359	622		
	622			456	00488f
		456	614		
rect	615	360	622	456	0070e0
line	614	328	614	231	ffff7f
		231	622		
	622			328	909048
		328	614		
rect	615	232	622	328	e0e070
line	614	200	614	103	ff7f7f
		103	622		
	622			200	904848
		200	614		
rect	615	104	622	200	e07070
line	618	8	629	8	90488f
			618	9	
	629		629		
	618	36		36	
			618	35	
	629		629		
rect	620	10	628	35	703870
		35			c060c0
	634	49	636	52	7fff7f
		53		56	60c060
		57		60	
		61		64	
		65		68	
		69		72	7fff7f
		73		76	60c060
		77		80	
		81		84	
		85		88	
		89		92	7fff7f
		93		96	0060c0
		97		100	
		101		104	
		105		108	
		109		112	007fff
		113		116	183018
		117		120	
		121		124	
		125		128	
		129		132	
		133		136	
		137		140	
		141		144	
		145		148	
		149		152	
		153		156	
		157		160	
		161		164	
		165		168	
		169		172	
		173		176	
		177		180	
		181		184	
		185		188	
		189		192	
		193		196	
		197		200	
		201		204	
		205		208	
		209		212	
		213		216	
		217		220	
		221		224	
		225		228	
		229		232	
		233		236	
		237		240	
		241		244	
		245		248	
		249		252	
		253		256	
		257		260	
		261		264	
		265		268	
		269		272	
		273		276	
		277		280	
		281		284	
		285		288	
		289		292	
		293		296	
		297		300	
		301		304	
		305		308	
		309		312	
		313		316	
		317		320	
		321		324	
		325		328	
		329		332	
		333		336	
		337		340	
		341		344	
		345		348	
		349		352	
		353		356	
		357		360	
		361		364	
		365		368	
		369		372	
		373		376	
		377		380	
		381		384	
		385		388	
		389		392	
		393		396	
		397		400	
		401		404	
		405		408	
		409		412	
		413		416	
		417		420	
		421		424	
		425		428	
		429		432	
		433		436	
		437		440	
		441		444	
		445		448	
	621	52	631	56	303000
		57		61	
		62		66	
		67		71	
		72		76	
		77		81	
		82		86	
	7	7	115	115	00ff00
	8	8	114	114	001000
	42	42	80	80	003000
point	53	60	00e000
	82	42	
	76	43	
	61	56	
	57	53	
rect	12	320	121	440	001000
tint	15	320	23	333	00ff00	/font/5001/42
	21		29			/font/5001/55
	27		35			/font/5001/49
	33		41			/font/5001/4c
	39		47			/font/5001/44
	45		53			/font/5001/20
	51		59			/font/5001/53
	57		65			/font/5001/48
	63		71			/font/5001/49
	69		77			/font/5001/50
	75		83			/font/5001/53
line	12	342	119	342	009000
tint	15	332	23	345	00ff00	/font/5001/41
	21		29			/font/5001/65
	27		35			/font/5001/6e
	33		41			/font/5001/65
	39		47			/font/5001/61
	45		53			/font/5001/73
	51		59			/font/5001/20
	57		65			/font/5001/41
	63		71			/font/5001/6c
	69		77			/font/5001/70
	75		83			/font/5001/68
	81		89			/font/5001/61
	15	344	23	357		/font/5001/46
	21		29			/font/5001/69
	27		35			/font/5001/67
	33		41			/font/5001/68
	39		47			/font/5001/74
	45		53			/font/5001/65
	51		59			/font/5001/72
line	12	367	12	356	009000
		356	120		
	120			367	005000
		367	12		
rect	13	357	120	367	007000
tint	15	356	23	369	00ff00	/font/5001/43
	21		29			/font/5001/72
	27		35			/font/5001/75
	33		41			/font/5001/69
	39		47			/font/5001/73
	45		53			/font/5001/65
	51		59			/font/5001/72
	15	368	23	381		/font/5001/54
	21		29			/font/5001/72
	27		35			/font/5001/61
	33		41			/font/5001/6e
	39		47			/font/5001/73
	45		53			/font/5001/70
	51		59			/font/5001/6f
	57		65			/font/5001/72
	63		71			/font/5001/74
	15	380	23	393		/font/5001/45
	21		29			/font/5001/6e
	27		35			/font/5001/67
	33		41			/font/5001/69
	39		47			/font/5001/6e
	45		53			/font/5001/65
	51		59			
	57		65			/font/5001/72
	63		71			/font/5001/20
	69		77			/font/5001/50
	75		83			/font/5001/6f
	81		89			/font/5001/64
line	12	438	119	438	009000
rect	16	450	114	475	001010
line	17	461	17	450	00c0c0
		450	43		
	43			461	007070
		461	17		
rect	18	451	43	461	009090
tint	19	450	27	463	00ffff	/font/5001/52
	25		33			/font/5001/47
	31		39			/font/5001/48
	37		45			/font/5001/54
	43		51			/font/5001/20
	49		57			/font/5001/42
	55		63			/font/5001/75
	61		69			/font/5001/69
	67		75			/font/5001/6c
	73		81			/font/5001/64
line	17	473	17	462	00c0c0
		462	43		
	43			473	007070
		473	17		
rect	18	463	43	473	009090
tint	19	462	27	475	00ffff	/font/5001/4c
	25		33			/font/5001/45
	31		39			/font/5001/46
	37		45			/font/5001/54
	43		51			/font/5001/20
	49		57			/font/5001/4d
	55		63			/font/5001/61
	61		69			/font/5001/69
	67		75			/font/5001/6e
	73		81			/font/5001/20
	79		87			/font/5001/4d
	85		93			/font/5001/65
	91		99			/font/5001/6e
	97		105			/font/5001/75
line	12	191	12	180	ffff00
		180	119		
	119			191	909000
		191	12		
rect	13	181	119	191	c0c000
tint	15	180	23	193	000000	/font/5001/43
	21		29			/font/5001/4f
	27		35			/font/5001/4e
	33		41			/font/5001/54
	39		47			/font/5001/52
	45		53			/font/5001/4f
	51		59			/font/5001/4c
	15	192	23	205	7fff7f	/font/5001/45
	21		29			/font/5001/4e
	27		35			/font/5001/47
	33		41			/font/5001/49
	39		47			/font/5001/4e
	45		53			/font/5001/45
	51		59			
	57		65			/font/5001/52
draw	17	205	33	226	/sprites/562.SMIV/0
line	14	204	35	204	489048
			14	205	
	35		35		
	14	225		225	
			14	224	
	35		35		
rect	42	206	49	206	003870
				224	0060c0
line	40	204	50	204	00488f
			40	205	
	50		50		
	40	225		225	
			40	224	
	50		50		
rect	55	206	62	211	707000
		211		224	c0c000
line	53	204	63	204	909000
			53	205	
	63		63		
	53	225		225	
			53	224	
	63		63		
tint	69	204	77	217	7fff7f	/font/5001/52
	75		83			/font/5001/45
	81		89			/font/5001/50
	87		95			/font/5001/55
	93		101			/font/5001/4c
	99		107			/font/5001/53
	105		113			/font/5001/45
	111		119			/font/5001/52
	12	228	20	241	ff0000	/font/5001/46
	18		26			/font/5001/6c
	24		32			/font/5001/61
	30		38			/font/5001/6b
	36		44			/font/5001/20
	42		50			/font/5001/44
	48		56			/font/5001/72
	54		62			/font/5001/6f
	60		68			/font/5001/6e
	66		74			/font/5001/65
line	12	263	12	252	007fff
		252	119		
	119			263	00488f
		263	12		
rect	13	253	119	263	0060c0
tint	15	252	23	265	000000	/font/5001/54
	21		29			/font/5001/41
	27		35			/font/5001/52
	33		41			/font/5001/47
	39		47			/font/5001/45
	45		53			/font/5001/54
	15	264	23	277	7fff7f	/font/5001/43
	21		29			/font/5001/52
	27		35			/font/5001/55
	33		41			/font/5001/49
	39		47			/font/5001/53
	45		53			/font/5001/45
	51		59			/font/5001/52
draw	16	280	34	294	/sprites/501.SMIV/0
line	14	276	35	276	489048
			14	277	
	35		35		
	14	297		297	
			14	296	
	35		35		
rect	42	278	49	278	003870
				296	0060c0
line	40	276	50	276	00488f
			40	277	
	50		50		
	40	297		297	
			40	296	
	50		50		
rect	55	278	62	278	707000
				296	c0c000
line	53	276	63	276	909000
			53	277	
	63		63		
	53	297		297	
			53	296	
	63		63		
tint	69	276	77	289	7fff7f	/font/5001/50
	75		83			/font/5001/4b
	81		89			/font/5001/42
	87		95			/font/5001/45
	93		101			/font/5001/41
	99		107			/font/5001/4d
	105		113			/font/5001/20
	111		119			/font/5001/31
	69	288	77	301		/font/5001/46
	75		83			/font/5001/20
	81		89			/font/5001/50
	87		95			/font/5001/55
	93		101			/font/5001/4c
	99		107			/font/5001/53
	105		113			/font/5001/45
