point	448	157	d0d0d0
	294	137	b0b0b0
	179	201	d0d0d0
	605	428	808080
	133	90	d0d0d0
	512	373	808080
	546	88	b0b0b0
	421	473	
	519	188	
	168	370	d0d0d0
	363	151	808080
	538	130	b0b0b0
	598	356	808080
	541	33	d0d0d0
	587	350	808080
	163	260	d0d0d0
	284	126	b0b0b0
	573	390	
	518	112	808080
	265	58	d0d0d0
	454	57	
	555	306	808080
	475	166	d0d0d0
	486	123	b0b0b0
	576	218	d0d0d0
	298	4	
	481	437	b0b0b0
	153	48	
	542	111	808080
	588	347	
	163	422	
	270	326	d0d0d0
	273	291	808080
	136	158	d0d0d0
	340	40	808080
	361	186	d0d0d0
	164	161	b0b0b0
	359	109	808080
	297	50	b0b0b0
	504	33	
	597	43	808080
	577	158	b0b0b0
	524	416	d0d0d0
	496	217	
	271	175	b0b0b0
	300	432	d0d0d0
	286	410	808080
	550	345	b0b0b0
	278	287	
	574	40	808080
	249	8	d0d0d0
	291	153	
	292	210	808080
	261	216	b0b0b0
	375	400	808080
	209	338	
	480	46	
	185	332	b0b0b0
	134	443	808080
	313	160	
	348	329	d0d0d0
	257	259	
	357	30	
	347	28	808080
	466	34	d0d0d0
	458	51	808080
	443	174	
	571	320	
	132	353	
	478	71	
	528	118	d0d0d0
	383	322	808080
	268	152	d0d0d0
	600	53	b0b0b0
	422	321	
	296	356	
	388	107	d0d0d0
	380	454	b0b0b0
	220	296	
	199	139	808080
	332	268	b0b0b0
	563	157	d0d0d0
	277	54	808080
	196	310	b0b0b0
	593	198	808080
	514	359	d0d0d0
	245	1	
	572	257	b0b0b0
	429	342	808080
	518	51	
	379	150	d0d0d0
	234	330	808080
	364	293	b0b0b0
	360	302	808080
	275	173	b0b0b0
	545	83	808080
	381	252	
	193	348	d0d0d0
	565	34	808080
	171	292	
	228	316	d0d0d0
	418	397	808080
	337	464	d0d0d0
	419	219	b0b0b0
	516	207	
	398	284	808080
	418	357	b0b0b0
	367	76	
	251	-1	808080
	345	42	b0b0b0
	491	324	
	606	28	
	497	134	808080
	544	288	d0d0d0
	350	147	
	283	43	
	351	128	
	572	89	b0b0b0
	475	78	d0d0d0
	396	363	808080
	438	217	
	480	466	d0d0d0
	472	163	808080
	229	438	
	380	266	b0b0b0
line	141	0	141	480	000050
	397		397		
	128	245	608	245	
	313	290	319	283	00ff00
draw	363	232	379	247	/sprites/501.SMIV/14
	345	316	363	332	/sprites/550.SMIV/15
	193	136	211	152	/sprites/550.SMIV/9
	475	152	491	167	/sprites/501.SMIV/14
	363	272	371	280	/sprites/554.SMIV/9
	315	280	321	284	/sprites/503.SMIV/15
line	287	422	299	413	489048
			286	407	
	299	413			204020
draw	0	0	128	480	/pictures/501.png
	608		640		/pictures/512.png
tint	29	159	37	172	ff0000	/font/5001/30
	35		43			/font/5001/34
	41		49			/font/5001/35
line	614	456	614	359	007fff
		359	622		
	622			456	00488f
		456	614		
rect	615	360	622	456	0070e0
line	614	231	614	231	909048
			622		
	622				505028
			614		
	614	328		232	ffff7f
		232	622		
	622			328	909048
		328	614		
rect	615	233	622	328	e0e070
line	614	104	614	103	904848
		103	622		
	622			104	502828
		104	614		
	614	200		105	ff7f7f
		105	622		
	622			200	904848
		200	614		
rect	615	106	622	200	e07070
line	618	8	629	8	90488f
			618	9	
	629		629		
	618	36		36	
			618	35	
	629		629		
rect	620	10	628	35	703870
		33			c060c0
	634	49	636	52	7fff7f
		53		56	60c060
		57		60	
		61		64	
		65		68	
		69		72	7fff7f
		73		76	60c060
		77		80	
		81		84	
		85		88	
		89		92	7fff7f
		93		96	60c060
		97		100	0060c0
		101		104	
		105		108	
		109		112	007fff
		113		116	0060c0
		117		120	183018
		121		124	
		125		128	
		129		132	
		133		136	
		137		140	
		141		144	
		145		148	
		149		152	
		153		156	
		157		160	
		161		164	
		165		168	
		169		172	
		173		176	
		177		180	
		181		184	
		185		188	
		189		192	
		193		196	
		197		200	
		201		204	
		205		208	
		209		212	
		213		216	
		217		220	
		221		224	
		225		228	
		229		232	
		233		236	
		237		240	
		241		244	
		245		248	
		249		252	
		253		256	
		257		260	
		261		264	
		265		268	
		269		272	
		273		276	
		277		280	
		281		284	
		285		288	
		289		292	
		293		296	
		297		300	
		301		304	
		305		308	
		309		312	
		313		316	
		317		320	
		321		324	
		325		328	
		329		332	
		333		336	
		337		340	
		341		344	
		345		348	
		349		352	
		353		356	
		357		360	
		361		364	
		365		368	
		369		372	
		373		376	
		377		380	
		381		384	
		385		388	
		389		392	
		393		396	
		397		400	
		401		404	
		405		408	
		409		412	
		413		416	
		417		420	
		421		424	
		425		428	
		429		432	
		433		436	
		437		440	
		441		444	
		445		448	
	621	52	631	56	303000
		57		61	
		62		66	
		67		71	
		72		76	
		77		81	
		82		86	
	7	7	115	115	00ff00
	8	8	114	114	001000
	52	52	70	70	003000
point	44	61	00e000
	87	30	
	82	33	
	61	64	
	55	58	
	65		
	60	62	
	61		
	45	59	
	59	62	
rect	12	320	121	440	001000
tint	15	320	23	333	00ff00	/font/5001/42
	21		29			/font/5001/55
	27		35			/font/5001/49
	33		41			/font/5001/4c
	39		47			/font/5001/44
	45		53			/font/5001/20
	51		59			/font/5001/53
	57		65			/font/5001/48
	63		71			/font/5001/49
	69		77			/font/5001/50
	75		83			/font/5001/53
line	12	342	119	342	009000
tint	15	332	23	345	00ff00	/font/5001/41
	21		29			/font/5001/65
	27		35			/font/5001/6e
	33		41			/font/5001/65
	39		47			/font/5001/61
	45		53			/font/5001/73
	51		59			/font/5001/20
	57		65			/font/5001/41
	63		71			/font/5001/6c
	69		77			/font/5001/70
	75		83			/font/5001/68
	81		89			/font/5001/61
	15	344	23	357		/font/5001/46
	21		29			/font/5001/69
	27		35			/font/5001/67
	33		41			/font/5001/68
	39		47			/font/5001/74
	45		53			/font/5001/65
	51		59			/font/5001/72
line	12	367	12	356	009000
		356	120		
	120			367	005000
		367	12		
rect	13	357	120	367	007000
tint	15	356	23	369	00ff00	/font/5001/43
	21		29			/font/5001/72
	27		35			/font/5001/75
	33		41			/font/5001/69
	39		47			/font/5001/73
	45		53			/font/5001/65
	51		59			/font/5001/72
	15	368	23	381		/font/5001/54
	21		29			/font/5001/72
	27		35			/font/5001/61
	33		41			/font/5001/6e
	39		47			/font/5001/73
	45		53			/font/5001/70
	51		59			/font/5001/6f
	57		65			/font/5001/72
	63		71			/font/5001/74
	15	380	23	393		/font/5001/45
	21		29			/font/5001/6e
	27		35			/font/5001/67
	33		41			/font/5001/69
	39		47			/font/5001/6e
	45		53			/font/5001/65
	51		59			
	57		65			/font/5001/72
	63		71			/font/5001/20
	69		77			/font/5001/50
	75		83			/font/5001/6f
	81		89			/font/5001/64
line	12	438	119	438	009000
rect	16	450	114	475	001010
line	17	461	17	450	00c0c0
		450	43		
	43			461	007070
		461	17		
rect	18	451	43	461	009090
tint	19	450	27	463	00ffff	/font/5001/52
	25		33			/font/5001/47
	31		39			/font/5001/48
	37		45			/font/5001/54
	43		51			/font/5001/20
	49		57			/font/5001/42
	55		63			/font/5001/75
	61		69			/font/5001/69
	67		75			/font/5001/6c
	73		81			/font/5001/64
line	17	473	17	462	00c0c0
		462	43		
	43			473	007070
		473	17		
rect	18	463	43	473	009090
tint	19	462	27	475	00ffff	/font/5001/4c
	25		33			/font/5001/45
	31		39			/font/5001/46
	37		45			/font/5001/54
	43		51			/font/5001/20
	49		57			/font/5001/4d
	55		63			/font/5001/61
	61		69			/font/5001/69
	67		75			/font/5001/6e
	73		81			/font/5001/20
	79		87			/font/5001/4d
	85		93			/font/5001/65
	91		99			/font/5001/6e
	97		105			/font/5001/75
rect	12	180	120	192	000000
line	12	191	12	180	ffff00
		180	119		
	119			191	909000
		191	12		
rect	13	181	119	191	c0c000
tint	15	180	23	193	000000	/font/5001/43
	21		29			/font/5001/4f
	27		35			/font/5001/4e
	33		41			/font/5001/54
	39		47			/font/5001/52
	45		53			/font/5001/4f
	51		59			/font/5001/4c
rect	12	192	120	204	000000
tint	15	192	23	205	7fff7f	/font/5001/45
	21		29			/font/5001/4e
	27		35			/font/5001/47
	33		41			/font/5001/49
	39		47			/font/5001/4e
	45		53			/font/5001/45
	51		59			
	57		65			/font/5001/52
rect	14	204	36	226	000000
draw	17	205	33	226	/sprites/562.SMIV/0
line	14	204	35	204	489048
			14	205	
	35		35		
	14	225		225	
			14	224	
	35		35		
rect	40	204	51	226	000000
	42	206	49	206	003870
				224	0060c0
line	40	204	50	204	00488f
			40	205	
	50		50		
	40	225		225	
			40	224	
	50		50		
rect	53	204	64	226	000000
	55	206	62	207	707000
		207		224	c0c000
line	53	204	63	204	909000
			53	205	
	63		63		
	53	225		225	
			53	224	
	63		63		
rect	69	204	120	216	000000
tint	69	204	77	217	7fff7f	/font/5001/52
	75		83			/font/5001/45
	81		89			/font/5001/50
	87		95			/font/5001/55
	93		101			/font/5001/4c
	99		107			/font/5001/53
	105		113			/font/5001/45
	111		119			/font/5001/52
rect	69	216	120	228	000000
		192		204	
	12	228		240	
tint	12	228	20	241	ff0000	/font/5001/46
	18		26			/font/5001/6c
	24		32			/font/5001/61
	30		38			/font/5001/6b
	36		44			/font/5001/20
	42		50			/font/5001/44
	48		56			/font/5001/72
	54		62			/font/5001/6f
	60		68			/font/5001/6e
	66		74			/font/5001/65
rect	12	252	120	264	000000
line	12	263	12	252	007fff
		252	119		
	119			263	00488f
		263	12		
rect	13	253	119	263	0060c0
tint	15	252	23	265	000000	/font/5001/54
	21		29			/font/5001/41
	27		35			/font/5001/52
	33		41			/font/5001/47
	39		47			/font/5001/45
	45		53			/font/5001/54
rect	12	264	120	276	000000
tint	15	264	23	277	7fff7f	/font/5001/43
	21		29			/font/5001/52
	27		35			/font/5001/55
	33		41			/font/5001/49
	39		47			/font/5001/53
	45		53			/font/5001/45
	51		59			/font/5001/52
rect	14	276	36	298	000000
draw	16	280	34	294	/sprites/501.SMIV/0
line	14	276	35	276	489048
			14	277	
	35		35		
	14	297		297	
			14	296	
	35		35		
rect	40	276	51	298	000000
	42	278	49	278	003870
				296	0060c0
line	40	276	50	276	00488f
			40	277	
	50		50		
	40	297		297	
			40	296	
	50		50		
rect	53	276	64	298	000000
	55	278	62	279	707000
		279		296	c0c000
line	53	276	63	276	909000
			53	277	
	63		63		
	53	297		297	
			53	296	
	63		63		
rect	69	276	120	288	000000
tint	69	276	77	289	7fff7f	/font/5001/50
	75		83			/font/5001/4b
	81		89			/font/5001/42
	87		95			/font/5001/45
	93		101			/font/5001/41
	99		107			/font/5001/4d
	105		113			/font/5001/20
	111		119			/font/5001/31
rect	69	288	120	300	000000
tint	69	288	77	301	7fff7f	/font/5001/46
	75		83			/font/5001/20
	81		89			/font/5001/50
	87		95			/font/5001/55
	93		101			/font/5001/4c
	99		107			/font/5001/53
	105		113			/font/5001/45
rect	69	264	120	276	000000
	12	300		312	
