point	429	194	808080
	171	405	
	402	142	d0d0d0
	539	92	
	457	157	
	304	121	808080
	584	349	
	589	216	
	172	405	
	271	442	d0d0d0
	359	271	808080
	565	394	
	337	140	b0b0b0
	535	38	808080
	560	411	
	344	473	d0d0d0
	552	208	808080
	453	397	d0d0d0
	254	421	
	137	229	808080
	575	171	d0d0d0
	267	422	b0b0b0
	423	200	808080
	186	197	b0b0b0
	518	72	
	500	238	d0d0d0
	253	443	808080
	419	138	b0b0b0
	448	39	
	422	200	
	326	79	808080
	384	170	d0d0d0
	502	408	808080
	137	155	d0d0d0
	320	160	808080
	286	369	d0d0d0
	380	338	b0b0b0
	271	226	808080
	475	314	d0d0d0
	599	315	b0b0b0
	469	273	
	322	388	d0d0d0
	536	339	808080
	558	108	b0b0b0
	496	234	808080
	276	480	
	309	73	b0b0b0
	343	472	808080
	575	440	d0d0d0
	142	187	808080
	143	38	
	178	205	b0b0b0
	395	329	808080
	378	32	
	186	68	d0d0d0
	403	93	b0b0b0
	575	252	808080
	337	465	
	239	328	b0b0b0
	526	277	808080
	147	430	b0b0b0
	130	312	808080
	430	152	d0d0d0
	296	216	b0b0b0
	457	478	808080
	228	171	
	142	413	d0d0d0
	382	460	b0b0b0
	376	55	808080
	326	376	d0d0d0
	240	251	b0b0b0
	436	272	
	214	378	808080
	600	79	
	390	31	b0b0b0
	363	477	d0d0d0
	276	415	
	569	175	
	334	129	
	413	416	808080
	514	394	d0d0d0
	226	417	b0b0b0
	369	59	808080
	438	165	d0d0d0
	247	332	
	500	116	808080
	375	118	d0d0d0
	338	364	
	435	66	b0b0b0
	385	459	
	363	427	
	570	478	808080
	310	160	b0b0b0
	338	53	d0d0d0
	420	473	b0b0b0
	428	478	808080
	484	371	
	234	18	b0b0b0
	515	5	d0d0d0
	556	290	b0b0b0
	128	461	
	129	253	808080
	268	440	b0b0b0
	536	346	d0d0d0
	202	358	
	501	403	808080
	359	323	d0d0d0
	204	46	808080
	565	88	
	553	470	d0d0d0
	370	85	b0b0b0
	169	414	d0d0d0
	141	447	808080
	200	149	
	504	312	d0d0d0
	308	5	
	538	39	808080
	136	178	
	192	53	
	437	481	b0b0b0
	462	182	
	321	282	
	446		808080
	577	336	b0b0b0
	307	154	808080
line	349	0	349	480	000050
	605		605		
	128	231	608	231	
draw	112	424	176	488	/sprites/1011.SMIV/0
	362	232	378	246	/sprites/501.SMIV/15
	188	316	204	329	/sprites/501.SMIV/4
	326	339	342	352	/sprites/501.SMIV/23
	177	47	181	49	/sprites/513.SMIV/19
	249	475	253	477	/sprites/513.SMIV/20
	365	407	368	410	/sprites/513.SMIV/3
line	246	397	260	392	489048
			248	382	
	260	392			204020
draw	0	0	128	480	/pictures/501.png
	608		640		/pictures/512.png
crop	29	159	35	171	0	36	ff0000	/fonts/computer
	35		41		8			
	41		47		72			
line	614	371	614	359	00488f
		359	622		
	622			371	002850
		371	614		
rect	615	360	622	371	003870
line	614	456	614	372	007fff
		372	622		
	622			456	00488f
		456	614		
rect	615	373	622	456	0070e0
line	614	231	614	231	909048
			622		
	622				505028
			614		
	614	328		232	ffff7f
		232	622		
	622			328	909048
		328	614		
rect	615	233	622	328	e0e070
line	614	111	614	103	904848
		103	622		
	622			111	502828
		111	614		
rect	615	104	622	111	703838
line	614	200	614	112	ff7f7f
		112	622		
	622			200	904848
		200	614		
rect	615	113	622	200	e07070
line	618	8	629	8	90488f
			618	9	
	629		629		
	618	36		36	
			618	35	
	629		629		
rect	620	10	628	35	703870
		35			c060c0
	634	49	636	52	7fff7f
		53		56	60c060
		57		60	
		61		64	
		65		68	0060c0
		69		72	007fff
		73		76	0060c0
		77		80	
		81		84	
		85		88	183018
		89		92	
		93		96	
		97		100	
		101		104	
		105		108	
		109		112	
		113		116	
		117		120	
		121		124	
		125		128	
		129		132	
		133		136	
		137		140	
		141		144	
		145		148	
		149		152	
		153		156	
		157		160	
		161		164	
		165		168	
		169		172	
		173		176	
		177		180	
		181		184	
		185		188	
		189		192	
		193		196	
		197		200	
		201		204	
		205		208	
		209		212	
		213		216	
		217		220	
		221		224	
		225		228	
		229		232	
		233		236	
		237		240	
		241		244	
		245		248	
		249		252	
		253		256	
		257		260	
		261		264	
		265		268	
		269		272	
		273		276	
		277		280	
		281		284	
		285		288	
		289		292	
		293		296	
		297		300	
		301		304	
		305		308	
		309		312	
		313		316	
		317		320	
		321		324	
		325		328	
		329		332	
		333		336	
		337		340	
		341		344	
		345		348	
		349		352	
		353		356	
		357		360	
		361		364	
		365		368	
		369		372	
		373		376	
		377		380	
		381		384	
		385		388	
		389		392	
		393		396	
		397		400	
		401		404	
		405		408	
		409		412	
		413		416	
		417		420	
		421		424	
		425		428	
		429		432	
		433		436	
		437		440	
		441		444	
		445		448	
	621	52	631	56	303000
		57		61	
		62		66	
		67		71	
		72		76	
		77		81	
		82		86	
	7	7	115	115	00ff00
	8	8	114	114	001000
	52	52	70	70	003000
point	53	69	00e000
	76	85	
		86	
	46	48	
	48	42	
	55	64	
	60	65	
	54	54	
	57	70	
	61	67	
rect	12	320	121	440	001000
crop	15	320	21	332	16	48	00ff00	/fonts/computer
	21		27		40	60		
	27		33		72	48		
	33		39		96			
	39		45		32			
	45		51		0	24		
	51		57		24	60		
	57		63		64	48		
	63		69		72			
	69		75		0	60		
	75		81		24			
line	12	342	119	342	009000
crop	15	332	21	344	8	48	00ff00	/fonts/computer
	21		27		40	72		
	27		33		112			
	33		39		40			
	39		45		8			
	45		51		24	84		
	51		57		0	24		
	57		63		8	48		
	63		69		96	72		
	69		75		0	84		
	75		81		64	72		
	81		87		8			
	15	344	21	356	48	48		
	21		27		72	72		
	27		33		56			
	33		39		64			
	39		45		32	84		
	45		51		40	72		
	51		57		16	84		
line	12	367	12	356	009000
		356	120		
	120			367	005000
		367	12		
rect	13	357	120	367	007000
crop	15	356	21	368	24	48	00ff00	/fonts/computer
	21		27		16	84		
	27		33		40			
	33		39		72	72		
	39		45		24	84		
	45		51		40	72		
	51		57		16	84		
	15	368	21	380	32	60		
	21		27		16	84		
	27		33		8	72		
	33		39		112			
	39		45		24	84		
	45		51		0			
	51		57		120	72		
	57		63		16	84		
	63		69		32			
	15	380	21	392	40	48		
	21		27		112	72		
	27		33		56			
	33		39		72			
	39		45		112			
	45		51		40			
	51		57					
	57		63		16	84		
	63		69		0	24		
	69		75			60		
	75		81		120	72		
	81		87		32			
line	12	438	119	438	009000
rect	16	450	114	475	001010
line	17	461	17	450	00c0c0
		450	43		
	43			461	007070
		461	17		
rect	18	451	43	461	009090
crop	19	450	25	462	16	60	00ffff	/fonts/computer
	25		31		56	48		
	31		37		64			
	37		43		32	60		
	43		49		0	24		
	49		55		16	48		
	55		61		40	84		
	61		67		72	72		
	67		73		96			
	73		79		32			
line	17	473	17	462	00c0c0
		462	43		
	43			473	007070
		473	17		
rect	18	463	43	473	009090
crop	19	462	25	474	96	48	00ffff	/fonts/computer
	25		31		40			
	31		37		48			
	37		43		32	60		
	43		49		0	24		
	49		55		104	48		
	55		61		8	72		
	61		67		72			
	67		73		112			
	73		79		0	24		
	79		85		104	48		
	85		91		40	72		
	91		97		112			
	97		103		40	84		
line	12	191	12	180	ffff00
		180	120		
	120			191	909000
		191	12		
rect	13	181	120	191	c0c000
crop	15	180	21	192	24	48	000000	/fonts/computer
	21		27		120			
	27		33		112			
	33		39		32	60		
	39		45		16			
	45		51		120	48		
	51		57		96			
	15	192	21	204	40		7fff7f	
	21		27		112			
	27		33		56			
	33		39		72			
	39		45		112			
	45		51		40			
	51		57					
	57		63		16	60		
draw	17	205	33	226	/sprites/562.SMIV/0
line	14	204	35	204	489048
			14	205	
	35		35		
	14	225		225	
			14	224	
	35		35		
rect	42	206	49	206	003870
				224	0060c0
line	40	204	50	204	00488f
			40	205	
	50		50		
	40	225		225	
			40	224	
	50		50		
rect	55	206	62	207	707000
		207		224	c0c000
line	53	204	63	204	909000
			53	205	
	63		63		
	53	225		225	
			53	224	
	63		63		
crop	69	204	75	216	16	60	7fff7f	/fonts/computer
	75		81		40	48		
	81		87		0	60		
	87		93		40			
	93		99		96	48		
	99		105		24	60		
	105		111		40	48		
	111		117		16	60		
	12	228	18	240	48	48	ff0000	
	18		24		96	72		
	24		30		8			
	30		36		88			
	36		42		0	24		
	42		48		32	48		
	48		54		16	84		
	54		60		120	72		
	60		66		112			
	66		72		40			
line	12	263	12	252	007fff
		252	120		
	120			263	00488f
		263	12		
rect	13	253	120	263	0060c0
crop	15	252	21	264	32	60	000000	/fonts/computer
	21		27		8	48		
	27		33		16	60		
	33		39		56	48		
	39		45		40			
	45		51		32	60		
	15	264	21	276	24	48	7fff7f	
	21		27		16	60		
	27		33		40			
	33		39		72	48		
	39		45		24	60		
	45		51		40	48		
	51		57		16	60		
draw	16	280	34	294	/sprites/501.SMIV/0
line	14	276	35	276	489048
			14	277	
	35		35		
	14	297		297	
			14	296	
	35		35		
rect	42	278	49	281	003870
		281		296	0060c0
line	40	276	50	276	00488f
			40	277	
	50		50		
	40	297		297	
			40	296	
	50		50		
rect	55	278	62	279	707000
		279		296	c0c000
line	53	276	63	276	909000
			53	277	
	63		63		
	53	297		297	
			53	296	
	63		63		
crop	69	276	75	288	0	60	7fff7f	/fonts/computer
	75		81		88	48		
	81		87		16			
	87		93		40			
	93		99		8			
	99		105		104			
	105		111		0	24		
	111		117		8	36		
	69	288	75	300	48	48		
	75		81		0	24		
	81		87			60		
	87		93		40			
	93		99		96	48		
	99		105		24	60		
	105		111		40	48		
