point	411	201	808080
	153	412	
	367	155	d0d0d0
	504	105	
	422	170	
	287	128	808080
	567	356	
	571	222	
	154	411	
	584	468	
	341	278	
	548	400	
	310	150	b0b0b0
	517	44	808080
	543	418	
	209	5	b0b0b0
	534	215	808080
	405	426	b0b0b0
	164	437	d0d0d0
	592	330	b0b0b0
	539	184	d0d0d0
	200	417	
	405	206	808080
	159	207	b0b0b0
	491	82	
	465	252	d0d0d0
	209	432	b0b0b0
	393	148	
	422	49	
	395	210	
	308	86	808080
	349	183	d0d0d0
	484	414	808080
	581	390	d0d0d0
	302	167	808080
	250	382	d0d0d0
	354	347	b0b0b0
	253	233	808080
	440	327	d0d0d0
	573	324	b0b0b0
	442	283	
	286	401	d0d0d0
	519	345	808080
	531	118	b0b0b0
	478	241	808080
	158	8	b0b0b0
	282	83	
	325	477	808080
	240	466	
	603	379	
		313	d0d0d0
	151	215	b0b0b0
	377	335	808080
	360	39	
	151	81	d0d0d0
	376	103	b0b0b0
	557	258	808080
	391	465	d0d0d0
	212	338	b0b0b0
	508	284	808080
	246	439	b0b0b0
	583	372	
	394	165	d0d0d0
	270	226	b0b0b0
	449	3	808080
	210	178	
	595	85	
	184	474	
	359	62	
	291	389	d0d0d0
	213	261	b0b0b0
	409	282	
	196	384	808080
	582	85	
	363	41	b0b0b0
	244	3	808080
	344	428	d0d0d0
	534	188	
	298	142	
	396	423	808080
	506	407	d0d0d0
	591	444	808080
	351	65	
	402	178	d0d0d0
	211	345	
	483	123	808080
	340	131	d0d0d0
	303	377	
	409	76	b0b0b0
	256	471	808080
	563	449	
	159	4	b0b0b0
	283	170	
	302	66	d0d0d0
	571	3	b0b0b0
	422	5	
	466	377	808080
	208	28	b0b0b0
	480	18	d0d0d0
	530	300	b0b0b0
	573	180	d0d0d0
	261	1	b0b0b0
	542	448	
	501	359	d0d0d0
	166	371	
	483	409	808080
	324	336	d0d0d0
	186	53	808080
	548	94	
	175	0	
	343	95	b0b0b0
	365	451	808080
	366	441	b0b0b0
	182	156	808080
	469	325	d0d0d0
	273	18	
	521	45	808080
	591	259	b0b0b0
	174	59	808080
	318	6	
	436	192	b0b0b0
	295	292	
	428	289	808080
	551	346	b0b0b0
	289	161	808080
	487	503	ff7f00
	488		
	487	502	
		503	
	488	504	
	489	503	
	487	502	
		503	
	488	502	
			
line	224	0	224	480	000050
	327		327		
	430		430		
	533		533		005000
	128	38	608	38	000050
		141		141	005000
		244		244	000050
		347		347	
		450		450	
rect	237	328	253	344	009000
triangle	363	235	371	243	00c000
	186	178	194	186	c00000
	248	173	256	181	00c000
	231	146	239	154	
		192		200	
rect	492	479	494	481	c00000
	219	160	221	162	
	269	335	271	337	
	366	278	368	280	
dither	200	50	360	67	003030
tint	204	54	212	66	000000	/font/5000/5a
	211		219			/font/5000/6f
	218		226			
	225		233			/font/5000/6d
	232		240			/font/5000/20
	239		247			/font/5000/74
	246		254			/font/5000/6f
	253		261			/font/5000/20
	260		268			/font/5000/43
	267		275			/font/5000/6c
	274		282			/font/5000/6f
	281		289			/font/5000/73
	288		296			/font/5000/65
	295		303			/font/5000/73
	302		310			/font/5000/74
	309		317			/font/5000/20
	316		324			/font/5000/4f
	323		331			/font/5000/62
	330		338			/font/5000/6a
	337		345			/font/5000/65
	344		352			/font/5000/63
	351		359			/font/5000/74
	203	53	211	65	00ffff	/font/5000/5a
	210		218			/font/5000/6f
	217		225			
	224		232			/font/5000/6d
	231		239			/font/5000/20
	238		246			/font/5000/74
	245		253			/font/5000/6f
	252		260			/font/5000/20
	259		267			/font/5000/43
	266		274			/font/5000/6c
	273		281			/font/5000/6f
	280		288			/font/5000/73
	287		295			/font/5000/65
	294		302			/font/5000/73
	301		309			/font/5000/74
	308		316			/font/5000/20
	315		323			/font/5000/4f
	322		330			/font/5000/62
	329		337			/font/5000/6a
	336		344			/font/5000/65
	343		351			/font/5000/63
	350		358			/font/5000/74
line	489	82	475	87	489048
			487	97	
	475	87			204020
draw	0	0	128	480	/pictures/501.png
	608		640		/pictures/512.png
tint	29	159	37	172	ff0000	/font/5001/30
	35		43			/font/5001/31
	41		49			/font/5001/39
line	614	371	614	359	00488f
		359	622		
	622			371	002850
		371	614		
rect	615	360	622	371	003870
line	614	456	614	372	007fff
		372	622		
	622			456	00488f
		456	614		
rect	615	373	622	456	0070e0
line	614	231	614	231	909048
			622		
	622				505028
			614		
	614	328		232	ffff7f
		232	622		
	622			328	909048
		328	614		
rect	615	233	622	328	e0e070
line	614	111	614	103	904848
		103	622		
	622			111	502828
		111	614		
rect	615	104	622	111	703838
line	614	200	614	112	ff7f7f
		112	622		
	622			200	904848
		200	614		
rect	615	113	622	200	e07070
line	618	8	629	8	90488f
			618	9	
	629		629		
	618	36		36	
			618	35	
	629		629		
rect	620	10	628	35	703870
		35			c060c0
	634	49	636	52	7fff7f
		53		56	60c060
		57		60	
		61		64	
		65		68	0060c0
		69		72	007fff
		73		76	0060c0
		77		80	
		81		84	
		85		88	183018
		89		92	
		93		96	
		97		100	
		101		104	
		105		108	
		109		112	
		113		116	
		117		120	
		121		124	
		125		128	
		129		132	
		133		136	
		137		140	
		141		144	
		145		148	
		149		152	
		153		156	
		157		160	
		161		164	
		165		168	
		169		172	
		173		176	
		177		180	
		181		184	
		185		188	
		189		192	
		193		196	
		197		200	
		201		204	
		205		208	
		209		212	
		213		216	
		217		220	
		221		224	
		225		228	
		229		232	
		233		236	
		237		240	
		241		244	
		245		248	
		249		252	
		253		256	
		257		260	
		261		264	
		265		268	
		269		272	
		273		276	
		277		280	
		281		284	
		285		288	
		289		292	
		293		296	
		297		300	
		301		304	
		305		308	
		309		312	
		313		316	
		317		320	
		321		324	
		325		328	
		329		332	
		333		336	
		337		340	
		341		344	
		345		348	
		349		352	
		353		356	
		357		360	
		361		364	
		365		368	
		369		372	
		373		376	
		377		380	
		381		384	
		385		388	
		389		392	
		393		396	
		397		400	
		401		404	
		405		408	
		409		412	
		413		416	
		417		420	
		421		424	
		425		428	
		429		432	
		433		436	
		437		440	
		441		444	
		445		448	
	621	52	631	56	303000
		57		61	
		62		66	
		67		71	
		72		76	
		77		81	
		82		86	
	7	7	115	115	00ff00
	8	8	114	114	001000
	37	37	85	85	003000
point	50	70	00e000
	73	87	
			
	44	56	
	50	55	
	48	53	
	49	57	
	72	86	
	47	54	
	73	84	
	72	87	
	52	70	
	61	64	
rect	12	320	121	440	001000
tint	15	320	23	333	00ff00	/font/5001/42
	21		29			/font/5001/55
	27		35			/font/5001/49
	33		41			/font/5001/4c
	39		47			/font/5001/44
	45		53			/font/5001/20
	51		59			/font/5001/53
	57		65			/font/5001/48
	63		71			/font/5001/49
	69		77			/font/5001/50
	75		83			/font/5001/53
line	12	342	119	342	009000
tint	15	332	23	345	00ff00	/font/5001/41
	21		29			/font/5001/65
	27		35			/font/5001/6e
	33		41			/font/5001/65
	39		47			/font/5001/61
	45		53			/font/5001/73
	51		59			/font/5001/20
	57		65			/font/5001/41
	63		71			/font/5001/6c
	69		77			/font/5001/70
	75		83			/font/5001/68
	81		89			/font/5001/61
	15	344	23	357		/font/5001/46
	21		29			/font/5001/69
	27		35			/font/5001/67
	33		41			/font/5001/68
	39		47			/font/5001/74
	45		53			/font/5001/65
	51		59			/font/5001/72
line	12	367	12	356	009000
		356	120		
	120			367	005000
		367	12		
rect	13	357	120	367	007000
tint	15	356	23	369	00ff00	/font/5001/43
	21		29			/font/5001/72
	27		35			/font/5001/75
	33		41			/font/5001/69
	39		47			/font/5001/73
	45		53			/font/5001/65
	51		59			/font/5001/72
	15	368	23	381		/font/5001/54
	21		29			/font/5001/72
	27		35			/font/5001/61
	33		41			/font/5001/6e
	39		47			/font/5001/73
	45		53			/font/5001/70
	51		59			/font/5001/6f
	57		65			/font/5001/72
	63		71			/font/5001/74
	15	380	23	393		/font/5001/45
	21		29			/font/5001/6e
	27		35			/font/5001/67
	33		41			/font/5001/69
	39		47			/font/5001/6e
	45		53			/font/5001/65
	51		59			
	57		65			/font/5001/72
	63		71			/font/5001/20
	69		77			/font/5001/50
	75		83			/font/5001/6f
	81		89			/font/5001/64
line	12	438	119	438	009000
rect	16	450	114	475	001010
line	17	461	17	450	00c0c0
		450	43		
	43			461	007070
		461	17		
rect	18	451	43	461	009090
tint	19	450	27	463	00ffff	/font/5001/52
	25		33			/font/5001/47
	31		39			/font/5001/48
	37		45			/font/5001/54
	43		51			/font/5001/20
	49		57			/font/5001/42
	55		63			/font/5001/75
	61		69			/font/5001/69
	67		75			/font/5001/6c
	73		81			/font/5001/64
line	17	473	17	462	00c0c0
		462	43		
	43			473	007070
		473	17		
rect	18	463	43	473	009090
tint	19	462	27	475	00ffff	/font/5001/4c
	25		33			/font/5001/45
	31		39			/font/5001/46
	37		45			/font/5001/54
	43		51			/font/5001/20
	49		57			/font/5001/4d
	55		63			/font/5001/61
	61		69			/font/5001/69
	67		75			/font/5001/6e
	73		81			/font/5001/20
	79		87			/font/5001/4d
	85		93			/font/5001/65
	91		99			/font/5001/6e
	97		105			/font/5001/75
rect	12	180	120	192	000000
line	12	191	12	180	ffff00
		180	119		
	119			191	909000
		191	12		
rect	13	181	119	191	c0c000
tint	15	180	23	193	000000	/font/5001/43
	21		29			/font/5001/4f
	27		35			/font/5001/4e
	33		41			/font/5001/54
	39		47			/font/5001/52
	45		53			/font/5001/4f
	51		59			/font/5001/4c
rect	12	192	120	204	000000
tint	15	192	23	205	7fff7f	/font/5001/45
	21		29			/font/5001/4e
	27		35			/font/5001/47
	33		41			/font/5001/49
	39		47			/font/5001/4e
	45		53			/font/5001/45
	51		59			
	57		65			/font/5001/52
rect	14	204	36	226	000000
draw	17	205	33	226	/sprites/562.SMIV/0
line	14	204	35	204	489048
			14	205	
	35		35		
	14	225		225	
			14	224	
	35		35		
rect	40	204	51	226	000000
	42	206	49	206	003870
				224	0060c0
line	40	204	50	204	00488f
			40	205	
	50		50		
	40	225		225	
			40	224	
	50		50		
rect	53	204	64	226	000000
	55	206	62	207	707000
		207		224	c0c000
line	53	204	63	204	909000
			53	205	
	63		63		
	53	225		225	
			53	224	
	63		63		
rect	69	204	120	216	000000
tint	69	204	77	217	7fff7f	/font/5001/52
	75		83			/font/5001/45
	81		89			/font/5001/50
	87		95			/font/5001/55
	93		101			/font/5001/4c
	99		107			/font/5001/53
	105		113			/font/5001/45
	111		119			/font/5001/52
rect	69	216	120	228	000000
		192		204	
	12	228		240	
tint	12	228	20	241	ff0000	/font/5001/46
	18		26			/font/5001/6c
	24		32			/font/5001/61
	30		38			/font/5001/6b
	36		44			/font/5001/20
	42		50			/font/5001/44
	48		56			/font/5001/72
	54		62			/font/5001/6f
	60		68			/font/5001/6e
	66		74			/font/5001/65
rect	12	252	120	264	000000
line	12	263	12	252	007fff
		252	119		
	119			263	00488f
		263	12		
rect	13	253	119	263	0060c0
tint	15	252	23	265	000000	/font/5001/54
	21		29			/font/5001/41
	27		35			/font/5001/52
	33		41			/font/5001/47
	39		47			/font/5001/45
	45		53			/font/5001/54
rect	12	264	120	276	000000
tint	15	264	23	277	7fff7f	/font/5001/43
	21		29			/font/5001/52
	27		35			/font/5001/55
	33		41			/font/5001/49
	39		47			/font/5001/53
	45		53			/font/5001/45
	51		59			/font/5001/52
rect	14	276	36	298	000000
draw	16	280	34	294	/sprites/501.SMIV/0
line	14	276	35	276	489048
			14	277	
	35		35		
	14	297		297	
			14	296	
	35		35		
rect	40	276	51	298	000000
	42	278	49	281	003870
		281		296	0060c0
line	40	276	50	276	00488f
			40	277	
	50		50		
	40	297		297	
			40	296	
	50		50		
rect	53	276	64	298	000000
	55	278	62	279	707000
		279		296	c0c000
line	53	276	63	276	909000
			53	277	
	63		63		
	53	297		297	
			53	296	
	63		63		
rect	69	276	120	288	000000
tint	69	276	77	289	7fff7f	/font/5001/50
	75		83			/font/5001/4b
	81		89			/font/5001/42
	87		95			/font/5001/45
	93		101			/font/5001/41
	99		107			/font/5001/4d
	105		113			/font/5001/20
	111		119			/font/5001/31
rect	69	288	120	300	000000
tint	69	288	77	301	7fff7f	/font/5001/46
	75		83			/font/5001/20
	81		89			/font/5001/50
	87		95			/font/5001/55
	93		101			/font/5001/4c
	99		107			/font/5001/53
	105		113			/font/5001/45
rect	69	264	120	276	000000
	12	300		312	
