point	394	220	808080
	136	431	
	333	194	d0d0d0
	470	144	
	388	209	
	270	147	808080
	550	375	
	554	242	
	137	431	
	170	14	d0d0d0
	324	297	808080
	531	420	
	285	179	b0b0b0
	500	64	808080
	526	437	
	184	34	b0b0b0
	517	234	808080
	380	456	b0b0b0
	130	476	d0d0d0
	567	359	b0b0b0
	506	223	d0d0d0
	166	456	
	388	226	808080
	134	236	b0b0b0
	466	111	
	431	291	d0d0d0
	183	461	b0b0b0
	367	177	
	396	78	
	370	239	
	291	105	808080
	315	222	d0d0d0
	467	434	808080
	547	429	d0d0d0
	285	186	808080
	216	421	d0d0d0
	328	377	b0b0b0
	236	252	808080
	406	366	d0d0d0
	547	354	b0b0b0
	417	312	
	252	441	d0d0d0
	502	365	808080
	506	147	b0b0b0
	461	260	808080
	132	37	b0b0b0
	257	112	
	424	32	d0d0d0
	377	7	b0b0b0
	586	399	808080
	569	352	d0d0d0
	605	333	808080
	360	355	
	343	58	
	598	84	b0b0b0
	351	132	
	540	278	808080
	341	13	
	187	367	b0b0b0
	492	303	808080
	221	468	b0b0b0
	558	401	
	360	204	d0d0d0
	244	255	b0b0b0
	432	23	808080
	194	197	
	578	104	
	345	13	
	342	81	
	257	428	d0d0d0
	188	290	b0b0b0
	384	311	
	179	404	808080
	565	105	
	338	70	b0b0b0
	227	22	808080
	310	467	d0d0d0
	500	227	
	265	181	
	379	442	808080
	472	446	d0d0d0
	574	463	808080
	334	85	
	368	217	d0d0d0
	177	384	
	466	142	808080
	306	170	d0d0d0
	269	416	
	383	106	b0b0b0
	466	10	808080
	546	468	
	133	33	b0b0b0
	258	199	
	268	105	d0d0d0
	545	32	b0b0b0
	397	34	
	449	397	808080
	182	57	b0b0b0
	446	58	d0d0d0
	504	329	b0b0b0
	539	219	d0d0d0
	236	30	b0b0b0
	517	478	
	467	398	d0d0d0
	132	411	
	466	429	808080
	290	375	d0d0d0
	169	72	808080
	531	114	
	158	20	
	318	124	b0b0b0
	348	470	808080
	340		b0b0b0
	165	175	808080
	435	364	d0d0d0
	239	58	
	504	65	808080
	566	288	b0b0b0
	157	79	808080
	301	25	
	410	221	b0b0b0
	269	321	
	411	308	808080
	525	376	b0b0b0
	272	180	808080
line	234	0	234	480	002850
	426		426		005000
	128	22	608	22	002850
		214		214	005000
		406		406	002850
rect	284	297	300	313	009000
triangle	364	236	372	244	00c000
	394	359	402	367	
	258	233	266	241	c00000
	276	216	284	224	00c000
	270	201	278	209	
	272	258	280	266	
rect	410	362	412	364	c00000
	273	221	275	223	
	399	386	401	388	
	300	303	302	305	
	352	271	354	273	
dither	200	470	577	480	300000
tint	204	474	212	486	000000	/font/5000/46
	211		219			/font/5000/6c
	218		226			/font/5000/61
	225		233			/font/5000/6b
	232		240			/font/5000/20
	239		247			/font/5000/44
	246		254			/font/5000/72
	253		261			/font/5000/6f
	260		268			/font/5000/6e
	267		275			/font/5000/65
	274		282			/font/5000/20
	281		289			/font/5000/63
	288		296			/font/5000/61
	295		303			/font/5000/70
	302		310			/font/5000/74
	309		317			/font/5000/75
	316		324			/font/5000/72
	323		331			/font/5000/65
	330		338			/font/5000/64
	337		345			/font/5000/20
	344		352			/font/5000/62
	351		359			/font/5000/79
	358		366			/font/5000/20
	365		373			/font/5000/54
	372		380			/font/5000/68
	379		387			/font/5000/65
	386		394			/font/5000/20
	393		401			/font/5000/48
	400		408			/font/5000/75
	407		415			/font/5000/6d
	414		422			/font/5000/61
	421		429			/font/5000/6e
	428		436			/font/5000/2f
	435		443			/font/5000/49
	442		450			/font/5000/73
	449		457			/font/5000/68
	456		464			/font/5000/69
	463		471			/font/5000/6d
	470		478			/font/5000/61
	477		485			/font/5000/6e
	484		492			/font/5000/20
	491		499			/font/5000/43
	498		506			/font/5000/6f
	505		513			
	512		520			/font/5000/70
	519		527			/font/5000/65
	526		534			/font/5000/72
	533		541			/font/5000/61
	540		548			/font/5000/74
	547		555			/font/5000/69
	554		562			/font/5000/76
	561		569			/font/5000/65
	568		576			/font/5000/2e
	203	473	211	485	ff0000	/font/5000/46
	210		218			/font/5000/6c
	217		225			/font/5000/61
	224		232			/font/5000/6b
	231		239			/font/5000/20
	238		246			/font/5000/44
	245		253			/font/5000/72
	252		260			/font/5000/6f
	259		267			/font/5000/6e
	266		274			/font/5000/65
	273		281			/font/5000/20
	280		288			/font/5000/63
	287		295			/font/5000/61
	294		302			/font/5000/70
	301		309			/font/5000/74
	308		316			/font/5000/75
	315		323			/font/5000/72
	322		330			/font/5000/65
	329		337			/font/5000/64
	336		344			/font/5000/20
	343		351			/font/5000/62
	350		358			/font/5000/79
	357		365			/font/5000/20
	364		372			/font/5000/54
	371		379			/font/5000/68
	378		386			/font/5000/65
	385		393			/font/5000/20
	392		400			/font/5000/48
	399		407			/font/5000/75
	406		414			/font/5000/6d
	413		421			/font/5000/61
	420		428			/font/5000/6e
	427		435			/font/5000/2f
	434		442			/font/5000/49
	441		449			/font/5000/73
	448		456			/font/5000/68
	455		463			/font/5000/69
	462		470			/font/5000/6d
	469		477			/font/5000/61
	476		484			/font/5000/6e
	483		491			/font/5000/20
	490		498			/font/5000/43
	497		505			/font/5000/6f
	504		512			
	511		519			/font/5000/70
	518		526			/font/5000/65
	525		533			/font/5000/72
	532		540			/font/5000/61
	539		547			/font/5000/74
	546		554			/font/5000/69
	553		561			/font/5000/76
	560		568			/font/5000/65
	567		575			/font/5000/2e
dither	200	50	339	67	003030
tint	204	54	212	66	000000	/font/5000/5a
	211		219			/font/5000/6f
	218		226			
	225		233			/font/5000/6d
	232		240			/font/5000/20
	239		247			/font/5000/74
	246		254			/font/5000/6f
	253		261			/font/5000/20
	260		268			/font/5000/41
	267		275			/font/5000/6c
	274		282			
	281		289			/font/5000/20
	288		296			/font/5000/4f
	295		303			/font/5000/62
	302		310			/font/5000/6a
	309		317			/font/5000/65
	316		324			/font/5000/63
	323		331			/font/5000/74
	330		338			/font/5000/73
	203	53	211	65	00ffff	/font/5000/5a
	210		218			/font/5000/6f
	217		225			
	224		232			/font/5000/6d
	231		239			/font/5000/20
	238		246			/font/5000/74
	245		253			/font/5000/6f
	252		260			/font/5000/20
	259		267			/font/5000/41
	266		274			/font/5000/6c
	273		281			
	280		288			/font/5000/20
	287		295			/font/5000/4f
	294		302			/font/5000/62
	301		309			/font/5000/6a
	308		316			/font/5000/65
	315		323			/font/5000/63
	322		330			/font/5000/74
	329		337			/font/5000/73
line	544	147	529	147	489048
			536	160	
	529				204020
draw	0	0	128	480	/pictures/501.png
	608		640		/pictures/512.png
tint	29	159	37	172	ff0000	/font/5001/30
	35		43			/font/5001/31
	41		49			/font/5001/39
line	614	371	614	359	00488f
		359	622		
	622			371	002850
		371	614		
rect	615	360	622	371	003870
line	614	456	614	372	007fff
		372	622		
	622			456	00488f
		456	614		
rect	615	373	622	456	0070e0
line	614	231	614	231	909048
			622		
	622				505028
			614		
	614	328		232	ffff7f
		232	622		
	622			328	909048
		328	614		
rect	615	233	622	328	e0e070
line	614	111	614	103	904848
		103	622		
	622			111	502828
		111	614		
rect	615	104	622	111	703838
line	614	200	614	112	ff7f7f
		112	622		
	622			200	904848
		200	614		
rect	615	113	622	200	e07070
line	618	8	629	8	90488f
			618	9	
	629		629		
	618	36		36	
			618	35	
	629		629		
rect	620	10	628	35	703870
		35			c060c0
	634	49	636	52	7fff7f
		53		56	60c060
		57		60	
		61		64	
		65		68	
		69		72	007fff
		73		76	0060c0
		77		80	
		81		84	
		85		88	
		89		92	183018
		93		96	
		97		100	
		101		104	
		105		108	
		109		112	
		113		116	
		117		120	
		121		124	
		125		128	
		129		132	
		133		136	
		137		140	
		141		144	
		145		148	
		149		152	
		153		156	
		157		160	
		161		164	
		165		168	
		169		172	
		173		176	
		177		180	
		181		184	
		185		188	
		189		192	
		193		196	
		197		200	
		201		204	
		205		208	
		209		212	
		213		216	
		217		220	
		221		224	
		225		228	
		229		232	
		233		236	
		237		240	
		241		244	
		245		248	
		249		252	
		253		256	
		257		260	
		261		264	
		265		268	
		269		272	
		273		276	
		277		280	
		281		284	
		285		288	
		289		292	
		293		296	
		297		300	
		301		304	
		305		308	
		309		312	
		313		316	
		317		320	
		321		324	
		325		328	
		329		332	
		333		336	
		337		340	
		341		344	
		345		348	
		349		352	
		353		356	
		357		360	
		361		364	
		365		368	
		369		372	
		373		376	
		377		380	
		381		384	
		385		388	
		389		392	
		393		396	
		397		400	
		401		404	
		405		408	
		409		412	
		413		416	
		417		420	
		421		424	
		425		428	
		429		432	
		433		436	
		437		440	
		441		444	
		445		448	
	621	52	631	56	303000
		57		61	
		62		66	
		67		71	
		72		76	
		77		81	
		82		86	
	7	7	115	115	00ff00
	8	8	114	114	001000
	12	12	110	110	003000
point	45	74	00e000
	67	87	
	39	61	
	43	57	
	42	54	
		65	
		58	
	70	87	
	68	92	
	47	74	
	59	68	
rect	12	320	121	440	001000
tint	15	320	23	333	00ff00	/font/5001/42
	21		29			/font/5001/55
	27		35			/font/5001/49
	33		41			/font/5001/4c
	39		47			/font/5001/44
	45		53			/font/5001/20
	51		59			/font/5001/53
	57		65			/font/5001/48
	63		71			/font/5001/49
	69		77			/font/5001/50
	75		83			/font/5001/53
line	12	342	119	342	009000
tint	15	332	23	345	00ff00	/font/5001/41
	21		29			/font/5001/65
	27		35			/font/5001/6e
	33		41			/font/5001/65
	39		47			/font/5001/61
	45		53			/font/5001/73
	51		59			/font/5001/20
	57		65			/font/5001/41
	63		71			/font/5001/6c
	69		77			/font/5001/70
	75		83			/font/5001/68
	81		89			/font/5001/61
	15	344	23	357		/font/5001/46
	21		29			/font/5001/69
	27		35			/font/5001/67
	33		41			/font/5001/68
	39		47			/font/5001/74
	45		53			/font/5001/65
	51		59			/font/5001/72
line	12	367	12	356	009000
		356	120		
	120			367	005000
		367	12		
rect	13	357	120	367	007000
tint	15	356	23	369	00ff00	/font/5001/43
	21		29			/font/5001/72
	27		35			/font/5001/75
	33		41			/font/5001/69
	39		47			/font/5001/73
	45		53			/font/5001/65
	51		59			/font/5001/72
	15	368	23	381		/font/5001/54
	21		29			/font/5001/72
	27		35			/font/5001/61
	33		41			/font/5001/6e
	39		47			/font/5001/73
	45		53			/font/5001/70
	51		59			/font/5001/6f
	57		65			/font/5001/72
	63		71			/font/5001/74
	15	380	23	393		/font/5001/45
	21		29			/font/5001/6e
	27		35			/font/5001/67
	33		41			/font/5001/69
	39		47			/font/5001/6e
	45		53			/font/5001/65
	51		59			
	57		65			/font/5001/72
	63		71			/font/5001/20
	69		77			/font/5001/50
	75		83			/font/5001/6f
	81		89			/font/5001/64
line	12	438	119	438	009000
rect	16	450	114	475	001010
line	17	461	17	450	00c0c0
		450	43		
	43			461	007070
		461	17		
rect	18	451	43	461	009090
tint	19	450	27	463	00ffff	/font/5001/52
	25		33			/font/5001/47
	31		39			/font/5001/48
	37		45			/font/5001/54
	43		51			/font/5001/20
	49		57			/font/5001/42
	55		63			/font/5001/75
	61		69			/font/5001/69
	67		75			/font/5001/6c
	73		81			/font/5001/64
line	17	473	17	462	00c0c0
		462	43		
	43			473	007070
		473	17		
rect	18	463	43	473	009090
tint	19	462	27	475	00ffff	/font/5001/4c
	25		33			/font/5001/45
	31		39			/font/5001/46
	37		45			/font/5001/54
	43		51			/font/5001/20
	49		57			/font/5001/4d
	55		63			/font/5001/61
	61		69			/font/5001/69
	67		75			/font/5001/6e
	73		81			/font/5001/20
	79		87			/font/5001/4d
	85		93			/font/5001/65
	91		99			/font/5001/6e
	97		105			/font/5001/75
rect	12	180	120	192	000000
line	12	191	12	180	ffff00
		180	119		
	119			191	909000
		191	12		
rect	13	181	119	191	c0c000
tint	15	180	23	193	000000	/font/5001/43
	21		29			/font/5001/4f
	27		35			/font/5001/4e
	33		41			/font/5001/54
	39		47			/font/5001/52
	45		53			/font/5001/4f
	51		59			/font/5001/4c
rect	12	192	120	204	000000
tint	15	192	23	205	7fff7f	/font/5001/45
	21		29			/font/5001/4e
	27		35			/font/5001/47
	33		41			/font/5001/49
	39		47			/font/5001/4e
	45		53			/font/5001/45
	51		59			
	57		65			/font/5001/52
rect	14	204	36	226	000000
draw	17	205	33	226	/sprites/562.SMIV/0
line	14	204	35	204	489048
			14	205	
	35		35		
	14	225		225	
			14	224	
	35		35		
rect	40	204	51	226	000000
	42	206	49	206	003870
				224	0060c0
line	40	204	50	204	00488f
			40	205	
	50		50		
	40	225		225	
			40	224	
	50		50		
rect	53	204	64	226	000000
	55	206	62	207	707000
		207		224	c0c000
line	53	204	63	204	909000
			53	205	
	63		63		
	53	225		225	
			53	224	
	63		63		
rect	69	204	120	216	000000
tint	69	204	77	217	7fff7f	/font/5001/52
	75		83			/font/5001/45
	81		89			/font/5001/50
	87		95			/font/5001/55
	93		101			/font/5001/4c
	99		107			/font/5001/53
	105		113			/font/5001/45
	111		119			/font/5001/52
rect	69	216	120	228	000000
		192		204	
	12	228		240	
tint	12	228	20	241	00ff00	/font/5001/46
	18		26			/font/5001/6c
	24		32			/font/5001/61
	30		38			/font/5001/6b
	36		44			/font/5001/20
	42		50			/font/5001/44
	48		56			/font/5001/72
	54		62			/font/5001/6f
	60		68			/font/5001/6e
	66		74			/font/5001/65
rect	12	252	120	264	000000
line	12	263	12	252	007fff
		252	119		
	119			263	00488f
		263	12		
rect	13	253	119	263	0060c0
tint	15	252	23	265	000000	/font/5001/54
	21		29			/font/5001/41
	27		35			/font/5001/52
	33		41			/font/5001/47
	39		47			/font/5001/45
	45		53			/font/5001/54
rect	12	264	120	276	000000
tint	15	264	23	277	7fff7f	/font/5001/43
	21		29			/font/5001/52
	27		35			/font/5001/55
	33		41			/font/5001/49
	39		47			/font/5001/53
	45		53			/font/5001/45
	51		59			/font/5001/52
rect	14	276	36	298	000000
draw	16	280	34	294	/sprites/501.SMIV/0
line	14	276	35	276	489048
			14	277	
	35		35		
	14	297		297	
			14	296	
	35		35		
rect	40	276	51	298	000000
	42	278	49	281	003870
		281		296	0060c0
line	40	276	50	276	00488f
			40	277	
	50		50		
	40	297		297	
			40	296	
	50		50		
rect	53	276	64	298	000000
	55	278	62	279	707000
		279		296	c0c000
line	53	276	63	276	909000
			53	277	
	63		63		
	53	297		297	
			53	296	
	63		63		
rect	69	276	120	288	000000
tint	69	276	77	289	7fff7f	/font/5001/50
	75		83			/font/5001/4b
	81		89			/font/5001/42
	87		95			/font/5001/45
	93		101			/font/5001/41
	99		107			/font/5001/4d
	105		113			/font/5001/20
	111		119			/font/5001/31
rect	69	288	120	300	000000
tint	69	288	77	301	7fff7f	/font/5001/46
	75		83			/font/5001/20
	81		89			/font/5001/50
	87		95			/font/5001/55
	93		101			/font/5001/4c
	99		107			/font/5001/53
	105		113			/font/5001/45
rect	69	264	120	276	000000
	12	300		312	
