point	490	317	808080
	593	261	
	271	204	d0d0d0
	192	279	808080
	229	0	
	135	232	d0d0d0
	347	209	808080
	358	163	d0d0d0
	592	395	808080
	480	317	
	132	278	d0d0d0
	250	248	
	430	203	b0b0b0
	345	154	d0d0d0
	569	112	808080
	173	219	
	599	141	b0b0b0
	543	132	808080
	526	408	
	449	467	
	559	10	
	590	276	d0d0d0
	270	173	808080
	436	42	d0d0d0
	366	77	808080
	528	18	d0d0d0
	305	337	808080
	132	18	b0b0b0
	234	57	808080
	167	156	
	275	322	
	312	410	d0d0d0
	273	257	808080
	454	329	
	358	373	
	265	9	
	528	149	b0b0b0
	182	414	d0d0d0
	442	429	808080
	210	203	
	140	407	d0d0d0
	351	386	b0b0b0
	279	61	
	181	405	
	341	118	
	133	424	
	425	401	808080
	489	435	
	513	473	b0b0b0
	286	246	
	193	436	d0d0d0
	560	419	b0b0b0
	171	355	
	133	477	
	143	368	d0d0d0
	398	28	808080
	257	3	b0b0b0
	526	56	d0d0d0
	378	200	808080
	149	65	d0d0d0
	451	429	b0b0b0
	450	236	
	438	242	808080
	369	182	b0b0b0
	204	247	808080
	504	219	b0b0b0
	327	285	d0d0d0
	149	84	808080
	479	387	
	574	273	d0d0d0
	297	460	b0b0b0
	425	385	808080
	588	322	b0b0b0
	161	257	808080
	556	54	
	166	185	
	433	108	d0d0d0
	478	241	808080
	406	436	
	144	71	d0d0d0
	350	350	808080
	588	77	
	195	25	
	148	37	b0b0b0
	172	76	
	410	243	808080
	171	94	b0b0b0
	212	380	808080
	313	187	b0b0b0
	535	461	
	402	184	
	264	278	d0d0d0
	587	386	b0b0b0
	590	360	
	527	227	808080
	174	161	
	199	271	
	174	190	d0d0d0
	201	209	808080
	597	476	d0d0d0
	247	62	b0b0b0
	309	226	
	298	433	808080
	545	162	d0d0d0
	131	154	808080
	392	333	
	330	203	d0d0d0
	408	288	808080
	605	437	b0b0b0
	368	306	d0d0d0
	201	383	b0b0b0
	532	317	
	235	408	d0d0d0
	441	212	808080
	316	252	b0b0b0
	570	49	
	283	412	808080
	451	191	b0b0b0
	571	118	d0d0d0
	502	339	
	530	257	b0b0b0
	137	87	808080
	191	79	
	569	279	
	339	353	d0d0d0
line	145	0	145	480	000050
	246		246		002850
	347		347		000050
	448		448		
	549		549		
	128	30	608	30	
		131		131	
		232		232	
		333		333	002850
		434		434	000050
rect	361	111	377	127	009000
triangle	363	235	371	243	00c000
	369	286	377	294	
plus	329	130	339	140	00c000
triangle	374	232	382	240	00c000
	493	35	499	41	c00000
	384	193	392	201	00c000
	516	69	524	77	
	534	34	542	42	
rect	344	223	346	225	c00000
	398	196	400	198	
	535	58	537	60	
	518	71	520	73	00ff00
line	565	219	551	213	489048
			553	228	
	551	213			204020
draw	0	0	128	480	/pictures/501.png
	608		640		/pictures/512.png
crop	29	159	35	171	0	36	ff0000	/fonts/computer
	35		41		8			
	41		47		32			
line	614	371	614	359	00488f
		359	622		
	622			371	002850
		371	614		
rect	615	360	622	371	003870
line	614	456	614	372	007fff
		372	622		
	622			456	00488f
		456	614		
rect	615	373	622	456	0070e0
line	614	231	614	231	909048
			622		
	622				505028
			614		
	614	328		232	ffff7f
		232	622		
	622			328	909048
		328	614		
rect	615	233	622	328	e0e070
line	614	116	614	103	904848
		103	622		
	622			116	502828
		116	614		
rect	615	104	622	116	703838
line	614	200	614	117	ff7f7f
		117	622		
	622			200	904848
		200	614		
rect	615	118	622	200	e07070
line	618	8	629	8	90488f
			618	9	
	629		629		
	618	36		36	
			618	35	
	629		629		
rect	620	10	628	35	703870
		35			c060c0
	634	49	636	52	7fff7f
		53		56	60c060
		57		60	
		61		64	703800
		65		68	183018
		69		72	
		73		76	
		77		80	
		81		84	
		85		88	
		89		92	
		93		96	
		97		100	
		101		104	
		105		108	
		109		112	
		113		116	
		117		120	
		121		124	
		125		128	
		129		132	
		133		136	
		137		140	
		141		144	
		145		148	
		149		152	
		153		156	
		157		160	
		161		164	
		165		168	
		169		172	
		173		176	
		177		180	
		181		184	
		185		188	
		189		192	
		193		196	
		197		200	
		201		204	
		205		208	
		209		212	
		213		216	
		217		220	
		221		224	
		225		228	
		229		232	
		233		236	
		237		240	
		241		244	
		245		248	
		249		252	
		253		256	
		257		260	
		261		264	
		265		268	
		269		272	
		273		276	
		277		280	
		281		284	
		285		288	
		289		292	
		293		296	
		297		300	
		301		304	
		305		308	
		309		312	
		313		316	
		317		320	
		321		324	
		325		328	
		329		332	
		333		336	
		337		340	
		341		344	
		345		348	
		349		352	
		353		356	
		357		360	
		361		364	
		365		368	
		369		372	
		373		376	
		377		380	
		381		384	
		385		388	
		389		392	
		393		396	
		397		400	
		401		404	
		405		408	
		409		412	
		413		416	
		417		420	
		421		424	
		425		428	
		429		432	
		433		436	
		437		440	
		441		444	
		445		448	
	621	52	631	56	303000
		57		61	
		62		66	
		67		71	
		72		76	
		77		81	
		82		86	
	7	7	115	115	00ff00
	8	8	114	114	001000
	39	39	83	83	003000
point	61	49	00e000
	62	61	
	61	66	
	58	51	
	73	41	
	76	45	
	63	57	
	76	45	
	78	41	
	59	60	
	64	57	
	78	43	
	97	71	
rect	12	320	121	440	001000
crop	15	320	21	332	16	48	00ff00	/fonts/computer
	21		27		40	60		
	27		33		72	48		
	33		39		96			
	39		45		32			
	45		51		0	24		
	51		57		24	60		
	57		63		64	48		
	63		69		72			
	69		75		0	60		
	75		81		24			
line	12	342	119	342	009000
crop	15	332	21	344	8	48	00ff00	/fonts/computer
	21		27		40	72		
	27		33		112			
	33		39		40			
	39		45		8			
	45		51		24	84		
	51		57		0	24		
	57		63		8	48		
	63		69		96	72		
	69		75		0	84		
	75		81		64	72		
	81		87		8			
	15	344	21	356	48	48		
	21		27		72	72		
	27		33		56			
	33		39		64			
	39		45		32	84		
	45		51		40	72		
	51		57		16	84		
	15	356	21	368	24	48	009000	
	21		27		16	84		
	27		33		40			
	33		39		72	72		
	39		45		24	84		
	45		51		40	72		
	51		57		16	84		
line	12	379	12	368	009000
		368	120		
	120			379	005000
		379	12		
rect	13	369	120	379	007000
crop	15	368	21	380	32	60	003000	/fonts/computer
	21		27		16	84		
	27		33		8	72		
	33		39		112			
	39		45		24	84		
	45		51		0			
	51		57		120	72		
	57		63		16	84		
	63		69		32			
	15	380	21	392	40	48	009000	
	21		27		112	72		
	27		33		56			
	33		39		72			
	39		45		112			
	45		51		40			
	51		57					
	57		63		16	84		
	63		69		0	24		
	69		75			60		
	75		81		120	72		
	81		87		32			
line	12	438	119	438	009000
rect	16	450	114	475	001010
line	17	461	17	450	00c0c0
		450	43		
	43			461	007070
		461	17		
rect	18	451	43	461	009090
crop	19	450	25	462	16	60	00ffff	/fonts/computer
	25		31		56	48		
	31		37		64			
	37		43		32	60		
	43		49		0	24		
	49		55		16	48		
	55		61		40	84		
	61		67		72	72		
	67		73		96			
	73		79		32			
line	17	473	17	462	00c0c0
		462	43		
	43			473	007070
		473	17		
rect	18	463	43	473	009090
crop	19	462	25	474	96	48	00ffff	/fonts/computer
	25		31		40			
	31		37		48			
	37		43		32	60		
	43		49		0	24		
	49		55		104	48		
	55		61		8	72		
	61		67		72			
	67		73		112			
	73		79		0	24		
	79		85		104	48		
	85		91		40	72		
	91		97		112			
	97		103		40	84		
line	12	191	12	180	ffff00
		180	120		
	120			191	909000
		191	12		
rect	13	181	120	191	c0c000
crop	15	180	21	192	24	48	000000	/fonts/computer
	21		27		120			
	27		33		112			
	33		39		32	60		
	39		45		16			
	45		51		120	48		
	51		57		96			
line	14	204	35	204	489048
			14	205	
	35		35		
	14	225		225	
			14	224	
	35		35		
	12	263	12	252	007fff
		252	120		
	120			263	00488f
		263	12		
rect	13	253	120	263	0060c0
crop	15	252	21	264	32	60	000000	/fonts/computer
	21		27		8	48		
	27		33		16	60		
	33		39		56	48		
	39		45		40			
	45		51		32	60		
	15	264	21	276	48	48	7fff7f	
	21		27		96			
	27		33		24			
	33		39		88			
	39		45		32			
	45		51		16	60		
	51		57		120	48		
	57		63		112			
draw	16	280	34	295	/sprites/542.SMIV/0
line	14	276	35	276	489048
			14	277	
	35		35		
	14	297		297	
			14	296	
	35		35		
rect	42	278	49	278	003870
				296	0060c0
line	40	276	50	276	00488f
			40	277	
	50		50		
	40	297		297	
			40	296	
	50		50		
rect	55	278	62	278	707000
				296	c0c000
line	53	276	63	276	909000
			53	277	
	63		63		
	53	297		297	
			53	296	
	63		63		
crop	69	276	75	288	48	48	7fff7f	/fonts/computer
	75		81		96			
	81		87		8			
	87		93		88			
	93		99		8			
	99		105		16	60		
	105		111		32			
	69	288	75	300	8	48		
	75		81		0	60		
	81		87		40			
	87		93		96	48		
	93		99		24	60		
	99		105		40	48		
	105		111		0	24		
	111		117		8	36		
	69	264	75	276	24	48		
	75		81		104			
	81		87		72			
	87		93		24	60		
	93		99					
	99		105		72	48		
	105		111		96			
	111		117		40			
