point	394	414	808080
	497	358	
	569	253	b0b0b0
	575	115	808080
	379	193	d0d0d0
	467	228	b0b0b0
	251	306	808080
	165	357	d0d0d0
	432	12	808080
	384	413	
	418	326	d0d0d0
	570	315	808080
	285	348	b0b0b0
	152	349	d0d0d0
	473	209	808080
	530	240	b0b0b0
	454	287	
	447	229	808080
	513	25	
	428	169	d0d0d0
	463	107	808080
	397	471	d0d0d0
	173	270	808080
	243	237	d0d0d0
	270	174	808080
	335	213	d0d0d0
	209	434	808080
	420	247	d0d0d0
	300	10	808080
	522	251	b0b0b0
	179	418	808080
	301	62	
	177	354	
	357	426	
	262	470	
	168	106	
	383	295	b0b0b0
	277	82	d0d0d0
	436	46	808080
	586	400	b0b0b0
	206	81	d0d0d0
	457	70	
	132	368	808080
	545	308	
	197	264	b0b0b0
	421	462	d0d0d0
	371	27	b0b0b0
	185	77	
	564	318	808080
	140	465	b0b0b0
	231	79	
	560	57	808080
	538	189	
	467	460	b0b0b0
	474	349	
	302	125	808080
	586	437	d0d0d0
	333	251	
	281	297	808080
	521	451	
	393	127	d0d0d0
	305	382	b0b0b0
	342	339	808080
	225	328	b0b0b0
	568	351	d0d0d0
	359	365	b0b0b0
	131	163	808080
	532	213	
	181	5	b0b0b0
	381	468	d0d0d0
	348	126	b0b0b0
	189	3	d0d0d0
	444	468	b0b0b0
	544	251	808080
	460	150	
	491	171	d0d0d0
	240	303	
	382	337	808080
	298	78	b0b0b0
	430	416	d0d0d0
	254	447	808080
	491	174	
	549	351	d0d0d0
	441	199	
	473	413	
	314	339	808080
	472	422	d0d0d0
	595	167	808080
	168	333	b0b0b0
	449	170	d0d0d0
	258	330	b0b0b0
	563	311	
	373	52	
	419	18	808080
	431	324	
	506	288	d0d0d0
	333	30	
	533	405	808080
	573	140	b0b0b0
	535	317	808080
	582	453	b0b0b0
	164	372	
	169	100	d0d0d0
	352	356	
	383	196	
	296	429	808080
	134	152	b0b0b0
	312	385	808080
	537	102	b0b0b0
	154	16	
	511	229	d0d0d0
	388	462	b0b0b0
	213	143	d0d0d0
	345	309	808080
	171	398	b0b0b0
	425	195	
	602	58	d0d0d0
	306	337	b0b0b0
	378	313	d0d0d0
	290	54	
	385	403	b0b0b0
	520	378	808080
	557	365	b0b0b0
	473	376	808080
	584	50	b0b0b0
line	261	0	261	480	002850
	417		417		
	573		573		005000
	128	70	608	70	002850
		226		226	
		382		382	
tint	363	235	371	243	00c000	/x/triangle/4
	494	110	502	118	c00000	
	479	115	487	123		/x/plus/4
	283	270	291	278	00c000	
	284	269	290	275		/x/square/3
	531	59	539	67	c00000	/x/triangle/4
	354	321	362	329	00c000	
	545	52	555	62	c00000	/x/plus/5
	347	309	355	317	00c000	/x/triangle/4
	346	308	354	316		
	371	329	379	337		
	354	314	362	322		
dither	287	252	405	269	001830
tint	291	256	299	268	000000	/font/5000/46
	298		306			/font/5000/6c
	305		313			/font/5000/61
	312		320			/font/5000/6b
	319		327			/font/5000/20
	326		334			/font/5000/44
	333		341			/font/5000/72
	340		348			/font/5000/6f
	347		355			/font/5000/6e
	354		362			/font/5000/65
	361		369			/font/5000/20
	368		376			/font/5000/3c
	375		383			/font/5000/20
	382		390			/font/5000/32
	389		397			/font/5000/20
	396		404			/font/5000/3e
	290	255	298	267	007fff	/font/5000/46
	297		305			/font/5000/6c
	304		312			/font/5000/61
	311		319			/font/5000/6b
	318		326			/font/5000/20
	325		333			/font/5000/44
	332		340			/font/5000/72
	339		347			/font/5000/6f
	346		354			/font/5000/6e
	353		361			/font/5000/65
	360		368			/font/5000/20
	367		375			/font/5000/3c
	374		382			/font/5000/20
	381		389			/font/5000/32
	388		396			/font/5000/20
	395		403			/font/5000/3e
line	239	86	241	101	489048
			254	91	
	241	101			204020
draw	0	0	128	480	/pictures/501.png
	608		640		/pictures/512.png
tint	29	159	37	172	ff0000	/font/5001/30
	35		43			/font/5001/31
	41		49			/font/5001/35
line	614	371	614	359	00488f
		359	622		
	622			371	002850
		371	614		
rect	615	360	622	371	003870
line	614	456	614	372	007fff
		372	622		
	622			456	00488f
		456	614		
rect	615	373	622	456	0070e0
line	614	233	614	231	909048
		231	622		
	622			233	505028
		233	614		
rect	615	232	622	233	707038
line	614	328	614	234	ffff7f
		234	622		
	622			328	909048
		328	614		
rect	615	235	622	328	e0e070
line	614	116	614	103	904848
		103	622		
	622			116	502828
		116	614		
rect	615	104	622	116	703838
line	614	200	614	117	ff7f7f
		117	622		
	622			200	904848
		200	614		
rect	615	118	622	200	e07070
line	618	8	629	8	90488f
			618	9	
	629		629		
	618	36		36	
			618	35	
	629		629		
rect	620	10	628	35	703870
		35			c060c0
	634	49	636	52	7fff7f
		53		56	60c060
		57		60	
		61		64	
		65		68	703800
		69		72	183018
		73		76	
		77		80	
		81		84	
		85		88	
		89		92	
		93		96	
		97		100	
		101		104	
		105		108	
		109		112	
		113		116	
		117		120	
		121		124	
		125		128	
		129		132	
		133		136	
		137		140	
		141		144	
		145		148	
		149		152	
		153		156	
		157		160	
		161		164	
		165		168	
		169		172	
		173		176	
		177		180	
		181		184	
		185		188	
		189		192	
		193		196	
		197		200	
		201		204	
		205		208	
		209		212	
		213		216	
		217		220	
		221		224	
		225		228	
		229		232	
		233		236	
		237		240	
		241		244	
		245		248	
		249		252	
		253		256	
		257		260	
		261		264	
		265		268	
		269		272	
		273		276	
		277		280	
		281		284	
		285		288	
		289		292	
		293		296	
		297		300	
		301		304	
		305		308	
		309		312	
		313		316	
		317		320	
		321		324	
		325		328	
		329		332	
		333		336	
		337		340	
		341		344	
		345		348	
		349		352	
		353		356	
		357		360	
		361		364	
		365		368	
		369		372	
		373		376	
		377		380	
		381		384	
		385		388	
		389		392	
		393		396	
		397		400	
		401		404	
		405		408	
		409		412	
		413		416	
		417		420	
		421		424	
		425		428	
		429		432	
		433		436	
		437		440	
		441		444	
		445		448	
	621	52	631	56	303000
		57		61	
		62		66	
		67		71	
		72		76	
		77		81	
		82		86	
	7	7	115	115	00ff00
	8	8	114	114	001000
					003000
point	95	28	00e000
	91	30	
	40	69	
			
	57	80	
	59	83	
	104	15	
	57	80	
	59	81	
	57	79	
	108	14	
	62	85	
	59	81	
	57	79	
	59	83	
rect	12	320	121	440	001000
tint	15	320	23	333	00ff00	/font/5001/42
	21		29			/font/5001/55
	27		35			/font/5001/49
	33		41			/font/5001/4c
	39		47			/font/5001/44
	45		53			/font/5001/20
	51		59			/font/5001/53
	57		65			/font/5001/48
	63		71			/font/5001/49
	69		77			/font/5001/50
	75		83			/font/5001/53
line	12	342	119	342	009000
tint	15	332	23	345	00ff00	/font/5001/41
	21		29			/font/5001/65
	27		35			/font/5001/6e
	33		41			/font/5001/65
	39		47			/font/5001/61
	45		53			/font/5001/73
	51		59			/font/5001/20
	57		65			/font/5001/41
	63		71			/font/5001/6c
	69		77			/font/5001/70
	75		83			/font/5001/68
	81		89			/font/5001/61
	15	344	23	357		/font/5001/46
	21		29			/font/5001/69
	27		35			/font/5001/67
	33		41			/font/5001/68
	39		47			/font/5001/74
	45		53			/font/5001/65
	51		59			/font/5001/72
line	12	367	12	356	009000
		356	120		
	120			367	005000
		367	12		
rect	13	357	120	367	007000
tint	15	356	23	369	003000	/font/5001/43
	21		29			/font/5001/72
	27		35			/font/5001/75
	33		41			/font/5001/69
	39		47			/font/5001/73
	45		53			/font/5001/65
	51		59			/font/5001/72
	15	368	23	381	00ff00	/font/5001/54
	21		29			/font/5001/72
	27		35			/font/5001/61
	33		41			/font/5001/6e
	39		47			/font/5001/73
	45		53			/font/5001/70
	51		59			/font/5001/6f
	57		65			/font/5001/72
	63		71			/font/5001/74
	15	380	23	393		/font/5001/45
	21		29			/font/5001/6e
	27		35			/font/5001/67
	33		41			/font/5001/69
	39		47			/font/5001/6e
	45		53			/font/5001/65
	51		59			
	57		65			/font/5001/72
	63		71			/font/5001/20
	69		77			/font/5001/50
	75		83			/font/5001/6f
	81		89			/font/5001/64
line	12	438	119	438	009000
rect	16	450	114	475	001010
line	17	461	17	450	00c0c0
		450	43		
	43			461	007070
		461	17		
rect	18	451	43	461	009090
tint	19	450	27	463	00ffff	/font/5001/52
	25		33			/font/5001/47
	31		39			/font/5001/48
	37		45			/font/5001/54
	43		51			/font/5001/20
	49		57			/font/5001/42
	55		63			/font/5001/75
	61		69			/font/5001/69
	67		75			/font/5001/6c
	73		81			/font/5001/64
line	17	473	17	462	00c0c0
		462	43		
	43			473	007070
		473	17		
rect	18	463	43	473	009090
tint	19	462	27	475	00ffff	/font/5001/4c
	25		33			/font/5001/45
	31		39			/font/5001/46
	37		45			/font/5001/54
	43		51			/font/5001/20
	49		57			/font/5001/4d
	55		63			/font/5001/61
	61		69			/font/5001/69
	67		75			/font/5001/6e
	73		81			/font/5001/20
	79		87			/font/5001/4d
	85		93			/font/5001/65
	91		99			/font/5001/6e
	97		105			/font/5001/75
rect	12	180	120	192	000000
line	12	191	12	180	ffff00
		180	119		
	119			191	909000
		191	12		
rect	13	181	119	191	c0c000
tint	15	180	23	193	000000	/font/5001/43
	21		29			/font/5001/4f
	27		35			/font/5001/4e
	33		41			/font/5001/54
	39		47			/font/5001/52
	45		53			/font/5001/4f
	51		59			/font/5001/4c
rect	12	192	120	204	000000
	14	204	36	226	
line	14	204	35	204	489048
			14	205	
	35		35		
	14	225		225	
			14	224	
	35		35		
rect	40	204	51	226	000000
	53		64		
	69		120	216	
		216		228	
		192		204	
	12	228		240	
		252		264	
line	12	263	12	252	007fff
		252	119		
	119			263	00488f
		263	12		
rect	13	253	119	263	0060c0
tint	15	252	23	265	000000	/font/5001/54
	21		29			/font/5001/41
	27		35			/font/5001/52
	33		41			/font/5001/47
	39		47			/font/5001/45
	45		53			/font/5001/54
rect	12	264	120	276	000000
tint	15	264	23	277	7fff7f	/font/5001/46
	21		29			/font/5001/4c
	27		35			/font/5001/43
	33		41			/font/5001/4b
	39		47			/font/5001/44
	45		53			/font/5001/52
	51		59			/font/5001/4f
	57		65			/font/5001/4e
rect	14	276	36	298	000000
draw	16	280	34	295	/sprites/542.SMIV/0
line	14	276	35	276	489048
			14	277	
	35		35		
	14	297		297	
			14	296	
	35		35		
rect	40	276	51	298	000000
	42	278	49	278	003870
				296	0060c0
line	40	276	50	276	00488f
			40	277	
	50		50		
	40	297		297	
			40	296	
	50		50		
rect	53	276	64	298	000000
	55	278	62	278	707000
				296	c0c000
line	53	276	63	276	909000
			53	277	
	63		63		
	53	297		297	
			53	296	
	63		63		
rect	69	276	120	288	000000
tint	69	276	77	289	7fff7f	/font/5001/46
	75		83			/font/5001/4c
	81		89			/font/5001/41
	87		95			/font/5001/4b
	93		101			/font/5001/41
	99		107			/font/5001/52
	105		113			/font/5001/54
rect	69	288	120	300	000000
tint	69	288	77	301	7fff7f	/font/5001/41
	75		83			/font/5001/50
	81		89			/font/5001/55
	87		95			/font/5001/4c
	93		101			/font/5001/53
	99		107			/font/5001/45
	105		113			/font/5001/20
	111		119			/font/5001/31
rect	69	264	120	276	000000
tint	69	264	77	277	7fff7f	/font/5001/43
	75		83			/font/5001/4d
	81		89			/font/5001/49
	87		95			/font/5001/53
	93		101			
	99		107			/font/5001/49
	105		113			/font/5001/4c
	111		119			/font/5001/45
rect	12	300	120	312	000000
