point	395	420	808080
	499	364	
	571	262	b0b0b0
	576	121	808080
	383	205	d0d0d0
	470	236	b0b0b0
	253	312	808080
	169	369	d0d0d0
	433	18	808080
	385	419	
	422	338	d0d0d0
	572	321	808080
	288	357	b0b0b0
	155	360	d0d0d0
	474	214	808080
	532	249	b0b0b0
	457	296	
	448	234	808080
	515	31	
	431	180	d0d0d0
	465	113	808080
	289	1	
	175	275	
	247	249	d0d0d0
	271	180	808080
	338	225	d0d0d0
	211	440	808080
	423	259	d0d0d0
	302	16	808080
	524	259	b0b0b0
	180	424	808080
	303	68	
	179	359	
	359	431	
	429	475	
	170	111	
	386	303	b0b0b0
	281	93	d0d0d0
	438	52	808080
	589	409	b0b0b0
	209	93	d0d0d0
	460	81	
	134	373	808080
	547	314	
	199	272	b0b0b0
	548	474	d0d0d0
	373	36	b0b0b0
	187	86	
	566	324	808080
	163	471	d0d0d0
	234	88	b0b0b0
	562	63	808080
	540	195	
	470	468	b0b0b0
	476	358	
	304	131	808080
	590	448	d0d0d0
	336	263	
	283	303	808080
	523	457	
	396	138	d0d0d0
	308	390	b0b0b0
	343	345	808080
	227	337	b0b0b0
	572	362	d0d0d0
	362	373	b0b0b0
	132	168	808080
	533	218	
	184	14	b0b0b0
	355	0	
	351	134	
	193	15	d0d0d0
	391	476	b0b0b0
	545	257	808080
	461	156	
	495	182	d0d0d0
	244	315	
	383	343	808080
	300	87	b0b0b0
	434	428	d0d0d0
	255	452	808080
	493	180	
	552	362	d0d0d0
	445	210	
	476	425	
	315	345	808080
	475	434	d0d0d0
	597	173	808080
	171	342	b0b0b0
	452	181	d0d0d0
	260	339	b0b0b0
	566	320	
	376	61	
	421	23	808080
	432	329	
	510	300	d0d0d0
	336	42	
	535	411	808080
	576	149	b0b0b0
	537	322	808080
	584	461	b0b0b0
	166	380	
	173	112	d0d0d0
	356	368	
	387	208	
	298	435	808080
	137	161	b0b0b0
	313	391	808080
	539	111	b0b0b0
	157	25	
	515	240	d0d0d0
	390	471	b0b0b0
	216	155	d0d0d0
	347	315	808080
	174	407	b0b0b0
	427	204	
	605	230	
	309	346	
	381	324	d0d0d0
	293	66	
	388	411	b0b0b0
	522	384	808080
	560	373	b0b0b0
	474	381	808080
	586	59	b0b0b0
rect	221	0	222	481	002850
	444		445		
	128	15	609	16	
		238		239	
		461		462	
triangle	363	235	371	243	00c000
	509	107	517	115	c00000
plus	487	116	495	124	c00000
	255	302	263	310	00c000
rect	256	300	262	306	00c000
triangle	366	284	374	292	00c000
	358	264	366	272	
		262		270	
	372	289	380	297	
	362	273	370	281	
dither	259	283	377	300	001830
crop	263	287	270	298	48	44	000000	/fonts/tactical.png
	270		277		96	66		
	277		284		8			
	284		291		88			
	291		298		0	22		
	298		305		32	44		
	305		312		16	77		
	312		319		120	66		
	319		326		112			
	326		333		40			
	333		340		0	22		
	340		347		96	33		
	347		354		0	22		
	354		361		16	33		
	361		368		0	22		
	368		375		112	33		
	262	286	269	297	48	44	007fff	
	269		276		96	66		
	276		283		8			
	283		290		88			
	290		297		0	22		
	297		304		32	44		
	304		311		16	77		
	311		318		120	66		
	318		325		112			
	325		332		40			
	332		339		0	22		
	339		346		96	33		
	346		353		0	22		
	353		360		16	33		
	360		367		0	22		
	367		374		112	33		
line	313	431	324	420	489048
			310	416	
	324	420			204020
draw	0	-144	128	624	/pictures/501.png
	608		640		/pictures/512.png
crop	29	159	35	171	0	36	ff0000	/fonts/computer.png
	35		41		8			
	41		47		40			
rect	614	359	615	372	00488f
			623	360	
	622			372	002850
	614	371			
	615	360	622	371	003870
	614	372	615	457	007fff
			623	373	
	622			457	00488f
	614	456			
	615	373	622	456	0070e0
	614	231	615	232	909048
			623		
	622				505028
	614				
		232	615	329	ffff7f
			623	233	
	622			329	909048
	614	328			
	615	233	622	328	e0e070
	614	103	615	118	904848
			623	104	
	622			118	502828
	614	117			
	615	104	622	117	703838
	614	118	615	201	ff7f7f
			623	119	
	622			201	904848
	614	200			
	615	119	622	200	e07070
	618	8	630	9	90488f
			619	10	
	629		630		
	618	36		37	
		35	619		
	629		630		
	620	10	628	35	703870
		35			c060c0
	634	49	636	52	007fff
		53		56	0060c0
		57		60	
		61		64	
		65		68	
		69		72	183018
		73		76	
		77		80	
		81		84	
		85		88	
		89		92	
		93		96	
		97		100	
		101		104	
		105		108	
		109		112	
		113		116	
		117		120	
		121		124	
		125		128	
		129		132	
		133		136	
		137		140	
		141		144	
		145		148	
		149		152	
		153		156	
		157		160	
		161		164	
		165		168	
		169		172	
		173		176	
		177		180	
		181		184	
		185		188	
		189		192	
		193		196	
		197		200	
		201		204	
		205		208	
		209		212	
		213		216	
		217		220	
		221		224	
		225		228	
		229		232	
		233		236	
		237		240	
		241		244	
		245		248	
		249		252	
		253		256	
		257		260	
		261		264	
		265		268	
		269		272	
		273		276	
		277		280	
		281		284	
		285		288	
		289		292	
		293		296	
		297		300	
		301		304	
		305		308	
		309		312	
		313		316	
		317		320	
		321		324	
		325		328	
		329		332	
		333		336	
		337		340	
		341		344	
		345		348	
		349		352	
		353		356	
		357		360	
		361		364	
		365		368	
		369		372	
		373		376	
		377		380	
		381		384	
		385		388	
		389		392	
		393		396	
		397		400	
		401		404	
		405		408	
		409		412	
		413		416	
		417		420	
		421		424	
		425		428	
		429		432	
		433		436	
		437		440	
		441		444	
		445		448	
	621	52	631	56	303000
		57		61	
		62		66	
		67		71	
		72		76	
		77		81	
		82		86	
	7	7	115	115	00ff00
	8	8	114	114	001000
	17	17	105	105	003000
point	87	38	00e000
	83	40	
	42	73	
		72	
	60	66	
	61	70	
		66	
	62	71	
	61	68	
rect	12	320	121	440	001000
		342	120	343	009000
		356	13	368	
			121	357	
	120			368	005000
	12	367			
	13	357	120	367	007000
	12	438		439	009000
	16	450	114	475	001010
	17		18	462	00c0c0
			44	451	
	43			462	007070
	17	461			
	18	451	43	461	009090
	17	462	18	474	00c0c0
			44	463	
	43			474	007070
	17	473			
	18	463	43	473	009090
crop	15	320	21	332	16	48	00ff00	/fonts/computer.png
	21		27		40	60		
	27		33		72	48		
	33		39		96			
	39		45		32			
	45		51		0	24		
	51		57		24	60		
	57		63		64	48		
	63		69		72			
	69		75		0	60		
	75		81		24			
	15	332	21	344	8	48		
	21		27		40	72		
	27		33		112			
	33		39		40			
	39		45		8			
	45		51		24	84		
	51		57		0	24		
	57		63		8	48		
	63		69		96	72		
	69		75		0	84		
	75		81		64	72		
	81		87		8			
	15	344	21	356	48	48		
	21		27		72	72		
	27		33		56			
	33		39		64			
	39		45		32	84		
	45		51		40	72		
	51		57		16	84		
	15	356	21	368	24	48		
	21		27		16	84		
	27		33		40			
	33		39		72	72		
	39		45		24	84		
	45		51		40	72		
	51		57		16	84		
	15	368	21	380	32	60		
	21		27		16	84		
	27		33		8	72		
	33		39		112			
	39		45		24	84		
	45		51		0			
	51		57		120	72		
	57		63		16	84		
	63		69		32			
	15	380	21	392	40	48		
	21		27		112	72		
	27		33		56			
	33		39		72			
	39		45		112			
	45		51		40			
	51		57					
	57		63		16	84		
	63		69		0	24		
	69		75			60		
	75		81		120	72		
	81		87		32			
	19	450	25	462	16	60	00ffff	
	25		31		56	48		
	31		37		64			
	37		43		32	60		
	43		49		0	24		
	49		55		16	48		
	55		61		40	84		
	61		67		72	72		
	67		73		96			
	73		79		32			
	19	462	25	474	96	48		
	25		31		40			
	31		37		48			
	37		43		32	60		
	43		49		0	24		
	49		55		104	48		
	55		61		8	72		
	61		67		72			
	67		73		112			
	73		79		0	24		
	79		85		104	48		
	85		91		40	72		
	91		97		112			
	97		103		40	84		
rect	12	180	13	192	ffff00
			121	181	
	120			192	909000
	12	191			
	13	181	120	191	c0c000
crop	15	180	21	192	24	48	000000	/fonts/computer.png
	21		27		120			
	27		33		112			
	33		39		32	60		
	39		45		16			
	45		51		120	48		
	51		57		96			
rect	14	204	36	205	489048
			15	206	
	35		36		
	14	225		226	
		224	15		
	35		36		
	12	252	13	264	007fff
			121	253	
	120			264	00488f
	12	263			
	13	253	120	263	0060c0
crop	15	252	21	264	32	60	000000	/fonts/computer.png
	21		27		8	48		
	27		33		16	60		
	33		39		56	48		
	39		45		40			
	45		51		32	60		
	15	264	21	276	48	48	7fff7f	
	21		27		96			
	27		33		24			
	33		39		88			
	39		45		32			
	45		51		16	60		
	51		57		120	48		
	57		63		112			
draw	16	280	34	295	/sprites/542.SMIV/0
rect	14	276	36	277	489048
			15	278	
	35		36		
	14	297		298	
		296	15		
	35		36		
	42	278	49	278	003870
				296	0060c0
	40	276	51	277	00488f
			41	278	
	50		51		
	40	297		298	
		296	41		
	50		51		
	55	278	62	278	707000
				296	c0c000
	53	276	64	277	909000
			54	278	
	63		64		
	53	297		298	
		296	54		
	63		64		
crop	69	276	75	288	48	48	7fff7f	/fonts/computer.png
	75		81		96			
	81		87		8			
	87		93		88			
	93		99		8			
	99		105		16	60		
	105		111		32			
	69	288	75	300	8	48		
	75		81		0	60		
	81		87		40			
	87		93		96	48		
	93		99		24	60		
	99		105		40	48		
	105		111		0	24		
	111		117		8	36		
	69	264	75	276	24	48		
	75		81		104			
	81		87		72			
	87		93		24	60		
	93		99					
	99		105		72	48		
	105		111		96			
	111		117		40			
