point	505	422	b0b0b0
	276	459	808080
	166	415	
	354	404	d0d0d0
	164	23	808080
	233	108	d0d0d0
	397	238	808080
	497	25	b0b0b0
	516	377	808080
	356	467	d0d0d0
	182	174	808080
	238	364	
	505	80	b0b0b0
	528	236	808080
	147	478	
	268	180	b0b0b0
	526	53	d0d0d0
	577	287	
	471	467	
	215	135	b0b0b0
	130	122	808080
	270	41	b0b0b0
	320	202	808080
	560	370	b0b0b0
	416	106	808080
	140	286	
	355	366	
	595	151	b0b0b0
	320	294	
	538	23	
	325	350	808080
	171	473	
	323	286	
	504	358	
	367	360	b0b0b0
	315	38	808080
	359	437	b0b0b0
	128		
	514	181	808080
	248	401	b0b0b0
	600	56	808080
	254	411	d0d0d0
	278	389	808080
	212	326	
	417	162	b0b0b0
	357	43	d0d0d0
	271	55	808080
	600	230	b0b0b0
	229	244	808080
	276	56	b0b0b0
	317	166	
	275	126	
	243	64	
	499	81	
	214	293	
	448	57	808080
	332	159	b0b0b0
	140	311	808080
	428	229	
	423	335	b0b0b0
	207	159	d0d0d0
	501	284	
	488	271	808080
	445	226	b0b0b0
	382	247	d0d0d0
	580	308	b0b0b0
	514	325	808080
	580	118	d0d0d0
	445	361	
	143	27	808080
	405	2	
	490	327	b0b0b0
	319	366	
	250	284	
	605	15	808080
	219	112	
	551	37	b0b0b0
	450	309	d0d0d0
	285	454	b0b0b0
	202	157	
	193	43	
	172	322	
	304	228	
	193	211	808080
	292	7	b0b0b0
	460	272	808080
	526	191	
	253	272	
	388	231	b0b0b0
	263	219	d0d0d0
	476	147	b0b0b0
	302	183	
	240	427	
	286		808080
	255	9	
	273	296	b0b0b0
	552	91	808080
	199	344	
	252	135	
	273	268	d0d0d0
	198	391	
	384	270	b0b0b0
	210	280	808080
	166	182	d0d0d0
	164	32	808080
	442	361	
	426	141	d0d0d0
	458	317	808080
	393	397	d0d0d0
	233	462	808080
	228	193	
	250	468	
	533	308	b0b0b0
	491	241	808080
	391	296	b0b0b0
	165	196	
	462	53	
	553	43	808080
	402	443	
	604	85	
	128	31	
	337	6	
	518	99	
	268	437	b0b0b0
	258	144	808080
line	155	0	155	480	000050
	397		397		
	128	22	608	22	002850
		264		264	000050
	441	103	436	109	00ff00
	461	77	455	79	
	365	232	361	239	
draw	360	234	375	246	/sprites/501.SMIV/1
	426	93	441	109	/sprites/550.SMIV/7
	477	428	494	435	/sprites/562.SMIV/5
	68	302	87	317	/sprites/542.SMIV/11
	325	109	340	120	/sprites/501.SMIV/7
	343	47	358	58	
	165	106	178	118	/sprites/501.SMIV/6
	386	223	399	236	/sprites/501.SMIV/2
	272	84	287	97	/sprites/501.SMIV/8
	290	310	292	312	/sprites/513.SMIV/8
	186	227	193	230	/sprites/528.SMIV/4
	334	211	335	212	/sprites/526.SMIV/0
	82	303	83	304	
	400	174	403	178	/sprites/503.SMIV/2
	324	35	327	38	/sprites/507.SMIV/4
	390	95	395	98	/sprites/503.SMIV/5
	250	89	253	92	/sprites/507.SMIV/5
	287		290		/sprites/507.SMIV/2
	277	69	280	72	/sprites/507.SMIV/6
	189	231	190	232	/sprites/526.SMIV/0
	156	227	157	228	
	251	79	253	81	/sprites/507.SMIV/7
	272	102	275	105	/sprites/507.SMIV/3
	284	78	287	81	/sprites/507.SMIV/6
	253		256		
	282	99	284	101	/sprites/507.SMIV/7
	252	93	255	96	/sprites/507.SMIV/0
	253	80	256	83	
	256	77	282	99	/sprites/557.SMIV/3
	342	45	345	48	/sprites/507.SMIV/4
	338	51	341	54	/sprites/507.SMIV/1
	337	34	340	37	/sprites/507.SMIV/4
	322	47	325	50	/sprites/507.SMIV/6
	328	51	331	54	/sprites/507.SMIV/2
	342	41	345	44	/sprites/507.SMIV/6
	328	33	331	36	/sprites/507.SMIV/2
	326	37	341	50	/sprites/557.SMIV/1
	83	305	84	306	/sprites/526.SMIV/0
dither	132	289	250	306	001830
crop	136	293	143	304	48	44	000000	/fonts/tactical
	143		150		96	66		
	150		157		8			
	157		164		88			
	164		171		0	22		
	171		178		32	44		
	178		185		16	77		
	185		192		120	66		
	192		199		112			
	199		206		40			
	206		213		0	22		
	213		220		96	33		
	220		227		0	22		
	227		234		16	33		
	234		241		0	22		
	241		248		112	33		
	135	292	142	303	48	44	007fff	
	142		149		96	66		
	149		156		8			
	156		163		88			
	163		170		0	22		
	170		177		32	44		
	177		184		16	77		
	184		191		120	66		
	191		198		112			
	198		205		40			
	205		212		0	22		
	212		219		96	33		
	219		226		0	22		
	226		233		16	33		
	233		240		0	22		
	240		247		112	33		
line	414	46	403	57	489048
			418	61	
	403	57			204020
draw	0	0	128	480	/pictures/501.png
	608		640		/pictures/512.png
crop	29	159	35	171	0	36	ff0000	/fonts/computer
	35		41		8			
	41		47		0			
line	614	377	614	359	00488f
		359	622		
	622			377	002850
		377	614		
rect	615	360	622	377	003870
line	614	456	614	378	007fff
		378	622		
	622			456	00488f
		456	614		
rect	615	379	622	456	0070e0
line	614	232	614	231	909048
		231	622		
	622			232	505028
		232	614		
	614	328		233	ffff7f
		233	622		
	622			328	909048
		328	614		
rect	615	234	622	328	e0e070
line	614	123	614	103	904848
		103	622		
	622			123	502828
		123	614		
rect	615	104	622	123	703838
line	614	200	614	124	ff7f7f
		124	622		
	622			200	904848
		200	614		
rect	615	125	622	200	e07070
line	618	8	629	8	90488f
			618	9	
	629		629		
	618	36		36	
			618	35	
	629		629		
rect	620	10	628	35	703870
		35			c060c0
	634	49	636	52	7fff7f
		53		56	60c060
		57		60	703800
		61		64	
		65		68	
		69		72	183018
		73		76	
		77		80	
		81		84	
		85		88	
		89		92	
		93		96	
		97		100	
		101		104	
		105		108	
		109		112	
		113		116	
		117		120	
		121		124	
		125		128	
		129		132	
		133		136	
		137		140	
		141		144	
		145		148	
		149		152	
		153		156	
		157		160	
		161		164	
		165		168	
		169		172	
		173		176	
		177		180	
		181		184	
		185		188	
		189		192	
		193		196	
		197		200	
		201		204	
		205		208	
		209		212	
		213		216	
		217		220	
		221		224	
		225		228	
		229		232	
		233		236	
		237		240	
		241		244	
		245		248	
		249		252	
		253		256	
		257		260	
		261		264	
		265		268	
		269		272	
		273		276	
		277		280	
		281		284	
		285		288	
		289		292	
		293		296	
		297		300	
		301		304	
		305		308	
		309		312	
		313		316	
		317		320	
		321		324	
		325		328	
		329		332	
		333		336	
		337		340	
		341		344	
		345		348	
		349		352	
		353		356	
		357		360	
		361		364	
		365		368	
		369		372	
		373		376	
		377		380	
		381		384	
		385		388	
		389		392	
		393		396	
		397		400	
		401		404	
		405		408	
		409		412	
		413		416	
		417		420	
		421		424	
		425		428	
		429		432	
		433		436	
		437		440	
		441		444	
		445		448	
	621	52	631	56	303000
		57		61	
		62		66	
		67		71	
		72		76	
		77		81	
		82		86	
	7	7	115	115	00ff00
	8	8	114	114	001000
	51	51	71	71	003000
point	63	56	00e000
	54	61	
	65	69	
	49	63	
	61	54	
	60	56	
	29	81	
	79	42	
	62	61	
		59	
	57	48	
	53	56	
	58	55	
	60	60	
	63	56	
	57	55	
	61		
	49	63	
	58	55	
		54	
	54	61	
	60	53	
	64	55	
	52	61	
	57	55	
	58	56	
		55	
	57		
	58	56	
	57	55	
			
			
	60	53	
			
			
			
			
			
			
			
	49	63	
	61	61	
	58	63	
rect	12	320	121	440	001000
crop	15	320	21	332	16	48	00ff00	/fonts/computer
	21		27		40	60		
	27		33		72	48		
	33		39		96			
	39		45		32			
	45		51		0	24		
	51		57		24	60		
	57		63		64	48		
	63		69		72			
	69		75		0	60		
	75		81		24			
line	12	342	119	342	009000
crop	15	332	21	344	8	48	00ff00	/fonts/computer
	21		27		40	72		
	27		33		112			
	33		39		40			
	39		45		8			
	45		51		24	84		
	51		57		0	24		
	57		63		8	48		
	63		69		96	72		
	69		75		0	84		
	75		81		64	72		
	81		87		8			
	15	344	21	356	48	48	009000	
	21		27		72	72		
	27		33		56			
	33		39		64			
	39		45		32	84		
	45		51		40	72		
	51		57		16	84		
line	12	367	12	356	009000
		356	120		
	120			367	005000
		367	12		
rect	13	357	120	367	007000
crop	15	356	21	368	24	48	003000	/fonts/computer
	21		27		16	84		
	27		33		40			
	33		39		72	72		
	39		45		24	84		
	45		51		40	72		
	51		57		16	84		
	15	368	21	380	32	60	009000	
	21		27		16	84		
	27		33		8	72		
	33		39		112			
	39		45		24	84		
	45		51		0			
	51		57		120	72		
	57		63		16	84		
	63		69		32			
	15	380	21	392	40	48		
	21		27		112	72		
	27		33		56			
	33		39		72			
	39		45		112			
	45		51		40			
	51		57					
	57		63		16	84		
	63		69		0	24		
	69		75			60		
	75		81		120	72		
	81		87		32			
line	12	438	119	438	009000
rect	16	450	114	475	001010
line	17	461	17	450	00c0c0
		450	43		
	43			461	007070
		461	17		
rect	18	451	43	461	009090
crop	19	450	25	462	16	60	00ffff	/fonts/computer
	25		31		56	48		
	31		37		64			
	37		43		32	60		
	43		49		0	24		
	49		55		16	48		
	55		61		40	84		
	61		67		72	72		
	67		73		96			
	73		79		32			
line	17	473	17	462	00c0c0
		462	43		
	43			473	007070
		473	17		
rect	18	463	43	473	009090
crop	19	462	25	474	96	48	00ffff	/fonts/computer
	25		31		40			
	31		37		48			
	37		43		32	60		
	43		49		0	24		
	49		55		104	48		
	55		61		8	72		
	61		67		72			
	67		73		112			
	73		79		0	24		
	79		85		104	48		
	85		91		40	72		
	91		97		112			
	97		103		40	84		
line	12	191	12	180	ffff00
		180	120		
	120			191	909000
		191	12		
rect	13	181	120	191	c0c000
crop	15	180	21	192	24	48	000000	/fonts/computer
	21		27		120			
	27		33		112			
	33		39		32	60		
	39		45		16			
	45		51		120	48		
	51		57		96			
line	14	204	35	204	489048
			14	205	
	35		35		
	14	225		225	
			14	224	
	35		35		
	12	263	12	252	007fff
		252	120		
	120			263	00488f
		263	12		
rect	13	253	120	263	0060c0
crop	15	252	21	264	32	60	000000	/fonts/computer
	21		27		8	48		
	27		33		16	60		
	33		39		56	48		
	39		45		40			
	45		51		32	60		
	15	264	21	276	48	48	7fff7f	
	21		27		96			
	27		33		24			
	33		39		88			
	39		45		32			
	45		51		16	60		
	51		57		120	48		
	57		63		112			
draw	16	280	34	295	/sprites/542.SMIV/0
line	14	276	35	276	489048
			14	277	
	35		35		
	14	297		297	
			14	296	
	35		35		
rect	42	278	49	278	003870
				296	0060c0
line	40	276	50	276	00488f
			40	277	
	50		50		
	40	297		297	
			40	296	
	50		50		
rect	55	278	62	278	707000
				296	c0c000
line	53	276	63	276	909000
			53	277	
	63		63		
	53	297		297	
			53	296	
	63		63		
crop	69	276	75	288	48	48	7fff7f	/fonts/computer
	75		81		96			
	81		87		8			
	87		93		88			
	93		99		8			
	99		105		16	60		
	105		111		32			
	69	288	75	300	8	48		
	75		81		0	60		
	81		87		40			
	87		93		96	48		
	93		99		24	60		
	99		105		40	48		
	105		111		0	24		
	111		117		8	36		
	69	264	75	276	24	48		
	75		81		104			
	81		87		72			
	87		93		24	60		
	93		99					
	99		105		72	48		
	105		111		96			
	111		117		40			
