point	396	297	d0d0d0
	331	389	808080
	137	172	
	328	54	
	569	378	
	198	424	b0b0b0
	383	21	
	443	86	d0d0d0
	281	293	b0b0b0
	516	352	
	530	463	808080
	327	182	b0b0b0
	532	297	808080
	196	109	d0d0d0
	584	8	808080
	260	378	b0b0b0
	356	407	d0d0d0
	154	204	808080
	568	342	b0b0b0
	172	303	
	506	218	808080
	375	369	
	410	405	b0b0b0
	440	196	808080
	571	153	
	294	410	
	246	276	b0b0b0
	466	159	d0d0d0
	143	378	
	506	385	
	405	168	808080
	430	268	d0d0d0
	478	337	808080
	594	160	
	138	219	
	523	71	
	426	210	d0d0d0
	581	178	
	190	479	808080
	383	302	b0b0b0
	275	354	808080
	460	340	d0d0d0
	409	342	b0b0b0
	136	47	d0d0d0
	473	416	808080
	526	198	b0b0b0
	338	315	
	147	264	d0d0d0
	274	413	b0b0b0
	269	424	
	528	383	808080
	572	380	
	358	324	
	492	325	b0b0b0
	243	136	
	601	84	
		111	808080
	603	120	
	480	94	d0d0d0
	532	116	
	312	138	b0b0b0
	492		808080
	415	178	d0d0d0
	492	129	808080
	542	45	b0b0b0
	597	393	
	299	286	d0d0d0
	202	179	b0b0b0
	240	66	808080
	330	290	b0b0b0
	514	285	d0d0d0
	223	393	
	280	260	
	362	326	808080
	281	312	
	422	148	d0d0d0
	524	311	
	516	157	
	234	45	b0b0b0
	429	253	d0d0d0
	267	299	b0b0b0
	583	324	d0d0d0
	397	360	808080
	227	310	d0d0d0
	316	4	b0b0b0
	315	89	808080
	245	20	d0d0d0
	407	264	808080
	598	317	b0b0b0
	429	113	808080
	393	7	
	416	367	b0b0b0
	197	458	d0d0d0
	279	94	b0b0b0
	457	27	808080
	564	377	b0b0b0
	228	388	808080
	589	19	b0b0b0
	337	11	808080
	312	137	
	530	247	
	255	107	b0b0b0
	257	478	808080
	218	188	b0b0b0
	318	407	808080
	381	77	d0d0d0
	478	64	808080
	480	134	
	458	320	d0d0d0
	242	252	
	409	159	808080
	179	286	
	543	13	b0b0b0
	308	119	d0d0d0
	198	265	b0b0b0
	159	315	d0d0d0
	504	137	808080
	228	340	
	591	141	d0d0d0
	280	382	808080
	533	174	
	436	410	b0b0b0
	193	396	808080
	452	172	d0d0d0
	212	34	808080
line	252	0	252	480	005000
	402		402		
	552		552		
	128	29	608	29	
		179		179	
		329		329	
		479		479	
rect	218	339	234	355	009000
	433	176	449	192	900000
triangle	363	235	371	243	00c000
	434	184	440	190	c00000
plus	343	249	351	257	00c000
triangle	409	196	421	208	c00000
rect	330	262	336	268	00c000
	440	180	446	186	c00000
triangle	437	180	445	188	c00000
	434	184	442	192	
	360	237	368	245	00c000
plus	329	259	339	269	00c000
	429	184	439	194	c00000
triangle	360	238	368	246	00c000
		237		245	
	361	235	369	243	
	330	260	338	268	
	361	236	369	244	
	410	197	418	205	c00000
rect	391	265	393	267	c00000
	333	239	335	241	
	351	281	353	283	
dither	347	263	437	280	303000
crop	351	267	358	278	40	44	000000	/fonts/tactical
	358		365		112	66		
	365		372		56			
	372		379		72			
	379		386		112			
	386		393		40			
	393		400					
	400		407		16	77		
	407		414		0	22		
	414		421			55		
	421		428		120	66		
	428		435		32			
	350	266	357	277	40	44	ffff00	
	357		364		112	66		
	364		371		56			
	371		378		72			
	378		385		112			
	385		392		40			
	392		399					
	399		406		16	77		
	406		413		0	22		
	413		420			55		
	420		427		120	66		
	427		434		32			
dither	443	163	519	180	001830
crop	447	167	454	178	48	44	000000	/fonts/tactical
	454		461		96	66		
	461		468		8			
	468		475		88			
	475		482		0	22		
	482		489		32	44		
	489		496		16	77		
	496		503		120	66		
	503		510		112			
	510		517		40			
	446	166	453	177	48	44	007fff	
	453		460		96	66		
	460		467		8			
	467		474		88			
	474		481		0	22		
	481		488		32	44		
	488		495		16	77		
	495		502		120	66		
	502		509		112			
	509		516		40			
line	532	128	517	129	489048
			526	142	
	517	129			204020
draw	0	0	128	480	/pictures/501.png
	608		640		/pictures/512.png
crop	29	159	35	171	0	36	ff0000	/fonts/computer
	35		41					
	41		47		64			
line	614	378	614	359	00488f
		359	622		
	622			378	002850
		378	614		
rect	615	360	622	378	003870
line	614	456	614	379	007fff
		379	622		
	622			456	00488f
		456	614		
rect	615	380	622	456	0070e0
line	614	231	614	231	909048
			622		
	622				505028
			614		
	614	328		232	ffff7f
		232	622		
	622			328	909048
		328	614		
rect	615	233	622	328	e0e070
line	614	125	614	103	904848
		103	622		
	622			125	502828
		125	614		
rect	615	104	622	125	703838
line	614	200	614	126	ff7f7f
		126	622		
	622			200	904848
		200	614		
rect	615	127	622	200	e07070
line	618	8	629	8	90488f
			618	9	
	629		629		
	618	36		36	
			618	35	
	629		629		
rect	620	10	628	35	703870
		35			c060c0
	634	49	636	52	7fff7f
		53		56	60c060
		57		60	
		61		64	
		65		68	703800
		69		72	183018
		73		76	
		77		80	
		81		84	
		85		88	
		89		92	
		93		96	
		97		100	
		101		104	
		105		108	
		109		112	
		113		116	
		117		120	
		121		124	
		125		128	
		129		132	
		133		136	
		137		140	
		141		144	
		145		148	
		149		152	
		153		156	
		157		160	
		161		164	
		165		168	
		169		172	
		173		176	
		177		180	
		181		184	
		185		188	
		189		192	
		193		196	
		197		200	
		201		204	
		205		208	
		209		212	
		213		216	
		217		220	
		221		224	
		225		228	
		229		232	
		233		236	
		237		240	
		241		244	
		245		248	
		249		252	
		253		256	
		257		260	
		261		264	
		265		268	
		269		272	
		273		276	
		277		280	
		281		284	
		285		288	
		289		292	
		293		296	
		297		300	
		301		304	
		305		308	
		309		312	
		313		316	
		317		320	
		321		324	
		325		328	
		329		332	
		333		336	
		337		340	
		341		344	
		345		348	
		349		352	
		353		356	
		357		360	
		361		364	
		365		368	
		369		372	
		373		376	
		377		380	
		381		384	
		385		388	
		389		392	
		393		396	
		397		400	
		401		404	
		405		408	
		409		412	
		413		416	
		417		420	
		421		424	
		425		428	
		429		432	
		433		436	
		437		440	
		441		444	
		445		448	
	621	52	631	56	303000
		57		61	
		62		66	
		67		71	
		72		76	
		77		81	
		82		86	
	7	7	115	115	00ff00
	8	8	114	114	001000
					003000
point	39	76	00e000
	24	88	
	58	63	
		62	
	25	88	
			
	57	62	
	59	61	
			
	112	19	
	87	89	
	25	61	
	45	107	
rect	12	320	121	440	001000
crop	15	320	21	332	16	48	00ff00	/fonts/computer
	21		27		40	60		
	27		33		72	48		
	33		39		96			
	39		45		32			
	45		51		0	24		
	51		57		24	60		
	57		63		64	48		
	63		69		72			
	69		75		0	60		
	75		81		24			
line	12	342	119	342	009000
crop	15	332	21	344	8	48	00ff00	/fonts/computer
	21		27		40	72		
	27		33		112			
	33		39		40			
	39		45		8			
	45		51		24	84		
	51		57		0	24		
	57		63		8	48		
	63		69		96	72		
	69		75		0	84		
	75		81		64	72		
	81		87		8			
	15	344	21	356	48	48		
	21		27		72	72		
	27		33		56			
	33		39		64			
	39		45		32	84		
	45		51		40	72		
	51		57		16	84		
line	12	367	12	356	009000
		356	120		
	120			367	005000
		367	12		
rect	13	357	120	367	007000
crop	15	356	21	368	24	48	003000	/fonts/computer
	21		27		16	84		
	27		33		40			
	33		39		72	72		
	39		45		24	84		
	45		51		40	72		
	51		57		16	84		
	15	368	21	380	32	60	00ff00	
	21		27		16	84		
	27		33		8	72		
	33		39		112			
	39		45		24	84		
	45		51		0			
	51		57		120	72		
	57		63		16	84		
	63		69		32			
	15	380	21	392	40	48		
	21		27		112	72		
	27		33		56			
	33		39		72			
	39		45		112			
	45		51		40			
	51		57					
	57		63		16	84		
	63		69		0	24		
	69		75			60		
	75		81		120	72		
	81		87		32			
line	12	438	119	438	009000
rect	16	450	114	475	001010
line	17	461	17	450	00c0c0
		450	43		
	43			461	007070
		461	17		
rect	18	451	43	461	009090
crop	19	450	25	462	16	60	00ffff	/fonts/computer
	25		31		56	48		
	31		37		64			
	37		43		32	60		
	43		49		0	24		
	49		55		16	48		
	55		61		40	84		
	61		67		72	72		
	67		73		96			
	73		79		32			
line	17	473	17	462	00c0c0
		462	43		
	43			473	007070
		473	17		
rect	18	463	43	473	009090
crop	19	462	25	474	96	48	00ffff	/fonts/computer
	25		31		40			
	31		37		48			
	37		43		32	60		
	43		49		0	24		
	49		55		104	48		
	55		61		8	72		
	61		67		72			
	67		73		112			
	73		79		0	24		
	79		85		104	48		
	85		91		40	72		
	91		97		112			
	97		103		40	84		
line	12	191	12	180	ffff00
		180	120		
	120			191	909000
		191	12		
rect	13	181	120	191	c0c000
crop	15	180	21	192	24	48	000000	/fonts/computer
	21		27		120			
	27		33		112			
	33		39		32	60		
	39		45		16			
	45		51		120	48		
	51		57		96			
	15	192	21	204	40		7fff7f	
	21		27		112			
	27		33		56			
	33		39		72			
	39		45		112			
	45		51		40			
	51		57					
	57		63		16	60		
draw	17	205	33	226	/sprites/562.SMIV/0
line	14	204	35	204	489048
			14	205	
	35		35		
	14	225		225	
			14	224	
	35		35		
rect	42	206	49	206	003870
				224	0060c0
line	40	204	50	204	00488f
			40	205	
	50		50		
	40	225		225	
			40	224	
	50		50		
rect	55	206	62	207	707000
		207		224	c0c000
line	53	204	63	204	909000
			53	205	
	63		63		
	53	225		225	
			53	224	
	63		63		
crop	69	204	75	216	16	60	7fff7f	/fonts/computer
	75		81		40	48		
	81		87		0	60		
	87		93		40			
	93		99		96	48		
	99		105		24	60		
	105		111		40	48		
	111		117		16	60		
	12	228	18	240	48	48	ff0000	
	18		24		96	72		
	24		30		8			
	30		36		88			
	36		42		0	24		
	42		48		32	48		
	48		54		16	84		
	54		60		120	72		
	60		66		112			
	66		72		40			
line	12	263	12	252	007fff
		252	120		
	120			263	00488f
		263	12		
rect	13	253	120	263	0060c0
crop	15	252	21	264	32	60	000000	/fonts/computer
	21		27		8	48		
	27		33		16	60		
	33		39		56	48		
	39		45		40			
	45		51		32	60		
	15	264	21	276	48	48	7fff7f	
	21		27		96			
	27		33		24			
	33		39		88			
	39		45		32			
	45		51		16	60		
	51		57		120	48		
	57		63		112			
draw	16	280	34	295	/sprites/542.SMIV/0
line	14	276	35	276	489048
			14	277	
	35		35		
	14	297		297	
			14	296	
	35		35		
rect	42	278	49	278	003870
				296	0060c0
line	40	276	50	276	00488f
			40	277	
	50		50		
	40	297		297	
			40	296	
	50		50		
rect	55	278	62	278	707000
				296	c0c000
line	53	276	63	276	909000
			53	277	
	63		63		
	53	297		297	
			53	296	
	63		63		
crop	69	276	75	288	48	48	7fff7f	/fonts/computer
	75		81		96			
	81		87		8			
	87		93		88			
	93		99		8			
	99		105		16	60		
	105		111		32			
	69	288	75	300	8	48		
	75		81		0	60		
	81		87		40			
	87		93		96	48		
	93		99		24	60		
	99		105		40	48		
	105		111		0	24		
	111		117		8	36		
	69	264	75	276	24	48		
	75		81		104			
	81		87		72			
	87		93		24	60		
	93		99					
	99		105		72	48		
	105		111		96			
	111		117		40			
