point	222	469	d0d0d0
	244	475	808080
	451	408	d0d0d0
	241	140	808080
	482	464	
	430	48	
	252	149	b0b0b0
	269	258	d0d0d0
	150	422	b0b0b0
	423	1	d0d0d0
	456	103	b0b0b0
	196	311	
	445	383	808080
	509	75	b0b0b0
	497	94	808080
	485	27	b0b0b0
	305	49	808080
	547	80	
	437	471	b0b0b0
	549	233	808080
	419	303	
	288	455	
	215	54	b0b0b0
	354	281	808080
	484	238	
	145	33	d0d0d0
	598	194	808080
	292	331	d0d0d0
	487	265	b0b0b0
	359	77	d0d0d0
	318	253	808080
	256	440	d0d0d0
	391	423	808080
	507	245	
	530	360	
	436	157	
	252	382	d0d0d0
	406	350	
	413	85	808080
	252	431	b0b0b0
	189	439	808080
	427	16	
	278	470	b0b0b0
	481	375	
	475	43	d0d0d0
	396	327	b0b0b0
	207	444	
	524	119	d0d0d0
	416	82	
	418	48	808080
	441	469	
	485	466	
	271	409	
	361	454	b0b0b0
	597	368	808080
	470	213	b0b0b0
	514	197	808080
	517	205	
	305	266	d0d0d0
	357	288	
	181	266	b0b0b0
	405	224	808080
	241	350	d0d0d0
	405	215	808080
	411	173	b0b0b0
	303	27	808080
	604	160	d0d0d0
	569	356	808080
	153	151	
	200	419	b0b0b0
	339	457	d0d0d0
	495	43	808080
	584	211	d0d0d0
	275	412	808080
	194	398	
	248	320	d0d0d0
	186	3	
	341	329	
	582	63	b0b0b0
	255	425	d0d0d0
	136	428	b0b0b0
	433	16	d0d0d0
	310	445	808080
	568	448	
	479	140	b0b0b0
	228	175	808080
	284	18	
	321	349	
	467	446	b0b0b0
	342	198	808080
	306	93	
	215	16	b0b0b0
	337	75	808080
	149	223	b0b0b0
	370	112	808080
	490	17	
	141	474	
	458	148	b0b0b0
	250	97	808080
	225	223	
	443	332	
	602	419	d0d0d0
	166	126	b0b0b0
	580	47	808080
	579	19	b0b0b0
	207	249	d0d0d0
	391	150	808080
	393	220	
	186	10	b0b0b0
	547	212	d0d0d0
	322	244	808080
	536	159	d0d0d0
	412	141	b0b0b0
	133	291	d0d0d0
	527	301	
	499	266	b0b0b0
	417	222	808080
	142	426	
	416	313	d0d0d0
	193	468	808080
	446	260	
	594	177	b0b0b0
	564	172	d0d0d0
	278	344	
	603	74	808080
	288	429	904800
	280	426	
	282	425	
		409	
	294	426	
	283	431	
	289	434	
	284	420	
	275	414	
	272	430	
line	398	0	398	480	005000
	128	213	608	213	002850
	279	405	279	407	00ff00
triangle	363	235	371	243	00c000
plus	223	323	231	331	00c000
triangle	605	105	617	117	c00000
	252	443	260	451	00c000
	280	421	288	429	
	273	431	281	439	
	292	419	300	427	
	282	423	290	431	
		404		412	c00000
rect	276	404	278	406	00ff00
	269	416	271	418	
	276	433	278	435	
dither	227	337	317	354	303000
tint	231	341	239	353	000000	/font/5000/45
	238		246			/font/5000/6e
	245		253			/font/5000/67
	252		260			/font/5000/69
	259		267			/font/5000/6e
	266		274			/font/5000/65
	273		281			
	280		288			/font/5000/72
	287		295			/font/5000/20
	294		302			/font/5000/50
	301		309			/font/5000/6f
	308		316			/font/5000/64
	230	340	238	352	ffff00	/font/5000/45
	237		245			/font/5000/6e
	244		252			/font/5000/67
	251		259			/font/5000/69
	258		266			/font/5000/6e
	265		273			/font/5000/65
	272		280			
	279		287			/font/5000/72
	286		294			/font/5000/20
	293		301			/font/5000/50
	300		308			/font/5000/6f
	307		315			/font/5000/64
line	472	70	458	77	489048
			472	85	
	458	77			204020
draw	0	0	128	480	/pictures/501.png
	608		640		/pictures/512.png
tint	29	159	37	172	ff0000	/font/5001/30
	35		43			/font/5001/31
	41		49			/font/5001/30
line	614	378	614	359	00488f
		359	622		
	622			378	002850
		378	614		
rect	615	360	622	378	003870
line	614	456	614	379	007fff
		379	622		
	622			456	00488f
		456	614		
rect	615	380	622	456	0070e0
line	614	232	614	231	909048
		231	622		
	622			232	505028
		232	614		
	614	328		233	ffff7f
		233	622		
	622			328	909048
		328	614		
rect	615	234	622	328	e0e070
line	614	127	614	103	904848
		103	622		
	622			127	502828
		127	614		
rect	615	104	622	127	703838
line	614	200	614	128	ff7f7f
		128	622		
	622			200	904848
		200	614		
rect	615	129	622	200	e07070
line	618	8	629	8	90488f
			618	9	
	629		629		
	618	36		36	
			618	35	
	629		629		
rect	620	10	628	35	703870
		35			c060c0
	634	49	636	52	007fff
		53		56	0060c0
		57		60	
		61		64	
		65		68	
		69		72	183018
		73		76	
		77		80	
		81		84	
		85		88	
		89		92	
		93		96	
		97		100	
		101		104	
		105		108	
		109		112	
		113		116	
		117		120	
		121		124	
		125		128	
		129		132	
		133		136	
		137		140	
		141		144	
		145		148	
		149		152	
		153		156	
		157		160	
		161		164	
		165		168	
		169		172	
		173		176	
		177		180	
		181		184	
		185		188	
		189		192	
		193		196	
		197		200	
		201		204	
		205		208	
		209		212	
		213		216	
		217		220	
		221		224	
		225		228	
		229		232	
		233		236	
		237		240	
		241		244	
		245		248	
		249		252	
		253		256	
		257		260	
		261		264	
		265		268	
		269		272	
		273		276	
		277		280	
		281		284	
		285		288	
		289		292	
		293		296	
		297		300	
		301		304	
		305		308	
		309		312	
		313		316	
		317		320	
		321		324	
		325		328	
		329		332	
		333		336	
		337		340	
		341		344	
		345		348	
		349		352	
		353		356	
		357		360	
		361		364	
		365		368	
		369		372	
		373		376	
		377		380	
		381		384	
		385		388	
		389		392	
		393		396	
		397		400	
		401		404	
		405		408	
		409		412	
		413		416	
		417		420	
		421		424	
		425		428	
		429		432	
		433		436	
		437		440	
		441		444	
		445		448	
	621	52	631	56	303000
		57		61	
		62		66	
		67		71	
		72		76	
		77		81	
		82		86	
	7	7	115	115	00ff00
	8	8	114	114	001000
	27	27	95	95	003000
point	112	22	00e000
	48	85	
	41	73	
	96	43	
	109	21	
	108	22	
			
	49	87	
	45	91	
	105	23	
	97	25	
	49	85	
	48	89	
	107	23	
	51	87	
	50	88	
	47	86	
	50	85	
	48	89	
rect	12	320	121	440	001000
tint	15	320	23	333	00ff00	/font/5001/42
	21		29			/font/5001/55
	27		35			/font/5001/49
	33		41			/font/5001/4c
	39		47			/font/5001/44
	45		53			/font/5001/20
	51		59			/font/5001/53
	57		65			/font/5001/48
	63		71			/font/5001/49
	69		77			/font/5001/50
	75		83			/font/5001/53
line	12	342	119	342	009000
tint	15	332	23	345	00ff00	/font/5001/41
	21		29			/font/5001/65
	27		35			/font/5001/6e
	33		41			/font/5001/65
	39		47			/font/5001/61
	45		53			/font/5001/73
	51		59			/font/5001/20
	57		65			/font/5001/41
	63		71			/font/5001/6c
	69		77			/font/5001/70
	75		83			/font/5001/68
	81		89			/font/5001/61
	15	344	23	357		/font/5001/46
	21		29			/font/5001/69
	27		35			/font/5001/67
	33		41			/font/5001/68
	39		47			/font/5001/74
	45		53			/font/5001/65
	51		59			/font/5001/72
line	12	367	12	356	009000
		356	120		
	120			367	005000
		367	12		
rect	13	357	120	367	007000
tint	15	356	23	369	00ff00	/font/5001/43
	21		29			/font/5001/72
	27		35			/font/5001/75
	33		41			/font/5001/69
	39		47			/font/5001/73
	45		53			/font/5001/65
	51		59			/font/5001/72
	15	368	23	381		/font/5001/54
	21		29			/font/5001/72
	27		35			/font/5001/61
	33		41			/font/5001/6e
	39		47			/font/5001/73
	45		53			/font/5001/70
	51		59			/font/5001/6f
	57		65			/font/5001/72
	63		71			/font/5001/74
	15	380	23	393		/font/5001/45
	21		29			/font/5001/6e
	27		35			/font/5001/67
	33		41			/font/5001/69
	39		47			/font/5001/6e
	45		53			/font/5001/65
	51		59			
	57		65			/font/5001/72
	63		71			/font/5001/20
	69		77			/font/5001/50
	75		83			/font/5001/6f
	81		89			/font/5001/64
line	12	438	119	438	009000
rect	16	450	114	475	001010
line	17	461	17	450	00c0c0
		450	43		
	43			461	007070
		461	17		
rect	18	451	43	461	009090
tint	19	450	27	463	00ffff	/font/5001/52
	25		33			/font/5001/47
	31		39			/font/5001/48
	37		45			/font/5001/54
	43		51			/font/5001/20
	49		57			/font/5001/42
	55		63			/font/5001/75
	61		69			/font/5001/69
	67		75			/font/5001/6c
	73		81			/font/5001/64
line	17	473	17	462	00c0c0
		462	43		
	43			473	007070
		473	17		
rect	18	463	43	473	009090
tint	19	462	27	475	00ffff	/font/5001/4c
	25		33			/font/5001/45
	31		39			/font/5001/46
	37		45			/font/5001/54
	43		51			/font/5001/20
	49		57			/font/5001/4d
	55		63			/font/5001/61
	61		69			/font/5001/69
	67		75			/font/5001/6e
	73		81			/font/5001/20
	79		87			/font/5001/4d
	85		93			/font/5001/65
	91		99			/font/5001/6e
	97		105			/font/5001/75
line	12	191	12	180	ffff00
		180	120		
	120			191	909000
		191	12		
rect	13	181	120	191	c0c000
tint	15	180	23	193	000000	/font/5001/43
	21		29			/font/5001/4f
	27		35			/font/5001/4e
	33		41			/font/5001/54
	39		47			/font/5001/52
	45		53			/font/5001/4f
	51		59			/font/5001/4c
	15	192	23	205	7fff7f	/font/5001/45
	21		29			/font/5001/4e
	27		35			/font/5001/47
	33		41			/font/5001/49
	39		47			/font/5001/4e
	45		53			/font/5001/45
	51		59			
	57		65			/font/5001/52
draw	17	205	33	226	/sprites/562.SMIV/0
line	14	204	35	204	489048
			14	205	
	35		35		
	14	225		225	
			14	224	
	35		35		
rect	42	206	49	206	003870
				224	0060c0
line	40	204	50	204	00488f
			40	205	
	50		50		
	40	225		225	
			40	224	
	50		50		
rect	55	206	62	207	707000
		207		224	c0c000
line	53	204	63	204	909000
			53	205	
	63		63		
	53	225		225	
			53	224	
	63		63		
tint	69	204	77	217	7fff7f	/font/5001/52
	75		83			/font/5001/45
	81		89			/font/5001/50
	87		95			/font/5001/55
	93		101			/font/5001/4c
	99		107			/font/5001/53
	105		113			/font/5001/45
	111		119			/font/5001/52
	12	228	20	241	ff0000	/font/5001/46
	18		26			/font/5001/6c
	24		32			/font/5001/61
	30		38			/font/5001/6b
	36		44			/font/5001/20
	42		50			/font/5001/44
	48		56			/font/5001/72
	54		62			/font/5001/6f
	60		68			/font/5001/6e
	66		74			/font/5001/65
line	12	263	12	252	007fff
		252	120		
	120			263	00488f
		263	12		
rect	13	253	120	263	0060c0
tint	15	252	23	265	000000	/font/5001/54
	21		29			/font/5001/41
	27		35			/font/5001/52
	33		41			/font/5001/47
	39		47			/font/5001/45
	45		53			/font/5001/54
	15	264	23	277	7fff7f	/font/5001/46
	21		29			/font/5001/4c
	27		35			/font/5001/43
	33		41			/font/5001/4b
	39		47			/font/5001/44
	45		53			/font/5001/52
	51		59			/font/5001/4f
	57		65			/font/5001/4e
draw	16	280	34	295	/sprites/542.SMIV/0
line	14	276	35	276	489048
			14	277	
	35		35		
	14	297		297	
			14	296	
	35		35		
rect	42	278	49	278	003870
				296	0060c0
line	40	276	50	276	00488f
			40	277	
	50		50		
	40	297		297	
			40	296	
	50		50		
rect	55	278	62	278	707000
				296	c0c000
line	53	276	63	276	909000
			53	277	
	63		63		
	53	297		297	
			53	296	
	63		63		
tint	69	276	77	289	7fff7f	/font/5001/46
	75		83			/font/5001/4c
	81		89			/font/5001/41
	87		95			/font/5001/4b
	93		101			/font/5001/41
	99		107			/font/5001/52
	105		113			/font/5001/54
	69	288	77	301		/font/5001/41
	75		83			/font/5001/50
	81		89			/font/5001/55
	87		95			/font/5001/4c
	93		101			/font/5001/53
	99		107			/font/5001/45
	105		113			/font/5001/20
	111		119			/font/5001/31
	69	264	77	277		/font/5001/43
	75		83			/font/5001/4d
	81		89			/font/5001/49
	87		95			/font/5001/53
	93		101			
	99		107			/font/5001/49
	105		113			/font/5001/4c
	111		119			/font/5001/45
