point	159	226	d0d0d0
	605	406	808080
	376	2	d0d0d0
	366	223	808080
	216	407	
	555	132	
	440	274	b0b0b0
	398	428	d0d0d0
	335	248	b0b0b0
	194	51	d0d0d0
	152	415	808080
	384	241	b0b0b0
	291	83	808080
	216	234	b0b0b0
	142	447	808080
	172	404	
	430	132	
	222	101	b0b0b0
	342	77	808080
	260	183	d0d0d0
	545	387	808080
	132	200	
	311	416	
	479	365	
	129	67	b0b0b0
	442	28	808080
	299	7	b0b0b0
	323	227	d0d0d0
	246	315	808080
	129	86	b0b0b0
	443	337	808080
	493	96	b0b0b0
	490	460	
	174	388	d0d0d0
	352	449	808080
	561	241	
	273	249	d0d0d0
	269	236	b0b0b0
	538	168	808080
	518	452	
	180	98	
	553	99	
	245	291	b0b0b0
	249	31	d0d0d0
	245	240	
	279	61	808080
	137	127	
	214	157	
	219	460	
	543	132	
	483	73	
	191	198	
	237	55	
	557	132	d0d0d0
	519	424	
	162	114	808080
	159	80	
	178	248	b0b0b0
	261	21	808080
	484	392	b0b0b0
	366	283	
	530	307	808080
	519	28	b0b0b0
	530	298	808080
	600	14	
	428	111	
	254	19	
	318	437	
	354	141	b0b0b0
	571	86	d0d0d0
	360	411	
	141	378	808080
	268	153	d0d0d0
	511	15	808080
	198	411	
	223	479	
	283	121	
	155	74	d0d0d0
	344	208	
	597	8	b0b0b0
	238	461	808080
	168	142	
	568	98	d0d0d0
	467	52	808080
	168	17	
	354	258	
	409	101	
	343	339	d0d0d0
	563	61	808080
	467	282	
	431	176	
	401	190	b0b0b0
	462	159	808080
	236	27	
	495	196	
	138	214	b0b0b0
	450	78	808080
	178	201	d0d0d0
	376	180	808080
	350	306	
	569	416	
	525	79	b0b0b0
	383	480	808080
	273	360	b0b0b0
	235	75	808080
	138	362	d0d0d0
	516	233	808080
	519	304	
	452	228	d0d0d0
	462	403	b0b0b0
	447	328	808080
	467	458	d0d0d0
	602	414	808080
	381	130	d0d0d0
	527	470	
	235	233	
	543	306	808080
	468	399	b0b0b0
	591	1	
	386	209	
	571	344	808080
	301	276	b0b0b0
	335	223	d0d0d0
	159	218	808080
	308	293	b0b0b0
line	157	0	157	480	002850
	338		338		005000
	519		519		002850
	128	131	608	131	005000
		312		312	002850
rect	520	146	536	162	900000
triangle	363	235	371	243	00c000
	524	154	530	160	c00000
plus	327	310	335	318	00c000
triangle	530	138	542	150	c00000
rect	531	147	537	153	c00000
triangle	524	150	532	158	c00000
	512	158	520	166	
	321	344	329	352	00c000
plus	517	154	527	164	c00000
triangle	321	331	329	339	00c000
	349	354	357	362	
	323	329	331	337	
	335	382	343	390	
rect	317	405	319	407	c00000
dither	331	324	421	341	303000
crop	335	328	342	339	40	44	000000	/fonts/tactical
	342		349		112	66		
	349		356		56			
	356		363		72			
	363		370		112			
	370		377		40			
	377		384					
	384		391		16	77		
	391		398		0	22		
	398		405			55		
	405		412		120	66		
	412		419		32			
	334	327	341	338	40	44	ffff00	
	341		348		112	66		
	348		355		56			
	355		362		72			
	362		369		112			
	369		376		40			
	376		383					
	383		390		16	77		
	390		397		0	22		
	397		404			55		
	404		411		120	66		
	411		418		32			
line	505	96	490	100	489048
			502	111	
	490	100			204020
draw	0	0	128	480	/pictures/501.png
	608		640		/pictures/512.png
crop	29	159	35	171	0	36	ff0000	/fonts/computer
	35		41		8			
	41		47					
line	614	378	614	359	00488f
		359	622		
	622			378	002850
		378	614		
rect	615	360	622	378	003870
line	614	456	614	379	007fff
		379	622		
	622			456	00488f
		456	614		
rect	615	380	622	456	0070e0
line	614	231	614	231	909048
			622		
	622				505028
			614		
	614	328		232	ffff7f
		232	622		
	622			328	909048
		328	614		
rect	615	233	622	328	e0e070
line	614	127	614	103	904848
		103	622		
	622			127	502828
		127	614		
rect	615	104	622	127	703838
line	614	200	614	128	ff7f7f
		128	622		
	622			200	904848
		200	614		
rect	615	129	622	200	e07070
line	618	8	629	8	90488f
			618	9	
	629		629		
	618	36		36	
			618	35	
	629		629		
rect	620	10	628	35	703870
		35			c060c0
	634	49	636	52	7fff7f
		53		56	0060c0
		57		60	
		61		64	
		65		68	
		69		72	007fff
		73		76	183018
		77		80	
		81		84	
		85		88	
		89		92	
		93		96	
		97		100	
		101		104	
		105		108	
		109		112	
		113		116	
		117		120	
		121		124	
		125		128	
		129		132	
		133		136	
		137		140	
		141		144	
		145		148	
		149		152	
		153		156	
		157		160	
		161		164	
		165		168	
		169		172	
		173		176	
		177		180	
		181		184	
		185		188	
		189		192	
		193		196	
		197		200	
		201		204	
		205		208	
		209		212	
		213		216	
		217		220	
		221		224	
		225		228	
		229		232	
		233		236	
		237		240	
		241		244	
		245		248	
		249		252	
		253		256	
		257		260	
		261		264	
		265		268	
		269		272	
		273		276	
		277		280	
		281		284	
		285		288	
		289		292	
		293		296	
		297		300	
		301		304	
		305		308	
		309		312	
		313		316	
		317		320	
		321		324	
		325		328	
		329		332	
		333		336	
		337		340	
		341		344	
		345		348	
		349		352	
		353		356	
		357		360	
		361		364	
		365		368	
		369		372	
		373		376	
		377		380	
		381		384	
		385		388	
		389		392	
		393		396	
		397		400	
		401		404	
		405		408	
		409		412	
		413		416	
		417		420	
		421		424	
		425		428	
		429		432	
		433		436	
		437		440	
		441		444	
		445		448	
	621	52	631	56	303000
		57		61	
		62		66	
		67		71	
		72		76	
		77		81	
		82		86	
	7	7	115	115	00ff00
	8	8	114	114	001000
					003000
point	97	43	00e000
	53	77	
	99	40	
	98	41	
	97	42	
			
	52	82	
		85	
	94	44	
	58	87	
	95	43	
	52	82	
	55	94	
	50	98	
rect	12	320	121	440	001000
crop	15	320	21	332	16	48	00ff00	/fonts/computer
	21		27		40	60		
	27		33		72	48		
	33		39		96			
	39		45		32			
	45		51		0	24		
	51		57		24	60		
	57		63		64	48		
	63		69		72			
	69		75		0	60		
	75		81		24			
line	12	342	119	342	009000
crop	15	332	21	344	8	48	00ff00	/fonts/computer
	21		27		40	72		
	27		33		112			
	33		39		40			
	39		45		8			
	45		51		24	84		
	51		57		0	24		
	57		63		8	48		
	63		69		96	72		
	69		75		0	84		
	75		81		64	72		
	81		87		8			
	15	344	21	356	48	48		
	21		27		72	72		
	27		33		56			
	33		39		64			
	39		45		32	84		
	45		51		40	72		
	51		57		16	84		
line	12	367	12	356	009000
		356	120		
	120			367	005000
		367	12		
rect	13	357	120	367	007000
crop	15	356	21	368	24	48	00ff00	/fonts/computer
	21		27		16	84		
	27		33		40			
	33		39		72	72		
	39		45		24	84		
	45		51		40	72		
	51		57		16	84		
	15	368	21	380	32	60		
	21		27		16	84		
	27		33		8	72		
	33		39		112			
	39		45		24	84		
	45		51		0			
	51		57		120	72		
	57		63		16	84		
	63		69		32			
	15	380	21	392	40	48		
	21		27		112	72		
	27		33		56			
	33		39		72			
	39		45		112			
	45		51		40			
	51		57					
	57		63		16	84		
	63		69		0	24		
	69		75			60		
	75		81		120	72		
	81		87		32			
line	12	438	119	438	009000
rect	16	450	114	475	001010
line	17	461	17	450	00c0c0
		450	43		
	43			461	007070
		461	17		
rect	18	451	43	461	009090
crop	19	450	25	462	16	60	00ffff	/fonts/computer
	25		31		56	48		
	31		37		64			
	37		43		32	60		
	43		49		0	24		
	49		55		16	48		
	55		61		40	84		
	61		67		72	72		
	67		73		96			
	73		79		32			
line	17	473	17	462	00c0c0
		462	43		
	43			473	007070
		473	17		
rect	18	463	43	473	009090
crop	19	462	25	474	96	48	00ffff	/fonts/computer
	25		31		40			
	31		37		48			
	37		43		32	60		
	43		49		0	24		
	49		55		104	48		
	55		61		8	72		
	61		67		72			
	67		73		112			
	73		79		0	24		
	79		85		104	48		
	85		91		40	72		
	91		97		112			
	97		103		40	84		
line	12	191	12	180	ffff00
		180	120		
	120			191	909000
		191	12		
rect	13	181	120	191	c0c000
crop	15	180	21	192	24	48	000000	/fonts/computer
	21		27		120			
	27		33		112			
	33		39		32	60		
	39		45		16			
	45		51		120	48		
	51		57		96			
	15	192	21	204	40		7fff7f	
	21		27		112			
	27		33		56			
	33		39		72			
	39		45		112			
	45		51		40			
	51		57					
	57		63		16	60		
draw	17	205	33	226	/sprites/562.SMIV/0
line	14	204	35	204	489048
			14	205	
	35		35		
	14	225		225	
			14	224	
	35		35		
rect	42	206	49	206	003870
				224	0060c0
line	40	204	50	204	00488f
			40	205	
	50		50		
	40	225		225	
			40	224	
	50		50		
rect	55	206	62	207	707000
		207		224	c0c000
line	53	204	63	204	909000
			53	205	
	63		63		
	53	225		225	
			53	224	
	63		63		
crop	69	204	75	216	16	60	7fff7f	/fonts/computer
	75		81		40	48		
	81		87		0	60		
	87		93		40			
	93		99		96	48		
	99		105		24	60		
	105		111		40	48		
	111		117		16	60		
	12	228	18	240	48	48	ff0000	
	18		24		96	72		
	24		30		8			
	30		36		88			
	36		42		0	24		
	42		48		32	48		
	48		54		16	84		
	54		60		120	72		
	60		66		112			
	66		72		40			
line	12	263	12	252	007fff
		252	120		
	120			263	00488f
		263	12		
rect	13	253	120	263	0060c0
crop	15	252	21	264	32	60	000000	/fonts/computer
	21		27		8	48		
	27		33		16	60		
	33		39		56	48		
	39		45		40			
	45		51		32	60		
	15	264	21	276	48	48	7fff7f	
	21		27		96			
	27		33		24			
	33		39		88			
	39		45		32			
	45		51		16	60		
	51		57		120	48		
	57		63		112			
draw	16	280	34	295	/sprites/542.SMIV/0
line	14	276	35	276	489048
			14	277	
	35		35		
	14	297		297	
			14	296	
	35		35		
rect	42	278	49	278	003870
				296	0060c0
line	40	276	50	276	00488f
			40	277	
	50		50		
	40	297		297	
			40	296	
	50		50		
rect	55	278	62	278	707000
				296	c0c000
line	53	276	63	276	909000
			53	277	
	63		63		
	53	297		297	
			53	296	
	63		63		
crop	69	276	75	288	48	48	7fff7f	/fonts/computer
	75		81		96			
	81		87		8			
	87		93		88			
	93		99		8			
	99		105		16	60		
	105		111		32			
	69	288	75	300	8	48		
	75		81		0	60		
	81		87		40			
	87		93		96	48		
	93		99		24	60		
	99		105		40	48		
	105		111		0	24		
	111		117		8	36		
	69	264	75	276	24	48		
	75		81		104			
	81		87		72			
	87		93		24	60		
	93		99					
	99		105		72	48		
	105		111		96			
	111		117		40			
