point	185	66	d0d0d0
	417	362	808080
	296	150	b0b0b0
	279	146	808080
	418	472	b0b0b0
	549	289	d0d0d0
	542	288	
	351	177	b0b0b0
	427	194	d0d0d0
	466	205	b0b0b0
	178	252	d0d0d0
	191	246	808080
	302	308	
	167	262	d0d0d0
	371	385	808080
	578	223	d0d0d0
	267	2	
	288	106	
	428	234	808080
	204	348	
	550	353	
	184	145	b0b0b0
	588	2	808080
	250	288	d0d0d0
	316	84	808080
	264	6	d0d0d0
	540	167	
	235	316	808080
	518	160	d0d0d0
	432	357	808080
	316	339	
	370	148	
	538	171	
	382	7	b0b0b0
	583	92	808080
	605	393	d0d0d0
	275	168	b0b0b0
	449	96	d0d0d0
	136	92	808080
	277	137	
	261	375	b0b0b0
	565	140	808080
	385	170	
	459	406	
	526	435	
	495	177	
	327	129	
	556	257	d0d0d0
	444	4	b0b0b0
	553	32	d0d0d0
	441	393	b0b0b0
	281	215	808080
	514	317	
	290	327	b0b0b0
	521	8	
	139	257	808080
	437	441	d0d0d0
	312	295	808080
	150	11	b0b0b0
	373	383	
	312	380	
	517	70	
	399	445	808080
	204	401	b0b0b0
	133	417	808080
	278	261	d0d0d0
	436	382	808080
	434	152	
	289	336	
	253	62	
	403	307	
	443	24	b0b0b0
	512	444	808080
	163	37	b0b0b0
	568	104	808080
	310	161	b0b0b0
	295	379	808080
	510	135	
	513	326	b0b0b0
	300	465	d0d0d0
	313	386	b0b0b0
	316	135	d0d0d0
	439	190	
	478	172	808080
	312	155	
	182	181	
	144	44	
	267	112	b0b0b0
	560	469	
	289	426	
	582	87	
	326	343	d0d0d0
	287	82	808080
	572	343	
	154	237	d0d0d0
	242	258	808080
	321	305	d0d0d0
	205	219	
	217	118	808080
	137	223	d0d0d0
	266	250	
	326	198	b0b0b0
	578	59	
	597	261	
	476	310	
	469	436	808080
	429	95	b0b0b0
	558	310	808080
	535	60	d0d0d0
	174	388	
	166	443	
	357	239	
	448	63	
	415	80	808080
	451	64	b0b0b0
	435	55	
	388	449	d0d0d0
	333	378	
	292	303	
	477	295	
	588	455	b0b0b0
	155	206	808080
	166	151	
	154	92	
	387	463	b0b0b0
rect	300	0	301	480	002850
	556		557		
	128	57	608	58	
		313		314	005000
	304	337	320	353	900000
triangle	364	236	372	244	00c000
	319	260	325	266	c00000
plus	225	415	233	423	00c000
triangle	200	321	212	333	c00000
rect	318	337	324	343	c00000
triangle	307	282	315	290	c00000
	317	295	325	303	
	158	317	166	325	00c000
plus	299	348	309	358	c00000
triangle	189	378	197	386	00c000
	243	360	251	368	
	252	336	260	344	
	146	352	154	360	
rect	342	288	344	290	ff0000
	330	311	332	313	
	262	351	264	353	
	277	364	279	366	
	245	343	247	345	
	209	328	211	330	
	295	334	297	336	
	207	327	209	329	
	355	243	359	247	
	227	335	229	337	
	219	350	223	354	
dither	229	429	319	446	303000
crop	233	433	240	444	40	44	000000	/fonts/tactical.png
	240		247		112	66		
	247		254		56			
	254		261		72			
	261		268		112			
	268		275		40			
	275		282					
	282		289		16	77		
	289		296		0	22		
	296		303			55		
	303		310		120	66		
	310		317		32			
	232	432	239	443	40	44	ffff00	
	239		246		112	66		
	246		253		56			
	253		260		72			
	260		267		112			
	267		274		40			
	274		281					
	281		288		16	77		
	288		295		0	22		
	295		302			55		
	302		309		120	66		
	309		316		32			
dither	321	320	397	337	001830
crop	325	324	332	335	48	44	000000	/fonts/tactical.png
	332		339		96	66		
	339		346		8			
	346		353		88			
	353		360		0	22		
	360		367		32	44		
	367		374		16	77		
	374		381		120	66		
	381		388		112			
	388		395		40			
	324	323	331	334	48	44	007fff	
	331		338		96	66		
	338		345		8			
	345		352		88			
	352		359		0	22		
	359		366		32	44		
	366		373		16	77		
	373		380		120	66		
	380		387		112			
	387		394		40			
line	561	287	550	276	489048
			546	291	
	550	276			204020
draw	0	-144	128	624	/pictures/gui/instruments/left.png
	608		640		/pictures/gui/instruments/right.png
crop	29	159	35	171	0	36	ff0000	/fonts/computer.png
	35		41		8			
	41		47		24			
rect	614	359	615	428	00488f
			623	360	
	622			428	002850
	614	427			
	615	360	622	427	003870
	614	428	615	457	007fff
			623	429	
	622			457	00488f
	614	456			
	615	429	622	456	0070e0
	614	231	615	233	909048
			623	232	
	622			233	505028
	614	232			
		233	615	329	ffff7f
			623	234	
	622			329	909048
	614	328			
	615	234	622	328	e0e070
	614	103	615	130	904848
			623	104	
	622			130	502828
	614	129			
	615	104	622	129	703838
	614	130	615	201	ff7f7f
			623	131	
	622			201	904848
	614	200			
	615	131	622	200	e07070
	618	8	630	9	90488f
			619	10	
	629		630		
	618	36		37	
		35	619		
	629		630		
	620	10	628	35	703870
		35			c060c0
	634	49	636	52	7fff7f
		53		56	60c060
		57		60	703800
		61		64	
		65		68	
		69		72	183018
		73		76	
		77		80	
		81		84	
		85		88	
		89		92	
		93		96	
		97		100	
		101		104	
		105		108	
		109		112	
		113		116	
		117		120	
		121		124	
		125		128	
		129		132	
		133		136	
		137		140	
		141		144	
		145		148	
		149		152	
		153		156	
		157		160	
		161		164	
		165		168	
		169		172	
		173		176	
		177		180	
		181		184	
		185		188	
		189		192	
		193		196	
		197		200	
		201		204	
		205		208	
		209		212	
		213		216	
		217		220	
		221		224	
		225		228	
		229		232	
		233		236	
		237		240	
		241		244	
		245		248	
		249		252	
		253		256	
		257		260	
		261		264	
		265		268	
		269		272	
		273		276	
		277		280	
		281		284	
		285		288	
		289		292	
		293		296	
		297		300	
		301		304	
		305		308	
		309		312	
		313		316	
		317		320	
		321		324	
		325		328	
		329		332	
		333		336	
		337		340	
		341		344	
		345		348	
		349		352	
		353		356	
		357		360	
		361		364	
		365		368	
		369		372	
		373		376	
		377		380	
		381		384	
		385		388	
		389		392	
		393		396	
		397		400	
		401		404	
		405		408	
		409		412	
		413		416	
		417		420	
		421		424	
		425		428	
		429		432	
		433		436	
		437		440	
		441		444	
		445		448	
	621	52	631	56	303000
		57		61	
		62		66	
		67		71	
		72		76	
		77		81	
		82		86	
	7	7	115	115	00ff00
	8	8	114	114	001000
	24	24	100	100	003000
point	54	64	00e000
	58	69	
	39	89	
	36	75	
	54	77	
	53		
	52	68	
	34	83	
	29	74	
	54	70	
	45	78	
	42	80	
	51	79	
	44	77	
	27	79	
	50	76	
	56	72	
	42	77	
	47	80	
	36	75	
			
	60	61	
	59	70	
	60		
	58		
	61	69	
	59	67	
	39	76	
	38	79	
rect	12	320	121	440	001000
		342	120	343	009000
		356	13	368	
			121	357	
	120			368	005000
	12	367			
	13	357	120	367	007000
	12	438		439	009000
	16	450	114	475	001010
	17		18	462	00c0c0
			44	451	
	43			462	007070
	17	461			
	18	451	43	461	009090
	17	462	18	474	00c0c0
			44	463	
	43			474	007070
	17	473			
	18	463	43	473	009090
crop	15	320	21	332	16	48	00ff00	/fonts/computer.png
	21		27		40	60		
	27		33		72	48		
	33		39		96			
	39		45		32			
	45		51		0	24		
	51		57		24	60		
	57		63		64	48		
	63		69		72			
	69		75		0	60		
	75		81		24			
	15	332	21	344	8	48		
	21		27		40	72		
	27		33		112			
	33		39		40			
	39		45		8			
	45		51		24	84		
	51		57		0	24		
	57		63		8	48		
	63		69		96	72		
	69		75		0	84		
	75		81		64	72		
	81		87		8			
	15	344	21	356	48	48	009000	
	21		27		72	72		
	27		33		56			
	33		39		64			
	39		45		32	84		
	45		51		40	72		
	51		57		16	84		
	15	356	21	368	24	48	003000	
	21		27		16	84		
	27		33		40			
	33		39		72	72		
	39		45		24	84		
	45		51		40	72		
	51		57		16	84		
	15	368	21	380	32	60	009000	
	21		27		16	84		
	27		33		8	72		
	33		39		112			
	39		45		24	84		
	45		51		0			
	51		57		120	72		
	57		63		16	84		
	63		69		32			
	15	380	21	392	40	48		
	21		27		112	72		
	27		33		56			
	33		39		72			
	39		45		112			
	45		51		40			
	51		57					
	57		63		16	84		
	63		69		0	24		
	69		75			60		
	75		81		120	72		
	81		87		32			
	19	450	25	462	16	60	00ffff	
	25		31		56	48		
	31		37		64			
	37		43		32	60		
	43		49		0	24		
	49		55		16	48		
	55		61		40	84		
	61		67		72	72		
	67		73		96			
	73		79		32			
	19	462	25	474	96	48		
	25		31		40			
	31		37		48			
	37		43		32	60		
	43		49		0	24		
	49		55		104	48		
	55		61		8	72		
	61		67		72			
	67		73		112			
	73		79		0	24		
	79		85		104	48		
	85		91		40	72		
	91		97		112			
	97		103		40	84		
rect	12	180	13	192	ffff00
			121	181	
	120			192	909000
	12	191			
	13	181	120	191	c0c000
crop	15	180	21	192	24	48	000000	/fonts/computer.png
	21		27		120			
	27		33		112			
	33		39		32	60		
	39		45		16			
	45		51		120	48		
	51		57		96			
	15	192	21	204	40		7fff7f	
	21		27		112			
	27		33		56			
	33		39		72			
	39		45		112			
	45		51		40			
	51		57					
	57		63		16	60		
draw	17	204	33	225	/sprites/ish/engineer%0
rect	14	204	36	205	489048
			15	206	
	35		36		
	14	225		226	
		224	15		
	35		36		
	42	206	49	206	003870
				224	0060c0
	40	204	51	205	00488f
			41	206	
	50		51		
	40	225		226	
		224	41		
	50		51		
	55	206	62	207	707000
		207		224	c0c000
	53	204	64	205	909000
			54	206	
	63		64		
	53	225		226	
		224	54		
	63		64		
crop	69	204	75	216	16	60	7fff7f	/fonts/computer.png
	75		81		40	48		
	81		87		0	60		
	87		93		40			
	93		99		96	48		
	99		105		24	60		
	105		111		40	48		
	111		117		16	60		
	12	228	18	240	48	48	ff0000	
	18		24		96	72		
	24		30		8			
	30		36		88			
	36		42		0	24		
	42		48		32	48		
	48		54		16	84		
	54		60		120	72		
	60		66		112			
	66		72		40			
rect	12	252	13	264	007fff
			121	253	
	120			264	00488f
	12	263			
	13	253	120	263	0060c0
crop	15	252	21	264	32	60	000000	/fonts/computer.png
	21		27		8	48		
	27		33		16	60		
	33		39		56	48		
	39		45		40			
	45		51		32	60		
	15	264	21	276	48	48	7fff7f	
	21		27		96			
	27		33		24			
	33		39		88			
	39		45		32			
	45		51		16	60		
	51		57		120	48		
	57		63		112			
draw	16	279	34	294	/sprites/loc/flak%0
rect	14	276	36	277	489048
			15	278	
	35		36		
	14	297		298	
		296	15		
	35		36		
	42	278	49	278	003870
				296	0060c0
	40	276	51	277	00488f
			41	278	
	50		51		
	40	297		298	
		296	41		
	50		51		
	55	278	62	278	707000
				296	c0c000
	53	276	64	277	909000
			54	278	
	63		64		
	53	297		298	
		296	54		
	63		64		
crop	69	276	75	288	48	48	7fff7f	/fonts/computer.png
	75		81		96			
	81		87		8			
	87		93		88			
	93		99		8			
	99		105		16	60		
	105		111		32			
	69	288	75	300	8	48		
	75		81		0	60		
	81		87		40			
	87		93		96	48		
	93		99		24	60		
	99		105		40	48		
	105		111		0	24		
	111		117		8	36		
	69	264	75	276	24	48		
	75		81		104			
	81		87		72			
	87		93		24	60		
	93		99					
	99		105		72	48		
	105		111		96			
	111		117		40			
