point	220	225	d0d0d0
	465	467	
	375	338	808080
	133	24	
	418	250	
	476	244	d0d0d0
	592	259	808080
	244	42	
	252	273	
	603	227	
	137	125	d0d0d0
	322	415	808080
	158	255	b0b0b0
	484	52	808080
	179	250	b0b0b0
	412	269	
	335	401	d0d0d0
	212	173	
	359	186	
	131	52	808080
	294	167	b0b0b0
	440	95	d0d0d0
	340	448	
	380	153	b0b0b0
	134	307	808080
	233	272	d0d0d0
	407	423	b0b0b0
	465	40	808080
	194	368	b0b0b0
	172	367	
	531	247	
	163	47	808080
	268	38	b0b0b0
	536	477	
	585	400	808080
	164	223	
	251	235	
	296	366	b0b0b0
	545	369	d0d0d0
	495	361	808080
	272	295	
	485	338	b0b0b0
	332	76	808080
	568	462	
	278	173	
	499	430	b0b0b0
	316	343	
	413	16	808080
	403	115	b0b0b0
	410	111	d0d0d0
	416	234	b0b0b0
	602	90	808080
	597	75	
	149	459	d0d0d0
	164	354	b0b0b0
	293	245	808080
	599	386	b0b0b0
	300	441	
	359	66	808080
	145	395	
	345	195	
	182	267	b0b0b0
	175	2	
	144	58	808080
	290	179	d0d0d0
	448	297	808080
	606	148	
	516	240	
	509	82	d0d0d0
	349	305	
	175	168	808080
	219	310	d0d0d0
	319	159	b0b0b0
	165	75	
	488	394	
	601	327	
	426	412	808080
	213	338	
	478	176	d0d0d0
	578	376	
	465	175	
	494	63	808080
	467	148	d0d0d0
	352	112	b0b0b0
	583	65	
	384	405	d0d0d0
	529	80	808080
	439	441	b0b0b0
	449	27	
	601	464	
	215	36	808080
	594	142	d0d0d0
	489	367	b0b0b0
	460	250	d0d0d0
	486	64	808080
	246	149	b0b0b0
	415	126	d0d0d0
	574	75	
	540	62	b0b0b0
	142	361	d0d0d0
	557	470	808080
	255	280	d0d0d0
	231	112	
	341	251	b0b0b0
	426	324	d0d0d0
	225	341	808080
	238	15	d0d0d0
	457	435	
	154	472	808080
	161	350	b0b0b0
		13	d0d0d0
	572	378	
	569	6	808080
	333	121	
	164	315	b0b0b0
	467	437	808080
	558	457	
	473	387	b0b0b0
	374	173	d0d0d0
	472		808080
	526	43	
	231	35	
	377	298	
	333	383	d0d0d0
	280	314	808080
rect	253	0	254	481	005000
	413		414		
	573		574		
	128	9	609	10	
		169		170	
		329		330	
	217	340	233	356	009000
	447	166	463	182	900000
	337	258	343	264	00c000
	453	170	459	176	
triangle	454	170	462	178	c00000
	236	290	244	298	
plus	363	235	373	245	00c000
rect	477	152	479	154	00c000
triangle	395	213	403	221	00c000
rect	452	172	454	174	00c000
	447	211	449	213	
	444	176	446	178	
triangle	453	169	461	177	00c000
rect	463	207	465	209	00c000
	427	185	429	187	
	470	145	472	147	
	440	174	442	176	c00000
	477	182	479	184	
	456	173	458	175	
					
					
					
					
					
					
					
	325	267	327	269	00ff00
	456	173	458	175	007fff
					
	455		457		
	456		458		
	455	172	459	176	ff0000
dither	399	227	454	244	303000
crop	403	231	410	242	24	44	000000	/fonts/tactical.png
	410		417		16	77		
	417		424		40			
	424		431		72	66		
	431		438		24	77		
	438		445		40	66		
	445		452		16	77		
	402	230	409	241	24	44	ffff00	
	409		416		16	77		
	416		423		40			
	423		430		72	66		
	430		437		24	77		
	437		444		40	66		
	444		451		16	77		
dither	455	154	538	171	001830
crop	459	158	466	169	8	44	000000	/fonts/tactical.png
	466		473		40	66		
	473		480		112			
	480		487		40			
	487		494		8			
	494		501		24	77		
	501		508		0	22		
	508		515		16	44		
	515		522		40	66		
	522		529		32	77		
	529		536		8	66		
	458	157	465	168		44	007fff	
	465		472		40	66		
	472		479		112			
	479		486		40			
	486		493		8			
	493		500		24	77		
	500		507		0	22		
	507		514		16	44		
	514		521		40	66		
	521		528		32	77		
	528		535		8	66		
line	516	107	501	110	489048
			512	122	
	501	110			204020
draw	0	-144	128	624	/interfaces/instruments/left.png
	608		640		/interfaces/instruments/right.png
rect	614	359	615	457	007fff
			623	360	
	622			457	00488f
	614	456			
	615	360	622	456	0070e0
	614	231	615	329	ffff7f
			623	232	
	622			329	909048
	614	328			
	615	232	622	328	e0e070
	614	103	615	201	ff7f7f
			623	104	
	622			201	904848
	614	200			
	615	104	622	200	e07070
	618	8	630	9	90488f
			619	10	
	629		630		
	618	36		37	
		35	619		
	629		630		
	620	10	628	35	703870
		35			c060c0
	634	49	636	52	007fff
		53		56	0060c0
		57		60	
		61		64	
		65		68	
		69		72	183018
		73		76	
		77		80	
		81		84	
		85		88	
		89		92	
		93		96	
		97		100	
		101		104	
		105		108	
		109		112	
		113		116	
		117		120	
		121		124	
		125		128	
		129		132	
		133		136	
		137		140	
		141		144	
		145		148	
		149		152	
		153		156	
		157		160	
		161		164	
		165		168	
		169		172	
		173		176	
		177		180	
		181		184	
		185		188	
		189		192	
		193		196	
		197		200	
		201		204	
		205		208	
		209		212	
		213		216	
		217		220	
		221		224	
		225		228	
		229		232	
		233		236	
		237		240	
		241		244	
		245		248	
		249		252	
		253		256	
		257		260	
		261		264	
		265		268	
		269		272	
		273		276	
		277		280	
		281		284	
		285		288	
		289		292	
		293		296	
		297		300	
		301		304	
		305		308	
		309		312	
		313		316	
		317		320	
		321		324	
		325		328	
		329		332	
		333		336	
		337		340	
		341		344	
		345		348	
		349		352	
		353		356	
		357		360	
		361		364	
		365		368	
		369		372	
		373		376	
		377		380	
		381		384	
		385		388	
		389		392	
		393		396	
		397		400	
		401		404	
		405		408	
		409		412	
		413		416	
		417		420	
		421		424	
		425		428	
		429		432	
		433		436	
		437		440	
		441		444	
		445		448	
	621	52	631	56	303000
		57		61	
		62		66	
		67		71	
		72		76	
		77		81	
		82		86	
	7	7	115	115	00ff00
	8	8	114	114	001000
					003000
point	19	90	00e000
	33	82	
	93	39	
rect	12	320	121	440	001000
		342	120	343	009000
		356	13	368	
			121	357	
	120			368	005000
	12	367			
	13	357	120	367	007000
	12	438		439	009000
	16	450	114	475	001010
	17		18	462	00c0c0
			44	451	
	43			462	007070
	17	461			
	18	451	43	461	009090
	17	462	18	474	00c0c0
			44	463	
	43			474	007070
	17	473			
	18	463	43	473	009090
crop	15	320	21	332	16	48	00ff00	/fonts/computer.png
	21		27		40	60		
	27		33		72	48		
	33		39		96			
	39		45		32			
	45		51		0	24		
	51		57		24	60		
	57		63		64	48		
	63		69		72			
	69		75		0	60		
	75		81		24			
	15	332	21	344	8	48		
	21		27		40	72		
	27		33		112			
	33		39		40			
	39		45		8			
	45		51		24	84		
	51		57		0	24		
	57		63		8	48		
	63		69		96	72		
	69		75		0	84		
	75		81		64	72		
	81		87		8			
	15	344	21	356	48	48		
	21		27		72	72		
	27		33		56			
	33		39		64			
	39		45		32	84		
	45		51		40	72		
	51		57		16	84		
	15	356	21	368	24	48		
	21		27		16	84		
	27		33		40			
	33		39		72	72		
	39		45		24	84		
	45		51		40	72		
	51		57		16	84		
	15	368	21	380	32	60		
	21		27		16	84		
	27		33		8	72		
	33		39		112			
	39		45		24	84		
	45		51		0			
	51		57		120	72		
	57		63		16	84		
	63		69		32			
	15	380	21	392	40	48		
	21		27		112	72		
	27		33		56			
	33		39		72			
	39		45		112			
	45		51		40			
	51		57					
	57		63		16	84		
	63		69		0	24		
	69		75			60		
	75		81		120	72		
	81		87		32			
	19	450	25	462	16	60	00ffff	
	25		31		56	48		
	31		37		64			
	37		43		32	60		
	43		49		0	24		
	49		55		16	48		
	55		61		40	84		
	61		67		72	72		
	67		73		96			
	73		79		32			
	19	462	25	474	96	48		
	25		31		40			
	31		37		48			
	37		43		32	60		
	43		49		0	24		
	49		55		104	48		
	55		61		8	72		
	61		67		72			
	67		73		112			
	73		79		0	24		
	79		85		104	48		
	85		91		40	72		
	91		97		112			
	97		103		40	84		
rect	12	180	13	192	ffff00
			121	181	
	120			192	909000
	12	191			
	13	181	120	191	c0c000
crop	15	180	21	192	24	48	000000	/fonts/computer.png
	21		27		120			
	27		33		112			
	33		39		32	60		
	39		45		16			
	45		51		120	48		
	51		57		96			
	15	192	21	204	24		7fff7f	
	21		27		16	60		
	27		33		40			
	33		39		72	48		
	39		45		24	60		
	45		51		40	48		
	51		57		16	60		
draw	16	208	34	222	/sprites/501.SMIV/0
rect	14	204	36	205	489048
			15	206	
	35		36		
	14	225		226	
		224	15		
	35		36		
	42	206	49	206	003870
				224	0060c0
	40	204	51	205	00488f
			41	206	
	50		51		
	40	225		226	
		224	41		
	50		51		
	55	206	62	209	707000
		209		224	c0c000
	53	204	64	205	909000
			54	206	
	63		64		
	53	225		226	
		224	54		
	63		64		
crop	69	204	75	216	0	60	7fff7f	/fonts/computer.png
	75		81		88	48		
	81		87		16			
	87		93		40			
	93		99		8			
	99		105		104			
	105		111		0	24		
	111		117		8	36		
	69	216	75	228	48	48		
	75		81		0	24		
	81		87			60		
	87		93		40			
	93		99		96	48		
	99		105		24	60		
	105		111		40	48		
	12	228	18	240	8		ff0000	
	18		24		40	72		
	24		30		112			
	30		36		40			
	36		42		8			
	42		48		24	84		
	48		54		0	24		
	54		60		16	48		
	60		66		40	72		
	66		72		32	84		
	72		78		8	72		
rect	12	252	13	264	007fff
			121	253	
	120			264	00488f
	12	263			
	13	253	120	263	0060c0
crop	15	252	21	264	32	60	000000	/fonts/computer.png
	21		27		8	48		
	27		33		16	60		
	33		39		56	48		
	39		45		40			
	45		51		32	60		
	15	264	21	276	8	48	7fff7f	
	21		27		40	72		
	27		33		112			
	33		39		40			
	39		45		8			
	45		51		24	84		
	51		57		0	24		
	57		63		16	48		
	63		69		40	72		
	69		75		32	84		
	75		81		8	72		
draw	16	278	34	296	/sprites/1012.SMIV/0
rect	14	276	36	277	489048
			15	278	
	35		36		
	14	297		298	
		296	15		
	35		36		
