point	205	235	d0d0d0
	450	477	
	368	343	808080
	603	85	d0d0d0
	411	255	808080
	461		d0d0d0
	585	264	808080
	237	47	
	245	278	
	595	232	
	601	27	d0d0d0
	315	420	808080
	147	263	b0b0b0
	477	57	808080
	168	258	b0b0b0
	401	277	
	320	411	d0d0d0
	197	183	
	344	196	
	601	221	b0b0b0
	283	175	
	425	106	d0d0d0
	325	458	
	369	161	b0b0b0
	605	462	808080
	218	282	d0d0d0
	396	431	b0b0b0
	457	45	808080
	183	376	b0b0b0
	161	375	
	520	255	
	156	52	808080
	256	47	b0b0b0
	450	7	d0d0d0
	578	405	808080
	157	228	
	244	240	
	285	374	b0b0b0
	530	380	d0d0d0
	488	366	808080
	265	300	
	474	346	b0b0b0
	325	81	808080
	560	467	
	271	178	
	488	438	b0b0b0
	305	351	
	406	21	808080
	392	123	b0b0b0
	395	121	d0d0d0
	405	242	b0b0b0
	594	95	808080
	590	80	
	134	469	d0d0d0
	153	362	b0b0b0
	286	250	808080
	588	394	b0b0b0
	289	449	
	352	71	808080
	138	400	
	338	200	
	171	275	b0b0b0
	164	11	
	137	63	808080
	275	189	d0d0d0
	441	302	808080
	599	153	
	509	245	
	494	93	d0d0d0
	334	315	
	168	173	808080
	204	320	d0d0d0
	308	167	b0b0b0
	154	83	
	477	402	
	590	335	
	419	417	808080
	206	343	
	463	186	d0d0d0
	563	387	
	450	185	
	487	68	808080
	452	158	d0d0d0
	341	120	b0b0b0
	571	73	
	369	415	d0d0d0
	522	85	808080
	428	449	b0b0b0
	438	35	
	589	472	
	208	41	808080
	579	153	d0d0d0
	478	375	b0b0b0
	445	260	d0d0d0
	479	69	808080
	235	157	b0b0b0
	400	136	d0d0d0
	559	86	
	529	71	b0b0b0
	606	106	808080
	550	475	
	240	290	d0d0d0
	216	122	
	330	259	b0b0b0
	411	334	d0d0d0
	218	346	808080
	223	26	d0d0d0
	442	445	
	147	477	808080
	150	358	b0b0b0
	146	24	d0d0d0
	557	389	
	562	11	808080
	326	126	
	153	323	b0b0b0
	460	442	808080
	550	462	
	462	395	b0b0b0
	359	183	d0d0d0
	465	178	808080
	519	48	
	224	40	
	370	303	
	318	393	d0d0d0
	273	319	808080
	436	192	502800
	437	194	
	435	195	
		193	
	437	190	
		192	
	436		
	433	194	
	435	190	
	438	194	
	437	191	
	435	194	
	436		
	434	191	
	435	194	
		195	
	437	192	
	438	193	
	435	192	
	436		
	438	190	
	435	193	
	434	191	
		192	
	437	191	
			
	434	193	
	435	191	
	433	194	
	435	195	
		194	
		191	
		192	
	436	194	
	433		
	435	192	
	437	191	
	436	195	
		191	
	438		
	436		
	435	194	
	433	191	
	438	194	
	434	195	
	435	194	
	438		
	437	193	
	436		
	438	194	
	434	192	
	438	193	
	434	192	
			
	435		
	434	191	
		193	
	436		
		194	
	434	193	
	433	194	703800
	434	195	
	433	191	
	436	195	
	437	192	
	434		
	437	195	
	435		
	436		
	437	194	
line	249	0	249	480	005000
	393		393		
	537		537		
	128	43	608	43	
		187		187	
		331		331	
		475		475	
	431	194	431	194	00ff00
rect	216	340	232	356	009000
	423	184	439	200	900000
	324	267	330	273	00c000
	429	188	435	194	
triangle	414	192	422	200	c00000
plus	362	234	372	244	00c000
rect	453	165	455	167	00c000
triangle	428	188	436	196	00c000
rect	432	191	434	193	c00000
	427	187	429	189	00c000
	424	233	426	235	
	411	196	413	198	
	432	191	434	193	c00000
triangle	429	187	437	195	00c000
rect	397	206	399	208	00c000
	406	192	408	194	c00000
	431	190	433	192	00ff00
	433	195	435	197	
	431	190	433	192	
	432	191	434	193	007fff
	431	190	435	194	ff0000
					00ff00
dither	432	202	487	219	303000
tint	436	206	444	218	000000	/font/5000/43
	443		451			/font/5000/72
	450		458			/font/5000/75
	457		465			/font/5000/69
	464		472			/font/5000/73
	471		479			/font/5000/65
	478		486			/font/5000/72
	435	205	443	217	ffff00	/font/5000/43
	442		450			/font/5000/72
	449		457			/font/5000/75
	456		464			/font/5000/69
	463		471			/font/5000/73
	470		478			/font/5000/65
	477		485			/font/5000/72
dither	431	172	514	189	001830
tint	435	176	443	188	000000	/font/5000/41
	442		450			/font/5000/65
	449		457			/font/5000/6e
	456		464			/font/5000/65
	463		471			/font/5000/61
	470		478			/font/5000/73
	477		485			/font/5000/20
	484		492			/font/5000/42
	491		499			/font/5000/65
	498		506			/font/5000/74
	505		513			/font/5000/61
	434	175	442	187	007fff	/font/5000/41
	441		449			/font/5000/65
	448		456			/font/5000/6e
	455		463			/font/5000/65
	462		470			/font/5000/61
	469		477			/font/5000/73
	476		484			/font/5000/20
	483		491			/font/5000/42
	490		498			/font/5000/65
	497		505			/font/5000/74
	504		512			/font/5000/61
line	539	140	524	140	489048
			532	153	
	524				204020
draw	0	0	128	480	/pictures/501.png
	608		640		/pictures/512.png
line	614	456	614	359	007fff
		359	622		
	622			456	00488f
		456	614		
rect	615	360	622	456	0070e0
line	614	328	614	231	ffff7f
		231	622		
	622			328	909048
		328	614		
rect	615	232	622	328	e0e070
line	614	200	614	103	ff7f7f
		103	622		
	622			200	904848
		200	614		
rect	615	104	622	200	e07070
line	618	8	629	8	90488f
			618	9	
	629		629		
	618	36		36	
			618	35	
	629		629		
rect	620	10	628	35	703870
		28			c060c0
	634	49	636	52	904800
		53		56	703800
		57		60	
		61		64	
		65		68	
		69		72	183018
		73		76	
		77		80	
		81		84	
		85		88	
		89		92	
		93		96	
		97		100	
		101		104	
		105		108	
		109		112	
		113		116	
		117		120	
		121		124	
		125		128	
		129		132	
		133		136	
		137		140	
		141		144	
		145		148	
		149		152	
		153		156	
		157		160	
		161		164	
		165		168	
		169		172	
		173		176	
		177		180	
		181		184	
		185		188	
		189		192	
		193		196	
		197		200	
		201		204	
		205		208	
		209		212	
		213		216	
		217		220	
		221		224	
		225		228	
		229		232	
		233		236	
		237		240	
		241		244	
		245		248	
		249		252	
		253		256	
		257		260	
		261		264	
		265		268	
		269		272	
		273		276	
		277		280	
		281		284	
		285		288	
		289		292	
		293		296	
		297		300	
		301		304	
		305		308	
		309		312	
		313		316	
		317		320	
		321		324	
		325		328	
		329		332	
		333		336	
		337		340	
		341		344	
		345		348	
		349		352	
		353		356	
		357		360	
		361		364	
		365		368	
		369		372	
		373		376	
		377		380	
		381		384	
		385		388	
		389		392	
		393		396	
		397		400	
		401		404	
		405		408	
		409		412	
		413		416	
		417		420	
		421		424	
		425		428	
		429		432	
		433		436	
		437		440	
		441		444	
		445		448	
	621	52	631	56	303000
		57		61	
		62		66	
		67		71	
		72		76	
		77		81	
		82		86	
	7	7	115	115	00ff00
	8	8	114	114	001000
					003000
point	16	95	00e000
	111	13	
	96	24	
	105	8	
rect	12	320	121	440	001000
tint	15	320	23	333	00ff00	/font/5001/42
	21		29			/font/5001/55
	27		35			/font/5001/49
	33		41			/font/5001/4c
	39		47			/font/5001/44
	45		53			/font/5001/20
	51		59			/font/5001/53
	57		65			/font/5001/48
	63		71			/font/5001/49
	69		77			/font/5001/50
	75		83			/font/5001/53
line	12	342	119	342	009000
tint	15	332	23	345	00ff00	/font/5001/41
	21		29			/font/5001/65
	27		35			/font/5001/6e
	33		41			/font/5001/65
	39		47			/font/5001/61
	45		53			/font/5001/73
	51		59			/font/5001/20
	57		65			/font/5001/41
	63		71			/font/5001/6c
	69		77			/font/5001/70
	75		83			/font/5001/68
	81		89			/font/5001/61
	15	344	23	357	009000	/font/5001/46
	21		29			/font/5001/69
	27		35			/font/5001/67
	33		41			/font/5001/68
	39		47			/font/5001/74
	45		53			/font/5001/65
	51		59			/font/5001/72
line	12	367	12	356	009000
		356	120		
	120			367	005000
		367	12		
rect	13	357	120	367	007000
tint	15	356	23	369	003000	/font/5001/43
	21		29			/font/5001/72
	27		35			/font/5001/75
	33		41			/font/5001/69
	39		47			/font/5001/73
	45		53			/font/5001/65
	51		59			/font/5001/72
	15	368	23	381	009000	/font/5001/54
	21		29			/font/5001/72
	27		35			/font/5001/61
	33		41			/font/5001/6e
	39		47			/font/5001/73
	45		53			/font/5001/70
	51		59			/font/5001/6f
	57		65			/font/5001/72
	63		71			/font/5001/74
	15	380	23	393		/font/5001/45
	21		29			/font/5001/6e
	27		35			/font/5001/67
	33		41			/font/5001/69
	39		47			/font/5001/6e
	45		53			/font/5001/65
	51		59			
	57		65			/font/5001/72
	63		71			/font/5001/20
	69		77			/font/5001/50
	75		83			/font/5001/6f
	81		89			/font/5001/64
line	12	438	119	438	009000
rect	16	450	114	475	001010
line	17	461	17	450	00c0c0
		450	43		
	43			461	007070
		461	17		
rect	18	451	43	461	009090
tint	19	450	27	463	00ffff	/font/5001/52
	25		33			/font/5001/47
	31		39			/font/5001/48
	37		45			/font/5001/54
	43		51			/font/5001/20
	49		57			/font/5001/42
	55		63			/font/5001/75
	61		69			/font/5001/69
	67		75			/font/5001/6c
	73		81			/font/5001/64
line	17	473	17	462	00c0c0
		462	43		
	43			473	007070
		473	17		
rect	18	463	43	473	009090
tint	19	462	27	475	00ffff	/font/5001/4c
	25		33			/font/5001/45
	31		39			/font/5001/46
	37		45			/font/5001/54
	43		51			/font/5001/20
	49		57			/font/5001/4d
	55		63			/font/5001/61
	61		69			/font/5001/69
	67		75			/font/5001/6e
	73		81			/font/5001/20
	79		87			/font/5001/4d
	85		93			/font/5001/65
	91		99			/font/5001/6e
	97		105			/font/5001/75
line	12	191	12	180	ffff00
		180	119		
	119			191	909000
		191	12		
rect	13	181	119	191	c0c000
tint	15	180	23	193	000000	/font/5001/43
	21		29			/font/5001/4f
	27		35			/font/5001/4e
	33		41			/font/5001/54
	39		47			/font/5001/52
	45		53			/font/5001/4f
	51		59			/font/5001/4c
	15	192	23	205	7fff7f	/font/5001/43
	21		29			/font/5001/52
	27		35			/font/5001/55
	33		41			/font/5001/49
	39		47			/font/5001/53
	45		53			/font/5001/45
	51		59			/font/5001/52
draw	16	208	34	222	/sprites/501.SMIV/0
line	14	204	35	204	489048
			14	205	
	35		35		
	14	225		225	
			14	224	
	35		35		
rect	42	206	49	206	003870
				224	0060c0
line	40	204	50	204	00488f
			40	205	
	50		50		
	40	225		225	
			40	224	
	50		50		
rect	55	206	62	206	707000
				224	c0c000
line	53	204	63	204	909000
			53	205	
	63		63		
	53	225		225	
			53	224	
	63		63		
tint	69	204	77	217	7fff7f	/font/5001/50
	75		83			/font/5001/4b
	81		89			/font/5001/42
	87		95			/font/5001/45
	93		101			/font/5001/41
	99		107			/font/5001/4d
	105		113			/font/5001/20
	111		119			/font/5001/31
	69	216	77	229		/font/5001/46
	75		83			/font/5001/20
	81		89			/font/5001/50
	87		95			/font/5001/55
	93		101			/font/5001/4c
	99		107			/font/5001/53
	105		113			/font/5001/45
	12	228	20	241	ff0000	/font/5001/41
	18		26			/font/5001/65
	24		32			/font/5001/6e
	30		38			/font/5001/65
	36		44			/font/5001/61
	42		50			/font/5001/73
	48		56			/font/5001/20
	54		62			/font/5001/42
	60		68			/font/5001/65
	66		74			/font/5001/74
	72		80			/font/5001/61
line	12	263	12	252	007fff
		252	119		
	119			263	00488f
		263	12		
rect	13	253	119	263	0060c0
tint	15	252	23	265	000000	/font/5001/54
	21		29			/font/5001/41
	27		35			/font/5001/52
	33		41			/font/5001/47
	39		47			/font/5001/45
	45		53			/font/5001/54
	15	264	23	277	7fff7f	/font/5001/41
	21		29			/font/5001/65
	27		35			/font/5001/6e
	33		41			/font/5001/65
	39		47			/font/5001/61
	45		53			/font/5001/73
	51		59			/font/5001/20
	57		65			/font/5001/42
	63		71			/font/5001/65
	69		77			/font/5001/74
	75		83			/font/5001/61
draw	16	278	34	296	/sprites/1012.SMIV/0
line	14	276	35	276	489048
			14	277	
	35		35		
	14	297		297	
			14	296	
	35		35		
