point	195	241	d0d0d0
	550	3	b0b0b0
	363	346	808080
	593	91	d0d0d0
	406	258	808080
	451	261	d0d0d0
	580	267	808080
	232	50	
	240	281	
	591	235	
		33	d0d0d0
	310	423	808080
	139	267	b0b0b0
	472	60	808080
	160	262	b0b0b0
	393	281	
	310	417	d0d0d0
	187	189	
	334	202	
	593	225	b0b0b0
	275	179	
	415	112	d0d0d0
	315	464	
	361	165	b0b0b0
	601	465	808080
	208	288	d0d0d0
	388	435	b0b0b0
	453	48	808080
	175	380	b0b0b0
	153	379	
	513	259	
	151	55	808080
	249	51	b0b0b0
	440	13	d0d0d0
	574	407	808080
	152	231	
	239	243	
	277	378	b0b0b0
	520	386	d0d0d0
	483	369	808080
	260	303	
	466	350	b0b0b0
	320	84	808080
	556	470	
	266	181	
	480	442	b0b0b0
	297	355	
	401	24	808080
	384	127	b0b0b0
	385		d0d0d0
	397	246	b0b0b0
	590	98	808080
	585	83	
	604	87	b0b0b0
	145	366	
	281	253	808080
	581	398	b0b0b0
	281	453	
	347	74	808080
	133	403	
	333	203	
	163	279	b0b0b0
	157	15	
	132	66	808080
	265	195	d0d0d0
	436	305	808080
	594	156	
	504	248	
	484	99	d0d0d0
	324	321	
	163	176	808080
	194	326	d0d0d0
	300	171	b0b0b0
	147	87	
	469	406	
	583	339	
	414	420	808080
	201	346	
	453	192	d0d0d0
	553	392	
	440	191	
	482	71	808080
	442	164	d0d0d0
	333	124	b0b0b0
	564	77	
	359	421	d0d0d0
	517	88	808080
	420	453	b0b0b0
	431	39	
	582	476	
	203	44	808080
	569	159	d0d0d0
	470	379	b0b0b0
	435	266	d0d0d0
	474	72	808080
	227	161	b0b0b0
	390	142	d0d0d0
	549	92	
	521	75	b0b0b0
	601	109	808080
	545	478	
	230	296	d0d0d0
	206	128	
	322	263	b0b0b0
	401	340	d0d0d0
	213	349	808080
		32	d0d0d0
	432	451	
	363	1	b0b0b0
	142	362	
	136	30	d0d0d0
	547	395	
	557	14	808080
	321	129	
	145	327	b0b0b0
	455	445	808080
	546	465	
	454	399	b0b0b0
	349	189	d0d0d0
	460	181	808080
	514	51	
	219	43	
	365	306	
	308	399	d0d0d0
	268	322	808080
line	249	0	249	480	005000
	381		381		
	513		513		
	128	66	608	66	
		198		198	
		330		330	
		462		462	
rect	218	337	234	353	009000
	408	194	424	210	900000
triangle	255	326	263	334	00c000
rect	318	270	324	276	00c000
	414	198	420	204	
plus	362	234	372	244	00c000
rect	411	199	413	201	c00000
triangle	405	198	413	206	00c000
rect	416	197	418	199	c00000
	411	196	413	198	00c000
	391	207	393	209	
	421	196	423	198	c00000
	411	201	413	203	
triangle	406	198	414	206	00c000
rect	386	202	388	204	c00000
	411		413		007fff
	412	200	416		ff0000
					00ff00
dither	409	212	464	229	303000
tint	413	216	421	228	000000	/font/5000/43
	420		428			/font/5000/72
	427		435			/font/5000/75
	434		442			/font/5000/69
	441		449			/font/5000/73
	448		456			/font/5000/65
	455		463			/font/5000/72
	412	215	420	227	ffff00	/font/5000/43
	419		427			/font/5000/72
	426		434			/font/5000/75
	433		441			/font/5000/69
	440		448			/font/5000/73
	447		455			/font/5000/65
	454		462			/font/5000/72
dither	416	182	499	199	001830
tint	420	186	428	198	000000	/font/5000/41
	427		435			/font/5000/65
	434		442			/font/5000/6e
	441		449			/font/5000/65
	448		456			/font/5000/61
	455		463			/font/5000/73
	462		470			/font/5000/20
	469		477			/font/5000/42
	476		484			/font/5000/65
	483		491			/font/5000/74
	490		498			/font/5000/61
	419	185	427	197	007fff	/font/5000/41
	426		434			/font/5000/65
	433		441			/font/5000/6e
	440		448			/font/5000/65
	447		455			/font/5000/61
	454		462			/font/5000/73
	461		469			/font/5000/20
	468		476			/font/5000/42
	475		483			/font/5000/65
	482		490			/font/5000/74
	489		497			/font/5000/61
dither	200	50	325	67	003030
tint	204	54	212	66	000000	/font/5000/41
	211		219			/font/5000/75
	218		226			/font/5000/74
	225		233			/font/5000/6f
	232		240			/font/5000/70
	239		247			/font/5000/69
	246		254			/font/5000/6c
	253		261			/font/5000/6f
	260		268			/font/5000/74
	267		275			/font/5000/20
	274		282			/font/5000/45
	281		289			/font/5000/6e
	288		296			/font/5000/67
	295		303			/font/5000/61
	302		310			/font/5000/67
	309		317			/font/5000/65
	316		324			/font/5000/64
	203	53	211	65	00ffff	/font/5000/41
	210		218			/font/5000/75
	217		225			/font/5000/74
	224		232			/font/5000/6f
	231		239			/font/5000/70
	238		246			/font/5000/69
	245		253			/font/5000/6c
	252		260			/font/5000/6f
	259		267			/font/5000/74
	266		274			/font/5000/20
	273		281			/font/5000/45
	280		288			/font/5000/6e
	287		295			/font/5000/67
	294		302			/font/5000/61
	301		309			/font/5000/67
	308		316			/font/5000/65
	315		323			/font/5000/64
line	528	122	513	123	489048
			522	136	
	513	123			204020
draw	0	0	128	480	/pictures/501.png
	608		640		/pictures/512.png
line	614	456	614	359	007fff
		359	622		
	622			456	00488f
		456	614		
rect	615	360	622	456	0070e0
line	614	328	614	231	ffff7f
		231	622		
	622			328	909048
		328	614		
rect	615	232	622	328	e0e070
line	614	200	614	103	ff7f7f
		103	622		
	622			200	904848
		200	614		
rect	615	104	622	200	e07070
line	618	8	629	8	90488f
			618	9	
	629		629		
	618	36		36	
			618	35	
	629		629		
rect	620	10	628	35	703870
		35			c060c0
	634	49	636	52	7fff7f
		53		56	703800
		57		60	
		61		64	
		65		68	
		69		72	183018
		73		76	
		77		80	
		81		84	
		85		88	
		89		92	
		93		96	
		97		100	
		101		104	
		105		108	
		109		112	
		113		116	
		117		120	
		121		124	
		125		128	
		129		132	
		133		136	
		137		140	
		141		144	
		145		148	
		149		152	
		153		156	
		157		160	
		161		164	
		165		168	
		169		172	
		173		176	
		177		180	
		181		184	
		185		188	
		189		192	
		193		196	
		197		200	
		201		204	
		205		208	
		209		212	
		213		216	
		217		220	
		221		224	
		225		228	
		229		232	
		233		236	
		237		240	
		241		244	
		245		248	
		249		252	
		253		256	
		257		260	
		261		264	
		265		268	
		269		272	
		273		276	
		277		280	
		281		284	
		285		288	
		289		292	
		293		296	
		297		300	
		301		304	
		305		308	
		309		312	
		313		316	
		317		320	
		321		324	
		325		328	
		329		332	
		333		336	
		337		340	
		341		344	
		345		348	
		349		352	
		353		356	
		357		360	
		361		364	
		365		368	
		369		372	
		373		376	
		377		380	
		381		384	
		385		388	
		389		392	
		393		396	
		397		400	
		401		404	
		405		408	
		409		412	
		413		416	
		417		420	
		421		424	
		425		428	
		429		432	
		433		436	
		437		440	
		441		444	
		445		448	
	621	52	631	56	303000
		57		61	
		62		66	
		67		71	
		72		76	
		77		81	
		82		86	
	7	7	115	115	00ff00
	8	8	114	114	001000
					003000
point	112	15	00e000
	91	22	
	84	16	
rect	12	320	121	440	001000
tint	15	320	23	333	00ff00	/font/5001/42
	21		29			/font/5001/55
	27		35			/font/5001/49
	33		41			/font/5001/4c
	39		47			/font/5001/44
	45		53			/font/5001/20
	51		59			/font/5001/53
	57		65			/font/5001/48
	63		71			/font/5001/49
	69		77			/font/5001/50
	75		83			/font/5001/53
line	12	342	119	342	009000
tint	15	332	23	345	00ff00	/font/5001/41
	21		29			/font/5001/65
	27		35			/font/5001/6e
	33		41			/font/5001/65
	39		47			/font/5001/61
	45		53			/font/5001/73
	51		59			/font/5001/20
	57		65			/font/5001/41
	63		71			/font/5001/6c
	69		77			/font/5001/70
	75		83			/font/5001/68
	81		89			/font/5001/61
	15	344	23	357	009000	/font/5001/46
	21		29			/font/5001/69
	27		35			/font/5001/67
	33		41			/font/5001/68
	39		47			/font/5001/74
	45		53			/font/5001/65
	51		59			/font/5001/72
line	12	367	12	356	009000
		356	120		
	120			367	005000
		367	12		
rect	13	357	120	367	007000
tint	15	356	23	369	003000	/font/5001/43
	21		29			/font/5001/72
	27		35			/font/5001/75
	33		41			/font/5001/69
	39		47			/font/5001/73
	45		53			/font/5001/65
	51		59			/font/5001/72
	15	368	23	381	009000	/font/5001/54
	21		29			/font/5001/72
	27		35			/font/5001/61
	33		41			/font/5001/6e
	39		47			/font/5001/73
	45		53			/font/5001/70
	51		59			/font/5001/6f
	57		65			/font/5001/72
	63		71			/font/5001/74
	15	380	23	393		/font/5001/45
	21		29			/font/5001/6e
	27		35			/font/5001/67
	33		41			/font/5001/69
	39		47			/font/5001/6e
	45		53			/font/5001/65
	51		59			
	57		65			/font/5001/72
	63		71			/font/5001/20
	69		77			/font/5001/50
	75		83			/font/5001/6f
	81		89			/font/5001/64
line	12	438	119	438	009000
rect	16	450	114	475	001010
line	17	461	17	450	00c0c0
		450	43		
	43			461	007070
		461	17		
rect	18	451	43	461	009090
tint	19	450	27	463	00ffff	/font/5001/52
	25		33			/font/5001/47
	31		39			/font/5001/48
	37		45			/font/5001/54
	43		51			/font/5001/20
	49		57			/font/5001/42
	55		63			/font/5001/75
	61		69			/font/5001/69
	67		75			/font/5001/6c
	73		81			/font/5001/64
line	17	473	17	462	00c0c0
		462	43		
	43			473	007070
		473	17		
rect	18	463	43	473	009090
tint	19	462	27	475	00ffff	/font/5001/4c
	25		33			/font/5001/45
	31		39			/font/5001/46
	37		45			/font/5001/54
	43		51			/font/5001/20
	49		57			/font/5001/4d
	55		63			/font/5001/61
	61		69			/font/5001/69
	67		75			/font/5001/6e
	73		81			/font/5001/20
	79		87			/font/5001/4d
	85		93			/font/5001/65
	91		99			/font/5001/6e
	97		105			/font/5001/75
rect	12	180	120	192	000000
line	12	191	12	180	ffff00
		180	119		
	119			191	909000
		191	12		
rect	13	181	119	191	c0c000
tint	15	180	23	193	000000	/font/5001/43
	21		29			/font/5001/4f
	27		35			/font/5001/4e
	33		41			/font/5001/54
	39		47			/font/5001/52
	45		53			/font/5001/4f
	51		59			/font/5001/4c
rect	12	192	120	204	000000
tint	15	192	23	205	7fff7f	/font/5001/43
	21		29			/font/5001/52
	27		35			/font/5001/55
	33		41			/font/5001/49
	39		47			/font/5001/53
	45		53			/font/5001/45
	51		59			/font/5001/52
rect	14	204	36	226	000000
draw	16	208	34	222	/sprites/501.SMIV/0
line	14	204	35	204	489048
			14	205	
	35		35		
	14	225		225	
			14	224	
	35		35		
rect	40	204	51	226	000000
	42	206	49	207	003870
		207		224	0060c0
line	40	204	50	204	00488f
			40	205	
	50		50		
	40	225		225	
			40	224	
	50		50		
rect	53	204	64	226	000000
	55	206	62	206	707000
				224	c0c000
line	53	204	63	204	909000
			53	205	
	63		63		
	53	225		225	
			53	224	
	63		63		
rect	69	204	120	216	000000
tint	69	204	77	217	7fff7f	/font/5001/50
	75		83			/font/5001/4b
	81		89			/font/5001/42
	87		95			/font/5001/45
	93		101			/font/5001/41
	99		107			/font/5001/4d
	105		113			/font/5001/20
	111		119			/font/5001/31
rect	69	216	120	228	000000
tint	69	216	77	229	7fff7f	/font/5001/46
	75		83			/font/5001/20
	81		89			/font/5001/50
	87		95			/font/5001/55
	93		101			/font/5001/4c
	99		107			/font/5001/53
	105		113			/font/5001/45
rect	69	192	120	204	000000
	12	228		240	
tint	12	228	20	241	ff0000	/font/5001/41
	18		26			/font/5001/65
	24		32			/font/5001/6e
	30		38			/font/5001/65
	36		44			/font/5001/61
	42		50			/font/5001/73
	48		56			/font/5001/20
	54		62			/font/5001/42
	60		68			/font/5001/65
	66		74			/font/5001/74
	72		80			/font/5001/61
rect	12	252	120	264	000000
line	12	263	12	252	007fff
		252	119		
	119			263	00488f
		263	12		
rect	13	253	119	263	0060c0
tint	15	252	23	265	000000	/font/5001/54
	21		29			/font/5001/41
	27		35			/font/5001/52
	33		41			/font/5001/47
	39		47			/font/5001/45
	45		53			/font/5001/54
rect	12	264	120	276	000000
tint	15	264	23	277	7fff7f	/font/5001/41
	21		29			/font/5001/65
	27		35			/font/5001/6e
	33		41			/font/5001/65
	39		47			/font/5001/61
	45		53			/font/5001/73
	51		59			/font/5001/20
	57		65			/font/5001/42
	63		71			/font/5001/65
	69		77			/font/5001/74
	75		83			/font/5001/61
rect	14	276	36	298	000000
draw	16	278	34	296	/sprites/1012.SMIV/0
line	14	276	35	276	489048
			14	277	
	35		35		
	14	297		297	
			14	296	
	35		35		
rect	40	276	51	298	000000
	53		64		
	69		120	288	
		288		300	
	12	300		312	
