point	485	444	808080
	264	375	
	190	435	
	410	112	
	396	387	b0b0b0
	405	37	808080
	227	251	b0b0b0
	395	380	808080
	569	185	
	558	437	
	296	279	b0b0b0
	569	92	
	369	19	808080
	582	320	b0b0b0
	564	323	808080
	265	101	
	532	259	b0b0b0
	478	217	d0d0d0
	300	375	808080
	483	73	d0d0d0
	531	40	b0b0b0
	162	74	808080
	168	153	
	558	402	
	343	103	b0b0b0
	214	59	808080
	244	213	
	403	88	
	418	224	d0d0d0
	430	10	b0b0b0
	593	13	
	196	192	
	563	184	
	421	34	d0d0d0
	521	68	808080
	280	315	b0b0b0
	144	482	808080
	169	317	
	315	286	b0b0b0
	433	346	
	365	87	808080
	268	183	
	269	165	d0d0d0
	332	274	808080
	181	460	b0b0b0
	566	402	d0d0d0
	411	251	
	590	275	b0b0b0
	159	441	808080
	290	180	
	544	105	
	183	157	
	262	30	d0d0d0
	478	29	808080
	178	406	b0b0b0
	421	455	808080
	486	91	
	323	226	b0b0b0
	553	27	808080
	305	388	d0d0d0
	218	343	b0b0b0
	179	434	d0d0d0
	347	348	808080
	368	341	
	145	134	b0b0b0
	422	252	
	564	92	808080
	133	140	b0b0b0
	151	145	808080
	132	445	b0b0b0
	137	10	808080
	285	139	
	570	166	
	138	84	b0b0b0
	381	213	808080
	533	34	
	125	255	
	443	40	b0b0b0
	290	18	
	432	267	
	552	469	808080
	356	409	
	229	97	b0b0b0
	254	155	d0d0d0
	164	84	b0b0b0
	531	435	
	279	192	
	288	104	d0d0d0
	194	21	808080
	391	75	b0b0b0
	346	320	
	308	140	808080
	480	285	
	393	148	d0d0d0
	370	132	b0b0b0
	388	116	d0d0d0
	176	477	808080
	592	125	
	130	190	
	291	383	
	443	475	
	559	167	d0d0d0
	204	406	808080
	188	133	
	435	435	
	595	290	d0d0d0
	576	66	b0b0b0
	160	74	
	402	396	d0d0d0
	216	101	808080
	218	407	b0b0b0
	181	243	808080
	470	471	b0b0b0
	202	74	808080
	589	179	d0d0d0
	348	300	
	212	256	b0b0b0
	325	201	
	130	432	
	263	241	
	488	418	808080
	519	342	
	204	75	d0d0d0
	516	327	b0b0b0
	527	423	
line	128	316	608	316	005000
draw	366	234	374	246	/sprites/513.SMIV/15
dither	132	459	187	476	303000
tint	136	463	144	475	000000	/font/5000/43
	143		151			/font/5000/72
	150		158			/font/5000/75
	157		165			/font/5000/69
	164		172			/font/5000/73
	171		179			/font/5000/65
	178		186			/font/5000/72
	135	462	143	474	ffff00	/font/5000/43
	142		150			/font/5000/72
	149		157			/font/5000/75
	156		164			/font/5000/69
	163		171			/font/5000/73
	170		178			/font/5000/65
	177		185			/font/5000/72
line	222	375	237	372	489048
			226	360	
	237	372			204020
draw	0	0	128	480	/pictures/501.png
	608		640		/pictures/512.png
line	614	456	614	359	007fff
		359	622		
	622			456	00488f
		456	614		
rect	615	360	622	456	0070e0
line	614	328	614	231	909048
		231	622		
	622			328	505028
		328	614		
rect	615	232	622	328	707038
line	614	200	614	103	904848
		103	622		
	622			200	502828
		200	614		
rect	615	104	622	200	703838
line	618	8	629	8	90488f
			618	9	
	629		629		
	618	36		36	
			618	35	
	629		629		
rect	620	10	628	35	703870
		35			c060c0
	634	49	636	52	7fff7f
		53		56	60c060
		57		60	
		61		64	703800
		65		68	
		69		72	183018
		73		76	
		77		80	
		81		84	
		85		88	
		89		92	
		93		96	
		97		100	
		101		104	
		105		108	
		109		112	
		113		116	
		117		120	
		121		124	
		125		128	
		129		132	
		133		136	
		137		140	
		141		144	
		145		148	
		149		152	
		153		156	
		157		160	
		161		164	
		165		168	
		169		172	
		173		176	
		177		180	
		181		184	
		185		188	
		189		192	
		193		196	
		197		200	
		201		204	
		205		208	
		209		212	
		213		216	
		217		220	
		221		224	
		225		228	
		229		232	
		233		236	
		237		240	
		241		244	
		245		248	
		249		252	
		253		256	
		257		260	
		261		264	
		265		268	
		269		272	
		273		276	
		277		280	
		281		284	
		285		288	
		289		292	
		293		296	
		297		300	
		301		304	
		305		308	
		309		312	
		313		316	
		317		320	
		321		324	
		325		328	
		329		332	
		333		336	
		337		340	
		341		344	
		345		348	
		349		352	
		353		356	
		357		360	
		361		364	
		365		368	
		369		372	
		373		376	
		377		380	
		381		384	
		385		388	
		389		392	
		393		396	
		397		400	
		401		404	
		405		408	
		409		412	
		413		416	
		417		420	
		421		424	
		425		428	
		429		432	
		433		436	
		437		440	
		441		444	
		445		448	
	621	52	631	56	303000
		57		61	
		62		66	
		67		71	
		72		76	
		77		81	
		82		86	
	7	7	115	115	00ff00
	8	8	114	114	001000
	59	59	63	63	003000
point	15	70	00e000
	51	65	
	50	66	
	51	69	
	50	66	
	51	69	
		67	
	43	71	
	52	87	
rect	12	320	121	440	001000
tint	15	320	23	333	00ff00	/font/5001/42
	21		29			/font/5001/55
	27		35			/font/5001/49
	33		41			/font/5001/4c
	39		47			/font/5001/44
	45		53			/font/5001/20
	51		59			/font/5001/53
	57		65			/font/5001/48
	63		71			/font/5001/49
	69		77			/font/5001/50
	75		83			/font/5001/53
line	12	342	119	342	009000
tint	15	332	23	345	00ff00	/font/5001/41
	21		29			/font/5001/65
	27		35			/font/5001/6e
	33		41			/font/5001/65
	39		47			/font/5001/61
	45		53			/font/5001/73
	51		59			/font/5001/20
	57		65			/font/5001/41
	63		71			/font/5001/6c
	69		77			/font/5001/70
	75		83			/font/5001/68
	81		89			/font/5001/61
	15	344	23	357		/font/5001/46
	21		29			/font/5001/69
	27		35			/font/5001/67
	33		41			/font/5001/68
	39		47			/font/5001/74
	45		53			/font/5001/65
	51		59			/font/5001/72
line	12	367	12	356	009000
		356	120		
	120			367	005000
		367	12		
rect	13	357	120	367	007000
tint	15	356	23	369	003000	/font/5001/43
	21		29			/font/5001/72
	27		35			/font/5001/75
	33		41			/font/5001/69
	39		47			/font/5001/73
	45		53			/font/5001/65
	51		59			/font/5001/72
	15	368	23	381	009000	/font/5001/54
	21		29			/font/5001/72
	27		35			/font/5001/61
	33		41			/font/5001/6e
	39		47			/font/5001/73
	45		53			/font/5001/70
	51		59			/font/5001/6f
	57		65			/font/5001/72
	63		71			/font/5001/74
	15	380	23	393		/font/5001/45
	21		29			/font/5001/6e
	27		35			/font/5001/67
	33		41			/font/5001/69
	39		47			/font/5001/6e
	45		53			/font/5001/65
	51		59			
	57		65			/font/5001/72
	63		71			/font/5001/20
	69		77			/font/5001/50
	75		83			/font/5001/6f
	81		89			/font/5001/64
line	12	438	119	438	009000
rect	16	450	114	475	001010
line	17	461	17	450	00c0c0
		450	43		
	43			461	007070
		461	17		
rect	18	451	43	461	009090
tint	19	450	27	463	00ffff	/font/5001/52
	25		33			/font/5001/47
	31		39			/font/5001/48
	37		45			/font/5001/54
	43		51			/font/5001/20
	49		57			/font/5001/42
	55		63			/font/5001/75
	61		69			/font/5001/69
	67		75			/font/5001/6c
	73		81			/font/5001/64
line	17	473	17	462	00c0c0
		462	43		
	43			473	007070
		473	17		
rect	18	463	43	473	009090
tint	19	462	27	475	00ffff	/font/5001/4c
	25		33			/font/5001/45
	31		39			/font/5001/46
	37		45			/font/5001/54
	43		51			/font/5001/20
	49		57			/font/5001/4d
	55		63			/font/5001/61
	61		69			/font/5001/69
	67		75			/font/5001/6e
	73		81			/font/5001/20
	79		87			/font/5001/4d
	85		93			/font/5001/65
	91		99			/font/5001/6e
	97		105			/font/5001/75
line	12	191	12	180	ffff00
		180	120		
	120			191	909000
		191	12		
rect	13	181	120	191	c0c000
tint	15	180	23	193	000000	/font/5001/43
	21		29			/font/5001/4f
	27		35			/font/5001/4e
	33		41			/font/5001/54
	39		47			/font/5001/52
	45		53			/font/5001/4f
	51		59			/font/5001/4c
	15	192	23	205	7fff7f	/font/5001/43
	21		29			/font/5001/52
	27		35			/font/5001/55
	33		41			/font/5001/49
	39		47			/font/5001/53
	45		53			/font/5001/45
	51		59			/font/5001/52
draw	16	208	34	222	/sprites/501.SMIV/0
line	14	204	35	204	489048
			14	205	
	35		35		
	14	225		225	
			14	224	
	35		35		
rect	42	206	49	206	003870
				224	0060c0
line	40	204	50	204	00488f
			40	205	
	50		50		
	40	225		225	
			40	224	
	50		50		
rect	55	206	62	207	707000
		207		224	c0c000
line	53	204	63	204	909000
			53	205	
	63		63		
	53	225		225	
			53	224	
	63		63		
tint	69	204	77	217	7fff7f	/font/5001/50
	75		83			/font/5001/4b
	81		89			/font/5001/42
	87		95			/font/5001/45
	93		101			/font/5001/41
	99		107			/font/5001/4d
	105		113			/font/5001/20
	111		119			/font/5001/31
	69	216	77	229		/font/5001/46
	75		83			/font/5001/20
	81		89			/font/5001/50
	87		95			/font/5001/55
	93		101			/font/5001/4c
	99		107			/font/5001/53
	105		113			/font/5001/45
	12	228	20	241	ff0000	/font/5001/41
	18		26			/font/5001/65
	24		32			/font/5001/6e
	30		38			/font/5001/65
	36		44			/font/5001/61
	42		50			/font/5001/73
	48		56			/font/5001/20
	54		62			/font/5001/42
	60		68			/font/5001/65
	66		74			/font/5001/74
	72		80			/font/5001/61
line	12	263	12	252	007fff
		252	120		
	120			263	00488f
		263	12		
rect	13	253	120	263	0060c0
tint	15	252	23	265	000000	/font/5001/54
	21		29			/font/5001/41
	27		35			/font/5001/52
	33		41			/font/5001/47
	39		47			/font/5001/45
	45		53			/font/5001/54
	15	264	23	277	7fff7f	/font/5001/41
	21		29			/font/5001/65
	27		35			/font/5001/6e
	33		41			/font/5001/65
	39		47			/font/5001/61
	45		53			/font/5001/73
	51		59			/font/5001/20
	57		65			/font/5001/42
	63		71			/font/5001/65
	69		77			/font/5001/74
	75		83			/font/5001/61
draw	16	278	34	296	/sprites/1012.SMIV/0
line	14	276	35	276	489048
			14	277	
	35		35		
	14	297		297	
			14	296	
	35		35		
