point	193	291	b0b0b0
	478	150	
	423	219	d0d0d0
	248	408	b0b0b0
	378	309	d0d0d0
	184		
	251	191	b0b0b0
	400	8	
	255	179	d0d0d0
	291	410	b0b0b0
	485	160	808080
	280	151	d0d0d0
	322	3	808080
	306	272	d0d0d0
	334	358	
	407	278	
	468	139	b0b0b0
	452	405	
	197	279	d0d0d0
	509	76	
	173	201	808080
	236	145	b0b0b0
	240	152	d0d0d0
	211	429	
	234	59	808080
	360	12	
	389	442	d0d0d0
	337	61	b0b0b0
	215	299	
	336		d0d0d0
	328	411	b0b0b0
	514	344	d0d0d0
	395	300	808080
	381	79	d0d0d0
	462	49	808080
	605	264	b0b0b0
	348	174	
	481	118	808080
		63	b0b0b0
	235	383	d0d0d0
	354	264	
	389	475	
	305	434	
	229	228	b0b0b0
	455	188	
	560	458	
	576	420	808080
	212	421	
	462	300	b0b0b0
	264	122	
	268	21	
	535	171	d0d0d0
	414	219	808080
	445	229	b0b0b0
	497	409	808080
	331	347	
	603	295	
	369	345	b0b0b0
	234	137	808080
	435	169	
	592	155	d0d0d0
	501	277	
	603	388	b0b0b0
	469	37	808080
	179	131	
	580	60	
	565	183	
	300	121	d0d0d0
	381	346	
	601	472	808080
	293	238	d0d0d0
	505	331	808080
	512	170	d0d0d0
	305	113	b0b0b0
	183	44	d0d0d0
	480	369	b0b0b0
	140	190	808080
	155	229	d0d0d0
	404	309	b0b0b0
	321	148	808080
	516	281	b0b0b0
	377	381	d0d0d0
	399	63	808080
	380	323	b0b0b0
	236	57	808080
	476	376	d0d0d0
	337	11	808080
	277	332	b0b0b0
	551	351	808080
	197	260	d0d0d0
	144	141	
	356	339	808080
	548	306	b0b0b0
	482	311	808080
	459	186	b0b0b0
	250	280	d0d0d0
	503	261	808080
	605	207	b0b0b0
	250	140	
	293	301	808080
	472	334	d0d0d0
	540	406	808080
	160	225	
	602	348	d0d0d0
	251	376	
	520	293	808080
	601	433	d0d0d0
	551	89	b0b0b0
	369	18	d0d0d0
	529	55	b0b0b0
	287	15	808080
	249	416	
	149	81	b0b0b0
	309	217	d0d0d0
	595	413	
	527	61	
	599	197	b0b0b0
	325	100	d0d0d0
	240	398	
	518	372	808080
	560	226	
	323	228	b0b0b0
	591	438	
	580	94	d0d0d0
	564	279	b0b0b0
rect	239	0	240	481	005000
	521		522		
	128	149	609	150	
		431		432	
	346	237	350	241	009000
	344	229	348	233	
	351	232	355	236	
plus	234	420	248	434	00c000
	230	359	236	365	0060c0
	131	424	137	430	
	337	436	343	442	
	206	455	212	461	
	155	322	161	328	
triangle	361	233	373	245	00c000
line	500	91	485	95	489048
			497	106	
	485	95			204020
draw	0	-144	128	624	/pictures/501.png
	608		640		/pictures/512.png
crop	29	159	35	171	8	36	ff0000	/fonts/computer.png
	35		41		40			
	41		47		0			
	102		108		8		ff7f00	
	108		114		40			
	114		120		0			
rect	614	359	615	457	007fff
			623	360	
	622			457	00488f
	614	456			
	615	360	622	456	0070e0
	614	231	615	329	ffff7f
			623	232	
	622			329	909048
	614	328			
	615	232	622	328	e0e070
	614	103	615	201	ff7f7f
			623	104	
	622			201	904848
	614	200			
	615	104	622	200	e07070
	634	49	636	52	7fff7f
		53		56	60c060
		57		60	
		61		64	
		65		68	
		69		72	7fff7f
		73		76	60c060
		77		80	
		81		84	
		85		88	
		89		92	7fff7f
		93		96	60c060
		97		100	
		101		104	
		105		108	
		109		112	7fff7f
		113		116	60c060
		117		120	
		121		124	
		125		128	
		129		132	7fff7f
		133		136	60c060
		137		140	
		141		144	
		145		148	
		149		152	183018
		153		156	
		157		160	
		161		164	
		165		168	
		169		172	
		173		176	
		177		180	
		181		184	
		185		188	
		189		192	
		193		196	
		197		200	
		201		204	
		205		208	
		209		212	
		213		216	
		217		220	
		221		224	
		225		228	
		229		232	
		233		236	
		237		240	
		241		244	
		245		248	
		249		252	
		253		256	
		257		260	
		261		264	
		265		268	
		269		272	
		273		276	
		277		280	
		281		284	
		285		288	
		289		292	
		293		296	
		297		300	
		301		304	
		305		308	
		309		312	
		313		316	
		317		320	
		321		324	
		325		328	
		329		332	
		333		336	
		337		340	
		341		344	
		345		348	
		349		352	
		353		356	
		357		360	
		361		364	
		365		368	
		369		372	
		373		376	
		377		380	
		381		384	
		385		388	
		389		392	
		393		396	
		397		400	
		401		404	
		405		408	
		409		412	
		413		416	
		417		420	
		421		424	
		425		428	
		429		432	
		433		436	
		437		440	
		441		444	
		445		448	
	621	52	631	56	303000
		57		61	
		62		66	
		67		71	
		72		76	
		77		81	
		82		86	
	7	7	115	115	00ff00
	8	8	114	114	001000
					003000
point	51	59	00e000
	50	61	
	49	57	
	53	58	
rect	12	320	121	440	001000
		330	120	331	009000
		354		355	
		438		439	
	16	450	114	475	001010
	17	462	18	474	00c0c0
			44	463	
	43			474	007070
	17	473			
	18	463	43	473	009090
crop	15	320	21	332	104	48	00ff00	/fonts/computer.png
	21		27		72			
	27		33		24	60		
	33		39					
	39		45		72	48		
	45		51		120			
	51		57		112			
	57		63		0	24		
	63		69		24	60		
	69		75		32			
	75		81		8	48		
	81		87		32	60		
	87		93		40			
	93		99		24			
	15	332	21	344	16			
	21		27		40	72		
	27		33		32	84		
	33		39		16			
	39		45		72	72		
	45		51		40			
	51		57		48	84		
	57		63		40	72		
	63		69		0	24		
	69		75		40	72		
	75		81		24	84		
	81		87			72		
	87		93		8			
	93		99		0	84		
	99		105		40	72		
	15	344	21	356	0	84		
	21		27		120	72		
	27		33		32			
	33		39		24	84		
	15	356	21	368	16	60		
	21		27		40	72		
	27		33		24	84		
	33		39			72		
	39		45		40	84		
	45		51			72		
	51		57		32			
	57		63		80	36		
	63		69		0	24		
	69		75			36		
	75		81		120	24		
	81		87		48	36		
	15	368	21	380	96	48		
	21		27		72	72		
	27		33		112			
	33		39		40			
	39		45		16	84		
	45		51		0	24		
	51		57		24	84		
	57		63		40	72		
	63		69		24			
	69		75		40	84		
	75		81		16			
	81		87		40	72		
	87		93		80	36		
	93		99		0	24		
	99		105		112	48		
	19	462	25	474	96		00ffff	
	25		31		40			
	31		37		48			
	37		43		32	60		
	43		49		0	24		
	49		55		104	48		
	55		61		8	72		
	61		67		72			
	67		73		112			
	73		79		0	24		
	79		85		104	48		
	85		91		40	72		
	91		97		112			
	97		103		40	84		
rect	12	180	13	192	ffff00
			121	181	
	120			192	909000
	12	191			
	13	181	120	191	c0c000
crop	15	180	21	192	24	48	000000	/fonts/computer.png
	21		27		120			
	27		33		112			
	33		39		32	60		
	39		45		16			
	45		51		120	48		
	51		57		96			
rect	14	204	36	205	489048
			15	206	
	35		36		
	14	225		226	
		224	15		
	35		36		
	12	252	13	264	007fff
			121	253	
	120			264	00488f
	12	263			
	13	253	120	263	0060c0
crop	15	252	21	264	32	60	000000	/fonts/computer.png
	21		27		8	48		
	27		33		16	60		
	33		39		56	48		
	39		45		40			
	45		51		32	60		
rect	14	276	36	277	489048
			15	278	
	35		36		
	14	297		298	
		296	15		
	35		36		
