point	556	116	b0b0b0
	361	314	
	279	35	808080
	131	86	b0b0b0
	321	70	
	189	80	d0d0d0
	135	381	
	220	194	808080
	223	439	
	174	134	b0b0b0
	175	276	808080
	526	435	
	153	142	
	311	9	d0d0d0
	236	335	808080
	342	283	b0b0b0
	425	277	d0d0d0
	404	271	
	168	334	808080
	418	246	b0b0b0
	416	83	808080
	231	458	
	427	436	
	195	335	b0b0b0
	337	255	d0d0d0
	555	374	808080
	134	115	b0b0b0
	263	183	d0d0d0
	578	124	b0b0b0
	236	311	808080
	211	275	b0b0b0
	196	405	
	171	386	
	134	189	808080
	266	375	
	368	60	
	265	291	d0d0d0
	300	7	b0b0b0
	152	350	808080
	188	34	
	303	412	b0b0b0
	564	242	d0d0d0
	222	438	808080
	592	53	b0b0b0
	338	192	
	414	347	808080
	444	171	b0b0b0
	455	303	808080
	345	42	b0b0b0
	206	400	808080
	554	325	b0b0b0
	323	439	
	133	41	
	262	70	808080
	389	1	d0d0d0
	574	229	808080
	604	111	d0d0d0
	252	54	b0b0b0
	477	19	808080
	265	452	d0d0d0
	363	292	808080
	312	316	d0d0d0
	428	370	
	414	398	808080
	422	13	
	506	380	b0b0b0
	526	186	d0d0d0
	186	169	b0b0b0
	323	97	
	212	420	d0d0d0
	298	224	
	268	2	808080
	517	249	d0d0d0
	272	360	
	438	383	808080
	441	71	d0d0d0
	383	72	808080
	147	133	
	236	211	
	564	30	
	399	17	b0b0b0
	320	391	
	239	379	d0d0d0
	263	159	b0b0b0
	562	360	d0d0d0
	482	63	
	319	428	b0b0b0
	151	18	808080
	504	451	
	185	236	b0b0b0
	237	431	
	599	221	808080
	270	108	
	358	265	d0d0d0
	342	113	b0b0b0
	255	53	d0d0d0
	257	11	b0b0b0
	368	326	808080
	604	444	b0b0b0
	536	183	808080
	313	460	d0d0d0
	302	63	808080
	403	107	
	344	476	
	226	253	b0b0b0
	359	221	
	230	405	
	332	297	808080
	176	421	b0b0b0
	570	384	808080
	223	85	
	492	298	
	164	372	
	268	293	b0b0b0
	364	255	808080
	532	141	d0d0d0
	277	447	808080
	356	410	
	245	257	d0d0d0
	280	275	808080
	322	35	
	206	294	b0b0b0
	359	18	808080
	585	46	d0d0d0
	170	221	
line	359	0	359	480	000050
	128	349	608	349	002850
static	341	215	405	259	ffffff	56	/sprites/646.SMIV/15
draw	554	239	570	255	/sprites/507.SMIV/5
	452	124	460	129	/sprites/513.SMIV/22
	456	181	464	186	/sprites/513.SMIV/21
	539	182	543	184	/sprites/655.SMIV/0
	590	185	598	193	/sprites/655.SMIV/2
	624	204	632	212	/sprites/655.SMIV/4
	572	177	580	183	/sprites/655.SMIV/1
	540	185	560	197	/sprites/548.SMIV/1
	615	178	623	186	/sprites/655.SMIV/2
	466	206	578	298	/sprites/504.SMIV/13
line	225	378	240	375	489048
			229	363	
	240	375			204020
draw	0	0	128	480	/pictures/501.png
	608		640		/pictures/512.png
tint	29	159	37	172	ff0000	/font/5001/31
	35		43			/font/5001/34
	41		49			/font/5001/33
	102		110		ff7f00	/font/5001/31
	108		116			/font/5001/35
	114		122			/font/5001/30
line	614	456	614	359	007fff
		359	622		
	622			456	00488f
		456	614		
rect	615	360	622	456	0070e0
line	614	328	614	231	ffff7f
		231	622		
	622			328	909048
		328	614		
rect	615	232	622	328	e0e070
line	614	200	614	103	ff7f7f
		103	622		
	622			200	904848
		200	614		
rect	615	104	622	200	e07070
	634	49	636	52	7fff7f
		53		56	60c060
		57		60	
		61		64	
		65		68	
		69		72	7fff7f
		73		76	60c060
		77		80	
		81		84	
		85		88	
		89		92	7fff7f
		93		96	60c060
		97		100	
		101		104	
		105		108	
		109		112	7fff7f
		113		116	60c060
		117		120	
		121		124	
		125		128	
		129		132	7fff7f
		133		136	60c060
		137		140	
		141		144	
		145		148	
		149		152	7fff7f
		153		156	183018
		157		160	
		161		164	
		165		168	
		169		172	
		173		176	
		177		180	
		181		184	
		185		188	
		189		192	
		193		196	
		197		200	
		201		204	
		205		208	
		209		212	
		213		216	
		217		220	
		221		224	
		225		228	
		229		232	
		233		236	
		237		240	
		241		244	
		245		248	
		249		252	
		253		256	
		257		260	
		261		264	
		265		268	
		269		272	
		273		276	
		277		280	
		281		284	
		285		288	
		289		292	
		293		296	
		297		300	
		301		304	
		305		308	
		309		312	
		313		316	
		317		320	
		321		324	
		325		328	
		329		332	
		333		336	
		337		340	
		341		344	
		345		348	
		349		352	
		353		356	
		357		360	
		361		364	
		365		368	
		369		372	
		373		376	
		377		380	
		381		384	
		385		388	
		389		392	
		393		396	
		397		400	
		401		404	
		405		408	
		409		412	
		413		416	
		417		420	
		421		424	
		425		428	
		429		432	
		433		436	
		437		440	
		441		444	
		445		448	
	621	52	631	56	303000
		57		61	
		62		66	
		67		71	
		72		76	
		77		81	
		82		86	
	7	7	115	115	00ff00
	8	8	114	114	001000
	57	57	65	65	003000
point	63	71	00e000
	62	74	
	61	69	
	67	62	
	83	55	
	64	60	
	65	71	
	64	61	
	65		
		60	
	66	61	
			
	65	60	
	63	61	
	64		
	62	59	
		60	
rect	12	320	121	440	001000
line	12	330	119	330	009000
tint	15	320	23	333	00ff00	/font/5001/4d
	21		29			/font/5001/49
	27		35			/font/5001/53
	33		41			
	39		47			/font/5001/49
	45		53			/font/5001/4f
	51		59			/font/5001/4e
	57		65			/font/5001/20
	63		71			/font/5001/53
	69		77			/font/5001/54
	75		83			/font/5001/41
	81		89			/font/5001/54
	87		95			/font/5001/55
	93		101			/font/5001/53
	15	332	23	345		/font/5001/52
	21		29			/font/5001/65
	27		35			/font/5001/74
	33		41			/font/5001/72
	39		47			/font/5001/69
	45		53			/font/5001/65
	51		59			/font/5001/76
	57		65			/font/5001/65
	63		71			/font/5001/20
	69		77			/font/5001/65
	75		83			/font/5001/73
	81		89			/font/5001/63
	87		95			/font/5001/61
	93		101			/font/5001/70
	99		107			/font/5001/65
line	12	354	119	354	009000
tint	15	344	23	357	00ff00	/font/5001/70
	21		29			/font/5001/6f
	27		35			/font/5001/64
	33		41			/font/5001/73
	15	356	23	369		/font/5001/52
	21		29			/font/5001/65
	27		35			/font/5001/73
	33		41			/font/5001/63
	39		47			/font/5001/75
	45		53			/font/5001/65
	51		59			/font/5001/64
	57		65			/font/5001/3a
	63		71			/font/5001/20
	69		77			/font/5001/30
	75		83			/font/5001/2f
	81		89			/font/5001/36
	15	368	23	381		/font/5001/4c
	21		29			/font/5001/69
	27		35			/font/5001/6e
	33		41			/font/5001/65
	39		47			/font/5001/72
	45		53			/font/5001/20
	51		59			/font/5001/73
	57		65			/font/5001/65
	63		71			/font/5001/63
	69		77			/font/5001/75
	75		83			/font/5001/72
	81		89			/font/5001/65
	87		95			/font/5001/3a
	93		101			/font/5001/20
	99		107			/font/5001/4e
line	12	438	119	438	009000
rect	16	450	114	475	001010
line	17	473	17	462	00c0c0
		462	43		
	43			473	007070
		473	17		
rect	18	463	43	473	009090
tint	19	462	27	475	00ffff	/font/5001/4c
	25		33			/font/5001/45
	31		39			/font/5001/46
	37		45			/font/5001/54
	43		51			/font/5001/20
	49		57			/font/5001/4d
	55		63			/font/5001/61
	61		69			/font/5001/69
	67		75			/font/5001/6e
	73		81			/font/5001/20
	79		87			/font/5001/4d
	85		93			/font/5001/65
	91		99			/font/5001/6e
	97		105			/font/5001/75
rect	12	180	120	192	000000
line	12	191	12	180	ffff00
		180	119		
	119			191	909000
		191	12		
rect	13	181	119	191	c0c000
tint	15	180	23	193	000000	/font/5001/43
	21		29			/font/5001/4f
	27		35			/font/5001/4e
	33		41			/font/5001/54
	39		47			/font/5001/52
	45		53			/font/5001/4f
	51		59			/font/5001/4c
rect	12	192	120	204	000000
	14	204	36	226	
line	14	204	35	204	489048
			14	205	
	35		35		
	14	225		225	
			14	224	
	35		35		
rect	40	204	51	226	000000
	53		64		
	69		120	216	
		216		228	
		192		204	
	12	228		240	
		252		264	
line	12	263	12	252	007fff
		252	119		
	119			263	00488f
		263	12		
rect	13	253	119	263	0060c0
tint	15	252	23	265	000000	/font/5001/54
	21		29			/font/5001/41
	27		35			/font/5001/52
	33		41			/font/5001/47
	39		47			/font/5001/45
	45		53			/font/5001/54
rect	12	264	120	276	000000
	14	276	36	298	
line	14	276	35	276	489048
			14	277	
	35		35		
	14	297		297	
			14	296	
	35		35		
rect	40	276	51	298	000000
	53		64		
	69		120	288	
		288		300	
		264		276	
	12	300		312	
