point	495	22	d0d0d0
	515	262	b0b0b0
	148	218	808080
	543	287	d0d0d0
	584	52	b0b0b0
	600	365	
	326	372	808080
	515	135	d0d0d0
	201	143	808080
	289	69	d0d0d0
	391	443	
	450	46	b0b0b0
	321	176	d0d0d0
	256	187	808080
	213	39	
	234	267	d0d0d0
	310	165	
	204	236	b0b0b0
	146	38	808080
	523	215	
	149	59	d0d0d0
	208	162	808080
	405	141	
	322	405	
	479	213	b0b0b0
	492	66	
	379	259	808080
	168	71	d0d0d0
	309	308	808080
	213	16	
	279	311	b0b0b0
	532	451	808080
	208	422	b0b0b0
	478	373	808080
	244	79	
	336	243	
	165	327	
	212	42	b0b0b0
	129	54	808080
	468	238	d0d0d0
	364	457	808080
	525	9	d0d0d0
	200	143	808080
	507	355	
	221	310	
	392	52	
	237	206	b0b0b0
	432	8	808080
	522	34	d0d0d0
	184	104	808080
	363	283	b0b0b0
	135	475	d0d0d0
	204	77	b0b0b0
	514	307	
	239	367	d0d0d0
	379	260	b0b0b0
	410	382	
	372	456	808080
	360	66	b0b0b0
	221	374	
	542	475	808080
	425	147	d0d0d0
	229	258	
	391	103	808080
	351	197	
	224	150	b0b0b0
	272	226	
	353	114	d0d0d0
	128	246	808080
	430	350	b0b0b0
	289	202	
	452	476	808080
	506	208	b0b0b0
	220	248	d0d0d0
	415	87	808080
	304	215	
	477	138	d0d0d0
	398	237	b0b0b0
	505	71	
	405	146	
	557	94	
	399	427	
	340	371	808080
	448	195	b0b0b0
	197	213	
	244	212	808080
	247	460	d0d0d0
	422	406	
	482	155	808080
	317	204	d0d0d0
	499	470	808080
	509	63	
	240	292	
	261	233	b0b0b0
	445	164	d0d0d0
	257	208	808080
	554	75	d0d0d0
	346	30	808080
	201	196	d0d0d0
	138	254	
	341	411	808080
	335	246	
	475	180	d0d0d0
	322		808080
	152	423	
	373	184	d0d0d0
	240	428	
	310	1	808080
	410	450	d0d0d0
	304	393	808080
	541	383	
	469	3	
	142	76	
	272	279	d0d0d0
	319	401	
	517	189	b0b0b0
	254	151	808080
	333	114	
	255	307	
	569	442	d0d0d0
	527	295	
	320	330	b0b0b0
	272	201	808080
	541	290	d0d0d0
	506	283	b0b0b0
rect	307	0	308	481	000050
	128	270	609	271	
draw	421	177	437	193	/sprites/573.SMIV/0
	390	294	410	311	/sprites/570.SMIV/1
	346	84	366	101	/sprites/570.SMIV/0
	527	169	547	186	/sprites/570.SMIV/1
	332	221	396	268	/sprites/646.SMIV/3
	304	230	308	232	/sprites/655.SMIV/0
	204	219	212	227	/sprites/655.SMIV/2
	237	237	245	243	/sprites/655.SMIV/1
	151	172	159	178	/sprites/655.SMIV/5
	293	231	313	247	/sprites/548.SMIV/2
	280	247	284	249	/sprites/655.SMIV/0
	174	205	182	213	/sprites/655.SMIV/4
	198	210	206	218	/sprites/655.SMIV/2
line	501	92	486	96	489048
			498	107	
	486	96			204020
draw	0	-144	128	624	/pictures/501.png
	608		640		/pictures/512.png
crop	29	159	35	171	8	36	ff0000	/fonts/computer.png
	35		41		32			
	41		47		24			
	102		108		8		ff7f00	
	108		114		40			
	114		120		0			
rect	614	359	615	457	007fff
			623	360	
	622			457	00488f
	614	456			
	615	360	622	456	0070e0
	614	231	615	329	ffff7f
			623	232	
	622			329	909048
	614	328			
	615	232	622	328	e0e070
	614	103	615	201	ff7f7f
			623	104	
	622			201	904848
	614	200			
	615	104	622	200	e07070
	634	49	636	52	7fff7f
		53		56	60c060
		57		60	
		61		64	
		65		68	
		69		72	7fff7f
		73		76	60c060
		77		80	
		81		84	
		85		88	
		89		92	7fff7f
		93		96	60c060
		97		100	
		101		104	
		105		108	
		109		112	7fff7f
		113		116	60c060
		117		120	
		121		124	
		125		128	
		129		132	7fff7f
		133		136	60c060
		137		140	
		141		144	
		145		148	
		149		152	7fff7f
		153		156	183018
		157		160	
		161		164	
		165		168	
		169		172	
		173		176	
		177		180	
		181		184	
		185		188	
		189		192	
		193		196	
		197		200	
		201		204	
		205		208	
		209		212	
		213		216	
		217		220	
		221		224	
		225		228	
		229		232	
		233		236	
		237		240	
		241		244	
		245		248	
		249		252	
		253		256	
		257		260	
		261		264	
		265		268	
		269		272	
		273		276	
		277		280	
		281		284	
		285		288	
		289		292	
		293		296	
		297		300	
		301		304	
		305		308	
		309		312	
		313		316	
		317		320	
		321		324	
		325		328	
		329		332	
		333		336	
		337		340	
		341		344	
		345		348	
		349		352	
		353		356	
		357		360	
		361		364	
		365		368	
		369		372	
		373		376	
		377		380	
		381		384	
		385		388	
		389		392	
		393		396	
		397		400	
		401		404	
		405		408	
		409		412	
		413		416	
		417		420	
		421		424	
		425		428	
		429		432	
		433		436	
		437		440	
		441		444	
		445		448	
	621	52	631	56	303000
		57		61	
		62		66	
		67		71	
		72		76	
		77		81	
		82		86	
	7	7	115	115	00ff00
	8	8	114	114	001000
	57	57	65	65	003000
point	62	60	00e000
	61	62	
		59	
	83	48	
	60	56	
	63	53	
	60	61	
	64	60	
	60	61	
	58		
	59		
	57	60	
	60	61	
	82	49	
	58	61	
			
	60	43	
		46	
rect	12	320	121	440	001000
		330	120	331	009000
		354		355	
		438		439	
	16	450	114	475	001010
	17	462	18	474	00c0c0
			44	463	
	43			474	007070
	17	473			
	18	463	43	473	009090
crop	15	320	21	332	104	48	00ff00	/fonts/computer.png
	21		27		72			
	27		33		24	60		
	33		39					
	39		45		72	48		
	45		51		120			
	51		57		112			
	57		63		0	24		
	63		69		24	60		
	69		75		32			
	75		81		8	48		
	81		87		32	60		
	87		93		40			
	93		99		24			
	15	332	21	344	16			
	21		27		40	72		
	27		33		32	84		
	33		39		16			
	39		45		72	72		
	45		51		40			
	51		57		48	84		
	57		63		40	72		
	63		69		0	24		
	69		75		40	72		
	75		81		24	84		
	81		87			72		
	87		93		8			
	93		99		0	84		
	99		105		40	72		
	15	344	21	356	0	84		
	21		27		120	72		
	27		33		32			
	33		39		24	84		
	15	356	21	368	16	60		
	21		27		40	72		
	27		33		24	84		
	33		39			72		
	39		45		40	84		
	45		51			72		
	51		57		32			
	57		63		80	36		
	63		69		0	24		
	69		75			36		
	75		81		120	24		
	81		87		48	36		
	15	368	21	380	96	48		
	21		27		72	72		
	27		33		112			
	33		39		40			
	39		45		16	84		
	45		51		0	24		
	51		57		24	84		
	57		63		40	72		
	63		69		24			
	69		75		40	84		
	75		81		16			
	81		87		40	72		
	87		93		80	36		
	93		99		0	24		
	99		105		112	48		
	19	462	25	474	96		00ffff	
	25		31		40			
	31		37		48			
	37		43		32	60		
	43		49		0	24		
	49		55		104	48		
	55		61		8	72		
	61		67		72			
	67		73		112			
	73		79		0	24		
	79		85		104	48		
	85		91		40	72		
	91		97		112			
	97		103		40	84		
rect	12	180	13	192	ffff00
			121	181	
	120			192	909000
	12	191			
	13	181	120	191	c0c000
crop	15	180	21	192	24	48	000000	/fonts/computer.png
	21		27		120			
	27		33		112			
	33		39		32	60		
	39		45		16			
	45		51		120	48		
	51		57		96			
rect	14	204	36	205	489048
			15	206	
	35		36		
	14	225		226	
		224	15		
	35		36		
	12	252	13	264	007fff
			121	253	
	120			264	00488f
	12	263			
	13	253	120	263	0060c0
crop	15	252	21	264	32	60	000000	/fonts/computer.png
	21		27		8	48		
	27		33		16	60		
	33		39		56	48		
	39		45		40			
	45		51		32	60		
rect	14	276	36	277	489048
			15	278	
	35		36		
	14	297		298	
		296	15		
	35		36		
