point	239	167	d0d0d0
	556	205	808080
	251	461	b0b0b0
	201	478	808080
	498	5	
	415	117	d0d0d0
	534	319	b0b0b0
	143	352	
	396	349	808080
	368	247	b0b0b0
	167	469	808080
	213	413	d0d0d0
	130	99	
	521	287	
	529	431	b0b0b0
	562	182	808080
	277	442	b0b0b0
	360	190	
	449	134	808080
	588	368	
	524	22	b0b0b0
	276	239	808080
	471	187	
	389	201	
	194	444	b0b0b0
	327	384	808080
	446	15	
	357	43	b0b0b0
	262	51	
	286	95	808080
	221	453	
	337	93	
	216	319	
	481	298	d0d0d0
	445	338	b0b0b0
	199	82	d0d0d0
	419	324	b0b0b0
	272	446	
	190	25	808080
	259	226	b0b0b0
	314	240	
	129	191	
	386	476	808080
	556	21	b0b0b0
	440	137	d0d0d0
	191	440	
	266	236	808080
	442	156	b0b0b0
	388	77	808080
	251	203	
	393	468	d0d0d0
	269	197	
	517	319	
	452	56	808080
	592	192	
	479	427	
	261	362	
	433	239	b0b0b0
	195	458	808080
	590	381	b0b0b0
	255	293	808080
	457	24	d0d0d0
	200	48	b0b0b0
	356	473	
	550	70	
	544	201	d0d0d0
	290	205	808080
	304	59	
	264	75	d0d0d0
	210	368	808080
	418	18	b0b0b0
	273	354	
	194	457	d0d0d0
	238	239	808080
	482	245	
	134	293	
	606	21	
	352	262	d0d0d0
	288	10	
	143	315	b0b0b0
	357	360	
	328	137	d0d0d0
	408	120	808080
	407	22	
	229	127	d0d0d0
	316	255	b0b0b0
	471	286	
	339	70	808080
	523	10	b0b0b0
	136	227	808080
	141	52	
	529	311	d0d0d0
	195	318	b0b0b0
	231	473	d0d0d0
	147	357	808080
	324	21	
	467	299	b0b0b0
	419	369	d0d0d0
	212	398	808080
	505	9	b0b0b0
	398	371	808080
	296	308	b0b0b0
	420	284	d0d0d0
	132	14	b0b0b0
	297	153	d0d0d0
	507	262	
	248	117	808080
	329	165	
	302	327	
	434	468	b0b0b0
	480	403	
	428	224	
	209	287	808080
	406	2	d0d0d0
	576	396	808080
	378	75	b0b0b0
	469	310	
	254	65	d0d0d0
	523	433	808080
	178	59	
	285	335	b0b0b0
	517	12	d0d0d0
	592	81	b0b0b0
	389	442	d0d0d0
	367	81	b0b0b0
rect	140	0	141	481	000050
	396		397		002850
	128	13	609	14	000050
		269		270	
line	264	240	271	240	ffff7f
draw	353	231	385	248	/sprites/646.SMIV/18
	-1	156	15	173	/sprites/550.SMIV/17
	124	143	142	159	/sprites/550.SMIV/14
	58	224	66	231	/sprites/507.SMIV/4
	59		67		
	63	217	71	224	/sprites/507.SMIV/6
	73	214	81	222	/sprites/507.SMIV/2
	57	221	65	228	/sprites/507.SMIV/0
	60	223	68	230	/sprites/507.SMIV/4
	51	220	57	227	/sprites/507.SMIV/11
	69	224	77	231	/sprites/507.SMIV/10
	65	218	73	225	/sprites/507.SMIV/13
	54	229	60	236	/sprites/507.SMIV/12
		221		228	
	50	226	56	233	/sprites/507.SMIV/11
	65	228	71	235	/sprites/507.SMIV/20
	66	227	72		/sprites/507.SMIV/19
	65	228	73	234	/sprites/507.SMIV/21
			71	235	/sprites/507.SMIV/20
	64		72		/sprites/507.SMIV/22
	65		71		/sprites/507.SMIV/20
			73	234	/sprites/507.SMIV/21
	66	227	72	235	/sprites/507.SMIV/19
	64	228			/sprites/507.SMIV/22
	66	227	74		/sprites/507.SMIV/18
	65	228	73	234	/sprites/507.SMIV/21
	64		72	235	/sprites/507.SMIV/22
	66	227			/sprites/507.SMIV/19
	65	228	71		/sprites/507.SMIV/20
			73	234	/sprites/507.SMIV/21
	223	232	237	246	/sprites/522.SMIV/1
	134	238	148	248	/sprites/522.SMIV/6
	75	242	79	247	/sprites/554.SMIV/1
	53	213	65	223	/sprites/517.SMIV/0
		214	63		/sprites/517.SMIV/1
	59	221	69	230	
	53	218	63	227	
	54	214	64	223	
	59	222	71	232	/sprites/517.SMIV/0
	53	214	63	223	/sprites/517.SMIV/1
	60	223	70	232	
		229		238	
	47	214	92	254	/sprites/504.SMIV/2
	96	242	105	251	/sprites/554.SMIV/7
line	169	240	182	247	489048
				233	
	182	247			204020
draw	0	0	128	480	/pictures/501.png
	608		640		/pictures/512.png
crop	29	159	35	171	8	36	ff0000	/fonts/computer
	35		41					
	41		47		64			
	102		108		8		ff7f00	
	108		114		40			
	114		120		0			
rect	614	359	615	375	00488f
			623	360	
	622			375	002850
	614	374			
	615	360	622	374	003870
	614	375	615	457	007fff
			623	376	
	622			457	00488f
	614	456			
	615	376	622	456	0070e0
	614	231	615	235	909048
			623	232	
	622			235	505028
	614	234			
	615	232	622	234	707038
	614	235	615	329	ffff7f
			623	236	
	622			329	909048
	614	328			
	615	236	622	328	e0e070
	614	103	615	106	904848
			623	104	
	622			106	502828
	614	105			
	615	104	622	105	703838
	614	106	615	201	ff7f7f
			623	107	
	622			201	904848
	614	200			
	615	107	622	200	e07070
	634	49	636	52	7fff7f
		53		56	60c060
		57		60	
		61		64	
		65		68	
		69		72	7fff7f
		73		76	60c060
		77		80	
		81		84	
		85		88	
		89		92	7fff7f
		93		96	60c060
		97		100	
		101		104	
		105		108	
		109		112	7fff7f
		113		116	60c060
		117		120	
		121		124	
		125		128	
		129		132	7fff7f
		133		136	60c060
		137		140	
		141		144	
		145		148	
		149		152	7fff7f
		153		156	60c060
		157		160	
		161		164	183018
		165		168	
		169		172	
		173		176	
		177		180	
		181		184	
		185		188	
		189		192	
		193		196	
		197		200	
		201		204	
		205		208	
		209		212	
		213		216	
		217		220	
		221		224	
		225		228	
		229		232	
		233		236	
		237		240	
		241		244	
		245		248	
		249		252	
		253		256	
		257		260	
		261		264	
		265		268	
		269		272	
		273		276	
		277		280	
		281		284	
		285		288	
		289		292	
		293		296	
		297		300	
		301		304	
		305		308	
		309		312	
		313		316	
		317		320	
		321		324	
		325		328	
		329		332	
		333		336	
		337		340	
		341		344	
		345		348	
		349		352	
		353		356	
		357		360	
		361		364	
		365		368	
		369		372	
		373		376	
		377		380	
		381		384	
		385		388	
		389		392	
		393		396	
		397		400	
		401		404	
		405		408	
		409		412	
		413		416	
		417		420	
		421		424	
		425		428	
		429		432	
		433		436	
		437		440	
		441		444	
		445		448	
	621	52	631	56	303000
		57		61	
		62		66	
		67		71	
		72		76	
		77		81	
		82		86	
	7	7	115	115	00ff00
	8	8	114	114	001000
	52	52	70	70	003000
point	45	51	00e000
	44	53	
	43	49	
	56	61	
	47	58	
	52		
	53	61	
	47	51	
	50	61	
	46	56	
	58	61	
	49		
			
			
			
			
			
			
			
			
	50		
	49		
			
	32	13	
	33	26	
	49	61	
	50		
	49		
			
			
	50		
			
	49		
			
			
	50		
			
			
			
			
			
			
			
			
			
			
			
			
			
			
rect	12	320	121	440	001000
		330	120	331	009000
		354		355	
		438		439	
	16	450	114	475	001010
	17	462	18	474	00c0c0
			44	463	
	43			474	007070
	17	473			
	18	463	43	473	009090
crop	15	320	21	332	104	48	00ff00	/fonts/computer
	21		27		72			
	27		33		24	60		
	33		39					
	39		45		72	48		
	45		51		120			
	51		57		112			
	57		63		0	24		
	63		69		24	60		
	69		75		32			
	75		81		8	48		
	81		87		32	60		
	87		93		40			
	93		99		24			
	15	332	21	344	16			
	21		27		40	72		
	27		33		32	84		
	33		39		16			
	39		45		72	72		
	45		51		40			
	51		57		48	84		
	57		63		40	72		
	63		69		0	24		
	69		75		40	72		
	75		81		24	84		
	81		87			72		
	87		93		8			
	93		99		0	84		
	99		105		40	72		
	15	344	21	356	0	84		
	21		27		120	72		
	27		33		32			
	33		39		24	84		
	15	356	21	368	16	60		
	21		27		40	72		
	27		33		24	84		
	33		39			72		
	39		45		40	84		
	45		51			72		
	51		57		32			
	57		63		80	36		
	63		69		0	24		
	69		75			36		
	75		81		120	24		
	81		87		48	36		
	15	368	21	380	96	48		
	21		27		72	72		
	27		33		112			
	33		39		40			
	39		45		16	84		
	45		51		0	24		
	51		57		24	84		
	57		63		40	72		
	63		69		24			
	69		75		40	84		
	75		81		16			
	81		87		40	72		
	87		93		80	36		
	93		99		0	24		
	99		105		112	48		
	19	462	25	474	96		00ffff	
	25		31		40			
	31		37		48			
	37		43		32	60		
	43		49		0	24		
	49		55		104	48		
	55		61		8	72		
	61		67		72			
	67		73		112			
	73		79		0	24		
	79		85		104	48		
	85		91		40	72		
	91		97		112			
	97		103		40	84		
rect	12	180	13	192	ffff00
			121	181	
	120			192	909000
	12	191			
	13	181	120	191	c0c000
crop	15	180	21	192	24	48	000000	/fonts/computer
	21		27		120			
	27		33		112			
	33		39		32	60		
	39		45		16			
	45		51		120	48		
	51		57		96			
rect	14	204	36	205	489048
			15	206	
	35		36		
	14	225		226	
		224	15		
	35		36		
	12	252	13	264	007fff
			121	253	
	120			264	00488f
	12	263			
	13	253	120	263	0060c0
crop	15	252	21	264	32	60	000000	/fonts/computer
	21		27		8	48		
	27		33		16	60		
	33		39		56	48		
	39		45		40			
	45		51		32	60		
rect	14	276	36	277	489048
			15	278	
	35		36		
	14	297		298	
		296	15		
	35		36		
