point	585	186	d0d0d0
	143	266	
	527	91	b0b0b0
	270	351	
	474	214	d0d0d0
	427	113	808080
	551	391	
	211	152	
	383	392	b0b0b0
	412	304	d0d0d0
	604	176	808080
	218	65	d0d0d0
	445	407	
	317	108	
	353	142	
	162	223	
	530	319	808080
	505	237	
	226	353	b0b0b0
	441	21	d0d0d0
	432	475	b0b0b0
	338	476	808080
	459	317	d0d0d0
	452	439	808080
	483	392	
	307	283	d0d0d0
	188	378	b0b0b0
	451	370	
	356	407	
	348	332	808080
	309	98	d0d0d0
	399	330	808080
	235	114	b0b0b0
	129	128	d0d0d0
	303	375	b0b0b0
	325	469	d0d0d0
	480	102	
	134	187	b0b0b0
	253	262	808080
	499	68	
	383	265	b0b0b0
	220	466	
	448	360	d0d0d0
	440	237	808080
	334	388	d0d0d0
	460	338	808080
	328	473	
	436	109	d0d0d0
	451	314	808080
	313	440	
	541	401	b0b0b0
	501	102	808080
	232	236	b0b0b0
	421	433	d0d0d0
	476	454	808080
	322	83	
	232	119	
	520	33	
	318	216	
	580	3	
	266	50	
	594	127	
	294	404	b0b0b0
	393	222	d0d0d0
	163	399	b0b0b0
	529	251	
	352	442	808080
	366	296	
	393	329	d0d0d0
	240	187	b0b0b0
	387	106	808080
	218	154	
	303	204	b0b0b0
	300	477	808080
	336	282	b0b0b0
	522	316	
	333	27	808080
	543	74	
	171	420	b0b0b0
	197	155	d0d0d0
	225	317	
	336	104	
	173	229	b0b0b0
	144	390	d0d0d0
	314	34	808080
	474	252	
	336	165	
	401	307	
	138	305	d0d0d0
	198	464	808080
	203	289	
	357	256	
	566	224	
	358	446	d0d0d0
	290	115	808080
	207	387	b0b0b0
	243	307	
	561	310	
	344	232	
	601	269	808080
	333	3	d0d0d0
	316	478	
	552	205	808080
	466	439	b0b0b0
	249	219	d0d0d0
	369	159	
	310	355	808080
	392	402	
	541	307	
	365	254	
	477	83	d0d0d0
	494	172	
	470	66	b0b0b0
	387	122	
	577	52	d0d0d0
	426	402	
	562	459	b0b0b0
	579	329	
	520	182	808080
	240	296	
	300	30	
	337	373	b0b0b0
	434	414	d0d0d0
	335	0	b0b0b0
	226	333	d0d0d0
line	267	0	267	480	000050
	523		523		002850
	128	233	608	233	
	312	267	319	265	ffff7f
	356	246	360	245	
	233	252	243	252	
draw	68	443	76	451	/sprites/573.SMIV/0
	31	397	41	405	/sprites/570.SMIV/1
	122	439	132	447	
	355	228	387	250	/sprites/646.SMIV/15
	235	58	255	73	/sprites/550.SMIV/2
	290	276	308	292	/sprites/550.SMIV/8
line	225	378	240	375	489048
			229	363	
	240	375			204020
draw	0	0	128	480	/pictures/501.png
	608		640		/pictures/512.png
crop	29	159	35	171	8	36	ff0000	/fonts/computer
	35		41					
	41		47		24			
	102		108		8		ff7f00	
	108		114		40			
	114		120		0			
line	614	376	614	359	00488f
		359	622		
	622			376	002850
		376	614		
rect	615	360	622	376	003870
line	614	456	614	377	007fff
		377	622		
	622			456	00488f
		456	614		
rect	615	378	622	456	0070e0
line	614	242	614	231	909048
		231	622		
	622			242	505028
		242	614		
rect	615	232	622	242	707038
line	614	328	614	243	ffff7f
		243	622		
	622			328	909048
		328	614		
rect	615	244	622	328	e0e070
line	614	110	614	103	904848
		103	622		
	622			110	502828
		110	614		
rect	615	104	622	110	703838
line	614	200	614	111	ff7f7f
		111	622		
	622			200	904848
		200	614		
rect	615	112	622	200	e07070
	634	49	636	52	7fff7f
		53		56	60c060
		57		60	
		61		64	
		65		68	
		69		72	7fff7f
		73		76	60c060
		77		80	
		81		84	
		85		88	
		89		92	7fff7f
		93		96	60c060
		97		100	
		101		104	
		105		108	
		109		112	7fff7f
		113		116	60c060
		117		120	
		121		124	
		125		128	
		129		132	7fff7f
		133		136	60c060
		137		140	
		141		144	
		145		148	
		149		152	7fff7f
		153		156	60c060
		157		160	
		161		164	
		165		168	183018
		169		172	
		173		176	
		177		180	
		181		184	
		185		188	
		189		192	
		193		196	
		197		200	
		201		204	
		205		208	
		209		212	
		213		216	
		217		220	
		221		224	
		225		228	
		229		232	
		233		236	
		237		240	
		241		244	
		245		248	
		249		252	
		253		256	
		257		260	
		261		264	
		265		268	
		269		272	
		273		276	
		277		280	
		281		284	
		285		288	
		289		292	
		293		296	
		297		300	
		301		304	
		305		308	
		309		312	
		313		316	
		317		320	
		321		324	
		325		328	
		329		332	
		333		336	
		337		340	
		341		344	
		345		348	
		349		352	
		353		356	
		357		360	
		361		364	
		365		368	
		369		372	
		373		376	
		377		380	
		381		384	
		385		388	
		389		392	
		393		396	
		397		400	
		401		404	
		405		408	
		409		412	
		413		416	
		417		420	
		421		424	
		425		428	
		429		432	
		433		436	
		437		440	
		441		444	
		445		448	
	621	52	631	56	303000
		57		61	
		62		66	
		67		71	
		72		76	
		77		81	
		82		86	
	7	7	115	115	00ff00
	8	8	114	114	001000
	52	52	70	70	003000
point	50	69	00e000
	49	71	
	48	67	
	60	61	
	56	55	
	59	62	
	61	61	
	52	69	
	56	61	
rect	12	320	121	440	001000
line	12	330	119	330	009000
crop	15	320	21	332	104	48	00ff00	/fonts/computer
	21		27		72			
	27		33		24	60		
	33		39					
	39		45		72	48		
	45		51		120			
	51		57		112			
	57		63		0	24		
	63		69		24	60		
	69		75		32			
	75		81		8	48		
	81		87		32	60		
	87		93		40			
	93		99		24			
	15	332	21	344	16			
	21		27		40	72		
	27		33		32	84		
	33		39		16			
	39		45		72	72		
	45		51		40			
	51		57		48	84		
	57		63		40	72		
	63		69		0	24		
	69		75		40	72		
	75		81		24	84		
	81		87			72		
	87		93		8			
	93		99		0	84		
	99		105		40	72		
line	12	354	119	354	009000
crop	15	344	21	356	0	84	00ff00	/fonts/computer
	21		27		120	72		
	27		33		32			
	33		39		24	84		
	15	356	21	368	16	60		
	21		27		40	72		
	27		33		24	84		
	33		39			72		
	39		45		40	84		
	45		51			72		
	51		57		32			
	57		63		80	36		
	63		69		0	24		
	69		75			36		
	75		81		120	24		
	81		87		48	36		
	15	368	21	380	96	48		
	21		27		72	72		
	27		33		112			
	33		39		40			
	39		45		16	84		
	45		51		0	24		
	51		57		24	84		
	57		63		40	72		
	63		69		24			
	69		75		40	84		
	75		81		16			
	81		87		40	72		
	87		93		80	36		
	93		99		0	24		
	99		105		112	48		
line	12	438	119	438	009000
rect	16	450	114	475	001010
line	17	473	17	462	00c0c0
		462	43		
	43			473	007070
		473	17		
rect	18	463	43	473	009090
crop	19	462	25	474	96	48	00ffff	/fonts/computer
	25		31		40			
	31		37		48			
	37		43		32	60		
	43		49		0	24		
	49		55		104	48		
	55		61		8	72		
	61		67		72			
	67		73		112			
	73		79		0	24		
	79		85		104	48		
	85		91		40	72		
	91		97		112			
	97		103		40	84		
line	12	191	12	180	ffff00
		180	120		
	120			191	909000
		191	12		
rect	13	181	120	191	c0c000
crop	15	180	21	192	24	48	000000	/fonts/computer
	21		27		120			
	27		33		112			
	33		39		32	60		
	39		45		16			
	45		51		120	48		
	51		57		96			
line	14	204	35	204	489048
			14	205	
	35		35		
	14	225		225	
			14	224	
	35		35		
	12	263	12	252	007fff
		252	120		
	120			263	00488f
		263	12		
rect	13	253	120	263	0060c0
crop	15	252	21	264	32	60	000000	/fonts/computer
	21		27		8	48		
	27		33		16	60		
	33		39		56	48		
	39		45		40			
	45		51		32	60		
line	14	276	35	276	489048
			14	277	
	35		35		
	14	297		297	
			14	296	
	35		35		
