point	485	363	808080
	591	34	
	223	260	b0b0b0
	195	165	
	181	190	d0d0d0
	175	148	b0b0b0
	331	158	808080
	222	416	b0b0b0
	281	29	808080
	155	315	b0b0b0
	482	307	d0d0d0
	425	126	808080
	391	216	b0b0b0
	274	34	
	525	468	808080
	136	41	
	310	86	
	156	114	b0b0b0
	343	20	
	530	425	
	331	242	808080
	441	79	d0d0d0
	420	445	808080
	231	206	
	262	160	
	213	75	b0b0b0
	472	358	808080
	262	14	
	504	102	b0b0b0
	607	158	
	564	20	808080
	147	231	d0d0d0
	251	321	808080
	381	188	d0d0d0
	528	207	b0b0b0
	326	443	808080
	267	295	
	569	433	
	133	379	b0b0b0
	384	92	808080
	491	392	b0b0b0
	435	94	808080
	132	399	
	321	8	d0d0d0
	475	258	
	240	105	808080
	266	472	
	527	345	
	230	82	
	322	430	
	429	2	
	445	187	b0b0b0
	583	250	808080
	597	462	
	256	221	
	352	424	d0d0d0
	370	162	b0b0b0
	249	378	
	143	148	
	427	286	808080
	421	237	d0d0d0
	267	372	
	460	35	808080
	589	168	
	409	66	
	587	414	
	251	396	
	155	21	b0b0b0
	567	203	d0d0d0
	556	184	808080
	597	384	d0d0d0
	453	332	808080
	286	381	
	396	273	
	429	183	b0b0b0
	479	447	
	317	274	808080
	312	345	b0b0b0
	581	316	808080
	547	315	
	320	41	d0d0d0
	216	297	808080
	133	326	b0b0b0
	253	100	d0d0d0
	281	195	b0b0b0
	535	203	d0d0d0
	466	127	808080
	181	203	
	231	13	
	382	156	b0b0b0
	404	375	
	595	238	
	255	393	808080
	168	469	
	466	83	d0d0d0
	323	24	808080
	512	427	d0d0d0
	473	175	808080
	242	328	d0d0d0
	300	360	
	275	48	
	487	104	b0b0b0
	394	437	
	256	463	808080
	508	242	
	133	252	
	232	166	d0d0d0
	194	10	b0b0b0
	321	74	808080
	493	20	
	279	152	d0d0d0
	589	80	
	511	44	
	257	327	808080
	505	450	d0d0d0
	229	447	808080
	356	147	
	438	16	d0d0d0
	347	195	
	499	276	808080
	234		
	271	24	b0b0b0
	477	425	d0d0d0
	140	20	b0b0b0
	189	153	808080
line	338	0	338	480	000050
	594		594		
	128	21	608	21	
		277		277	
	353	347	355	337	ffff7f
	354	280	356	273	
	366	242	369	238	
draw	355	228	387	250	/sprites/646.SMIV/15
	298	324	312	340	/sprites/550.SMIV/18
	274	228	277	231	/sprites/513.SMIV/14
	259	17	263	19	/sprites/513.SMIV/20
line	246	397	260	392	489048
			248	382	
	260	392			204020
draw	0	0	128	480	/pictures/501.png
	608		640		/pictures/512.png
tint	29	159	37	172	ff0000	/font/5001/31
	35		43			
	41		49			/font/5001/33
	102		110		ff7f00	/font/5001/31
	108		116			/font/5001/35
	114		122			/font/5001/30
line	614	376	614	359	00488f
		359	622		
	622			376	002850
		376	614		
rect	615	360	622	376	003870
line	614	456	614	377	007fff
		377	622		
	622			456	00488f
		456	614		
rect	615	378	622	456	0070e0
line	614	246	614	231	909048
		231	622		
	622			246	505028
		246	614		
rect	615	232	622	246	707038
line	614	328	614	247	ffff7f
		247	622		
	622			328	909048
		328	614		
rect	615	248	622	328	e0e070
line	614	117	614	103	904848
		103	622		
	622			117	502828
		117	614		
rect	615	104	622	117	703838
line	614	200	614	118	ff7f7f
		118	622		
	622			200	904848
		200	614		
rect	615	119	622	200	e07070
	634	49	636	52	7fff7f
		53		56	60c060
		57		60	
		61		64	
		65		68	
		69		72	7fff7f
		73		76	60c060
		77		80	
		81		84	
		85		88	
		89		92	7fff7f
		93		96	60c060
		97		100	
		101		104	
		105		108	
		109		112	7fff7f
		113		116	60c060
		117		120	
		121		124	
		125		128	
		129		132	7fff7f
		133		136	60c060
		137		140	
		141		144	
		145		148	
		149		152	7fff7f
		153		156	60c060
		157		160	
		161		164	
		165		168	
		169		172	183018
		173		176	
		177		180	
		181		184	
		185		188	
		189		192	
		193		196	
		197		200	
		201		204	
		205		208	
		209		212	
		213		216	
		217		220	
		221		224	
		225		228	
		229		232	
		233		236	
		237		240	
		241		244	
		245		248	
		249		252	
		253		256	
		257		260	
		261		264	
		265		268	
		269		272	
		273		276	
		277		280	
		281		284	
		285		288	
		289		292	
		293		296	
		297		300	
		301		304	
		305		308	
		309		312	
		313		316	
		317		320	
		321		324	
		325		328	
		329		332	
		333		336	
		337		340	
		341		344	
		345		348	
		349		352	
		353		356	
		357		360	
		361		364	
		365		368	
		369		372	
		373		376	
		377		380	
		381		384	
		385		388	
		389		392	
		393		396	
		397		400	
		401		404	
		405		408	
		409		412	
		413		416	
		417		420	
		421		424	
		425		428	
		429		432	
		433		436	
		437		440	
		441		444	
		445		448	
	621	52	631	56	303000
		57		61	
		62		66	
		67		71	
		72		76	
		77		81	
		82		86	
	7	7	115	115	00ff00
	8	8	114	114	001000
	52	52	70	70	003000
point	64	80	00e000
	32	51	
	31	53	
		49	
	59	64	
	61		
		62	
	34	51	
	61	61	
	58		
	57	53	
rect	12	320	121	440	001000
line	12	330	119	330	009000
tint	15	320	23	333	00ff00	/font/5001/4d
	21		29			/font/5001/49
	27		35			/font/5001/53
	33		41			
	39		47			/font/5001/49
	45		53			/font/5001/4f
	51		59			/font/5001/4e
	57		65			/font/5001/20
	63		71			/font/5001/53
	69		77			/font/5001/54
	75		83			/font/5001/41
	81		89			/font/5001/54
	87		95			/font/5001/55
	93		101			/font/5001/53
	15	332	23	345		/font/5001/52
	21		29			/font/5001/65
	27		35			/font/5001/74
	33		41			/font/5001/72
	39		47			/font/5001/69
	45		53			/font/5001/65
	51		59			/font/5001/76
	57		65			/font/5001/65
	63		71			/font/5001/20
	69		77			/font/5001/65
	75		83			/font/5001/73
	81		89			/font/5001/63
	87		95			/font/5001/61
	93		101			/font/5001/70
	99		107			/font/5001/65
line	12	354	119	354	009000
tint	15	344	23	357	00ff00	/font/5001/70
	21		29			/font/5001/6f
	27		35			/font/5001/64
	33		41			/font/5001/73
	15	356	23	369		/font/5001/52
	21		29			/font/5001/65
	27		35			/font/5001/73
	33		41			/font/5001/63
	39		47			/font/5001/75
	45		53			/font/5001/65
	51		59			/font/5001/64
	57		65			/font/5001/3a
	63		71			/font/5001/20
	69		77			/font/5001/30
	75		83			/font/5001/2f
	81		89			/font/5001/36
	15	368	23	381		/font/5001/4c
	21		29			/font/5001/69
	27		35			/font/5001/6e
	33		41			/font/5001/65
	39		47			/font/5001/72
	45		53			/font/5001/20
	51		59			/font/5001/73
	57		65			/font/5001/65
	63		71			/font/5001/63
	69		77			/font/5001/75
	75		83			/font/5001/72
	81		89			/font/5001/65
	87		95			/font/5001/3a
	93		101			/font/5001/20
	99		107			/font/5001/4e
line	12	438	119	438	009000
rect	16	450	114	475	001010
line	17	473	17	462	00c0c0
		462	43		
	43			473	007070
		473	17		
rect	18	463	43	473	009090
tint	19	462	27	475	00ffff	/font/5001/4c
	25		33			/font/5001/45
	31		39			/font/5001/46
	37		45			/font/5001/54
	43		51			/font/5001/20
	49		57			/font/5001/4d
	55		63			/font/5001/61
	61		69			/font/5001/69
	67		75			/font/5001/6e
	73		81			/font/5001/20
	79		87			/font/5001/4d
	85		93			/font/5001/65
	91		99			/font/5001/6e
	97		105			/font/5001/75
line	12	191	12	180	ffff00
		180	120		
	120			191	909000
		191	12		
rect	13	181	120	191	c0c000
tint	15	180	23	193	000000	/font/5001/43
	21		29			/font/5001/4f
	27		35			/font/5001/4e
	33		41			/font/5001/54
	39		47			/font/5001/52
	45		53			/font/5001/4f
	51		59			/font/5001/4c
line	14	204	35	204	489048
			14	205	
	35		35		
	14	225		225	
			14	224	
	35		35		
	12	263	12	252	007fff
		252	120		
	120			263	00488f
		263	12		
rect	13	253	120	263	0060c0
tint	15	252	23	265	000000	/font/5001/54
	21		29			/font/5001/41
	27		35			/font/5001/52
	33		41			/font/5001/47
	39		47			/font/5001/45
	45		53			/font/5001/54
line	14	276	35	276	489048
			14	277	
	35		35		
	14	297		297	
			14	296	
	35		35		
