line	528	169	528	169	b0b0b0
	355	215	355	215	808080
	265	431	265	431	
	211	55	212	55	b0b0b0
	166	469	167	469	808080
	184	138	184	138	
	440	257	441	257	b0b0b0
	541	84	541	84	
	128	470	128	470	808080
	543	231	544	231	
	529	242	530	242	b0b0b0
	363	279	363	279	808080
	428	109	428	110	
	250	18	250	18	b0b0b0
	241	43	242	43	d0d0d0
	565	90	566	90	
	416	466	416	466	
	459	50	459	50	808080
	487	58	487	58	
	434	374	434	374	
	421	391	421	391	b0b0b0
	136	168	136	169	808080
	168	130	168	130	d0d0d0
	128	265	129	266	b0b0b0
	191	304	191	304	808080
	520	357	520	357	b0b0b0
	134	428	135	428	d0d0d0
	212	333	212	333	808080
	591	77	591	77	
	521	177	521	177	b0b0b0
	448	191	449	191	d0d0d0
	480	216	481	217	
	287	344	288	344	b0b0b0
	394	295	395	295	808080
	215	422	215	422	
	205	6	206	6	d0d0d0
	259	285	259	285	
	439	414	439	414	808080
	164	399	165	399	
	319	304	319	304	d0d0d0
	294	391	294	391	
	521	109	522	109	808080
	506	246	506	246	
	159	80	159	81	b0b0b0
	276	83	276	83	808080
	254	319	254	319	d0d0d0
	364	361	365	361	808080
	435	234	435	234	
	246	476	246	476	
	301	475	301	475	b0b0b0
	365	122	365	122	808080
	315	117	315	117	d0d0d0
	358	176	358	176	808080
	501	321	501	321	
	570	309	570	309	b0b0b0
	335	373	336	373	d0d0d0
	357	268	357	268	808080
	249	49	249	50	b0b0b0
	278	220	278	220	808080
	552	49	552	49	b0b0b0
	603	250	603	250	
	505	267	506	268	d0d0d0
	602	88	602	88	b0b0b0
	182	390	183	390	
	341	43	342	44	
	523	183	524	183	d0d0d0
	598	293	599	293	
	584	271	584	272	b0b0b0
	225	367	226	368	
	316	99	316	99	
	587	272	587	272	808080
	475	233	476	233	d0d0d0
	231	189	231	189	808080
	580	215	581	215	d0d0d0
	497	465	498	465	
	602	358	602	358	808080
	428	275	429	276	b0b0b0
	137	227	138	227	808080
	351	133	351	133	b0b0b0
	232	67	233	67	
	553	189	553	190	808080
	593	226	594	226	b0b0b0
	590	441	590	441	d0d0d0
	258	178	258	178	808080
	364	378	364	378	
	305	139	306	139	b0b0b0
	249	195	249	195	808080
	128	8	129	9	b0b0b0
	551	248	552	248	808080
	524	6	525	6	d0d0d0
	183	172	183	172	808080
	231	135	231	135	
	361	447	362	447	d0d0d0
	509	155	510	155	b0b0b0
	276	297	277	298	d0d0d0
	260	13	260	13	808080
	366	109	366	109	b0b0b0
	389	343	390	343	808080
	150	447	150	447	
	448	65	448	65	
	438	182	439	182	d0d0d0
	450	66	451	66	b0b0b0
	212	157	213	157	
	276	344	277	345	d0d0d0
	235	27	235	27	b0b0b0
	324	351	324	351	808080
	583	216	583	216	b0b0b0
	459	282	459	283	808080
	143	179	144	179	d0d0d0
	287	239	287	239	b0b0b0
	302	76	303	76	808080
	574	392	574	392	
	197	186	197	186	
	456	368	457	368	
	602	116	602	116	
	413	64	413	64	
	589	116	589	117	d0d0d0
	142	191	142	192	808080
	179	221	179	222	
	250	263	250	263	b0b0b0
	169	409	169	409	
	328	140	328	140	808080
	480	234	480	235	d0d0d0
	576	133	577	133	b0b0b0
	605	57	605	57	d0d0d0
rect	196	0	197	481	005000
	316		317		
	436		437		
	556		557		
	128	28	609	29	
		148		149	
		268		269	
		388		389	
	480	184	484	188	009000
	479	181	483	185	
	482	182	486	186	
plus	444	227	458	241	00c000
	545	292	551	298	0060c0
	517	171	523	177	
	524	258	530	264	
triangle	362	234	374	246	00c000
line	550	321	541	309	489048
			535	322	
	541	309			204020
draw	0	-144	128	624	/interfaces/instruments/left.png
	608		640		/interfaces/instruments/right.png
crop	29	159	35	171	8	36	ff0000	/fonts/computer.png
	35		41					
	41		47		24			
	102		108		8		ff7f00	
	108		114		40			
	114		120		0			
rect	614	359	615	377	00488f
			623	360	
	622			377	002850
	614	376			
	615	360	622	376	003870
	614	377	615	457	007fff
			623	378	
	622			457	00488f
	614	456			
	615	378	622	456	0070e0
	614	231	615	283	909048
			623	232	
	622			283	505028
	614	282			
	615	232	622	282	707038
	614	283	615	329	ffff7f
			623	284	
	622			329	909048
	614	328			
	615	284	622	328	e0e070
	614	103	615	113	904848
			623	104	
	622			113	502828
	614	112			
	615	104	622	112	703838
	614	113	615	201	ff7f7f
			623	114	
	622			201	904848
	614	200			
	615	114	622	200	e07070
	634	49	636	52	7fff7f
		53		56	60c060
		57		60	
		61		64	
		65		68	
		69		72	7fff7f
		73		76	60c060
		77		80	
		81		84	
		85		88	
		89		92	7fff7f
		93		96	60c060
		97		100	
		101		104	
		105		108	
		109		112	7fff7f
		113		116	60c060
		117		120	
		121		124	
		125		128	
		129		132	7fff7f
		133		136	60c060
		137		140	
		141		144	
		145		148	
		149		152	7fff7f
		153		156	60c060
		157		160	
		161		164	
		165		168	
		169		172	7fff7f
		173		176	60c060
		177		180	
		181		184	183018
		185		188	
		189		192	
		193		196	
		197		200	
		201		204	
		205		208	
		209		212	
		213		216	
		217		220	
		221		224	
		225		228	
		229		232	
		233		236	
		237		240	
		241		244	
		245		248	
		249		252	
		253		256	
		257		260	
		261		264	
		265		268	
		269		272	
		273		276	
		277		280	
		281		284	
		285		288	
		289		292	
		293		296	
		297		300	
		301		304	
		305		308	
		309		312	
		313		316	
		317		320	
		321		324	
		325		328	
		329		332	
		333		336	
		337		340	
		341		344	
		345		348	
		349		352	
		353		356	
		357		360	
		361		364	
		365		368	
		369		372	
		373		376	
		377		380	
		381		384	
		385		388	
		389		392	
		393		396	
		397		400	
		401		404	
		405		408	
		409		412	
		413		416	
		417		420	
		421		424	
		425		428	
		429		432	
		433		436	
		437		440	
		441		444	
		445		448	
	621	52	631	56	303000
		57		61	
		62		66	
		67		71	
		72		76	
		77		81	
		82		86	
	7	7	115	115	00ff00
	8	8	114	114	001000
					003000
	12	320	121	440	001000
		330	120	331	009000
		354		355	
		438		439	
	16	450	114	475	001010
	17	462	18	474	00c0c0
			44	463	
	43			474	007070
	17	473			
	18	463	43	473	009090
crop	15	320	21	332	104	48	00ff00	/fonts/computer.png
	21		27		72			
	27		33		24	60		
	33		39					
	39		45		72	48		
	45		51		120			
	51		57		112			
	57		63		0	24		
	63		69		24	60		
	69		75		32			
	75		81		8	48		
	81		87		32	60		
	87		93		40			
	93		99		24			
	15	332	21	344	16			
	21		27		40	72		
	27		33		32	84		
	33		39		16			
	39		45		72	72		
	45		51		40			
	51		57		48	84		
	57		63		40	72		
	63		69		0	24		
	69		75		40	72		
	75		81		24	84		
	81		87			72		
	87		93		8			
	93		99		0	84		
	99		105		40	72		
	15	344	21	356	0	84		
	21		27		120	72		
	27		33		32			
	33		39		24	84		
	15	356	21	368	16	60		
	21		27		40	72		
	27		33		24	84		
	33		39			72		
	39		45		40	84		
	45		51			72		
	51		57		32			
	57		63		80	36		
	63		69		0	24		
	69		75		24	36		
	75		81		120	24		
	81		87		48	36		
	15	368	21	380	96	48		
	21		27		72	72		
	27		33		112			
	33		39		40			
	39		45		16	84		
	45		51		0	24		
	51		57		24	84		
	57		63		40	72		
	63		69		24			
	69		75		40	84		
	75		81		16			
	81		87		40	72		
	87		93		80	36		
	93		99		0	24		
	99		105		112	48		
	19	462	25	474	96		00ffff	
	25		31		40			
	31		37		48			
	37		43		32	60		
	43		49		0	24		
	49		55		104	48		
	55		61		8	72		
	61		67		72			
	67		73		112			
	73		79		0	24		
	79		85		104	48		
	85		91		40	72		
	91		97		112			
	97		103		40	84		
rect	12	180	13	192	ffff00
			121	181	
	120			192	909000
	12	191			
	13	181	120	191	c0c000
crop	15	180	21	192	24	48	000000	/fonts/computer.png
	21		27		120			
	27		33		112			
	33		39		32	60		
	39		45		16			
	45		51		120	48		
	51		57		96			
rect	14	204	36	205	489048
			15	206	
	35		36		
	14	225		226	
		224	15		
	35		36		
	12	252	13	264	007fff
			121	253	
	120			264	00488f
	12	263			
	13	253	120	263	0060c0
crop	15	252	21	264	32	60	000000	/fonts/computer.png
	21		27		8	48		
	27		33		16	60		
	33		39		56	48		
	39		45		40			
	45		51		32	60		
rect	14	276	36	277	489048
			15	278	
	35		36		
	14	297		298	
		296	15		
	35		36		
