line	569	280	570	279	b0b0b0
	279	134	279	131	d0d0d0
	399	356	400	355	b0b0b0
	541	105	542	104	808080
	284	291	285	289	b0b0b0
	280	203	280	202	808080
	482	465	482	464	
	176	301	176	300	
	278	46	279	44	d0d0d0
	370	362	371	360	b0b0b0
	258	213	258	212	808080
	228	342	228	340	b0b0b0
	295	220	295	219	808080
	333	227	333	225	d0d0d0
	441	387	441	385	
	200	240	201	238	
	393	317	394	315	b0b0b0
	189	438	189	437	808080
	165	205	165	203	d0d0d0
	293	293	293	291	
	499	217	500	216	b0b0b0
	317	290	317	289	808080
	240	125	241	123	b0b0b0
	583	105	584	104	
	411	194	411	192	d0d0d0
	182	10	183	8	
	557	193	557	192	808080
	311	281	312	280	
	427	45	428	44	
	172	132	173	130	d0d0d0
	393	81	393	80	808080
	187	399	187	397	b0b0b0
	335	257	335	256	
	361	467	361	465	d0d0d0
	225	180	226	178	
	589	290	589	288	b0b0b0
	266	206	267	205	
	199	107	199	106	808080
	143	54	143	53	
	555	332	556	331	b0b0b0
	228	348	228	347	808080
	169	386	170	384	d0d0d0
	298	441	298	439	b0b0b0
	492	328	492	327	808080
	315	303	315	302	
	585	477	585	476	
	552	267	552	266	
	595	33	595	32	
	496	57	496	56	
	169	289	170	287	d0d0d0
	452	418	453	417	b0b0b0
	399	453	400	451	d0d0d0
	183	46	184	45	b0b0b0
	205	105	206	103	d0d0d0
	604	461	605	460	808080
	574	271	574	270	
	398	427	398	425	d0d0d0
	239	255	239	254	b0b0b0
	394	232	394	230	
	546	99	547	97	d0d0d0
	368	470	369	469	808080
	295	446	296	445	
	309	349	310	348	
	472	287	472	285	d0d0d0
	241	27	241	26	808080
	449	69	450	68	
	419	84	420	82	d0d0d0
	535	377	536	375	b0b0b0
	200	354	200	353	
	330	317	330	315	d0d0d0
	310	109	310	108	808080
	164	180	164	179	
	336	247	336	246	
	436	395	436	394	
	433	332	434	330	d0d0d0
	343	461	343	460	808080
	356	157	356	156	
	529	154	530	152	d0d0d0
	192	449	192	448	808080
	450	432	451	431	
	242	1	243	-1	d0d0d0
	530	306	531	304	
	457	182	457	181	808080
	441	320	441	319	
	584	12	585	10	b0b0b0
	341	197	341	196	808080
	368	381	368	380	
	290	61	290	59	
	589	60	589		
	285	239	285	238	
	429	367	429	366	
	484	365	484	363	d0d0d0
	328	58	328	57	808080
	468	405	468	404	
	449	188	449	185	d0d0d0
	335	347	336	346	b0b0b0
	383	184	383	183	808080
	255	218	255	217	
	581	29	581	28	
	542	296	542	294	b0b0b0
	197	370	197	369	808080
	476	393	476	391	d0d0d0
	528	351	528	350	808080
	542	386	542	385	
	264	437	265	434	d0d0d0
	544	459	545	458	808080
	310	58	310	57	
	569	143	569	142	
	431	113	431	112	
	287	24	287	23	b0b0b0
	600	217	601	215	
	134	190	135	189	808080
	235	435	235	434	b0b0b0
	566	322	566	320	d0d0d0
	469	230	469	229	808080
	519	159	519	158	
	364	98	364	97	
	542	430	543	429	
	593	186	594	185	b0b0b0
	495	475	496	473	
	569	379	570	377	
	453	297	454	295	
	298	344	299	342	d0d0d0
	466	99	466	98	808080
	427	331	427	330	
rect	283	0	284	481	000050
	531		532		
	128	205	609	206	002850
		453		454	000050
draw	389	122	396	128	/sprites/ele/etc/escape-pod%9
	351	230	378	253	/sprites/ish/hvd%2
line	466	67	453	75	489048
			466	83	
	453	75			204020
draw	0	-144	128	624	/interfaces/instruments/left.png
	608		640		/interfaces/instruments/right.png
crop	29	159	35	171	8	36	ff0000	/fonts/computer.png
	35		41					
	41		47		24			
	102		108		8		ff7f00	
	108		114		40			
	114		120		0			
rect	614	359	615	377	00488f
			623	360	
	622			377	002850
	614	376			
	615	360	622	376	003870
	614	377	615	457	007fff
			623	378	
	622			457	00488f
	614	456			
	615	378	622	456	0070e0
	614	231	615	290	909048
			623	232	
	622			290	505028
	614	289			
	615	232	622	289	707038
	614	290	615	329	ffff7f
			623	291	
	622			329	909048
	614	328			
	615	291	622	328	e0e070
	614	103	615	109	904848
			623	104	
	622			109	502828
	614	108			
	615	104	622	108	703838
	614	109	615	201	ff7f7f
			623	110	
	622			201	904848
	614	200			
	615	110	622	200	e07070
	634	49	636	52	7fff7f
		53		56	60c060
		57		60	
		61		64	
		65		68	
		69		72	7fff7f
		73		76	60c060
		77		80	
		81		84	
		85		88	
		89		92	7fff7f
		93		96	60c060
		97		100	
		101		104	
		105		108	
		109		112	7fff7f
		113		116	60c060
		117		120	
		121		124	
		125		128	
		129		132	7fff7f
		133		136	60c060
		137		140	
		141		144	
		145		148	
		149		152	7fff7f
		153		156	60c060
		157		160	
		161		164	
		165		168	
		169		172	7fff7f
		173		176	60c060
		177		180	
		181		184	
		185		188	183018
		189		192	
		193		196	
		197		200	
		201		204	
		205		208	
		209		212	
		213		216	
		217		220	
		221		224	
		225		228	
		229		232	
		233		236	
		237		240	
		241		244	
		245		248	
		249		252	
		253		256	
		257		260	
		261		264	
		265		268	
		269		272	
		273		276	
		277		280	
		281		284	
		285		288	
		289		292	
		293		296	
		297		300	
		301		304	
		305		308	
		309		312	
		313		316	
		317		320	
		321		324	
		325		328	
		329		332	
		333		336	
		337		340	
		341		344	
		345		348	
		349		352	
		353		356	
		357		360	
		361		364	
		365		368	
		369		372	
		373		376	
		377		380	
		381		384	
		385		388	
		389		392	
		393		396	
		397		400	
		401		404	
		405		408	
		409		412	
		413		416	
		417		420	
		421		424	
		425		428	
		429		432	
		433		436	
		437		440	
		441		444	
		445		448	
	621	52	631	56	303000
		57		61	
		62		66	
		67		71	
		72		76	
		77		81	
		82		86	
	7	7	115	115	00ff00
	8	8	114	114	001000
	52	52	72	72	003000
point	61	57	00e000
rect	12	320	121	440	001000
		330	120	331	009000
		354		355	
		438		439	
	16	450	114	475	001010
	17	462	18	474	00c0c0
			44	463	
	43			474	007070
	17	473			
	18	463	43	473	009090
crop	15	320	21	332	104	48	00ff00	/fonts/computer.png
	21		27		72			
	27		33		24	60		
	33		39					
	39		45		72	48		
	45		51		120			
	51		57		112			
	57		63		0	24		
	63		69		24	60		
	69		75		32			
	75		81		8	48		
	81		87		32	60		
	87		93		40			
	93		99		24			
	15	332	21	344	16			
	21		27		40	72		
	27		33		32	84		
	33		39		16			
	39		45		72	72		
	45		51		40			
	51		57		48	84		
	57		63		40	72		
	63		69		0	24		
	69		75		40	72		
	75		81		24	84		
	81		87			72		
	87		93		8			
	93		99		0	84		
	99		105		40	72		
	15	344	21	356	0	84		
	21		27		120	72		
	27		33		32			
	33		39		24	84		
	15	356	21	368	16	60		
	21		27		40	72		
	27		33		24	84		
	33		39			72		
	39		45		40	84		
	45		51			72		
	51		57		32			
	57		63		80	36		
	63		69		0	24		
	69		75		32	36		
	75		81		120	24		
	81		87		48	36		
	15	368	21	380	96	48		
	21		27		72	72		
	27		33		112			
	33		39		40			
	39		45		16	84		
	45		51		0	24		
	51		57		24	84		
	57		63		40	72		
	63		69		24			
	69		75		40	84		
	75		81		16			
	81		87		40	72		
	87		93		80	36		
	93		99		0	24		
	99		105		112	48		
	19	462	25	474	96		00ffff	
	25		31		40			
	31		37		48			
	37		43		32	60		
	43		49		0	24		
	49		55		104	48		
	55		61		8	72		
	61		67		72			
	67		73		112			
	73		79		0	24		
	79		85		104	48		
	85		91		40	72		
	91		97		112			
	97		103		40	84		
rect	12	180	13	192	ffff00
			121	181	
	120			192	909000
	12	191			
	13	181	120	191	c0c000
crop	15	180	21	192	24	48	000000	/fonts/computer.png
	21		27		120			
	27		33		112			
	33		39		32	60		
	39		45		16			
	45		51		120	48		
	51		57		96			
rect	14	204	36	205	489048
			15	206	
	35		36		
	14	225		226	
		224	15		
	35		36		
	12	252	13	264	007fff
			121	253	
	120			264	00488f
	12	263			
	13	253	120	263	0060c0
crop	15	252	21	264	32	60	000000	/fonts/computer.png
	21		27		8	48		
	27		33		16	60		
	33		39		56	48		
	39		45		40			
	45		51		32	60		
rect	14	276	36	277	489048
			15	278	
	35		36		
	14	297		298	
		296	15		
	35		36		
