line	518	447	518	447	808080
	396	228	396	228	d0d0d0
	370	37	370	37	808080
	445	222	445	222	
	426	243	426	243	
	473	155	473	155	d0d0d0
	544	213	544	213	
	554	420	554	420	b0b0b0
	359	298	359	298	808080
	587	8	588	8	b0b0b0
	604	165	605	165	808080
	452	66	452	66	
	541	12	542	12	b0b0b0
	396	107	396	107	
	571	29	571	29	d0d0d0
	422	246	422	246	b0b0b0
	586	412	586	412	
	165	63	165	63	d0d0d0
	272	56	272	56	808080
	554	322	554	322	
	390	150	390	150	b0b0b0
	384	400	384	400	808080
	560	361	560	361	b0b0b0
	538	205	538	205	808080
	301	292	301	292	
	129	370	130	370	d0d0d0
	567	47	567	47	808080
	145	392	145	392	
	381	162	381	162	
	461	146	461	146	
	488	417	488	417	d0d0d0
	372	383	372	383	
	298	431	298	431	b0b0b0
	505	306	505	306	
	258	238	258	238	d0d0d0
	312	224	312	224	808080
	455	70	455	70	
	262	340	262	340	
	455	127	455	127	
	138	335	138	336	
	502	190	502	190	
	423	303	423	303	
	256	283	256	283	b0b0b0
	527	420	527	420	808080
	529	412	529	412	
	309	114	309	114	
	135	289	135	289	d0d0d0
	591	142	591	142	
	445	35	446	35	b0b0b0
	373	279	373	279	808080
	467	54	467	54	
	212	107	212	107	
	295		296		b0b0b0
	416	413	416	413	
	371	99	371	99	808080
	460	292	460	292	d0d0d0
	499	69	499	69	808080
	554	83	554	83	
	544	141	544	141	b0b0b0
	162	2	162	2	
	151	356	151	356	808080
	430	85	430	85	
	536	274	537	274	d0d0d0
	203	472	203	472	808080
	294	163	294	163	d0d0d0
	596	168	596	168	b0b0b0
	389	465	389	465	d0d0d0
	134	314	134	314	b0b0b0
	398	26	398	26	808080
	152	338	152	338	b0b0b0
	379	110	380	110	
	303	437	303	437	
	295	248	295	248	d0d0d0
	564	346	564	346	808080
	425	35	425	35	
	450	445	450	445	
	491	177	492	177	b0b0b0
	581	59	581	59	808080
	239	257	240	257	b0b0b0
	496	54	496	54	d0d0d0
	178	66	178	66	808080
	369	86	369	86	d0d0d0
	445	212	445	212	b0b0b0
	535	431	535	431	808080
	407	364	407	364	
	333	234	333	234	b0b0b0
	433	266	433	266	
	573	2	573	2	d0d0d0
	385	177	385	177	808080
	477	224	477	224	d0d0d0
	387	450	388	450	
	498	51	498	51	b0b0b0
	246	175	246	175	808080
	561	274	561	274	d0d0d0
	276	267	276	267	808080
	210	341	210	341	
	364	214	364	214	b0b0b0
	484	5	484	5	
	252	417	253	417	
	256	234	256	234	808080
	413	134	413	134	b0b0b0
	587	16	587	16	808080
	474	104	475	104	b0b0b0
	406	244	406	244	d0d0d0
	247	383	247	383	b0b0b0
	506	308	506	308	808080
	200	36	201	36	b0b0b0
	462	258	463	258	808080
	351	114	352	114	b0b0b0
	458	410	458	410	d0d0d0
	455	51	455	51	
	143	310	143	310	
	344	325	344	326	808080
	248	69	248	69	
	308	279	308	279	b0b0b0
	228	180	229	180	
	321	215	321	215	808080
	128	52	128	52	
	335	230	335	230	
	161	154	162	154	b0b0b0
	318	18	318	18	808080
	235	269	235	269	
	570	258	570	258	
	509	462	509	462	
	189	240	189	240	d0d0d0
rect	213	0	214	481	005000
	343		344		
	473		474		
	603		604		
	128	55	609	56	
		185		186	
		315		316	
		445		446	
	261	94	265	98	009000
		91		95	
	264	92	268	96	
plus	226	134	240	148	00c000
	311	59	317	65	0060c0
triangle	361	233	373	245	00c000
line	566	252	553	244	489048
			552	259	
	553	244			204020
draw	0	0	128	480	/pictures/501.png
	608		640		/pictures/512.png
crop	29	159	35	171	8	36	ff0000	/fonts/computer
	35		41					
	41		47		24			
	102		108		8		ff7f00	
	108		114		40			
	114		120		0			
rect	614	359	615	377	00488f
			623	360	
	622			377	002850
	614	376			
	615	360	622	376	003870
	614	377	615	457	007fff
			623	378	
	622			457	00488f
	614	456			
	615	378	622	456	0070e0
	614	231	615	302	909048
			623	232	
	622			302	505028
	614	301			
	615	232	622	301	707038
	614	302	615	329	ffff7f
			623	303	
	622			329	909048
	614	328			
	615	303	622	328	e0e070
	614	103	615	109	904848
			623	104	
	622			109	502828
	614	108			
	615	104	622	108	703838
	614	109	615	201	ff7f7f
			623	110	
	622			201	904848
	614	200			
	615	110	622	200	e07070
	634	49	636	52	7fff7f
		53		56	60c060
		57		60	
		61		64	
		65		68	
		69		72	7fff7f
		73		76	60c060
		77		80	
		81		84	
		85		88	
		89		92	7fff7f
		93		96	60c060
		97		100	
		101		104	
		105		108	
		109		112	7fff7f
		113		116	60c060
		117		120	
		121		124	
		125		128	
		129		132	7fff7f
		133		136	60c060
		137		140	
		141		144	
		145		148	
		149		152	7fff7f
		153		156	60c060
		157		160	
		161		164	
		165		168	
		169		172	7fff7f
		173		176	60c060
		177		180	
		181		184	
		185		188	
		189		192	183018
		193		196	
		197		200	
		201		204	
		205		208	
		209		212	
		213		216	
		217		220	
		221		224	
		225		228	
		229		232	
		233		236	
		237		240	
		241		244	
		245		248	
		249		252	
		253		256	
		257		260	
		261		264	
		265		268	
		269		272	
		273		276	
		277		280	
		281		284	
		285		288	
		289		292	
		293		296	
		297		300	
		301		304	
		305		308	
		309		312	
		313		316	
		317		320	
		321		324	
		325		328	
		329		332	
		333		336	
		337		340	
		341		344	
		345		348	
		349		352	
		353		356	
		357		360	
		361		364	
		365		368	
		369		372	
		373		376	
		377		380	
		381		384	
		385		388	
		389		392	
		393		396	
		397		400	
		401		404	
		405		408	
		409		412	
		413		416	
		417		420	
		421		424	
		425		428	
		429		432	
		433		436	
		437		440	
		441		444	
		445		448	
	621	52	631	56	303000
		57		61	
		62		66	
		67		71	
		72		76	
		77		81	
		82		86	
	7	7	115	115	00ff00
	8	8	114	114	001000
					003000
	12	320	121	440	001000
		330	120	331	009000
crop	15	320	21	332	104	48	00ff00	/fonts/computer
	21		27		72			
	27		33		24	60		
	33		39					
	39		45		72	48		
	45		51		120			
	51		57		112			
	57		63		0	24		
	63		69		24	60		
	69		75		32			
	75		81		8	48		
	81		87		32	60		
	87		93		40			
	93		99		24			
	15	332	21	344	16			
	21		27		40	72		
	27		33		32	84		
	33		39		16			
	39		45		72	72		
	45		51		40			
	51		57		48	84		
	57		63		40	72		
	63		69		0	24		
	69		75		40	72		
	75		81		24	84		
	81		87			72		
	87		93		8			
	93		99		0	84		
	99		105		40	72		
rect	12	354	120	355	009000
crop	15	344	21	356	0	84	00ff00	/fonts/computer
	21		27		120	72		
	27		33		32			
	33		39		24	84		
	15	356	21	368	16	60		
	21		27		40	72		
	27		33		24	84		
	33		39			72		
	39		45		40	84		
	45		51			72		
	51		57		32			
	57		63		80	36		
	63		69		0	24		
	69		75		40	36		
	75		81		120	24		
	81		87		48	36		
	15	368	21	380	96	48		
	21		27		72	72		
	27		33		112			
	33		39		40			
	39		45		16	84		
	45		51		0	24		
	51		57		24	84		
	57		63		40	72		
	63		69		24			
	69		75		40	84		
	75		81		16			
	81		87		40	72		
	87		93		80	36		
	93		99		0	24		
	99		105		112	48		
rect	12	438	120	439	009000
	16	450	114	475	001010
	17	462	18	474	00c0c0
			44	463	
	43			474	007070
	17	473			
	18	463	43	473	009090
crop	19	462	25	474	96	48	00ffff	/fonts/computer
	25		31		40			
	31		37		48			
	37		43		32	60		
	43		49		0	24		
	49		55		104	48		
	55		61		8	72		
	61		67		72			
	67		73		112			
	73		79		0	24		
	79		85		104	48		
	85		91		40	72		
	91		97		112			
	97		103		40	84		
rect	12	180	13	192	ffff00
			121	181	
	120			192	909000
	12	191			
	13	181	120	191	c0c000
crop	15	180	21	192	24	48	000000	/fonts/computer
	21		27		120			
	27		33		112			
	33		39		32	60		
	39		45		16			
	45		51		120	48		
	51		57		96			
rect	14	204	36	205	489048
			15	206	
	35		36		
	14	225		226	
		224	15		
	35		36		
	12	252	13	264	007fff
			121	253	
	120			264	00488f
	12	263			
	13	253	120	263	0060c0
crop	15	252	21	264	32	60	000000	/fonts/computer
	21		27		8	48		
	27		33		16	60		
	33		39		56	48		
	39		45		40			
	45		51		32	60		
rect	14	276	36	277	489048
			15	278	
	35		36		
	14	297		298	
		296	15		
	35		36		
