line	550	76	550	77	d0d0d0
	360	89	360	89	b0b0b0
	371	251	371	251	808080
	593	73	592	73	b0b0b0
	404	249	404	250	
	473	409	472	409	808080
	460	360	459	360	
	556	433	556	433	
	243	339	243	339	
	409	229	409	230	
	187	165	187	166	b0b0b0
	263	356	263	356	808080
	467	64	467	64	
	398	186	398	186	
	576	356	576	356	b0b0b0
	238	109	238	110	
	520	245	520	246	d0d0d0
	582	208	582	208	808080
	425	330	425	330	b0b0b0
	590	429	589	429	d0d0d0
	243	254	243	254	b0b0b0
	485	382	485	383	808080
	193	230	193	231	
	584	436	583	436	b0b0b0
	403	254	403	255	d0d0d0
	456	9	456	9	808080
	426	43	426	44	b0b0b0
	380	133	380	134	808080
	384	145	384	146	d0d0d0
	600	106	600	107	
	528	347	528	348	b0b0b0
	432	9	432	9	808080
	388	178	388	179	b0b0b0
	408	32	408	32	
	353	162	353	162	d0d0d0
	400	200	400	200	808080
	395	266	395	267	b0b0b0
	498	311	498	312	808080
	593	152	592	152	b0b0b0
	406	184	405	184	d0d0d0
	443	291	443	292	808080
	537	455	537	456	b0b0b0
	305	191	305	192	d0d0d0
	252	289	252	290	
	401	77	401	78	808080
	529	9	529	10	
	206	53	206	53	
	449	39	449	39	
	407	27	407	28	b0b0b0
	144	410	144	411	d0d0d0
	409	332	409	333	
	538	119	538	119	808080
	298	469	298	469	
	231	419	231	420	
	504	20	504	21	d0d0d0
	329	429	328	429	808080
	236	398	236	398	d0d0d0
	163	122	163	123	b0b0b0
	334	172	334	172	808080
	297	191	296	191	b0b0b0
	266	193	266	193	808080
	567	21	567	21	
	456	367	456	367	d0d0d0
	235	218	235	219	808080
	584	300	583	300	b0b0b0
	331	62	331	63	808080
	303	131	303	132	d0d0d0
	556	471	556	472	
	488	307	488	308	808080
	189	122	189	123	d0d0d0
	225	152	225	153	
	259	186	258	186	b0b0b0
	601		601		808080
	306	394	306	395	d0d0d0
	594	431	594	431	808080
	337	45	337	46	b0b0b0
	203	300	203	300	808080
	545	95	545	95	b0b0b0
	308	204	308	205	808080
	562	101	562	101	d0d0d0
	205	241	204	241	
	229	30	229	31	808080
	522	93	522	94	d0d0d0
	180	340	180	340	808080
	515	450	514	450	
	391	283	391	283	
	443	169	443	169	
	246	219	246	220	d0d0d0
	262	317	262	318	
	605	54	605	55	
	426	220	426	221	
	342	6	342	7	
	163	456	163	456	808080
	441	192	441	193	
	400	129	400	130	b0b0b0
	354	440	354	440	d0d0d0
	514	18	514	19	
	243	160	243	161	
	134	35	133	35	808080
	250	183	250	183	
	153	318	153	319	d0d0d0
	388	338	388	338	b0b0b0
	347	4	347	5	d0d0d0
	456	170	456	171	b0b0b0
	286	457	285	457	
	572	70	572	70	808080
	198	406	197	407	b0b0b0
	324	88	324	88	d0d0d0
	235	119	235	120	808080
	600	337	600	337	b0b0b0
	472	449	471	449	808080
	181	129	181	130	
	555	400	555	401	d0d0d0
	348	312	347	312	808080
	226	268	226	268	b0b0b0
	492	11	491	11	808080
	391	44	390	44	
	513	29	513	29	b0b0b0
	345	433	345	433	d0d0d0
	144	329	144	330	
	467	304	466	304	808080
	389	41	389	41	d0d0d0
	507	382	507	382	b0b0b0
	452	88	452	88	808080
	369	467	369	467	
rect	207	0	208	481	005000
	345		346		
	483		484		
	128	121	609	122	
		259		260	
		397		398	
	258	301	262	305	009000
		297		301	
	261	299	265	303	
plus	227	333	241	347	00c000
	255	296	265	306	
triangle	258	298	266	306	00c000
	256		264		
	361	233	373	245	
line	306	428	317	418	489048
			303	413	
	317	418			204020
draw	0	0	128	480	/pictures/501.png
	608		640		/pictures/512.png
crop	29	159	35	171	8	36	ff0000	/fonts/computer
	35		41					
	41		47		24			
	102		108		8		ff7f00	
	108		114		40			
	114		120		0			
rect	614	359	615	377	00488f
			623	360	
	622			377	002850
	614	376			
	615	360	622	376	003870
	614	377	615	457	007fff
			623	378	
	622			457	00488f
	614	456			
	615	378	622	456	0070e0
	614	231	615	324	909048
			623	232	
	622			324	505028
	614	323			
	615	232	622	323	707038
	614	324	615	329	ffff7f
			623	325	
	622			329	909048
	614	328			
	615	325	622	328	e0e070
	614	103	615	106	904848
			623	104	
	622			106	502828
	614	105			
	615	104	622	105	703838
	614	106	615	201	ff7f7f
			623	107	
	622			201	904848
	614	200			
	615	107	622	200	e07070
	634	49	636	52	7fff7f
		53		56	60c060
		57		60	
		61		64	
		65		68	
		69		72	7fff7f
		73		76	60c060
		77		80	
		81		84	
		85		88	
		89		92	7fff7f
		93		96	60c060
		97		100	
		101		104	
		105		108	
		109		112	7fff7f
		113		116	60c060
		117		120	
		121		124	
		125		128	
		129		132	7fff7f
		133		136	60c060
		137		140	
		141		144	
		145		148	
		149		152	7fff7f
		153		156	60c060
		157		160	
		161		164	
		165		168	
		169		172	7fff7f
		173		176	60c060
		177		180	
		181		184	
		185		188	
		189		192	7fff7f
		193		196	60c060
		197		200	183018
		201		204	
		205		208	
		209		212	
		213		216	
		217		220	
		221		224	
		225		228	
		229		232	
		233		236	
		237		240	
		241		244	
		245		248	
		249		252	
		253		256	
		257		260	
		261		264	
		265		268	
		269		272	
		273		276	
		277		280	
		281		284	
		285		288	
		289		292	
		293		296	
		297		300	
		301		304	
		305		308	
		309		312	
		313		316	
		317		320	
		321		324	
		325		328	
		329		332	
		333		336	
		337		340	
		341		344	
		345		348	
		349		352	
		353		356	
		357		360	
		361		364	
		365		368	
		369		372	
		373		376	
		377		380	
		381		384	
		385		388	
		389		392	
		393		396	
		397		400	
		401		404	
		405		408	
		409		412	
		413		416	
		417		420	
		421		424	
		425		428	
		429		432	
		433		436	
		437		440	
		441		444	
		445		448	
	621	52	631	56	303000
		57		61	
		62		66	
		67		71	
		72		76	
		77		81	
		82		86	
	7	7	115	115	00ff00
	8	8	114	114	001000
					003000
	12	320	121	440	001000
		330	120	331	009000
		354		355	
		438		439	
	16	450	114	475	001010
	17	462	18	474	00c0c0
			44	463	
	43			474	007070
	17	473			
	18	463	43	473	009090
crop	15	320	21	332	104	48	00ff00	/fonts/computer
	21		27		72			
	27		33		24	60		
	33		39					
	39		45		72	48		
	45		51		120			
	51		57		112			
	57		63		0	24		
	63		69		24	60		
	69		75		32			
	75		81		8	48		
	81		87		32	60		
	87		93		40			
	93		99		24			
	15	356	21	368	16			
	21		27		40	72		
	27		33		24	84		
	33		39			72		
	39		45		40	84		
	45		51			72		
	51		57		32			
	57		63		80	36		
	63		69		0	24		
	69		75		48	36		
	75		81		120	24		
	81		87		48	36		
	15	368	21	380	96	48		
	21		27		72	72		
	27		33		112			
	33		39		40			
	39		45		16	84		
	45		51		0	24		
	51		57		24	84		
	57		63		40	72		
	63		69		24			
	69		75		40	84		
	75		81		16			
	81		87		40	72		
	87		93		80	36		
	93		99		0	24		
	99		105		112	48		
	19	462	25	474	96		00ffff	
	25		31		40			
	31		37		48			
	37		43		32	60		
	43		49		0	24		
	49		55		104	48		
	55		61		8	72		
	61		67		72			
	67		73		112			
	73		79		0	24		
	79		85		104	48		
	85		91		40	72		
	91		97		112			
	97		103		40	84		
rect	12	180	13	192	ffff00
			121	181	
	120			192	909000
	12	191			
	13	181	120	191	c0c000
crop	15	180	21	192	24	48	000000	/fonts/computer
	21		27		120			
	27		33		112			
	33		39		32	60		
	39		45		16			
	45		51		120	48		
	51		57		96			
rect	14	204	36	205	489048
			15	206	
	35		36		
	14	225		226	
		224	15		
	35		36		
	12	252	13	264	007fff
			121	253	
	120			264	00488f
	12	263			
	13	253	120	263	0060c0
crop	15	252	21	264	32	60	000000	/fonts/computer
	21		27		8	48		
	27		33		16	60		
	33		39		56	48		
	39		45		40			
	45		51		32	60		
rect	14	276	36	277	489048
			15	278	
	35		36		
	14	297		298	
		296	15		
	35		36		
