point	162	446	808080
	131	154	
	555	145	
	447	162	d0d0d0
	201	243	b0b0b0
		179	
	199	183	d0d0d0
	261	24	808080
	427	233	
	593	124	
	463	5	b0b0b0
	447	250	808080
	289	74	d0d0d0
	582	81	808080
	456	109	d0d0d0
	423	445	808080
	410	209	d0d0d0
	286	208	808080
	253	325	d0d0d0
	391	285	b0b0b0
	520	94	
	189	356	808080
	378	125	
	465	203	d0d0d0
	207	459	b0b0b0
	213	70	
	575	362	
	564	28	808080
	304	445	
	259	254	
	325	337	b0b0b0
	173	30	808080
	204	190	d0d0d0
	267	292	b0b0b0
	243	49	d0d0d0
	584	95	808080
	171	365	
	203	444	
	272	30	
	212	431	
	166	74	d0d0d0
	334	78	b0b0b0
	179	135	
	136	101	808080
	529	436	b0b0b0
	279	370	808080
	188	13	
	255	236	b0b0b0
	492	347	
	514	197	d0d0d0
	299	291	
	358	10	
	483	363	808080
	415	314	
	340	383	
	513	324	
	606	463	b0b0b0
	537	441	
	519	67	808080
	573	31	b0b0b0
	451	88	808080
	483	308	d0d0d0
	347	283	
	419	113	808080
	380	177	b0b0b0
	424	436	808080
	405	417	b0b0b0
	287	65	808080
	192	265	
	600	436	d0d0d0
	271	433	b0b0b0
	535	26	
	306	364	808080
	179	186	b0b0b0
	384	333	
	496	364	
	388	194	808080
	342	152	b0b0b0
	492	99	808080
	370	75	b0b0b0
	575	27	d0d0d0
	336	383	
	168	309	b0b0b0
	364	234	808080
	264	370	b0b0b0
	575	178	808080
	166	352	d0d0d0
	132	171	808080
	141	432	
	311	320	
	316	265	d0d0d0
	521	375	808080
	347	351	
	154	234	b0b0b0
	174	400	808080
	186	120	
	517	333	b0b0b0
	259	426	d0d0d0
	453	373	b0b0b0
	434	77	808080
	524	105	d0d0d0
	185	92	b0b0b0
	141	187	d0d0d0
	212	99	808080
	562	297	b0b0b0
	351	95	
	474	246	
	358	345	d0d0d0
	419	14	808080
	397	323	b0b0b0
	378	458	d0d0d0
	365	24	808080
	366	205	b0b0b0
	532	206	808080
	503	108	b0b0b0
	504	288	d0d0d0
	605	114	808080
	297	278	d0d0d0
	235	415	
	515	116	
	213	398	
	561	393	808080
	245	376	
	171	113	b0b0b0
	553	361	808080
line	144	0	144	480	005000
	312		312		002850
	480		480		
	128	122	608	122	
		290		290	
		458		458	005000
plus	287	131	301	145	00c000
	291	130		140	
triangle	353	232	361	240	00c000
	350	230	358	238	
diamond	330	407	346	423	c00000
triangle	361	233	373	245	00c000
dither	354	244	451	261	303000
crop	358	248	365	259	64	44	000000	/fonts/tactical
	365		372		40	66		
	372		379		8			
	379		386		48	77		
	386		393		72			
	393		400		0	22		
	400		407		24	44		
	407		414		16	77		
	414		421		40			
	421		428		72	66		
	428		435		24	77		
	435		442		40	66		
	442		449		16	77		
	357	247	364	258	64	44	ffff00	
	364		371		40	66		
	371		378		8			
	378		385		48	77		
	385		392		72			
	392		399		0	22		
	399		406		24	44		
	406		413		16	77		
	413		420		40			
	420		427		72	66		
	427		434		24	77		
	434		441		40	66		
	441		448		16	77		
line	528	122	513	123	489048
			522	136	
	513	123			204020
draw	0	0	128	480	/pictures/501.png
	608		640		/pictures/512.png
crop	29	159	35	171	8	36	ff0000	/fonts/computer
	35		41					
	41		47		24			
	102		108		8		ff7f00	
	108		114		40			
	114		120		0			
line	614	376	614	359	00488f
		359	622		
	622			376	002850
		376	614		
rect	615	360	622	376	003870
line	614	456	614	377	007fff
		377	622		
	622			456	00488f
		456	614		
rect	615	378	622	456	0070e0
line	614	278	614	231	909048
		231	622		
	622			278	505028
		278	614		
rect	615	232	622	278	707038
line	614	328	614	279	ffff7f
		279	622		
	622			328	909048
		328	614		
rect	615	280	622	328	e0e070
line	614	111	614	103	904848
		103	622		
	622			111	502828
		111	614		
rect	615	104	622	111	703838
line	614	200	614	112	ff7f7f
		112	622		
	622			200	904848
		200	614		
rect	615	113	622	200	e07070
	634	49	636	52	7fff7f
		53		56	60c060
		57		60	
		61		64	
		65		68	
		69		72	7fff7f
		73		76	60c060
		77		80	
		81		84	
		85		88	
		89		92	7fff7f
		93		96	60c060
		97		100	
		101		104	
		105		108	
		109		112	7fff7f
		113		116	60c060
		117		120	
		121		124	
		125		128	
		129		132	7fff7f
		133		136	60c060
		137		140	
		141		144	
		145		148	
		149		152	7fff7f
		153		156	60c060
		157		160	
		161		164	
		165		168	
		169		172	7fff7f
		173		176	60c060
		177		180	
		181		184	
		185		188	
		189		192	7fff7f
		193		196	60c060
		197		200	
		201		204	
		205		208	183018
		209		212	
		213		216	
		217		220	
		221		224	
		225		228	
		229		232	
		233		236	
		237		240	
		241		244	
		245		248	
		249		252	
		253		256	
		257		260	
		261		264	
		265		268	
		269		272	
		273		276	
		277		280	
		281		284	
		285		288	
		289		292	
		293		296	
		297		300	
		301		304	
		305		308	
		309		312	
		313		316	
		317		320	
		321		324	
		325		328	
		329		332	
		333		336	
		337		340	
		341		344	
		345		348	
		349		352	
		353		356	
		357		360	
		361		364	
		365		368	
		369		372	
		373		376	
		377		380	
		381		384	
		385		388	
		389		392	
		393		396	
		397		400	
		401		404	
		405		408	
		409		412	
		413		416	
		417		420	
		421		424	
		425		428	
		429		432	
		433		436	
		437		440	
		441		444	
		445		448	
	621	52	631	56	303000
		57		61	
		62		66	
		67		71	
		72		76	
		77		81	
		82		86	
	7	7	115	115	00ff00
	8	8	114	114	001000
					003000
point	44	37	00e000
		36	
	59	61	
	58	60	
	54	104	
	31	102	
	54	83	
rect	12	320	121	440	001000
line	12	330	119	330	009000
crop	15	320	21	332	104	48	00ff00	/fonts/computer
	21		27		72			
	27		33		24	60		
	33		39					
	39		45		72	48		
	45		51		120			
	51		57		112			
	57		63		0	24		
	63		69		24	60		
	69		75		32			
	75		81		8	48		
	81		87		32	60		
	87		93		40			
	93		99		24			
line	12	354	119	354	009000
crop	15	356	21	368	16	60	00ff00	/fonts/computer
	21		27		40	72		
	27		33		24	84		
	33		39			72		
	39		45		40	84		
	45		51			72		
	51		57		32			
	57		63		80	36		
	63		69		0	24		
	69		75		48	36		
	75		81		120	24		
	81		87		48	36		
	15	368	21	380	96	48		
	21		27		72	72		
	27		33		112			
	33		39		40			
	39		45		16	84		
	45		51		0	24		
	51		57		24	84		
	57		63		40	72		
	63		69		24			
	69		75		40	84		
	75		81		16			
	81		87		40	72		
	87		93		80	36		
	93		99		0	24		
	99		105		72	60		
line	12	438	119	438	009000
rect	16	450	114	475	001010
line	17	473	17	462	00c0c0
		462	43		
	43			473	007070
		473	17		
rect	18	463	43	473	009090
crop	19	462	25	474	96	48	00ffff	/fonts/computer
	25		31		40			
	31		37		48			
	37		43		32	60		
	43		49		0	24		
	49		55		104	48		
	55		61		8	72		
	61		67		72			
	67		73		112			
	73		79		0	24		
	79		85		104	48		
	85		91		40	72		
	91		97		112			
	97		103		40	84		
line	12	191	12	180	ffff00
		180	120		
	120			191	909000
		191	12		
rect	13	181	120	191	c0c000
crop	15	180	21	192	24	48	000000	/fonts/computer
	21		27		120			
	27		33		112			
	33		39		32	60		
	39		45		16			
	45		51		120	48		
	51		57		96			
	15	192	21	204	64		7fff7f	
	21		27		48	60		
	27		33		24	48		
	33		39		16	60		
	39		45		40			
	45		51		72	48		
	51		57		24	60		
	57		63		16			
draw	17	206	33	224	/sprites/521.SMIV/0
line	14	204	35	204	489048
			14	205	
	35		35		
	14	225		225	
			14	224	
	35		35		
rect	42	206	49	206	003870
				224	0060c0
line	40	204	50	204	00488f
			40	205	
	50		50		
	40	225		225	
			40	224	
	50		50		
rect	55	206	62	206	707000
				224	c0c000
line	53	204	63	204	909000
			53	205	
	63		63		
	53	225		225	
			53	224	
	63		63		
crop	69	204	75	216	0	60	7fff7f	/fonts/computer
	75		81		88	48		
	81		87		16			
	87		93		40			
	93		99		8			
	99		105		104			
	105		111		0	24		
	111		117		16	36		
	69	216	75	228		60		
	75		81		48	48		
	81		87		0	24		
	87		93			60		
	93		99		40			
	99		105		96	48		
	105		111		24	60		
	111		117		40	48		
	69	192	75	204	24			
	75		81		104			
	81		87		72			
	87		93		24	60		
	93		99					
	99		105		72	48		
	105		111		96			
	111		117		40			
	12	228	18	240	64		00ff00	
	18		24		40	72		
	24		30		8			
	30		36		48	84		
	36		42		72			
	42		48		0	24		
	48		54		32	48		
	54		60		40	72		
	60		66		24	84		
	66		72		32			
	72		78		16			
	78		84		120	72		
	84		90		72	84		
	90		96		40	72		
	96		102		16	84		
line	12	263	12	252	007fff
		252	120		
	120			263	00488f
		263	12		
rect	13	253	120	263	0060c0
crop	15	252	21	264	32	60	000000	/fonts/computer
	21		27		8	48		
	27		33		16	60		
	33		39		56	48		
	39		45		40			
	45		51		32	60		
	15	264	21	276	64	48	7fff7f	
	21		27		48	60		
	27		33		32	48		
	33		39		24	60		
	39		45		32			
	45		51		16			
	51		57		72			
	57		63		16			
draw	16	279	34	295	/sprites/646.SMIV/0
line	14	276	35	276	489048
			14	277	
	35		35		
	14	297		297	
			14	296	
	35		35		
rect	42	278	49	282	003870
		282		296	0060c0
line	40	276	50	276	00488f
			40	277	
	50		50		
	40	297		297	
			40	296	
	50		50		
rect	55	278	62	288	707000
		288		296	c0c000
line	53	276	63	276	909000
			53	277	
	63		63		
	53	297		297	
			53	296	
	63		63		
crop	69	276	75	288	96	48	7fff7f	/fonts/computer
	75		81		16			
	81		87		40			
	87		93		8			
	93		99		104			
	99		105		0	24		
	105		111		8	36		
	69	288	75	300	48	48		
	75		81		40	60		
	81		87		96	48		
	87		93					
	93		99		0	60		
	99		105		96	48		
	105		111		24	60		
	111		117		40	48		
	69	264	75	276	24			
	75		81		104			
	81		87		72			
	87		93		24	60		
	93		99					
	99		105		72	48		
	105		111		96			
	111		117		40			
