line	545	426	546	425	b0b0b0
	497	387	498	386	
	479	208	480	207	808080
	295	287	297	286	d0d0d0
	578	151	579	150	808080
	567	287	568	286	b0b0b0
	565	387	566	386	808080
	185	87	185	86	
	351	296	352	295	
	517	186	518	186	
	349	99	350	98	b0b0b0
	371	313	372	312	808080
	137	199	138	198	d0d0d0
	506	143	507	142	808080
	304	234	305	233	d0d0d0
	205	54	207	53	
	258	334	259	333	
	210	270	211	270	808080
	582	109	583	108	d0d0d0
	277	378	278	378	b0b0b0
	405	188	406	187	
	586	451	587	450	
	302	187	302	187	808080
	313	328	315	327	d0d0d0
	258	72	259	72	b0b0b0
	579	339	580	338	
	461	456	462	455	
	488	90	489	90	808080
	227	40	228	40	b0b0b0
	183	316	184	316	808080
	211	431	212	430	b0b0b0
	576	105	577	105	808080
	173	16	174	15	b0b0b0
	152	386	153	385	
	579	101	580	100	
	508	157	509	156	808080
	574	321	575	320	
	242	53	244	52	d0d0d0
	196	92	197	91	808080
	297	20	298	19	b0b0b0
	493	173	494	172	d0d0d0
	220	171	221	171	b0b0b0
	523	461	525	460	d0d0d0
	506	369	507	368	b0b0b0
	578	141	579	140	808080
	203	432	204	432	
	584	400	585	399	b0b0b0
	140	330	141	329	
	378	441	379	440	
	362	322	364	321	d0d0d0
	147	416	148	415	
	206	135	207	134	
	407	425	407	425	808080
	339	376	340	376	
	264	446	264	445	
	437	386	438	385	
	576	215	577	214	d0d0d0
	279	55	280	54	b0b0b0
	443	129	443	129	808080
	459	125	460	124	b0b0b0
	375	150	375	150	808080
	331	433	332	432	d0d0d0
	195	408	196	407	
	343	175	344	175	808080
	266	270	267	269	b0b0b0
	480	26	481	25	
	601	122	602	121	
	211	128	212	127	808080
	586	116	588	115	d0d0d0
	260	81	261	80	
	141	47	142	46	b0b0b0
	421	120	422	119	
	230	426	230	426	808080
	544	104	545	104	b0b0b0
	270	427	271	426	
	382	458	383	457	
	312	257	313	256	808080
	228	246	229	245	b0b0b0
	416	161	417	161	808080
	256	168	257	167	b0b0b0
	423	152	424	151	d0d0d0
	522	22	523	21	b0b0b0
	509	79	510	78	d0d0d0
	288	297	289	296	808080
	150	463	151	463	b0b0b0
	499	240	500	239	808080
	521	387	522	386	b0b0b0
	535	367	536	366	808080
	483	433	484	433	d0d0d0
	235	382	236	382	808080
	164	390	165	389	d0d0d0
	445	438	446	437	808080
	271	413	272	412	
	490	117	491	116	d0d0d0
	550	236	551	235	
	590	334	590	333	808080
	403	426	404	426	b0b0b0
	411	53	412	53	
	339	466	340	466	
	358	139	359	139	808080
	371	230	373	229	d0d0d0
	550	359	551	358	b0b0b0
	536	361	537	360	808080
	136	161	136	161	
	448	391	449	390	b0b0b0
	236	189	237	188	
	360	340	361	339	
	206	470	207	469	d0d0d0
	343	76	344	76	808080
	283	416	284	416	b0b0b0
	506	77	507	76	
	289	86	290	86	808080
	251	298	252	298	b0b0b0
	456	268	457	268	808080
	388	202	389	201	b0b0b0
	352	413	354	412	d0d0d0
	529	177	530	176	808080
	145	403	146	402	d0d0d0
	413	45	414	45	b0b0b0
	362	241	364	240	d0d0d0
	556	40	557	40	b0b0b0
	485	456	486	455	808080
	169	438	170	437	
	558	172	559	171	
	477	424	478	423	
	157	0	157	480	000050
	347		347		
	537		537		
	128	24	608	24	
		214		214	
		404		404	
draw	308	295	320	307	/sprites/521.SMIV/2
	172	255	184	267	/sprites/521.SMIV/3
	357	232	375	249	/sprites/646.SMIV/1
	327	276	329	280	/sprites/528.SMIV/1
	179	241	181	245	
dither	179	269	276	286	303000
tint	183	273	191	285	000000	/font/5000/48
	190		198			/font/5000/65
	197		205			/font/5000/61
	204		212			/font/5000/76
	211		219			/font/5000/79
	218		226			/font/5000/20
	225		233			/font/5000/43
	232		240			/font/5000/72
	239		247			/font/5000/75
	246		254			/font/5000/69
	253		261			/font/5000/73
	260		268			/font/5000/65
	267		275			/font/5000/72
	182	272	190	284	ffff00	/font/5000/48
	189		197			/font/5000/65
	196		204			/font/5000/61
	203		211			/font/5000/76
	210		218			/font/5000/79
	217		225			/font/5000/20
	224		232			/font/5000/43
	231		239			/font/5000/72
	238		246			/font/5000/75
	245		253			/font/5000/69
	252		260			/font/5000/73
	259		267			/font/5000/65
	266		274			/font/5000/72
line	421	47	410	58	489048
			424	62	
	410	58			204020
draw	0	0	128	480	/pictures/501.png
	608		640		/pictures/512.png
tint	29	159	37	172	ff0000	/font/5001/31
	35		43			
	41		49			/font/5001/33
	102		110		ff7f00	/font/5001/31
	108		116			/font/5001/35
	114		122			/font/5001/30
line	614	376	614	359	00488f
		359	622		
	622			376	002850
		376	614		
rect	615	360	622	376	003870
line	614	456	614	377	007fff
		377	622		
	622			456	00488f
		456	614		
rect	615	378	622	456	0070e0
line	614	275	614	231	909048
		231	622		
	622			275	505028
		275	614		
rect	615	232	622	275	707038
line	614	328	614	276	ffff7f
		276	622		
	622			328	909048
		328	614		
rect	615	277	622	328	e0e070
line	614	112	614	103	904848
		103	622		
	622			112	502828
		112	614		
rect	615	104	622	112	703838
line	614	200	614	113	ff7f7f
		113	622		
	622			200	904848
		200	614		
rect	615	114	622	200	e07070
	634	49	636	52	7fff7f
		53		56	60c060
		57		60	
		61		64	
		65		68	
		69		72	7fff7f
		73		76	60c060
		77		80	
		81		84	
		85		88	
		89		92	7fff7f
		93		96	60c060
		97		100	
		101		104	
		105		108	
		109		112	7fff7f
		113		116	60c060
		117		120	
		121		124	
		125		128	
		129		132	7fff7f
		133		136	60c060
		137		140	
		141		144	
		145		148	
		149		152	7fff7f
		153		156	60c060
		157		160	
		161		164	
		165		168	
		169		172	7fff7f
		173		176	60c060
		177		180	
		181		184	
		185		188	
		189		192	7fff7f
		193		196	60c060
		197		200	
		201		204	
		205		208	
		209		212	183018
		213		216	
		217		220	
		221		224	
		225		228	
		229		232	
		233		236	
		237		240	
		241		244	
		245		248	
		249		252	
		253		256	
		257		260	
		261		264	
		265		268	
		269		272	
		273		276	
		277		280	
		281		284	
		285		288	
		289		292	
		293		296	
		297		300	
		301		304	
		305		308	
		309		312	
		313		316	
		317		320	
		321		324	
		325		328	
		329		332	
		333		336	
		337		340	
		341		344	
		345		348	
		349		352	
		353		356	
		357		360	
		361		364	
		365		368	
		369		372	
		373		376	
		377		380	
		381		384	
		385		388	
		389		392	
		393		396	
		397		400	
		401		404	
		405		408	
		409		412	
		413		416	
		417		420	
		421		424	
		425		428	
		429		432	
		433		436	
		437		440	
		441		444	
		445		448	
	621	52	631	56	303000
		57		61	
		62		66	
		67		71	
		72		76	
		77		81	
		82		86	
	7	7	115	115	00ff00
	8	8	114	114	001000
	49	49	73	73	003000
point	39	40	00e000
		39	
	59	64	
	51	62	
	62	30	
	49	29	
	58	22	
	61	10	
	59	63	
	51	61	
rect	12	320	121	440	001000
line	12	330	119	330	009000
tint	15	320	23	333	00ff00	/font/5001/4d
	21		29			/font/5001/49
	27		35			/font/5001/53
	33		41			
	39		47			/font/5001/49
	45		53			/font/5001/4f
	51		59			/font/5001/4e
	57		65			/font/5001/20
	63		71			/font/5001/53
	69		77			/font/5001/54
	75		83			/font/5001/41
	81		89			/font/5001/54
	87		95			/font/5001/55
	93		101			/font/5001/53
line	12	354	119	354	009000
tint	15	356	23	369	00ff00	/font/5001/52
	21		29			/font/5001/65
	27		35			/font/5001/73
	33		41			/font/5001/63
	39		47			/font/5001/75
	45		53			/font/5001/65
	51		59			/font/5001/64
	57		65			/font/5001/3a
	63		71			/font/5001/20
	69		77			/font/5001/36
	75		83			/font/5001/2f
	81		89			/font/5001/36
	15	368	23	381		/font/5001/4c
	21		29			/font/5001/69
	27		35			/font/5001/6e
	33		41			/font/5001/65
	39		47			/font/5001/72
	45		53			/font/5001/20
	51		59			/font/5001/73
	57		65			/font/5001/65
	63		71			/font/5001/63
	69		77			/font/5001/75
	75		83			/font/5001/72
	81		89			/font/5001/65
	87		95			/font/5001/3a
	93		101			/font/5001/20
	99		107			/font/5001/59
line	12	438	119	438	009000
rect	16	450	114	475	001010
line	17	473	17	462	00c0c0
		462	43		
	43			473	007070
		473	17		
rect	18	463	43	473	009090
tint	19	462	27	475	00ffff	/font/5001/4c
	25		33			/font/5001/45
	31		39			/font/5001/46
	37		45			/font/5001/54
	43		51			/font/5001/20
	49		57			/font/5001/4d
	55		63			/font/5001/61
	61		69			/font/5001/69
	67		75			/font/5001/6e
	73		81			/font/5001/20
	79		87			/font/5001/4d
	85		93			/font/5001/65
	91		99			/font/5001/6e
	97		105			/font/5001/75
line	12	191	12	180	ffff00
		180	120		
	120			191	909000
		191	12		
rect	13	181	120	191	c0c000
tint	15	180	23	193	000000	/font/5001/43
	21		29			/font/5001/4f
	27		35			/font/5001/4e
	33		41			/font/5001/54
	39		47			/font/5001/52
	45		53			/font/5001/4f
	51		59			/font/5001/4c
	15	192	23	205	7fff7f	/font/5001/48
	21		29			/font/5001/56
	27		35			/font/5001/43
	33		41			/font/5001/52
	39		47			/font/5001/55
	45		53			/font/5001/49
	51		59			/font/5001/53
	57		65			/font/5001/52
draw	17	206	33	224	/sprites/521.SMIV/0
line	14	204	35	204	489048
			14	205	
	35		35		
	14	225		225	
			14	224	
	35		35		
rect	42	206	49	206	003870
				224	0060c0
line	40	204	50	204	00488f
			40	205	
	50		50		
	40	225		225	
			40	224	
	50		50		
rect	55	206	62	206	707000
				224	c0c000
line	53	204	63	204	909000
			53	205	
	63		63		
	53	225		225	
			53	224	
	63		63		
tint	69	204	77	217	7fff7f	/font/5001/50
	75		83			/font/5001/4b
	81		89			/font/5001/42
	87		95			/font/5001/45
	93		101			/font/5001/41
	99		107			/font/5001/4d
	105		113			/font/5001/20
	111		119			/font/5001/32
	69	216	77	229		/font/5001/52
	75		83			/font/5001/46
	81		89			/font/5001/20
	87		95			/font/5001/50
	93		101			/font/5001/55
	99		107			/font/5001/4c
	105		113			/font/5001/53
	111		119			/font/5001/45
	69	192	77	205		/font/5001/43
	75		83			/font/5001/4d
	81		89			/font/5001/49
	87		95			/font/5001/53
	93		101			
	99		107			/font/5001/49
	105		113			/font/5001/4c
	111		119			/font/5001/45
	12	228	20	241	00ff00	/font/5001/48
	18		26			/font/5001/65
	24		32			/font/5001/61
	30		38			/font/5001/76
	36		44			/font/5001/79
	42		50			/font/5001/20
	48		56			/font/5001/44
	54		62			/font/5001/65
	60		68			/font/5001/73
	66		74			/font/5001/74
	72		80			/font/5001/72
	78		86			/font/5001/6f
	84		92			/font/5001/79
	90		98			/font/5001/65
	96		104			/font/5001/72
line	12	263	12	252	007fff
		252	120		
	120			263	00488f
		263	12		
rect	13	253	120	263	0060c0
tint	15	252	23	265	000000	/font/5001/54
	21		29			/font/5001/41
	27		35			/font/5001/52
	33		41			/font/5001/47
	39		47			/font/5001/45
	45		53			/font/5001/54
	15	264	23	277	7fff7f	/font/5001/48
	21		29			/font/5001/56
	27		35			/font/5001/44
	33		41			/font/5001/53
	39		47			/font/5001/54
	45		53			/font/5001/52
	51		59			/font/5001/59
	57		65			/font/5001/52
draw	16	279	34	295	/sprites/646.SMIV/0
line	14	276	35	276	489048
			14	277	
	35		35		
	14	297		297	
			14	296	
	35		35		
rect	42	278	49	282	003870
		282		296	0060c0
line	40	276	50	276	00488f
			40	277	
	50		50		
	40	297		297	
			40	296	
	50		50		
rect	55	278	62	287	707000
		287		296	c0c000
line	53	276	63	276	909000
			53	277	
	63		63		
	53	297		297	
			53	296	
	63		63		
tint	69	276	77	289	7fff7f	/font/5001/4c
	75		83			/font/5001/42
	81		89			/font/5001/45
	87		95			/font/5001/41
	93		101			/font/5001/4d
	99		107			/font/5001/20
	105		113			/font/5001/31
	69	288	77	301		/font/5001/46
	75		83			/font/5001/55
	81		89			/font/5001/4c
	87		95			
	93		101			/font/5001/50
	99		107			/font/5001/4c
	105		113			/font/5001/53
	111		119			/font/5001/45
	69	264	77	277		/font/5001/43
	75		83			/font/5001/4d
	81		89			/font/5001/49
	87		95			/font/5001/53
	93		101			
	99		107			/font/5001/49
	105		113			/font/5001/4c
	111		119			/font/5001/45
