point	270	444	b0b0b0
	595	314	d0d0d0
	598	209	808080
	446	125	d0d0d0
	420	355	808080
	377	223	d0d0d0
	196	218	808080
	511	115	
	575	45	b0b0b0
	359	391	808080
	446	400	b0b0b0
	289	34	808080
	380	358	b0b0b0
	348	348	808080
	404	70	b0b0b0
	189	272	d0d0d0
	333	455	
	431	144	
	596	145	b0b0b0
	550	181	
	284	443	808080
	175	64	b0b0b0
	144	93	808080
	600	331	d0d0d0
	560	197	b0b0b0
	395	110	808080
	173	178	b0b0b0
	331	295	808080
	435	298	d0d0d0
	369	386	
	443	105	808080
	418	310	
	419	184	b0b0b0
	176	154	808080
	184	287	
	350	362	
	491	305	
	194	193	b0b0b0
	521	272	808080
	529	143	d0d0d0
	604	267	
	405	458	
	250	196	808080
	133	428	b0b0b0
	420	345	808080
	253	156	
	573	320	d0d0d0
	422	37	
	328	179	808080
	178	10	b0b0b0
	236	426	d0d0d0
	276	239	
	340	149	808080
	605	198	d0d0d0
	356	186	
	444	160	808080
	310	337	d0d0d0
	504	193	
	285	334	808080
	209	0	d0d0d0
	217	355	808080
	355	182	
	451	252	b0b0b0
	242	323	d0d0d0
	355	92	b0b0b0
	242	317	
	196	274	808080
	475	310	d0d0d0
	599	186	b0b0b0
	171	109	808080
	386	51	b0b0b0
	172	191	808080
	175	46	
	387	404	b0b0b0
		169	808080
	557	432	b0b0b0
	466	137	
	596	152	d0d0d0
	259	366	808080
	163	254	b0b0b0
	340	456	808080
	284	327	b0b0b0
	384	460	d0d0d0
	576	77	
	344	425	b0b0b0
	550	438	808080
	389	104	b0b0b0
	571	16	808080
	351	387	b0b0b0
	212	337	808080
	586	331	d0d0d0
	132	28	808080
	305	250	d0d0d0
	262	47	
	318	121	b0b0b0
	187	80	
	282	250	
	292	449	808080
	413	409	b0b0b0
	201	246	808080
	386	426	
	457	335	
	403	375	b0b0b0
	367	197	808080
	292	146	
	492	348	b0b0b0
	210	81	808080
	382	200	
	203	405	d0d0d0
	435	162	808080
	554	296	d0d0d0
	138	374	
	179	277	
	195	439	808080
	364	18	
	389	356	b0b0b0
	372	381	808080
	129	342	
	176	267	b0b0b0
	591	409	808080
	318	346	b0b0b0
	137	79	808080
	255	418	b0b0b0
	401	377	808080
	583	425	b0b0b0
	362	302	100800
	389	343	
	331	331	
	341	301	
	392	293	
	301	371	
	341	362	
	384	360	
	316	370	
	359	321	
	338	316	ff7f00
	339	317	
			
	338	316	
		317	
			
	339	316	
	338		
			
	339	315	
	253	163	a05000
	256	158	
	249	194	
	240	188	
	275	176	
	277	155	
	272	175	
	274	181	
	247	193	
	249	191	
line	157	0	157	480	000050
	285		285		
	413		413		
	541		541		002850
	128	35	608	35	000050
		163		163	002850
		291		291	000050
		419		419	
	351	266	353	262	ffff7f
	334	298	336	294	
	365	246	366	243	
draw	314	268	318	272	/sprites/573.SMIV/0
	306	298	311	302	/sprites/570.SMIV/1
	295	245	300	249	/sprites/570.SMIV/0
	303	259	327	283	/sprites/558.SMIV/18
	341	266	346	270	/sprites/570.SMIV/1
	294		322	291	/sprites/647.SMIV/15
static	327	311	339	323	ffffff	123	/sprites/546.SMIV/13
draw	286	169	294	177	/sprites/521.SMIV/0
static	228	140	236	146	00000000	33	/sprites/530.SMIV/17
draw	363	234	375	245	/sprites/646.SMIV/13
	355	302	359	304	/sprites/566.SMIV/16
	198	288	201	291	/sprites/566.SMIV/22
	439	206	443	210	/sprites/507.SMIV/2
	327	185	328	186	/sprites/513.SMIV/18
	390	239	391	240	/sprites/513.SMIV/13
	329	357	336	362	/sprites/522.SMIV/6
	337	315	339	316	/sprites/504.SMIV/18
	363	403	370	410	/sprites/522.SMIV/1
	261	141	263	143	/sprites/503.SMIV/22
	327	309	333	314	/sprites/522.SMIV/3
	354	297	356	300	/sprites/528.SMIV/12
	346	268	353	275	/sprites/522.SMIV/1
dither	289	183	386	200	303000
tint	293	187	301	199	000000	/font/5000/48
	300		308			/font/5000/65
	307		315			/font/5000/61
	314		322			/font/5000/76
	321		329			/font/5000/79
	328		336			/font/5000/20
	335		343			/font/5000/43
	342		350			/font/5000/72
	349		357			/font/5000/75
	356		364			/font/5000/69
	363		371			/font/5000/73
	370		378			/font/5000/65
	377		385			/font/5000/72
	292	186	300	198	ffff00	/font/5000/48
	299		307			/font/5000/65
	306		314			/font/5000/61
	313		321			/font/5000/76
	320		328			/font/5000/79
	327		335			/font/5000/20
	334		342			/font/5000/43
	341		349			/font/5000/72
	348		356			/font/5000/75
	355		363			/font/5000/69
	362		370			/font/5000/73
	369		377			/font/5000/65
	376		384			/font/5000/72
line	314	432	325	421	489048
			311	417	
	325	421			204020
draw	0	0	128	480	/pictures/501.png
	608		640		/pictures/512.png
tint	29	159	37	172	ff0000	/font/5001/30
	35		43			/font/5001/33
	41		49			/font/5001/38
	102		110		ff7f00	/font/5001/31
	108		116			/font/5001/33
	114		122			/font/5001/36
line	614	430	614	359	00488f
		359	622		
	622			430	002850
		430	614		
rect	615	360	622	430	003870
line	614	456	614	431	007fff
		431	622		
	622			456	00488f
		456	614		
rect	615	432	622	456	0070e0
line	614	234	614	231	909048
		231	622		
	622			234	505028
		234	614		
rect	615	232	622	234	707038
line	614	328	614	235	ffff7f
		235	622		
	622			328	909048
		328	614		
rect	615	236	622	328	e0e070
line	614	115	614	103	904848
		103	622		
	622			115	502828
		115	614		
rect	615	104	622	115	703838
line	614	200	614	116	ff7f7f
		116	622		
	622			200	904848
		200	614		
rect	615	117	622	200	e07070
	634	49	636	52	7fff7f
		53		56	60c060
		57		60	
		61		64	
		65		68	
		69		72	7fff7f
		73		76	60c060
		77		80	
		81		84	
		85		88	
		89		92	7fff7f
		93		96	60c060
		97		100	
		101		104	
		105		108	
		109		112	7fff7f
		113		116	60c060
		117		120	
		121		124	
		125		128	
		129		132	7fff7f
		133		136	60c060
		137		140	
		141		144	
		145		148	
		149		152	7fff7f
		153		156	60c060
		157		160	
		161		164	
		165		168	
		169		172	7fff7f
		173		176	60c060
		177		180	
		181		184	
		185		188	
		189		192	7fff7f
		193		196	60c060
		197		200	
		201		204	
		205		208	
		209		212	7fff7f
		213		216	60c060
		217		220	183018
		221		224	
		225		228	
		229		232	
		233		236	
		237		240	
		241		244	
		245		248	
		249		252	
		253		256	
		257		260	
		261		264	
		265		268	
		269		272	
		273		276	
		277		280	
		281		284	
		285		288	
		289		292	
		293		296	
		297		300	
		301		304	
		305		308	
		309		312	
		313		316	
		317		320	
		321		324	
		325		328	
		329		332	
		333		336	
		337		340	
		341		344	
		345		348	
		349		352	
		353		356	
		357		360	
		361		364	
		365		368	
		369		372	
		373		376	
		377		380	
		381		384	
		385		388	
		389		392	
		393		396	
		397		400	
		401		404	
		405		408	
		409		412	
		413		416	
		417		420	
		421		424	
		425		428	
		429		432	
		433		436	
		437		440	
		441		444	
		445		448	
	621	52	631	56	303000
		57		61	
		62		66	
		67		71	
		72		76	
		77		81	
		82		86	
	7	7	115	115	00ff00
	8	8	114	114	001000
	42	42	80	80	003000
point	57	63	00e000
	59	67	
	50	90	
	55	56	
	59	70	
	51	54	
	53		
	57	63	
		65	
	56	61	
	60	62	
	52	81	
	61	61	
	59	67	
		63	
	60		
	61	74	
	57	63	
	48	65	
	59	66	
		65	
	60		
	61	66	
	66	59	
	58	57	
	62	61	
rect	12	320	121	440	001000
line	12	330	119	330	009000
tint	15	320	23	333	00ff00	/font/5001/4d
	21		29			/font/5001/49
	27		35			/font/5001/53
	33		41			
	39		47			/font/5001/49
	45		53			/font/5001/4f
	51		59			/font/5001/4e
	57		65			/font/5001/20
	63		71			/font/5001/53
	69		77			/font/5001/54
	75		83			/font/5001/41
	81		89			/font/5001/54
	87		95			/font/5001/55
	93		101			/font/5001/53
line	12	354	119	354	009000
tint	15	356	23	369	00ff00	/font/5001/52
	21		29			/font/5001/65
	27		35			/font/5001/73
	33		41			/font/5001/63
	39		47			/font/5001/75
	45		53			/font/5001/65
	51		59			/font/5001/64
	57		65			/font/5001/3a
	63		71			/font/5001/20
	69		77			/font/5001/36
	75		83			/font/5001/2f
	81		89			/font/5001/36
	15	368	23	381		/font/5001/4c
	21		29			/font/5001/69
	27		35			/font/5001/6e
	33		41			/font/5001/65
	39		47			/font/5001/72
	45		53			/font/5001/20
	51		59			/font/5001/73
	57		65			/font/5001/65
	63		71			/font/5001/63
	69		77			/font/5001/75
	75		83			/font/5001/72
	81		89			/font/5001/65
	87		95			/font/5001/3a
	93		101			/font/5001/20
	99		107			/font/5001/59
line	12	438	119	438	009000
rect	16	450	114	475	001010
line	17	473	17	462	00c0c0
		462	43		
	43			473	007070
		473	17		
rect	18	463	43	473	009090
tint	19	462	27	475	00ffff	/font/5001/4c
	25		33			/font/5001/45
	31		39			/font/5001/46
	37		45			/font/5001/54
	43		51			/font/5001/20
	49		57			/font/5001/4d
	55		63			/font/5001/61
	61		69			/font/5001/69
	67		75			/font/5001/6e
	73		81			/font/5001/20
	79		87			/font/5001/4d
	85		93			/font/5001/65
	91		99			/font/5001/6e
	97		105			/font/5001/75
line	12	191	12	180	ffff00
		180	120		
	120			191	909000
		191	12		
rect	13	181	120	191	c0c000
tint	15	180	23	193	000000	/font/5001/43
	21		29			/font/5001/4f
	27		35			/font/5001/4e
	33		41			/font/5001/54
	39		47			/font/5001/52
	45		53			/font/5001/4f
	51		59			/font/5001/4c
	15	192	23	205	7fff7f	/font/5001/48
	21		29			/font/5001/56
	27		35			/font/5001/43
	33		41			/font/5001/52
	39		47			/font/5001/55
	45		53			/font/5001/49
	51		59			/font/5001/53
	57		65			/font/5001/52
draw	17	206	33	224	/sprites/521.SMIV/0
line	14	204	35	204	489048
			14	205	
	35		35		
	14	225		225	
			14	224	
	35		35		
rect	42	206	49	212	003870
		212		224	0060c0
line	40	204	50	204	00488f
			40	205	
	50		50		
	40	225		225	
			40	224	
	50		50		
rect	55	206	62	207	707000
		207		224	c0c000
line	53	204	63	204	909000
			53	205	
	63		63		
	53	225		225	
			53	224	
	63		63		
tint	69	204	77	217	7fff7f	/font/5001/50
	75		83			/font/5001/4b
	81		89			/font/5001/42
	87		95			/font/5001/45
	93		101			/font/5001/41
	99		107			/font/5001/4d
	105		113			/font/5001/20
	111		119			/font/5001/32
	69	216	77	229		/font/5001/52
	75		83			/font/5001/46
	81		89			/font/5001/20
	87		95			/font/5001/50
	93		101			/font/5001/55
	99		107			/font/5001/4c
	105		113			/font/5001/53
	111		119			/font/5001/45
	69	192	77	205		/font/5001/43
	75		83			/font/5001/4d
	81		89			/font/5001/49
	87		95			/font/5001/53
	93		101			
	99		107			/font/5001/49
	105		113			/font/5001/4c
	111		119			/font/5001/45
	12	228	20	241	00ff00	/font/5001/48
	18		26			/font/5001/65
	24		32			/font/5001/61
	30		38			/font/5001/76
	36		44			/font/5001/79
	42		50			/font/5001/20
	48		56			/font/5001/44
	54		62			/font/5001/65
	60		68			/font/5001/73
	66		74			/font/5001/74
	72		80			/font/5001/72
	78		86			/font/5001/6f
	84		92			/font/5001/79
	90		98			/font/5001/65
	96		104			/font/5001/72
line	12	263	12	252	007fff
		252	120		
	120			263	00488f
		263	12		
rect	13	253	120	263	0060c0
tint	15	252	23	265	000000	/font/5001/54
	21		29			/font/5001/41
	27		35			/font/5001/52
	33		41			/font/5001/47
	39		47			/font/5001/45
	45		53			/font/5001/54
	15	264	23	277	7fff7f	/font/5001/48
	21		29			/font/5001/56
	27		35			/font/5001/44
	33		41			/font/5001/53
	39		47			/font/5001/54
	45		53			/font/5001/52
	51		59			/font/5001/59
	57		65			/font/5001/52
draw	16	279	34	295	/sprites/646.SMIV/0
line	14	276	35	276	489048
			14	277	
	35		35		
	14	297		297	
			14	296	
	35		35		
rect	42	278	49	292	003870
		292		296	0060c0
line	40	276	50	276	00488f
			40	277	
	50		50		
	40	297		297	
			40	296	
	50		50		
rect	55	278	62	279	707000
		279		296	c0c000
line	53	276	63	276	909000
			53	277	
	63		63		
	53	297		297	
			53	296	
	63		63		
tint	69	276	77	289	7fff7f	/font/5001/4c
	75		83			/font/5001/42
	81		89			/font/5001/45
	87		95			/font/5001/41
	93		101			/font/5001/4d
	99		107			/font/5001/20
	105		113			/font/5001/31
	69	288	77	301		/font/5001/46
	75		83			/font/5001/55
	81		89			/font/5001/4c
	87		95			
	93		101			/font/5001/50
	99		107			/font/5001/4c
	105		113			/font/5001/53
	111		119			/font/5001/45
	69	264	77	277		/font/5001/43
	75		83			/font/5001/4d
	81		89			/font/5001/49
	87		95			/font/5001/53
	93		101			
	99		107			/font/5001/49
	105		113			/font/5001/4c
	111		119			/font/5001/45
