point	239	315	b0b0b0
	524	174	
	485	251	d0d0d0
	294	432	b0b0b0
	440	341	d0d0d0
	246		
	297	215	b0b0b0
	481	31	
	317	211	d0d0d0
	337	434	b0b0b0
	515	175	808080
	342	183	d0d0d0
	280	18	808080
	368	304	d0d0d0
	396	390	
	469	310	
	514	163	b0b0b0
	498	429	
	259	311	d0d0d0
	571	108	
	203	216	808080
	282	169	b0b0b0
	302	184	d0d0d0
	273	461	
	264	74	808080
	390	27	
	451	474	d0d0d0
	383	85	b0b0b0
	261	323	
	398	331	d0d0d0
	374	435	b0b0b0
	576	376	d0d0d0
	425	315	808080
	443	111	d0d0d0
	492	64	808080
	187	203	d0d0d0
	394	198	b0b0b0
	511	133	808080
	527	87	b0b0b0
	297	415	d0d0d0
	416	296	
	324	28	
	367	466	
	275	252	b0b0b0
	501	212	
	344	3	d0d0d0
	606	435	808080
	242	436	
	508	324	b0b0b0
	310	146	
	314	45	
	597	203	d0d0d0
	444	234	808080
	491	253	b0b0b0
	527	424	808080
	361	362	
	167	238	b0b0b0
	415	369	
	264	152	808080
	465	184	
	150	212	
	563	309	d0d0d0
	155	217	808080
	499	52	
	209	146	
	133	385	d0d0d0
	595	198	808080
	362	153	d0d0d0
	443	378	
	152	479	808080
	355	270	d0d0d0
	535	346	808080
	574	202	d0d0d0
	351	137	b0b0b0
	245	76	d0d0d0
	526	393	b0b0b0
	170	205	808080
	217	261	d0d0d0
	450	333	b0b0b0
	351	163	808080
	562	305	b0b0b0
	439	413	d0d0d0
	429	78	808080
	426	347	b0b0b0
	266	72	808080
	538	408	d0d0d0
	367	26	808080
	323	356	b0b0b0
	581	366	808080
	259	292	d0d0d0
	206	173	
	386	354	808080
	594	330	b0b0b0
	512	326	808080
	505	210	b0b0b0
	312	312	d0d0d0
	533	276	808080
	172		b0b0b0
	296	164	
	323	316	808080
	534	366	d0d0d0
	570	421	808080
	190	240	
	170	308	b0b0b0
	313	408	d0d0d0
	550	308	808080
	169	294	b0b0b0
	597	113	
	431	50	d0d0d0
	575	79	b0b0b0
	317	30	808080
	279	431	
	195	105	b0b0b0
	371	249	d0d0d0
	177	429	
	589	93	
	178	151	
	387	132	
	302	430	
	548	387	808080
	590	241	
	369	252	b0b0b0
	167	202	d0d0d0
	153	50	b0b0b0
	129	392	808080
line	268	0	268	480	005000
	418		418		
	568		568		
	128	91	608	91	
		241		241	
		391		391	
rect	443	269	459	285	009000
	399	64	407	72	0060c0
	8	63	16	71	
	232	65	240	73	
	33	176	41	184	
triangle	35	178	39	182	0060c0
	361	233	373	245	00c000
	460	279	468	287	
	444	274	452	282	
	454	262	462	270	
	445	273	453	281	
	446	276	454	284	
	391	253	401	263	
rect	36	430	44	438	0060c0
plus	444	268	454	278	00c000
dither	450	290	505	307	303000
tint	454	294	462	306	000000	/font/5000/43
	461		469			/font/5000/72
	468		476			/font/5000/75
	475		483			/font/5000/69
	482		490			/font/5000/73
	489		497			/font/5000/65
	496		504			/font/5000/72
	453	293	461	305	ffff00	/font/5000/43
	460		468			/font/5000/72
	467		475			/font/5000/75
	474		482			/font/5000/69
	481		489			/font/5000/73
	488		496			/font/5000/65
	495		503			/font/5000/72
line	526	359	520	345	489048
			511	358	
	520	345			204020
draw	0	0	128	480	/pictures/501.png
	608		640		/pictures/512.png
tint	29	159	37	172	ff0000	/font/5001/31
	35		43			/font/5001/35
	41		49			/font/5001/30
	102		110		ff7f00	/font/5001/31
	108		116			/font/5001/35
	114		122			/font/5001/30
line	614	456	614	359	007fff
		359	622		
	622			456	00488f
		456	614		
rect	615	360	622	456	0070e0
line	614	328	614	231	ffff7f
		231	622		
	622			328	909048
		328	614		
rect	615	232	622	328	e0e070
line	614	200	614	103	ff7f7f
		103	622		
	622			200	904848
		200	614		
rect	615	104	622	200	e07070
line	618	8	629	8	90488f
			618	9	
	629		629		
	618	36		36	
			618	35	
	629		629		
rect	620	10	628	35	703870
		12			c060c0
	634	49	636	52	7fff7f
		53		56	60c060
		57		60	703800
		61		64	
		65		68	183018
		69		72	
		73		76	
		77		80	
		81		84	
		85		88	
		89		92	
		93		96	
		97		100	
		101		104	
		105		108	
		109		112	
		113		116	
		117		120	
		121		124	
		125		128	
		129		132	
		133		136	
		137		140	
		141		144	
		145		148	
		149		152	
		153		156	
		157		160	
		161		164	
		165		168	
		169		172	
		173		176	
		177		180	
		181		184	
		185		188	
		189		192	
		193		196	
		197		200	
		201		204	
		205		208	
		209		212	
		213		216	
		217		220	
		221		224	
		225		228	
		229		232	
		233		236	
		237		240	
		241		244	
		245		248	
		249		252	
		253		256	
		257		260	
		261		264	
		265		268	
		269		272	
		273		276	
		277		280	
		281		284	
		285		288	
		289		292	
		293		296	
		297		300	
		301		304	
		305		308	
		309		312	
		313		316	
		317		320	
		321		324	
		325		328	
		329		332	
		333		336	
		337		340	
		341		344	
		345		348	
		349		352	
		353		356	
		357		360	
		361		364	
		365		368	
		369		372	
		373		376	
		377		380	
		381		384	
		385		388	
		389		392	
		393		396	
		397		400	
		401		404	
		405		408	
		409		412	
		413		416	
		417		420	
		421		424	
		425		428	
		429		432	
		433		436	
		437		440	
		441		444	
		445		448	
	621	52	631	56	303000
		57		61	
		62		66	
		67		71	
		72		76	
		77		81	
		82		86	
	7	7	115	115	00ff00
	8	8	114	114	001000
					003000
point	92	81	00e000
rect	12	320	121	440	001000
tint	15	320	23	333	00ff00	/font/5001/42
	21		29			/font/5001/55
	27		35			/font/5001/49
	33		41			/font/5001/4c
	39		47			/font/5001/44
	45		53			/font/5001/20
	51		59			/font/5001/53
	57		65			/font/5001/48
	63		71			/font/5001/49
	69		77			/font/5001/50
	75		83			/font/5001/53
line	12	342	119	342	009000
tint	15	332	23	345	00ff00	/font/5001/4c
	21		29			/font/5001/61
	27		35			/font/5001/6c
	33		41			/font/5001/61
	39		47			/font/5001/6e
	45		53			/font/5001/64
	51		59			/font/5001/65
	57		65			/font/5001/20
	63		71			/font/5001/41
	69		77			/font/5001/6c
	75		83			/font/5001/70
	81		89			/font/5001/68
	87		95			/font/5001/61
	15	344	23	357	009000	/font/5001/43
	21		29			/font/5001/72
	27		35			/font/5001/75
	33		41			/font/5001/69
	39		47			/font/5001/73
	45		53			/font/5001/65
	51		59			/font/5001/72
	15	356	23	369		/font/5001/47
	21		29			/font/5001/75
	27		35			/font/5001/6e
	33		41			/font/5001/73
	39		47			/font/5001/68
	45		53			/font/5001/69
	51		59			/font/5001/70
	15	368	23	381		/font/5001/41
	21		29			/font/5001/73
	27		35			
	33		41			/font/5001/61
	39		47			/font/5001/75
	45		53			/font/5001/6c
	51		59			/font/5001/74
	57		65			/font/5001/20
	63		71			/font/5001/54
	69		77			/font/5001/72
	75		83			/font/5001/61
	81		89			/font/5001/6e
	87		95			/font/5001/73
	93		101			/font/5001/70
	99		107			/font/5001/6f
	105		113			/font/5001/72
	111		119			/font/5001/74
	15	380	23	393		/font/5001/43
	21		29			/font/5001/61
	27		35			/font/5001/72
	33		41			
	39		47			/font/5001/69
	45		53			/font/5001/65
	51		59			/font/5001/72
	15	392	23	405		/font/5001/48
	21		29			/font/5001/65
	27		35			/font/5001/61
	33		41			/font/5001/76
	39		47			/font/5001/79
	45		53			/font/5001/20
	51		59			/font/5001/44
	57		65			/font/5001/65
	63		71			/font/5001/73
	69		77			/font/5001/74
	75		83			/font/5001/72
	81		89			/font/5001/6f
	87		95			/font/5001/79
	93		101			/font/5001/65
	99		107			/font/5001/72
line	12	415	12	404	009000
		404	120		
	120			415	005000
		415	12		
rect	13	405	120	415	007000
tint	15	404	23	417	003000	/font/5001/54
	21		29			/font/5001/72
	27		35			/font/5001/61
	33		41			/font/5001/6e
	39		47			/font/5001/73
	45		53			/font/5001/70
	51		59			/font/5001/6f
	57		65			/font/5001/72
	63		71			/font/5001/74
line	12	438	119	438	009000
rect	16	450	114	475	001010
line	17	461	17	450	00c0c0
		450	43		
	43			461	007070
		461	17		
rect	18	451	43	461	009090
tint	19	450	27	463	00ffff	/font/5001/52
	25		33			/font/5001/47
	31		39			/font/5001/48
	37		45			/font/5001/54
	43		51			/font/5001/20
	49		57			/font/5001/42
	55		63			/font/5001/75
	61		69			/font/5001/69
	67		75			/font/5001/6c
	73		81			/font/5001/64
line	17	473	17	462	00c0c0
		462	43		
	43			473	007070
		473	17		
rect	18	463	43	473	009090
tint	19	462	27	475	00ffff	/font/5001/4c
	25		33			/font/5001/45
	31		39			/font/5001/46
	37		45			/font/5001/54
	43		51			/font/5001/20
	49		57			/font/5001/4d
	55		63			/font/5001/61
	61		69			/font/5001/69
	67		75			/font/5001/6e
	73		81			/font/5001/20
	79		87			/font/5001/4d
	85		93			/font/5001/65
	91		99			/font/5001/6e
	97		105			/font/5001/75
line	12	191	12	180	ffff00
		180	120		
	120			191	909000
		191	12		
rect	13	181	120	191	c0c000
tint	15	180	23	193	000000	/font/5001/43
	21		29			/font/5001/4f
	27		35			/font/5001/4e
	33		41			/font/5001/54
	39		47			/font/5001/52
	45		53			/font/5001/4f
	51		59			/font/5001/4c
	15	192	23	205	7fff7f	/font/5001/43
	21		29			/font/5001/52
	27		35			/font/5001/55
	33		41			/font/5001/49
	39		47			/font/5001/53
	45		53			/font/5001/45
	51		59			/font/5001/52
draw	20	206	30	224	/sprites/650.SMIV/0
line	14	204	35	204	489048
			14	205	
	35		35		
	14	225		225	
			14	224	
	35		35		
rect	42	206	49	206	003870
				224	0060c0
line	40	204	50	204	00488f
			40	205	
	50		50		
	40	225		225	
			40	224	
	50		50		
rect	55	206	62	206	707000
				224	c0c000
line	53	204	63	204	909000
			53	205	
	63		63		
	53	225		225	
			53	224	
	63		63		
tint	69	204	77	217	7fff7f	/font/5001/4c
	75		83			/font/5001/41
	81		89			/font/5001/53
	87		95			/font/5001/45
	93		101			/font/5001/52
	69	216	77	229		/font/5001/4d
	75		83			/font/5001/47
	81		89			/font/5001/4e
	87		95			/font/5001/54
	93		101			/font/5001/4f
	99		107			/font/5001/50
	105		113			/font/5001/4c
	111		119			/font/5001/53
	12	228	20	241	00ff00	/font/5001/4c
	18		26			/font/5001/61
	24		32			/font/5001/6c
	30		38			/font/5001/61
	36		44			/font/5001/6e
	42		50			/font/5001/64
	48		56			/font/5001/65
	54		62			/font/5001/20
	60		68			/font/5001/41
	66		74			/font/5001/6c
	72		80			/font/5001/70
	78		86			/font/5001/68
	84		92			/font/5001/61
line	12	263	12	252	007fff
		252	120		
	120			263	00488f
		263	12		
rect	13	253	120	263	0060c0
tint	15	252	23	265	000000	/font/5001/54
	21		29			/font/5001/41
	27		35			/font/5001/52
	33		41			/font/5001/47
	39		47			/font/5001/45
	45		53			/font/5001/54
	15	264	23	277	7fff7f	/font/5001/42
	21		29			/font/5001/75
	27		35			/font/5001/6e
	33		41			/font/5001/6b
	39		47			/font/5001/65
	45		53			/font/5001/72
	51		59			/font/5001/20
	57		65			/font/5001/53
	63		71			/font/5001/74
	69		77			/font/5001/61
	75		83			/font/5001/74
	81		89			/font/5001/69
	87		95			/font/5001/6f
	93		101			/font/5001/6e
draw	16	280	34	294	/sprites/643.SMIV/0
line	14	276	35	276	489048
			14	277	
	35		35		
	14	297		297	
			14	296	
	35		35		
rect	42	278	49	278	003870
				296	0060c0
line	40	276	50	276	00488f
			40	277	
	50		50		
	40	297		297	
			40	296	
	50		50		
rect	55	278	62	278	707000
				296	c0c000
line	53	276	63	276	909000
			53	277	
	63		63		
	53	297		297	
			53	296	
	63		63		
tint	69	276	77	289	7fff7f	/font/5001/52
	75		83			/font/5001/45
	81		89			/font/5001/50
	87		95			/font/5001/55
	93		101			/font/5001/4c
	99		107			/font/5001/53
	105		113			/font/5001/45
	111		119			/font/5001/52
	69	288	77	301		/font/5001/50
	75		83			/font/5001/55
	81		89			/font/5001/4c
	87		95			/font/5001/53
	93		101			/font/5001/43
	99		107			/font/5001/41
	105		113			/font/5001/4e
	111		119			
