point	245	318	b0b0b0
	530	177	
	493	256	d0d0d0
	300	435	b0b0b0
	448	346	d0d0d0
	254		
	303	218	b0b0b0
	487	34	
	325	216	d0d0d0
	343	437	b0b0b0
	519	177	808080
	350	188	d0d0d0
	285	20	808080
	376	309	d0d0d0
	404	395	
	477	315	
	520	166	b0b0b0
	504	432	
	267	316	d0d0d0
	579	113	
	207	218	808080
	288	172	b0b0b0
	310	189	d0d0d0
	281	466	
	268	76	808080
	394	29	
	459	479	d0d0d0
	389	88	b0b0b0
	267	326	
	406	336	d0d0d0
	380	438	b0b0b0
	584	381	d0d0d0
	429	317	808080
	451	116	d0d0d0
	496	66	808080
	196	207	d0d0d0
	400	201	b0b0b0
	515	135	808080
	533	90	b0b0b0
	305	420	d0d0d0
	424	301	
	332	32	
	375	471	
	281	255	b0b0b0
	507	215	
	352	7	d0d0d0
	134	25	
	246	438	808080
	514	327	b0b0b0
	316	149	
	320	48	
	605	208	d0d0d0
	448	236	808080
	497	256	b0b0b0
	531	426	808080
	365	364	
	174	241	b0b0b0
	421	372	
	268	154	808080
	469	186	
	154	214	
	571	314	d0d0d0
	159	219	808080
	503	54	
	213	148	
	142	389	d0d0d0
	599	200	808080
	370	158	d0d0d0
	451	383	
	558	2	808080
	363	275	d0d0d0
	539	348	808080
	582	207	d0d0d0
	357	140	b0b0b0
	253	81	d0d0d0
	532	396	b0b0b0
	174	207	808080
	225	266	d0d0d0
	456	336	b0b0b0
	355	165	808080
	568	308	b0b0b0
	447	418	d0d0d0
	433	80	808080
	432	350	b0b0b0
	270	74	808080
	546	413	d0d0d0
	371	28	808080
	329	359	b0b0b0
	585	368	808080
	267	297	d0d0d0
	214	178	
	390	356	808080
	600	333	b0b0b0
	516	328	808080
	511	213	b0b0b0
	320	317	d0d0d0
	537	278	808080
	178	279	b0b0b0
	302	167	
	327	318	808080
	542	371	d0d0d0
	574	423	808080
	194	242	
	176	311	b0b0b0
	321	413	d0d0d0
	554	310	808080
	175	298	b0b0b0
	603	116	
	439	55	d0d0d0
	581	82	b0b0b0
	321	32	808080
	283	433	
	201	108	b0b0b0
	379	254	d0d0d0
	186	433	
	597	98	
	186	155	
	395	137	
	310	435	
	552	389	808080
	594	243	
	375	255	b0b0b0
	176	206	d0d0d0
	160	53	b0b0b0
	134	394	808080
line	273	0	273	480	005000
	429		429		
	585		585		
	128	90	608	90	
		246		246	
		402		402	
rect	455	275	471	291	009000
	416	68	424	76	0060c0
	3	54	11	62	
	239	56	247	64	
	30	171	38	179	
triangle	32	173	36	177	0060c0
	361	233	373	245	00c000
	473	286	481	294	
	456	280	464	288	
	467	268	475	276	
	458	279	466	287	
		282		290	
	393	255	403	265	
rect	28	435	36	443	0060c0
plus	450	271	460	281	00c000
dither	367	219	520	236	001830
tint	371	223	379	235	000000	/font/5000/48
	378		386			/font/5000/65
	385		393			/font/5000/61
	392		400			/font/5000/76
	399		407			/font/5000/79
	406		414			/font/5000/20
	413		421			/font/5000/44
	420		428			/font/5000/65
	427		435			/font/5000/73
	434		442			/font/5000/74
	441		449			/font/5000/72
	448		456			/font/5000/6f
	455		463			/font/5000/79
	462		470			/font/5000/65
	469		477			/font/5000/72
	476		484			/font/5000/20
	483		491			/font/5000/3c
	490		498			/font/5000/20
	497		505			/font/5000/31
	504		512			/font/5000/20
	511		519			/font/5000/3e
	370	222	378	234	007fff	/font/5000/48
	377		385			/font/5000/65
	384		392			/font/5000/61
	391		399			/font/5000/76
	398		406			/font/5000/79
	405		413			/font/5000/20
	412		420			/font/5000/44
	419		427			/font/5000/65
	426		434			/font/5000/73
	433		441			/font/5000/74
	440		448			/font/5000/72
	447		455			/font/5000/6f
	454		462			/font/5000/79
	461		469			/font/5000/65
	468		476			/font/5000/72
	475		483			/font/5000/20
	482		490			/font/5000/3c
	489		497			/font/5000/20
	496		504			/font/5000/31
	503		511			/font/5000/20
	510		518			/font/5000/3e
line	526	359	520	345	489048
			511	358	
	520	345			204020
draw	0	0	128	480	/pictures/501.png
	608		640		/pictures/512.png
tint	29	159	37	172	ff0000	/font/5001/31
	35		43			/font/5001/35
	41		49			/font/5001/30
	102		110		ff7f00	/font/5001/31
	108		116			/font/5001/35
	114		122			/font/5001/30
line	614	456	614	359	007fff
		359	622		
	622			456	00488f
		456	614		
rect	615	360	622	456	0070e0
line	614	328	614	231	ffff7f
		231	622		
	622			328	909048
		328	614		
rect	615	232	622	328	e0e070
line	614	200	614	103	ff7f7f
		103	622		
	622			200	904848
		200	614		
rect	615	104	622	200	e07070
line	618	8	629	8	90488f
			618	9	
	629		629		
	618	36		36	
			618	35	
	629		629		
rect	620	10	628	35	703870
		17			c060c0
	634	49	636	52	7fff7f
		53		56	60c060
		57		60	703800
		61		64	
		65		68	183018
		69		72	
		73		76	
		77		80	
		81		84	
		85		88	
		89		92	
		93		96	
		97		100	
		101		104	
		105		108	
		109		112	
		113		116	
		117		120	
		121		124	
		125		128	
		129		132	
		133		136	
		137		140	
		141		144	
		145		148	
		149		152	
		153		156	
		157		160	
		161		164	
		165		168	
		169		172	
		173		176	
		177		180	
		181		184	
		185		188	
		189		192	
		193		196	
		197		200	
		201		204	
		205		208	
		209		212	
		213		216	
		217		220	
		221		224	
		225		228	
		229		232	
		233		236	
		237		240	
		241		244	
		245		248	
		249		252	
		253		256	
		257		260	
		261		264	
		265		268	
		269		272	
		273		276	
		277		280	
		281		284	
		285		288	
		289		292	
		293		296	
		297		300	
		301		304	
		305		308	
		309		312	
		313		316	
		317		320	
		321		324	
		325		328	
		329		332	
		333		336	
		337		340	
		341		344	
		345		348	
		349		352	
		353		356	
		357		360	
		361		364	
		365		368	
		369		372	
		373		376	
		377		380	
		381		384	
		385		388	
		389		392	
		393		396	
		397		400	
		401		404	
		405		408	
		409		412	
		413		416	
		417		420	
		421		424	
		425		428	
		429		432	
		433		436	
		437		440	
		441		444	
		445		448	
	621	52	631	56	303000
		57		61	
		62		66	
		67		71	
		72		76	
		77		81	
		82		86	
	7	7	115	115	00ff00
	8	8	114	114	001000
					003000
point	93	82	00e000
rect	12	320	121	440	001000
tint	15	320	23	333	00ff00	/font/5001/42
	21		29			/font/5001/55
	27		35			/font/5001/49
	33		41			/font/5001/4c
	39		47			/font/5001/44
	45		53			/font/5001/20
	51		59			/font/5001/53
	57		65			/font/5001/48
	63		71			/font/5001/49
	69		77			/font/5001/50
	75		83			/font/5001/53
line	12	342	119	342	009000
tint	15	332	23	345	00ff00	/font/5001/4c
	21		29			/font/5001/61
	27		35			/font/5001/6c
	33		41			/font/5001/61
	39		47			/font/5001/6e
	45		53			/font/5001/64
	51		59			/font/5001/65
	57		65			/font/5001/20
	63		71			/font/5001/41
	69		77			/font/5001/6c
	75		83			/font/5001/70
	81		89			/font/5001/68
	87		95			/font/5001/61
	15	344	23	357	009000	/font/5001/43
	21		29			/font/5001/72
	27		35			/font/5001/75
	33		41			/font/5001/69
	39		47			/font/5001/73
	45		53			/font/5001/65
	51		59			/font/5001/72
	15	356	23	369		/font/5001/47
	21		29			/font/5001/75
	27		35			/font/5001/6e
	33		41			/font/5001/73
	39		47			/font/5001/68
	45		53			/font/5001/69
	51		59			/font/5001/70
	15	368	23	381		/font/5001/41
	21		29			/font/5001/73
	27		35			
	33		41			/font/5001/61
	39		47			/font/5001/75
	45		53			/font/5001/6c
	51		59			/font/5001/74
	57		65			/font/5001/20
	63		71			/font/5001/54
	69		77			/font/5001/72
	75		83			/font/5001/61
	81		89			/font/5001/6e
	87		95			/font/5001/73
	93		101			/font/5001/70
	99		107			/font/5001/6f
	105		113			/font/5001/72
	111		119			/font/5001/74
	15	380	23	393		/font/5001/43
	21		29			/font/5001/61
	27		35			/font/5001/72
	33		41			
	39		47			/font/5001/69
	45		53			/font/5001/65
	51		59			/font/5001/72
	15	392	23	405		/font/5001/48
	21		29			/font/5001/65
	27		35			/font/5001/61
	33		41			/font/5001/76
	39		47			/font/5001/79
	45		53			/font/5001/20
	51		59			/font/5001/44
	57		65			/font/5001/65
	63		71			/font/5001/73
	69		77			/font/5001/74
	75		83			/font/5001/72
	81		89			/font/5001/6f
	87		95			/font/5001/79
	93		101			/font/5001/65
	99		107			/font/5001/72
line	12	415	12	404	009000
		404	120		
	120			415	005000
		415	12		
rect	13	405	120	415	007000
tint	15	404	23	417	003000	/font/5001/54
	21		29			/font/5001/72
	27		35			/font/5001/61
	33		41			/font/5001/6e
	39		47			/font/5001/73
	45		53			/font/5001/70
	51		59			/font/5001/6f
	57		65			/font/5001/72
	63		71			/font/5001/74
line	12	438	119	438	009000
rect	16	450	114	475	001010
line	17	461	17	450	00c0c0
		450	43		
	43			461	007070
		461	17		
rect	18	451	43	461	009090
tint	19	450	27	463	00ffff	/font/5001/52
	25		33			/font/5001/47
	31		39			/font/5001/48
	37		45			/font/5001/54
	43		51			/font/5001/20
	49		57			/font/5001/42
	55		63			/font/5001/75
	61		69			/font/5001/69
	67		75			/font/5001/6c
	73		81			/font/5001/64
line	17	473	17	462	00c0c0
		462	43		
	43			473	007070
		473	17		
rect	18	463	43	473	009090
tint	19	462	27	475	00ffff	/font/5001/4c
	25		33			/font/5001/45
	31		39			/font/5001/46
	37		45			/font/5001/54
	43		51			/font/5001/20
	49		57			/font/5001/4d
	55		63			/font/5001/61
	61		69			/font/5001/69
	67		75			/font/5001/6e
	73		81			/font/5001/20
	79		87			/font/5001/4d
	85		93			/font/5001/65
	91		99			/font/5001/6e
	97		105			/font/5001/75
line	12	191	12	180	ffff00
		180	119		
	119			191	909000
		191	12		
rect	13	181	119	191	c0c000
tint	15	180	23	193	000000	/font/5001/43
	21		29			/font/5001/4f
	27		35			/font/5001/4e
	33		41			/font/5001/54
	39		47			/font/5001/52
	45		53			/font/5001/4f
	51		59			/font/5001/4c
	15	192	23	205	7fff7f	/font/5001/48
	21		29			/font/5001/56
	27		35			/font/5001/44
	33		41			/font/5001/53
	39		47			/font/5001/54
	45		53			/font/5001/52
	51		59			/font/5001/59
	57		65			/font/5001/52
draw	16	207	34	223	/sprites/646.SMIV/0
line	14	204	35	204	489048
			14	205	
	35		35		
	14	225		225	
			14	224	
	35		35		
rect	42	206	49	206	003870
				224	0060c0
line	40	204	50	204	00488f
			40	205	
	50		50		
	40	225		225	
			40	224	
	50		50		
rect	55	206	62	206	707000
				224	c0c000
line	53	204	63	204	909000
			53	205	
	63		63		
	53	225		225	
			53	224	
	63		63		
tint	69	204	77	217	7fff7f	/font/5001/4c
	75		83			/font/5001/42
	81		89			/font/5001/45
	87		95			/font/5001/41
	93		101			/font/5001/4d
	99		107			/font/5001/20
	105		113			/font/5001/31
	69	216	77	229		/font/5001/46
	75		83			/font/5001/55
	81		89			/font/5001/4c
	87		95			
	93		101			/font/5001/50
	99		107			/font/5001/4c
	105		113			/font/5001/53
	111		119			/font/5001/45
	69	192	77	205		/font/5001/43
	75		83			/font/5001/4d
	81		89			/font/5001/49
	87		95			/font/5001/53
	93		101			
	99		107			/font/5001/49
	105		113			/font/5001/4c
	111		119			/font/5001/45
	12	228	20	241	ff0000	/font/5001/42
	18		26			/font/5001/75
	24		32			/font/5001/6e
	30		38			/font/5001/6b
	36		44			/font/5001/65
	42		50			/font/5001/72
	48		56			/font/5001/20
	54		62			/font/5001/53
	60		68			/font/5001/74
	66		74			/font/5001/61
	72		80			/font/5001/74
	78		86			/font/5001/69
	84		92			/font/5001/6f
	90		98			/font/5001/6e
line	12	263	12	252	007fff
		252	119		
	119			263	00488f
		263	12		
rect	13	253	119	263	0060c0
tint	15	252	23	265	000000	/font/5001/54
	21		29			/font/5001/41
	27		35			/font/5001/52
	33		41			/font/5001/47
	39		47			/font/5001/45
	45		53			/font/5001/54
	15	264	23	277	7fff7f	/font/5001/42
	21		29			/font/5001/75
	27		35			/font/5001/6e
	33		41			/font/5001/6b
	39		47			/font/5001/65
	45		53			/font/5001/72
	51		59			/font/5001/20
	57		65			/font/5001/53
	63		71			/font/5001/74
	69		77			/font/5001/61
	75		83			/font/5001/74
	81		89			/font/5001/69
	87		95			/font/5001/6f
	93		101			/font/5001/6e
draw	16	280	34	294	/sprites/643.SMIV/0
line	14	276	35	276	489048
			14	277	
	35		35		
	14	297		297	
			14	296	
	35		35		
rect	42	278	49	278	003870
				296	0060c0
line	40	276	50	276	00488f
			40	277	
	50		50		
	40	297		297	
			40	296	
	50		50		
rect	55	278	62	278	707000
				296	c0c000
line	53	276	63	276	909000
			53	277	
	63		63		
	53	297		297	
			53	296	
	63		63		
tint	69	276	77	289	7fff7f	/font/5001/52
	75		83			/font/5001/45
	81		89			/font/5001/50
	87		95			/font/5001/55
	93		101			/font/5001/4c
	99		107			/font/5001/53
	105		113			/font/5001/45
	111		119			/font/5001/52
	69	288	77	301		/font/5001/50
	75		83			/font/5001/55
	81		89			/font/5001/4c
	87		95			/font/5001/53
	93		101			/font/5001/43
	99		107			/font/5001/41
	105		113			/font/5001/4e
	111		119			
