point	248	319	b0b0b0
	533	178	
	497	257	d0d0d0
	303	436	b0b0b0
	452	347	d0d0d0
	258		
	306	219	b0b0b0
	490	36	
	329	217	d0d0d0
	346	438	b0b0b0
	521	178	808080
	354	189	d0d0d0
	287	21	808080
	380	310	d0d0d0
	408	396	
	481	316	
	523	167	b0b0b0
	507	433	
	271	317	d0d0d0
	583	114	
	209	219	808080
	291	173	b0b0b0
	314	190	d0d0d0
	285	467	
	270	77	808080
	396	30	
	281	0	
	392	89	b0b0b0
	270	327	
	410	337	d0d0d0
	383	439	b0b0b0
	588	382	d0d0d0
	431	318	808080
	455	117	d0d0d0
	498	67	808080
	200	209	d0d0d0
	403	202	b0b0b0
	517	136	808080
	536	91	b0b0b0
	309	421	d0d0d0
	428	302	
	336	34	
	379	472	
	284	256	b0b0b0
	510	216	
	356	9	d0d0d0
	138	27	
	248	439	808080
	517	328	b0b0b0
	319	150	
	323	49	
	130	311	d0d0d0
	450	237	808080
	500	257	b0b0b0
	533	427	808080
	367	365	
	177	242	b0b0b0
	424	373	
	270	155	808080
	471	187	
	156	215	
	575	315	d0d0d0
	161	220	808080
	505	55	
	215	149	
	146	391	d0d0d0
	601	201	808080
	374	159	d0d0d0
	455	384	
	560	2	808080
	367	276	d0d0d0
	541	349	808080
	586	208	d0d0d0
	360	141	b0b0b0
	257	82	d0d0d0
	535	397	b0b0b0
	176	208	808080
	229	267	d0d0d0
	459	337	b0b0b0
	357	166	808080
	571	309	b0b0b0
	451	419	d0d0d0
	435	81	808080
		351	b0b0b0
	272	75	808080
	550	414	d0d0d0
	373	29	808080
	332	360	b0b0b0
	587	369	808080
	271	298	d0d0d0
	218	179	
	392	357	808080
	603	334	b0b0b0
	518	329	808080
	514	214	b0b0b0
	324	318	d0d0d0
	539	279	808080
	181	280	b0b0b0
	305	168	
	329	319	808080
	546	372	d0d0d0
	576	424	808080
	196	243	
	179	312	b0b0b0
	325	414	d0d0d0
	556	311	808080
	178	299	b0b0b0
	606	117	
	443	56	d0d0d0
	584	83	b0b0b0
	323	33	808080
	285	434	
	204	109	b0b0b0
	383	255	d0d0d0
	190	435	
	601	99	
	190	157	
	399	138	
	314	436	
	554	390	808080
	596	244	
	378	256	b0b0b0
	180	208	d0d0d0
	163	55	b0b0b0
	135	395	808080
rect	276	0	277	481	005000
	434		435		
	592		593		
	128	90	609	91	
		248		249	
		406		407	
	460	278	476	294	009000
	424	71	432	79	0060c0
	2	50	10	58	
	242	53	250	61	
	30	169	38	177	
triangle	32	171	36	175	0060c0
	361	233	373	245	00c000
	478	288	486	296	
	461	283	469	291	
	472	271	480	279	
	463	282	471	290	
		285		293	
	394	255	404	265	
rect	26	436	34	444	0060c0
plus	452	272	462	282	00c000
dither	399	270	454	287	303000
crop	403	274	410	285	56	44	000000	/fonts/tactical.png
	410		417		40	77		
	417		424		112	66		
	424		431		24	77		
	431		438		64	66		
	438		445		72			
	445		452		0	77		
	402	273	409	284	56	44	ffff00	
	409		416		40	77		
	416		423		112	66		
	423		430		24	77		
	430		437		64	66		
	437		444		72			
	444		451		0	77		
line	526	359	520	345	489048
			511	358	
	520	345			204020
draw	0	-144	128	624	/interfaces/instruments/left.png
	608		640		/interfaces/instruments/right.png
crop	29	159	35	171	8	36	ff0000	/fonts/computer.png
	35		41		40			
	41		47		0			
	102		108		8		ff7f00	
	108		114		40			
	114		120		0			
rect	614	359	615	457	007fff
			623	360	
	622			457	00488f
	614	456			
	615	360	622	456	0070e0
	614	231	615	329	ffff7f
			623	232	
	622			329	909048
	614	328			
	615	232	622	328	e0e070
	614	103	615	201	ff7f7f
			623	104	
	622			201	904848
	614	200			
	615	104	622	200	e07070
	618	8	630	9	90488f
			619	10	
	629		630		
	618	36		37	
		35	619		
	629		630		
	620	10	628	35	703870
		20			c060c0
	634	49	636	52	7fff7f
		53		56	60c060
		57		60	
		61		64	703800
		65		68	183018
		69		72	
		73		76	
		77		80	
		81		84	
		85		88	
		89		92	
		93		96	
		97		100	
		101		104	
		105		108	
		109		112	
		113		116	
		117		120	
		121		124	
		125		128	
		129		132	
		133		136	
		137		140	
		141		144	
		145		148	
		149		152	
		153		156	
		157		160	
		161		164	
		165		168	
		169		172	
		173		176	
		177		180	
		181		184	
		185		188	
		189		192	
		193		196	
		197		200	
		201		204	
		205		208	
		209		212	
		213		216	
		217		220	
		221		224	
		225		228	
		229		232	
		233		236	
		237		240	
		241		244	
		245		248	
		249		252	
		253		256	
		257		260	
		261		264	
		265		268	
		269		272	
		273		276	
		277		280	
		281		284	
		285		288	
		289		292	
		293		296	
		297		300	
		301		304	
		305		308	
		309		312	
		313		316	
		317		320	
		321		324	
		325		328	
		329		332	
		333		336	
		337		340	
		341		344	
		345		348	
		349		352	
		353		356	
		357		360	
		361		364	
		365		368	
		369		372	
		373		376	
		377		380	
		381		384	
		385		388	
		389		392	
		393		396	
		397		400	
		401		404	
		405		408	
		409		412	
		413		416	
		417		420	
		421		424	
		425		428	
		429		432	
		433		436	
		437		440	
		441		444	
		445		448	
	621	52	631	56	303000
		57		61	
		62		66	
		67		71	
		72		76	
		77		81	
		82		86	
	7	7	115	115	00ff00
	8	8	114	114	001000
					003000
point	93	81	00e000
rect	12	320	121	440	001000
		342	120	343	009000
		404	13	416	
			121	405	
	120			416	005000
	12	415			
	13	405	120	415	007000
	12	438		439	009000
	16	450	114	475	001010
	17		18	462	00c0c0
			44	451	
	43			462	007070
	17	461			
	18	451	43	461	009090
	17	462	18	474	00c0c0
			44	463	
	43			474	007070
	17	473			
	18	463	43	473	009090
crop	15	320	21	332	16	48	00ff00	/fonts/computer.png
	21		27		40	60		
	27		33		72	48		
	33		39		96			
	39		45		32			
	45		51		0	24		
	51		57		24	60		
	57		63		64	48		
	63		69		72			
	69		75		0	60		
	75		81		24			
	15	332	21	344	96	48		
	21		27		8	72		
	27		33		96			
	33		39		8			
	39		45		112			
	45		51		32			
	51		57		40			
	57		63		0	24		
	63		69		8	48		
	69		75		96	72		
	75		81		0	84		
	81		87		64	72		
	87		93		8			
	15	344	21	356	24	48	009000	
	21		27		16	84		
	27		33		40			
	33		39		72	72		
	39		45		24	84		
	45		51		40	72		
	51		57		16	84		
	15	356	21	368	56	48		
	21		27		40	84		
	27		33		112	72		
	33		39		24	84		
	39		45		64	72		
	45		51		72			
	51		57		0	84		
	15	368	21	380	8	48		
	21		27		24	84		
	27		33					
	33		39		8	72		
	39		45		40	84		
	45		51		96	72		
	51		57		32	84		
	57		63		0	24		
	63		69		32	60		
	69		75		16	84		
	75		81		8	72		
	81		87		112			
	87		93		24	84		
	93		99		0			
	99		105		120	72		
	105		111		16	84		
	111		117		32			
	15	380	21	392	24	48		
	21		27		8	72		
	27		33		16	84		
	33		39					
	39		45		72	72		
	45		51		40			
	51		57		16	84		
	15	392	21	404	64	48		
	21		27		40	72		
	27		33		8			
	33		39		48	84		
	39		45		72			
	45		51		0	24		
	51		57		32	48		
	57		63		40	72		
	63		69		24	84		
	69		75		32			
	75		81		16			
	81		87		120	72		
	87		93		72	84		
	93		99		40	72		
	99		105		16	84		
	15	404	21	416	32	60	003000	
	21		27		16	84		
	27		33		8	72		
	33		39		112			
	39		45		24	84		
	45		51		0			
	51		57		120	72		
	57		63		16	84		
	63		69		32			
	19	450	25	462	16	60	00ffff	
	25		31		56	48		
	31		37		64			
	37		43		32	60		
	43		49		0	24		
	49		55		16	48		
	55		61		40	84		
	61		67		72	72		
	67		73		96			
	73		79		32			
	19	462	25	474	96	48		
	25		31		40			
	31		37		48			
	37		43		32	60		
	43		49		0	24		
	49		55		104	48		
	55		61		8	72		
	61		67		72			
	67		73		112			
	73		79		0	24		
	79		85		104	48		
	85		91		40	72		
	91		97		112			
	97		103		40	84		
rect	12	180	13	192	ffff00
			121	181	
	120			192	909000
	12	191			
	13	181	120	191	c0c000
crop	15	180	21	192	24	48	000000	/fonts/computer.png
	21		27		120			
	27		33		112			
	33		39		32	60		
	39		45		16			
	45		51		120	48		
	51		57		96			
	15	192	21	204	56		7fff7f	
	21		27		40	60		
	27		33		112	48		
	33		39		24	60		
	39		45		64	48		
	45		51		72			
	51		57		0	60		
draw	16	208	34	222	/sprites/ish/gunship%0
rect	14	204	36	205	489048
			15	206	
	35		36		
	14	225		226	
		224	15		
	35		36		
	42	206	49	206	003870
				224	0060c0
	40	204	51	205	00488f
			41	206	
	50		51		
	40	225		226	
		224	41		
	50		51		
	55	206	62	206	707000
				224	c0c000
	53	204	64	205	909000
			54	206	
	63		64		
	53	225		226	
		224	54		
	63		64		
crop	69	204	75	216	0	60	7fff7f	/fonts/computer.png
	75		81		88	48		
	81		87		16			
	87		93		40			
	93		99		8			
	99		105		104			
	105		111		0	24		
	111		117		8	36		
	69	216	75	228	96	48		
	75		81		16			
	81		87		40			
	87		93		8			
	93		99		104			
	99		105		0	24		
	105		111		8	36		
	12	228	18	240	64	48	00ff00	
	18		24		40	72		
	24		30		8			
	30		36		48	84		
	36		42		72			
	42		48		0	24		
	48		54		32	48		
	54		60		40	72		
	60		66		24	84		
	66		72		32			
	72		78		16			
	78		84		120	72		
	84		90		72	84		
	90		96		40	72		
	96		102		16	84		
rect	12	252	13	264	007fff
			121	253	
	120			264	00488f
	12	263			
	13	253	120	263	0060c0
crop	15	252	21	264	32	60	000000	/fonts/computer.png
	21		27		8	48		
	27		33		16	60		
	33		39		56	48		
	39		45		40			
	45		51		32	60		
	15	264	21	276	64	48	7fff7f	
	21		27		48	60		
	27		33		32	48		
	33		39		24	60		
	39		45		32			
	45		51		16			
	51		57		72			
	57		63		16			
draw	16	279	34	295	/sprites/ish/hvd%0
rect	14	276	36	277	489048
			15	278	
	35		36		
	14	297		298	
		296	15		
	35		36		
	42	278	49	278	003870
				296	0060c0
	40	276	51	277	00488f
			41	278	
	50		51		
	40	297		298	
		296	41		
	50		51		
	55	278	62	278	707000
				296	c0c000
	53	276	64	277	909000
			54	278	
	63		64		
	53	297		298	
		296	54		
	63		64		
crop	69	276	75	288	96	48	7fff7f	/fonts/computer.png
	75		81		16			
	81		87		40			
	87		93		8			
	93		99		104			
	99		105		0	24		
	105		111		8	36		
	69	288	75	300	48	48		
	75		81		40	60		
	81		87		96	48		
	87		93					
	93		99		0	60		
	99		105		96	48		
	105		111		24	60		
	111		117		40	48		
	69	264	75	276	24			
	75		81		104			
	81		87		72			
	87		93		24	60		
	93		99					
	99		105		72	48		
	105		111		96			
	111		117		40			
