line	307	344	307	344	b0b0b0
	592	203	592	203	
	576	292	576	292	d0d0d0
	362	461	362	461	b0b0b0
	531	382	531	382	d0d0d0
	337		337		
	365	244	365	244	b0b0b0
	549	61	549	61	
	408	252	408	252	d0d0d0
	405	463	405	463	b0b0b0
	559	194	559	194	808080
	433	224	433	224	d0d0d0
	325	37	325	37	808080
	459	345	459	345	d0d0d0
	487	431	487	431	
	560	351	560	351	
	582	192	582	192	b0b0b0
	566	458	566	458	
	350	352	350	352	d0d0d0
	155	420	155	420	808080
	247	235	247	235	
	350	198	350	198	b0b0b0
	393	225	393	225	d0d0d0
	478	16	478	16	b0b0b0
	308	93	308	93	808080
	434	46	434	46	
	319	17	319	17	
	451	114	451	114	b0b0b0
	329	352	329	352	
	489	372	489	372	d0d0d0
	442	464	442	464	b0b0b0
	188	45	188	45	d0d0d0
	469	334	469	334	808080
	534	152	534	152	d0d0d0
	536	83	536	83	808080
	279	244	279	244	d0d0d0
	462	227	462	227	b0b0b0
	555	152	555	152	808080
	595	116	595	116	b0b0b0
	388	456	388	456	d0d0d0
	507	337	507	337	
	415	69	415	69	
	518	20	518	20	b0b0b0
	343	281	343	281	
	569	241	569	241	
	436	44	435	44	d0d0d0
	217	62	217	62	
	286	455	286	455	808080
	576	353	576	353	b0b0b0
	378	175	378	175	
	382	74	382	74	
	209	346	209	346	d0d0d0
	488	253	488	253	808080
	559	282	559	282	b0b0b0
	571	443	571	443	808080
	405	381	405	381	
	236	268	235	268	b0b0b0
	483	398	483	398	
	308	171	308	171	808080
	509	203	509	203	
	195	232	194	232	
	175	380	175	380	d0d0d0
	199	236	199	236	808080
	543	71	543	71	
	253	165	253	165	
	225	426	225	426	d0d0d0
	160	51	160	51	808080
	453	194	453	194	d0d0d0
	534	419	534	419	
	598	19	598	19	808080
	446	311	446	311	d0d0d0
	579	365	579	365	808080
	171	229	171	229	b0b0b0
	419	166	419	166	
	336	117	336	117	d0d0d0
	594	422	594	422	b0b0b0
	214	224	214	224	808080
	308	302	308	302	d0d0d0
	518	362	518	362	b0b0b0
	395	182	395	182	808080
	157	159	157	159	d0d0d0
	530	454	530	454	
	473	97	473	97	808080
	494	376	494	376	b0b0b0
	310	91	310	91	808080
	150	349	150	349	d0d0d0
	411	45	411	45	808080
	391	385	391	385	b0b0b0
	165	415	165	415	d0d0d0
	350	333	350	333	
	297	214	297	214	
	430	373	430	373	808080
	201	143	201	143	d0d0d0
	556	345	556	345	808080
	573	239	573	239	b0b0b0
	403	353	403	353	d0d0d0
	577	295	577	295	808080
	240	305	240	305	b0b0b0
	364	193	364	193	
	367	335	367	335	808080
	137	235	137	235	
	142	111	142	111	d0d0d0
	234	259	234	259	808080
	238	337	238	337	b0b0b0
	404	449	404	449	d0d0d0
	594	327	594	327	808080
	237	324	237	324	b0b0b0
	165	78	165	78	808080
	522	91	522	91	d0d0d0
	175	107	175	107	
	361	49	361	49	808080
	323	450	323	450	
	263	134	263	134	b0b0b0
	462	290	462	290	d0d0d0
	269	470	269	470	
	201	162	201	162	
	270	192	269	192	
	478	173	478	173	
	393	471	393	471	
	592	406	592	406	808080
	183	200	183	200	d0d0d0
	437	281	437	281	b0b0b0
	259	243	259	243	d0d0d0
	221	80	221	80	b0b0b0
	174	411	174	411	808080
rect	231	0	232	481	005000
	335		336		
	439		440		
	543		544		
	128	10	609	11	
		114		115	
		218		219	
		322		323	
		426		427	
	436	268	452	284	009000
	217	151	233	167	900000
	328	211	342	225	00488f
	348	175	362	189	
	311	245	325	259	
	348	275	356	283	0060c0
	445	247	453	255	
	214	189	222	197	
	266	199	274	207	
triangle	268	201	272	205	0060c0
rect	425	228	433	236	0060c0
	248	154	256	162	
	388	215	396	223	
	329	143	337	151	
	347	169	355	177	
	240	210	248	218	
	387	233	395	241	
	336	178	344	186	
	410	170	418	178	
	365	222	373	230	
	288	252	296	260	
	376	193	384	201	
	265	255	273	263	
	408	223	416	231	
	366	189	374	197	
	367	164	375	172	
	277	278	285	286	
triangle	279	280	283	284	0060c0
rect	386	184	394	192	0060c0
	341	199	349	207	
triangle	343	201	347	205	0060c0
rect	325	177	333	185	0060c0
triangle	327	179	331	183	0060c0
rect	300	257	308	265	0060c0
	331	235	339	243	
	370	241	378	249	
triangle	372	243	376	247	0060c0
rect	339	179	347	187	0060c0
	334	173	342	181	
	296	155	304	163	
	338	152	346	160	
	321	274	329	282	
	294	273	302	281	
	327	281	335	289	
triangle	329	283	333	287	0060c0
rect	308	137	316	145	0060c0
triangle	361	233	373	245	00c000
	377	239	385	247	
	378	240	386	248	
	377		385		
	390	246	398	254	
	400	252	408	260	
diamond	219	152	235	168	c00000
rect	356	273	364	281	0060c0
triangle	219	154	229	164	c00000
rect	316	128	324	136	0060c0
triangle	386	244	396	254	00c000
	220	155	228	163	c00000
rect	362	284	370	292	0060c0
plus	427	264	437	274	00c000
	228	161	238	171	c00000
triangle	229	161	237	169	c00000
plus	433	268	443	278	00c000
rect	362	313	370	321	0060c0
	293	112	301	120	
dither	381	253	436	270	303000
crop	385	257	392	268	24	44	000000	/fonts/tactical
	392		399		16	77		
	399		406		40			
	406		413		72	66		
	413		420		24	77		
	420		427		40	66		
	427		434		16	77		
	384	256	391	267	24	44	ffff00	
	391		398		16	77		
	398		405		40			
	405		412		72	66		
	412		419		24	77		
	419		426		40	66		
	426		433		16	77		
dither	225	139	357	156	001830
crop	229	143	236	154	96	44	000000	/fonts/tactical
	236		243		8	66		
	243		250		96			
	250		257		8			
	257		264		112			
	264		271		32			
	271		278		40			
	278		285		0	22		
	285		292		16	44		
	292		299		40	66		
	299		306		32	77		
	306		313		8	66		
	313		320		0	22		
	320		327		96	33		
	327		334		0	22		
	334		341		24	33		
	341		348		0	22		
	348		355		112	33		
	228	142	235	153	96	44	007fff	
	235		242		8	66		
	242		249		96			
	249		256		8			
	256		263		112			
	263		270		32			
	270		277		40			
	277		284		0	22		
	284		291		16	44		
	291		298		40	66		
	298		305		32	77		
	305		312		8	66		
	312		319		0	22		
	319		326		96	33		
	326		333		0	22		
	333		340		24	33		
	340		347		0	22		
	347		354		112	33		
line	168	236	181	244	489048
				229	
	181	244			204020
draw	0	0	128	480	/pictures/501.png
	608		640		/pictures/512.png
crop	29	159	35	171	8	36	ff0000	/fonts/computer
	35		41		40			
	41		47		0			
	102		108		8		ff7f00	
	108		114		40			
	114		120		0			
rect	614	359	615	457	007fff
			623	360	
	622			457	00488f
	614	456			
	615	360	622	456	0070e0
	614	231	615	245	909048
			623	232	
	622			245	505028
	614	244			
	615	232	622	244	707038
	614	245	615	329	ffff7f
			623	246	
	622			329	909048
	614	328			
	615	246	622	328	e0e070
	614	103	615	201	ff7f7f
			623	104	
	622			201	904848
	614	200			
	615	104	622	200	e07070
	618	8	630	9	90488f
			619	10	
	629		630		
	618	36		37	
		35	619		
	629		630		
	620	10	628	35	703870
		35			c060c0
	634	49	636	52	007fff
		53		56	0060c0
		57		60	
		61		64	
		65		68	
		69		72	183018
		73		76	
		77		80	
		81		84	
		85		88	
		89		92	
		93		96	
		97		100	
		101		104	
		105		108	
		109		112	
		113		116	
		117		120	
		121		124	
		125		128	
		129		132	
		133		136	
		137		140	
		141		144	
		145		148	
		149		152	
		153		156	
		157		160	
		161		164	
		165		168	
		169		172	
		173		176	
		177		180	
		181		184	
		185		188	
		189		192	
		193		196	
		197		200	
		201		204	
		205		208	
		209		212	
		213		216	
		217		220	
		221		224	
		225		228	
		229		232	
		233		236	
		237		240	
		241		244	
		245		248	
		249		252	
		253		256	
		257		260	
		261		264	
		265		268	
		269		272	
		273		276	
		277		280	
		281		284	
		285		288	
		289		292	
		293		296	
		297		300	
		301		304	
		305		308	
		309		312	
		313		316	
		317		320	
		321		324	
		325		328	
		329		332	
		333		336	
		337		340	
		341		344	
		345		348	
		349		352	
		353		356	
		357		360	
		361		364	
		365		368	
		369		372	
		373		376	
		377		380	
		381		384	
		385		388	
		389		392	
		393		396	
		397		400	
		401		404	
		405		408	
		409		412	
		413		416	
		417		420	
		421		424	
		425		428	
		429		432	
		433		436	
		437		440	
		441		444	
		445		448	
	621	52	631	56	303000
		57		61	
		62		66	
		67		71	
		72		76	
		77		81	
		82		86	
	7	7	115	115	00ff00
	8	8	114	114	001000
					003000
point	101	95	00e000
			
rect	12	320	121	440	001000
		342	120	343	009000
		344	13	356	
			121	345	
	120			356	005000
	12	355			
	13	345	120	355	007000
	12	438		439	009000
	16	450	114	475	001010
	17		18	462	00c0c0
			44	451	
	43			462	007070
	17	461			
	18	451	43	461	009090
	17	462	18	474	00c0c0
			44	463	
	43			474	007070
	17	473			
	18	463	43	473	009090
crop	15	320	21	332	16	48	00ff00	/fonts/computer
	21		27		40	60		
	27		33		72	48		
	33		39		96			
	39		45		32			
	45		51		0	24		
	51		57		24	60		
	57		63		64	48		
	63		69		72			
	69		75		0	60		
	75		81		24			
	15	332	21	344	96	48		
	21		27		8	72		
	27		33		96			
	33		39		8			
	39		45		112			
	45		51		32			
	51		57		40			
	57		63		0	24		
	63		69		8	48		
	69		75		96	72		
	75		81		0	84		
	81		87		64	72		
	87		93		8			
	15	344	21	356	24	48	003000	
	21		27		16	84		
	27		33		40			
	33		39		72	72		
	39		45		24	84		
	45		51		40	72		
	51		57		16	84		
	15	356	21	368	56	48	009000	
	21		27		40	84		
	27		33		112	72		
	33		39		24	84		
	39		45		64	72		
	45		51		72			
	51		57		0	84		
	15	368	21	380	8	48		
	21		27		24	84		
	27		33					
	33		39		8	72		
	39		45		40	84		
	45		51		96	72		
	51		57		32	84		
	57		63		0	24		
	63		69		32	60		
	69		75		16	84		
	75		81		8	72		
	81		87		112			
	87		93		24	84		
	93		99		0			
	99		105		120	72		
	105		111		16	84		
	111		117		32			
	15	380	21	392	24	48		
	21		27		8	72		
	27		33		16	84		
	33		39					
	39		45		72	72		
	45		51		40			
	51		57		16	84		
	15	392	21	404	64	48		
	21		27		40	72		
	27		33		8			
	33		39		48	84		
	39		45		72			
	45		51		0	24		
	51		57		32	48		
	57		63		40	72		
	63		69		24	84		
	69		75		32			
	75		81		16			
	81		87		120	72		
	87		93		72	84		
	93		99		40	72		
	99		105		16	84		
	15	404	21	416	32	60	00ff00	
	21		27		16	84		
	27		33		8	72		
	33		39		112			
	39		45		24	84		
	45		51		0			
	51		57		120	72		
	57		63		16	84		
	63		69		32			
	19	450	25	462	16	60	00ffff	
	25		31		56	48		
	31		37		64			
	37		43		32	60		
	43		49		0	24		
	49		55		16	48		
	55		61		40	84		
	61		67		72	72		
	67		73		96			
	73		79		32			
	19	462	25	474	96	48		
	25		31		40			
	31		37		48			
	37		43		32	60		
	43		49		0	24		
	49		55		104	48		
	55		61		8	72		
	61		67		72			
	67		73		112			
	73		79		0	24		
	79		85		104	48		
	85		91		40	72		
	91		97		112			
	97		103		40	84		
rect	12	180	13	192	ffff00
			121	181	
	120			192	909000
	12	191			
	13	181	120	191	c0c000
crop	15	180	21	192	24	48	000000	/fonts/computer
	21		27		120			
	27		33		112			
	33		39		32	60		
	39		45		16			
	45		51		120	48		
	51		57		96			
	15	192	21	204	24		7fff7f	
	21		27		16	60		
	27		33		40			
	33		39		72	48		
	39		45		24	60		
	45		51		40	48		
	51		57		16	60		
draw	21	206	30	224	/sprites/582.SMIV/0
rect	14	204	36	205	489048
			15	206	
	35		36		
	14	225		226	
		224	15		
	35		36		
	42	206	49	206	003870
				224	0060c0
	40	204	51	205	00488f
			41	206	
	50		51		
	40	225		226	
		224	41		
	50		51		
	55	206	62	209	707000
		209		224	c0c000
	53	204	64	205	909000
			54	206	
	63		64		
	53	225		226	
		224	54		
	63		64		
crop	69	204	75	216	112	48	7fff7f	/fonts/computer
	75		81		40			
	81		87		56	60		
	87		93		120	48		
	93		99		16			
	99		105		40			
	105		111		8			
	111		117		104			
	69	216	75	228	120			
	75		81		112			
	81		87		8			
	87		93		24	60		
	93		99		0			
	99		105		40			
	105		111		96	48		
	111		117		24	60		
	12	228	18	240	64	48	00ff00	
	18		24		40	72		
	24		30		8			
	30		36		48	84		
	36		42		72			
	42		48		0	24		
	48		54		32	48		
	54		60		40	72		
	60		66		24	84		
	66		72		32			
	72		78		16			
	78		84		120	72		
	84		90		72	84		
	90		96		40	72		
	96		102		16	84		
rect	12	252	13	264	007fff
			121	253	
	120			264	00488f
	12	263			
	13	253	120	263	0060c0
crop	15	252	21	264	32	60	000000	/fonts/computer
	21		27		8	48		
	27		33		16	60		
	33		39		56	48		
	39		45		40			
	45		51		32	60		
	15	264	21	276	96	48	7fff7f	
	21		27		8	72		
	27		33		96			
	33		39		8			
	39		45		112			
	45		51		32			
	51		57		40			
	57		63		0	24		
	63		69		16	48		
	69		75		40	72		
	75		81		32	84		
	81		87		8	72		
draw	16	278	34	296	/sprites/1031.SMIV/0
rect	14	276	36	277	489048
			15	278	
	35		36		
	14	297		298	
		296	15		
	35		36		
