point	373	323	b0b0b0
	541	472	d0d0d0
	312	29	
	599	216	808080
	193	19	d0d0d0
	569	181	808080
	247	315	
	131	232	
	256	328	b0b0b0
	235	221	
	553	32	808080
	534	35	b0b0b0
	249	186	
	421	143	808080
	563	140	b0b0b0
	379	111	
	475	350	808080
	498	239	d0d0d0
	572	248	b0b0b0
	450	142	
	470	441	d0d0d0
	224	221	808080
	156	332	
	222	202	
	462	343	b0b0b0
	318	14	808080
	368	369	b0b0b0
	582	103	808080
	452	68	b0b0b0
	435	270	808080
	486	441	
	560	15	
	323		d0d0d0
	422	229	b0b0b0
	420	280	808080
	382	111	
	351	43	b0b0b0
	440	299	808080
	533	446	
	467	125	d0d0d0
	345	164	808080
	411	427	
	594	454	
	320	150	b0b0b0
	308	48	808080
	175	233	
	361	227	d0d0d0
	313	457	808080
	201	347	
	532	25	
	184	368	
	570	162	
	300	140	b0b0b0
	536	207	808080
	456	331	
	432	345	d0d0d0
	153	32	808080
	512	204	d0d0d0
	590	357	b0b0b0
	479	113	808080
	299	272	b0b0b0
	258	212	
	473	188	d0d0d0
	372	367	
	203	392	808080
	378	185	b0b0b0
	524	280	808080
	523	142	b0b0b0
	607	69	
	454	172	808080
	182	313	b0b0b0
	219	224	d0d0d0
	336	128	808080
	605	210	d0d0d0
	251	157	b0b0b0
	483	364	808080
	520	422	d0d0d0
	567	208	b0b0b0
	379	77	d0d0d0
	416	375	b0b0b0
	318	105	808080
	308		
	296	325	b0b0b0
	346	252	
	261	19	d0d0d0
	249	260	
	365	438	
	228	31	b0b0b0
	273	326	d0d0d0
	340	321	808080
	543	152	d0d0d0
	384	4	
	172	378	b0b0b0
	362	70	808080
	323	118	
	448	28	b0b0b0
	462	333	808080
	338	75	b0b0b0
	318	165	d0d0d0
	193	123	
	584	445	
	508	92	
	354	5	808080
	367	398	b0b0b0
	394	320	
	544	188	
	236	121	808080
	530	306	
	529	385	
	497	43	
	368	399	b0b0b0
	379	18	808080
	551	474	
	349	59	
	377	203	d0d0d0
	183	311	b0b0b0
	214	360	808080
	407	77	
	538	224	
	477	294	
	153	382	b0b0b0
	145	315	
	310	293	808080
	278	424	b0b0b0
	509	159	808080
	285	376	ff7f00
			
	288		
	285	378	
	288	375	
	287	374	
		377	
		375	
	288	377	
	286		
line	336	0	336	480	002850
	598		598		000050
	128	118	608	118	
		380		380	
	320	322	325	314	ffff7f
	351	262	355	256	
draw	355	226	384	250	/sprites/646.SMIV/14
static	281	378	308	400	7878f0	88	/sprites/615.SMIV/9
draw	174	373	195	390	/sprites/578.SMIV/16
	345	286	366	301	/sprites/578.SMIV/7
	65	194	86	209	/sprites/578.SMIV/20
	335	280	349	292	/sprites/522.SMIV/2
	369	201	398	229	/sprites/519.SMIV/0
	270	389	276	396	/sprites/554.SMIV/3
	282	377	286	380	/sprites/504.SMIV/18
	283	369	287	373	/sprites/554.SMIV/0
line	265	410	278	403	489048
			265	395	
	278	403			204020
draw	0	0	128	480	/pictures/501.png
	608		640		/pictures/512.png
tint	29	159	37	172	ff0000	/font/5001/31
	35		43			/font/5001/34
	41		49			/font/5001/35
	102		110		ff7f00	/font/5001/31
	108		116			/font/5001/35
	114		122			/font/5001/30
line	614	456	614	359	007fff
		359	622		
	622			456	00488f
		456	614		
rect	615	360	622	456	0070e0
line	614	263	614	231	909048
		231	622		
	622			263	505028
		263	614		
rect	615	232	622	263	707038
line	614	328	614	264	ffff7f
		264	622		
	622			328	909048
		328	614		
rect	615	265	622	328	e0e070
line	614	103	614	103	904848
			622		
	622				502828
			614		
	614	200		104	ff7f7f
		104	622		
	622			200	904848
		200	614		
rect	615	105	622	200	e07070
line	618	8	629	8	90488f
			618	9	
	629		629		
	618	36		36	
			618	35	
	629		629		
rect	620	10	628	35	703870
		35			c060c0
	634	49	636	52	7fff7f
		53		56	60c060
		57		60	703800
		61		64	
		65		68	
		69		72	183018
		73		76	
		77		80	
		81		84	
		85		88	
		89		92	
		93		96	
		97		100	
		101		104	
		105		108	
		109		112	
		113		116	
		117		120	
		121		124	
		125		128	
		129		132	
		133		136	
		137		140	
		141		144	
		145		148	
		149		152	
		153		156	
		157		160	
		161		164	
		165		168	
		169		172	
		173		176	
		177		180	
		181		184	
		185		188	
		189		192	
		193		196	
		197		200	
		201		204	
		205		208	
		209		212	
		213		216	
		217		220	
		221		224	
		225		228	
		229		232	
		233		236	
		237		240	
		241		244	
		245		248	
		249		252	
		253		256	
		257		260	
		261		264	
		265		268	
		269		272	
		273		276	
		277		280	
		281		284	
		285		288	
		289		292	
		293		296	
		297		300	
		301		304	
		305		308	
		309		312	
		313		316	
		317		320	
		321		324	
		325		328	
		329		332	
		333		336	
		337		340	
		341		344	
		345		348	
		349		352	
		353		356	
		357		360	
		361		364	
		365		368	
		369		372	
		373		376	
		377		380	
		381		384	
		385		388	
		389		392	
		393		396	
		397		400	
		401		404	
		405		408	
		409		412	
		413		416	
		417		420	
		421		424	
		425		428	
		429		432	
		433		436	
		437		440	
		441		444	
		445		448	
	621	52	631	56	303000
		57		61	
		62		66	
		67		71	
		72		76	
		77		81	
		82		86	
	7	7	115	115	00ff00
	8	8	114	114	001000
	52	52	70	70	003000
point	76	19	00e000
	38	43	
	73	18	
	74	26	
	59	66	
	54		
	48	83	
	61	63	
	50	60	
	52	76	
	61	61	
	74	26	
	58	66	
	61	62	
	60	63	
	58	67	
	61	61	
	58	66	
rect	12	320	121	440	001000
tint	15	320	23	333	00ff00	/font/5001/42
	21		29			/font/5001/55
	27		35			/font/5001/49
	33		41			/font/5001/4c
	39		47			/font/5001/44
	45		53			/font/5001/20
	51		59			/font/5001/53
	57		65			/font/5001/48
	63		71			/font/5001/49
	69		77			/font/5001/50
	75		83			/font/5001/53
line	12	342	119	342	009000
tint	15	332	23	345	00ff00	/font/5001/4c
	21		29			/font/5001/61
	27		35			/font/5001/6c
	33		41			/font/5001/61
	39		47			/font/5001/6e
	45		53			/font/5001/64
	51		59			/font/5001/65
	57		65			/font/5001/20
	63		71			/font/5001/41
	69		77			/font/5001/6c
	75		83			/font/5001/70
	81		89			/font/5001/68
	87		95			/font/5001/61
line	12	355	12	344	009000
		344	120		
	120			355	005000
		355	12		
rect	13	345	120	355	007000
tint	15	344	23	357	003000	/font/5001/43
	21		29			/font/5001/72
	27		35			/font/5001/75
	33		41			/font/5001/69
	39		47			/font/5001/73
	45		53			/font/5001/65
	51		59			/font/5001/72
	15	356	23	369	009000	/font/5001/47
	21		29			/font/5001/75
	27		35			/font/5001/6e
	33		41			/font/5001/73
	39		47			/font/5001/68
	45		53			/font/5001/69
	51		59			/font/5001/70
	15	368	23	381		/font/5001/41
	21		29			/font/5001/73
	27		35			
	33		41			/font/5001/61
	39		47			/font/5001/75
	45		53			/font/5001/6c
	51		59			/font/5001/74
	57		65			/font/5001/20
	63		71			/font/5001/54
	69		77			/font/5001/72
	75		83			/font/5001/61
	81		89			/font/5001/6e
	87		95			/font/5001/73
	93		101			/font/5001/70
	99		107			/font/5001/6f
	105		113			/font/5001/72
	111		119			/font/5001/74
	15	380	23	393		/font/5001/43
	21		29			/font/5001/61
	27		35			/font/5001/72
	33		41			
	39		47			/font/5001/69
	45		53			/font/5001/65
	51		59			/font/5001/72
	15	392	23	405		/font/5001/48
	21		29			/font/5001/65
	27		35			/font/5001/61
	33		41			/font/5001/76
	39		47			/font/5001/79
	45		53			/font/5001/20
	51		59			/font/5001/44
	57		65			/font/5001/65
	63		71			/font/5001/73
	69		77			/font/5001/74
	75		83			/font/5001/72
	81		89			/font/5001/6f
	87		95			/font/5001/79
	93		101			/font/5001/65
	99		107			/font/5001/72
	15	404	23	417		/font/5001/54
	21		29			/font/5001/72
	27		35			/font/5001/61
	33		41			/font/5001/6e
	39		47			/font/5001/73
	45		53			/font/5001/70
	51		59			/font/5001/6f
	57		65			/font/5001/72
	63		71			/font/5001/74
line	12	438	119	438	009000
rect	16	450	114	475	001010
line	17	461	17	450	00c0c0
		450	43		
	43			461	007070
		461	17		
rect	18	451	43	461	009090
tint	19	450	27	463	00ffff	/font/5001/52
	25		33			/font/5001/47
	31		39			/font/5001/48
	37		45			/font/5001/54
	43		51			/font/5001/20
	49		57			/font/5001/42
	55		63			/font/5001/75
	61		69			/font/5001/69
	67		75			/font/5001/6c
	73		81			/font/5001/64
line	17	473	17	462	00c0c0
		462	43		
	43			473	007070
		473	17		
rect	18	463	43	473	009090
tint	19	462	27	475	00ffff	/font/5001/4c
	25		33			/font/5001/45
	31		39			/font/5001/46
	37		45			/font/5001/54
	43		51			/font/5001/20
	49		57			/font/5001/4d
	55		63			/font/5001/61
	61		69			/font/5001/69
	67		75			/font/5001/6e
	73		81			/font/5001/20
	79		87			/font/5001/4d
	85		93			/font/5001/65
	91		99			/font/5001/6e
	97		105			/font/5001/75
rect	12	180	120	192	000000
line	12	191	12	180	ffff00
		180	119		
	119			191	909000
		191	12		
rect	13	181	119	191	c0c000
tint	15	180	23	193	000000	/font/5001/43
	21		29			/font/5001/4f
	27		35			/font/5001/4e
	33		41			/font/5001/54
	39		47			/font/5001/52
	45		53			/font/5001/4f
	51		59			/font/5001/4c
rect	12	192	120	204	000000
tint	15	192	23	205	7fff7f	/font/5001/43
	21		29			/font/5001/52
	27		35			/font/5001/55
	33		41			/font/5001/49
	39		47			/font/5001/53
	45		53			/font/5001/45
	51		59			/font/5001/52
rect	14	204	36	226	000000
draw	21	206	30	224	/sprites/582.SMIV/0
line	14	204	35	204	489048
			14	205	
	35		35		
	14	225		225	
			14	224	
	35		35		
rect	40	204	51	226	000000
	42	206	49	206	003870
				224	0060c0
line	40	204	50	204	00488f
			40	205	
	50		50		
	40	225		225	
			40	224	
	50		50		
rect	53	204	64	226	000000
	55	206	62	211	707000
		211		224	c0c000
line	53	204	63	204	909000
			53	205	
	63		63		
	53	225		225	
			53	224	
	63		63		
rect	69	204	120	216	000000
tint	69	204	77	217	7fff7f	/font/5001/4e
	75		83			/font/5001/45
	81		89			/font/5001/57
	87		95			/font/5001/4f
	93		101			/font/5001/42
	99		107			/font/5001/45
	105		113			/font/5001/41
	111		119			/font/5001/4d
rect	69	216	120	228	000000
tint	69	216	77	229	7fff7f	/font/5001/4f
	75		83			/font/5001/4e
	81		89			/font/5001/41
	87		95			/font/5001/53
	93		101			/font/5001/50
	99		107			/font/5001/55
	105		113			/font/5001/4c
	111		119			/font/5001/53
rect	69	192	120	204	000000
	12	228		240	
tint	12	228	20	241	00ff00	/font/5001/48
	18		26			/font/5001/65
	24		32			/font/5001/61
	30		38			/font/5001/76
	36		44			/font/5001/79
	42		50			/font/5001/20
	48		56			/font/5001/44
	54		62			/font/5001/65
	60		68			/font/5001/73
	66		74			/font/5001/74
	72		80			/font/5001/72
	78		86			/font/5001/6f
	84		92			/font/5001/79
	90		98			/font/5001/65
	96		104			/font/5001/72
rect	12	252	120	264	000000
line	12	263	12	252	007fff
		252	119		
	119			263	00488f
		263	12		
rect	13	253	119	263	0060c0
tint	15	252	23	265	000000	/font/5001/54
	21		29			/font/5001/41
	27		35			/font/5001/52
	33		41			/font/5001/47
	39		47			/font/5001/45
	45		53			/font/5001/54
rect	12	264	120	276	000000
tint	15	264	23	277	7fff7f	/font/5001/48
	21		29			/font/5001/56
	27		35			/font/5001/44
	33		41			/font/5001/53
	39		47			/font/5001/54
	45		53			/font/5001/52
	51		59			/font/5001/59
	57		65			/font/5001/52
rect	14	276	36	298	000000
draw	16	279	34	295	/sprites/646.SMIV/0
line	14	276	35	276	489048
			14	277	
	35		35		
	14	297		297	
			14	296	
	35		35		
rect	40	276	51	298	000000
	42	278	49	278	003870
				296	0060c0
line	40	276	50	276	00488f
			40	277	
	50		50		
	40	297		297	
			40	296	
	50		50		
rect	53	276	64	298	000000
	55	278	62	284	707000
		284		296	c0c000
line	53	276	63	276	909000
			53	277	
	63		63		
	53	297		297	
			53	296	
	63		63		
rect	69	276	120	288	000000
tint	69	276	77	289	7fff7f	/font/5001/4c
	75		83			/font/5001/42
	81		89			/font/5001/45
	87		95			/font/5001/41
	93		101			/font/5001/4d
	99		107			/font/5001/20
	105		113			/font/5001/31
rect	69	288	120	300	000000
tint	69	288	77	301	7fff7f	/font/5001/46
	75		83			/font/5001/55
	81		89			/font/5001/4c
	87		95			
	93		101			/font/5001/50
	99		107			/font/5001/4c
	105		113			/font/5001/53
	111		119			/font/5001/45
rect	69	264	120	276	000000
tint	69	264	77	277	7fff7f	/font/5001/43
	75		83			/font/5001/4d
	81		89			/font/5001/49
	87		95			/font/5001/53
	93		101			
	99		107			/font/5001/49
	105		113			/font/5001/4c
	111		119			/font/5001/45
rect	12	300	120	312	000000
