point	491	252	808080
	152	309	
	512	462	
	321	64	d0d0d0
	169	161	b0b0b0
	261	200	808080
	381	0	d0d0d0
	563	199	
	286	54	
	496	22	
	207	317	b0b0b0
	194	185	808080
	173	289	
	238	20	
	545	24	
	419	111	
	262	35	
	544	449	d0d0d0
	169	351	b0b0b0
	510	318	
	205	240	
	184	184	d0d0d0
	584	163	808080
	144	261	b0b0b0
	410	265	808080
	377	473	b0b0b0
	460	424	808080
	547	280	d0d0d0
	591	342	808080
	424	308	
	482	479	b0b0b0
	578	259	808080
	285	363	
	310	188	
	447	239	b0b0b0
	532	388	808080
	606	337	b0b0b0
	381	235	d0d0d0
	488	311	808080
	545	319	
	402	392	d0d0d0
	152	248	808080
	374	164	
	401	379	
	337	431	b0b0b0
	422	168	
	130	372	808080
	307	16	
	228	322	b0b0b0
	550	113	d0d0d0
	334	418	b0b0b0
	283	428	808080
	570	65	d0d0d0
	448	245	808080
	328	207	d0d0d0
	218	313	b0b0b0
	460	70	808080
	574	73	b0b0b0
	438	373	
	298	130	d0d0d0
	513	107	
	399	177	808080
	343	393	
	529	1	b0b0b0
	232	133	
	506	401	808080
	372	396	
	277	81	
	276	153	
	168	226	
	326	245	
	424	73	d0d0d0
	397	1	808080
	336	44	
	418	283	b0b0b0
	446	328	d0d0d0
	129	6	b0b0b0
	332	183	808080
	519	87	
	324	341	b0b0b0
	137	275	808080
	422	143	
	145	353	b0b0b0
	295	405	
	558	440	
	593	216	808080
	428	143	b0b0b0
	446	349	
	224	62	808080
	367	359	
	592	367	b0b0b0
	444	38	808080
	216	399	
	600	372	d0d0d0
	461	387	
	318	294	808080
	338	371	b0b0b0
	329	87	808080
	330	99	b0b0b0
	424	465	d0d0d0
	289	80	b0b0b0
	416	81	808080
	251	205	
	371	395	d0d0d0
	289	249	808080
	210	354	b0b0b0
	228	49	d0d0d0
	392	335	b0b0b0
	521	174	808080
	407	399	
	469	302	
	170	321	
	458	280	b0b0b0
	389	281	d0d0d0
	275	100	808080
	264	52	
	500	80	b0b0b0
	272	91	d0d0d0
	261	247	
	557	159	
	366	90	
	136	278	b0b0b0
	214	7	
	163	454	
	469	197	808080
line	247	0	247	480	000050
	432		432		002850
	128	181	608	181	
		366		366	000050
	276	221	283	222	ffff7f
	324	228	330	230	
	358	237	362	238	
draw	357	233	379	246	/sprites/646.SMIV/19
	190	240	205	250	/sprites/582.SMIV/20
	454	223	469	233	/sprites/582.SMIV/8
	269	30	280	43	/sprites/582.SMIV/10
	528	138	545	153	/sprites/509.SMIV/15
	152	352	162	363	/sprites/578.SMIV/13
static	104	207	118	218	7878f0	13	/sprites/578.SMIV/16
draw	498	23	512	35	/sprites/578.SMIV/9
	230	318	244	330	
	341	428	343	429	/sprites/513.SMIV/12
	155	226	161	232	/sprites/554.SMIV/8
	263	283	275	291	/sprites/541.SMIV/18
	96	119	104	125	/sprites/584.SMIV/1
dither	197	255	252	272	303000
tint	201	259	209	271	000000	/font/5000/43
	208		216			/font/5000/72
	215		223			/font/5000/75
	222		230			/font/5000/69
	229		237			/font/5000/73
	236		244			/font/5000/65
	243		251			/font/5000/72
	200	258	208	270	ffff00	/font/5000/43
	207		215			/font/5000/72
	214		222			/font/5000/75
	221		229			/font/5000/69
	228		236			/font/5000/73
	235		243			/font/5000/65
	242		250			/font/5000/72
line	173	195	184	205	489048
			188	191	
	184	205			204020
draw	0	0	128	480	/pictures/501.png
	608		640		/pictures/512.png
tint	29	159	37	172	ff0000	/font/5001/31
	35		43			/font/5001/32
	41		49			/font/5001/35
	102		110		ff7f00	/font/5001/31
	108		116			/font/5001/35
	114		122			/font/5001/30
line	614	368	614	359	00488f
		359	622		
	622			368	002850
		368	614		
rect	615	360	622	368	003870
line	614	456	614	369	007fff
		369	622		
	622			456	00488f
		456	614		
rect	615	370	622	456	0070e0
line	614	256	614	231	909048
		231	622		
	622			256	505028
		256	614		
rect	615	232	622	256	707038
line	614	328	614	257	ffff7f
		257	622		
	622			328	909048
		328	614		
rect	615	258	622	328	e0e070
line	614	109	614	103	904848
		103	622		
	622			109	502828
		109	614		
rect	615	104	622	109	703838
line	614	200	614	110	ff7f7f
		110	622		
	622			200	904848
		200	614		
rect	615	111	622	200	e07070
line	618	8	629	8	90488f
			618	9	
	629		629		
	618	36		36	
			618	35	
	629		629		
rect	620	10	628	35	703870
		35			c060c0
	634	49	636	52	7fff7f
		53		56	60c060
		57		60	
		61		64	703800
		65		68	
		69		72	183018
		73		76	
		77		80	
		81		84	
		85		88	
		89		92	
		93		96	
		97		100	
		101		104	
		105		108	
		109		112	
		113		116	
		117		120	
		121		124	
		125		128	
		129		132	
		133		136	
		137		140	
		141		144	
		145		148	
		149		152	
		153		156	
		157		160	
		161		164	
		165		168	
		169		172	
		173		176	
		177		180	
		181		184	
		185		188	
		189		192	
		193		196	
		197		200	
		201		204	
		205		208	
		209		212	
		213		216	
		217		220	
		221		224	
		225		228	
		229		232	
		233		236	
		237		240	
		241		244	
		245		248	
		249		252	
		253		256	
		257		260	
		261		264	
		265		268	
		269		272	
		273		276	
		277		280	
		281		284	
		285		288	
		289		292	
		293		296	
		297		300	
		301		304	
		305		308	
		309		312	
		313		316	
		317		320	
		321		324	
		325		328	
		329		332	
		333		336	
		337		340	
		341		344	
		345		348	
		349		352	
		353		356	
		357		360	
		361		364	
		365		368	
		369		372	
		373		376	
		377		380	
		381		384	
		385		388	
		389		392	
		393		396	
		397		400	
		401		404	
		405		408	
		409		412	
		413		416	
		417		420	
		421		424	
		425		428	
		429		432	
		433		436	
		437		440	
		441		444	
		445		448	
	621	52	631	56	303000
		57		61	
		62		66	
		67		71	
		72		76	
		77		81	
		82		86	
	7	7	115	115	00ff00
	8	8	114	114	001000
	48	48	74	74	003000
point	52	61	00e000
	66		
	56	50	
	70	56	
	50	67	
	47	60	
	50	61	
	57		
	61		
	59		
	67	49	
	54	65	
	47	55	
	56	63	
	60	71	
	39	61	
rect	12	320	121	440	001000
tint	15	320	23	333	00ff00	/font/5001/42
	21		29			/font/5001/55
	27		35			/font/5001/49
	33		41			/font/5001/4c
	39		47			/font/5001/44
	45		53			/font/5001/20
	51		59			/font/5001/53
	57		65			/font/5001/48
	63		71			/font/5001/49
	69		77			/font/5001/50
	75		83			/font/5001/53
line	12	342	119	342	009000
tint	15	332	23	345	00ff00	/font/5001/4c
	21		29			/font/5001/61
	27		35			/font/5001/6c
	33		41			/font/5001/61
	39		47			/font/5001/6e
	45		53			/font/5001/64
	51		59			/font/5001/65
	57		65			/font/5001/20
	63		71			/font/5001/41
	69		77			/font/5001/6c
	75		83			/font/5001/70
	81		89			/font/5001/68
	87		95			/font/5001/61
line	12	355	12	344	009000
		344	120		
	120			355	005000
		355	12		
rect	13	345	120	355	007000
tint	15	344	23	357	003000	/font/5001/43
	21		29			/font/5001/72
	27		35			/font/5001/75
	33		41			/font/5001/69
	39		47			/font/5001/73
	45		53			/font/5001/65
	51		59			/font/5001/72
	15	356	23	369	009000	/font/5001/47
	21		29			/font/5001/75
	27		35			/font/5001/6e
	33		41			/font/5001/73
	39		47			/font/5001/68
	45		53			/font/5001/69
	51		59			/font/5001/70
	15	368	23	381		/font/5001/41
	21		29			/font/5001/73
	27		35			
	33		41			/font/5001/61
	39		47			/font/5001/75
	45		53			/font/5001/6c
	51		59			/font/5001/74
	57		65			/font/5001/20
	63		71			/font/5001/54
	69		77			/font/5001/72
	75		83			/font/5001/61
	81		89			/font/5001/6e
	87		95			/font/5001/73
	93		101			/font/5001/70
	99		107			/font/5001/6f
	105		113			/font/5001/72
	111		119			/font/5001/74
	15	380	23	393		/font/5001/43
	21		29			/font/5001/61
	27		35			/font/5001/72
	33		41			
	39		47			/font/5001/69
	45		53			/font/5001/65
	51		59			/font/5001/72
	15	392	23	405		/font/5001/48
	21		29			/font/5001/65
	27		35			/font/5001/61
	33		41			/font/5001/76
	39		47			/font/5001/79
	45		53			/font/5001/20
	51		59			/font/5001/44
	57		65			/font/5001/65
	63		71			/font/5001/73
	69		77			/font/5001/74
	75		83			/font/5001/72
	81		89			/font/5001/6f
	87		95			/font/5001/79
	93		101			/font/5001/65
	99		107			/font/5001/72
	15	404	23	417		/font/5001/54
	21		29			/font/5001/72
	27		35			/font/5001/61
	33		41			/font/5001/6e
	39		47			/font/5001/73
	45		53			/font/5001/70
	51		59			/font/5001/6f
	57		65			/font/5001/72
	63		71			/font/5001/74
line	12	438	119	438	009000
rect	16	450	114	475	001010
line	17	461	17	450	00c0c0
		450	43		
	43			461	007070
		461	17		
rect	18	451	43	461	009090
tint	19	450	27	463	00ffff	/font/5001/52
	25		33			/font/5001/47
	31		39			/font/5001/48
	37		45			/font/5001/54
	43		51			/font/5001/20
	49		57			/font/5001/42
	55		63			/font/5001/75
	61		69			/font/5001/69
	67		75			/font/5001/6c
	73		81			/font/5001/64
line	17	473	17	462	00c0c0
		462	43		
	43			473	007070
		473	17		
rect	18	463	43	473	009090
tint	19	462	27	475	00ffff	/font/5001/4c
	25		33			/font/5001/45
	31		39			/font/5001/46
	37		45			/font/5001/54
	43		51			/font/5001/20
	49		57			/font/5001/4d
	55		63			/font/5001/61
	61		69			/font/5001/69
	67		75			/font/5001/6e
	73		81			/font/5001/20
	79		87			/font/5001/4d
	85		93			/font/5001/65
	91		99			/font/5001/6e
	97		105			/font/5001/75
rect	12	180	120	192	000000
line	12	191	12	180	ffff00
		180	119		
	119			191	909000
		191	12		
rect	13	181	119	191	c0c000
tint	15	180	23	193	000000	/font/5001/43
	21		29			/font/5001/4f
	27		35			/font/5001/4e
	33		41			/font/5001/54
	39		47			/font/5001/52
	45		53			/font/5001/4f
	51		59			/font/5001/4c
rect	12	192	120	204	000000
tint	15	192	23	205	7fff7f	/font/5001/43
	21		29			/font/5001/52
	27		35			/font/5001/55
	33		41			/font/5001/49
	39		47			/font/5001/53
	45		53			/font/5001/45
	51		59			/font/5001/52
rect	14	204	36	226	000000
draw	21	206	30	224	/sprites/582.SMIV/0
line	14	204	35	204	489048
			14	205	
	35		35		
	14	225		225	
			14	224	
	35		35		
rect	40	204	51	226	000000
	42	206	49	206	003870
				224	0060c0
line	40	204	50	204	00488f
			40	205	
	50		50		
	40	225		225	
			40	224	
	50		50		
rect	53	204	64	226	000000
	55	206	62	207	707000
		207		224	c0c000
line	53	204	63	204	909000
			53	205	
	63		63		
	53	225		225	
			53	224	
	63		63		
rect	69	204	120	216	000000
tint	69	204	77	217	7fff7f	/font/5001/4e
	75		83			/font/5001/45
	81		89			/font/5001/57
	87		95			/font/5001/4f
	93		101			/font/5001/42
	99		107			/font/5001/45
	105		113			/font/5001/41
	111		119			/font/5001/4d
rect	69	216	120	228	000000
tint	69	216	77	229	7fff7f	/font/5001/4f
	75		83			/font/5001/4e
	81		89			/font/5001/41
	87		95			/font/5001/53
	93		101			/font/5001/50
	99		107			/font/5001/55
	105		113			/font/5001/4c
	111		119			/font/5001/53
rect	69	192	120	204	000000
	12	228		240	
tint	12	228	20	241	00ff00	/font/5001/48
	18		26			/font/5001/65
	24		32			/font/5001/61
	30		38			/font/5001/76
	36		44			/font/5001/79
	42		50			/font/5001/20
	48		56			/font/5001/44
	54		62			/font/5001/65
	60		68			/font/5001/73
	66		74			/font/5001/74
	72		80			/font/5001/72
	78		86			/font/5001/6f
	84		92			/font/5001/79
	90		98			/font/5001/65
	96		104			/font/5001/72
rect	12	252	120	264	000000
line	12	263	12	252	007fff
		252	119		
	119			263	00488f
		263	12		
rect	13	253	119	263	0060c0
tint	15	252	23	265	000000	/font/5001/54
	21		29			/font/5001/41
	27		35			/font/5001/52
	33		41			/font/5001/47
	39		47			/font/5001/45
	45		53			/font/5001/54
rect	12	264	120	276	000000
tint	15	264	23	277	7fff7f	/font/5001/48
	21		29			/font/5001/56
	27		35			/font/5001/44
	33		41			/font/5001/53
	39		47			/font/5001/54
	45		53			/font/5001/52
	51		59			/font/5001/59
	57		65			/font/5001/52
rect	14	276	36	298	000000
draw	16	279	34	295	/sprites/646.SMIV/0
line	14	276	35	276	489048
			14	277	
	35		35		
	14	297		297	
			14	296	
	35		35		
rect	40	276	51	298	000000
	42	278	49	280	003870
		280		296	0060c0
line	40	276	50	276	00488f
			40	277	
	50		50		
	40	297		297	
			40	296	
	50		50		
rect	53	276	64	298	000000
	55	278	62	283	707000
		283		296	c0c000
line	53	276	63	276	909000
			53	277	
	63		63		
	53	297		297	
			53	296	
	63		63		
rect	69	276	120	288	000000
tint	69	276	77	289	7fff7f	/font/5001/4c
	75		83			/font/5001/42
	81		89			/font/5001/45
	87		95			/font/5001/41
	93		101			/font/5001/4d
	99		107			/font/5001/20
	105		113			/font/5001/31
rect	69	288	120	300	000000
tint	69	288	77	301	7fff7f	/font/5001/46
	75		83			/font/5001/55
	81		89			/font/5001/4c
	87		95			
	93		101			/font/5001/50
	99		107			/font/5001/4c
	105		113			/font/5001/53
	111		119			/font/5001/45
rect	69	264	120	276	000000
tint	69	264	77	277	7fff7f	/font/5001/43
	75		83			/font/5001/4d
	81		89			/font/5001/49
	87		95			/font/5001/53
	93		101			
	99		107			/font/5001/49
	105		113			/font/5001/4c
	111		119			/font/5001/45
rect	12	300	120	312	000000
