line	440	418	441	418	d0d0d0
	382	186	383	187	808080
	396	130	396	130	
	339	443	340	444	
	237	205	238	205	
	326	35	326	35	
	526	13	527	13	
	296	451	297	452	b0b0b0
	138	92	138	93	808080
	600	152	600	153	
	584	250	585	250	
	408	242	409	243	d0d0d0
	469	210	470	210	808080
	133	263	134	264	d0d0d0
	383	48	384	49	b0b0b0
	224	170	225	171	d0d0d0
	248	367	249	367	808080
	428	344	429	344	b0b0b0
	447	281	448	281	
	560	307	561	308	808080
	517	299	517	299	
	511	152	511	152	
	547	116	548	117	b0b0b0
	395	372	395	372	808080
	532	97	532	97	
	481	468	482	469	d0d0d0
	431	93	432	93	b0b0b0
	162	112	163	112	
	191	471	191	471	
	419	46	420	46	d0d0d0
	272	295	273	296	
	132	349	132	349	808080
	336	131	337	131	
	221	316	222	316	
	491	147	492	148	
	373	384	373	384	
	465	127	466	128	d0d0d0
	487	374	488	374	808080
	149	245	150	245	b0b0b0
		155		156	808080
	563	142	564	142	d0d0d0
	129	79	130	79	808080
	393	289	394	290	
	479	204	480	205	d0d0d0
	561	97	562	98	808080
	339	253	340	253	d0d0d0
	543	30	544	31	808080
	418	89	419	89	d0d0d0
	219	444	220	445	808080
	240	246	241	246	b0b0b0
	263	381	264	381	808080
	538	317	538	318	b0b0b0
	466	294	467	295	d0d0d0
	486	476	486	477	b0b0b0
	393	179	394	180	
	449	285	450	285	808080
	155	458	155	458	
	511	314	512	315	d0d0d0
	412	62	413	62	808080
	518	206	518	206	
	453	186	454	187	d0d0d0
	590	12	590	12	b0b0b0
	509	185	510	186	d0d0d0
	525	56	526	56	808080
	284	394	284	395	b0b0b0
	138	125	138	125	808080
	185	314	186	315	d0d0d0
	524	200	525	200	808080
	584	397	585	398	b0b0b0
	186	163	187	164	808080
	595	202	596	203	d0d0d0
	271	409	272	410	
	140	466	141	466	808080
	329	15	330	16	
	512	171	513	171	
	443	26	443	26	
	411	443	411	444	b0b0b0
	327	139	328	140	808080
	339	123	339	123	
	599	254	600	254	b0b0b0
	436	463	437	464	
	539	3	540	3	
	559	442	559	443	
	334	142	335	143	
	583	262	584	262	808080
	272	43	273	44	d0d0d0
	176	67	177	68	b0b0b0
	270	360	271	361	d0d0d0
	420	59	421	59	b0b0b0
	238	39	239	40	
	283	126	284	127	
	276	152	277	153	d0d0d0
	473	183	473	183	808080
	600	432	600	433	
	370	268	371	269	d0d0d0
	412	245	413	246	808080
	567	353	568	354	d0d0d0
	156	186	157	186	b0b0b0
	321	361	321	361	808080
	138	350	138	350	
	359	288	359	288	
	315	89	316	89	b0b0b0
	418	451	419	451	808080
	225	162	226	163	
	595	326	596	327	d0d0d0
	385	215	386	215	808080
	287	152	288	153	d0d0d0
	313	71	314	72	
	344	335	344	336	808080
	301	146	302	146	
	158	40	159	41	d0d0d0
	445	141	446	142	
	403	192	404	193	
	275	101	276	101	b0b0b0
	464	304	464	304	808080
	324	133	325	133	
	602	96	603	97	
	434	267	435	267	
	488	396	489	397	
	344	64	345	65	b0b0b0
	353	377	353	377	808080
	501	276	502	276	b0b0b0
	337	27	338	27	808080
	384	348	385	348	b0b0b0
	300	94	301	94	808080
	372	0	372	480	005000
	128	4	608	4	
		274		274	
rect	635	-3	649	11	00488f
	463	356	477	370	
	0	183	8	191	0060c0
	191	414	199	422	
	333	385	341	393	
triangle	335	386	339	390	0060c0
	361	233	373	245	00c000
	365	235		243	
	347	265	355	273	
	302	185	310	193	
	146	80	156	90	
	469	356	481	368	c00000
	320	206	328	214	00c000
	469	362	477	370	c00000
					
dither	369	249	424	266	303000
tint	373	253	381	265	000000	/font/5000/43
	380		388			/font/5000/72
	387		395			/font/5000/75
	394		402			/font/5000/69
	401		409			/font/5000/73
	408		416			/font/5000/65
	415		423			/font/5000/72
	372	252	380	264	ffff00	/font/5000/43
	379		387			/font/5000/72
	386		394			/font/5000/75
	393		401			/font/5000/69
	400		408			/font/5000/73
	407		415			/font/5000/65
	414		422			/font/5000/72
line	526	359	520	345	489048
			511	358	
	520	345			204020
draw	0	0	128	480	/pictures/501.png
	608		640		/pictures/512.png
tint	29	159	37	172	ff0000	/font/5001/31
	35		43			/font/5001/32
	41		49			/font/5001/35
	102		110		ff7f00	/font/5001/31
	108		116			/font/5001/35
	114		122			/font/5001/30
line	614	368	614	359	00488f
		359	622		
	622			368	002850
		368	614		
rect	615	360	622	368	003870
line	614	456	614	369	007fff
		369	622		
	622			456	00488f
		456	614		
rect	615	370	622	456	0070e0
line	614	264	614	231	909048
		231	622		
	622			264	505028
		264	614		
rect	615	232	622	264	707038
line	614	328	614	265	ffff7f
		265	622		
	622			328	909048
		328	614		
rect	615	266	622	328	e0e070
line	614	114	614	103	904848
		103	622		
	622			114	502828
		114	614		
rect	615	104	622	114	703838
line	614	200	614	115	ff7f7f
		115	622		
	622			200	904848
		200	614		
rect	615	116	622	200	e07070
line	618	8	629	8	90488f
			618	9	
	629		629		
	618	36		36	
			618	35	
	629		629		
rect	620	10	628	35	703870
		35			c060c0
	634	49	636	52	7fff7f
		53		56	0060c0
		57		60	
		61		64	
		65		68	
		69		72	007fff
		73		76	183018
		77		80	
		81		84	
		85		88	
		89		92	
		93		96	
		97		100	
		101		104	
		105		108	
		109		112	
		113		116	
		117		120	
		121		124	
		125		128	
		129		132	
		133		136	
		137		140	
		141		144	
		145		148	
		149		152	
		153		156	
		157		160	
		161		164	
		165		168	
		169		172	
		173		176	
		177		180	
		181		184	
		185		188	
		189		192	
		193		196	
		197		200	
		201		204	
		205		208	
		209		212	
		213		216	
		217		220	
		221		224	
		225		228	
		229		232	
		233		236	
		237		240	
		241		244	
		245		248	
		249		252	
		253		256	
		257		260	
		261		264	
		265		268	
		269		272	
		273		276	
		277		280	
		281		284	
		285		288	
		289		292	
		293		296	
		297		300	
		301		304	
		305		308	
		309		312	
		313		316	
		317		320	
		321		324	
		325		328	
		329		332	
		333		336	
		337		340	
		341		344	
		345		348	
		349		352	
		353		356	
		357		360	
		361		364	
		365		368	
		369		372	
		373		376	
		377		380	
		381		384	
		385		388	
		389		392	
		393		396	
		397		400	
		401		404	
		405		408	
		409		412	
		413		416	
		417		420	
		421		424	
		425		428	
		429		432	
		433		436	
		437		440	
		441		444	
		445		448	
	621	52	631	56	303000
		57		61	
		62		66	
		67		71	
		72		76	
		77		81	
		82		86	
	7	7	115	115	00ff00
	8	8	114	114	001000
					003000
point	61	61	00e000
	51	79	
	24	31	
	35	44	
rect	12	320	121	440	001000
tint	15	320	23	333	00ff00	/font/5001/42
	21		29			/font/5001/55
	27		35			/font/5001/49
	33		41			/font/5001/4c
	39		47			/font/5001/44
	45		53			/font/5001/20
	51		59			/font/5001/53
	57		65			/font/5001/48
	63		71			/font/5001/49
	69		77			/font/5001/50
	75		83			/font/5001/53
line	12	342	119	342	009000
tint	15	332	23	345	00ff00	/font/5001/4c
	21		29			/font/5001/61
	27		35			/font/5001/6c
	33		41			/font/5001/61
	39		47			/font/5001/6e
	45		53			/font/5001/64
	51		59			/font/5001/65
	57		65			/font/5001/20
	63		71			/font/5001/41
	69		77			/font/5001/6c
	75		83			/font/5001/70
	81		89			/font/5001/68
	87		95			/font/5001/61
line	12	355	12	344	009000
		344	120		
	120			355	005000
		355	12		
rect	13	345	120	355	007000
tint	15	344	23	357	00ff00	/font/5001/43
	21		29			/font/5001/72
	27		35			/font/5001/75
	33		41			/font/5001/69
	39		47			/font/5001/73
	45		53			/font/5001/65
	51		59			/font/5001/72
	15	356	23	369	009000	/font/5001/47
	21		29			/font/5001/75
	27		35			/font/5001/6e
	33		41			/font/5001/73
	39		47			/font/5001/68
	45		53			/font/5001/69
	51		59			/font/5001/70
	15	368	23	381		/font/5001/41
	21		29			/font/5001/73
	27		35			
	33		41			/font/5001/61
	39		47			/font/5001/75
	45		53			/font/5001/6c
	51		59			/font/5001/74
	57		65			/font/5001/20
	63		71			/font/5001/54
	69		77			/font/5001/72
	75		83			/font/5001/61
	81		89			/font/5001/6e
	87		95			/font/5001/73
	93		101			/font/5001/70
	99		107			/font/5001/6f
	105		113			/font/5001/72
	111		119			/font/5001/74
	15	380	23	393		/font/5001/43
	21		29			/font/5001/61
	27		35			/font/5001/72
	33		41			
	39		47			/font/5001/69
	45		53			/font/5001/65
	51		59			/font/5001/72
	15	392	23	405		/font/5001/48
	21		29			/font/5001/65
	27		35			/font/5001/61
	33		41			/font/5001/76
	39		47			/font/5001/79
	45		53			/font/5001/20
	51		59			/font/5001/44
	57		65			/font/5001/65
	63		71			/font/5001/73
	69		77			/font/5001/74
	75		83			/font/5001/72
	81		89			/font/5001/6f
	87		95			/font/5001/79
	93		101			/font/5001/65
	99		107			/font/5001/72
	15	404	23	417	00ff00	/font/5001/54
	21		29			/font/5001/72
	27		35			/font/5001/61
	33		41			/font/5001/6e
	39		47			/font/5001/73
	45		53			/font/5001/70
	51		59			/font/5001/6f
	57		65			/font/5001/72
	63		71			/font/5001/74
line	12	438	119	438	009000
rect	16	450	114	475	001010
line	17	461	17	450	00c0c0
		450	43		
	43			461	007070
		461	17		
rect	18	451	43	461	009090
tint	19	450	27	463	00ffff	/font/5001/52
	25		33			/font/5001/47
	31		39			/font/5001/48
	37		45			/font/5001/54
	43		51			/font/5001/20
	49		57			/font/5001/42
	55		63			/font/5001/75
	61		69			/font/5001/69
	67		75			/font/5001/6c
	73		81			/font/5001/64
line	17	473	17	462	00c0c0
		462	43		
	43			473	007070
		473	17		
rect	18	463	43	473	009090
tint	19	462	27	475	00ffff	/font/5001/4c
	25		33			/font/5001/45
	31		39			/font/5001/46
	37		45			/font/5001/54
	43		51			/font/5001/20
	49		57			/font/5001/4d
	55		63			/font/5001/61
	61		69			/font/5001/69
	67		75			/font/5001/6e
	73		81			/font/5001/20
	79		87			/font/5001/4d
	85		93			/font/5001/65
	91		99			/font/5001/6e
	97		105			/font/5001/75
rect	12	180	120	192	000000
line	12	191	12	180	ffff00
		180	119		
	119			191	909000
		191	12		
rect	13	181	119	191	c0c000
tint	15	180	23	193	000000	/font/5001/43
	21		29			/font/5001/4f
	27		35			/font/5001/4e
	33		41			/font/5001/54
	39		47			/font/5001/52
	45		53			/font/5001/4f
	51		59			/font/5001/4c
rect	12	192	120	204	000000
tint	15	192	23	205	7fff7f	/font/5001/43
	21		29			/font/5001/52
	27		35			/font/5001/55
	33		41			/font/5001/49
	39		47			/font/5001/53
	45		53			/font/5001/45
	51		59			/font/5001/52
rect	14	204	36	226	000000
draw	21	206	30	224	/sprites/582.SMIV/0
line	14	204	35	204	489048
			14	205	
	35		35		
	14	225		225	
			14	224	
	35		35		
rect	40	204	51	226	000000
	42	206	49	209	003870
		209		224	0060c0
line	40	204	50	204	00488f
			40	205	
	50		50		
	40	225		225	
			40	224	
	50		50		
rect	53	204	64	226	000000
	55	206	62	210	707000
		210		224	c0c000
line	53	204	63	204	909000
			53	205	
	63		63		
	53	225		225	
			53	224	
	63		63		
rect	69	204	120	216	000000
tint	69	204	77	217	7fff7f	/font/5001/4e
	75		83			/font/5001/45
	81		89			/font/5001/57
	87		95			/font/5001/4f
	93		101			/font/5001/42
	99		107			/font/5001/45
	105		113			/font/5001/41
	111		119			/font/5001/4d
rect	69	216	120	228	000000
tint	69	216	77	229	7fff7f	/font/5001/4f
	75		83			/font/5001/4e
	81		89			/font/5001/41
	87		95			/font/5001/53
	93		101			/font/5001/50
	99		107			/font/5001/55
	105		113			/font/5001/4c
	111		119			/font/5001/53
rect	69	192	120	204	000000
	12	228		240	
tint	12	228	20	241	00ff00	/font/5001/48
	18		26			/font/5001/65
	24		32			/font/5001/61
	30		38			/font/5001/76
	36		44			/font/5001/79
	42		50			/font/5001/20
	48		56			/font/5001/44
	54		62			/font/5001/65
	60		68			/font/5001/73
	66		74			/font/5001/74
	72		80			/font/5001/72
	78		86			/font/5001/6f
	84		92			/font/5001/79
	90		98			/font/5001/65
	96		104			/font/5001/72
rect	12	252	120	264	000000
line	12	263	12	252	007fff
		252	119		
	119			263	00488f
		263	12		
rect	13	253	119	263	0060c0
tint	15	252	23	265	000000	/font/5001/54
	21		29			/font/5001/41
	27		35			/font/5001/52
	33		41			/font/5001/47
	39		47			/font/5001/45
	45		53			/font/5001/54
rect	12	264	120	276	000000
tint	15	264	23	277	7fff7f	/font/5001/48
	21		29			/font/5001/56
	27		35			/font/5001/44
	33		41			/font/5001/53
	39		47			/font/5001/54
	45		53			/font/5001/52
	51		59			/font/5001/59
	57		65			/font/5001/52
rect	14	276	36	298	000000
draw	16	279	34	295	/sprites/646.SMIV/0
line	14	276	35	276	489048
			14	277	
	35		35		
	14	297		297	
			14	296	
	35		35		
rect	40	276	51	298	000000
	42	278	49	280	003870
		280		296	0060c0
line	40	276	50	276	00488f
			40	277	
	50		50		
	40	297		297	
			40	296	
	50		50		
rect	53	276	64	298	000000
	55	278	62	285	707000
		285		296	c0c000
line	53	276	63	276	909000
			53	277	
	63		63		
	53	297		297	
			53	296	
	63		63		
rect	69	276	120	288	000000
tint	69	276	77	289	7fff7f	/font/5001/4c
	75		83			/font/5001/42
	81		89			/font/5001/45
	87		95			/font/5001/41
	93		101			/font/5001/4d
	99		107			/font/5001/20
	105		113			/font/5001/31
rect	69	288	120	300	000000
tint	69	288	77	301	7fff7f	/font/5001/46
	75		83			/font/5001/55
	81		89			/font/5001/4c
	87		95			
	93		101			/font/5001/50
	99		107			/font/5001/4c
	105		113			/font/5001/53
	111		119			/font/5001/45
rect	69	264	120	276	000000
tint	69	264	77	277	7fff7f	/font/5001/43
	75		83			/font/5001/4d
	81		89			/font/5001/49
	87		95			/font/5001/53
	93		101			
	99		107			/font/5001/49
	105		113			/font/5001/4c
	111		119			/font/5001/45
rect	12	300	120	312	000000
