point	206	101	808080
	243	341	b0b0b0
	288	445	
	506	140	808080
	370	423	
	266	443	
	169	277	
	467	453	d0d0d0
	246	467	b0b0b0
	174	416	d0d0d0
	569	148	808080
	323	396	
	226	270	
	478	349	
	237	315	
	351	339	d0d0d0
	295	351	
	580	210	b0b0b0
	134	169	808080
	384	362	
	249	307	
	127	365	d0d0d0
	388	370	808080
	486	173	b0b0b0
	258	221	d0d0d0
	251	203	
	564		
	138	170	808080
	416	452	b0b0b0
	530	381	
	212	350	d0d0d0
	514	316	b0b0b0
	205	314	808080
	457	357	b0b0b0
	138	256	
	586	205	808080
	251	423	
	259	428	
	364	278	
	297	369	
	549	109	d0d0d0
	445	335	
	508	271	808080
	594	407	b0b0b0
	152	463	d0d0d0
	211	409	808080
	498	430	d0d0d0
	313	174	b0b0b0
	326	286	d0d0d0
	427	355	b0b0b0
	215	123	808080
	182	231	
	547	258	b0b0b0
	361	463	808080
	378	22	d0d0d0
	564	303	808080
	190	261	b0b0b0
	193	98	808080
	284	13	b0b0b0
	181	266	808080
	428	80	
	574	1	b0b0b0
	390	143	d0d0d0
	565	212	808080
	148	316	b0b0b0
	433	298	808080
	244	108	b0b0b0
	484	129	
	190	320	808080
	251	93	d0d0d0
	530	377	b0b0b0
	183	70	808080
	348	375	b0b0b0
	137	75	808080
	288	387	
	461	314	
	433	445	d0d0d0
	362	294	808080
	129	110	b0b0b0
	564	311	808080
	426	176	d0d0d0
	458	101	808080
	323	361	
	207	31	
	347	162	b0b0b0
	499	421	808080
	559	136	b0b0b0
	408	375	808080
	540	4	d0d0d0
	363	285	
	375	93	808080
	485	94	
	200	39	
	464	302	
	512	69	
	135	305	
	385	351	d0d0d0
	249	215	808080
	187	8	b0b0b0
	458	31	d0d0d0
	487	392	
	522	166	808080
	304	118	d0d0d0
	248	391	b0b0b0
	310	331	
	184	165	
	239	275	
	182	295	
	218	151	d0d0d0
	320	360	808080
	359	108	
	582	284	b0b0b0
	511	205	808080
	588	399	b0b0b0
	254	316	
	199	425	808080
	213	226	b0b0b0
	294	126	
	184	291	808080
	253	187	b0b0b0
	579	311	
	270	401	808080
	294	197	
	580	93	b0b0b0
	375	170	808080
line	158	0	158	480	000050
	249		249		002850
	340		340		000050
	431		431		
	522		522		
	128	13	608	13	
		104		104	
		195		195	
		286		286	005000
		377		377	000050
		468		468	
	-4958	-2553	-4958	-2555	007fff
rect	610	281	624	295	00488f
triangle	361	233	373	245	00c000
	413	-4	421	4	
	433	148	441	156	
	191	350	201	360	
rect	466	342	474	350	0060c0
triangle	327	243	335	251	00c000
	159	405	167	413	
rect	557	231	559	233	007fff
	469	159	471	161	
	616	287	618	289	
dither	200	50	269	67	003030
crop	204	54	211	65	8	33	000000	/fonts/tactical
	211		218		80			
	218		225		8			
	225		232		48			
	232		239		0	22		
	239		246		80	55		
	246		253		120	66		
	253		260					
	260		267		104			
	203	53	210	64	8	33	00ffff	
	210		217		80			
	217		224		8			
	224		231		48			
	231		238		0	22		
	238		245		80	55		
	245		252		120	66		
	252		259					
	259		266		104			
dither	417	10	472	27	303000
crop	421	14	428	25	24	44	000000	/fonts/tactical
	428		435		16	77		
	435		442		40			
	442		449		72	66		
	449		456		24	77		
	456		463		40	66		
	463		470		16	77		
	420	13	427	24	24	44	ffff00	
	427		434		16	77		
	434		441		40			
	441		448		72	66		
	448		455		24	77		
	455		462		40	66		
	462		469		16	77		
line	563	202	548	197	489048
			551	212	
	548	197			204020
draw	0	0	128	480	/pictures/501.png
	608		640		/pictures/512.png
crop	29	159	35	171	0	36	ff0000	/fonts/computer
	35		41		64			
	41		47		0			
	102		108		8		ff7f00	
	108		114		40			
	114		120		0			
line	614	383	614	359	00488f
		359	622		
	622			383	002850
		383	614		
rect	615	360	622	383	003870
line	614	456	614	384	007fff
		384	622		
	622			456	00488f
		456	614		
rect	615	385	622	456	0070e0
line	614	237	614	231	909048
		231	622		
	622			237	505028
		237	614		
rect	615	232	622	237	707038
line	614	328	614	238	ffff7f
		238	622		
	622			328	909048
		328	614		
rect	615	239	622	328	e0e070
line	614	116	614	103	904848
		103	622		
	622			116	502828
		116	614		
rect	615	104	622	116	703838
line	614	200	614	117	ff7f7f
		117	622		
	622			200	904848
		200	614		
rect	615	118	622	200	e07070
line	618	8	629	8	90488f
			618	9	
	629		629		
	618	36		36	
			618	35	
	629		629		
rect	620	10	628	35	703870
		35			c060c0
	634	49	636	52	904800
		53		56	703800
		57		60	
		61		64	
		65		68	
		69		72	183018
		73		76	
		77		80	
		81		84	
		85		88	
		89		92	
		93		96	
		97		100	
		101		104	
		105		108	
		109		112	
		113		116	
		117		120	
		121		124	
		125		128	
		129		132	
		133		136	
		137		140	
		141		144	
		145		148	
		149		152	
		153		156	
		157		160	
		161		164	
		165		168	
		169		172	
		173		176	
		177		180	
		181		184	
		185		188	
		189		192	
		193		196	
		197		200	
		201		204	
		205		208	
		209		212	
		213		216	
		217		220	
		221		224	
		225		228	
		229		232	
		233		236	
		237		240	
		241		244	
		245		248	
		249		252	
		253		256	
		257		260	
		261		264	
		265		268	
		269		272	
		273		276	
		277		280	
		281		284	
		285		288	
		289		292	
		293		296	
		297		300	
		301		304	
		305		308	
		309		312	
		313		316	
		317		320	
		321		324	
		325		328	
		329		332	
		333		336	
		337		340	
		341		344	
		345		348	
		349		352	
		353		356	
		357		360	
		361		364	
		365		368	
		369		372	
		373		376	
		377		380	
		381		384	
		385		388	
		389		392	
		393		396	
		397		400	
		401		404	
		405		408	
		409		412	
		413		416	
		417		420	
		421		424	
		425		428	
		429		432	
		433		436	
		437		440	
		441		444	
		445		448	
	621	52	631	56	303000
		57		61	
		62		66	
		67		71	
		72		76	
		77		81	
		82		86	
	7	7	115	115	00ff00
	8	8	114	114	001000
	35	35	87	87	003000
point	88	66	00e000
	72	53	
	66	35	
	23	113	
	68	52	
	42	73	
	72	72	
	57	61	
	82		
	39	80	
	88	66	
rect	12	320	121	440	001000
crop	15	320	21	332	16	48	00ff00	/fonts/computer
	21		27		40	60		
	27		33		72	48		
	33		39		96			
	39		45		32			
	45		51		0	24		
	51		57		24	60		
	57		63		64	48		
	63		69		72			
	69		75		0	60		
	75		81		24			
line	12	342	119	342	009000
crop	15	332	21	344	96	48	00ff00	/fonts/computer
	21		27		8	72		
	27		33		96			
	33		39		8			
	39		45		112			
	45		51		32			
	51		57		40			
	57		63		0	24		
	63		69		8	48		
	69		75		96	72		
	75		81		0	84		
	81		87		64	72		
	87		93		8			
line	12	355	12	344	009000
		344	120		
	120			355	005000
		355	12		
rect	13	345	120	355	007000
crop	15	344	21	356	24	48	003000	/fonts/computer
	21		27		16	84		
	27		33		40			
	33		39		72	72		
	39		45		24	84		
	45		51		40	72		
	51		57		16	84		
	15	356	21	368	56	48	009000	
	21		27		40	84		
	27		33		112	72		
	33		39		24	84		
	39		45		64	72		
	45		51		72			
	51		57		0	84		
	15	368	21	380	8	48		
	21		27		24	84		
	27		33					
	33		39		8	72		
	39		45		40	84		
	45		51		96	72		
	51		57		32	84		
	57		63		0	24		
	63		69		32	60		
	69		75		16	84		
	75		81		8	72		
	81		87		112			
	87		93		24	84		
	93		99		0			
	99		105		120	72		
	105		111		16	84		
	111		117		32			
	15	380	21	392	24	48		
	21		27		8	72		
	27		33		16	84		
	33		39					
	39		45		72	72		
	45		51		40			
	51		57		16	84		
	15	392	21	404	64	48		
	21		27		40	72		
	27		33		8			
	33		39		48	84		
	39		45		72			
	45		51		0	24		
	51		57		32	48		
	57		63		40	72		
	63		69		24	84		
	69		75		32			
	75		81		16			
	81		87		120	72		
	87		93		72	84		
	93		99		40	72		
	99		105		16	84		
	15	404	21	416	32	60		
	21		27		16	84		
	27		33		8	72		
	33		39		112			
	39		45		24	84		
	45		51		0			
	51		57		120	72		
	57		63		16	84		
	63		69		32			
line	12	438	119	438	009000
rect	16	450	114	475	001010
line	17	461	17	450	00c0c0
		450	43		
	43			461	007070
		461	17		
rect	18	451	43	461	009090
crop	19	450	25	462	16	60	00ffff	/fonts/computer
	25		31		56	48		
	31		37		64			
	37		43		32	60		
	43		49		0	24		
	49		55		16	48		
	55		61		40	84		
	61		67		72	72		
	67		73		96			
	73		79		32			
line	17	473	17	462	00c0c0
		462	43		
	43			473	007070
		473	17		
rect	18	463	43	473	009090
crop	19	462	25	474	96	48	00ffff	/fonts/computer
	25		31		40			
	31		37		48			
	37		43		32	60		
	43		49		0	24		
	49		55		104	48		
	55		61		8	72		
	61		67		72			
	67		73		112			
	73		79		0	24		
	79		85		104	48		
	85		91		40	72		
	91		97		112			
	97		103		40	84		
line	12	191	12	180	ffff00
		180	120		
	120			191	909000
		191	12		
rect	13	181	120	191	c0c000
crop	15	180	21	192	24	48	000000	/fonts/computer
	21		27		120			
	27		33		112			
	33		39		32	60		
	39		45		16			
	45		51		120	48		
	51		57		96			
	15	192	21	204	24		7fff7f	
	21		27		16	60		
	27		33		40			
	33		39		72	48		
	39		45		24	60		
	45		51		40	48		
	51		57		16	60		
draw	21	206	30	224	/sprites/582.SMIV/0
line	14	204	35	204	489048
			14	205	
	35		35		
	14	225		225	
			14	224	
	35		35		
rect	42	206	49	212	003870
		212		224	0060c0
line	40	204	50	204	00488f
			40	205	
	50		50		
	40	225		225	
			40	224	
	50		50		
rect	55	206	62	207	707000
		207		224	c0c000
line	53	204	63	204	909000
			53	205	
	63		63		
	53	225		225	
			53	224	
	63		63		
crop	69	204	75	216	112	48	7fff7f	/fonts/computer
	75		81		40			
	81		87		56	60		
	87		93		120	48		
	93		99		16			
	99		105		40			
	105		111		8			
	111		117		104			
	69	216	75	228	120			
	75		81		112			
	81		87		8			
	87		93		24	60		
	93		99		0			
	99		105		40			
	105		111		96	48		
	111		117		24	60		
	12	228	18	240	64	48	00ff00	
	18		24		40	72		
	24		30		8			
	30		36		48	84		
	36		42		72			
	42		48		0	24		
	48		54		32	48		
	54		60		40	72		
	60		66		24	84		
	66		72		32			
	72		78		16			
	78		84		120	72		
	84		90		72	84		
	90		96		40	72		
	96		102		16	84		
line	12	263	12	252	007fff
		252	120		
	120			263	00488f
		263	12		
rect	13	253	120	263	0060c0
crop	15	252	21	264	32	60	000000	/fonts/computer
	21		27		8	48		
	27		33		16	60		
	33		39		56	48		
	39		45		40			
	45		51		32	60		
	15	264	21	276	64	48	7fff7f	
	21		27		48	60		
	27		33		32	48		
	33		39		24	60		
	39		45		32			
	45		51		16			
	51		57		72			
	57		63		16			
draw	16	279	34	295	/sprites/646.SMIV/0
line	14	276	35	276	489048
			14	277	
	35		35		
	14	297		297	
			14	296	
	35		35		
rect	42	278	49	283	003870
		283		296	0060c0
line	40	276	50	276	00488f
			40	277	
	50		50		
	40	297		297	
			40	296	
	50		50		
rect	55	278	62	280	707000
		280		296	c0c000
line	53	276	63	276	909000
			53	277	
	63		63		
	53	297		297	
			53	296	
	63		63		
crop	69	276	75	288	96	48	7fff7f	/fonts/computer
	75		81		16			
	81		87		40			
	87		93		8			
	93		99		104			
	99		105		0	24		
	105		111		8	36		
	69	288	75	300	48	48		
	75		81		40	60		
	81		87		96	48		
	87		93					
	93		99		0	60		
	99		105		96	48		
	105		111		24	60		
	111		117		40	48		
	69	264	75	276	24			
	75		81		104			
	81		87		72			
	87		93		24	60		
	93		99					
	99		105		72	48		
	105		111		96			
	111		117		40			
