point	500	298	d0d0d0
	496	43	
	557	378	
	374	125	808080
	238	408	
	136	252	b0b0b0
	471	219	
	180	436	
	552	303	808080
	387	88	d0d0d0
	436	133	808080
	190	372	
	573	277	
	345	334	
	584	102	
	575	281	b0b0b0
	557	74	808080
	381	187	b0b0b0
	481	290	808080
	252	347	
	586	75	d0d0d0
	328	474	808080
	255	355	
	287	150	b0b0b0
	538	325	808080
	187	166	b0b0b0
	299	173	d0d0d0
	364	356	
	216	151	b0b0b0
	331	359	
	516	133	808080
	316	293	b0b0b0
	497	22	d0d0d0
	258	334	b0b0b0
	418	331	
	454	190	808080
	594	199	b0b0b0
	606	368	
	232	263	808080
	166	287	
	178	7	
	166	19	b0b0b0
	375	256	808080
	395	385	b0b0b0
	485	98	808080
	558	52	
	227	440	d0d0d0
	593	369	b0b0b0
	556	170	
	227	17	
	561	389	808080
	529	44	
	349	235	b0b0b0
	229	448	808080
	593	250	d0d0d0
	431	288	808080
	426	107	d0d0d0
	475	152	
	576	464	b0b0b0
	489	18	
	296	65	808080
	441	457	b0b0b0
	604	110	808080
	433	197	
	429	182	b0b0b0
	300	283	808080
	524	123	b0b0b0
	286	106	
	537	441	808080
	535	31	
	332	355	b0b0b0
	492	162	
	150	319	
	475	0	808080
	324	469	b0b0b0
	328	299	808080
	145	451	
	230	279	
	344	309	d0d0d0
	432	296	808080
	449	475	d0d0d0
	325	85	808080
	223	254	b0b0b0
	528	94	
	145	453	
	367	406	808080
	360	114	b0b0b0
	275	360	808080
	370	453	d0d0d0
	591	295	808080
	243	78	
	353	79	
	547	262	
	332	287	
	379	54	
	420	203	b0b0b0
	599	241	d0d0d0
	586	101	
	513	52	808080
	353	1	
	173	288	
	390	151	
	561	401	
	528	162	b0b0b0
	591	364	
	465	295	
	491	261	d0d0d0
	462	266	b0b0b0
	519	401	808080
	216	168	b0b0b0
	227	93	808080
	383	261	b0b0b0
	379	189	808080
	390	377	b0b0b0
	558	19	808080
	515	350	b0b0b0
	456	79	d0d0d0
	584	431	808080
	531	394	
	533	173	b0b0b0
	380	288	
	148	264	d0d0d0
	164	180	808080
	382	70	b0b0b0
	243	155	808080
rect	370	0	371	481	005000
	128	239	609	240	
	446	276	462	292	009000
	277	186	293	202	900000
	363	232	377	246	00488f
	379	205	393	219	
	350	259	364	273	
	401	345	409	353	0060c0
	510	314	518	322	
	219	168	227	176	
	275	179	283	187	
triangle	364	235	372	243	00c000
rect	489	293	497	301	0060c0
	259	127	267	135	
	450	283	458	291	
	347	108	355	116	
	368	140	376	148	
	270	285	278	293	
	449	312	457	320	
	355	134	363	142	
	479	236	487	244	
	394	183	402	191	
	286	229	294	237	
	442	268	450	276	
	263	235	271	243	
	449	187	457	195	
	431	275	439	283	
	442	237	450	245	
	270	254	278	262	
triangle	272	256	276	260	0060c0
rect	470	261	478	269	0060c0
	399	296	407	304	
triangle	401	298	405	302	0060c0
rect	378	266	386	274	0060c0
triangle	380	268	384	272	0060c0
rect	293	227	301	235	0060c0
	337	181	345	189	
	403	194	411	202	
triangle	405	196	409	200	0060c0
rect	399	277	407	285	0060c0
	404	256	412	264	
	317	248	325	256	
	408	233	416	241	
	305	248	313	256	
	272	243	280	251	
	322	238	330	246	
triangle	324	240	328	244	0060c0
rect	373	230	381	238	0060c0
triangle	362	234	374	246	00c000
	364	235	372	243	
					
					
					
					
diamond	277	186	293	202	c00000
rect	397	210	405	218	0060c0
triangle	280	189	290	199	c00000
rect	410	213	418	221	0060c0
triangle	362	234	372	244	00c000
	281	190	289	198	c00000
rect	358	224	366	232	0060c0
plus	388	247	398	257	00c000
rect	365	204	373	212	0060c0
	359	209	367	217	
plus	392	251	402	261	00c000
rect	408	250	416	258	0060c0
	340	217	348	225	
	332	213	340	221	
	318	216	326	224	
	386	256	394	264	
triangle	388	258	392	262	0060c0
rect	344	265	352	273	0060c0
	351	161	359	169	
triangle	364	235	372	243	00c000
rect	330	204	338	212	0060c0
	325	211	333	219	
triangle	282	191	290	199	900000
rect	346	282	354	290	0060c0
	345	203	353	211	
plus	290	198	300	208	c00000
rect	381	277	389	285	0060c0
	339	165	347	173	
	353	188	361	196	
	354	184	362	192	
	375	308	383	316	
	352	293	360	301	
triangle	364	235	372	243	00c000
rect	364	291	372	299	0060c0
	385	306	393	314	
	376	172	384	180	
plus	289	194	299	204	c00000
dither	368	249	423	266	303000
crop	372	253	379	264	24	44	000000	/fonts/tactical.png
	379		386		16	77		
	386		393		40			
	393		400		72	66		
	400		407		24	77		
	407		414		40	66		
	414		421		16	77		
	371	252	378	263	24	44	ffff00	
	378		385		16	77		
	385		392		40			
	392		399		72	66		
	399		406		24	77		
	406		413		40	66		
	413		420		16	77		
line	233	386	248	382	489048
			236	371	
	248	382			204020
draw	0	-144	128	624	/interfaces/instruments/left.png
	608		640		/interfaces/instruments/right.png
crop	29	159	35	171	0	36	ff0000	/fonts/computer.png
	35		41		40			
	41		47		72			
	102		108		8		ff7f00	
	108		114		40			
	114		120		0			
rect	614	359	615	384	00488f
			623	360	
	622			384	002850
	614	383			
	615	360	622	383	003870
	614	384	615	457	007fff
			623	385	
	622			457	00488f
	614	456			
	615	385	622	456	0070e0
	614	231	615	232	909048
			623		
	622				505028
	614				
		232	615	329	ffff7f
			623	233	
	622			329	909048
	614	328			
	615	233	622	328	e0e070
	614	103	615	123	904848
			623	104	
	622			123	502828
	614	122			
	615	104	622	122	703838
	614	123	615	201	ff7f7f
			623	124	
	622			201	904848
	614	200			
	615	124	622	200	e07070
	618	8	630	9	90488f
			619	10	
	629		630		
	618	36		37	
		35	619		
	629		630		
	620	10	628	35	703870
		35			c060c0
	634	49	636	52	7fff7f
		53		56	60c060
		57		60	
		61		64	703800
		65		68	
		69		72	183018
		73		76	
		77		80	
		81		84	
		85		88	
		89		92	
		93		96	
		97		100	
		101		104	
		105		108	
		109		112	
		113		116	
		117		120	
		121		124	
		125		128	
		129		132	
		133		136	
		137		140	
		141		144	
		145		148	
		149		152	
		153		156	
		157		160	
		161		164	
		165		168	
		169		172	
		173		176	
		177		180	
		181		184	
		185		188	
		189		192	
		193		196	
		197		200	
		201		204	
		205		208	
		209		212	
		213		216	
		217		220	
		221		224	
		225		228	
		229		232	
		233		236	
		237		240	
		241		244	
		245		248	
		249		252	
		253		256	
		257		260	
		261		264	
		265		268	
		269		272	
		273		276	
		277		280	
		281		284	
		285		288	
		289		292	
		293		296	
		297		300	
		301		304	
		305		308	
		309		312	
		313		316	
		317		320	
		321		324	
		325		328	
		329		332	
		333		336	
		337		340	
		341		344	
		345		348	
		349		352	
		353		356	
		357		360	
		361		364	
		365		368	
		369		372	
		373		376	
		377		380	
		381		384	
		385		388	
		389		392	
		393		396	
		397		400	
		401		404	
		405		408	
		409		412	
		413		416	
		417		420	
		421		424	
		425		428	
		429		432	
		433		436	
		437		440	
		441		444	
		445		448	
	621	52	631	56	303000
		57		61	
		62		66	
		67		71	
		72		76	
		77		81	
		82		86	
	7	7	115	115	00ff00
	8	8	114	114	001000
					003000
point	80	60	00e000
	64	58	
	63		
	64		
			
	65	57	
	59		
	64	58	
			
	63	59	
rect	12	320	121	440	001000
		342	120	343	009000
		344	13	356	
			121	345	
	120			356	005000
	12	355			
	13	345	120	355	007000
	12	438		439	009000
	16	450	114	475	001010
	17		18	462	00c0c0
			44	451	
	43			462	007070
	17	461			
	18	451	43	461	009090
	17	462	18	474	00c0c0
			44	463	
	43			474	007070
	17	473			
	18	463	43	473	009090
crop	15	320	21	332	16	48	00ff00	/fonts/computer.png
	21		27		40	60		
	27		33		72	48		
	33		39		96			
	39		45		32			
	45		51		0	24		
	51		57		24	60		
	57		63		64	48		
	63		69		72			
	69		75		0	60		
	75		81		24			
	15	332	21	344	96	48		
	21		27		8	72		
	27		33		96			
	33		39		8			
	39		45		112			
	45		51		32			
	51		57		40			
	57		63		0	24		
	63		69		8	48		
	69		75		96	72		
	75		81		0	84		
	81		87		64	72		
	87		93		8			
	15	344	21	356	24	48	003000	
	21		27		16	84		
	27		33		40			
	33		39		72	72		
	39		45		24	84		
	45		51		40	72		
	51		57		16	84		
	15	356	21	368	56	48	009000	
	21		27		40	84		
	27		33		112	72		
	33		39		24	84		
	39		45		64	72		
	45		51		72			
	51		57		0	84		
	15	368	21	380	8	48		
	21		27		24	84		
	27		33					
	33		39		8	72		
	39		45		40	84		
	45		51		96	72		
	51		57		32	84		
	57		63		0	24		
	63		69		32	60		
	69		75		16	84		
	75		81		8	72		
	81		87		112			
	87		93		24	84		
	93		99		0			
	99		105		120	72		
	105		111		16	84		
	111		117		32			
	15	380	21	392	24	48		
	21		27		8	72		
	27		33		16	84		
	33		39					
	39		45		72	72		
	45		51		40			
	51		57		16	84		
	15	392	21	404	64	48		
	21		27		40	72		
	27		33		8			
	33		39		48	84		
	39		45		72			
	45		51		0	24		
	51		57		32	48		
	57		63		40	72		
	63		69		24	84		
	69		75		32			
	75		81		16			
	81		87		120	72		
	87		93		72	84		
	93		99		40	72		
	99		105		16	84		
	15	404	21	416	32	60		
	21		27		16	84		
	27		33		8	72		
	33		39		112			
	39		45		24	84		
	45		51		0			
	51		57		120	72		
	57		63		16	84		
	63		69		32			
	19	450	25	462	16	60	00ffff	
	25		31		56	48		
	31		37		64			
	37		43		32	60		
	43		49		0	24		
	49		55		16	48		
	55		61		40	84		
	61		67		72	72		
	67		73		96			
	73		79		32			
	19	462	25	474	96	48		
	25		31		40			
	31		37		48			
	37		43		32	60		
	43		49		0	24		
	49		55		104	48		
	55		61		8	72		
	61		67		72			
	67		73		112			
	73		79		0	24		
	79		85		104	48		
	85		91		40	72		
	91		97		112			
	97		103		40	84		
rect	12	180	13	192	ffff00
			121	181	
	120			192	909000
	12	191			
	13	181	120	191	c0c000
crop	15	180	21	192	24	48	000000	/fonts/computer.png
	21		27		120			
	27		33		112			
	33		39		32	60		
	39		45		16			
	45		51		120	48		
	51		57		96			
	15	192	21	204	24		7fff7f	
	21		27		16	60		
	27		33		40			
	33		39		72	48		
	39		45		24	60		
	45		51		40	48		
	51		57		16	60		
draw	20	206	29	224	/sprites/ele/cruiser%0
rect	14	204	36	205	489048
			15	206	
	35		36		
	14	225		226	
		224	15		
	35		36		
	42	206	49	220	003870
		220		224	0060c0
	40	204	51	205	00488f
			41	206	
	50		51		
	40	225		226	
		224	41		
	50		51		
	55	206	62	207	707000
		207		224	c0c000
	53	204	64	205	909000
			54	206	
	63		64		
	53	225		226	
		224	54		
	63		64		
crop	69	204	75	216	112	48	7fff7f	/fonts/computer.png
	75		81		40			
	81		87		56	60		
	87		93		120	48		
	93		99		16			
	99		105		40			
	105		111		8			
	111		117		104			
	69	216	75	228	120			
	75		81		112			
	81		87		8			
	87		93		24	60		
	93		99		0			
	99		105		40			
	105		111		96	48		
	111		117		24	60		
	12	228	18	240	64	48	00ff00	
	18		24		40	72		
	24		30		8			
	30		36		48	84		
	36		42		72			
	42		48		0	24		
	48		54		32	48		
	54		60		40	72		
	60		66		24	84		
	66		72		32			
	72		78		16			
	78		84		120	72		
	84		90		72	84		
	90		96		40	72		
	96		102		16	84		
rect	12	252	13	264	007fff
			121	253	
	120			264	00488f
	12	263			
	13	253	120	263	0060c0
crop	15	252	21	264	32	60	000000	/fonts/computer.png
	21		27		8	48		
	27		33		16	60		
	33		39		56	48		
	39		45		40			
	45		51		32	60		
	15	264	21	276	64	48	7fff7f	
	21		27		48	60		
	27		33		32	48		
	33		39		24	60		
	39		45		32			
	45		51		16			
	51		57		72			
	57		63		16			
draw	16	279	34	295	/sprites/ish/hvd%0
rect	14	276	36	277	489048
			15	278	
	35		36		
	14	297		298	
		296	15		
	35		36		
	42	278	49	283	003870
		283		296	0060c0
	40	276	51	277	00488f
			41	278	
	50		51		
	40	297		298	
		296	41		
	50		51		
	55	278	62	279	707000
		279		296	c0c000
	53	276	64	277	909000
			54	278	
	63		64		
	53	297		298	
		296	54		
	63		64		
crop	69	276	75	288	96	48	7fff7f	/fonts/computer.png
	75		81		16			
	81		87		40			
	87		93		8			
	93		99		104			
	99		105		0	24		
	105		111		8	36		
	69	288	75	300	48	48		
	75		81		40	60		
	81		87		96	48		
	87		93					
	93		99		0	60		
	99		105		96	48		
	105		111		24	60		
	111		117		40	48		
	69	264	75	276	24			
	75		81		104			
	81		87		72			
	87		93		24	60		
	93		99					
	99		105		72	48		
	105		111		96			
	111		117		40			
