point	501	296	d0d0d0
	497	41	
	558	376	
	374	124	808080
	238	407	
	137	252	b0b0b0
	472	218	
	180	435	
	552	302	808080
	389	86	d0d0d0
	437	132	808080
	191	371	
	573	276	
	345	333	
	584	101	
	575	280	b0b0b0
	557	74	808080
	382	186	b0b0b0
	481	289	808080
	252	346	
	587	73	d0d0d0
	328	473	808080
	256	354	
	288	149	b0b0b0
	538	324	808080
	188	165	b0b0b0
	300	171	d0d0d0
	365	354	
	217	150	b0b0b0
	332	358	
	516	132	808080
	316	292	b0b0b0
	499	20	d0d0d0
	259	333	b0b0b0
	419	330	
	454	189	808080
	595	198	b0b0b0
	606	367	
	232	262	808080
	167	286	
	178	6	
	166	18	b0b0b0
	375	255	808080
	396	384	b0b0b0
	485	97	808080
	558	52	
	229	438	d0d0d0
	594	368	b0b0b0
	557	169	
	227	16	
	562	389	808080
	529	43	
	349	234	b0b0b0
	229	447	808080
	594	248	d0d0d0
	431	287	808080
	427	105	d0d0d0
	476	150	
	576	463	b0b0b0
	490	17	
	296	64	808080
	442	456	b0b0b0
	604	109	808080
	433	196	
	429	182	b0b0b0
	300	282	808080
	525	122	b0b0b0
	286	105	
	537	440	808080
	535	30	
	332	354	b0b0b0
	493	161	
	151	318	
	462	478	808080
	325	468	b0b0b0
	328	298	808080
	145	450	
	230	278	
	346	307	d0d0d0
	432	295	808080
	450	473	d0d0d0
	326	85	808080
	223	253	b0b0b0
	528	93	
	146	452	
	367	405	808080
	361	113	b0b0b0
	275	359	808080
	372	451	d0d0d0
	591	294	808080
	243	77	
	353	78	
	547	261	
	332	286	
	380	53	
	421	202	b0b0b0
	601	239	d0d0d0
	587	99	
	513	51	808080
	353	0	
	173	287	
	390	150	
	561	401	
	529	161	b0b0b0
	591	363	
	465	294	
	492	259	d0d0d0
	463	265	b0b0b0
	519	400	808080
	217	167	b0b0b0
	227	92	808080
	384	260	b0b0b0
	379	189	808080
	390	376	b0b0b0
	558	19	808080
	516	349	b0b0b0
	457	77	d0d0d0
	585	430	808080
	531	393	
	534	172	b0b0b0
	381	287	
	149	263	d0d0d0
	164	179	808080
	382	69	b0b0b0
	243	154	808080
line	372	0	372	480	005000
	128	237	608	237	
rect	448	274	464	290	009000
	279	184	295	200	900000
	365	230	379	244	00488f
	381	203	395	217	
	352	257	366	271	
	404	345	412	353	0060c0
	514	314	522	322	
	218	164	226	172	
	276	175	284	183	
triangle	364	235	372	243	00c000
rect	492	292	500	300	0060c0
	259	123	267	131	
	454	283	462	291	
	348	103	356	111	
	369	135	377	143	
	271	284	279	292	
	453	312	461	320	
	356	129	364	137	
	483	236	491	244	
	396	179	404	187	
	286	225	294	233	
	445	268	453	276	
	263	232	271	240	
	452	183	460	191	
	434	275	442	283	
	445	237	453	245	
	270	250	278	258	
triangle	271	252	275	256	0060c0
rect	474	260	482	268	0060c0
	402	297	410	305	
triangle	404	299	408	303	0060c0
rect	381	266	389	274	0060c0
triangle	383	268	387	272	0060c0
rect	293	223	301	231	0060c0
	337	176	345	184	
	405	190	413	198	
triangle	407	192	411	196	0060c0
rect	402	277	410	285	0060c0
	407	256	415	264	
	318	248	326	256	
	412	233	420	241	
	305	245	313	253	
	271	240	279	248	
	322	234	330	242	
triangle	324	236	328	240	0060c0
rect	376	230	384	238	0060c0
triangle	362	234	374	246	00c000
	364	235	372	243	
					
		236		244	
		235		243	
		236		244	
diamond	279	184	295	200	c00000
rect	399	205	407	213	0060c0
triangle	282	187	292	197	c00000
rect	414	212	422	220	0060c0
triangle	363	234	373	244	00c000
	283	188	291	196	c00000
rect	359	220	367	228	0060c0
plus	388	244	398	254	00c000
rect	367	205	375	213	0060c0
	362	209	370	217	
plus	392	247	402	257	00c000
rect	410	245	418	253	0060c0
	342	217	350	225	
	333	213	341	221	
	319	215	327	223	
	388	252	396	260	
triangle	390	254	394	258	0060c0
rect	344	261	352	269	0060c0
	354	161	362	169	
triangle	364	235	372	243	00c000
rect	332	204	340	212	0060c0
	326	211	334	219	
triangle	283	188	291	196	c00000
rect	346	278	354	286	0060c0
	347	203	355	211	
plus	294	196	304	206	c00000
rect	383	272	391	280	0060c0
	341	165	349	173	
	355	189	363	197	
	385	306	393	314	
	357	185	365	193	
	375	304	383	312	
	352	289	360	297	
triangle	364	235	372	243	00c000
rect	364	287	372	295	0060c0
	384	302	392	310	
	380	171	388	179	
plus	293	193	303	203	c00000
dither	368	249	423	266	303000
tint	372	253	380	265	000000	/font/5000/43
	379		387			/font/5000/72
	386		394			/font/5000/75
	393		401			/font/5000/69
	400		408			/font/5000/73
	407		415			/font/5000/65
	414		422			/font/5000/72
	371	252	379	264	ffff00	/font/5000/43
	378		386			/font/5000/72
	385		393			/font/5000/75
	392		400			/font/5000/69
	399		407			/font/5000/73
	406		414			/font/5000/65
	413		421			/font/5000/72
line	174	196	185	206	489048
			189	192	
	185	206			204020
draw	0	0	128	480	/pictures/501.png
	608		640		/pictures/512.png
tint	29	159	37	172	ff0000	/font/5001/30
	35		43			/font/5001/36
	41		49			/font/5001/30
	102		110		ff7f00	/font/5001/31
	108		116			/font/5001/35
	114		122			/font/5001/30
line	614	383	614	359	00488f
		359	622		
	622			383	002850
		383	614		
rect	615	360	622	383	003870
line	614	456	614	384	007fff
		384	622		
	622			456	00488f
		456	614		
rect	615	385	622	456	0070e0
line	614	231	614	231	909048
			622		
	622				505028
			614		
	614	328		232	ffff7f
		232	622		
	622			328	909048
		328	614		
rect	615	233	622	328	e0e070
line	614	122	614	103	904848
		103	622		
	622			122	502828
		122	614		
rect	615	104	622	122	703838
line	614	200	614	123	ff7f7f
		123	622		
	622			200	904848
		200	614		
rect	615	124	622	200	e07070
line	618	8	629	8	90488f
			618	9	
	629		629		
	618	36		36	
			618	35	
	629		629		
rect	620	10	628	35	703870
		35			c060c0
	634	49	636	52	7fff7f
		53		56	60c060
		57		60	
		61		64	703800
		65		68	
		69		72	183018
		73		76	
		77		80	
		81		84	
		85		88	
		89		92	
		93		96	
		97		100	
		101		104	
		105		108	
		109		112	
		113		116	
		117		120	
		121		124	
		125		128	
		129		132	
		133		136	
		137		140	
		141		144	
		145		148	
		149		152	
		153		156	
		157		160	
		161		164	
		165		168	
		169		172	
		173		176	
		177		180	
		181		184	
		185		188	
		189		192	
		193		196	
		197		200	
		201		204	
		205		208	
		209		212	
		213		216	
		217		220	
		221		224	
		225		228	
		229		232	
		233		236	
		237		240	
		241		244	
		245		248	
		249		252	
		253		256	
		257		260	
		261		264	
		265		268	
		269		272	
		273		276	
		277		280	
		281		284	
		285		288	
		289		292	
		293		296	
		297		300	
		301		304	
		305		308	
		309		312	
		313		316	
		317		320	
		321		324	
		325		328	
		329		332	
		333		336	
		337		340	
		341		344	
		345		348	
		349		352	
		353		356	
		357		360	
		361		364	
		365		368	
		369		372	
		373		376	
		377		380	
		381		384	
		385		388	
		389		392	
		393		396	
		397		400	
		401		404	
		405		408	
		409		412	
		413		416	
		417		420	
		421		424	
		425		428	
		429		432	
		433		436	
		437		440	
		441		444	
		445		448	
	621	52	631	56	303000
		57		61	
		62		66	
		67		71	
		72		76	
		77		81	
		82		86	
	7	7	115	115	00ff00
	8	8	114	114	001000
					003000
point	95	41	00e000
	62	60	
	63		
	66	62	
	63	61	
	64		
	67	56	
	66	61	
	62	59	
	64	61	
rect	12	320	121	440	001000
tint	15	320	23	333	00ff00	/font/5001/42
	21		29			/font/5001/55
	27		35			/font/5001/49
	33		41			/font/5001/4c
	39		47			/font/5001/44
	45		53			/font/5001/20
	51		59			/font/5001/53
	57		65			/font/5001/48
	63		71			/font/5001/49
	69		77			/font/5001/50
	75		83			/font/5001/53
line	12	342	119	342	009000
tint	15	332	23	345	00ff00	/font/5001/4c
	21		29			/font/5001/61
	27		35			/font/5001/6c
	33		41			/font/5001/61
	39		47			/font/5001/6e
	45		53			/font/5001/64
	51		59			/font/5001/65
	57		65			/font/5001/20
	63		71			/font/5001/41
	69		77			/font/5001/6c
	75		83			/font/5001/70
	81		89			/font/5001/68
	87		95			/font/5001/61
line	12	355	12	344	009000
		344	120		
	120			355	005000
		355	12		
rect	13	345	120	355	007000
tint	15	344	23	357	003000	/font/5001/43
	21		29			/font/5001/72
	27		35			/font/5001/75
	33		41			/font/5001/69
	39		47			/font/5001/73
	45		53			/font/5001/65
	51		59			/font/5001/72
	15	356	23	369	009000	/font/5001/47
	21		29			/font/5001/75
	27		35			/font/5001/6e
	33		41			/font/5001/73
	39		47			/font/5001/68
	45		53			/font/5001/69
	51		59			/font/5001/70
	15	368	23	381		/font/5001/41
	21		29			/font/5001/73
	27		35			
	33		41			/font/5001/61
	39		47			/font/5001/75
	45		53			/font/5001/6c
	51		59			/font/5001/74
	57		65			/font/5001/20
	63		71			/font/5001/54
	69		77			/font/5001/72
	75		83			/font/5001/61
	81		89			/font/5001/6e
	87		95			/font/5001/73
	93		101			/font/5001/70
	99		107			/font/5001/6f
	105		113			/font/5001/72
	111		119			/font/5001/74
	15	380	23	393		/font/5001/43
	21		29			/font/5001/61
	27		35			/font/5001/72
	33		41			
	39		47			/font/5001/69
	45		53			/font/5001/65
	51		59			/font/5001/72
	15	392	23	405		/font/5001/48
	21		29			/font/5001/65
	27		35			/font/5001/61
	33		41			/font/5001/76
	39		47			/font/5001/79
	45		53			/font/5001/20
	51		59			/font/5001/44
	57		65			/font/5001/65
	63		71			/font/5001/73
	69		77			/font/5001/74
	75		83			/font/5001/72
	81		89			/font/5001/6f
	87		95			/font/5001/79
	93		101			/font/5001/65
	99		107			/font/5001/72
	15	404	23	417		/font/5001/54
	21		29			/font/5001/72
	27		35			/font/5001/61
	33		41			/font/5001/6e
	39		47			/font/5001/73
	45		53			/font/5001/70
	51		59			/font/5001/6f
	57		65			/font/5001/72
	63		71			/font/5001/74
line	12	438	119	438	009000
rect	16	450	114	475	001010
line	17	461	17	450	00c0c0
		450	43		
	43			461	007070
		461	17		
rect	18	451	43	461	009090
tint	19	450	27	463	00ffff	/font/5001/52
	25		33			/font/5001/47
	31		39			/font/5001/48
	37		45			/font/5001/54
	43		51			/font/5001/20
	49		57			/font/5001/42
	55		63			/font/5001/75
	61		69			/font/5001/69
	67		75			/font/5001/6c
	73		81			/font/5001/64
line	17	473	17	462	00c0c0
		462	43		
	43			473	007070
		473	17		
rect	18	463	43	473	009090
tint	19	462	27	475	00ffff	/font/5001/4c
	25		33			/font/5001/45
	31		39			/font/5001/46
	37		45			/font/5001/54
	43		51			/font/5001/20
	49		57			/font/5001/4d
	55		63			/font/5001/61
	61		69			/font/5001/69
	67		75			/font/5001/6e
	73		81			/font/5001/20
	79		87			/font/5001/4d
	85		93			/font/5001/65
	91		99			/font/5001/6e
	97		105			/font/5001/75
line	12	191	12	180	ffff00
		180	119		
	119			191	909000
		191	12		
rect	13	181	119	191	c0c000
tint	15	180	23	193	000000	/font/5001/43
	21		29			/font/5001/4f
	27		35			/font/5001/4e
	33		41			/font/5001/54
	39		47			/font/5001/52
	45		53			/font/5001/4f
	51		59			/font/5001/4c
	15	192	23	205	7fff7f	/font/5001/43
	21		29			/font/5001/52
	27		35			/font/5001/55
	33		41			/font/5001/49
	39		47			/font/5001/53
	45		53			/font/5001/45
	51		59			/font/5001/52
draw	21	206	30	224	/sprites/582.SMIV/0
line	14	204	35	204	489048
			14	205	
	35		35		
	14	225		225	
			14	224	
	35		35		
rect	42	206	49	219	003870
		219		224	0060c0
line	40	204	50	204	00488f
			40	205	
	50		50		
	40	225		225	
			40	224	
	50		50		
rect	55	206	62	207	707000
		207		224	c0c000
line	53	204	63	204	909000
			53	205	
	63		63		
	53	225		225	
			53	224	
	63		63		
tint	69	204	77	217	7fff7f	/font/5001/4e
	75		83			/font/5001/45
	81		89			/font/5001/57
	87		95			/font/5001/4f
	93		101			/font/5001/42
	99		107			/font/5001/45
	105		113			/font/5001/41
	111		119			/font/5001/4d
	69	216	77	229		/font/5001/4f
	75		83			/font/5001/4e
	81		89			/font/5001/41
	87		95			/font/5001/53
	93		101			/font/5001/50
	99		107			/font/5001/55
	105		113			/font/5001/4c
	111		119			/font/5001/53
	12	228	20	241	00ff00	/font/5001/48
	18		26			/font/5001/65
	24		32			/font/5001/61
	30		38			/font/5001/76
	36		44			/font/5001/79
	42		50			/font/5001/20
	48		56			/font/5001/44
	54		62			/font/5001/65
	60		68			/font/5001/73
	66		74			/font/5001/74
	72		80			/font/5001/72
	78		86			/font/5001/6f
	84		92			/font/5001/79
	90		98			/font/5001/65
	96		104			/font/5001/72
line	12	263	12	252	007fff
		252	119		
	119			263	00488f
		263	12		
rect	13	253	119	263	0060c0
tint	15	252	23	265	000000	/font/5001/54
	21		29			/font/5001/41
	27		35			/font/5001/52
	33		41			/font/5001/47
	39		47			/font/5001/45
	45		53			/font/5001/54
	15	264	23	277	7fff7f	/font/5001/48
	21		29			/font/5001/56
	27		35			/font/5001/44
	33		41			/font/5001/53
	39		47			/font/5001/54
	45		53			/font/5001/52
	51		59			/font/5001/59
	57		65			/font/5001/52
draw	16	279	34	295	/sprites/646.SMIV/0
line	14	276	35	276	489048
			14	277	
	35		35		
	14	297		297	
			14	296	
	35		35		
rect	42	278	49	283	003870
		283		296	0060c0
line	40	276	50	276	00488f
			40	277	
	50		50		
	40	297		297	
			40	296	
	50		50		
rect	55	278	62	279	707000
		279		296	c0c000
line	53	276	63	276	909000
			53	277	
	63		63		
	53	297		297	
			53	296	
	63		63		
tint	69	276	77	289	7fff7f	/font/5001/4c
	75		83			/font/5001/42
	81		89			/font/5001/45
	87		95			/font/5001/41
	93		101			/font/5001/4d
	99		107			/font/5001/20
	105		113			/font/5001/31
	69	288	77	301		/font/5001/46
	75		83			/font/5001/55
	81		89			/font/5001/4c
	87		95			
	93		101			/font/5001/50
	99		107			/font/5001/4c
	105		113			/font/5001/53
	111		119			/font/5001/45
	69	264	77	277		/font/5001/43
	75		83			/font/5001/4d
	81		89			/font/5001/49
	87		95			/font/5001/53
	93		101			
	99		107			/font/5001/49
	105		113			/font/5001/4c
	111		119			/font/5001/45
