line	518	308	518	307	d0d0d0
	514	52	514	52	
	575	387	575	387	
	382	129	382	129	808080
	246	413	246	413	
	149	260	149	260	b0b0b0
	485	227	485	227	
	193	444	193	444	
	560	308	560	308	808080
	406	98	406	98	d0d0d0
	445	137	445	137	808080
	199	377	199	377	
	581	281	581	281	
	353	339	353	339	
	592	106	592	106	
	588	289	588	289	b0b0b0
	565	79	565	79	808080
	395	195	395	195	b0b0b0
	489	294	489	294	808080
	260	352	260	352	
	604	85	604	85	d0d0d0
	336	478	336	478	808080
	264	360	264	360	
	301	158	301	158	b0b0b0
	546	330	546	330	808080
	201	174	201	173	b0b0b0
	317	183	317	183	d0d0d0
	382	365	382	365	
	230	158	230	158	b0b0b0
	344	367	344	367	
	524	137	524	137	808080
	329	301	329	301	b0b0b0
	516	31	516	31	d0d0d0
	271	342	271	342	b0b0b0
	432	339	432	339	
	462	194	462	194	808080
	607	206	607	206	b0b0b0
	143	40	143	40	d0d0d0
	240	267	240	267	808080
	175	291	175	291	
	186	12	186	12	
	179	27	179	27	b0b0b0
	383	261	383	261	808080
	409	393	409	393	b0b0b0
	493	102	493	102	808080
	566	57	566	57	
	246	449	246	449	d0d0d0
	606	376	606	376	b0b0b0
	569	178	569	178	
	240	25	240	25	
	570	394	570	394	808080
	537	48	537	48	
	362	243	362	243	b0b0b0
	237	452	237	452	808080
	131	288	131	288	d0d0d0
	440	292	439	292	808080
	444	116	444	116	d0d0d0
	493	161	493	161	
	589	472	589	472	b0b0b0
	502	26	502	26	
	304	70	304	70	808080
	455	465	455	465	b0b0b0
	138	359	138	359	d0d0d0
	441	201	441	201	808080
	442	190	442	190	b0b0b0
	308	288	308	288	808080
	538	130	537	130	b0b0b0
	299	114	299	114	
	545	446	545	445	808080
	543	36	543	35	
	345	363	345	363	b0b0b0
	506	170	506	170	
	163	327	163	327	
	145	4	145	4	808080
	337	477	337	477	b0b0b0
	336	304	336	304	808080
	154	455	153	455	
	238	283	238	283	
	363	318	363	318	d0d0d0
	440	301	440	301	808080
	514	4	514	4	b0b0b0
	334	90	334	90	808080
	236	261	236	261	b0b0b0
	541	101	541	101	
	159	461	159	461	
	375	410	375	410	808080
	374	122	373	122	b0b0b0
	283	364	283	364	808080
	389	463	388	463	d0d0d0
	599	299	599	299	808080
	251	82	251	82	
	361	84	361	84	
	555	267	555	267	
	340	291	340	291	
	388	58	388	58	
	433	211	433	211	b0b0b0
	136	282	136	282	
	604	111	604	111	d0d0d0
	521	56	521	56	808080
	361	5	361	5	
	181	293	181	293	
	398	155	398	155	
	569	406	569	406	
	542	170	542	169	b0b0b0
	604	371	604	371	
	478	303	478	303	
	509	270	509	270	d0d0d0
	475	274	475	274	b0b0b0
	527	405	527	405	808080
	230	176	230	176	b0b0b0
	235	97	235	97	808080
	397	269	397	269	b0b0b0
	387	194	387	194	808080
	403	385	403	385	b0b0b0
	566	24	566	24	808080
	528	358	528	358	b0b0b0
	474	89	474	89	d0d0d0
	593	435	593	435	808080
	539	398	539	398	
	547	181	547	181	b0b0b0
	393	296	393	296	
	166	274	166	274	d0d0d0
	172	185	172	185	808080
	395	78	395	78	b0b0b0
	251	159	251	159	808080
	390	0	390	480	005000
	128	250	608	250	
tint	458	282	474	298	009000	/x/square/8
	306	202	322	218	900000	
	383	243	397	257	00488f	/x/square/7
	397	218	411	232		
	371	267	385	281		
	419	351	427	359	0060c0	/x/square/4
	521	321	529	329		
	248	181	256	189		
	301	191	309	199		
	364	236	372	244	00c000	/x/triangle/4
	501	302	509	310	0060c0	/x/square/4
	286	143	294	151		
	465	293	473	301		
	367	125	375	133		
	387	155	395	163		
	297	295	305	303		
	464	321	472	329		
	374	149	382	157		
	492	250	500	258		
	411	194	419	202		
	310	237	318	245		
	457	280	465	288		
	288	243	296	251		
	463	198	471	206		
	448	287	456	295		
	458	251	466	259		
	294	260	302	268		
	296	262	300	266		/x/triangle/2
	485	273	493	281		/x/square/4
	417	307	425	315		
	419	309	423	313		/x/triangle/2
	398	278	406	286		/x/square/4
	400	280	404	284		/x/triangle/2
	315	235	323	243		/x/square/4
	356	191	364	199		
	419	204	427	212		
	421	206	425	210		/x/triangle/2
	417	289		297		/x/square/4
	423	269	431	277		
	340	262	348	270		
	427	248	435	256		
	326	255	334	263		
	295	250	303	258		
	342	244	350	252		
	344	246	348	250		/x/triangle/2
	394		402	254		/x/square/4
	361	233	373	245	00c000	/x/triangle/6
	363	235	371	243		/x/triangle/4
						
	364	236	372	244		
	378	246	386	254		
						
	306	202	322	218	c00000	/x/diamond/8
	414	217	422	225	0060c0	/x/square/4
	308	205	318	215	c00000	/x/triangle/5
	430	230	438	238	0060c0	/x/square/4
	377	245	387	255	00c000	/x/triangle/5
	309	205	317	213	c00000	/x/triangle/4
	376	230	384	238	0060c0	/x/square/4
	401	254	411	264	00c000	/x/plus/5
	387	224	395	232	0060c0	/x/square/4
	381	229	389	237		
	405	257	415	267	00c000	/x/plus/5
	425	254	433	262	0060c0	/x/square/4
	363	235	371	243		
	354	231	362	239		
	340	233	348	241		
	404	260	412	268		
	406	262	410	266		/x/triangle/2
	362	269	370	277		/x/square/4
	373	184	381	192		
	365	236	373	244	00c000	/x/triangle/4
	352	223	360	231	0060c0	/x/square/4
	347	229	355	237		
	310	206	318	214	c00000	/x/triangle/4
	364	284	372	292	0060c0	/x/square/4
	366	222	374	230		
	322	213	332	223	c00000	/x/plus/5
	400	277	408	285	0060c0	/x/square/4
	362	189	370	197		
	374	211	382	219		
	401	308	409	316		
	378	206	386	214		
	389	307	397	315		
	369	294	377	302		
	364	236	372	244	00c000	/x/triangle/4
	310	206	318	214	c00000	
	379	292	387	300	0060c0	/x/square/4
	398	306	406	314		
	369	180	377	188		
	399	192	407	200		
	321	211	331	221	c00000	/x/plus/5
dither	367	249	422	266	303000
tint	371	253	379	265	000000	/font/5000/43
	378		386			/font/5000/72
	385		393			/font/5000/75
	392		400			/font/5000/69
	399		407			/font/5000/73
	406		414			/font/5000/65
	413		421			/font/5000/72
	370	252	378	264	ffff00	/font/5000/43
	377		385			/font/5000/72
	384		392			/font/5000/75
	391		399			/font/5000/69
	398		406			/font/5000/73
	405		413			/font/5000/65
	412		420			/font/5000/72
line	208	119	214	133	489048
			223	120	
	214	133			204020
draw	0	0	128	480	/pictures/501.png
	608		640		/pictures/512.png
tint	29	159	37	172	ff0000	/font/5001/30
	35		43			/font/5001/36
	41		49			/font/5001/30
	102		110		ff7f00	/font/5001/31
	108		116			/font/5001/35
	114		122			/font/5001/30
line	614	383	614	359	00488f
		359	622		
	622			383	002850
		383	614		
rect	615	360	622	383	003870
line	614	456	614	384	007fff
		384	622		
	622			456	00488f
		456	614		
rect	615	385	622	456	0070e0
line	614	244	614	231	909048
		231	622		
	622			244	505028
		244	614		
rect	615	232	622	244	707038
line	614	328	614	245	ffff7f
		245	622		
	622			328	909048
		328	614		
rect	615	246	622	328	e0e070
line	614	122	614	103	904848
		103	622		
	622			122	502828
		122	614		
rect	615	104	622	122	703838
line	614	200	614	123	ff7f7f
		123	622		
	622			200	904848
		200	614		
rect	615	124	622	200	e07070
line	618	8	629	8	90488f
			618	9	
	629		629		
	618	36		36	
			618	35	
	629		629		
rect	620	10	628	35	703870
		35			c060c0
	634	49	636	52	7fff7f
		53		56	60c060
		57		60	
		61		64	
		65		68	703800
		69		72	183018
		73		76	
		77		80	
		81		84	
		85		88	
		89		92	
		93		96	
		97		100	
		101		104	
		105		108	
		109		112	
		113		116	
		117		120	
		121		124	
		125		128	
		129		132	
		133		136	
		137		140	
		141		144	
		145		148	
		149		152	
		153		156	
		157		160	
		161		164	
		165		168	
		169		172	
		173		176	
		177		180	
		181		184	
		185		188	
		189		192	
		193		196	
		197		200	
		201		204	
		205		208	
		209		212	
		213		216	
		217		220	
		221		224	
		225		228	
		229		232	
		233		236	
		237		240	
		241		244	
		245		248	
		249		252	
		253		256	
		257		260	
		261		264	
		265		268	
		269		272	
		273		276	
		277		280	
		281		284	
		285		288	
		289		292	
		293		296	
		297		300	
		301		304	
		305		308	
		309		312	
		313		316	
		317		320	
		321		324	
		325		328	
		329		332	
		333		336	
		337		340	
		341		344	
		345		348	
		349		352	
		353		356	
		357		360	
		361		364	
		365		368	
		369		372	
		373		376	
		377		380	
		381		384	
		385		388	
		389		392	
		393		396	
		397		400	
		401		404	
		405		408	
		409		412	
		413		416	
		417		420	
		421		424	
		425		428	
		429		432	
		433		436	
		437		440	
		441		444	
		445		448	
	621	52	631	56	303000
		57		61	
		62		66	
		67		71	
		72		76	
		77		81	
		82		86	
	7	7	115	115	00ff00
	8	8	114	114	001000
					003000
point	60	60	00e000
	59		
	62	62	
	53	57	
	71	67	
	63	63	
	66	65	
rect	12	320	121	440	001000
tint	15	320	23	333	00ff00	/font/5001/42
	21		29			/font/5001/55
	27		35			/font/5001/49
	33		41			/font/5001/4c
	39		47			/font/5001/44
	45		53			/font/5001/20
	51		59			/font/5001/53
	57		65			/font/5001/48
	63		71			/font/5001/49
	69		77			/font/5001/50
	75		83			/font/5001/53
line	12	342	119	342	009000
tint	15	332	23	345	00ff00	/font/5001/4c
	21		29			/font/5001/61
	27		35			/font/5001/6c
	33		41			/font/5001/61
	39		47			/font/5001/6e
	45		53			/font/5001/64
	51		59			/font/5001/65
	57		65			/font/5001/20
	63		71			/font/5001/41
	69		77			/font/5001/6c
	75		83			/font/5001/70
	81		89			/font/5001/68
	87		95			/font/5001/61
line	12	355	12	344	009000
		344	120		
	120			355	005000
		355	12		
rect	13	345	120	355	007000
tint	15	344	23	357	003000	/font/5001/43
	21		29			/font/5001/72
	27		35			/font/5001/75
	33		41			/font/5001/69
	39		47			/font/5001/73
	45		53			/font/5001/65
	51		59			/font/5001/72
	15	356	23	369	009000	/font/5001/47
	21		29			/font/5001/75
	27		35			/font/5001/6e
	33		41			/font/5001/73
	39		47			/font/5001/68
	45		53			/font/5001/69
	51		59			/font/5001/70
	15	368	23	381		/font/5001/41
	21		29			/font/5001/73
	27		35			
	33		41			/font/5001/61
	39		47			/font/5001/75
	45		53			/font/5001/6c
	51		59			/font/5001/74
	57		65			/font/5001/20
	63		71			/font/5001/54
	69		77			/font/5001/72
	75		83			/font/5001/61
	81		89			/font/5001/6e
	87		95			/font/5001/73
	93		101			/font/5001/70
	99		107			/font/5001/6f
	105		113			/font/5001/72
	111		119			/font/5001/74
	15	380	23	393		/font/5001/43
	21		29			/font/5001/61
	27		35			/font/5001/72
	33		41			
	39		47			/font/5001/69
	45		53			/font/5001/65
	51		59			/font/5001/72
	15	392	23	405		/font/5001/48
	21		29			/font/5001/65
	27		35			/font/5001/61
	33		41			/font/5001/76
	39		47			/font/5001/79
	45		53			/font/5001/20
	51		59			/font/5001/44
	57		65			/font/5001/65
	63		71			/font/5001/73
	69		77			/font/5001/74
	75		83			/font/5001/72
	81		89			/font/5001/6f
	87		95			/font/5001/79
	93		101			/font/5001/65
	99		107			/font/5001/72
	15	404	23	417	00ff00	/font/5001/54
	21		29			/font/5001/72
	27		35			/font/5001/61
	33		41			/font/5001/6e
	39		47			/font/5001/73
	45		53			/font/5001/70
	51		59			/font/5001/6f
	57		65			/font/5001/72
	63		71			/font/5001/74
line	12	438	119	438	009000
rect	16	450	114	475	001010
line	17	461	17	450	00c0c0
		450	43		
	43			461	007070
		461	17		
rect	18	451	43	461	009090
tint	19	450	27	463	00ffff	/font/5001/52
	25		33			/font/5001/47
	31		39			/font/5001/48
	37		45			/font/5001/54
	43		51			/font/5001/20
	49		57			/font/5001/42
	55		63			/font/5001/75
	61		69			/font/5001/69
	67		75			/font/5001/6c
	73		81			/font/5001/64
line	17	473	17	462	00c0c0
		462	43		
	43			473	007070
		473	17		
rect	18	463	43	473	009090
tint	19	462	27	475	00ffff	/font/5001/4c
	25		33			/font/5001/45
	31		39			/font/5001/46
	37		45			/font/5001/54
	43		51			/font/5001/20
	49		57			/font/5001/4d
	55		63			/font/5001/61
	61		69			/font/5001/69
	67		75			/font/5001/6e
	73		81			/font/5001/20
	79		87			/font/5001/4d
	85		93			/font/5001/65
	91		99			/font/5001/6e
	97		105			/font/5001/75
rect	12	180	120	192	000000
line	12	191	12	180	ffff00
		180	119		
	119			191	909000
		191	12		
rect	13	181	119	191	c0c000
tint	15	180	23	193	000000	/font/5001/43
	21		29			/font/5001/4f
	27		35			/font/5001/4e
	33		41			/font/5001/54
	39		47			/font/5001/52
	45		53			/font/5001/4f
	51		59			/font/5001/4c
rect	12	192	120	204	000000
tint	15	192	23	205	7fff7f	/font/5001/43
	21		29			/font/5001/52
	27		35			/font/5001/55
	33		41			/font/5001/49
	39		47			/font/5001/53
	45		53			/font/5001/45
	51		59			/font/5001/52
rect	14	204	36	226	000000
draw	21	206	30	224	/sprites/582.SMIV/0
line	14	204	35	204	489048
			14	205	
	35		35		
	14	225		225	
			14	224	
	35		35		
rect	40	204	51	226	000000
	42	206	49	219	003870
		219		224	0060c0
line	40	204	50	204	00488f
			40	205	
	50		50		
	40	225		225	
			40	224	
	50		50		
rect	53	204	64	226	000000
	55	206	62	209	707000
		209		224	c0c000
line	53	204	63	204	909000
			53	205	
	63		63		
	53	225		225	
			53	224	
	63		63		
rect	69	204	120	216	000000
tint	69	204	77	217	7fff7f	/font/5001/4e
	75		83			/font/5001/45
	81		89			/font/5001/57
	87		95			/font/5001/4f
	93		101			/font/5001/42
	99		107			/font/5001/45
	105		113			/font/5001/41
	111		119			/font/5001/4d
rect	69	216	120	228	000000
tint	69	216	77	229	7fff7f	/font/5001/4f
	75		83			/font/5001/4e
	81		89			/font/5001/41
	87		95			/font/5001/53
	93		101			/font/5001/50
	99		107			/font/5001/55
	105		113			/font/5001/4c
	111		119			/font/5001/53
rect	69	192	120	204	000000
	12	228		240	
tint	12	228	20	241	00ff00	/font/5001/48
	18		26			/font/5001/65
	24		32			/font/5001/61
	30		38			/font/5001/76
	36		44			/font/5001/79
	42		50			/font/5001/20
	48		56			/font/5001/44
	54		62			/font/5001/65
	60		68			/font/5001/73
	66		74			/font/5001/74
	72		80			/font/5001/72
	78		86			/font/5001/6f
	84		92			/font/5001/79
	90		98			/font/5001/65
	96		104			/font/5001/72
rect	12	252	120	264	000000
line	12	263	12	252	007fff
		252	119		
	119			263	00488f
		263	12		
rect	13	253	119	263	0060c0
tint	15	252	23	265	000000	/font/5001/54
	21		29			/font/5001/41
	27		35			/font/5001/52
	33		41			/font/5001/47
	39		47			/font/5001/45
	45		53			/font/5001/54
rect	12	264	120	276	000000
tint	15	264	23	277	7fff7f	/font/5001/48
	21		29			/font/5001/56
	27		35			/font/5001/44
	33		41			/font/5001/53
	39		47			/font/5001/54
	45		53			/font/5001/52
	51		59			/font/5001/59
	57		65			/font/5001/52
rect	14	276	36	298	000000
draw	16	279	34	295	/sprites/646.SMIV/0
line	14	276	35	276	489048
			14	277	
	35		35		
	14	297		297	
			14	296	
	35		35		
rect	40	276	51	298	000000
	42	278	49	283	003870
		283		296	0060c0
line	40	276	50	276	00488f
			40	277	
	50		50		
	40	297		297	
			40	296	
	50		50		
rect	53	276	64	298	000000
	55	278	62	281	707000
		281		296	c0c000
line	53	276	63	276	909000
			53	277	
	63		63		
	53	297		297	
			53	296	
	63		63		
rect	69	276	120	288	000000
tint	69	276	77	289	7fff7f	/font/5001/4c
	75		83			/font/5001/42
	81		89			/font/5001/45
	87		95			/font/5001/41
	93		101			/font/5001/4d
	99		107			/font/5001/20
	105		113			/font/5001/31
rect	69	288	120	300	000000
tint	69	288	77	301	7fff7f	/font/5001/46
	75		83			/font/5001/55
	81		89			/font/5001/4c
	87		95			
	93		101			/font/5001/50
	99		107			/font/5001/4c
	105		113			/font/5001/53
	111		119			/font/5001/45
rect	69	264	120	276	000000
tint	69	264	77	277	7fff7f	/font/5001/43
	75		83			/font/5001/4d
	81		89			/font/5001/49
	87		95			/font/5001/53
	93		101			
	99		107			/font/5001/49
	105		113			/font/5001/4c
	111		119			/font/5001/45
rect	12	300	120	312	000000
