line	446	449	445	448	d0d0d0
	441	393	440	392	
	392	38	392	37	808080
	587	284	587	284	
	399	172	398	171	d0d0d0
	249	17	248	17	
	531	63	530	62	
	465	194	464	194	b0b0b0
	260	95	259	94	d0d0d0
	283	211	283	210	b0b0b0
	170	286	169	285	808080
	269	51	268	51	
	305	283	305	283	
	321	14	321	13	
	519	193	518	192	b0b0b0
	321	460	321	460	808080
	340	55	339	54	d0d0d0
	222	470	221	470	b0b0b0
	143	390	143	390	808080
	363	53	362	52	d0d0d0
	302	168	301	168	b0b0b0
	568	154	568	153	808080
	287	69	286	68	d0d0d0
	130	123	129	122	b0b0b0
	270	111	269	111	808080
	509	406	509	406	b0b0b0
	189	235	189	235	808080
	584	15	583	14	d0d0d0
	538	391	538	391	b0b0b0
	146	226	146	225	808080
	264	46	263	45	d0d0d0
	232	70	231	69	
	487	163	486	162	b0b0b0
	439	122	438	121	d0d0d0
	217	133	216	132	808080
	186	127	186	127	
	506	67	505	66	d0d0d0
	555	351	554	351	
	445	422	445	422	808080
	380	446	379	446	
	391	167	391	167	
	488	259	487	259	b0b0b0
	589	416	588	415	808080
	508	144	507	143	b0b0b0
	259	335	258	334	
	553	88	553	88	808080
	287	467	286	466	
	291	277	290	277	b0b0b0
	484	333	483	332	d0d0d0
	549	258	548	257	b0b0b0
	375	435	374	434	
	164	364	163	364	808080
	210	422	209	421	d0d0d0
	547	252	546	251	
	332	116	331	116	
	182	185	182	185	b0b0b0
	312	231	311	231	
	413	84	412	84	808080
	568	113	567	113	d0d0d0
	263	326	262	326	808080
	509	225	509	224	
	218	139	218	138	
	473	186	472	186	d0d0d0
	202	479	201	478	
	312	358	311	358	
	514	443	513	443	808080
	438	2	438	1	
	608	347	607	346	b0b0b0
		120		119	808080
	266	128	266	127	
	479	151	477	150	d0d0d0
	398	334	397	333	
	462	102	461	101	
	350	159	350	158	808080
	546	63	545	62	b0b0b0
	542	459	541	459	808080
	175	389	174	388	
	443	438	443	438	
	420	76	419	76	
	165	312	165	312	
	494	91	493	90	d0d0d0
	539	245	538	245	808080
	357	15	356	14	b0b0b0
	289	131	288	130	808080
	200	471	200	471	
	315	447	314	447	d0d0d0
	177	471	177	470	808080
	606	39	605	39	
	283	313	282	312	b0b0b0
	323	174	322	174	808080
	456	237	456	237	
	566	239	566	238	
	330	82	329	82	b0b0b0
	545	446	545	446	808080
	593	213	592	213	
	300	151	299	150	d0d0d0
	182	35	181	34	b0b0b0
	143	206	142	206	808080
	357	353	356	352	d0d0d0
	567	160	566	160	808080
	387	448	386	448	
	603	310	603	310	
	294	458	293	458	
	289	324	288	323	
	142	37	141	36	
	247	465	246	465	
	361	222	360	221	b0b0b0
	245	440	245	440	808080
	370	224	369	224	d0d0d0
	538	409	538	408	b0b0b0
	440	253	440	252	808080
	253	467	252	466	d0d0d0
	592	349	592	349	808080
	418	92	418	91	
	289	449	288	449	
	355	285	354	285	b0b0b0
	374	49	373	48	d0d0d0
	319	104	318	103	b0b0b0
	463	55	462	55	808080
	293	310	292	309	
	250	401	249	400	d0d0d0
	497	53	496	53	808080
	377	340	377	340	
	252	307	251	306	d0d0d0
	456	315	456	314	808080
rect	269	0	270	481	005000
	531		532		
	128	145	609	146	
		407		408	
triangle	373	243	381	251	00c000
	361	233	373	245	
	371	232	379	240	
	395	213	403	221	
	383	212	391	220	
	564	406	574	416	
	381	248	389	256	
rect	549	366	557	374	0060c0
	480	454	488	462	
plus	172	202	182	212	c00000
triangle	368	239	376	247	00c000
plus	159	189	169	199	c00000
dither	375	246	430	263	303000
crop	379	250	386	261	24	44	000000	/fonts/tactical.png
	386		393		16	77		
	393		400		40			
	400		407		72	66		
	407		414		24	77		
	414		421		40	66		
	421		428		16	77		
	378	249	385	260	24	44	ffff00	
	385		392		16	77		
	392		399		40			
	399		406		72	66		
	406		413		24	77		
	413		420		40	66		
	420		427		16	77		
line	208	119	214	133	489048
			223	120	
	214	133			204020
draw	0	-144	128	624	/pictures/gui/instruments/left.png
	608		640		/pictures/gui/instruments/right.png
crop	29	159	35	171	0	36	ff0000	/fonts/computer.png
	35		41		48			
	41		47		0			
	102		108		8		ff7f00	
	108		114		40			
	114		120		0			
rect	614	359	615	384	00488f
			623	360	
	622			384	002850
	614	383			
	615	360	622	383	003870
	614	384	615	457	007fff
			623	385	
	622			457	00488f
	614	456			
	615	385	622	456	0070e0
	614	231	615	246	909048
			623	232	
	622			246	505028
	614	245			
	615	232	622	245	707038
	614	246	615	329	ffff7f
			623	247	
	622			329	909048
	614	328			
	615	247	622	328	e0e070
	614	103	615	123	904848
			623	104	
	622			123	502828
	614	122			
	615	104	622	122	703838
	614	123	615	201	ff7f7f
			623	124	
	622			201	904848
	614	200			
	615	124	622	200	e07070
	618	8	630	9	90488f
			619	10	
	629		630		
	618	36		37	
		35	619		
	629		630		
	620	10	628	35	703870
		35			c060c0
	634	49	636	52	007fff
		53		56	0060c0
		57		60	
		61		64	
		65		68	
		69		72	183018
		73		76	
		77		80	
		81		84	
		85		88	
		89		92	
		93		96	
		97		100	
		101		104	
		105		108	
		109		112	
		113		116	
		117		120	
		121		124	
		125		128	
		129		132	
		133		136	
		137		140	
		141		144	
		145		148	
		149		152	
		153		156	
		157		160	
		161		164	
		165		168	
		169		172	
		173		176	
		177		180	
		181		184	
		185		188	
		189		192	
		193		196	
		197		200	
		201		204	
		205		208	
		209		212	
		213		216	
		217		220	
		221		224	
		225		228	
		229		232	
		233		236	
		237		240	
		241		244	
		245		248	
		249		252	
		253		256	
		257		260	
		261		264	
		265		268	
		269		272	
		273		276	
		277		280	
		281		284	
		285		288	
		289		292	
		293		296	
		297		300	
		301		304	
		305		308	
		309		312	
		313		316	
		317		320	
		321		324	
		325		328	
		329		332	
		333		336	
		337		340	
		341		344	
		345		348	
		349		352	
		353		356	
		357		360	
		361		364	
		365		368	
		369		372	
		373		376	
		377		380	
		381		384	
		385		388	
		389		392	
		393		396	
		397		400	
		401		404	
		405		408	
		409		412	
		413		416	
		417		420	
		421		424	
		425		428	
		429		432	
		433		436	
		437		440	
		441		444	
		445		448	
	621	52	631	56	303000
		57		61	
		62		66	
		67		71	
		72		76	
		77		81	
		82		86	
	7	7	115	115	00ff00
	8	8	114	114	001000
					003000
point	66	58	00e000
	81	47	
	73	46	
	71	68	
	64	63	
	66	65	
rect	12	320	121	440	001000
		342	120	343	009000
		344	13	356	
			121	345	
	120			356	005000
	12	355			
	13	345	120	355	007000
	12	438		439	009000
	16	450	114	475	001010
	17		18	462	00c0c0
			44	451	
	43			462	007070
	17	461			
	18	451	43	461	009090
	17	462	18	474	00c0c0
			44	463	
	43			474	007070
	17	473			
	18	463	43	473	009090
crop	15	320	21	332	16	48	00ff00	/fonts/computer.png
	21		27		40	60		
	27		33		72	48		
	33		39		96			
	39		45		32			
	45		51		0	24		
	51		57		24	60		
	57		63		64	48		
	63		69		72			
	69		75		0	60		
	75		81		24			
	15	332	21	344	96	48		
	21		27		8	72		
	27		33		96			
	33		39		8			
	39		45		112			
	45		51		32			
	51		57		40			
	57		63		0	24		
	63		69		8	48		
	69		75		96	72		
	75		81		0	84		
	81		87		64	72		
	87		93		8			
	15	344	21	356	24	48		
	21		27		16	84		
	27		33		40			
	33		39		72	72		
	39		45		24	84		
	45		51		40	72		
	51		57		16	84		
	15	356	21	368	56	48	009000	
	21		27		40	84		
	27		33		112	72		
	33		39		24	84		
	39		45		64	72		
	45		51		72			
	51		57		0	84		
	15	368	21	380	8	48		
	21		27		24	84		
	27		33					
	33		39		8	72		
	39		45		40	84		
	45		51		96	72		
	51		57		32	84		
	57		63		0	24		
	63		69		32	60		
	69		75		16	84		
	75		81		8	72		
	81		87		112			
	87		93		24	84		
	93		99		0			
	99		105		120	72		
	105		111		16	84		
	111		117		32			
	15	380	21	392	24	48		
	21		27		8	72		
	27		33		16	84		
	33		39					
	39		45		72	72		
	45		51		40			
	51		57		16	84		
	15	392	21	404	64	48		
	21		27		40	72		
	27		33		8			
	33		39		48	84		
	39		45		72			
	45		51		0	24		
	51		57		32	48		
	57		63		40	72		
	63		69		24	84		
	69		75		32			
	75		81		16			
	81		87		120	72		
	87		93		72	84		
	93		99		40	72		
	99		105		16	84		
	15	404	21	416	32	60	00ff00	
	21		27		16	84		
	27		33		8	72		
	33		39		112			
	39		45		24	84		
	45		51		0			
	51		57		120	72		
	57		63		16	84		
	63		69		32			
	19	450	25	462	16	60	00ffff	
	25		31		56	48		
	31		37		64			
	37		43		32	60		
	43		49		0	24		
	49		55		16	48		
	55		61		40	84		
	61		67		72	72		
	67		73		96			
	73		79		32			
	19	462	25	474	96	48		
	25		31		40			
	31		37		48			
	37		43		32	60		
	43		49		0	24		
	49		55		104	48		
	55		61		8	72		
	61		67		72			
	67		73		112			
	73		79		0	24		
	79		85		104	48		
	85		91		40	72		
	91		97		112			
	97		103		40	84		
rect	12	180	13	192	ffff00
			121	181	
	120			192	909000
	12	191			
	13	181	120	191	c0c000
crop	15	180	21	192	24	48	000000	/fonts/computer.png
	21		27		120			
	27		33		112			
	33		39		32	60		
	39		45		16			
	45		51		120	48		
	51		57		96			
	15	192	21	204	24		7fff7f	
	21		27		16	60		
	27		33		40			
	33		39		72	48		
	39		45		24	60		
	45		51		40	48		
	51		57		16	60		
draw	20	206	29	224	/sprites/ele/cruiser%0
rect	14	204	36	205	489048
			15	206	
	35		36		
	14	225		226	
		224	15		
	35		36		
	42	206	49	219	003870
		219		224	0060c0
	40	204	51	205	00488f
			41	206	
	50		51		
	40	225		226	
		224	41		
	50		51		
	55	206	62	210	707000
		210		224	c0c000
	53	204	64	205	909000
			54	206	
	63		64		
	53	225		226	
		224	54		
	63		64		
crop	69	204	75	216	112	48	7fff7f	/fonts/computer.png
	75		81		40			
	81		87		56	60		
	87		93		120	48		
	93		99		16			
	99		105		40			
	105		111		8			
	111		117		104			
	69	216	75	228	120			
	75		81		112			
	81		87		8			
	87		93		24	60		
	93		99		0			
	99		105		40			
	105		111		96	48		
	111		117		24	60		
	12	228	18	240	64	48	00ff00	
	18		24		40	72		
	24		30		8			
	30		36		48	84		
	36		42		72			
	42		48		0	24		
	48		54		32	48		
	54		60		40	72		
	60		66		24	84		
	66		72		32			
	72		78		16			
	78		84		120	72		
	84		90		72	84		
	90		96		40	72		
	96		102		16	84		
rect	12	252	13	264	007fff
			121	253	
	120			264	00488f
	12	263			
	13	253	120	263	0060c0
crop	15	252	21	264	32	60	000000	/fonts/computer.png
	21		27		8	48		
	27		33		16	60		
	33		39		56	48		
	39		45		40			
	45		51		32	60		
	15	264	21	276	64	48	7fff7f	
	21		27		48	60		
	27		33		32	48		
	33		39		24	60		
	39		45		32			
	45		51		16			
	51		57		72			
	57		63		16			
draw	16	279	34	295	/sprites/ish/hvd%0
rect	14	276	36	277	489048
			15	278	
	35		36		
	14	297		298	
		296	15		
	35		36		
	42	278	49	283	003870
		283		296	0060c0
	40	276	51	277	00488f
			41	278	
	50		51		
	40	297		298	
		296	41		
	50		51		
	55	278	62	281	707000
		281		296	c0c000
	53	276	64	277	909000
			54	278	
	63		64		
	53	297		298	
		296	54		
	63		64		
crop	69	276	75	288	96	48	7fff7f	/fonts/computer.png
	75		81		16			
	81		87		40			
	87		93		8			
	93		99		104			
	99		105		0	24		
	105		111		8	36		
	69	288	75	300	48	48		
	75		81		40	60		
	81		87		96	48		
	87		93					
	93		99		0	60		
	99		105		96	48		
	105		111		24	60		
	111		117		40	48		
	69	264	75	276	24			
	75		81		104			
	81		87		72			
	87		93		24	60		
	93		99					
	99		105		72	48		
	105		111		96			
	111		117		40			
