line	292	128	296	130	b0b0b0
	176	122	180	124	
	241	387	246	390	d0d0d0
	587	188	589	189	808080
	333	235	337	238	d0d0d0
	396	370	400	372	b0b0b0
	434	429	438	432	d0d0d0
	443	151	445	153	808080
	580	395	585	398	d0d0d0
	273	202	278	205	
	376	41	379	44	b0b0b0
	519	160	523	163	d0d0d0
	457	128	460	131	b0b0b0
	576	118	579	120	
	379	29	381	31	808080
	202	259	207	262	d0d0d0
	159	322	162	323	808080
	559	214	564	217	d0d0d0
	583	430	586	432	b0b0b0
	537	44	541	46	
	494	153	498	155	
	385	424	387	425	808080
	212	215	217	218	d0d0d0
	190	4	194	7	b0b0b0
	260	56	264	59	
	458	83	463	86	d0d0d0
	361	415	364	417	808080
	259	190	263	193	b0b0b0
	192	413	196	415	
	558	443	561	445	808080
	131	142	135	144	b0b0b0
	149	377	152	380	
	458	252	460	253	808080
	139	18	143	21	d0d0d0
	133	214	138	217	
	599	358	602	360	b0b0b0
	175	100	178	101	808080
	517	176	520	178	b0b0b0
	305	201	308	203	
	288	237	291	239	
	342	218	345	220	
	152	267	156	270	d0d0d0
	503	142	508	145	
	183	440	187	442	b0b0b0
	175	51	178	52	808080
	250	330	254	332	b0b0b0
	514	53	517	55	
	363	130	366	131	808080
	582	308	587	311	d0d0d0
	210	113	215	116	
	155	51	158	52	808080
	393	370	398	373	d0d0d0
	347	410	352	413	
	590	467	592	469	808080
	397	278	401	280	b0b0b0
	324	429	327	430	808080
	198	287	202	289	b0b0b0
	543	52	548	54	d0d0d0
	159	406	162	408	808080
	565	118	570	121	d0d0d0
	399	127	404	130	
	196	149	198	151	808080
	448	93	451	94	
	476	413	481	416	d0d0d0
	527	370	529	371	808080
	257	243	260	244	
	458	379	461	381	
	594	63	597	65	
	154	285	156	287	
	533	437	538	440	d0d0d0
	319	475	323	477	b0b0b0
	281	320	285	323	
	170	31	174	34	
	570	413	572	415	808080
	259	142	263	145	b0b0b0
	473	200	478	203	d0d0d0
	594	365	599	368	
	589	116	591	117	808080
	195	119	200	122	d0d0d0
	331	139	335	142	
	245	290	249	292	b0b0b0
	405	201	407	203	808080
	241	208	246	211	d0d0d0
	219	336	222	338	808080
	421	403	423	404	
	509	264	514	267	d0d0d0
	561	363	564	365	b0b0b0
	554	212	556	214	808080
	227	107	232	110	d0d0d0
	164	273	168	275	b0b0b0
	413	349	416	352	
	157	471	162	474	d0d0d0
	222	293	225	296	b0b0b0
	441	403	446	406	d0d0d0
	361	272	364	273	808080
	282	221	284	222	
	528	281	530	282	
	472	336	477	339	d0d0d0
	147	61	151	63	b0b0b0
	412	372	414	373	808080
	539	277	544	279	d0d0d0
	469	133	473	135	b0b0b0
	270	294	272	296	808080
	547	24	549	26	
	465	188	469	190	b0b0b0
	387	168	389	169	808080
	361	69	365	71	b0b0b0
	401	131	403	132	808080
	299	349	301	351	
	537	183	541	185	b0b0b0
	323	80	326	81	808080
	266	63	269	65	
	174	137	178	139	b0b0b0
	584	223	586	225	808080
	187	49	190	51	
	491	348	496	351	d0d0d0
	560	262	564	264	b0b0b0
	387	389	392	392	d0d0d0
	204	48	208	50	b0b0b0
	292	360	294	361	808080
	227	161	232	164	d0d0d0
	245	0	245	480	002850
	541		541		
	128	199	608	199	
triangle	349	225	357	233	00c000
	361	233	373	245	
	406	222	414	230	
	437	270	445	278	
	392	246	400	254	
	98	44	106	52	
	88	48	96	56	
	564	355	574	365	c00000
	71	8	81	18	00c000
	348	225	356	233	
	349	226	357	234	
dither	410	236	465	253	303000
crop	414	240	421	251	24	44	000000	/fonts/tactical
	421		428		16	77		
	428		435		40			
	435		442		72	66		
	442		449		24	77		
	449		456		40	66		
	456		463		16	77		
	413	239	420	250	24	44	ffff00	
	420		427		16	77		
	427		434		40			
	434		441		72	66		
	441		448		24	77		
	448		455		40	66		
	455		462		16	77		
line	538	341	531	328	489048
			523	341	
	531	328			204020
draw	0	0	128	480	/pictures/501.png
	608		640		/pictures/512.png
crop	29	159	35	171	0	36	ff0000	/fonts/computer
	35		41		40			
	41		47		64			
	102		108		8		ff7f00	
	108		114		40			
	114		120		0			
line	614	383	614	359	00488f
		359	622		
	622			383	002850
		383	614		
rect	615	360	622	383	003870
line	614	456	614	384	007fff
		384	622		
	622			456	00488f
		456	614		
rect	615	385	622	456	0070e0
line	614	244	614	231	909048
		231	622		
	622			244	505028
		244	614		
rect	615	232	622	244	707038
line	614	328	614	245	ffff7f
		245	622		
	622			328	909048
		328	614		
rect	615	246	622	328	e0e070
line	614	124	614	103	904848
		103	622		
	622			124	502828
		124	614		
rect	615	104	622	124	703838
line	614	200	614	125	ff7f7f
		125	622		
	622			200	904848
		200	614		
rect	615	126	622	200	e07070
line	618	8	629	8	90488f
			618	9	
	629		629		
	618	36		36	
			618	35	
	629		629		
rect	620	10	628	35	703870
		26			c060c0
	634	49	636	52	7fff7f
		53		56	60c060
		57		60	
		61		64	703800
		65		68	183018
		69		72	
		73		76	
		77		80	
		81		84	
		85		88	
		89		92	
		93		96	
		97		100	
		101		104	
		105		108	
		109		112	
		113		116	
		117		120	
		121		124	
		125		128	
		129		132	
		133		136	
		137		140	
		141		144	
		145		148	
		149		152	
		153		156	
		157		160	
		161		164	
		165		168	
		169		172	
		173		176	
		177		180	
		181		184	
		185		188	
		189		192	
		193		196	
		197		200	
		201		204	
		205		208	
		209		212	
		213		216	
		217		220	
		221		224	
		225		228	
		229		232	
		233		236	
		237		240	
		241		244	
		245		248	
		249		252	
		253		256	
		257		260	
		261		264	
		265		268	
		269		272	
		273		276	
		277		280	
		281		284	
		285		288	
		289		292	
		293		296	
		297		300	
		301		304	
		305		308	
		309		312	
		313		316	
		317		320	
		321		324	
		325		328	
		329		332	
		333		336	
		337		340	
		341		344	
		345		348	
		349		352	
		353		356	
		357		360	
		361		364	
		365		368	
		369		372	
		373		376	
		377		380	
		381		384	
		385		388	
		389		392	
		393		396	
		397		400	
		401		404	
		405		408	
		409		412	
		413		416	
		417		420	
		421		424	
		425		428	
		429		432	
		433		436	
		437		440	
		441		444	
		445		448	
	621	52	631	56	303000
		57		61	
		62		66	
		67		71	
		72		76	
		77		81	
		82		86	
	7	7	115	115	00ff00
	8	8	114	114	001000
	29	29	93	93	003000
point	66	61	00e000
	70	66	
	65	61	
	25	35	
	24	36	
	88	77	
	22	31	
	59	60	
	60		
			
	8	20	
rect	12	320	121	440	001000
crop	15	320	21	332	16	48	00ff00	/fonts/computer
	21		27		40	60		
	27		33		72	48		
	33		39		96			
	39		45		32			
	45		51		0	24		
	51		57		24	60		
	57		63		64	48		
	63		69		72			
	69		75		0	60		
	75		81		24			
line	12	342	119	342	009000
crop	15	332	21	344	96	48	00ff00	/fonts/computer
	21		27		8	72		
	27		33		96			
	33		39		8			
	39		45		112			
	45		51		32			
	51		57		40			
	57		63		0	24		
	63		69		8	48		
	69		75		96	72		
	75		81		0	84		
	81		87		64	72		
	87		93		8			
	15	344	21	356	24	48	009000	
	21		27		16	84		
	27		33		40			
	33		39		72	72		
	39		45		24	84		
	45		51		40	72		
	51		57		16	84		
	15	356	21	368	56	48		
	21		27		40	84		
	27		33		112	72		
	33		39		24	84		
	39		45		64	72		
	45		51		72			
	51		57		0	84		
	15	368	21	380	8	48		
	21		27		24	84		
	27		33					
	33		39		8	72		
	39		45		40	84		
	45		51		96	72		
	51		57		32	84		
	57		63		0	24		
	63		69		32	60		
	69		75		16	84		
	75		81		8	72		
	81		87		112			
	87		93		24	84		
	93		99		0			
	99		105		120	72		
	105		111		16	84		
	111		117		32			
	15	380	21	392	24	48		
	21		27		8	72		
	27		33		16	84		
	33		39					
	39		45		72	72		
	45		51		40			
	51		57		16	84		
	15	392	21	404	64	48		
	21		27		40	72		
	27		33		8			
	33		39		48	84		
	39		45		72			
	45		51		0	24		
	51		57		32	48		
	57		63		40	72		
	63		69		24	84		
	69		75		32			
	75		81		16			
	81		87		120	72		
	87		93		72	84		
	93		99		40	72		
	99		105		16	84		
line	12	415	12	404	009000
		404	120		
	120			415	005000
		415	12		
rect	13	405	120	415	007000
crop	15	404	21	416	32	60	003000	/fonts/computer
	21		27		16	84		
	27		33		8	72		
	33		39		112			
	39		45		24	84		
	45		51		0			
	51		57		120	72		
	57		63		16	84		
	63		69		32			
line	12	438	119	438	009000
rect	16	450	114	475	001010
line	17	461	17	450	00c0c0
		450	43		
	43			461	007070
		461	17		
rect	18	451	43	461	009090
crop	19	450	25	462	16	60	00ffff	/fonts/computer
	25		31		56	48		
	31		37		64			
	37		43		32	60		
	43		49		0	24		
	49		55		16	48		
	55		61		40	84		
	61		67		72	72		
	67		73		96			
	73		79		32			
line	17	473	17	462	00c0c0
		462	43		
	43			473	007070
		473	17		
rect	18	463	43	473	009090
crop	19	462	25	474	96	48	00ffff	/fonts/computer
	25		31		40			
	31		37		48			
	37		43		32	60		
	43		49		0	24		
	49		55		104	48		
	55		61		8	72		
	61		67		72			
	67		73		112			
	73		79		0	24		
	79		85		104	48		
	85		91		40	72		
	91		97		112			
	97		103		40	84		
line	12	191	12	180	ffff00
		180	120		
	120			191	909000
		191	12		
rect	13	181	120	191	c0c000
crop	15	180	21	192	24	48	000000	/fonts/computer
	21		27		120			
	27		33		112			
	33		39		32	60		
	39		45		16			
	45		51		120	48		
	51		57		96			
	15	192	21	204	24		7fff7f	
	21		27		16	60		
	27		33		40			
	33		39		72	48		
	39		45		24	60		
	45		51		40	48		
	51		57		16	60		
draw	21	206	30	224	/sprites/582.SMIV/0
line	14	204	35	204	489048
			14	205	
	35		35		
	14	225		225	
			14	224	
	35		35		
rect	42	206	49	218	003870
		218		224	0060c0
line	40	204	50	204	00488f
			40	205	
	50		50		
	40	225		225	
			40	224	
	50		50		
rect	55	206	62	209	707000
		209		224	c0c000
line	53	204	63	204	909000
			53	205	
	63		63		
	53	225		225	
			53	224	
	63		63		
crop	69	204	75	216	112	48	7fff7f	/fonts/computer
	75		81		40			
	81		87		56	60		
	87		93		120	48		
	93		99		16			
	99		105		40			
	105		111		8			
	111		117		104			
	69	216	75	228	120			
	75		81		112			
	81		87		8			
	87		93		24	60		
	93		99		0			
	99		105		40			
	105		111		96	48		
	111		117		24	60		
	12	228	18	240	64	48	00ff00	
	18		24		40	72		
	24		30		8			
	30		36		48	84		
	36		42		72			
	42		48		0	24		
	48		54		32	48		
	54		60		40	72		
	60		66		24	84		
	66		72		32			
	72		78		16			
	78		84		120	72		
	84		90		72	84		
	90		96		40	72		
	96		102		16	84		
line	12	263	12	252	007fff
		252	120		
	120			263	00488f
		263	12		
rect	13	253	120	263	0060c0
crop	15	252	21	264	32	60	000000	/fonts/computer
	21		27		8	48		
	27		33		16	60		
	33		39		56	48		
	39		45		40			
	45		51		32	60		
	15	264	21	276	96	48	7fff7f	
	21		27		8	72		
	27		33		96			
	33		39		8			
	39		45		112			
	45		51		32			
	51		57		40			
	57		63		0	24		
	63		69		16	48		
	69		75		40	72		
	75		81		32	84		
	81		87		8	72		
draw	16	278	34	296	/sprites/1031.SMIV/0
line	14	276	35	276	489048
			14	277	
	35		35		
	14	297		297	
			14	296	
	35		35		
