point	239	475	808080
	322	231	
	578	377	b0b0b0
	567	204	808080
	181	197	d0d0d0
	469	166	808080
	440	262	
	495	378	d0d0d0
	423	158	
	400	340	808080
	279	464	
	275	295	b0b0b0
	195	140	
	533	424	d0d0d0
	170	327	b0b0b0
	221	7	
	230	114	
	188	368	
	216	369	808080
	205	139	b0b0b0
	307	468	
	305	154	808080
	213	443	d0d0d0
	563	468	808080
	259	86	
	461	316	b0b0b0
	399	249	
	447	146	808080
	597	444	
	169	425	d0d0d0
	140	443	808080
	407	295	b0b0b0
	142	272	808080
	451	8	
	447	407	d0d0d0
	399	95	b0b0b0
	406	38	808080
	597	51	
	314	393	
	559	467	
	220	304	b0b0b0
	147	126	
	330	199	808080
	488	354	
	582	115	
	467	0	b0b0b0
	285	345	d0d0d0
	397	335	808080
	328	158	
	192	338	b0b0b0
	248	79	
	158	369	d0d0d0
	478	117	808080
	262	398	
	273	255	
	220	370	
	451	418	b0b0b0
	146	202	
	518	39	d0d0d0
	397	27	808080
	528	370	
		392	b0b0b0
	502	162	808080
	178	357	
	215	187	
	251	323	b0b0b0
	210	107	808080
	477	78	d0d0d0
	577	114	b0b0b0
	495	287	808080
	162	173	
	134	322	
	426	270	b0b0b0
	524	191	d0d0d0
	447	306	b0b0b0
	505	446	808080
	367	287	
	391	2	d0d0d0
	434	436	
	538	478	
	503	477	808080
	406	320	
	127	65	d0d0d0
	589	247	
	373	30	
	560	302	b0b0b0
	335		
	346	466	d0d0d0
	144	433	808080
	443	400	
	137	386	
	314	354	
	368	243	b0b0b0
	489	190	808080
	564	470	
	235	24	
	267	338	b0b0b0
	287	410	
	603	120	808080
	522	272	d0d0d0
	405	24	808080
	578	48	b0b0b0
	529	177	
	481	322	
	246	303	
	561	129	808080
	132	65	
	322	214	b0b0b0
	556	241	d0d0d0
	316	469	b0b0b0
	183	133	d0d0d0
	542	281	
	271	298	
	153	17	808080
	522	277	
	408	304	b0b0b0
	567	253	808080
	227	158	d0d0d0
	568	255	
	141	42	808080
	326	295	b0b0b0
	532	352	d0d0d0
	178	176	808080
	211	249	
	561	290	
line	149	0	149	480	000050
	380		380		005000
	128	89	608	89	
		320		320	000050
draw	350	65	415	116	/sprites/643.SMIV/0
	341	403	353	416	/sprites/501.SMIV/2
	351	232	380	251	/sprites/646.SMIV/4
	322	413	334	426	/sprites/501.SMIV/2
	339	352	351	365	
line	526	119	511	120	489048
			520	133	
	511	120			204020
draw	0	0	128	480	/pictures/501.png
	608		640		/pictures/512.png
crop	29	159	35	171	0	36	ff0000	/fonts/computer
	35		41		40			
	41		47		64			
	102		108		8		ff7f00	
	108		114		40			
	114		120		0			
line	614	383	614	359	00488f
		359	622		
	622			383	002850
		383	614		
rect	615	360	622	383	003870
line	614	456	614	384	007fff
		384	622		
	622			456	00488f
		456	614		
rect	615	385	622	456	0070e0
line	614	244	614	231	909048
		231	622		
	622			244	505028
		244	614		
rect	615	232	622	244	707038
line	614	328	614	245	ffff7f
		245	622		
	622			328	909048
		328	614		
rect	615	246	622	328	e0e070
line	614	122	614	103	904848
		103	622		
	622			122	502828
		122	614		
rect	615	104	622	122	703838
line	614	200	614	123	ff7f7f
		123	622		
	622			200	904848
		200	614		
rect	615	124	622	200	e07070
line	618	8	629	8	90488f
			618	9	
	629		629		
	618	36		36	
			618	35	
	629		629		
rect	620	10	628	35	703870
		35			c060c0
	634	49	636	52	007fff
		53		56	0060c0
		57		60	
		61		64	
		65		68	183018
		69		72	
		73		76	
		77		80	
		81		84	
		85		88	
		89		92	
		93		96	
		97		100	
		101		104	
		105		108	
		109		112	
		113		116	
		117		120	
		121		124	
		125		128	
		129		132	
		133		136	
		137		140	
		141		144	
		145		148	
		149		152	
		153		156	
		157		160	
		161		164	
		165		168	
		169		172	
		173		176	
		177		180	
		181		184	
		185		188	
		189		192	
		193		196	
		197		200	
		201		204	
		205		208	
		209		212	
		213		216	
		217		220	
		221		224	
		225		228	
		229		232	
		233		236	
		237		240	
		241		244	
		245		248	
		249		252	
		253		256	
		257		260	
		261		264	
		265		268	
		269		272	
		273		276	
		277		280	
		281		284	
		285		288	
		289		292	
		293		296	
		297		300	
		301		304	
		305		308	
		309		312	
		313		316	
		317		320	
		321		324	
		325		328	
		329		332	
		333		336	
		337		340	
		341		344	
		345		348	
		349		352	
		353		356	
		357		360	
		361		364	
		365		368	
		369		372	
		373		376	
		377		380	
		381		384	
		385		388	
		389		392	
		393		396	
		397		400	
		401		404	
		405		408	
		409		412	
		413		416	
		417		420	
		421		424	
		425		428	
		429		432	
		433		436	
		437		440	
		441		444	
		445		448	
	621	52	631	56	303000
		57		61	
		62		66	
		67		71	
		72		76	
		77		81	
		82		86	
	7	7	115	115	00ff00
	8	8	114	114	001000
	51	51	71	71	003000
point	61	55	00e000
	66	110	
	69	87	
	78	65	
	64	90	
	60	68	
	61	66	
		68	
	67	86	
	64	108	
rect	12	320	121	440	001000
crop	15	320	21	332	16	48	00ff00	/fonts/computer
	21		27		40	60		
	27		33		72	48		
	33		39		96			
	39		45		32			
	45		51		0	24		
	51		57		24	60		
	57		63		64	48		
	63		69		72			
	69		75		0	60		
	75		81		24			
line	12	342	119	342	009000
crop	15	332	21	344	96	48	00ff00	/fonts/computer
	21		27		8	72		
	27		33		96			
	33		39		8			
	39		45		112			
	45		51		32			
	51		57		40			
	57		63		0	24		
	63		69		8	48		
	69		75		96	72		
	75		81		0	84		
	81		87		64	72		
	87		93		8			
	15	344	21	356	24	48	009000	
	21		27		16	84		
	27		33		40			
	33		39		72	72		
	39		45		24	84		
	45		51		40	72		
	51		57		16	84		
	15	356	21	368	56	48		
	21		27		40	84		
	27		33		112	72		
	33		39		24	84		
	39		45		64	72		
	45		51		72			
	51		57		0	84		
	15	368	21	380	8	48		
	21		27		24	84		
	27		33					
	33		39		8	72		
	39		45		40	84		
	45		51		96	72		
	51		57		32	84		
	57		63		0	24		
	63		69		32	60		
	69		75		16	84		
	75		81		8	72		
	81		87		112			
	87		93		24	84		
	93		99		0			
	99		105		120	72		
	105		111		16	84		
	111		117		32			
	15	380	21	392	24	48		
	21		27		8	72		
	27		33		16	84		
	33		39					
	39		45		72	72		
	45		51		40			
	51		57		16	84		
	15	392	21	404	64	48		
	21		27		40	72		
	27		33		8			
	33		39		48	84		
	39		45		72			
	45		51		0	24		
	51		57		32	48		
	57		63		40	72		
	63		69		24	84		
	69		75		32			
	75		81		16			
	81		87		120	72		
	87		93		72	84		
	93		99		40	72		
	99		105		16	84		
line	12	415	12	404	009000
		404	120		
	120			415	005000
		415	12		
rect	13	405	120	415	007000
crop	15	404	21	416	32	60	00ff00	/fonts/computer
	21		27		16	84		
	27		33		8	72		
	33		39		112			
	39		45		24	84		
	45		51		0			
	51		57		120	72		
	57		63		16	84		
	63		69		32			
line	12	438	119	438	009000
rect	16	450	114	475	001010
line	17	461	17	450	00c0c0
		450	43		
	43			461	007070
		461	17		
rect	18	451	43	461	009090
crop	19	450	25	462	16	60	00ffff	/fonts/computer
	25		31		56	48		
	31		37		64			
	37		43		32	60		
	43		49		0	24		
	49		55		16	48		
	55		61		40	84		
	61		67		72	72		
	67		73		96			
	73		79		32			
line	17	473	17	462	00c0c0
		462	43		
	43			473	007070
		473	17		
rect	18	463	43	473	009090
crop	19	462	25	474	96	48	00ffff	/fonts/computer
	25		31		40			
	31		37		48			
	37		43		32	60		
	43		49		0	24		
	49		55		104	48		
	55		61		8	72		
	61		67		72			
	67		73		112			
	73		79		0	24		
	79		85		104	48		
	85		91		40	72		
	91		97		112			
	97		103		40	84		
line	12	191	12	180	ffff00
		180	120		
	120			191	909000
		191	12		
rect	13	181	120	191	c0c000
crop	15	180	21	192	24	48	000000	/fonts/computer
	21		27		120			
	27		33		112			
	33		39		32	60		
	39		45		16			
	45		51		120	48		
	51		57		96			
	15	192	21	204	24		7fff7f	
	21		27		16	60		
	27		33		40			
	33		39		72	48		
	39		45		24	60		
	45		51		40	48		
	51		57		16	60		
draw	21	206	30	224	/sprites/582.SMIV/0
line	14	204	35	204	489048
			14	205	
	35		35		
	14	225		225	
			14	224	
	35		35		
rect	42	206	49	218	003870
		218		224	0060c0
line	40	204	50	204	00488f
			40	205	
	50		50		
	40	225		225	
			40	224	
	50		50		
rect	55	206	62	210	707000
		210		224	c0c000
line	53	204	63	204	909000
			53	205	
	63		63		
	53	225		225	
			53	224	
	63		63		
crop	69	204	75	216	112	48	7fff7f	/fonts/computer
	75		81		40			
	81		87		56	60		
	87		93		120	48		
	93		99		16			
	99		105		40			
	105		111		8			
	111		117		104			
	69	216	75	228	120			
	75		81		112			
	81		87		8			
	87		93		24	60		
	93		99		0			
	99		105		40			
	105		111		96	48		
	111		117		24	60		
	12	228	18	240	64	48	00ff00	
	18		24		40	72		
	24		30		8			
	30		36		48	84		
	36		42		72			
	42		48		0	24		
	48		54		32	48		
	54		60		40	72		
	60		66		24	84		
	66		72		32			
	72		78		16			
	78		84		120	72		
	84		90		72	84		
	90		96		40	72		
	96		102		16	84		
line	12	263	12	252	007fff
		252	120		
	120			263	00488f
		263	12		
rect	13	253	120	263	0060c0
crop	15	252	21	264	32	60	000000	/fonts/computer
	21		27		8	48		
	27		33		16	60		
	33		39		56	48		
	39		45		40			
	45		51		32	60		
	15	264	21	276	96	48	7fff7f	
	21		27		8	72		
	27		33		96			
	33		39		8			
	39		45		112			
	45		51		32			
	51		57		40			
	57		63		0	24		
	63		69		16	48		
	69		75		40	72		
	75		81		32	84		
	81		87		8	72		
draw	16	278	34	296	/sprites/1031.SMIV/0
line	14	276	35	276	489048
			14	277	
	35		35		
	14	297		297	
			14	296	
	35		35		
