point	491	347	808080
	556	317	
	511	64	d0d0d0
	518	92	
	521	170	b0b0b0
	223	83	808080
	262	189	d0d0d0
	313	298	b0b0b0
	509	263	808080
	182	16	d0d0d0
	362	296	b0b0b0
	145	425	
	507	106	
	184	82	
	389	164	808080
	420	73	
	581	196	b0b0b0
	179	137	
	212	126	808080
	294	469	
	256	51	d0d0d0
	540	239	808080
	401	36	
	334	259	b0b0b0
	446	72	d0d0d0
	467	462	
	272	405	b0b0b0
	278	373	d0d0d0
	338	64	b0b0b0
	139	0	808080
	509	457	d0d0d0
	331	382	
	148	18	
	246	227	b0b0b0
	436	362	d0d0d0
	223	333	808080
	195	348	d0d0d0
	465	104	b0b0b0
	498	276	808080
	456	274	
	573	85	b0b0b0
	238	398	808080
	565	284	
	301	46	b0b0b0
	336	54	808080
	411	27	d0d0d0
	592	459	808080
	165	174	b0b0b0
	562	243	808080
	542	262	b0b0b0
	275	412	d0d0d0
	220	256	808080
	232	417	
	541	7	d0d0d0
	186	390	808080
	593	8	b0b0b0
	423	257	d0d0d0
	373	90	808080
	319	323	
	151	314	
	562	463	
	133	187	b0b0b0
	386	86	d0d0d0
	487	211	808080
	449	150	
	602	268	b0b0b0
	331	134	
	385	403	
	557	312	d0d0d0
	372	190	
	530	138	b0b0b0
	368	422	808080
	325	459	
	516	117	d0d0d0
	321	246	b0b0b0
	397	163	
	601	373	808080
	222	237	d0d0d0
	311	37	808080
	260	346	
	300	121	
	179	351	b0b0b0
	482	234	
	355	165	808080
	165	249	
	434	56	b0b0b0
	233	48	d0d0d0
	316	180	808080
	504	400	b0b0b0
	455	54	808080
	343	373	
	549	439	
	202	107	
	243	434	
	500	397	d0d0d0
	171	90	
	144	172	
	190	305	b0b0b0
	406	457	808080
	321	319	b0b0b0
	159	239	808080
	452	337	b0b0b0
	493	410	d0d0d0
	278	16	808080
	597	79	b0b0b0
	315	191	808080
	367	133	
	171	234	
	547	201	d0d0d0
	372	55	b0b0b0
	147	423	808080
	493	366	b0b0b0
	432	431	808080
	386	449	
	277	211	
	282	113	b0b0b0
	321	432	808080
	412	78	
	344	98	
	438	467	b0b0b0
	493	262	808080
	487	428	d0d0d0
	556	253	b0b0b0
	382	91	808080
	411	388	b0b0b0
rect	150	0	151	481	005000
	374		375		
	598		599		
	128	18	609	19	
		242		243	
		466		467	
	425	265	441	281	009000
	307	202	323	218	900000
	367	235	381	249	009000
	378	215	392	229	00488f
	358	253	372	267	
	405	343	413	351	0060c0
	497	316	505	324	
	241	169	249	177	
	289	178	297	186	
triangle	364	236	372	244	00c000
rect	478	299	486	307	0060c0
	276	134	284	142	
	447	292	455	300	
	349	116	357	124	
	367	144	375	152	
	291	296	299	304	
	447	319	455	327	
	355	134	363	142	
	473	254	481	262	
	391	175	399	183	
	293	217	301	225	
	441	283	449	291	
	274	223	282	231	
	439	179	447	187	
	433	291	441	299	
	445	257	453	265	
	278	237	286	245	
triangle	280	239	284	243	0060c0
rect	470	277	478	285	0060c0
	404	313	412	321	
triangle	406	315	410	319	0060c0
rect	386	285	394	293	0060c0
triangle	388	287	392	291	0060c0
rect	297	213	305	221	0060c0
	336	168	344	176	
	399	181	407	189	
triangle	401	183	405	187	0060c0
rect	405	297	413	305	0060c0
	412	276	420	284	
	326	272	334	280	
	416	256	424	264	
	303	232	311	240	
	275	226	283	234	
	321	218	329	226	
triangle	323	220	327	224	0060c0
rect	386	258	394	266	0060c0
triangle	361	233	373	245	00c000
	364	236	372	244	
					
					
					
					
diamond	307	202	323	218	c00000
rect	397	188	405	196	0060c0
triangle	310	205	320	215	c00000
rect	426	241	434	249	0060c0
triangle	364	235	374	245	00c000
	311	206	319	214	c00000
rect	350	201	358	209	0060c0
plus	367	242	377	252	00c000
rect	381	247	389	255	0060c0
	373	253	381	261	
	384	267	392	275	
	407	220	415	228	
	354	252	362	260	
	339	248	347	256	
	325	249	333	257	
	373	250	381	258	
triangle	311	206	319	214	c00000
rect	335	237	343	245	0060c0
	364	212	372	220	
triangle	364	236	372	244	00c000
rect	336	242	344	250	0060c0
	332	246	340	254	
triangle	311	206	319	214	c00000
rect	336	250	344	258	0060c0
	353	242	361	250	
	359	196	367	204	
	381	235	389	243	
	356	217	364	225	
	364	240	372	248	
	386	259	394	267	
	377	231	385	239	
	351	267	359	275	
	338	259	346	267	
triangle	364	236	372	244	00c000
rect	371	280	379	288	0060c0
	345	255	353	263	
	392	262	400	270	
	359	270	367	278	
	361	211	369	219	
	374	269	382	277	
triangle	376	253	378	255	0060c0
					
rect	403	208	411	216	0060c0
	383	282	391	290	
triangle	376	253	378	255	0060c0
rect	369	197	377	205	0060c0
triangle	365	236	373	244	00c000
rect	359	199	367	207	0060c0
plus	418	263	428	273	00c000
rect	382	295	390	303	0060c0
	365	277	373	285	
triangle	373	241	375	243	00c000
rect	370	201	378	209	0060c0
	363	184	371	192	
	353	186	361	194	
dither	372	257	497	274	303000
crop	376	261	383	272	8	44	000000	/fonts/tactical
	383		390		24	77		
	390		397					
	397		404		8	66		
	404		411		40	77		
	411		418		96	66		
	418		425		32	77		
	425		432		0	22		
	432		439		32	55		
	439		446		16	77		
	446		453		8	66		
	453		460		112			
	460		467		24	77		
	467		474		0			
	474		481		120	66		
	481		488		16	77		
	488		495		32			
	375	260	382	271	8	44	ffff00	
	382		389		24	77		
	389		396					
	396		403		8	66		
	403		410		40	77		
	410		417		96	66		
	417		424		32	77		
	424		431		0	22		
	431		438		32	55		
	438		445		16	77		
	445		452		8	66		
	452		459		112			
	459		466		24	77		
	466		473		0			
	473		480		120	66		
	480		487		16	77		
	487		494		32			
line	186	155	195	168	489048
			201	154	
	195	168			204020
draw	0	0	128	480	/pictures/501.png
	608		640		/pictures/512.png
crop	29	159	35	171	0	36	ff0000	/fonts/computer
	35		41		48			
	41		47		16			
	102		108		8		ff7f00	
	108		114		40			
	114		120		0			
rect	614	359	615	384	00488f
			623	360	
	622			384	002850
	614	383			
	615	360	622	383	003870
	614	384	615	457	007fff
			623	385	
	622			457	00488f
	614	456			
	615	385	622	456	0070e0
	614	231	615	232	909048
			623		
	622				505028
	614				
		232	615	329	ffff7f
			623	233	
	622			329	909048
	614	328			
	615	233	622	328	e0e070
	614	103	615	128	904848
			623	104	
	622			128	502828
	614	127			
	615	104	622	127	703838
	614	128	615	201	ff7f7f
			623	129	
	622			201	904848
	614	200			
	615	129	622	200	e07070
	618	8	630	9	90488f
			619	10	
	629		630		
	618	36		37	
		35	619		
	629		630		
	620	10	628	35	703870
		35			c060c0
	634	49	636	52	7fff7f
		53		56	60c060
		57		60	
		61		64	
		65		68	703800
		69		72	904800
		73		76	703800
		77		80	
		81		84	
		85		88	
		89		92	904800
		93		96	183018
		97		100	
		101		104	
		105		108	
		109		112	
		113		116	
		117		120	
		121		124	
		125		128	
		129		132	
		133		136	
		137		140	
		141		144	
		145		148	
		149		152	
		153		156	
		157		160	
		161		164	
		165		168	
		169		172	
		173		176	
		177		180	
		181		184	
		185		188	
		189		192	
		193		196	
		197		200	
		201		204	
		205		208	
		209		212	
		213		216	
		217		220	
		221		224	
		225		228	
		229		232	
		233		236	
		237		240	
		241		244	
		245		248	
		249		252	
		253		256	
		257		260	
		261		264	
		265		268	
		269		272	
		273		276	
		277		280	
		281		284	
		285		288	
		289		292	
		293		296	
		297		300	
		301		304	
		305		308	
		309		312	
		313		316	
		317		320	
		321		324	
		325		328	
		329		332	
		333		336	
		337		340	
		341		344	
		345		348	
		349		352	
		353		356	
		357		360	
		361		364	
		365		368	
		369		372	
		373		376	
		377		380	
		381		384	
		385		388	
		389		392	
		393		396	
		397		400	
		401		404	
		405		408	
		409		412	
		413		416	
		417		420	
		421		424	
		425		428	
		429		432	
		433		436	
		437		440	
		441		444	
		445		448	
	621	52	631	56	303000
		57		61	
		62		66	
		67		71	
		72		76	
		77		81	
		82		86	
	7	7	115	115	00ff00
	8	8	114	114	001000
					003000
point	63	63	00e000
			
		64	
	64	62	
		64	
	74	67	
	67	109	
	64	62	
		63	
		64	
	81	71	
rect	12	320	121	440	001000
crop	15	320	21	332	16	48	00ff00	/fonts/computer
	21		27		40	60		
	27		33		72	48		
	33		39		96			
	39		45		32			
	45		51		0	24		
	51		57		24	60		
	57		63		64	48		
	63		69		72			
	69		75		0	60		
	75		81		24			
rect	12	342	120	343	009000
crop	15	332	21	344	96	48	00ff00	/fonts/computer
	21		27		8	72		
	27		33		96			
	33		39		8			
	39		45		112			
	45		51		32			
	51		57		40			
	57		63		0	24		
	63		69		8	48		
	69		75		96	72		
	75		81		0	84		
	81		87		64	72		
	87		93		8			
	15	344	21	356	24	48	009000	
	21		27		16	84		
	27		33		40			
	33		39		72	72		
	39		45		24	84		
	45		51		40	72		
	51		57		16	84		
rect	12	356	13	368	009000
			121	357	
	120			368	005000
	12	367			
	13	357	120	367	007000
crop	15	356	21	368	56	48	003000	/fonts/computer
	21		27		40	84		
	27		33		112	72		
	33		39		24	84		
	39		45		64	72		
	45		51		72			
	51		57		0	84		
	15	368	21	380	8	48	009000	
	21		27		24	84		
	27		33					
	33		39		8	72		
	39		45		40	84		
	45		51		96	72		
	51		57		32	84		
	57		63		0	24		
	63		69		32	60		
	69		75		16	84		
	75		81		8	72		
	81		87		112			
	87		93		24	84		
	93		99		0			
	99		105		120	72		
	105		111		16	84		
	111		117		32			
	15	380	21	392	24	48		
	21		27		8	72		
	27		33		16	84		
	33		39					
	39		45		72	72		
	45		51		40			
	51		57		16	84		
	15	392	21	404	64	48		
	21		27		40	72		
	27		33		8			
	33		39		48	84		
	39		45		72			
	45		51		0	24		
	51		57		32	48		
	57		63		40	72		
	63		69		24	84		
	69		75		32			
	75		81		16			
	81		87		120	72		
	87		93		72	84		
	93		99		40	72		
	99		105		16	84		
	15	404	21	416	32	60	00ff00	
	21		27		16	84		
	27		33		8	72		
	33		39		112			
	39		45		24	84		
	45		51		0			
	51		57		120	72		
	57		63		16	84		
	63		69		32			
rect	12	438	120	439	009000
	16	450	114	475	001010
	17		18	462	00c0c0
			44	451	
	43			462	007070
	17	461			
	18	451	43	461	009090
crop	19	450	25	462	16	60	00ffff	/fonts/computer
	25		31		56	48		
	31		37		64			
	37		43		32	60		
	43		49		0	24		
	49		55		16	48		
	55		61		40	84		
	61		67		72	72		
	67		73		96			
	73		79		32			
rect	17	462	18	474	00c0c0
			44	463	
	43			474	007070
	17	473			
	18	463	43	473	009090
crop	19	462	25	474	96	48	00ffff	/fonts/computer
	25		31		40			
	31		37		48			
	37		43		32	60		
	43		49		0	24		
	49		55		104	48		
	55		61		8	72		
	61		67		72			
	67		73		112			
	73		79		0	24		
	79		85		104	48		
	85		91		40	72		
	91		97		112			
	97		103		40	84		
rect	12	180	13	192	ffff00
			121	181	
	120			192	909000
	12	191			
	13	181	120	191	c0c000
crop	15	180	21	192	24	48	000000	/fonts/computer
	21		27		120			
	27		33		112			
	33		39		32	60		
	39		45		16			
	45		51		120	48		
	51		57		96			
	15	192	21	204	8		7fff7f	
	21		27		24	60		
	27		33		96	48		
	33		39		32	60		
	39		45					
	45		51		16			
	51		57		8	48		
	57		63		112			
draw	16	208	34	222	/sprites/559.SMIV/0
rect	14	204	36	205	489048
			15	206	
	35		36		
	14	225		226	
		224	15		
	35		36		
	42	206	49	206	003870
				224	0060c0
	40	204	51	205	00488f
			41	206	
	50		51		
	40	225		226	
		224	41		
	50		51		
	55	206	62	206	707000
				224	c0c000
	53	204	64	205	909000
			54	206	
	63		64		
	53	225		226	
		224	54		
	63		64		
crop	69	204	75	216	0	60	7fff7f	/fonts/computer
	75		81		88	48		
	81		87		16			
	87		93		40			
	93		99		8			
	99		105		104			
	105		111		0	24		
	111		117		16	36		
	69	216	75	228	24	48		
	75		81		104			
	81		87		72			
	87		93		24	60		
	93		99					
	99		105		72	48		
	105		111		96			
	111		117		40			
	69	192	75	204	8			
	75		81		24	60		
	81		87		96	48		
	87		93		32	60		
	93		99					
	99		105		40	48		
	105		111		8			
	111		117		104			
	12	228	18	240	120		ff0000	
	18		24		40	84		
	24		30		32			
	30		36		0			
	36		42		120	72		
	42		48		24	84		
	48		54		32			
	54		60		0	24		
	60		66		16	36		
rect	12	252	13	264	007fff
			121	253	
	120			264	00488f
	12	263			
	13	253	120	263	0060c0
crop	15	252	21	264	32	60	000000	/fonts/computer
	21		27		8	48		
	27		33		16	60		
	33		39		56	48		
	39		45		40			
	45		51		32	60		
	15	264	21	276	64	48	7fff7f	
	21		27		48	60		
	27		33		32	48		
	33		39		24	60		
	39		45		32			
	45		51		16			
	51		57		72			
	57		63		16			
draw	16	279	34	295	/sprites/646.SMIV/0
rect	14	276	36	277	489048
			15	278	
	35		36		
	14	297		298	
		296	15		
	35		36		
	42	278	49	283	003870
		283		296	0060c0
	40	276	51	277	00488f
			41	278	
	50		51		
	40	297		298	
		296	41		
	50		51		
	55	278	62	279	707000
		279		296	c0c000
	53	276	64	277	909000
			54	278	
	63		64		
	53	297		298	
		296	54		
	63		64		
crop	69	276	75	288	96	48	7fff7f	/fonts/computer
	75		81		16			
	81		87		40			
	87		93		8			
	93		99		104			
	99		105		0	24		
	105		111		8	36		
	69	288	75	300	48	48		
	75		81		40	60		
	81		87		96	48		
	87		93					
	93		99		0	60		
	99		105		96	48		
	105		111		24	60		
	111		117		40	48		
	69	264	75	276	24			
	75		81		104			
	81		87		72			
	87		93		24	60		
	93		99					
	99		105		72	48		
	105		111		96			
	111		117		40			
