point	491	347	808080
	556	317	
	514	64	d0d0d0
	521	92	
	524	170	b0b0b0
	223	83	808080
	265	189	d0d0d0
	316	298	b0b0b0
	509	263	808080
	185	16	d0d0d0
	365	296	b0b0b0
	148	425	
	510	106	
	187	82	
	389	164	808080
	420	73	
	584	196	b0b0b0
	182	137	
	212	126	808080
	294	469	
	259	51	d0d0d0
	540	239	808080
	401	36	
	337	259	b0b0b0
	449	72	d0d0d0
	470	462	
	275	405	b0b0b0
	282	373	d0d0d0
	341	64	b0b0b0
	139	0	808080
	513	457	d0d0d0
	334	382	
	151	18	
	249	227	b0b0b0
	439	362	d0d0d0
	223	333	808080
	198	348	d0d0d0
	468	104	b0b0b0
	498	276	808080
	456	274	
	576	85	b0b0b0
	238	398	808080
	565	284	
	304	46	b0b0b0
	336	54	808080
	414	27	d0d0d0
	592	459	808080
	168	174	b0b0b0
	562	243	808080
	545	262	b0b0b0
	278	412	d0d0d0
	220	256	808080
	232	417	
	544	7	d0d0d0
	186	390	808080
	596	8	b0b0b0
	426	257	d0d0d0
	373	90	808080
	319	323	
	151	314	
	562	463	
	136	187	b0b0b0
	389	86	d0d0d0
	487	211	808080
	449	150	
	605	268	b0b0b0
	334	134	
	388	403	
	560	312	d0d0d0
	375	190	
	533	138	b0b0b0
	368	422	808080
	325	459	
	519	117	d0d0d0
	324	246	b0b0b0
	400	163	
	601	373	808080
	225	237	d0d0d0
	311	37	808080
	260	346	
	300	121	
	182	351	b0b0b0
	485	234	
	355	165	808080
	165	249	
	437	56	b0b0b0
	236	48	d0d0d0
	316	180	808080
	507	400	b0b0b0
	455	54	808080
	343	373	
	549	439	
	202	107	
	243	434	
	503	397	d0d0d0
	174	90	
	147	172	
	193	305	b0b0b0
	406	457	808080
	324	319	b0b0b0
	159	239	808080
	455	337	b0b0b0
	496	410	d0d0d0
	278	16	808080
	600	79	b0b0b0
	315	191	808080
	367	133	
	171	234	
	550	201	d0d0d0
	375	55	b0b0b0
	147	423	808080
	496	366	b0b0b0
	432	431	808080
	386	449	
	277	211	
	285	113	b0b0b0
	321	432	808080
	412	78	
	344	98	
	441	467	b0b0b0
	493	262	808080
	490	428	d0d0d0
	559	253	b0b0b0
	382	91	808080
	414	388	b0b0b0
line	156	0	156	480	005000
	380		380		
	604		604		
	128	20	608	20	
		244		244	
		468		468	
tint	431	268	447	284	009000	/x/square/8
	312	205	328	221	900000	
	373	237	387	251	009000	/x/square/7
	384	218	398	232	00488f	
	364	256	378	270		
	411	350	419	358	0060c0	/x/square/4
	506	323	514	331		
	243	168	251	176		
	291	177	299	185		
	364	236	372	244	00c000	/x/triangle/4
	487	304	495	312	0060c0	/x/square/4
	278	132	286	140		
	455	298	463	306		
	353	114	361	122		
	372	142	380	150		
	295	302	303	310		
	455	326	463	334		
	360	131	368	139		
	482	259	490	267		
	396	174	404	182		
	296	217	304	225		
	450	288	458	296		
	276	224	284	232		
	446	178	454	186		
	441	298	449	306		
	453	262	461	270		
	280	237	288	245		
	282	239	286	243		/x/triangle/2
	480	283	488	291		/x/square/4
	411	320	419	328		
	413	322	417	326		/x/triangle/2
	393	292	401	300		/x/square/4
	395	294	399	298		/x/triangle/2
	299	213	307	221		/x/square/4
	340	166	348	174		
	405	180	413	188		
	407	182	411	186		/x/triangle/2
	412	305	420	313		/x/square/4
	420	282	428	290		
	330	279	338	287		
	424	262	432	270		
	305	232	313	240		
	276	226	284	234		
	324	217	332	225		
	326	219	330	223		/x/triangle/2
	393	264	401	272		/x/square/4
	361	233	373	245	00c000	/x/triangle/6
	364	235	372	243		/x/triangle/4
		236		244		
						
						
						
	312	204	328	220	c00000	/x/diamond/8
	403	186	411	194	0060c0	/x/square/4
	315	208	325	218	c00000	/x/triangle/5
	435	247	443	255	0060c0	/x/square/4
	364	235	374	245	00c000	/x/triangle/5
	316	209	324	217	c00000	/x/triangle/4
	354	199	362	207	0060c0	/x/square/4
	371	248	381	258	00c000	/x/plus/5
	388	254	396	262	0060c0	/x/square/4
	380	260	388	268		
	390	265	398	273		
	414	218	422	226		
	359	259	367	267		
	344	255	352	263		
	328		336			
	376	253	384	261		
	316	209	324	217	c00000	/x/triangle/4
	337	236	345	244	0060c0	/x/square/4
	370	219	378	227		
	364	236	372	244	00c000	/x/triangle/4
	340	248	348	256	0060c0	/x/square/4
	336	252	344	260		
	316	209	324	217	c00000	/x/triangle/4
	339	249	347	257	0060c0	/x/square/4
	358		366			
	364	202	372	210		
	386	233	394	241		
	362	224	370	232		
	370	248	378	256		
	392	256	400	264		
	385	238	393	246		
	352	266	360	274		
	340	258	348	266		
	364	236	372	244	00c000	/x/triangle/4
	373	280	381	288	0060c0	/x/square/4
	346	254	354	262		
	398	260	406	268		
	361	270	369	278		
	367	218	375	226		
	378	267	386	275		
	380	256	382	258		/x/triangle/1
	379		381			
	413	213	421	221		/x/square/4
	386	281	394	289		
	379	256	381	258		/x/triangle/1
		203	387	211		/x/square/4
	365	236	373	244	00c000	/x/triangle/4
		206		214	0060c0	/x/square/4
	420	263	430	273	00c000	/x/plus/5
	388	293	396	301	0060c0	/x/square/4
	365	190	373	198		
	394	294	402	302		
	366	277	374	285		
	379	243	381	245	00c000	/x/triangle/1
		207	387	215	0060c0	/x/square/4
	371	189	379	197		
	357	193	365	201		
dither	376	263	501	280	303000
tint	380	267	388	279	000000	/font/5000/41
	387		395			/font/5000/73
	394		402			
	401		409			/font/5000/61
	408		416			/font/5000/75
	415		423			/font/5000/6c
	422		430			/font/5000/74
	429		437			/font/5000/20
	436		444			/font/5000/54
	443		451			/font/5000/72
	450		458			/font/5000/61
	457		465			/font/5000/6e
	464		472			/font/5000/73
	471		479			/font/5000/70
	478		486			/font/5000/6f
	485		493			/font/5000/72
	492		500			/font/5000/74
	379	266	387	278	ffff00	/font/5000/41
	386		394			/font/5000/73
	393		401			
	400		408			/font/5000/61
	407		415			/font/5000/75
	414		422			/font/5000/6c
	421		429			/font/5000/74
	428		436			/font/5000/20
	435		443			/font/5000/54
	442		450			/font/5000/72
	449		457			/font/5000/61
	456		464			/font/5000/6e
	463		471			/font/5000/73
	470		478			/font/5000/70
	477		485			/font/5000/6f
	484		492			/font/5000/72
	491		499			/font/5000/74
line	186	155	195	168	489048
			201	154	
	195	168			204020
draw	0	0	128	480	/pictures/501.png
	608		640		/pictures/512.png
tint	29	159	37	172	ff0000	/font/5001/30
	35		43			/font/5001/36
	41		49			/font/5001/33
	102		110		ff7f00	/font/5001/31
	108		116			/font/5001/35
	114		122			/font/5001/30
line	614	383	614	359	00488f
		359	622		
	622			383	002850
		383	614		
rect	615	360	622	383	003870
line	614	456	614	384	007fff
		384	622		
	622			456	00488f
		456	614		
rect	615	385	622	456	0070e0
line	614	231	614	231	909048
			622		
	622				505028
			614		
	614	328		232	ffff7f
		232	622		
	622			328	909048
		328	614		
rect	615	233	622	328	e0e070
line	614	128	614	103	904848
		103	622		
	622			128	502828
		128	614		
rect	615	104	622	128	703838
line	614	200	614	129	ff7f7f
		129	622		
	622			200	904848
		200	614		
rect	615	130	622	200	e07070
line	618	8	629	8	90488f
			618	9	
	629		629		
	618	36		36	
			618	35	
	629		629		
rect	620	10	628	35	703870
		35			c060c0
	634	49	636	52	7fff7f
		53		56	60c060
		57		60	
		61		64	
		65		68	
		69		72	7fff7f
		73		76	60c060
		77		80	703800
		81		84	
		85		88	
		89		92	904800
		93		96	183018
		97		100	
		101		104	
		105		108	
		109		112	
		113		116	
		117		120	
		121		124	
		125		128	
		129		132	
		133		136	
		137		140	
		141		144	
		145		148	
		149		152	
		153		156	
		157		160	
		161		164	
		165		168	
		169		172	
		173		176	
		177		180	
		181		184	
		185		188	
		189		192	
		193		196	
		197		200	
		201		204	
		205		208	
		209		212	
		213		216	
		217		220	
		221		224	
		225		228	
		229		232	
		233		236	
		237		240	
		241		244	
		245		248	
		249		252	
		253		256	
		257		260	
		261		264	
		265		268	
		269		272	
		273		276	
		277		280	
		281		284	
		285		288	
		289		292	
		293		296	
		297		300	
		301		304	
		305		308	
		309		312	
		313		316	
		317		320	
		321		324	
		325		328	
		329		332	
		333		336	
		337		340	
		341		344	
		345		348	
		349		352	
		353		356	
		357		360	
		361		364	
		365		368	
		369		372	
		373		376	
		377		380	
		381		384	
		385		388	
		389		392	
		393		396	
		397		400	
		401		404	
		405		408	
		409		412	
		413		416	
		417		420	
		421		424	
		425		428	
		429		432	
		433		436	
		437		440	
		441		444	
		445		448	
	621	52	631	56	303000
		57		61	
		62		66	
		67		71	
		72		76	
		77		81	
		82		86	
	7	7	115	115	00ff00
	8	8	114	114	001000
					003000
point	64	60	00e000
	62	64	
		65	
	64	63	
	65	62	
	81	70	
	65	61	
			
		62	
	74	67	
rect	12	320	121	440	001000
tint	15	320	23	333	00ff00	/font/5001/42
	21		29			/font/5001/55
	27		35			/font/5001/49
	33		41			/font/5001/4c
	39		47			/font/5001/44
	45		53			/font/5001/20
	51		59			/font/5001/53
	57		65			/font/5001/48
	63		71			/font/5001/49
	69		77			/font/5001/50
	75		83			/font/5001/53
line	12	342	119	342	009000
tint	15	332	23	345	00ff00	/font/5001/4c
	21		29			/font/5001/61
	27		35			/font/5001/6c
	33		41			/font/5001/61
	39		47			/font/5001/6e
	45		53			/font/5001/64
	51		59			/font/5001/65
	57		65			/font/5001/20
	63		71			/font/5001/41
	69		77			/font/5001/6c
	75		83			/font/5001/70
	81		89			/font/5001/68
	87		95			/font/5001/61
	15	344	23	357		/font/5001/43
	21		29			/font/5001/72
	27		35			/font/5001/75
	33		41			/font/5001/69
	39		47			/font/5001/73
	45		53			/font/5001/65
	51		59			/font/5001/72
line	12	367	12	356	009000
		356	120		
	120			367	005000
		367	12		
rect	13	357	120	367	007000
tint	15	356	23	369	003000	/font/5001/47
	21		29			/font/5001/75
	27		35			/font/5001/6e
	33		41			/font/5001/73
	39		47			/font/5001/68
	45		53			/font/5001/69
	51		59			/font/5001/70
	15	368	23	381	009000	/font/5001/41
	21		29			/font/5001/73
	27		35			
	33		41			/font/5001/61
	39		47			/font/5001/75
	45		53			/font/5001/6c
	51		59			/font/5001/74
	57		65			/font/5001/20
	63		71			/font/5001/54
	69		77			/font/5001/72
	75		83			/font/5001/61
	81		89			/font/5001/6e
	87		95			/font/5001/73
	93		101			/font/5001/70
	99		107			/font/5001/6f
	105		113			/font/5001/72
	111		119			/font/5001/74
	15	380	23	393		/font/5001/43
	21		29			/font/5001/61
	27		35			/font/5001/72
	33		41			
	39		47			/font/5001/69
	45		53			/font/5001/65
	51		59			/font/5001/72
	15	392	23	405		/font/5001/48
	21		29			/font/5001/65
	27		35			/font/5001/61
	33		41			/font/5001/76
	39		47			/font/5001/79
	45		53			/font/5001/20
	51		59			/font/5001/44
	57		65			/font/5001/65
	63		71			/font/5001/73
	69		77			/font/5001/74
	75		83			/font/5001/72
	81		89			/font/5001/6f
	87		95			/font/5001/79
	93		101			/font/5001/65
	99		107			/font/5001/72
	15	404	23	417	00ff00	/font/5001/54
	21		29			/font/5001/72
	27		35			/font/5001/61
	33		41			/font/5001/6e
	39		47			/font/5001/73
	45		53			/font/5001/70
	51		59			/font/5001/6f
	57		65			/font/5001/72
	63		71			/font/5001/74
line	12	438	119	438	009000
rect	16	450	114	475	001010
line	17	461	17	450	00c0c0
		450	43		
	43			461	007070
		461	17		
rect	18	451	43	461	009090
tint	19	450	27	463	00ffff	/font/5001/52
	25		33			/font/5001/47
	31		39			/font/5001/48
	37		45			/font/5001/54
	43		51			/font/5001/20
	49		57			/font/5001/42
	55		63			/font/5001/75
	61		69			/font/5001/69
	67		75			/font/5001/6c
	73		81			/font/5001/64
line	17	473	17	462	00c0c0
		462	43		
	43			473	007070
		473	17		
rect	18	463	43	473	009090
tint	19	462	27	475	00ffff	/font/5001/4c
	25		33			/font/5001/45
	31		39			/font/5001/46
	37		45			/font/5001/54
	43		51			/font/5001/20
	49		57			/font/5001/4d
	55		63			/font/5001/61
	61		69			/font/5001/69
	67		75			/font/5001/6e
	73		81			/font/5001/20
	79		87			/font/5001/4d
	85		93			/font/5001/65
	91		99			/font/5001/6e
	97		105			/font/5001/75
rect	12	180	120	192	000000
line	12	191	12	180	ffff00
		180	119		
	119			191	909000
		191	12		
rect	13	181	119	191	c0c000
tint	15	180	23	193	000000	/font/5001/43
	21		29			/font/5001/4f
	27		35			/font/5001/4e
	33		41			/font/5001/54
	39		47			/font/5001/52
	45		53			/font/5001/4f
	51		59			/font/5001/4c
rect	12	192	120	204	000000
tint	15	192	23	205	7fff7f	/font/5001/41
	21		29			/font/5001/53
	27		35			/font/5001/4c
	33		41			/font/5001/54
	39		47			
	45		53			/font/5001/52
	51		59			/font/5001/41
	57		65			/font/5001/4e
rect	14	204	36	226	000000
draw	16	208	34	222	/sprites/559.SMIV/0
line	14	204	35	204	489048
			14	205	
	35		35		
	14	225		225	
			14	224	
	35		35		
rect	40	204	51	226	000000
	42	206	49	206	003870
				224	0060c0
line	40	204	50	204	00488f
			40	205	
	50		50		
	40	225		225	
			40	224	
	50		50		
rect	53	204	64	226	000000
	55	206	62	206	707000
				224	c0c000
line	53	204	63	204	909000
			53	205	
	63		63		
	53	225		225	
			53	224	
	63		63		
rect	69	204	120	216	000000
tint	69	204	77	217	7fff7f	/font/5001/50
	75		83			/font/5001/4b
	81		89			/font/5001/42
	87		95			/font/5001/45
	93		101			/font/5001/41
	99		107			/font/5001/4d
	105		113			/font/5001/20
	111		119			/font/5001/32
rect	69	216	120	228	000000
tint	69	216	77	229	7fff7f	/font/5001/43
	75		83			/font/5001/4d
	81		89			/font/5001/49
	87		95			/font/5001/53
	93		101			
	99		107			/font/5001/49
	105		113			/font/5001/4c
	111		119			/font/5001/45
rect	69	192	120	204	000000
tint	69	192	77	205	7fff7f	/font/5001/41
	75		83			/font/5001/53
	81		89			/font/5001/4c
	87		95			/font/5001/54
	93		101			
	99		107			/font/5001/45
	105		113			/font/5001/41
	111		119			/font/5001/4d
rect	12	228	120	240	000000
tint	12	228	20	241	ff0000	/font/5001/4f
	18		26			/font/5001/75
	24		32			/font/5001/74
	30		38			/font/5001/70
	36		44			/font/5001/6f
	42		50			/font/5001/73
	48		56			/font/5001/74
	54		62			/font/5001/20
	60		68			/font/5001/32
rect	12	252	120	264	000000
line	12	263	12	252	007fff
		252	119		
	119			263	00488f
		263	12		
rect	13	253	119	263	0060c0
tint	15	252	23	265	000000	/font/5001/54
	21		29			/font/5001/41
	27		35			/font/5001/52
	33		41			/font/5001/47
	39		47			/font/5001/45
	45		53			/font/5001/54
rect	12	264	120	276	000000
tint	15	264	23	277	7fff7f	/font/5001/48
	21		29			/font/5001/56
	27		35			/font/5001/44
	33		41			/font/5001/53
	39		47			/font/5001/54
	45		53			/font/5001/52
	51		59			/font/5001/59
	57		65			/font/5001/52
rect	14	276	36	298	000000
draw	16	279	34	295	/sprites/646.SMIV/0
line	14	276	35	276	489048
			14	277	
	35		35		
	14	297		297	
			14	296	
	35		35		
rect	40	276	51	298	000000
	42	278	49	283	003870
		283		296	0060c0
line	40	276	50	276	00488f
			40	277	
	50		50		
	40	297		297	
			40	296	
	50		50		
rect	53	276	64	298	000000
	55	278	62	279	707000
		279		296	c0c000
line	53	276	63	276	909000
			53	277	
	63		63		
	53	297		297	
			53	296	
	63		63		
rect	69	276	120	288	000000
tint	69	276	77	289	7fff7f	/font/5001/4c
	75		83			/font/5001/42
	81		89			/font/5001/45
	87		95			/font/5001/41
	93		101			/font/5001/4d
	99		107			/font/5001/20
	105		113			/font/5001/31
rect	69	288	120	300	000000
tint	69	288	77	301	7fff7f	/font/5001/46
	75		83			/font/5001/55
	81		89			/font/5001/4c
	87		95			
	93		101			/font/5001/50
	99		107			/font/5001/4c
	105		113			/font/5001/53
	111		119			/font/5001/45
rect	69	264	120	276	000000
tint	69	264	77	277	7fff7f	/font/5001/43
	75		83			/font/5001/4d
	81		89			/font/5001/49
	87		95			/font/5001/53
	93		101			
	99		107			/font/5001/49
	105		113			/font/5001/4c
	111		119			/font/5001/45
rect	12	300	120	312	000000
