point	491	347	808080
	556	317	
	515	64	d0d0d0
	522	92	
	525	170	b0b0b0
	223	83	808080
	266	189	d0d0d0
	316	298	b0b0b0
	509	263	808080
	186	16	d0d0d0
	366	296	b0b0b0
	149	425	
	511	106	
	188	82	
	389	164	808080
	420	73	
	584	196	b0b0b0
	183	137	
	212	126	808080
	294	469	
	260	51	d0d0d0
	540	239	808080
	401	36	
	337	259	b0b0b0
	450	72	d0d0d0
	470	462	
	276	405	b0b0b0
	282	373	d0d0d0
	341	64	b0b0b0
	139	0	808080
	513	457	d0d0d0
	335	382	
	151	18	
	250	227	b0b0b0
	440	362	d0d0d0
	223	333	808080
	199	348	d0d0d0
	469	104	b0b0b0
	498	276	808080
	456	274	
	576	85	b0b0b0
	238	398	808080
	565	284	
	305	46	b0b0b0
	336	54	808080
	414	27	d0d0d0
	592	459	808080
	169	174	b0b0b0
	562	243	808080
	546	262	b0b0b0
	279	412	d0d0d0
	220	256	808080
	232	417	
	545	7	d0d0d0
	186	390	808080
	596	8	b0b0b0
	427	257	d0d0d0
	373	90	808080
	319	323	
	151	314	
	562	463	
	137	187	b0b0b0
	390	86	d0d0d0
	487	211	808080
	449	150	
	605	268	b0b0b0
	334	134	
	389	403	
	561	312	d0d0d0
	376	190	
	534	138	b0b0b0
	368	422	808080
	325	459	
	520	117	d0d0d0
	325	246	b0b0b0
	401	163	
	601	373	808080
	226	237	d0d0d0
	311	37	808080
	260	346	
	300	121	
	182	351	b0b0b0
	485	234	
	355	165	808080
	165	249	
	438	56	b0b0b0
	237	48	d0d0d0
	316	180	808080
	508	400	b0b0b0
	455	54	808080
	343	373	
	549	439	
	202	107	
	243	434	
	503	397	d0d0d0
	175	90	
	148	172	
	194	305	b0b0b0
	406	457	808080
	325	319	b0b0b0
	159	239	808080
	456	337	b0b0b0
	497	410	d0d0d0
	278	16	808080
	600	79	b0b0b0
	315	191	808080
	367	133	
	171	234	
	551	201	d0d0d0
	376	55	b0b0b0
	147	423	808080
	496	366	b0b0b0
	432	431	808080
	386	449	
	277	211	
	286	113	b0b0b0
	321	432	808080
	412	78	
	344	98	
	441	467	b0b0b0
	493	262	808080
	490	428	d0d0d0
	560	253	b0b0b0
	382	91	808080
	414	388	b0b0b0
line	187	0	187	480	005000
	379		379		
	571		571		
	128	52	608	52	
		244		244	
		436		436	
tint	422	263	438	279	009000	/x/square/8
	320	209	336	225	900000	
	372	237	386	251	009000	/x/square/7
	382	221	396	235	00488f	
	364	253	378	267		
	406	335	414	343	0060c0	/x/square/4
	487	311	495	319		
	260	178	268	186		
	302	186	310	194		
	364	236	372	244	00c000	/x/triangle/4
	471	296	479	304	0060c0	/x/square/4
	291	147	299	155		
	444	290	452	298		
	355	131	363	139		
	371	155	379	163		
	305	294	313	302		
	443	314	451	322		
	361	146	369	154		
	467	257	475	265		
	393	182	401	190		
	306	220	314	228		
	439	282	447	290		
	289	225	297	233		
	436	186	444	194		
	431	290	439	298		
	442	260	450	268		
	292	237	300	245		
	294	239	298	243		/x/triangle/2
	465	277	473	285		/x/square/4
	406	310	414	318		
	408	312	412	316		/x/triangle/2
	390	285	398	293		/x/square/4
	392	287	396	291		/x/triangle/2
	308	216	316	224		/x/square/4
	344	175	352	183		
	400	187	408	195		
	402	189	406	193		/x/triangle/2
	407	296	415	304		/x/square/4
	414	276	422	284		
	336	274	344	282		
	417	259	425	267		
	314	233	322	241		
	289	228	297	236		
	330	220	338	228		
	332	222	336	226		/x/triangle/2
	390	261	398	269		/x/square/4
	362	234	374	246	00c000	/x/triangle/6
	364	236	372	244		/x/triangle/4
						
						
						
						
	320	209	336	225	c00000	/x/diamond/8
	398	193	406	201	0060c0	/x/square/4
	323	212	333	222	c00000	/x/triangle/5
	427	246	435	254	0060c0	/x/square/4
	364	235	374	245	00c000	/x/triangle/5
	324	213	332	221	c00000	/x/triangle/4
	356	204	364	212	0060c0	/x/square/4
	370	247	380	257	00c000	/x/plus/5
	386	253	394	261	0060c0	/x/square/4
	379	258	387	266		
	387	261	395	269		
	408	220	416	228		
	361	257	369	265		
	347	253	355	261		
	334	254	342	262		
	375	251	383	259		
	324	213	332	221	c00000	/x/triangle/4
	341	236	349	244	0060c0	/x/square/4
	370	222	378	230		
	364	236	372	244	00c000	/x/triangle/4
	344	248	352	256	0060c0	/x/square/4
	341	251	349	259		
	324	212	332	220	c00000	/x/triangle/4
	343	247	351	255	0060c0	/x/square/4
	360	248	368	256		
	365	208	373	216		
	384	233	392	241		
	363	227	371	235		
	370	247	378	255		
	389	253	397	261		
	383	239	391	247		
	354	262	362	270		
	344	255	352	263		
	364	235	372	243	00c000	/x/triangle/4
	372	273	380	281	0060c0	/x/square/4
	349	251	357	259		
	395	256	403	264		
	362	265	370	273		
	368	222	376	230		
	376	262	384	270		
	378	254	380	256		/x/triangle/1
						
	408	217	416	225		/x/square/4
	383	274	391	282		
	378	254	380	256		/x/triangle/1
	379	208	387	216		/x/square/4
	364	236	372	244	00c000	/x/triangle/4
	366	211	374	219	0060c0	/x/square/4
	412	259	422	269	00c000	/x/plus/5
	386	285	394	293	0060c0	/x/square/4
	367	198	375	206		
	390	286	398	294		
	366	271	374	279		
	378	243	380	245	00c000	/x/triangle/1
		212	386	220	0060c0	/x/square/4
	371	197	379	205		
	359	200	367	208		
dither	375	262	500	279	303000
tint	379	266	387	278	000000	/font/5000/41
	386		394			/font/5000/73
	393		401			
	400		408			/font/5000/61
	407		415			/font/5000/75
	414		422			/font/5000/6c
	421		429			/font/5000/74
	428		436			/font/5000/20
	435		443			/font/5000/54
	442		450			/font/5000/72
	449		457			/font/5000/61
	456		464			/font/5000/6e
	463		471			/font/5000/73
	470		478			/font/5000/70
	477		485			/font/5000/6f
	484		492			/font/5000/72
	491		499			/font/5000/74
	378	265	386	277	ffff00	/font/5000/41
	385		393			/font/5000/73
	392		400			
	399		407			/font/5000/61
	406		414			/font/5000/75
	413		421			/font/5000/6c
	420		428			/font/5000/74
	427		435			/font/5000/20
	434		442			/font/5000/54
	441		449			/font/5000/72
	448		456			/font/5000/61
	455		463			/font/5000/6e
	462		470			/font/5000/73
	469		477			/font/5000/70
	476		484			/font/5000/6f
	483		491			/font/5000/72
	490		498			/font/5000/74
line	187	156	196	169	489048
			202	155	
	196	169			204020
draw	0	0	128	480	/pictures/501.png
	608		640		/pictures/512.png
tint	29	159	37	172	ff0000	/font/5001/30
	35		43			/font/5001/36
	41		49			/font/5001/34
	102		110		ff7f00	/font/5001/31
	108		116			/font/5001/35
	114		122			/font/5001/30
line	614	383	614	359	00488f
		359	622		
	622			383	002850
		383	614		
rect	615	360	622	383	003870
line	614	456	614	384	007fff
		384	622		
	622			456	00488f
		456	614		
rect	615	385	622	456	0070e0
line	614	231	614	231	909048
			622		
	622				505028
			614		
	614	328		232	ffff7f
		232	622		
	622			328	909048
		328	614		
rect	615	233	622	328	e0e070
line	614	128	614	103	904848
		103	622		
	622			128	502828
		128	614		
rect	615	104	622	128	703838
line	614	200	614	129	ff7f7f
		129	622		
	622			200	904848
		200	614		
rect	615	130	622	200	e07070
line	618	8	629	8	90488f
			618	9	
	629		629		
	618	36		36	
			618	35	
	629		629		
rect	620	10	628	35	703870
		35			c060c0
	634	49	636	52	7fff7f
		53		56	60c060
		57		60	
		61		64	
		65		68	
		69		72	7fff7f
		73		76	60c060
		77		80	703800
		81		84	
		85		88	
		89		92	904800
		93		96	183018
		97		100	
		101		104	
		105		108	
		109		112	
		113		116	
		117		120	
		121		124	
		125		128	
		129		132	
		133		136	
		137		140	
		141		144	
		145		148	
		149		152	
		153		156	
		157		160	
		161		164	
		165		168	
		169		172	
		173		176	
		177		180	
		181		184	
		185		188	
		189		192	
		193		196	
		197		200	
		201		204	
		205		208	
		209		212	
		213		216	
		217		220	
		221		224	
		225		228	
		229		232	
		233		236	
		237		240	
		241		244	
		245		248	
		249		252	
		253		256	
		257		260	
		261		264	
		265		268	
		269		272	
		273		276	
		277		280	
		281		284	
		285		288	
		289		292	
		293		296	
		297		300	
		301		304	
		305		308	
		309		312	
		313		316	
		317		320	
		321		324	
		325		328	
		329		332	
		333		336	
		337		340	
		341		344	
		345		348	
		349		352	
		353		356	
		357		360	
		361		364	
		365		368	
		369		372	
		373		376	
		377		380	
		381		384	
		385		388	
		389		392	
		393		396	
		397		400	
		401		404	
		405		408	
		409		412	
		413		416	
		417		420	
		421		424	
		425		428	
		429		432	
		433		436	
		437		440	
		441		444	
		445		448	
	621	52	631	56	303000
		57		61	
		62		66	
		67		71	
		72		76	
		77		81	
		82		86	
	7	7	115	115	00ff00
	8	8	114	114	001000
					003000
point	64	62	00e000
	63	64	
	62		
	64	63	
			
	82	71	
	65	61	
			
	64	62	
	72	66	
rect	12	320	121	440	001000
tint	15	320	23	333	00ff00	/font/5001/42
	21		29			/font/5001/55
	27		35			/font/5001/49
	33		41			/font/5001/4c
	39		47			/font/5001/44
	45		53			/font/5001/20
	51		59			/font/5001/53
	57		65			/font/5001/48
	63		71			/font/5001/49
	69		77			/font/5001/50
	75		83			/font/5001/53
line	12	342	119	342	009000
tint	15	332	23	345	00ff00	/font/5001/4c
	21		29			/font/5001/61
	27		35			/font/5001/6c
	33		41			/font/5001/61
	39		47			/font/5001/6e
	45		53			/font/5001/64
	51		59			/font/5001/65
	57		65			/font/5001/20
	63		71			/font/5001/41
	69		77			/font/5001/6c
	75		83			/font/5001/70
	81		89			/font/5001/68
	87		95			/font/5001/61
	15	344	23	357		/font/5001/43
	21		29			/font/5001/72
	27		35			/font/5001/75
	33		41			/font/5001/69
	39		47			/font/5001/73
	45		53			/font/5001/65
	51		59			/font/5001/72
line	12	367	12	356	009000
		356	120		
	120			367	005000
		367	12		
rect	13	357	120	367	007000
tint	15	356	23	369	003000	/font/5001/47
	21		29			/font/5001/75
	27		35			/font/5001/6e
	33		41			/font/5001/73
	39		47			/font/5001/68
	45		53			/font/5001/69
	51		59			/font/5001/70
	15	368	23	381	009000	/font/5001/41
	21		29			/font/5001/73
	27		35			
	33		41			/font/5001/61
	39		47			/font/5001/75
	45		53			/font/5001/6c
	51		59			/font/5001/74
	57		65			/font/5001/20
	63		71			/font/5001/54
	69		77			/font/5001/72
	75		83			/font/5001/61
	81		89			/font/5001/6e
	87		95			/font/5001/73
	93		101			/font/5001/70
	99		107			/font/5001/6f
	105		113			/font/5001/72
	111		119			/font/5001/74
	15	380	23	393		/font/5001/43
	21		29			/font/5001/61
	27		35			/font/5001/72
	33		41			
	39		47			/font/5001/69
	45		53			/font/5001/65
	51		59			/font/5001/72
	15	392	23	405		/font/5001/48
	21		29			/font/5001/65
	27		35			/font/5001/61
	33		41			/font/5001/76
	39		47			/font/5001/79
	45		53			/font/5001/20
	51		59			/font/5001/44
	57		65			/font/5001/65
	63		71			/font/5001/73
	69		77			/font/5001/74
	75		83			/font/5001/72
	81		89			/font/5001/6f
	87		95			/font/5001/79
	93		101			/font/5001/65
	99		107			/font/5001/72
	15	404	23	417	00ff00	/font/5001/54
	21		29			/font/5001/72
	27		35			/font/5001/61
	33		41			/font/5001/6e
	39		47			/font/5001/73
	45		53			/font/5001/70
	51		59			/font/5001/6f
	57		65			/font/5001/72
	63		71			/font/5001/74
line	12	438	119	438	009000
rect	16	450	114	475	001010
line	17	461	17	450	00c0c0
		450	43		
	43			461	007070
		461	17		
rect	18	451	43	461	009090
tint	19	450	27	463	00ffff	/font/5001/52
	25		33			/font/5001/47
	31		39			/font/5001/48
	37		45			/font/5001/54
	43		51			/font/5001/20
	49		57			/font/5001/42
	55		63			/font/5001/75
	61		69			/font/5001/69
	67		75			/font/5001/6c
	73		81			/font/5001/64
line	17	473	17	462	00c0c0
		462	43		
	43			473	007070
		473	17		
rect	18	463	43	473	009090
tint	19	462	27	475	00ffff	/font/5001/4c
	25		33			/font/5001/45
	31		39			/font/5001/46
	37		45			/font/5001/54
	43		51			/font/5001/20
	49		57			/font/5001/4d
	55		63			/font/5001/61
	61		69			/font/5001/69
	67		75			/font/5001/6e
	73		81			/font/5001/20
	79		87			/font/5001/4d
	85		93			/font/5001/65
	91		99			/font/5001/6e
	97		105			/font/5001/75
rect	12	180	120	192	000000
line	12	191	12	180	ffff00
		180	119		
	119			191	909000
		191	12		
rect	13	181	119	191	c0c000
tint	15	180	23	193	000000	/font/5001/43
	21		29			/font/5001/4f
	27		35			/font/5001/4e
	33		41			/font/5001/54
	39		47			/font/5001/52
	45		53			/font/5001/4f
	51		59			/font/5001/4c
rect	12	192	120	204	000000
tint	15	192	23	205	7fff7f	/font/5001/41
	21		29			/font/5001/53
	27		35			/font/5001/4c
	33		41			/font/5001/54
	39		47			
	45		53			/font/5001/52
	51		59			/font/5001/41
	57		65			/font/5001/4e
rect	14	204	36	226	000000
draw	16	208	34	222	/sprites/559.SMIV/0
line	14	204	35	204	489048
			14	205	
	35		35		
	14	225		225	
			14	224	
	35		35		
rect	40	204	51	226	000000
	42	206	49	206	003870
				224	0060c0
line	40	204	50	204	00488f
			40	205	
	50		50		
	40	225		225	
			40	224	
	50		50		
rect	53	204	64	226	000000
	55	206	62	206	707000
				224	c0c000
line	53	204	63	204	909000
			53	205	
	63		63		
	53	225		225	
			53	224	
	63		63		
rect	69	204	120	216	000000
tint	69	204	77	217	7fff7f	/font/5001/50
	75		83			/font/5001/4b
	81		89			/font/5001/42
	87		95			/font/5001/45
	93		101			/font/5001/41
	99		107			/font/5001/4d
	105		113			/font/5001/20
	111		119			/font/5001/32
rect	69	216	120	228	000000
tint	69	216	77	229	7fff7f	/font/5001/43
	75		83			/font/5001/4d
	81		89			/font/5001/49
	87		95			/font/5001/53
	93		101			
	99		107			/font/5001/49
	105		113			/font/5001/4c
	111		119			/font/5001/45
rect	69	192	120	204	000000
tint	69	192	77	205	7fff7f	/font/5001/41
	75		83			/font/5001/53
	81		89			/font/5001/4c
	87		95			/font/5001/54
	93		101			
	99		107			/font/5001/45
	105		113			/font/5001/41
	111		119			/font/5001/4d
rect	12	228	120	240	000000
tint	12	228	20	241	ff0000	/font/5001/4f
	18		26			/font/5001/75
	24		32			/font/5001/74
	30		38			/font/5001/70
	36		44			/font/5001/6f
	42		50			/font/5001/73
	48		56			/font/5001/74
	54		62			/font/5001/20
	60		68			/font/5001/32
rect	12	252	120	264	000000
line	12	263	12	252	007fff
		252	119		
	119			263	00488f
		263	12		
rect	13	253	119	263	0060c0
tint	15	252	23	265	000000	/font/5001/54
	21		29			/font/5001/41
	27		35			/font/5001/52
	33		41			/font/5001/47
	39		47			/font/5001/45
	45		53			/font/5001/54
rect	12	264	120	276	000000
tint	15	264	23	277	7fff7f	/font/5001/48
	21		29			/font/5001/56
	27		35			/font/5001/44
	33		41			/font/5001/53
	39		47			/font/5001/54
	45		53			/font/5001/52
	51		59			/font/5001/59
	57		65			/font/5001/52
rect	14	276	36	298	000000
draw	16	279	34	295	/sprites/646.SMIV/0
line	14	276	35	276	489048
			14	277	
	35		35		
	14	297		297	
			14	296	
	35		35		
rect	40	276	51	298	000000
	42	278	49	283	003870
		283		296	0060c0
line	40	276	50	276	00488f
			40	277	
	50		50		
	40	297		297	
			40	296	
	50		50		
rect	53	276	64	298	000000
	55	278	62	279	707000
		279		296	c0c000
line	53	276	63	276	909000
			53	277	
	63		63		
	53	297		297	
			53	296	
	63		63		
rect	69	276	120	288	000000
tint	69	276	77	289	7fff7f	/font/5001/4c
	75		83			/font/5001/42
	81		89			/font/5001/45
	87		95			/font/5001/41
	93		101			/font/5001/4d
	99		107			/font/5001/20
	105		113			/font/5001/31
rect	69	288	120	300	000000
tint	69	288	77	301	7fff7f	/font/5001/46
	75		83			/font/5001/55
	81		89			/font/5001/4c
	87		95			
	93		101			/font/5001/50
	99		107			/font/5001/4c
	105		113			/font/5001/53
	111		119			/font/5001/45
rect	69	264	120	276	000000
tint	69	264	77	277	7fff7f	/font/5001/43
	75		83			/font/5001/4d
	81		89			/font/5001/49
	87		95			/font/5001/53
	93		101			
	99		107			/font/5001/49
	105		113			/font/5001/4c
	111		119			/font/5001/45
rect	12	300	120	312	000000
