point	491	347	808080
	556	317	
	517	64	d0d0d0
	524	92	
	527	170	b0b0b0
	223	83	808080
	268	189	d0d0d0
	318	298	b0b0b0
	509	263	808080
	188	16	d0d0d0
	368	296	b0b0b0
	151	425	
	513	106	
	190	82	
	389	164	808080
	420	73	
	587	196	b0b0b0
	185	137	
	212	126	808080
	294	469	
	262	51	d0d0d0
	540	239	808080
	401	36	
	339	259	b0b0b0
	452	72	d0d0d0
	472	462	
	278	405	b0b0b0
	284	373	d0d0d0
	343	64	b0b0b0
	139	0	808080
	515	457	d0d0d0
	337	382	
	153	18	
	252	227	b0b0b0
	442	362	d0d0d0
	223	333	808080
	201	348	d0d0d0
	471	104	b0b0b0
	498	276	808080
	456	274	
	579	85	b0b0b0
	238	398	808080
	565	284	
	307	46	b0b0b0
	336	54	808080
	416	27	d0d0d0
	592	459	808080
	171	174	b0b0b0
	562	243	808080
	548	262	b0b0b0
	281	412	d0d0d0
	220	256	808080
	232	417	
	547	7	d0d0d0
	186	390	808080
	599	8	b0b0b0
	429	257	d0d0d0
	373	90	808080
	319	323	
	151	314	
	562	463	
	139	187	b0b0b0
	392	86	d0d0d0
	487	211	808080
	449	150	
	128	411	d0d0d0
	337	134	b0b0b0
	391	403	
	563	312	d0d0d0
	378	190	
	536	138	b0b0b0
	368	422	808080
	325	459	
	522	117	d0d0d0
	327	246	b0b0b0
	403	163	
	601	373	808080
	228	237	d0d0d0
	311	37	808080
	260	346	
	300	121	
	185	351	b0b0b0
	488	234	
	355	165	808080
	165	249	
	440	56	b0b0b0
	239	48	d0d0d0
	316	180	808080
	510	400	b0b0b0
	455	54	808080
	343	373	
	549	439	
	202	107	
	243	434	
	505	397	d0d0d0
	177	90	
	150	172	
	196	305	b0b0b0
	406	457	808080
	327	319	b0b0b0
	159	239	808080
	458	337	b0b0b0
	499	410	d0d0d0
	278	16	808080
	603	79	b0b0b0
	315	191	808080
	367	133	
	171	234	
	553	201	d0d0d0
	378	55	b0b0b0
	147	423	808080
	499	366	b0b0b0
	432	431	808080
	386	449	
	277	211	
	288	113	b0b0b0
	321	432	808080
	412	78	
	344	98	
	443	467	b0b0b0
	493	262	808080
		428	d0d0d0
	562	253	b0b0b0
	382	91	808080
	416	388	b0b0b0
line	190	0	190	480	005000
	382		382		
	574		574		
	128	54	608	54	
		246		246	
		438		438	
rect	425	264	441	280	009000
	324	211	340	227	900000
	375	239	389	253	009000
	385	222	399	236	00488f
	368	255	382	269	
	410	339	418	347	0060c0
	493	315	501	323	
	261	177	269	185	
	304	185	312	193	
triangle	364	236	372	244	00c000
rect	477	299	485	307	0060c0
	292	146	300	154	
	449	293	457	301	
	358	129	366	137	
	374	154	382	162	
	307	297	315	305	
	448	319	456	327	
	364	144	372	152	
	472	260	480	268	
	396	181	404	189	
	307	220	315	228	
	444	286	452	294	
	290	226	298	234	
	440	185	448	193	
	436	294	444	302	
	447	263	455	271	
	293	237	301	245	
triangle	295	239	299	243	0060c0
rect	471	280	479	288	0060c0
	410	314	418	322	
triangle	412	316	416	320	0060c0
rect	394	289	402	297	0060c0
triangle	396	291	400	295	0060c0
rect	310	216	318	224	0060c0
	346	174	354	182	
	403	186	411	194	
triangle	405	188	409	192	0060c0
rect	411	300	419	308	0060c0
	418	280	426	288	
	338	278	346	286	
	422	263	430	271	
	315	233	323	241	
	289	228	297	236	
	331	219	339	227	
triangle	333	221	337	225	0060c0
rect	394	265	402	273	0060c0
triangle	362	234	374	246	00c000
	364	236	372	244	
					
		235		243	
		236		244	
					
rect	402	191	410	199	0060c0
	432	250	440	258	
triangle	364	235	374	245	00c000
	327	214	335	222	c00000
rect	358	202	366	210	0060c0
plus	373	251	383	261	00c000
rect	390	258	398	266	0060c0
	383	263	391	271	
	391	260	399	268	
	412	219	420	227	
	364	261	372	269	
	350	257	358	265	
	336		344		
	377	253	385	261	
	343	236	351	244	
	374	226	382	234	
triangle	364	236	372	244	00c000
rect	347	251	355	259	0060c0
	343	255	351	263	
	344	247	352	255	
	363	252	371	260	
	368	212	376	220	
	388	232	396	240	
	367	231	375	239	
	374	252	382	260	
	392	251	400	259	
	388	243	396	251	
	355	261	363	269	
	345	255	353	263	
triangle	364	236	372	244	00c000
rect	374	273	382	281	0060c0
	350	250	358	258	
	398	255	406	263	
	363	265	371	273	
	371	226	379	234	
	379	261	387	269	
triangle	380	256	382	258	0060c0
					
rect	413	220	421	228	0060c0
	385	273	393	281	
triangle	380	256	382	258	0060c0
rect	384	212	392	220	0060c0
triangle	364	236	372	244	00c000
rect	370	215	378	223	0060c0
plus	413	260	423	270	00c000
rect	390	284	398	292	0060c0
	372	202	380	210	
	392	285	400	293	
	360	201	368	209	
	371	192	379	200	
	366	271	374	279	
triangle	381	245	383	247	00c000
rect	383	216	391	224	0060c0
	376	200	384	208	
	362	205	370	213	
dither	378	266	503	283	303000
tint	382	270	390	282	000000	/font/5000/41
	389		397			/font/5000/73
	396		404			
	403		411			/font/5000/61
	410		418			/font/5000/75
	417		425			/font/5000/6c
	424		432			/font/5000/74
	431		439			/font/5000/20
	438		446			/font/5000/54
	445		453			/font/5000/72
	452		460			/font/5000/61
	459		467			/font/5000/6e
	466		474			/font/5000/73
	473		481			/font/5000/70
	480		488			/font/5000/6f
	487		495			/font/5000/72
	494		502			/font/5000/74
	381	269	389	281	ffff00	/font/5000/41
	388		396			/font/5000/73
	395		403			
	402		410			/font/5000/61
	409		417			/font/5000/75
	416		424			/font/5000/6c
	423		431			/font/5000/74
	430		438			/font/5000/20
	437		445			/font/5000/54
	444		452			/font/5000/72
	451		459			/font/5000/61
	458		466			/font/5000/6e
	465		473			/font/5000/73
	472		480			/font/5000/70
	479		487			/font/5000/6f
	486		494			/font/5000/72
	493		501			/font/5000/74
line	187	156	196	169	489048
			202	155	
	196	169			204020
draw	0	0	128	480	/pictures/501.png
	608		640		/pictures/512.png
tint	29	159	37	172	ff0000	/font/5001/30
	35		43			/font/5001/36
	41		49			/font/5001/35
	102		110		ff7f00	/font/5001/31
	108		116			/font/5001/35
	114		122			/font/5001/30
line	614	383	614	359	00488f
		359	622		
	622			383	002850
		383	614		
rect	615	360	622	383	003870
line	614	456	614	384	007fff
		384	622		
	622			456	00488f
		456	614		
rect	615	385	622	456	0070e0
line	614	231	614	231	909048
			622		
	622				505028
			614		
	614	328		232	ffff7f
		232	622		
	622			328	909048
		328	614		
rect	615	233	622	328	e0e070
line	614	129	614	103	904848
		103	622		
	622			129	502828
		129	614		
rect	615	104	622	129	703838
line	614	200	614	130	ff7f7f
		130	622		
	622			200	904848
		200	614		
rect	615	131	622	200	e07070
line	618	8	629	8	90488f
			618	9	
	629		629		
	618	36		36	
			618	35	
	629		629		
rect	620	10	628	35	703870
		35			c060c0
	634	49	636	52	7fff7f
		53		56	60c060
		57		60	
		61		64	
		65		68	
		69		72	7fff7f
		73		76	60c060
		77		80	
		81		84	
		85		88	703800
		89		92	904800
		93		96	183018
		97		100	
		101		104	
		105		108	
		109		112	
		113		116	
		117		120	
		121		124	
		125		128	
		129		132	
		133		136	
		137		140	
		141		144	
		145		148	
		149		152	
		153		156	
		157		160	
		161		164	
		165		168	
		169		172	
		173		176	
		177		180	
		181		184	
		185		188	
		189		192	
		193		196	
		197		200	
		201		204	
		205		208	
		209		212	
		213		216	
		217		220	
		221		224	
		225		228	
		229		232	
		233		236	
		237		240	
		241		244	
		245		248	
		249		252	
		253		256	
		257		260	
		261		264	
		265		268	
		269		272	
		273		276	
		277		280	
		281		284	
		285		288	
		289		292	
		293		296	
		297		300	
		301		304	
		305		308	
		309		312	
		313		316	
		317		320	
		321		324	
		325		328	
		329		332	
		333		336	
		337		340	
		341		344	
		345		348	
		349		352	
		353		356	
		357		360	
		361		364	
		365		368	
		369		372	
		373		376	
		377		380	
		381		384	
		385		388	
		389		392	
		393		396	
		397		400	
		401		404	
		405		408	
		409		412	
		413		416	
		417		420	
		421		424	
		425		428	
		429		432	
		433		436	
		437		440	
		441		444	
		445		448	
	621	52	631	56	303000
		57		61	
		62		66	
		67		71	
		72		76	
		77		81	
		82		86	
	7	7	115	115	00ff00
	8	8	114	114	001000
					003000
point	64	62	00e000
		63	
		60	
		63	
	65	62	
	87	74	
	65	61	
	64	63	
		62	
	67	64	
rect	12	320	121	440	001000
tint	15	320	23	333	00ff00	/font/5001/42
	21		29			/font/5001/55
	27		35			/font/5001/49
	33		41			/font/5001/4c
	39		47			/font/5001/44
	45		53			/font/5001/20
	51		59			/font/5001/53
	57		65			/font/5001/48
	63		71			/font/5001/49
	69		77			/font/5001/50
	75		83			/font/5001/53
line	12	342	119	342	009000
tint	15	332	23	345	00ff00	/font/5001/4c
	21		29			/font/5001/61
	27		35			/font/5001/6c
	33		41			/font/5001/61
	39		47			/font/5001/6e
	45		53			/font/5001/64
	51		59			/font/5001/65
	57		65			/font/5001/20
	63		71			/font/5001/41
	69		77			/font/5001/6c
	75		83			/font/5001/70
	81		89			/font/5001/68
	87		95			/font/5001/61
	15	344	23	357		/font/5001/43
	21		29			/font/5001/72
	27		35			/font/5001/75
	33		41			/font/5001/69
	39		47			/font/5001/73
	45		53			/font/5001/65
	51		59			/font/5001/72
line	12	367	12	356	009000
		356	120		
	120			367	005000
		367	12		
rect	13	357	120	367	007000
tint	15	356	23	369	003000	/font/5001/47
	21		29			/font/5001/75
	27		35			/font/5001/6e
	33		41			/font/5001/73
	39		47			/font/5001/68
	45		53			/font/5001/69
	51		59			/font/5001/70
	15	368	23	381	009000	/font/5001/41
	21		29			/font/5001/73
	27		35			
	33		41			/font/5001/61
	39		47			/font/5001/75
	45		53			/font/5001/6c
	51		59			/font/5001/74
	57		65			/font/5001/20
	63		71			/font/5001/54
	69		77			/font/5001/72
	75		83			/font/5001/61
	81		89			/font/5001/6e
	87		95			/font/5001/73
	93		101			/font/5001/70
	99		107			/font/5001/6f
	105		113			/font/5001/72
	111		119			/font/5001/74
	15	380	23	393		/font/5001/43
	21		29			/font/5001/61
	27		35			/font/5001/72
	33		41			
	39		47			/font/5001/69
	45		53			/font/5001/65
	51		59			/font/5001/72
	15	392	23	405		/font/5001/48
	21		29			/font/5001/65
	27		35			/font/5001/61
	33		41			/font/5001/76
	39		47			/font/5001/79
	45		53			/font/5001/20
	51		59			/font/5001/44
	57		65			/font/5001/65
	63		71			/font/5001/73
	69		77			/font/5001/74
	75		83			/font/5001/72
	81		89			/font/5001/6f
	87		95			/font/5001/79
	93		101			/font/5001/65
	99		107			/font/5001/72
	15	404	23	417	00ff00	/font/5001/54
	21		29			/font/5001/72
	27		35			/font/5001/61
	33		41			/font/5001/6e
	39		47			/font/5001/73
	45		53			/font/5001/70
	51		59			/font/5001/6f
	57		65			/font/5001/72
	63		71			/font/5001/74
line	12	438	119	438	009000
rect	16	450	114	475	001010
line	17	461	17	450	00c0c0
		450	43		
	43			461	007070
		461	17		
rect	18	451	43	461	009090
tint	19	450	27	463	00ffff	/font/5001/52
	25		33			/font/5001/47
	31		39			/font/5001/48
	37		45			/font/5001/54
	43		51			/font/5001/20
	49		57			/font/5001/42
	55		63			/font/5001/75
	61		69			/font/5001/69
	67		75			/font/5001/6c
	73		81			/font/5001/64
line	17	473	17	462	00c0c0
		462	43		
	43			473	007070
		473	17		
rect	18	463	43	473	009090
tint	19	462	27	475	00ffff	/font/5001/4c
	25		33			/font/5001/45
	31		39			/font/5001/46
	37		45			/font/5001/54
	43		51			/font/5001/20
	49		57			/font/5001/4d
	55		63			/font/5001/61
	61		69			/font/5001/69
	67		75			/font/5001/6e
	73		81			/font/5001/20
	79		87			/font/5001/4d
	85		93			/font/5001/65
	91		99			/font/5001/6e
	97		105			/font/5001/75
line	12	191	12	180	ffff00
		180	119		
	119			191	909000
		191	12		
rect	13	181	119	191	c0c000
tint	15	180	23	193	000000	/font/5001/43
	21		29			/font/5001/4f
	27		35			/font/5001/4e
	33		41			/font/5001/54
	39		47			/font/5001/52
	45		53			/font/5001/4f
	51		59			/font/5001/4c
	15	192	23	205	7fff7f	/font/5001/41
	21		29			/font/5001/53
	27		35			/font/5001/4c
	33		41			/font/5001/54
	39		47			
	45		53			/font/5001/52
	51		59			/font/5001/41
	57		65			/font/5001/4e
draw	16	208	34	222	/sprites/559.SMIV/0
line	14	204	35	204	489048
			14	205	
	35		35		
	14	225		225	
			14	224	
	35		35		
rect	42	206	49	206	003870
				224	0060c0
line	40	204	50	204	00488f
			40	205	
	50		50		
	40	225		225	
			40	224	
	50		50		
rect	55	206	62	206	707000
				224	c0c000
line	53	204	63	204	909000
			53	205	
	63		63		
	53	225		225	
			53	224	
	63		63		
tint	69	204	77	217	7fff7f	/font/5001/50
	75		83			/font/5001/4b
	81		89			/font/5001/42
	87		95			/font/5001/45
	93		101			/font/5001/41
	99		107			/font/5001/4d
	105		113			/font/5001/20
	111		119			/font/5001/32
	69	216	77	229		/font/5001/43
	75		83			/font/5001/4d
	81		89			/font/5001/49
	87		95			/font/5001/53
	93		101			
	99		107			/font/5001/49
	105		113			/font/5001/4c
	111		119			/font/5001/45
	69	192	77	205		/font/5001/41
	75		83			/font/5001/53
	81		89			/font/5001/4c
	87		95			/font/5001/54
	93		101			
	99		107			/font/5001/45
	105		113			/font/5001/41
	111		119			/font/5001/4d
	12	228	20	241	ff0000	/font/5001/4f
	18		26			/font/5001/75
	24		32			/font/5001/74
	30		38			/font/5001/70
	36		44			/font/5001/6f
	42		50			/font/5001/73
	48		56			/font/5001/74
	54		62			/font/5001/20
	60		68			/font/5001/32
line	12	263	12	252	007fff
		252	119		
	119			263	00488f
		263	12		
rect	13	253	119	263	0060c0
tint	15	252	23	265	000000	/font/5001/54
	21		29			/font/5001/41
	27		35			/font/5001/52
	33		41			/font/5001/47
	39		47			/font/5001/45
	45		53			/font/5001/54
	15	264	23	277	7fff7f	/font/5001/48
	21		29			/font/5001/56
	27		35			/font/5001/44
	33		41			/font/5001/53
	39		47			/font/5001/54
	45		53			/font/5001/52
	51		59			/font/5001/59
	57		65			/font/5001/52
draw	16	279	34	295	/sprites/646.SMIV/0
line	14	276	35	276	489048
			14	277	
	35		35		
	14	297		297	
			14	296	
	35		35		
rect	42	278	49	283	003870
		283		296	0060c0
line	40	276	50	276	00488f
			40	277	
	50		50		
	40	297		297	
			40	296	
	50		50		
rect	55	278	62	279	707000
		279		296	c0c000
line	53	276	63	276	909000
			53	277	
	63		63		
	53	297		297	
			53	296	
	63		63		
tint	69	276	77	289	7fff7f	/font/5001/4c
	75		83			/font/5001/42
	81		89			/font/5001/45
	87		95			/font/5001/41
	93		101			/font/5001/4d
	99		107			/font/5001/20
	105		113			/font/5001/31
	69	288	77	301		/font/5001/46
	75		83			/font/5001/55
	81		89			/font/5001/4c
	87		95			
	93		101			/font/5001/50
	99		107			/font/5001/4c
	105		113			/font/5001/53
	111		119			/font/5001/45
	69	264	77	277		/font/5001/43
	75		83			/font/5001/4d
	81		89			/font/5001/49
	87		95			/font/5001/53
	93		101			
	99		107			/font/5001/49
	105		113			/font/5001/4c
	111		119			/font/5001/45
