line	510	392	512	392	808080
	328	225	331	226	b0b0b0
	412	247	416	247	d0d0d0
	510	450	512	450	808080
	558	457	563	457	d0d0d0
	212	72	217	73	
	407	170	411	170	
	415	325	420	325	
	215	448	217	448	808080
	583	200	585	200	
	346	341	348	341	
	428	58	430	58	
	570	224	572	224	
	434	219	438	219	d0d0d0
	562	458	565	458	b0b0b0
	126	258	128	258	808080
	146	473	150	474	b0b0b0
	591	242	593	242	808080
	189	129	193	129	d0d0d0
	304	68	306	68	808080
	154	230	159	230	d0d0d0
	246	424	248	424	808080
	580	357	584	357	b0b0b0
	396	232	398	232	808080
	565	85	567	86	
	489	395	492	395	b0b0b0
	540	447	542	447	808080
	434	375	439	375	d0d0d0
	311	382	315	382	
	524	431	529	431	
	567	94	570	94	b0b0b0
	500	365	503	365	
	326	141	328	141	808080
	391	256	394	256	
	326	202	329	202	
	243	335	247	336	b0b0b0
	433	334	435	334	808080
	482	121	486	121	d0d0d0
	204	461	206	461	808080
	162	458	165	458	
	138	363	142	363	b0b0b0
	346	390	349	390	
	270	469	273	469	808080
	262	389	266	389	d0d0d0
	481	170	485	170	b0b0b0
	456	278	458	278	808080
	190	163	192	163	
	571	165	574	165	b0b0b0
	268	428	270	428	808080
	499	65	501	65	
	418	37	420	37	
	306	19	309	19	b0b0b0
	190	121	192	121	808080
	442	381	447	381	d0d0d0
	335	87	338	87	b0b0b0
	400	475	403	475	
	407	114	410	114	808080
	559	35	561	35	
	499	325	503	325	b0b0b0
	575	446	577	446	808080
	353	114	357	114	d0d0d0
	517	107	522	107	
	444	423	446	423	808080
	193	396	195	396	
	154	335	157	335	
	130	152	133	152	
	453	383	455	383	
	393	156	395	156	
	190	68	194	69	d0d0d0
	443	303	448	303	
	571	131	575	132	
	178	127	180	127	808080
	561	363	563	363	
	532	117	535	117	b0b0b0
	251	29	255	29	d0d0d0
	496	292	499	292	808080
	507	416	509	416	
	326	138	329	138	b0b0b0
	392	475	396	475	d0d0d0
	223	248	226	248	b0b0b0
	486	367	488	367	808080
	485	46	489	46	d0d0d0
	432	384	434	384	808080
	510	476	514	476	b0b0b0
	578	74	582	74	d0d0d0
	441	368	445	369	
	248	23	251	23	b0b0b0
	502	304	504	305	808080
	345	287	347	287	
	160	239	163	239	
	309	294	312	294	b0b0b0
	200	326	204	326	d0d0d0
	387	448	389	448	808080
	521	128	523	128	
	167	144	169	144	
	564	173	567	173	b0b0b0
	524	132	529	132	d0d0d0
	169	409	173	409	
	321	122	325	122	
	153	203	157	203	
	213	106	217	106	b0b0b0
	391	367	394	367	808080
	476	46	480	46	d0d0d0
	395	155	398	155	b0b0b0
	548	267	551	267	808080
	501	-1	504	0	
	504	274	509	275	d0d0d0
	389	122	391	122	808080
	560	322	563	322	b0b0b0
	419	306	423	306	
	126	190	130	190	
	157	38	161	38	d0d0d0
	221	431	224	431	b0b0b0
	519	14	521	14	808080
	393	469	396	469	b0b0b0
	420	453	422	453	808080
	241	138	243	138	
	598	170	601	170	
	493	44	497	44	b0b0b0
	598	426	603	426	d0d0d0
	199	447	201	447	808080
	476	214	478	214	
	260	392	264	392	b0b0b0
	552	379	555	379	
	258	124	260	124	808080
rect	284	0	285	481	002850
	509		510		005000
	128	127	609	128	002850
		352		353	
triangle	308	234	316	242	00c000
	361	233	373	245	
	350	345	358	353	
	405	247	413	255	
	397	198	405	206	
	312	239	320	247	
	214	217	222	225	c00000
	170		178		00c000
	303	233	311	241	
line	566	242	553	234	489048
				249	
	553	234			204020
draw	0	0	128	480	/pictures/501.png
	608		640		/pictures/512.png
crop	29	159	35	171	0	36	ff0000	/fonts/computer.png
	35		41		48			
	41		47					
	102		108		8		ff7f00	
	108		114		40			
	114		120		0			
rect	614	359	615	384	00488f
			623	360	
	622			384	002850
	614	383			
	615	360	622	383	003870
	614	384	615	457	007fff
			623	385	
	622			457	00488f
	614	456			
	615	385	622	456	0070e0
	614	231	615	245	909048
			623	232	
	622			245	505028
	614	244			
	615	232	622	244	707038
	614	245	615	329	ffff7f
			623	246	
	622			329	909048
	614	328			
	615	246	622	328	e0e070
	614	103	615	130	904848
			623	104	
	622			130	502828
	614	129			
	615	104	622	129	703838
	614	130	615	201	ff7f7f
			623	131	
	622			201	904848
	614	200			
	615	131	622	200	e07070
	618	8	630	9	90488f
			619	10	
	629		630		
	618	36		37	
		35	619		
	629		630		
	620	10	628	35	703870
		19			c060c0
	634	49	636	52	7fff7f
		53		56	703800
		57		60	
		61		64	
		65		68	
		69		72	904800
		73		76	703800
		77		80	
		81		84	
		85		88	
		89		92	904800
		93		96	183018
		97		100	
		101		104	
		105		108	
		109		112	
		113		116	
		117		120	
		121		124	
		125		128	
		129		132	
		133		136	
		137		140	
		141		144	
		145		148	
		149		152	
		153		156	
		157		160	
		161		164	
		165		168	
		169		172	
		173		176	
		177		180	
		181		184	
		185		188	
		189		192	
		193		196	
		197		200	
		201		204	
		205		208	
		209		212	
		213		216	
		217		220	
		221		224	
		225		228	
		229		232	
		233		236	
		237		240	
		241		244	
		245		248	
		249		252	
		253		256	
		257		260	
		261		264	
		265		268	
		269		272	
		273		276	
		277		280	
		281		284	
		285		288	
		289		292	
		293		296	
		297		300	
		301		304	
		305		308	
		309		312	
		313		316	
		317		320	
		321		324	
		325		328	
		329		332	
		333		336	
		337		340	
		341		344	
		345		348	
		349		352	
		353		356	
		357		360	
		361		364	
		365		368	
		369		372	
		373		376	
		377		380	
		381		384	
		385		388	
		389		392	
		393		396	
		397		400	
		401		404	
		405		408	
		409		412	
		413		416	
		417		420	
		421		424	
		425		428	
		429		432	
		433		436	
		437		440	
		441		444	
		445		448	
	621	52	631	56	303000
		57		61	
		62		66	
		67		71	
		72		76	
		77		81	
		82		86	
	7	7	115	115	00ff00
	8	8	114	114	001000
	18	18	104	104	003000
point	60	79	00e000
	68	63	
	67	56	
	52	61	
	34	58	
	26		
	51	61	
	50		
rect	12	320	121	440	001000
		342	120	343	009000
		356	13	368	
			121	357	
	120			368	005000
	12	367			
	13	357	120	367	007000
	12	438		439	009000
	16	450	114	475	001010
	17		18	462	00c0c0
			44	451	
	43			462	007070
	17	461			
	18	451	43	461	009090
	17	462	18	474	00c0c0
			44	463	
	43			474	007070
	17	473			
	18	463	43	473	009090
crop	15	320	21	332	16	48	00ff00	/fonts/computer.png
	21		27		40	60		
	27		33		72	48		
	33		39		96			
	39		45		32			
	45		51		0	24		
	51		57		24	60		
	57		63		64	48		
	63		69		72			
	69		75		0	60		
	75		81		24			
	15	332	21	344	96	48		
	21		27		8	72		
	27		33		96			
	33		39		8			
	39		45		112			
	45		51		32			
	51		57		40			
	57		63		0	24		
	63		69		8	48		
	69		75		96	72		
	75		81		0	84		
	81		87		64	72		
	87		93		8			
	15	344	21	356	24	48	009000	
	21		27		16	84		
	27		33		40			
	33		39		72	72		
	39		45		24	84		
	45		51		40	72		
	51		57		16	84		
	15	356	21	368	56	48	003000	
	21		27		40	84		
	27		33		112	72		
	33		39		24	84		
	39		45		64	72		
	45		51		72			
	51		57		0	84		
	15	368	21	380	8	48	009000	
	21		27		24	84		
	27		33					
	33		39		8	72		
	39		45		40	84		
	45		51		96	72		
	51		57		32	84		
	57		63		0	24		
	63		69		32	60		
	69		75		16	84		
	75		81		8	72		
	81		87		112			
	87		93		24	84		
	93		99		0			
	99		105		120	72		
	105		111		16	84		
	111		117		32			
	15	380	21	392	24	48		
	21		27		8	72		
	27		33		16	84		
	33		39					
	39		45		72	72		
	45		51		40			
	51		57		16	84		
	15	392	21	404	64	48		
	21		27		40	72		
	27		33		8			
	33		39		48	84		
	39		45		72			
	45		51		0	24		
	51		57		32	48		
	57		63		40	72		
	63		69		24	84		
	69		75		32			
	75		81		16			
	81		87		120	72		
	87		93		72	84		
	93		99		40	72		
	99		105		16	84		
	15	404	21	416	32	60		
	21		27		16	84		
	27		33		8	72		
	33		39		112			
	39		45		24	84		
	45		51		0			
	51		57		120	72		
	57		63		16	84		
	63		69		32			
	19	450	25	462	16	60	00ffff	
	25		31		56	48		
	31		37		64			
	37		43		32	60		
	43		49		0	24		
	49		55		16	48		
	55		61		40	84		
	61		67		72	72		
	67		73		96			
	73		79		32			
	19	462	25	474	96	48		
	25		31		40			
	31		37		48			
	37		43		32	60		
	43		49		0	24		
	49		55		104	48		
	55		61		8	72		
	61		67		72			
	67		73		112			
	73		79		0	24		
	79		85		104	48		
	85		91		40	72		
	91		97		112			
	97		103		40	84		
rect	12	180	13	192	ffff00
			121	181	
	120			192	909000
	12	191			
	13	181	120	191	c0c000
crop	15	180	21	192	24	48	000000	/fonts/computer.png
	21		27		120			
	27		33		112			
	33		39		32	60		
	39		45		16			
	45		51		120	48		
	51		57		96			
	15	192	21	204	8		7fff7f	
	21		27		24	60		
	27		33		96	48		
	33		39		32	60		
	39		45					
	45		51		16			
	51		57		8	48		
	57		63		112			
	16	208	34	222	7	6	ffffff	/sprites/...
rect	14	204	36	205	489048
			15	206	
	35		36		
	14	225		226	
		224	15		
	35		36		
	42	206	49	206	003870
				224	0060c0
	40	204	51	205	00488f
			41	206	
	50		51		
	40	225		226	
		224	41		
	50		51		
	55	206	62	206	707000
				224	c0c000
	53	204	64	205	909000
			54	206	
	63		64		
	53	225		226	
		224	54		
	63		64		
crop	69	204	75	216	0	60	7fff7f	/fonts/computer.png
	75		81		88	48		
	81		87		16			
	87		93		40			
	93		99		8			
	99		105		104			
	105		111		0	24		
	111		117		16	36		
	69	216	75	228	24	48		
	75		81		104			
	81		87		72			
	87		93		24	60		
	93		99					
	99		105		72	48		
	105		111		96			
	111		117		40			
	69	192	75	204	8			
	75		81		24	60		
	81		87		96	48		
	87		93		32	60		
	93		99					
	99		105		40	48		
	105		111		8			
	111		117		104			
	12	228	18	240	120		ff0000	
	18		24		40	84		
	24		30		32			
	30		36		0			
	36		42		120	72		
	42		48		24	84		
	48		54		32			
	54		60		0	24		
	60		66		16	36		
rect	12	252	13	264	007fff
			121	253	
	120			264	00488f
	12	263			
	13	253	120	263	0060c0
crop	15	252	21	264	32	60	000000	/fonts/computer.png
	21		27		8	48		
	27		33		16	60		
	33		39		56	48		
	39		45		40			
	45		51		32	60		
	15	264	21	276	64	48	7fff7f	
	21		27		48	60		
	27		33		32	48		
	33		39		24	60		
	39		45		32			
	45		51		16			
	51		57		72			
	57		63		16			
	16	279	34	295	12	4	ffffff	/sprites/...
rect	14	276	36	277	489048
			15	278	
	35		36		
	14	297		298	
		296	15		
	35		36		
	42	278	49	283	003870
		283		296	0060c0
	40	276	51	277	00488f
			41	278	
	50		51		
	40	297		298	
		296	41		
	50		51		
	55	278	62	281	707000
		281		296	c0c000
	53	276	64	277	909000
			54	278	
	63		64		
	53	297		298	
		296	54		
	63		64		
crop	69	276	75	288	96	48	7fff7f	/fonts/computer.png
	75		81		16			
	81		87		40			
	87		93		8			
	93		99		104			
	99		105		0	24		
	105		111		8	36		
	69	288	75	300	48	48		
	75		81		40	60		
	81		87		96	48		
	87		93					
	93		99		0	60		
	99		105		96	48		
	105		111		24	60		
	111		117		40	48		
	69	264	75	276	24			
	75		81		104			
	81		87		72			
	87		93		24	60		
	93		99					
	99		105		72	48		
	105		111		96			
	111		117		40			
