point	417	414	808080
	264	255	
	160	201	
	144	312	
	164	426	
	163	11	
	259	239	
	257	282	
	490	117	b0b0b0
	522	195	808080
	249	321	
	372	430	
	497	107	b0b0b0
	568	72	d0d0d0
	162	43	808080
	596	461	b0b0b0
	459	151	808080
	438	216	
	421	355	
	440	380	b0b0b0
	245	194	
	297	9	
	386	151	
	276	207	808080
	196	227	d0d0d0
	457	41	808080
	518	77	
	506	167	
	458	240	
	436	61	
	418	398	b0b0b0
	148	450	
	553	268	808080
	482	326	b0b0b0
	555	189	808080
	359	367	b0b0b0
	435	399	808080
	492	228	b0b0b0
	455	58	808080
	599	289	
	244	152	b0b0b0
	581	374	d0d0d0
	381	257	808080
	559	30	d0d0d0
	384	114	b0b0b0
	520	147	808080
	361	87	b0b0b0
	314	371	
	490	4	
	336	65	d0d0d0
	339	265	808080
	136	60	
	244	422	
	310	122	
	427	272	b0b0b0
	470	293	d0d0d0
	186	345	b0b0b0
	423	439	808080
	253	195	d0d0d0
	203	366	
	243	164	b0b0b0
	557	305	d0d0d0
	397	457	808080
	206	375	b0b0b0
	300	54	d0d0d0
	235	468	
	153	82	808080
	499	333	d0d0d0
	450	468	
	216	103	b0b0b0
	555	204	
	380	369	808080
	560	318	b0b0b0
	557	380	808080
	351	291	
	314	471	d0d0d0
	188	425	808080
	461	110	b0b0b0
	505	411	808080
	582	151	
	572	98	
	526	231	d0d0d0
	565	110	
	156	388	808080
	535	73	d0d0d0
	300	275	b0b0b0
	261	408	d0d0d0
	324	394	808080
	206	185	b0b0b0
	333	412	d0d0d0
	164	224	808080
	310	469	d0d0d0
	595	217	808080
	344	335	b0b0b0
	283	73	d0d0d0
	272	444	808080
	477	330	b0b0b0
	438	400	808080
	473	125	d0d0d0
	556	19	b0b0b0
	338	385	
	239	194	
	159	125	
	589	268	d0d0d0
	315	442	808080
	394	77	b0b0b0
	352	425	808080
	406	18	d0d0d0
	180	151	b0b0b0
	158	143	d0d0d0
	509	133	
	495	85	808080
	454	256	d0d0d0
	176	474	808080
	448	377	
	169	364	
	449	254	d0d0d0
	286	169	808080
	564	307	b0b0b0
	162	409	808080
	452	220	d0d0d0
	432	345	
	158	338	b0b0b0
	170	418	d0d0d0
	235	446	
line	156	0	156	480	002850
	266		266		000050
	376		376		
	486		486		
	596		596		002850
	128	13	608	13	
		123		123	000050
		233		233	
		343		343	
		453		453	002850
	427	-5	424	-5	007fff
	497	258	500	255	7f7fff
triangle	361	233	373	245	00c000
	518	231	526	239	
	475	23	485	33	
	500	203	510	213	
	439	315	445	321	c00000
rect	598	8	600	10	c00000
	462	272	464	274	00ff00
	494	248	496	250	
	430	297	432	299	
dither	200	50	262	67	003030
crop	204	54	211	65	8	33	000000	/fonts/tactical
	211		218		80			
	218		225		32			
	225		232		0	22		
	232		239		80	55		
	239		246		120	66		
	246		253					
	253		260		104			
	203	53	210	64	8	33	00ffff	
	210		217		80			
	217		224		32			
	224		231		0	22		
	231		238		80	55		
	238		245		120	66		
	245		252					
	252		259		104			
line	508	98	493	102	489048
			504	113	
	493	102			204020
draw	0	0	128	480	/pictures/501.png
	608		640		/pictures/512.png
crop	29	159	35	171	0	36	ff0000	/fonts/computer
	35		41		24			
	41		47		48			
	102		108		8		ff7f00	
	108		114		40			
	114		120		0			
line	614	387	614	359	00488f
		359	622		
	622			387	002850
		387	614		
rect	615	360	622	387	003870
line	614	456	614	388	007fff
		388	622		
	622			456	00488f
		456	614		
rect	615	389	622	456	0070e0
line	614	231	614	231	909048
			622		
	622				505028
			614		
	614	328		232	ffff7f
		232	622		
	622			328	909048
		328	614		
rect	615	233	622	328	e0e070
line	614	121	614	103	904848
		103	622		
	622			121	502828
		121	614		
rect	615	104	622	121	703838
line	614	200	614	122	ff7f7f
		122	622		
	622			200	904848
		200	614		
rect	615	123	622	200	e07070
line	618	8	629	8	90488f
			618	9	
	629		629		
	618	36		36	
			618	35	
	629		629		
rect	620	10	628	35	703870
		35			c060c0
	634	49	636	52	7fff7f
		53		56	60c060
		57		60	
		61		64	
		65		68	
		69		72	7fff7f
		73		76	60c060
		77		80	
		81		84	703800
		85		88	
		89		92	904800
		93		96	183018
		97		100	
		101		104	
		105		108	
		109		112	
		113		116	
		117		120	
		121		124	
		125		128	
		129		132	
		133		136	
		137		140	
		141		144	
		145		148	
		149		152	
		153		156	
		157		160	
		161		164	
		165		168	
		169		172	
		173		176	
		177		180	
		181		184	
		185		188	
		189		192	
		193		196	
		197		200	
		201		204	
		205		208	
		209		212	
		213		216	
		217		220	
		221		224	
		225		228	
		229		232	
		233		236	
		237		240	
		241		244	
		245		248	
		249		252	
		253		256	
		257		260	
		261		264	
		265		268	
		269		272	
		273		276	
		277		280	
		281		284	
		285		288	
		289		292	
		293		296	
		297		300	
		301		304	
		305		308	
		309		312	
		313		316	
		317		320	
		321		324	
		325		328	
		329		332	
		333		336	
		337		340	
		341		344	
		345		348	
		349		352	
		353		356	
		357		360	
		361		364	
		365		368	
		369		372	
		373		376	
		377		380	
		381		384	
		385		388	
		389		392	
		393		396	
		397		400	
		401		404	
		405		408	
		409		412	
		413		416	
		417		420	
		421		424	
		425		428	
		429		432	
		433		436	
		437		440	
		441		444	
		445		448	
	621	52	631	56	303000
		57		61	
		62		66	
		67		71	
		72		76	
		77		81	
		82		86	
	7	7	115	115	00ff00
	8	8	114	114	001000
	40	40	82	82	003000
point	90	61	00e000
	75		
	96	37	
		53	
	64	38	
	99	51	
	66	39	
	71	42	
	60	38	
	67	66	
	66	89	
	96	56	
	66	93	
	94	58	
	59	112	
	70	63	
	73	59	
	67	68	
	92	61	
	73		
	95	54	
	73	62	
	90	67	
	61	39	
	91	51	
	82	40	
rect	12	320	121	440	001000
crop	15	320	21	332	16	48	00ff00	/fonts/computer
	21		27		40	60		
	27		33		72	48		
	33		39		96			
	39		45		32			
	45		51		0	24		
	51		57		24	60		
	57		63		64	48		
	63		69		72			
	69		75		0	60		
	75		81		24			
line	12	342	119	342	009000
crop	15	332	21	344	96	48	00ff00	/fonts/computer
	21		27		8	72		
	27		33		96			
	33		39		8			
	39		45		112			
	45		51		32			
	51		57		40			
	57		63		0	24		
	63		69		8	48		
	69		75		96	72		
	75		81		0	84		
	81		87		64	72		
	87		93		8			
	15	344	21	356	24	48		
	21		27		16	84		
	27		33		40			
	33		39		72	72		
	39		45		24	84		
	45		51		40	72		
	51		57		16	84		
line	12	367	12	356	009000
		356	120		
	120			367	005000
		367	12		
rect	13	357	120	367	007000
crop	15	356	21	368	56	48	003000	/fonts/computer
	21		27		40	84		
	27		33		112	72		
	33		39		24	84		
	39		45		64	72		
	45		51		72			
	51		57		0	84		
	15	368	21	380	8	48	009000	
	21		27		24	84		
	27		33					
	33		39		8	72		
	39		45		40	84		
	45		51		96	72		
	51		57		32	84		
	57		63		0	24		
	63		69		32	60		
	69		75		16	84		
	75		81		8	72		
	81		87		112			
	87		93		24	84		
	93		99		0			
	99		105		120	72		
	105		111		16	84		
	111		117		32			
	15	380	21	392	24	48		
	21		27		8	72		
	27		33		16	84		
	33		39					
	39		45		72	72		
	45		51		40			
	51		57		16	84		
	15	392	21	404	64	48		
	21		27		40	72		
	27		33		8			
	33		39		48	84		
	39		45		72			
	45		51		0	24		
	51		57		32	48		
	57		63		40	72		
	63		69		24	84		
	69		75		32			
	75		81		16			
	81		87		120	72		
	87		93		72	84		
	93		99		40	72		
	99		105		16	84		
	15	404	21	416	32	60	00ff00	
	21		27		16	84		
	27		33		8	72		
	33		39		112			
	39		45		24	84		
	45		51		0			
	51		57		120	72		
	57		63		16	84		
	63		69		32			
line	12	438	119	438	009000
rect	16	450	114	475	001010
line	17	461	17	450	00c0c0
		450	43		
	43			461	007070
		461	17		
rect	18	451	43	461	009090
crop	19	450	25	462	16	60	00ffff	/fonts/computer
	25		31		56	48		
	31		37		64			
	37		43		32	60		
	43		49		0	24		
	49		55		16	48		
	55		61		40	84		
	61		67		72	72		
	67		73		96			
	73		79		32			
line	17	473	17	462	00c0c0
		462	43		
	43			473	007070
		473	17		
rect	18	463	43	473	009090
crop	19	462	25	474	96	48	00ffff	/fonts/computer
	25		31		40			
	31		37		48			
	37		43		32	60		
	43		49		0	24		
	49		55		104	48		
	55		61		8	72		
	61		67		72			
	67		73		112			
	73		79		0	24		
	79		85		104	48		
	85		91		40	72		
	91		97		112			
	97		103		40	84		
line	12	191	12	180	ffff00
		180	120		
	120			191	909000
		191	12		
rect	13	181	120	191	c0c000
crop	15	180	21	192	24	48	000000	/fonts/computer
	21		27		120			
	27		33		112			
	33		39		32	60		
	39		45		16			
	45		51		120	48		
	51		57		96			
	15	192	21	204	8		7fff7f	
	21		27		24	60		
	27		33		96	48		
	33		39		32	60		
	39		45					
	45		51		16			
	51		57		8	48		
	57		63		112			
draw	16	208	34	222	/sprites/559.SMIV/0
line	14	204	35	204	489048
			14	205	
	35		35		
	14	225		225	
			14	224	
	35		35		
rect	42	206	49	206	003870
				224	0060c0
line	40	204	50	204	00488f
			40	205	
	50		50		
	40	225		225	
			40	224	
	50		50		
rect	55	206	62	207	707000
		207		224	c0c000
line	53	204	63	204	909000
			53	205	
	63		63		
	53	225		225	
			53	224	
	63		63		
crop	69	204	75	216	0	60	7fff7f	/fonts/computer
	75		81		88	48		
	81		87		16			
	87		93		40			
	93		99		8			
	99		105		104			
	105		111		0	24		
	111		117		16	36		
	69	216	75	228	24	48		
	75		81		104			
	81		87		72			
	87		93		24	60		
	93		99					
	99		105		72	48		
	105		111		96			
	111		117		40			
	69	192	75	204	8			
	75		81		24	60		
	81		87		96	48		
	87		93		32	60		
	93		99					
	99		105		40	48		
	105		111		8			
	111		117		104			
	12	228	18	240	120		00ff00	
	18		24		40	84		
	24		30		32			
	30		36		0			
	36		42		120	72		
	42		48		24	84		
	48		54		32			
	54		60		0	24		
	60		66		16	36		
line	12	263	12	252	007fff
		252	120		
	120			263	00488f
		263	12		
rect	13	253	120	263	0060c0
crop	15	252	21	264	32	60	000000	/fonts/computer
	21		27		8	48		
	27		33		16	60		
	33		39		56	48		
	39		45		40			
	45		51		32	60		
	15	264	21	276	64	48	7fff7f	
	21		27		48	60		
	27		33		32	48		
	33		39		24	60		
	39		45		32			
	45		51		16			
	51		57		72			
	57		63		16			
draw	16	279	34	295	/sprites/646.SMIV/0
line	14	276	35	276	489048
			14	277	
	35		35		
	14	297		297	
			14	296	
	35		35		
rect	42	278	49	284	003870
		284		296	0060c0
line	40	276	50	276	00488f
			40	277	
	50		50		
	40	297		297	
			40	296	
	50		50		
rect	55	278	62	279	707000
		279		296	c0c000
line	53	276	63	276	909000
			53	277	
	63		63		
	53	297		297	
			53	296	
	63		63		
crop	69	276	75	288	96	48	7fff7f	/fonts/computer
	75		81		16			
	81		87		40			
	87		93		8			
	93		99		104			
	99		105		0	24		
	105		111		8	36		
	69	288	75	300	48	48		
	75		81		40	60		
	81		87		96	48		
	87		93					
	93		99		0	60		
	99		105		96	48		
	105		111		24	60		
	111		117		40	48		
	69	264	75	276	24			
	75		81		104			
	81		87		72			
	87		93		24	60		
	93		99					
	99		105		72	48		
	105		111		96			
	111		117		40			
