point	170	191	808080
	287	205	
	529	375	
	164	312	d0d0d0
	530	375	808080
	185	269	
	283	189	
	281	232	
	526	41	b0b0b0
	546	145	808080
	273	271	
	411	278	d0d0d0
	532	31	b0b0b0
	429	464	808080
	185	58	
	359	415	
	483	101	
	462	166	
	445	305	
	185	253	
	281	119	b0b0b0
	418	391	d0d0d0
	421	75	b0b0b0
	300	157	808080
	210	131	b0b0b0
	222	460	d0d0d0
	541	27	808080
	530	117	
	482	190	
	459	11	
	370	321	b0b0b0
	387	367	
	577	218	808080
	435	172	d0d0d0
	579	139	808080
	436	353	
	377	283	b0b0b0
	528	153	
	478	8	808080
	151	395	b0b0b0
	279	76	
	144	337	808080
	405	207	
	216	443	
	419	39	b0b0b0
	544	97	808080
	397	11	b0b0b0
	362	294	
	561	384	d0d0d0
	488	453	b0b0b0
	363	215	808080
	189	403	d0d0d0
	597	317	b0b0b0
	333	72	808080
	462	196	b0b0b0
	178	360	808080
	568	315	b0b0b0
	581	388	808080
	302	95	d0d0d0
	206	352	b0b0b0
	278	89	
	181	22	808080
	494	332	d0d0d0
	144	60	808080
	363	455	
	455	422	
	223	185	d0d0d0
	137	127	808080
	575	420	b0b0b0
	251	28	
	590	129	
	311	319	808080
	279	240	b0b0b0
	284	252	
	375	241	808080
	275	423	
	581	321	b0b0b0
	497	34	
	573	300	
	606	101	808080
	596	48	
	574	131	d0d0d0
	130	193	808080
	230	149	d0d0d0
	214	465	808080
	335	200	b0b0b0
	148	68	808080
	298	206	d0d0d0
	239	386	b0b0b0
	473	313	d0d0d0
	337	394	b0b0b0
	256	423	808080
	145	471	b0b0b0
	338	333	808080
	328	459	b0b0b0
	306	390	808080
	272	254	b0b0b0
	595	283	
	521	25	d0d0d0
	510	404	
	570	310	b0b0b0
	275	119	
	170	55	808080
	337	325	
	501	303	d0d0d0
	430	2	b0b0b0
	403	268	d0d0d0
	310	437	808080
	226	384	d0d0d0
	166		808080
	557	33	d0d0d0
	519	35	808080
	555	159	d0d0d0
	246	395	b0b0b0
		282	
	202	389	808080
	564	157	d0d0d0
	310	118	808080
	357	231	b0b0b0
	187	309	808080
	500	120	d0d0d0
	137	144	808080
	577	391	b0b0b0
	507	319	d0d0d0
	531	411	808080
line	198	0	198	480	002850
	360		360		
	522		522		
	128	117	608	117	
		279		279	
		441		441	005000
rect	547	192	561	206	00488f
triangle	405	215	413	223	00c000
	361	233	373	245	
	397	228	405	236	
	372	224	380	232	
	414	306	422	314	
	389	227	397	235	
	380	230	388	238	
	406	221	416	231	
	379	231	387	239	
	385	229	393	237	
	422	347	430	355	
	359	228	369	238	
rect	442	111	444	113	c00000
line	177	296	192	299	489048
			187	285	
	192	299			204020
draw	0	0	128	480	/pictures/501.png
	608		640		/pictures/512.png
crop	29	159	35	171	0	36	ff0000	/fonts/computer
	35		41		24			
	41		47		56			
	102		108		8		ff7f00	
	108		114		40			
	114		120		0			
line	614	391	614	359	00488f
		359	622		
	622			391	002850
		391	614		
rect	615	360	622	391	003870
line	614	456	614	392	007fff
		392	622		
	622			456	00488f
		456	614		
rect	615	393	622	456	0070e0
line	614	231	614	231	909048
			622		
	622				505028
			614		
	614	328		232	ffff7f
		232	622		
	622			328	909048
		328	614		
rect	615	233	622	328	e0e070
line	614	123	614	103	904848
		103	622		
	622			123	502828
		123	614		
rect	615	104	622	123	703838
line	614	200	614	124	ff7f7f
		124	622		
	622			200	904848
		200	614		
rect	615	125	622	200	e07070
line	618	8	629	8	90488f
			618	9	
	629		629		
	618	36		36	
			618	35	
	629		629		
rect	620	10	628	35	703870
		35			c060c0
	634	49	636	52	007fff
		53		56	0060c0
		57		60	
		61		64	
		65		68	
		69		72	007fff
		73		76	0060c0
		77		80	
		81		84	
		85		88	
		89		92	007fff
		93		96	183018
		97		100	
		101		104	
		105		108	
		109		112	
		113		116	
		117		120	
		121		124	
		125		128	
		129		132	
		133		136	
		137		140	
		141		144	
		145		148	
		149		152	
		153		156	
		157		160	
		161		164	
		165		168	
		169		172	
		173		176	
		177		180	
		181		184	
		185		188	
		189		192	
		193		196	
		197		200	
		201		204	
		205		208	
		209		212	
		213		216	
		217		220	
		221		224	
		225		228	
		229		232	
		233		236	
		237		240	
		241		244	
		245		248	
		249		252	
		253		256	
		257		260	
		261		264	
		265		268	
		269		272	
		273		276	
		277		280	
		281		284	
		285		288	
		289		292	
		293		296	
		297		300	
		301		304	
		305		308	
		309		312	
		313		316	
		317		320	
		321		324	
		325		328	
		329		332	
		333		336	
		337		340	
		341		344	
		345		348	
		349		352	
		353		356	
		357		360	
		361		364	
		365		368	
		369		372	
		373		376	
		377		380	
		381		384	
		385		388	
		389		392	
		393		396	
		397		400	
		401		404	
		405		408	
		409		412	
		413		416	
		417		420	
		421		424	
		425		428	
		429		432	
		433		436	
		437		440	
		441		444	
		445		448	
	621	52	631	56	303000
		57		61	
		62		66	
		67		71	
		72		76	
		77		81	
		82		86	
	7	7	115	115	00ff00
	8	8	114	114	001000
					003000
point	108	51	00e000
	69	60	
	63	59	
	73	78	
	67	59	
	65	60	
	72	58	
	64	60	
	66		
	71	56	
	75	89	
	61	60	
	80	29	
rect	12	320	121	440	001000
crop	15	320	21	332	16	48	00ff00	/fonts/computer
	21		27		40	60		
	27		33		72	48		
	33		39		96			
	39		45		32			
	45		51		0	24		
	51		57		24	60		
	57		63		64	48		
	63		69		72			
	69		75		0	60		
	75		81		24			
line	12	342	119	342	009000
crop	15	332	21	344	96	48	00ff00	/fonts/computer
	21		27		8	72		
	27		33		96			
	33		39		8			
	39		45		112			
	45		51		32			
	51		57		40			
	57		63		0	24		
	63		69		8	48		
	69		75		96	72		
	75		81		0	84		
	81		87		64	72		
	87		93		8			
	15	344	21	356	24	48		
	21		27		16	84		
	27		33		40			
	33		39		72	72		
	39		45		24	84		
	45		51		40	72		
	51		57		16	84		
line	12	367	12	356	009000
		356	120		
	120			367	005000
		367	12		
rect	13	357	120	367	007000
crop	15	356	21	368	56	48	00ff00	/fonts/computer
	21		27		40	84		
	27		33		112	72		
	33		39		24	84		
	39		45		64	72		
	45		51		72			
	51		57		0	84		
	15	368	21	380	8	48		
	21		27		24	84		
	27		33					
	33		39		8	72		
	39		45		40	84		
	45		51		96	72		
	51		57		32	84		
	57		63		0	24		
	63		69		32	60		
	69		75		16	84		
	75		81		8	72		
	81		87		112			
	87		93		24	84		
	93		99		0			
	99		105		120	72		
	105		111		16	84		
	111		117		32			
	15	380	21	392	24	48	009000	
	21		27		8	72		
	27		33		16	84		
	33		39					
	39		45		72	72		
	45		51		40			
	51		57		16	84		
	15	392	21	404	64	48		
	21		27		40	72		
	27		33		8			
	33		39		48	84		
	39		45		72			
	45		51		0	24		
	51		57		32	48		
	57		63		40	72		
	63		69		24	84		
	69		75		32			
	75		81		16			
	81		87		120	72		
	87		93		72	84		
	93		99		40	72		
	99		105		16	84		
	15	404	21	416	32	60	00ff00	
	21		27		16	84		
	27		33		8	72		
	33		39		112			
	39		45		24	84		
	45		51		0			
	51		57		120	72		
	57		63		16	84		
	63		69		32			
line	12	438	119	438	009000
rect	16	450	114	475	001010
line	17	461	17	450	00c0c0
		450	43		
	43			461	007070
		461	17		
rect	18	451	43	461	009090
crop	19	450	25	462	16	60	00ffff	/fonts/computer
	25		31		56	48		
	31		37		64			
	37		43		32	60		
	43		49		0	24		
	49		55		16	48		
	55		61		40	84		
	61		67		72	72		
	67		73		96			
	73		79		32			
line	17	473	17	462	00c0c0
		462	43		
	43			473	007070
		473	17		
rect	18	463	43	473	009090
crop	19	462	25	474	96	48	00ffff	/fonts/computer
	25		31		40			
	31		37		48			
	37		43		32	60		
	43		49		0	24		
	49		55		104	48		
	55		61		8	72		
	61		67		72			
	67		73		112			
	73		79		0	24		
	79		85		104	48		
	85		91		40	72		
	91		97		112			
	97		103		40	84		
line	12	191	12	180	ffff00
		180	120		
	120			191	909000
		191	12		
rect	13	181	120	191	c0c000
crop	15	180	21	192	24	48	000000	/fonts/computer
	21		27		120			
	27		33		112			
	33		39		32	60		
	39		45		16			
	45		51		120	48		
	51		57		96			
	15	192	21	204	8		7fff7f	
	21		27		24	60		
	27		33		96	48		
	33		39		32	60		
	39		45					
	45		51		16			
	51		57		8	48		
	57		63		112			
draw	16	208	34	222	/sprites/559.SMIV/0
line	14	204	35	204	489048
			14	205	
	35		35		
	14	225		225	
			14	224	
	35		35		
rect	42	206	49	206	003870
				224	0060c0
line	40	204	50	204	00488f
			40	205	
	50		50		
	40	225		225	
			40	224	
	50		50		
rect	55	206	62	207	707000
		207		224	c0c000
line	53	204	63	204	909000
			53	205	
	63		63		
	53	225		225	
			53	224	
	63		63		
crop	69	204	75	216	0	60	7fff7f	/fonts/computer
	75		81		88	48		
	81		87		16			
	87		93		40			
	93		99		8			
	99		105		104			
	105		111		0	24		
	111		117		16	36		
	69	216	75	228	24	48		
	75		81		104			
	81		87		72			
	87		93		24	60		
	93		99					
	99		105		72	48		
	105		111		96			
	111		117		40			
	69	192	75	204	8			
	75		81		24	60		
	81		87		96	48		
	87		93		32	60		
	93		99					
	99		105		40	48		
	105		111		8			
	111		117		104			
	12	228	18	240	120		00ff00	
	18		24		40	84		
	24		30		32			
	30		36		0			
	36		42		120	72		
	42		48		24	84		
	48		54		32			
	54		60		0	24		
	60		66		16	36		
line	12	263	12	252	007fff
		252	120		
	120			263	00488f
		263	12		
rect	13	253	120	263	0060c0
crop	15	252	21	264	32	60	000000	/fonts/computer
	21		27		8	48		
	27		33		16	60		
	33		39		56	48		
	39		45		40			
	45		51		32	60		
	15	264	21	276	64	48	7fff7f	
	21		27		48	60		
	27		33		32	48		
	33		39		24	60		
	39		45		32			
	45		51		16			
	51		57		72			
	57		63		16			
draw	16	279	34	295	/sprites/646.SMIV/0
line	14	276	35	276	489048
			14	277	
	35		35		
	14	297		297	
			14	296	
	35		35		
rect	42	278	49	284	003870
		284		296	0060c0
line	40	276	50	276	00488f
			40	277	
	50		50		
	40	297		297	
			40	296	
	50		50		
rect	55	278	62	279	707000
		279		296	c0c000
line	53	276	63	276	909000
			53	277	
	63		63		
	53	297		297	
			53	296	
	63		63		
crop	69	276	75	288	96	48	7fff7f	/fonts/computer
	75		81		16			
	81		87		40			
	87		93		8			
	93		99		104			
	99		105		0	24		
	105		111		8	36		
	69	288	75	300	48	48		
	75		81		40	60		
	81		87		96	48		
	87		93					
	93		99		0	60		
	99		105		96	48		
	105		111		24	60		
	111		117		40	48		
	69	264	75	276	24			
	75		81		104			
	81		87		72			
	87		93		24	60		
	93		99					
	99		105		72	48		
	105		111		96			
	111		117		40			
