line	210	179	210	179	808080
	327	193	327	193	
	569	364	569	364	
	243	288	243	288	d0d0d0
	570	364	570	364	808080
	224	257	224	257	
	322	178	322	178	
	320	220	320	220	
	585	23	585	23	b0b0b0
		133		133	808080
	312	259	312	259	
	490	254	490	254	d0d0d0
	591	13	591	13	b0b0b0
	468	453	468	453	808080
	225	47	225	47	
	398	403	398	403	
	522	90	522	90	
	501	154	501	154	
	484	294	484	294	
	224	241	224	241	
	340	101	340	101	b0b0b0
	497	367	497	367	d0d0d0
	480	57	480	57	b0b0b0
	340	145	340	145	808080
	269	113	269	113	b0b0b0
	301	436	301	436	d0d0d0
	581	15	581	15	808080
	569	105	569	105	
	521	178	521	178	
	295	477	295	477	b0b0b0
	429	303	429	303	
	446	349	446	349	
	141	373	141	373	
	514	149	514	149	d0d0d0
	143	357	143	357	b0b0b0
	476	342	476	342	808080
	437	265	437	265	b0b0b0
	587	135	587	135	
	259	472	259	472	d0d0d0
	210	377	210	377	b0b0b0
	338	59	338	59	
	184	325	184	325	808080
	444	196	444	196	
	255	431	255	431	
	479	21	479	21	b0b0b0
	583	85	583	85	808080
	388	474	388	474	
	421	277	421	277	b0b0b0
	160	423	160	423	d0d0d0
	548	435	548	435	b0b0b0
	402	203	402	203	808080
	268	379	268	379	d0d0d0
	176	335	176	335	b0b0b0
	373	61	373	61	808080
	521	178	521	178	b0b0b0
	217	348	217	348	808080
	141	185	141	185	
	140	356	140	356	
	381	71	381	71	d0d0d0
	266	334	266	334	b0b0b0
	338	71	338	71	
	220	10	220	10	808080
	573	308	573	308	d0d0d0
	184	48	184	48	808080
	402	443	402	443	
	495	411	495	411	
	302	161	302	161	d0d0d0
	176	116	176	116	808080
	146	60	146	60	
	310	10	310	10	b0b0b0
	156	215	156	215	808080
	350	307	350	307	
	339	222	339	222	b0b0b0
	344	234	344	234	
	414	229	414	229	808080
	314	412	314	412	
	149	83	149	83	
	556	16	556	16	b0b0b0
	144	340	144	340	808080
	184	226	184	226	b0b0b0
	183	353	183	353	d0d0d0
	150	354	150	354	808080
	170	182	170	182	
	310	126	310	126	d0d0d0
	254	453	254	453	808080
	394	182	394	182	b0b0b0
	188	56	188	56	808080
	377	182	377	182	d0d0d0
	298	368	298	368	b0b0b0
	552	289	552	289	d0d0d0
	396	376	396	376	b0b0b0
	295	412	295	412	808080
	204	453	204	453	b0b0b0
	378	321	378	321	808080
	387	441	387	441	b0b0b0
	345	379	345	379	808080
	331	236	331	236	b0b0b0
	175	36	175	36	
	601	1	601	1	d0d0d0
	589	380	589	380	
	142	121	142	121	808080
	334	101	334	101	b0b0b0
	210	44	210	44	808080
	376	313	376	313	
	580	279	580	279	d0d0d0
	133	267	133	267	808080
	482	245	482	245	d0d0d0
	349	425	349	425	808080
	306	360	306	360	d0d0d0
	205	372	205	372	808080
	157	239	157	239	d0d0d0
	558	23	558	23	808080
	154	231	154	231	d0d0d0
	306	377	306	377	b0b0b0
		264		264	
	242	377	242	377	808080
	154	279	154	279	b0b0b0
	349	107	349	107	808080
	416	213	416	213	b0b0b0
	226	297	226	297	808080
	579	96	579	96	d0d0d0
	176	133	176	133	808080
	146	51	146	51	
	586	295	586	295	d0d0d0
	570	399	570	399	808080
	170	0	170	480	005000
	362		362		
	554		554		
	128	63	608	63	
		255		255	
		447		447	
rect	405	274	421	290	009000
	304	220	320	236	900000
	355	248	369	262	009000
	365	231	379	245	00488f
	348	264	362	278	009000
	396	366	404	374	0060c0
	489	339	497	347	
	225	173	233	181	
	273	182	281	190	
triangle	364	235	372	243	00c000
rect	471	321	479	329	0060c0
	261	138	269	146	
	440	316	448	324	
	333	118	341	126	
	352	146	360	154	
	280	321	288	329	
	440	345	448	353	
	340	133	348	141	
	467	279	475	287	
	377	174	385	182	
	274	220	282	228	
	436	309	444	317	
	255	226	263	234	
	427	179	435	187	
		320		328	
	441	283	449	291	
	258	238	266	246	
triangle	260	240	264	244	0060c0
rect	468	303	476	311	0060c0
	398	344	406	352	
triangle	400	346	404	350	0060c0
rect	379	315	387	323	0060c0
triangle	381	317	385	321	0060c0
rect	276	214	284	222	0060c0
	318	164	326	172	
	386	178	394	186	
triangle	388	180	392	184	0060c0
rect	398	329	406	337	0060c0
	408	304	416	312	
	312	303	320	311	
	413	285	421	293	
	280	233	288	241	
	251	226	259	234	
	313		321		
	354	289	362	297	
	381	290	389	298	
triangle	362	234	374	246	00c000
	363	236	371	244	
	364		372		
		235		243	
					
					
rect	386	181	394	189	0060c0
	428	271	436	279	
triangle	363	234	373	244	00c000
rect	329	193	337	201	0060c0
plus	350	265	360	275	00c000
rect	377	286	385	294	0060c0
	368	293	376	301	
	373	251	381	259	
	397	211	405	219	
	345	287	353	295	
	326	282	334	290	
	309		317		
	349	264	357	272	
	310	231	318	239	
	356	252	364	260	
triangle	364	235	372	243	00c000
rect	321	277	329	285	0060c0
	318	279	326	287	
	312	243	320	251	
	342	278	350	286	
	346	238	354	246	
	368	221	376	229	
	350	258	358	266	
	356	283	364	291	
	375	241	383	249	
	377	271	385	279	
	320	257	328	265	
	311	252	319	260	
triangle	364	235	372	243	00c000
rect	341	269	349	277	0060c0
	315	246	323	254	
	384	245	392	253	
	328	264	336	272	
	355	254	363	262	
	354	253	362	261	
triangle	352	267	354	269	0060c0
					
rect	410	238	418	246	0060c0
	357	267	365	275	
triangle	351	267	353	269	0060c0
rect	382	234	390	242	0060c0
triangle	365	236	373	244	00c000
rect	354	241	362	249	0060c0
plus	379	261	389	271	00c000
rect	373	275	381	283	0060c0
	363	229	371	237	
	360	279	368	287	
	341	228	349	236	
	353	219	361	227	
	329	269	337	277	
	345	219	353	227	
	360	282	368	290	
		285		293	
	375	238	383	246	
triangle	354	270	356	272	00c000
rect	367	223	375	231	0060c0
	338	233	346	241	
	374	297	382	305	
triangle	363	247	369	253	c00000
rect	369	292	377	300	0060c0
triangle	364	234	374	244	00c000
	371	294	375	298	0060c0
rect	346	205	354	213	0060c0
	367	286	375	294	
	369	236	371	238	c00000
dither	200	50	339	67	003030
tint	204	54	212	66	000000	/font/5000/5a
	211		219			/font/5000/6f
	218		226			
	225		233			/font/5000/6d
	232		240			/font/5000/20
	239		247			/font/5000/74
	246		254			/font/5000/6f
	253		261			/font/5000/20
	260		268			/font/5000/41
	267		275			/font/5000/6c
	274		282			
	281		289			/font/5000/20
	288		296			/font/5000/4f
	295		303			/font/5000/62
	302		310			/font/5000/6a
	309		317			/font/5000/65
	316		324			/font/5000/63
	323		331			/font/5000/74
	330		338			/font/5000/73
	203	53	211	65	00ffff	/font/5000/5a
	210		218			/font/5000/6f
	217		225			
	224		232			/font/5000/6d
	231		239			/font/5000/20
	238		246			/font/5000/74
	245		253			/font/5000/6f
	252		260			/font/5000/20
	259		267			/font/5000/41
	266		274			/font/5000/6c
	273		281			
	280		288			/font/5000/20
	287		295			/font/5000/4f
	294		302			/font/5000/62
	301		309			/font/5000/6a
	308		316			/font/5000/65
	315		323			/font/5000/63
	322		330			/font/5000/74
	329		337			/font/5000/73
dither	355	280	480	297	303000
tint	359	284	367	296	000000	/font/5000/41
	366		374			/font/5000/73
	373		381			
	380		388			/font/5000/61
	387		395			/font/5000/75
	394		402			/font/5000/6c
	401		409			/font/5000/74
	408		416			/font/5000/20
	415		423			/font/5000/54
	422		430			/font/5000/72
	429		437			/font/5000/61
	436		444			/font/5000/6e
	443		451			/font/5000/73
	450		458			/font/5000/70
	457		465			/font/5000/6f
	464		472			/font/5000/72
	471		479			/font/5000/74
	358	283	366	295	ffff00	/font/5000/41
	365		373			/font/5000/73
	372		380			
	379		387			/font/5000/61
	386		394			/font/5000/75
	393		401			/font/5000/6c
	400		408			/font/5000/74
	407		415			/font/5000/20
	414		422			/font/5000/54
	421		429			/font/5000/72
	428		436			/font/5000/61
	435		443			/font/5000/6e
	442		450			/font/5000/73
	449		457			/font/5000/70
	456		464			/font/5000/6f
	463		471			/font/5000/72
	470		478			/font/5000/74
line	169	237	182	245	489048
				230	
	182	245			204020
draw	0	0	128	480	/pictures/501.png
	608		640		/pictures/512.png
tint	29	159	37	172	ff0000	/font/5001/30
	35		43			/font/5001/33
	41		49			/font/5001/38
	102		110		ff7f00	/font/5001/31
	108		116			/font/5001/35
	114		122			/font/5001/30
line	614	391	614	359	00488f
		359	622		
	622			391	002850
		391	614		
rect	615	360	622	391	003870
line	614	456	614	392	007fff
		392	622		
	622			456	00488f
		456	614		
rect	615	393	622	456	0070e0
line	614	231	614	231	909048
			622		
	622				505028
			614		
	614	328		232	ffff7f
		232	622		
	622			328	909048
		328	614		
rect	615	233	622	328	e0e070
line	614	123	614	103	904848
		103	622		
	622			123	502828
		123	614		
rect	615	104	622	123	703838
line	614	200	614	124	ff7f7f
		124	622		
	622			200	904848
		200	614		
rect	615	125	622	200	e07070
line	618	8	629	8	90488f
			618	9	
	629		629		
	618	36		36	
			618	35	
	629		629		
rect	620	10	628	35	703870
		14			c060c0
	634	49	636	52	7fff7f
		53		56	703800
		57		60	
		61		64	
		65		68	
		69		72	904800
		73		76	703800
		77		80	
		81		84	
		85		88	
		89		92	904800
		93		96	183018
		97		100	
		101		104	
		105		108	
		109		112	
		113		116	
		117		120	
		121		124	
		125		128	
		129		132	
		133		136	
		137		140	
		141		144	
		145		148	
		149		152	
		153		156	
		157		160	
		161		164	
		165		168	
		169		172	
		173		176	
		177		180	
		181		184	
		185		188	
		189		192	
		193		196	
		197		200	
		201		204	
		205		208	
		209		212	
		213		216	
		217		220	
		221		224	
		225		228	
		229		232	
		233		236	
		237		240	
		241		244	
		245		248	
		249		252	
		253		256	
		257		260	
		261		264	
		265		268	
		269		272	
		273		276	
		277		280	
		281		284	
		285		288	
		289		292	
		293		296	
		297		300	
		301		304	
		305		308	
		309		312	
		313		316	
		317		320	
		321		324	
		325		328	
		329		332	
		333		336	
		337		340	
		341		344	
		345		348	
		349		352	
		353		356	
		357		360	
		361		364	
		365		368	
		369		372	
		373		376	
		377		380	
		381		384	
		385		388	
		389		392	
		393		396	
		397		400	
		401		404	
		405		408	
		409		412	
		413		416	
		417		420	
		421		424	
		425		428	
		429		432	
		433		436	
		437		440	
		441		444	
		445		448	
	621	52	631	56	303000
		57		61	
		62		66	
		67		71	
		72		76	
		77		81	
		82		86	
	7	7	115	115	00ff00
	8	8	114	114	001000
					003000
point	61	61	00e000
	65	62	
	66	61	
	65	60	
	64	59	
	73	58	
	64		
		60	
	70	58	
	79	71	
	82	57	
	90	24	
rect	12	320	121	440	001000
tint	15	320	23	333	00ff00	/font/5001/42
	21		29			/font/5001/55
	27		35			/font/5001/49
	33		41			/font/5001/4c
	39		47			/font/5001/44
	45		53			/font/5001/20
	51		59			/font/5001/53
	57		65			/font/5001/48
	63		71			/font/5001/49
	69		77			/font/5001/50
	75		83			/font/5001/53
line	12	342	119	342	009000
tint	15	332	23	345	00ff00	/font/5001/4c
	21		29			/font/5001/61
	27		35			/font/5001/6c
	33		41			/font/5001/61
	39		47			/font/5001/6e
	45		53			/font/5001/64
	51		59			/font/5001/65
	57		65			/font/5001/20
	63		71			/font/5001/41
	69		77			/font/5001/6c
	75		83			/font/5001/70
	81		89			/font/5001/68
	87		95			/font/5001/61
	15	344	23	357	009000	/font/5001/43
	21		29			/font/5001/72
	27		35			/font/5001/75
	33		41			/font/5001/69
	39		47			/font/5001/73
	45		53			/font/5001/65
	51		59			/font/5001/72
line	12	367	12	356	009000
		356	120		
	120			367	005000
		367	12		
rect	13	357	120	367	007000
tint	15	356	23	369	003000	/font/5001/47
	21		29			/font/5001/75
	27		35			/font/5001/6e
	33		41			/font/5001/73
	39		47			/font/5001/68
	45		53			/font/5001/69
	51		59			/font/5001/70
	15	368	23	381	009000	/font/5001/41
	21		29			/font/5001/73
	27		35			
	33		41			/font/5001/61
	39		47			/font/5001/75
	45		53			/font/5001/6c
	51		59			/font/5001/74
	57		65			/font/5001/20
	63		71			/font/5001/54
	69		77			/font/5001/72
	75		83			/font/5001/61
	81		89			/font/5001/6e
	87		95			/font/5001/73
	93		101			/font/5001/70
	99		107			/font/5001/6f
	105		113			/font/5001/72
	111		119			/font/5001/74
	15	380	23	393		/font/5001/43
	21		29			/font/5001/61
	27		35			/font/5001/72
	33		41			
	39		47			/font/5001/69
	45		53			/font/5001/65
	51		59			/font/5001/72
	15	392	23	405		/font/5001/48
	21		29			/font/5001/65
	27		35			/font/5001/61
	33		41			/font/5001/76
	39		47			/font/5001/79
	45		53			/font/5001/20
	51		59			/font/5001/44
	57		65			/font/5001/65
	63		71			/font/5001/73
	69		77			/font/5001/74
	75		83			/font/5001/72
	81		89			/font/5001/6f
	87		95			/font/5001/79
	93		101			/font/5001/65
	99		107			/font/5001/72
	15	404	23	417		/font/5001/54
	21		29			/font/5001/72
	27		35			/font/5001/61
	33		41			/font/5001/6e
	39		47			/font/5001/73
	45		53			/font/5001/70
	51		59			/font/5001/6f
	57		65			/font/5001/72
	63		71			/font/5001/74
line	12	438	119	438	009000
rect	16	450	114	475	001010
line	17	461	17	450	00c0c0
		450	43		
	43			461	007070
		461	17		
rect	18	451	43	461	009090
tint	19	450	27	463	00ffff	/font/5001/52
	25		33			/font/5001/47
	31		39			/font/5001/48
	37		45			/font/5001/54
	43		51			/font/5001/20
	49		57			/font/5001/42
	55		63			/font/5001/75
	61		69			/font/5001/69
	67		75			/font/5001/6c
	73		81			/font/5001/64
line	17	473	17	462	00c0c0
		462	43		
	43			473	007070
		473	17		
rect	18	463	43	473	009090
tint	19	462	27	475	00ffff	/font/5001/4c
	25		33			/font/5001/45
	31		39			/font/5001/46
	37		45			/font/5001/54
	43		51			/font/5001/20
	49		57			/font/5001/4d
	55		63			/font/5001/61
	61		69			/font/5001/69
	67		75			/font/5001/6e
	73		81			/font/5001/20
	79		87			/font/5001/4d
	85		93			/font/5001/65
	91		99			/font/5001/6e
	97		105			/font/5001/75
line	12	191	12	180	ffff00
		180	119		
	119			191	909000
		191	12		
rect	13	181	119	191	c0c000
tint	15	180	23	193	000000	/font/5001/43
	21		29			/font/5001/4f
	27		35			/font/5001/4e
	33		41			/font/5001/54
	39		47			/font/5001/52
	45		53			/font/5001/4f
	51		59			/font/5001/4c
	15	192	23	205	7fff7f	/font/5001/41
	21		29			/font/5001/53
	27		35			/font/5001/4c
	33		41			/font/5001/54
	39		47			
	45		53			/font/5001/52
	51		59			/font/5001/41
	57		65			/font/5001/4e
draw	16	208	34	222	/sprites/559.SMIV/0
line	14	204	35	204	489048
			14	205	
	35		35		
	14	225		225	
			14	224	
	35		35		
rect	42	206	49	206	003870
				224	0060c0
line	40	204	50	204	00488f
			40	205	
	50		50		
	40	225		225	
			40	224	
	50		50		
rect	55	206	62	207	707000
		207		224	c0c000
line	53	204	63	204	909000
			53	205	
	63		63		
	53	225		225	
			53	224	
	63		63		
tint	69	204	77	217	7fff7f	/font/5001/50
	75		83			/font/5001/4b
	81		89			/font/5001/42
	87		95			/font/5001/45
	93		101			/font/5001/41
	99		107			/font/5001/4d
	105		113			/font/5001/20
	111		119			/font/5001/32
	69	216	77	229		/font/5001/43
	75		83			/font/5001/4d
	81		89			/font/5001/49
	87		95			/font/5001/53
	93		101			
	99		107			/font/5001/49
	105		113			/font/5001/4c
	111		119			/font/5001/45
	69	192	77	205		/font/5001/41
	75		83			/font/5001/53
	81		89			/font/5001/4c
	87		95			/font/5001/54
	93		101			
	99		107			/font/5001/45
	105		113			/font/5001/41
	111		119			/font/5001/4d
	12	228	20	241	00ff00	/font/5001/4f
	18		26			/font/5001/75
	24		32			/font/5001/74
	30		38			/font/5001/70
	36		44			/font/5001/6f
	42		50			/font/5001/73
	48		56			/font/5001/74
	54		62			/font/5001/20
	60		68			/font/5001/32
line	12	263	12	252	007fff
		252	119		
	119			263	00488f
		263	12		
rect	13	253	119	263	0060c0
tint	15	252	23	265	000000	/font/5001/54
	21		29			/font/5001/41
	27		35			/font/5001/52
	33		41			/font/5001/47
	39		47			/font/5001/45
	45		53			/font/5001/54
	15	264	23	277	7fff7f	/font/5001/48
	21		29			/font/5001/56
	27		35			/font/5001/44
	33		41			/font/5001/53
	39		47			/font/5001/54
	45		53			/font/5001/52
	51		59			/font/5001/59
	57		65			/font/5001/52
draw	16	279	34	295	/sprites/646.SMIV/0
line	14	276	35	276	489048
			14	277	
	35		35		
	14	297		297	
			14	296	
	35		35		
rect	42	278	49	284	003870
		284		296	0060c0
line	40	276	50	276	00488f
			40	277	
	50		50		
	40	297		297	
			40	296	
	50		50		
rect	55	278	62	279	707000
		279		296	c0c000
line	53	276	63	276	909000
			53	277	
	63		63		
	53	297		297	
			53	296	
	63		63		
tint	69	276	77	289	7fff7f	/font/5001/4c
	75		83			/font/5001/42
	81		89			/font/5001/45
	87		95			/font/5001/41
	93		101			/font/5001/4d
	99		107			/font/5001/20
	105		113			/font/5001/31
	69	288	77	301		/font/5001/46
	75		83			/font/5001/55
	81		89			/font/5001/4c
	87		95			
	93		101			/font/5001/50
	99		107			/font/5001/4c
	105		113			/font/5001/53
	111		119			/font/5001/45
	69	264	77	277		/font/5001/43
	75		83			/font/5001/4d
	81		89			/font/5001/49
	87		95			/font/5001/53
	93		101			
	99		107			/font/5001/49
	105		113			/font/5001/4c
	111		119			/font/5001/45
