point	187	474	b0b0b0
	275	371	d0d0d0
	407	114	808080
	316	321	b0b0b0
	408	114	808080
	481		d0d0d0
	159	53	808080
	350	14	b0b0b0
	381	244	808080
	428	388	d0d0d0
	138	262	b0b0b0
	248	238	d0d0d0
	358	218	
	307	203	808080
	524	261	
	237	154	
	309	243	b0b0b0
	279	339	
	322	44	808080
	550	264	b0b0b0
	375	330	d0d0d0
	269	411	808080
	378	290	d0d0d0
	453	76	b0b0b0
	194	158	d0d0d0
	607	32	808080
	302	246	
	175	30	b0b0b0
	291	375	
	557	215	808080
	522	356	
	149	338	
	143	283	d0d0d0
	527	425	b0b0b0
	562	4	
	314	92	808080
	356	405	
	324	242	b0b0b0
	416	391	d0d0d0
	446	208	b0b0b0
	527	244	
	449	332	
	219	461	d0d0d0
	146	367	b0b0b0
	545	276	808080
	179	389	d0d0d0
	226	224	808080
	201	116	d0d0d0
	461	39	808080
	305	60	b0b0b0
	319	433	808080
	265	417	
	291	403	b0b0b0
	305	344	
	346	286	
	535	268	808080
	600	169	d0d0d0
	200	457	808080
	582	414	b0b0b0
	496	231	
	307	178	
	328	75	d0d0d0
	243	291	
	131	320	808080
	241	193	
	333	161	
	236	294	d0d0d0
	185	347	808080
	401	291	
	544	187	b0b0b0
	488	64	808080
	188	57	
	315	281	d0d0d0
	524	197	808080
	479	439	d0d0d0
	370	461	808080
	505	154	
	314	0	d0d0d0
	390	70	b0b0b0
	143	48	808080
	405	303	b0b0b0
	559	291	
	487	121	808080
	159	410	d0d0d0
	556	95	b0b0b0
	213	229	d0d0d0
	153	71	b0b0b0
	383	241	
	442	473	808080
	531	142	b0b0b0
	179	478	
	139	427	d0d0d0
	189	473	
	216	71	808080
	138	239	
	184	129	
	297	454	
	185	424	b0b0b0
	295	229	808080
	579	421	
	387	69	b0b0b0
	223	119	d0d0d0
	180	307	b0b0b0
	215	63	808080
	589	259	
	142	390	b0b0b0
	464	355	d0d0d0
	188	175	808080
	463	408	
	523	345	
	353	365	d0d0d0
	598	13	808080
	384	57	b0b0b0
	259	3	d0d0d0
	251	370	b0b0b0
	538	355	
	464	1	808080
	516	354	
	436	148	d0d0d0
	249	4	
	225	274	808080
	398	247	d0d0d0
	555	211	b0b0b0
	231	327	
	408	150	808080
line	172	0	172	480	005000
	502		502		002850
	128	325	608	325	005000
	234	340	233	338	7f7fff
rect	165	318	179	332	009000
triangle	287	266	295	274	00c000
	361	233	373	245	
	308	341	316	349	
	215	316	223	324	
	288	5	296	13	
	381	110	389	118	
	398	153	406	161	
	293	259	303	269	
	279	317	287	325	
	236	322	244	330	
	282	267	290	275	
	234	370	240	376	c00000
	282	254	292	264	00c000
rect	236	345	238	347	00ff00
	252	336	254	338	
	261	347	263	349	
	234	336	236	338	
	176	326	178	328	
	227	329	229	331	
	178	328	180	330	
line	247	398	261	392	489048
			248	383	
	261	392			204020
draw	0	0	128	480	/pictures/501.png
	608		640		/pictures/512.png
tint	29	159	37	172	ff0000	/font/5001/30
	35		43			/font/5001/33
	41		49			/font/5001/38
	102		110		ff7f00	/font/5001/31
	108		116			/font/5001/35
	114		122			/font/5001/30
line	614	391	614	359	00488f
		359	622		
	622			391	002850
		391	614		
rect	615	360	622	391	003870
line	614	456	614	392	007fff
		392	622		
	622			456	00488f
		456	614		
rect	615	393	622	456	0070e0
line	614	236	614	231	909048
		231	622		
	622			236	505028
		236	614		
rect	615	232	622	236	707038
line	614	328	614	237	ffff7f
		237	622		
	622			328	909048
		328	614		
rect	615	238	622	328	e0e070
line	614	122	614	103	904848
		103	622		
	622			122	502828
		122	614		
rect	615	104	622	122	703838
line	614	200	614	123	ff7f7f
		123	622		
	622			200	904848
		200	614		
rect	615	124	622	200	e07070
line	618	8	629	8	90488f
			618	9	
	629		629		
	618	36		36	
			618	35	
	629		629		
rect	620	10	628	35	703870
		35			c060c0
	634	49	636	52	7fff7f
		53		56	60c060
		57		60	
		61		64	
		65		68	703800
		69		72	904800
		73		76	703800
		77		80	
		81		84	
		85		88	
		89		92	904800
		93		96	183018
		97		100	
		101		104	
		105		108	
		109		112	
		113		116	
		117		120	
		121		124	
		125		128	
		129		132	
		133		136	
		137		140	
		141		144	
		145		148	
		149		152	
		153		156	
		157		160	
		161		164	
		165		168	
		169		172	
		173		176	
		177		180	
		181		184	
		185		188	
		189		192	
		193		196	
		197		200	
		201		204	
		205		208	
		209		212	
		213		216	
		217		220	
		221		224	
		225		228	
		229		232	
		233		236	
		237		240	
		241		244	
		245		248	
		249		252	
		253		256	
		257		260	
		261		264	
		265		268	
		269		272	
		273		276	
		277		280	
		281		284	
		285		288	
		289		292	
		293		296	
		297		300	
		301		304	
		305		308	
		309		312	
		313		316	
		317		320	
		321		324	
		325		328	
		329		332	
		333		336	
		337		340	
		341		344	
		345		348	
		349		352	
		353		356	
		357		360	
		361		364	
		365		368	
		369		372	
		373		376	
		377		380	
		381		384	
		385		388	
		389		392	
		393		396	
		397		400	
		401		404	
		405		408	
		409		412	
		413		416	
		417		420	
		421		424	
		425		428	
		429		432	
		433		436	
		437		440	
		441		444	
		445		448	
	621	52	631	56	303000
		57		61	
		62		66	
		67		71	
		72		76	
		77		81	
		82		86	
	7	7	115	115	00ff00
	8	8	114	114	001000
	32	32	90	90	003000
point	37	71	00e000
	55	74	
	43	71	
	52	33	
	63	46	
	65	51	
	53	64	
	51	71	
	46		
	52	64	
	51		
	45	74	
		77	
	52	63	
	47	73	
	45		
	38	71	
	44	72	
	45	73	
	38	72	
	48	74	
rect	12	320	121	440	001000
tint	15	320	23	333	00ff00	/font/5001/42
	21		29			/font/5001/55
	27		35			/font/5001/49
	33		41			/font/5001/4c
	39		47			/font/5001/44
	45		53			/font/5001/20
	51		59			/font/5001/53
	57		65			/font/5001/48
	63		71			/font/5001/49
	69		77			/font/5001/50
	75		83			/font/5001/53
line	12	342	119	342	009000
tint	15	332	23	345	00ff00	/font/5001/4c
	21		29			/font/5001/61
	27		35			/font/5001/6c
	33		41			/font/5001/61
	39		47			/font/5001/6e
	45		53			/font/5001/64
	51		59			/font/5001/65
	57		65			/font/5001/20
	63		71			/font/5001/41
	69		77			/font/5001/6c
	75		83			/font/5001/70
	81		89			/font/5001/68
	87		95			/font/5001/61
	15	344	23	357	009000	/font/5001/43
	21		29			/font/5001/72
	27		35			/font/5001/75
	33		41			/font/5001/69
	39		47			/font/5001/73
	45		53			/font/5001/65
	51		59			/font/5001/72
line	12	367	12	356	009000
		356	120		
	120			367	005000
		367	12		
rect	13	357	120	367	007000
tint	15	356	23	369	003000	/font/5001/47
	21		29			/font/5001/75
	27		35			/font/5001/6e
	33		41			/font/5001/73
	39		47			/font/5001/68
	45		53			/font/5001/69
	51		59			/font/5001/70
	15	368	23	381	009000	/font/5001/41
	21		29			/font/5001/73
	27		35			
	33		41			/font/5001/61
	39		47			/font/5001/75
	45		53			/font/5001/6c
	51		59			/font/5001/74
	57		65			/font/5001/20
	63		71			/font/5001/54
	69		77			/font/5001/72
	75		83			/font/5001/61
	81		89			/font/5001/6e
	87		95			/font/5001/73
	93		101			/font/5001/70
	99		107			/font/5001/6f
	105		113			/font/5001/72
	111		119			/font/5001/74
	15	380	23	393		/font/5001/43
	21		29			/font/5001/61
	27		35			/font/5001/72
	33		41			
	39		47			/font/5001/69
	45		53			/font/5001/65
	51		59			/font/5001/72
	15	392	23	405		/font/5001/48
	21		29			/font/5001/65
	27		35			/font/5001/61
	33		41			/font/5001/76
	39		47			/font/5001/79
	45		53			/font/5001/20
	51		59			/font/5001/44
	57		65			/font/5001/65
	63		71			/font/5001/73
	69		77			/font/5001/74
	75		83			/font/5001/72
	81		89			/font/5001/6f
	87		95			/font/5001/79
	93		101			/font/5001/65
	99		107			/font/5001/72
	15	404	23	417	00ff00	/font/5001/54
	21		29			/font/5001/72
	27		35			/font/5001/61
	33		41			/font/5001/6e
	39		47			/font/5001/73
	45		53			/font/5001/70
	51		59			/font/5001/6f
	57		65			/font/5001/72
	63		71			/font/5001/74
line	12	438	119	438	009000
rect	16	450	114	475	001010
line	17	461	17	450	00c0c0
		450	43		
	43			461	007070
		461	17		
rect	18	451	43	461	009090
tint	19	450	27	463	00ffff	/font/5001/52
	25		33			/font/5001/47
	31		39			/font/5001/48
	37		45			/font/5001/54
	43		51			/font/5001/20
	49		57			/font/5001/42
	55		63			/font/5001/75
	61		69			/font/5001/69
	67		75			/font/5001/6c
	73		81			/font/5001/64
line	17	473	17	462	00c0c0
		462	43		
	43			473	007070
		473	17		
rect	18	463	43	473	009090
tint	19	462	27	475	00ffff	/font/5001/4c
	25		33			/font/5001/45
	31		39			/font/5001/46
	37		45			/font/5001/54
	43		51			/font/5001/20
	49		57			/font/5001/4d
	55		63			/font/5001/61
	61		69			/font/5001/69
	67		75			/font/5001/6e
	73		81			/font/5001/20
	79		87			/font/5001/4d
	85		93			/font/5001/65
	91		99			/font/5001/6e
	97		105			/font/5001/75
rect	12	180	120	192	000000
line	12	191	12	180	ffff00
		180	119		
	119			191	909000
		191	12		
rect	13	181	119	191	c0c000
tint	15	180	23	193	000000	/font/5001/43
	21		29			/font/5001/4f
	27		35			/font/5001/4e
	33		41			/font/5001/54
	39		47			/font/5001/52
	45		53			/font/5001/4f
	51		59			/font/5001/4c
rect	12	192	120	204	000000
tint	15	192	23	205	7fff7f	/font/5001/41
	21		29			/font/5001/53
	27		35			/font/5001/4c
	33		41			/font/5001/54
	39		47			
	45		53			/font/5001/52
	51		59			/font/5001/41
	57		65			/font/5001/4e
rect	14	204	36	226	000000
draw	16	208	34	222	/sprites/559.SMIV/0
line	14	204	35	204	489048
			14	205	
	35		35		
	14	225		225	
			14	224	
	35		35		
rect	40	204	51	226	000000
	42	206	49	206	003870
				224	0060c0
line	40	204	50	204	00488f
			40	205	
	50		50		
	40	225		225	
			40	224	
	50		50		
rect	53	204	64	226	000000
	55	206	62	207	707000
		207		224	c0c000
line	53	204	63	204	909000
			53	205	
	63		63		
	53	225		225	
			53	224	
	63		63		
rect	69	204	120	216	000000
tint	69	204	77	217	7fff7f	/font/5001/50
	75		83			/font/5001/4b
	81		89			/font/5001/42
	87		95			/font/5001/45
	93		101			/font/5001/41
	99		107			/font/5001/4d
	105		113			/font/5001/20
	111		119			/font/5001/32
rect	69	216	120	228	000000
tint	69	216	77	229	7fff7f	/font/5001/43
	75		83			/font/5001/4d
	81		89			/font/5001/49
	87		95			/font/5001/53
	93		101			
	99		107			/font/5001/49
	105		113			/font/5001/4c
	111		119			/font/5001/45
rect	69	192	120	204	000000
tint	69	192	77	205	7fff7f	/font/5001/41
	75		83			/font/5001/53
	81		89			/font/5001/4c
	87		95			/font/5001/54
	93		101			
	99		107			/font/5001/45
	105		113			/font/5001/41
	111		119			/font/5001/4d
rect	12	228	120	240	000000
tint	12	228	20	241	00ff00	/font/5001/4f
	18		26			/font/5001/75
	24		32			/font/5001/74
	30		38			/font/5001/70
	36		44			/font/5001/6f
	42		50			/font/5001/73
	48		56			/font/5001/74
	54		62			/font/5001/20
	60		68			/font/5001/32
rect	12	252	120	264	000000
line	12	263	12	252	007fff
		252	119		
	119			263	00488f
		263	12		
rect	13	253	119	263	0060c0
tint	15	252	23	265	000000	/font/5001/54
	21		29			/font/5001/41
	27		35			/font/5001/52
	33		41			/font/5001/47
	39		47			/font/5001/45
	45		53			/font/5001/54
rect	12	264	120	276	000000
tint	15	264	23	277	7fff7f	/font/5001/48
	21		29			/font/5001/56
	27		35			/font/5001/44
	33		41			/font/5001/53
	39		47			/font/5001/54
	45		53			/font/5001/52
	51		59			/font/5001/59
	57		65			/font/5001/52
rect	14	276	36	298	000000
draw	16	279	34	295	/sprites/646.SMIV/0
line	14	276	35	276	489048
			14	277	
	35		35		
	14	297		297	
			14	296	
	35		35		
rect	40	276	51	298	000000
	42	278	49	284	003870
		284		296	0060c0
line	40	276	50	276	00488f
			40	277	
	50		50		
	40	297		297	
			40	296	
	50		50		
rect	53	276	64	298	000000
	55	278	62	280	707000
		280		296	c0c000
line	53	276	63	276	909000
			53	277	
	63		63		
	53	297		297	
			53	296	
	63		63		
rect	69	276	120	288	000000
tint	69	276	77	289	7fff7f	/font/5001/4c
	75		83			/font/5001/42
	81		89			/font/5001/45
	87		95			/font/5001/41
	93		101			/font/5001/4d
	99		107			/font/5001/20
	105		113			/font/5001/31
rect	69	288	120	300	000000
tint	69	288	77	301	7fff7f	/font/5001/46
	75		83			/font/5001/55
	81		89			/font/5001/4c
	87		95			
	93		101			/font/5001/50
	99		107			/font/5001/4c
	105		113			/font/5001/53
	111		119			/font/5001/45
rect	69	264	120	276	000000
tint	69	264	77	277	7fff7f	/font/5001/43
	75		83			/font/5001/4d
	81		89			/font/5001/49
	87		95			/font/5001/53
	93		101			
	99		107			/font/5001/49
	105		113			/font/5001/4c
	111		119			/font/5001/45
rect	12	300	120	312	000000
