line	492	19	492	19	b0b0b0
	228	201	228	201	d0d0d0
	445	399	445	399	
	136	268	136	268	808080
	545	316	545	316	
	405	232	405	232	
	572	229	572	229	
	237	356	237	356	d0d0d0
	596	367	596	367	
	375	376	375	376	b0b0b0
	264	351	264	351	808080
	164	1	164	1	b0b0b0
	148	92	148	92	d0d0d0
	481	380	481	380	808080
	352	343	351	343	d0d0d0
	353	258	353	258	b0b0b0
	136	260	136	260	d0d0d0
	585	49	585	49	b0b0b0
	505	133	505	133	
	177	68	177	68	808080
	216	108	215	108	
	472		472		
	259	476	259	476	
	516	334	516	334	
	438	252	438	252	
	554	186	554	186	d0d0d0
	546	398	545	398	b0b0b0
	417	54	417	54	
	597	173	597	173	
	209	202	208	202	
	449	92	449	92	d0d0d0
	351	36	351	36	808080
	278	432	278	432	
	486	364	486	364	b0b0b0
	177	211	177	211	
	358	188	358	188	
	559	102	559	102	808080
	214	450	214	450	b0b0b0
	407	455	407	455	808080
	587	90	587	90	b0b0b0
	481	275	481	275	808080
	225	209	225	209	
	395	433	395	433	
	443	366	443	366	d0d0d0
	542	286	542	286	
	562	451	562	451	808080
	225	328	225	328	d0d0d0
	586	471	586	471	b0b0b0
	325	215	325	215	808080
	590	423	590	423	b0b0b0
	522	130	522	130	808080
	468	114	468	114	
	600	307	600	307	
	131	27	131	27	b0b0b0
	185	204	185	204	d0d0d0
	258	49	258	49	808080
	375	399	375	399	
	403	155	403	155	
	502	355	502	355	
	348	295	348	295	
	276	210	276	210	b0b0b0
	459	80	459	80	
	353	433	353	433	
	333	17	333	17	808080
	239	264	239	264	d0d0d0
	535	269	535	269	b0b0b0
	154	279	154	279	
	388	44	388	44	808080
	355	382	355	382	
	545	472	545	472	d0d0d0
	232	4	232	4	
	605	269	605	269	808080
	451	260	451	260	b0b0b0
	570	129	570	129	d0d0d0
	405	259	405	259	808080
	573	158	573	158	
	531	478	531	478	
	449	24	449	24	b0b0b0
	397	222	397	222	808080
	578	449	578	449	
	321	440	321	440	d0d0d0
	298	152	298	152	808080
	412	440	412	440	
	388	285	388	285	d0d0d0
	523	257	523	257	
	134	412	134	412	808080
	586	223	586	223	
	181	34	181	34	
	265	299	265	299	b0b0b0
	192	415	192	415	808080
	485	23	484	23	b0b0b0
	261	346	261	346	
	597	162	597	162	d0d0d0
	464	132	464	132	b0b0b0
	282	416	282	416	808080
	408	221	408	221	b0b0b0
	499	151	499	151	808080
	534	440	534	440	d0d0d0
	167	450	167	450	808080
	262	226	262	226	b0b0b0
	267	261	267	261	d0d0d0
	245	470	245	470	
	522	333	522	333	b0b0b0
	331	346	331	346	
	372	247	372	247	808080
	268	436	268	436	
	549	403	549	403	
	312	291	312	291	b0b0b0
	407	312	407	312	
	246	214	246	214	808080
	562	398	562	398	
	346	318	346	318	
	312	248	311	248	b0b0b0
	568	475	568	475	808080
	545	370	545	370	d0d0d0
	287	221	287	222	
	597	34	597	34	b0b0b0
	523	46	523	46	d0d0d0
	269	265	269	265	808080
	264	400	264	400	b0b0b0
	422	438	422	438	
	502	224	502	224	
	207	133	207	133	
	533	312	533	312	d0d0d0
	299	257	299	257	808080
	194	0	194	480	005000
	386		386		
	578		578		
	128	29	608	29	
		221		221	
		413		413	
tint	429	240	445	256	009000	/x/square/8
	328	187	344	203	900000	
	379	214	393	228	009000	/x/square/7
	389	198	403	212	00488f	
	372	230	386	244		
	424	344	432	352	0060c0	/x/square/4
	524	316	532	324		
	238	130	246	138		
	289	140	297	148		
	364	233	372	241	00c000	/x/triangle/4
	504	297	512	305	0060c0	/x/square/4
	276	92	284	100		
	472	291	480	299		
	353	71	361	79		
	373	101	381	109		
	299	298	307	306		
	471	324	479	332		
	360	86	368	94		
	500	252	508	260		
	401	130	409	138		
	289	179	297	187		
	467	284	475	292		
	269	187	277	195		
	455	135	463	143		
	458	297	466	305		
	474	257	482	265		
	271	199	279	207		
	273	201	277	205		/x/triangle/2
	504	279	512	287		/x/square/4
	426	324	434	332		
	428	326	432	330		/x/triangle/2
	406	292	414	300		/x/square/4
	408	294	412	298		/x/triangle/2
	290	172	298	180		/x/square/4
	336	117	344	125		
	410	133	418	141		
	412	135	416	139		/x/triangle/2
	427	308	435	316		/x/square/4
	439	280	447	288		
	332	281	340	289		
	443	260	451	268		
	293	193	301	201		
	262	186	270	194		
	343	196	351	204		
	369	246	377	254		
	410	266	418	274		
	362	234	374	246	00c000	/x/triangle/6
	365	235	373	243		/x/triangle/4
	364	229	372	237		
		230		238		
	367	223	375	231		
						
	411	134	419	142	0060c0	/x/square/4
	331	190	341	200	c00000	/x/triangle/5
	462	246	470	254	0060c0	/x/square/4
	363	232	373	242	00c000	/x/triangle/5
	331	190	339	198	c00000	/x/triangle/4
	347	148	355	156	0060c0	/x/square/4
	406	266	414	274		
	395	274	403	282		
	398	206	406	214		
	424	166	432	174		
	370	265	378	273		
	346	260	354	268		
	327	259	335	267		
	366	232	374	240		
	347	206	355	214	c00000	/x/triangle/4
	325	189	333	197	0060c0	/x/square/4
	381	230	389	238		
	364	233	372	241	00c000	/x/triangle/4
	341	254	349	262	0060c0	/x/square/4
	338	256	346	264		
	386	258	394	266		
	327	200	335	208		
	365	256	373	264		
	368	216	376	224		
	392	175	400	183		
	376	237	384	245		
	381	264	389	272		
	401	193	409	201		
	407	249	415	257		
	332	215	340	223		
	326	210	334	218		
	364	233	372	241	00c000	/x/triangle/4
	356	226	364	234	0060c0	/x/square/4
	328	203	336	211		
	411	198	419	206		
	342	224	350	232		
	380	233	388	241		
	373	208	381	216		
	369	235	371	237		/x/triangle/1
	445	211	453	219		/x/square/4
	375	224	383	232		
	370	235	372	237		/x/triangle/1
	418	209	426	217		/x/square/4
	364	233	372	241	00c000	/x/triangle/4
	380	219	388	227	0060c0	/x/square/4
	393	223	403	233	00c000	/x/plus/5
	399	230	407	238	0060c0	/x/square/4
	394	207	402	215		
	375	235	383	243		
	366	206	374	214		
	377	198	385	206		
	341	229	349	237		
	366	198	374	206		
	378	236	386	244		
	376	242	384	250		
	407	214	415	222		
	396	256	404	264		
	398	199	406	207		
	359	212	367	220		
	392	253	400	261		
	363	232	373	242	00c000	/x/triangle/5
	394	244	402	252	0060c0	/x/square/4
	363	232	373	242	00c000	/x/triangle/5
	396	246	400	250	0060c0	/x/triangle/2
	367	183	375	191		/x/square/4
	382	243	390	251		
	398	259	402	263		/x/triangle/2
	365	182	373	190		/x/square/4
	361	185	369	193		
	389	266	397	274		
	367	175	375	183		
	371	177	379	185		
	373	173	381	181		
	378	236	380	238	00c000	/x/square/1
						
dither	200	451	514	468	300000
tint	204	455	212	467	000000	/font/5000/20
	211		219			/font/5000/41
	218		226			/font/5000/73
	225		233			
	232		240			/font/5000/61
	239		247			/font/5000/75
	246		254			/font/5000/6c
	253		261			/font/5000/74
	260		268			/font/5000/20
	267		275			/font/5000/54
	274		282			/font/5000/72
	281		289			/font/5000/61
	288		296			/font/5000/6e
	295		303			/font/5000/73
	302		310			/font/5000/70
	309		317			/font/5000/6f
	316		324			/font/5000/72
	323		331			/font/5000/74
	330		338			/font/5000/20
	337		345			/font/5000/64
	344		352			/font/5000/65
	351		359			/font/5000/73
	358		366			/font/5000/74
	365		373			/font/5000/72
	372		380			/font/5000/6f
	379		387			/font/5000/79
	386		394			/font/5000/65
	393		401			/font/5000/64
	400		408			/font/5000/2e
	407		415			/font/5000/20
	414		422			
	421		429			/font/5000/30
	428		436			/font/5000/20
	435		443			/font/5000/72
	442		450			/font/5000/65
	449		457			/font/5000/6d
	456		464			/font/5000/61
	463		471			/font/5000/69
	470		478			/font/5000/6e
	477		485			/font/5000/69
	484		492			/font/5000/6e
	491		499			/font/5000/67
	498		506			/font/5000/2e
	505		513			/font/5000/20
	203	454	211	466	ff0000	
	210		218			/font/5000/41
	217		225			/font/5000/73
	224		232			
	231		239			/font/5000/61
	238		246			/font/5000/75
	245		253			/font/5000/6c
	252		260			/font/5000/74
	259		267			/font/5000/20
	266		274			/font/5000/54
	273		281			/font/5000/72
	280		288			/font/5000/61
	287		295			/font/5000/6e
	294		302			/font/5000/73
	301		309			/font/5000/70
	308		316			/font/5000/6f
	315		323			/font/5000/72
	322		330			/font/5000/74
	329		337			/font/5000/20
	336		344			/font/5000/64
	343		351			/font/5000/65
	350		358			/font/5000/73
	357		365			/font/5000/74
	364		372			/font/5000/72
	371		379			/font/5000/6f
	378		386			/font/5000/79
	385		393			/font/5000/65
	392		400			/font/5000/64
	399		407			/font/5000/2e
	406		414			/font/5000/20
	413		421			
	420		428			/font/5000/30
	427		435			/font/5000/20
	434		442			/font/5000/72
	441		449			/font/5000/65
	448		456			/font/5000/6d
	455		463			/font/5000/61
	462		470			/font/5000/69
	469		477			/font/5000/6e
	476		484			/font/5000/69
	483		491			/font/5000/6e
	490		498			/font/5000/67
	497		505			/font/5000/2e
	504		512			/font/5000/20
line	172	271	186	276	489048
			184	261	
	186	276			204020
draw	0	0	128	480	/pictures/501.png
	608		640		/pictures/512.png
tint	29	159	37	172	ff0000	/font/5001/30
	35		43			/font/5001/34
	41		49			/font/5001/30
	102		110		ff7f00	/font/5001/31
	108		116			/font/5001/35
	114		122			/font/5001/30
line	614	391	614	359	00488f
		359	622		
	622			391	002850
		391	614		
rect	615	360	622	391	003870
line	614	456	614	392	007fff
		392	622		
	622			456	00488f
		456	614		
rect	615	393	622	456	0070e0
line	614	246	614	231	909048
		231	622		
	622			246	505028
		246	614		
rect	615	232	622	246	707038
line	614	328	614	247	ffff7f
		247	622		
	622			328	909048
		328	614		
rect	615	248	622	328	e0e070
line	614	125	614	103	904848
		103	622		
	622			125	502828
		125	614		
rect	615	104	622	125	703838
line	614	200	614	126	ff7f7f
		126	622		
	622			200	904848
		200	614		
rect	615	127	622	200	e07070
line	618	8	629	8	90488f
			618	9	
	629		629		
	618	36		36	
			618	35	
	629		629		
rect	620	10	628	35	703870
		35			c060c0
	634	49	636	52	7fff7f
		53		56	60c060
		57		60	
		61		64	
		65		68	
		69		72	7fff7f
		73		76	60c060
		77		80	0060c0
		81		84	
		85		88	
		89		92	007fff
		93		96	183018
		97		100	
		101		104	
		105		108	
		109		112	
		113		116	
		117		120	
		121		124	
		125		128	
		129		132	
		133		136	
		137		140	
		141		144	
		145		148	
		149		152	
		153		156	
		157		160	
		161		164	
		165		168	
		169		172	
		173		176	
		177		180	
		181		184	
		185		188	
		189		192	
		193		196	
		197		200	
		201		204	
		205		208	
		209		212	
		213		216	
		217		220	
		221		224	
		225		228	
		229		232	
		233		236	
		237		240	
		241		244	
		245		248	
		249		252	
		253		256	
		257		260	
		261		264	
		265		268	
		269		272	
		273		276	
		277		280	
		281		284	
		285		288	
		289		292	
		293		296	
		297		300	
		301		304	
		305		308	
		309		312	
		313		316	
		317		320	
		321		324	
		325		328	
		329		332	
		333		336	
		337		340	
		341		344	
		345		348	
		349		352	
		353		356	
		357		360	
		361		364	
		365		368	
		369		372	
		373		376	
		377		380	
		381		384	
		385		388	
		389		392	
		393		396	
		397		400	
		401		404	
		405		408	
		409		412	
		413		416	
		417		420	
		421		424	
		425		428	
		429		432	
		433		436	
		437		440	
		441		444	
		445		448	
	621	52	631	56	303000
		57		61	
		62		66	
		67		71	
		72		76	
		77		81	
		82		86	
	7	7	115	115	00ff00
	8	8	114	114	001000
					003000
point	73	59	00e000
	71	30	
	97	17	
	71	33	
			
	98	17	
	71	33	
		31	
		30	
	70	29	
rect	12	320	121	440	001000
tint	15	320	23	333	00ff00	/font/5001/42
	21		29			/font/5001/55
	27		35			/font/5001/49
	33		41			/font/5001/4c
	39		47			/font/5001/44
	45		53			/font/5001/20
	51		59			/font/5001/53
	57		65			/font/5001/48
	63		71			/font/5001/49
	69		77			/font/5001/50
	75		83			/font/5001/53
line	12	342	119	342	009000
tint	15	332	23	345	00ff00	/font/5001/4c
	21		29			/font/5001/61
	27		35			/font/5001/6c
	33		41			/font/5001/61
	39		47			/font/5001/6e
	45		53			/font/5001/64
	51		59			/font/5001/65
	57		65			/font/5001/20
	63		71			/font/5001/41
	69		77			/font/5001/6c
	75		83			/font/5001/70
	81		89			/font/5001/68
	87		95			/font/5001/61
	15	344	23	357		/font/5001/43
	21		29			/font/5001/72
	27		35			/font/5001/75
	33		41			/font/5001/69
	39		47			/font/5001/73
	45		53			/font/5001/65
	51		59			/font/5001/72
	15	356	23	369		/font/5001/47
	21		29			/font/5001/75
	27		35			/font/5001/6e
	33		41			/font/5001/73
	39		47			/font/5001/68
	45		53			/font/5001/69
	51		59			/font/5001/70
	15	368	23	381		/font/5001/41
	21		29			/font/5001/73
	27		35			
	33		41			/font/5001/61
	39		47			/font/5001/75
	45		53			/font/5001/6c
	51		59			/font/5001/74
	57		65			/font/5001/20
	63		71			/font/5001/54
	69		77			/font/5001/72
	75		83			/font/5001/61
	81		89			/font/5001/6e
	87		95			/font/5001/73
	93		101			/font/5001/70
	99		107			/font/5001/6f
	105		113			/font/5001/72
	111		119			/font/5001/74
	15	380	23	393	009000	/font/5001/43
	21		29			/font/5001/61
	27		35			/font/5001/72
	33		41			
	39		47			/font/5001/69
	45		53			/font/5001/65
	51		59			/font/5001/72
	15	392	23	405		/font/5001/48
	21		29			/font/5001/65
	27		35			/font/5001/61
	33		41			/font/5001/76
	39		47			/font/5001/79
	45		53			/font/5001/20
	51		59			/font/5001/44
	57		65			/font/5001/65
	63		71			/font/5001/73
	69		77			/font/5001/74
	75		83			/font/5001/72
	81		89			/font/5001/6f
	87		95			/font/5001/79
	93		101			/font/5001/65
	99		107			/font/5001/72
line	12	415	12	404	009000
		404	120		
	120			415	005000
		415	12		
rect	13	405	120	415	007000
tint	15	404	23	417	00ff00	/font/5001/54
	21		29			/font/5001/72
	27		35			/font/5001/61
	33		41			/font/5001/6e
	39		47			/font/5001/73
	45		53			/font/5001/70
	51		59			/font/5001/6f
	57		65			/font/5001/72
	63		71			/font/5001/74
line	12	438	119	438	009000
rect	16	450	114	475	001010
line	17	461	17	450	00c0c0
		450	43		
	43			461	007070
		461	17		
rect	18	451	43	461	009090
tint	19	450	27	463	00ffff	/font/5001/52
	25		33			/font/5001/47
	31		39			/font/5001/48
	37		45			/font/5001/54
	43		51			/font/5001/20
	49		57			/font/5001/42
	55		63			/font/5001/75
	61		69			/font/5001/69
	67		75			/font/5001/6c
	73		81			/font/5001/64
line	17	473	17	462	00c0c0
		462	43		
	43			473	007070
		473	17		
rect	18	463	43	473	009090
tint	19	462	27	475	00ffff	/font/5001/4c
	25		33			/font/5001/45
	31		39			/font/5001/46
	37		45			/font/5001/54
	43		51			/font/5001/20
	49		57			/font/5001/4d
	55		63			/font/5001/61
	61		69			/font/5001/69
	67		75			/font/5001/6e
	73		81			/font/5001/20
	79		87			/font/5001/4d
	85		93			/font/5001/65
	91		99			/font/5001/6e
	97		105			/font/5001/75
rect	12	180	120	192	000000
line	12	191	12	180	ffff00
		180	119		
	119			191	909000
		191	12		
rect	13	181	119	191	c0c000
tint	15	180	23	193	000000	/font/5001/43
	21		29			/font/5001/4f
	27		35			/font/5001/4e
	33		41			/font/5001/54
	39		47			/font/5001/52
	45		53			/font/5001/4f
	51		59			/font/5001/4c
rect	12	192	120	204	000000
	14	204	36	226	
line	14	204	35	204	489048
			14	205	
	35		35		
	14	225		225	
			14	224	
	35		35		
rect	40	204	51	226	000000
	53		64		
	69		120	216	
		216		228	
		192		204	
	12	228		240	
		252		264	
line	12	263	12	252	007fff
		252	119		
	119			263	00488f
		263	12		
rect	13	253	119	263	0060c0
tint	15	252	23	265	000000	/font/5001/54
	21		29			/font/5001/41
	27		35			/font/5001/52
	33		41			/font/5001/47
	39		47			/font/5001/45
	45		53			/font/5001/54
rect	12	264	120	276	000000
tint	15	264	23	277	7fff7f	/font/5001/48
	21		29			/font/5001/56
	27		35			/font/5001/44
	33		41			/font/5001/53
	39		47			/font/5001/54
	45		53			/font/5001/52
	51		59			/font/5001/59
	57		65			/font/5001/52
rect	14	276	36	298	000000
draw	16	279	34	295	/sprites/646.SMIV/0
line	14	276	35	276	489048
			14	277	
	35		35		
	14	297		297	
			14	296	
	35		35		
rect	40	276	51	298	000000
	42	278	49	284	003870
		284		296	0060c0
line	40	276	50	276	00488f
			40	277	
	50		50		
	40	297		297	
			40	296	
	50		50		
rect	53	276	64	298	000000
	55	278	62	281	707000
		281		296	c0c000
line	53	276	63	276	909000
			53	277	
	63		63		
	53	297		297	
			53	296	
	63		63		
rect	69	276	120	288	000000
tint	69	276	77	289	7fff7f	/font/5001/4c
	75		83			/font/5001/42
	81		89			/font/5001/45
	87		95			/font/5001/41
	93		101			/font/5001/4d
	99		107			/font/5001/20
	105		113			/font/5001/31
rect	69	288	120	300	000000
tint	69	288	77	301	7fff7f	/font/5001/46
	75		83			/font/5001/55
	81		89			/font/5001/4c
	87		95			
	93		101			/font/5001/50
	99		107			/font/5001/4c
	105		113			/font/5001/53
	111		119			/font/5001/45
rect	69	264	120	276	000000
tint	69	264	77	277	7fff7f	/font/5001/43
	75		83			/font/5001/4d
	81		89			/font/5001/49
	87		95			/font/5001/53
	93		101			
	99		107			/font/5001/49
	105		113			/font/5001/4c
	111		119			/font/5001/45
rect	12	300	120	312	000000
