line	235	79	243	78	b0b0b0
	182	299	190	298	
	281	258	288	257	
	362	447	370	447	
	497	194	505	193	
	185	480	195	479	d0d0d0
	557	156	562	156	808080
	303	274	308	274	
	584	36	589	35	
	518	24	523	24	
	324	433	329	433	
	393	159	401	158	b0b0b0
	450	125	458	124	
	466	73	471	73	808080
	328	173	333	173	
	504	463	509	463	
	516	15	527	14	d0d0d0
	301	40	309	40	b0b0b0
	370	57	378	57	
	368	161	373	160	808080
	304	105	314	104	d0d0d0
	386	42	394	42	b0b0b0
	555	115	565	114	d0d0d0
	407	237	417	237	
	191	35	201	34	
	309	452	317	452	b0b0b0
	285	159	293	158	
	251	78	261	77	d0d0d0
	376	422	386	421	
	269	365	274	364	808080
	335	367	343	367	b0b0b0
	576	393	586	392	d0d0d0
	144	403	149	403	808080
	147	260	152	259	
	338	404	343	404	
	543	322	548	321	
	592	278	600	277	b0b0b0
	252	71	259	70	
	255	458	260	457	808080
	465	74	470	74	
	321	245	331	244	d0d0d0
	318	381	323	381	808080
	587	42	592	42	
	371	70	381	69	d0d0d0
	320	249	325	249	808080
	158	270	163	270	
	449	461	459	461	d0d0d0
	188	356	198	356	
	563	126	568	126	808080
	464	72	472	71	b0b0b0
	313	437	323	436	d0d0d0
	584	241	589	241	808080
	188	37	193	37	
	138	168	143	168	
	375	32	385	31	d0d0d0
	441	194	446	193	808080
	223	137	228	136	
	175	27	181	26	
	328	183	333	182	
	237	16	242	16	
	146	19	157	18	d0d0d0
	417	252	422	251	808080
	540	268	548	268	b0b0b0
	243	192	248	192	808080
	276	283	284	282	b0b0b0
	147	50	158	49	d0d0d0
	328	68	333	68	808080
	340	54	348	54	b0b0b0
	502	6	510	5	
	236	478	241	478	808080
	223	351	231	350	b0b0b0
	327	461	332	461	808080
	232	464	242	463	d0d0d0
	391	162	397	162	808080
	171	159	179	158	b0b0b0
	326	125	336	124	d0d0d0
	327	445	332	445	808080
	136	45	142	44	
	545	139	550	138	
	356	313	361	312	
	129	338	137	338	b0b0b0
	477	164	482	164	808080
	428	65	436	64	b0b0b0
	145	102	150	102	808080
	127	187	135	187	b0b0b0
	542	203	552	202	d0d0d0
	166	417	171	417	808080
	273	168	278	167	
	459	263	464	263	
	355	50	363	50	b0b0b0
	194	91	199	91	808080
	427	257	435	256	b0b0b0
	337	254	342	253	808080
	422	387	433	386	d0d0d0
	511	89	519	89	b0b0b0
	375	158	385	157	d0d0d0
	510	232	518	232	b0b0b0
	574	199	581	198	
	584	335	590	334	808080
	579	125	586	124	b0b0b0
	345	11	350	11	808080
	210	359	216	359	
	398	162	403	162	
	239	431	247	430	b0b0b0
	175	383	180	382	808080
	536	474	541	474	
	476	29	482	28	
	272	365	279	364	b0b0b0
	231	186	236	185	808080
	281	336	288	335	b0b0b0
	240	133	250	132	d0d0d0
	195	56	205	56	
	501	198	506	197	808080
	399	19	410	18	d0d0d0
	190	172	195	171	808080
	372	476	383	475	d0d0d0
	145	439	150	439	808080
	454	279	462	278	b0b0b0
	279	234	284	233	808080
	360	76	365	75	
	246	397	253	396	b0b0b0
	485	158	490	158	808080
	150	345	155	344	
	273	300	278	299	
rect	205	0	206	481	000050
	336		337		
	467		468		
	598		599		002850
	128	100	609	101	
		231		232	000050
		362		363	
triangle	179	253	187	261	00c000
	361	233	373	245	
	378	240	386	248	
	291	275	299	283	
	323	243	331	251	
	180	254	188	262	
	152	257	160	265	
	191	252	199	260	
line	566	222	552	216	489048
			553	231	
	552	216			204020
draw	0	-144	128	624	/pictures/501.png
	608		640		/pictures/512.png
crop	29	159	35	171	0	36	ff0000	/fonts/computer.png
	35		41		32			
	41		47		0			
	102		108		8		ff7f00	
	108		114		40			
	114		120		0			
rect	614	359	615	392	00488f
			623	360	
	622			392	002850
	614	391			
	615	360	622	391	003870
	614	392	615	457	007fff
			623	393	
	622			457	00488f
	614	456			
	615	393	622	456	0070e0
	614	231	615	249	909048
			623	232	
	622			249	505028
	614	248			
	615	232	622	248	707038
	614	249	615	329	ffff7f
			623	250	
	622			329	909048
	614	328			
	615	250	622	328	e0e070
	614	103	615	126	904848
			623	104	
	622			126	502828
	614	125			
	615	104	622	125	703838
	614	126	615	201	ff7f7f
			623	127	
	622			201	904848
	614	200			
	615	127	622	200	e07070
	618	8	630	9	90488f
			619	10	
	629		630		
	618	36		37	
		35	619		
	629		630		
	620	10	628	35	703870
		35			c060c0
	634	49	636	52	7fff7f
		53		56	60c060
		57		60	
		61		64	0060c0
		65		68	
		69		72	007fff
		73		76	0060c0
		77		80	
		81		84	
		85		88	
		89		92	007fff
		93		96	0060c0
		97		100	
		101		104	183018
		105		108	
		109		112	
		113		116	
		117		120	
		121		124	
		125		128	
		129		132	
		133		136	
		137		140	
		141		144	
		145		148	
		149		152	
		153		156	
		157		160	
		161		164	
		165		168	
		169		172	
		173		176	
		177		180	
		181		184	
		185		188	
		189		192	
		193		196	
		197		200	
		201		204	
		205		208	
		209		212	
		213		216	
		217		220	
		221		224	
		225		228	
		229		232	
		233		236	
		237		240	
		241		244	
		245		248	
		249		252	
		253		256	
		257		260	
		261		264	
		265		268	
		269		272	
		273		276	
		277		280	
		281		284	
		285		288	
		289		292	
		293		296	
		297		300	
		301		304	
		305		308	
		309		312	
		313		316	
		317		320	
		321		324	
		325		328	
		329		332	
		333		336	
		337		340	
		341		344	
		345		348	
		349		352	
		353		356	
		357		360	
		361		364	
		365		368	
		369		372	
		373		376	
		377		380	
		381		384	
		385		388	
		389		392	
		393		396	
		397		400	
		401		404	
		405		408	
		409		412	
		413		416	
		417		420	
		421		424	
		425		428	
		429		432	
		433		436	
		437		440	
		441		444	
		445		448	
	621	52	631	56	303000
		57		61	
		62		66	
		67		71	
		72		76	
		77		81	
		82		86	
	7	7	115	115	00ff00
	8	8	114	114	001000
	44	44	78	78	003000
point	61	61	00e000
	56	63	
	58	61	
	24	64	
	47	62	
	8	61	
	45	62	
	47		
	48		
	98	69	
	23	62	
	22	63	
rect	12	320	121	440	001000
		342	120	343	009000
		368	13	380	
			121	369	
	120			380	005000
	12	379			
	13	369	120	379	007000
	12	438		439	009000
	16	450	114	475	001010
	17		18	462	00c0c0
			44	451	
	43			462	007070
	17	461			
	18	451	43	461	009090
	17	462	18	474	00c0c0
			44	463	
	43			474	007070
	17	473			
	18	463	43	473	009090
crop	15	320	21	332	16	48	00ff00	/fonts/computer.png
	21		27		40	60		
	27		33		72	48		
	33		39		96			
	39		45		32			
	45		51		0	24		
	51		57		24	60		
	57		63		64	48		
	63		69		72			
	69		75		0	60		
	75		81		24			
	15	332	21	344	96	48		
	21		27		8	72		
	27		33		96			
	33		39		8			
	39		45		112			
	45		51		32			
	51		57		40			
	57		63		0	24		
	63		69		8	48		
	69		75		96	72		
	75		81		0	84		
	81		87		64	72		
	87		93		8			
	15	344	21	356	24	48		
	21		27		16	84		
	27		33		40			
	33		39		72	72		
	39		45		24	84		
	45		51		40	72		
	51		57		16	84		
	15	356	21	368	56	48		
	21		27		40	84		
	27		33		112	72		
	33		39		24	84		
	39		45		64	72		
	45		51		72			
	51		57		0	84		
	15	368	21	380	8	48		
	21		27		24	84		
	27		33					
	33		39		8	72		
	39		45		40	84		
	45		51		96	72		
	51		57		32	84		
	57		63		0	24		
	63		69		32	60		
	69		75		16	84		
	75		81		8	72		
	81		87		112			
	87		93		24	84		
	93		99		0			
	99		105		120	72		
	105		111		16	84		
	111		117		32			
	15	380	21	392	24	48	009000	
	21		27		8	72		
	27		33		16	84		
	33		39					
	39		45		72	72		
	45		51		40			
	51		57		16	84		
	15	392	21	404	64	48		
	21		27		40	72		
	27		33		8			
	33		39		48	84		
	39		45		72			
	45		51		0	24		
	51		57		32	48		
	57		63		40	72		
	63		69		24	84		
	69		75		32			
	75		81		16			
	81		87		120	72		
	87		93		72	84		
	93		99		40	72		
	99		105		16	84		
	15	404	21	416	32	60	00ff00	
	21		27		16	84		
	27		33		8	72		
	33		39		112			
	39		45		24	84		
	45		51		0			
	51		57		120	72		
	57		63		16	84		
	63		69		32			
	19	450	25	462	16	60	00ffff	
	25		31		56	48		
	31		37		64			
	37		43		32	60		
	43		49		0	24		
	49		55		16	48		
	55		61		40	84		
	61		67		72	72		
	67		73		96			
	73		79		32			
	19	462	25	474	96	48		
	25		31		40			
	31		37		48			
	37		43		32	60		
	43		49		0	24		
	49		55		104	48		
	55		61		8	72		
	61		67		72			
	67		73		112			
	73		79		0	24		
	79		85		104	48		
	85		91		40	72		
	91		97		112			
	97		103		40	84		
rect	12	180	13	192	ffff00
			121	181	
	120			192	909000
	12	191			
	13	181	120	191	c0c000
crop	15	180	21	192	24	48	000000	/fonts/computer.png
	21		27		120			
	27		33		112			
	33		39		32	60		
	39		45		16			
	45		51		120	48		
	51		57		96			
rect	14	204	36	205	489048
			15	206	
	35		36		
	14	225		226	
		224	15		
	35		36		
	12	252	13	264	007fff
			121	253	
	120			264	00488f
	12	263			
	13	253	120	263	0060c0
crop	15	252	21	264	32	60	000000	/fonts/computer.png
	21		27		8	48		
	27		33		16	60		
	33		39		56	48		
	39		45		40			
	45		51		32	60		
	15	264	21	276	64	48	7fff7f	
	21		27		48	60		
	27		33		32	48		
	33		39		24	60		
	39		45		32			
	45		51		16			
	51		57		72			
	57		63		16			
draw	16	279	34	295	/sprites/646.SMIV/0
rect	14	276	36	277	489048
			15	278	
	35		36		
	14	297		298	
		296	15		
	35		36		
	42	278	49	285	003870
		285		296	0060c0
	40	276	51	277	00488f
			41	278	
	50		51		
	40	297		298	
		296	41		
	50		51		
	55	278	62	282	707000
		282		296	c0c000
	53	276	64	277	909000
			54	278	
	63		64		
	53	297		298	
		296	54		
	63		64		
crop	69	276	75	288	96	48	7fff7f	/fonts/computer.png
	75		81		16			
	81		87		40			
	87		93		8			
	93		99		104			
	99		105		0	24		
	105		111		8	36		
	69	288	75	300	48	48		
	75		81		40	60		
	81		87		96	48		
	87		93					
	93		99		0	60		
	99		105		96	48		
	105		111		24	60		
	111		117		40	48		
	69	264	75	276	24			
	75		81		104			
	81		87		72			
	87		93		24	60		
	93		99					
	99		105		72	48		
	105		111		96			
	111		117		40			
