point	140	69	d0d0d0
	335	13	808080
	200	158	d0d0d0
	455	184	808080
	545	62	
	499	274	b0b0b0
	249	90	808080
	352	110	d0d0d0
	512	450	808080
	410	398	d0d0d0
	391	190	
	586	409	
	470	150	b0b0b0
	159	6	808080
	450	132	b0b0b0
	196	396	808080
	314	417	b0b0b0
	414	176	808080
	187	378	b0b0b0
	481	291	d0d0d0
	230	344	
	470	234	808080
	510	350	
	276	208	d0d0d0
	571	236	808080
	239	83	d0d0d0
	137	47	b0b0b0
	473	415	
	210	404	
	160	470	
	266	433	
	437	42	808080
	521	404	
	318	188	
	321	151	
	418	140	d0d0d0
	235	255	808080
	130	178	b0b0b0
	162	222	d0d0d0
	428	219	808080
	157	8	
	307		d0d0d0
	491	310	808080
	453	455	
	514	463	
	493	50	
	196	44	b0b0b0
	435	168	808080
	327	372	
	255	59	
	587	476	
	390	57	
	276	175	
	361	258	
	168	140	b0b0b0
	243	126	d0d0d0
	133	127	808080
	526	469	
	349	185	
	400	376	d0d0d0
	315	167	b0b0b0
	423	473	808080
	580	159	b0b0b0
	573	290	808080
	436	113	b0b0b0
	296	290	
	332	91	d0d0d0
	501	380	808080
	442	274	
	360	357	d0d0d0
	324	433	808080
	243	200	b0b0b0
	448	84	
	215	416	808080
	523	373	d0d0d0
	591	287	808080
	193	115	d0d0d0
	448	97	b0b0b0
	312	365	808080
	237	72	
	456	355	d0d0d0
	300	314	808080
	169	98	
	499	31	
	559	335	
	151	254	b0b0b0
	457	174	
	339	35	808080
	294	250	d0d0d0
	151	197	808080
	376	169	b0b0b0
	468	412	d0d0d0
	498	147	808080
	463	89	b0b0b0
	367	323	
	555	171	808080
	470	286	b0b0b0
	506	233	d0d0d0
	596	218	808080
	277	268	
	599	190	
	227	374	d0d0d0
	164	189	
	536	390	
	145	186	
	305	463	808080
	449	232	
	152	407	d0d0d0
	187	299	
	591	257	808080
	400	168	
	353	144	
	198	342	b0b0b0
	193	131	808080
	280	383	d0d0d0
	243	210	b0b0b0
	381	195	808080
	559	218	
	432	340	d0d0d0
	454	385	808080
	497	40	b0b0b0
	165	379	d0d0d0
	178	91	808080
	324	102	
	448	399	
line	257	0	257	480	005000
	413		413		002850
	569		569		
	128	129	608	129	
		285		285	
		441		441	
tint	338	174	346	182	00c000	/x/triangle/4
	361	233	373	245		/x/triangle/6
	500	163	508	171		/x/triangle/4
	519	215	527	223		
	11	213	19	221		
	19	206	27	214		
	259	172	269	182		/x/triangle/5
	339	182	347	190		/x/triangle/4
	333	188	341	196		
	341	174	349	182		
	184	271	192	279	0060c0	/x/square/4
	254	168	264	178	00c000	/x/triangle/5
		166		176		
dither	200	50	367	67	003030
tint	204	54	212	66	000000	/font/5000/5a
	211		219			/font/5000/6f
	218		226			
	225		233			/font/5000/6d
	232		240			/font/5000/20
	239		247			/font/5000/74
	246		254			/font/5000/6f
	253		261			/font/5000/20
	260		268			/font/5000/43
	267		275			/font/5000/6c
	274		282			/font/5000/6f
	281		289			/font/5000/73
	288		296			/font/5000/65
	295		303			/font/5000/73
	302		310			/font/5000/74
	309		317			/font/5000/20
	316		324			/font/5000/48
	323		331			/font/5000/6f
	330		338			/font/5000/73
	337		345			/font/5000/74
	344		352			/font/5000/69
	351		359			/font/5000/6c
	358		366			/font/5000/65
	203	53	211	65	00ffff	/font/5000/5a
	210		218			/font/5000/6f
	217		225			
	224		232			/font/5000/6d
	231		239			/font/5000/20
	238		246			/font/5000/74
	245		253			/font/5000/6f
	252		260			/font/5000/20
	259		267			/font/5000/43
	266		274			/font/5000/6c
	273		281			/font/5000/6f
	280		288			/font/5000/73
	287		295			/font/5000/65
	294		302			/font/5000/73
	301		309			/font/5000/74
	308		316			/font/5000/20
	315		323			/font/5000/48
	322		330			/font/5000/6f
	329		337			/font/5000/73
	336		344			/font/5000/74
	343		351			/font/5000/69
	350		358			/font/5000/6c
	357		365			/font/5000/65
line	350	40	344	54	489048
			359	53	
	344	54			204020
draw	0	0	128	480	/pictures/501.png
	608		640		/pictures/512.png
tint	29	159	37	172	ff0000	/font/5001/30
	35		43			/font/5001/34
	41		49			/font/5001/31
	102		110		ff7f00	
	108		116			/font/5001/35
	114		122			/font/5001/30
line	614	391	614	359	00488f
		359	622		
	622			391	002850
		391	614		
rect	615	360	622	391	003870
line	614	456	614	392	007fff
		392	622		
	622			456	00488f
		456	614		
rect	615	393	622	456	0070e0
line	614	243	614	231	909048
		231	622		
	622			243	505028
		243	614		
rect	615	232	622	243	707038
line	614	328	614	244	ffff7f
		244	622		
	622			328	909048
		328	614		
rect	615	245	622	328	e0e070
line	614	122	614	103	904848
		103	622		
	622			122	502828
		122	614		
rect	615	104	622	122	703838
line	614	200	614	123	ff7f7f
		123	622		
	622			200	904848
		200	614		
rect	615	124	622	200	e07070
line	618	8	629	8	90488f
			618	9	
	629		629		
	618	36		36	
			618	35	
	629		629		
rect	620	10	628	35	703870
		35			c060c0
	634	49	636	52	7fff7f
		53		56	60c060
		57		60	
		61		64	
		65		68	0060c0
		69		72	007fff
		73		76	0060c0
		77		80	
		81		84	
		85		88	
		89		92	007fff
		93		96	0060c0
		97		100	
		101		104	
		105		108	183018
		109		112	
		113		116	
		117		120	
		121		124	
		125		128	
		129		132	
		133		136	
		137		140	
		141		144	
		145		148	
		149		152	
		153		156	
		157		160	
		161		164	
		165		168	
		169		172	
		173		176	
		177		180	
		181		184	
		185		188	
		189		192	
		193		196	
		197		200	
		201		204	
		205		208	
		209		212	
		213		216	
		217		220	
		221		224	
		225		228	
		229		232	
		233		236	
		237		240	
		241		244	
		245		248	
		249		252	
		253		256	
		257		260	
		261		264	
		265		268	
		269		272	
		273		276	
		277		280	
		281		284	
		285		288	
		289		292	
		293		296	
		297		300	
		301		304	
		305		308	
		309		312	
		313		316	
		317		320	
		321		324	
		325		328	
		329		332	
		333		336	
		337		340	
		341		344	
		345		348	
		349		352	
		353		356	
		357		360	
		361		364	
		365		368	
		369		372	
		373		376	
		377		380	
		381		384	
		385		388	
		389		392	
		393		396	
		397		400	
		401		404	
		405		408	
		409		412	
		413		416	
		417		420	
		421		424	
		425		428	
		429		432	
		433		436	
		437		440	
		441		444	
		445		448	
	621	52	631	56	303000
		57		61	
		62		66	
		67		71	
		72		76	
		77		81	
		82		86	
	7	7	115	115	00ff00
	8	8	114	114	001000
					003000
point	96	42	00e000
	101	56	
	34	45	
	55	47	
	53	49	
	55	45	
	56		
	14	70	
	33	44	
			
rect	12	320	121	440	001000
tint	15	320	23	333	00ff00	/font/5001/42
	21		29			/font/5001/55
	27		35			/font/5001/49
	33		41			/font/5001/4c
	39		47			/font/5001/44
	45		53			/font/5001/20
	51		59			/font/5001/53
	57		65			/font/5001/48
	63		71			/font/5001/49
	69		77			/font/5001/50
	75		83			/font/5001/53
line	12	342	119	342	009000
tint	15	332	23	345	00ff00	/font/5001/4c
	21		29			/font/5001/61
	27		35			/font/5001/6c
	33		41			/font/5001/61
	39		47			/font/5001/6e
	45		53			/font/5001/64
	51		59			/font/5001/65
	57		65			/font/5001/20
	63		71			/font/5001/41
	69		77			/font/5001/6c
	75		83			/font/5001/70
	81		89			/font/5001/68
	87		95			/font/5001/61
	15	344	23	357		/font/5001/43
	21		29			/font/5001/72
	27		35			/font/5001/75
	33		41			/font/5001/69
	39		47			/font/5001/73
	45		53			/font/5001/65
	51		59			/font/5001/72
	15	356	23	369		/font/5001/47
	21		29			/font/5001/75
	27		35			/font/5001/6e
	33		41			/font/5001/73
	39		47			/font/5001/68
	45		53			/font/5001/69
	51		59			/font/5001/70
line	12	379	12	368	009000
		368	120		
	120			379	005000
		379	12		
rect	13	369	120	379	007000
tint	15	368	23	381	00ff00	/font/5001/41
	21		29			/font/5001/73
	27		35			
	33		41			/font/5001/61
	39		47			/font/5001/75
	45		53			/font/5001/6c
	51		59			/font/5001/74
	57		65			/font/5001/20
	63		71			/font/5001/54
	69		77			/font/5001/72
	75		83			/font/5001/61
	81		89			/font/5001/6e
	87		95			/font/5001/73
	93		101			/font/5001/70
	99		107			/font/5001/6f
	105		113			/font/5001/72
	111		119			/font/5001/74
	15	380	23	393	009000	/font/5001/43
	21		29			/font/5001/61
	27		35			/font/5001/72
	33		41			
	39		47			/font/5001/69
	45		53			/font/5001/65
	51		59			/font/5001/72
	15	392	23	405		/font/5001/48
	21		29			/font/5001/65
	27		35			/font/5001/61
	33		41			/font/5001/76
	39		47			/font/5001/79
	45		53			/font/5001/20
	51		59			/font/5001/44
	57		65			/font/5001/65
	63		71			/font/5001/73
	69		77			/font/5001/74
	75		83			/font/5001/72
	81		89			/font/5001/6f
	87		95			/font/5001/79
	93		101			/font/5001/65
	99		107			/font/5001/72
	15	404	23	417	00ff00	/font/5001/54
	21		29			/font/5001/72
	27		35			/font/5001/61
	33		41			/font/5001/6e
	39		47			/font/5001/73
	45		53			/font/5001/70
	51		59			/font/5001/6f
	57		65			/font/5001/72
	63		71			/font/5001/74
line	12	438	119	438	009000
rect	16	450	114	475	001010
line	17	461	17	450	00c0c0
		450	43		
	43			461	007070
		461	17		
rect	18	451	43	461	009090
tint	19	450	27	463	00ffff	/font/5001/52
	25		33			/font/5001/47
	31		39			/font/5001/48
	37		45			/font/5001/54
	43		51			/font/5001/20
	49		57			/font/5001/42
	55		63			/font/5001/75
	61		69			/font/5001/69
	67		75			/font/5001/6c
	73		81			/font/5001/64
line	17	473	17	462	00c0c0
		462	43		
	43			473	007070
		473	17		
rect	18	463	43	473	009090
tint	19	462	27	475	00ffff	/font/5001/4c
	25		33			/font/5001/45
	31		39			/font/5001/46
	37		45			/font/5001/54
	43		51			/font/5001/20
	49		57			/font/5001/4d
	55		63			/font/5001/61
	61		69			/font/5001/69
	67		75			/font/5001/6e
	73		81			/font/5001/20
	79		87			/font/5001/4d
	85		93			/font/5001/65
	91		99			/font/5001/6e
	97		105			/font/5001/75
rect	12	180	120	192	000000
line	12	191	12	180	ffff00
		180	119		
	119			191	909000
		191	12		
rect	13	181	119	191	c0c000
tint	15	180	23	193	000000	/font/5001/43
	21		29			/font/5001/4f
	27		35			/font/5001/4e
	33		41			/font/5001/54
	39		47			/font/5001/52
	45		53			/font/5001/4f
	51		59			/font/5001/4c
rect	12	192	120	204	000000
	14	204	36	226	
line	14	204	35	204	489048
			14	205	
	35		35		
	14	225		225	
			14	224	
	35		35		
rect	40	204	51	226	000000
	53		64		
	69		120	216	
		216		228	
		192		204	
	12	228		240	
		252		264	
line	12	263	12	252	007fff
		252	119		
	119			263	00488f
		263	12		
rect	13	253	119	263	0060c0
tint	15	252	23	265	000000	/font/5001/54
	21		29			/font/5001/41
	27		35			/font/5001/52
	33		41			/font/5001/47
	39		47			/font/5001/45
	45		53			/font/5001/54
rect	12	264	120	276	000000
tint	15	264	23	277	7fff7f	/font/5001/48
	21		29			/font/5001/56
	27		35			/font/5001/44
	33		41			/font/5001/53
	39		47			/font/5001/54
	45		53			/font/5001/52
	51		59			/font/5001/59
	57		65			/font/5001/52
rect	14	276	36	298	000000
draw	16	279	34	295	/sprites/646.SMIV/0
line	14	276	35	276	489048
			14	277	
	35		35		
	14	297		297	
			14	296	
	35		35		
rect	40	276	51	298	000000
	42	278	49	285	003870
		285		296	0060c0
line	40	276	50	276	00488f
			40	277	
	50		50		
	40	297		297	
			40	296	
	50		50		
rect	53	276	64	298	000000
	55	278	62	281	707000
		281		296	c0c000
line	53	276	63	276	909000
			53	277	
	63		63		
	53	297		297	
			53	296	
	63		63		
rect	69	276	120	288	000000
tint	69	276	77	289	7fff7f	/font/5001/4c
	75		83			/font/5001/42
	81		89			/font/5001/45
	87		95			/font/5001/41
	93		101			/font/5001/4d
	99		107			/font/5001/20
	105		113			/font/5001/31
rect	69	288	120	300	000000
tint	69	288	77	301	7fff7f	/font/5001/46
	75		83			/font/5001/55
	81		89			/font/5001/4c
	87		95			
	93		101			/font/5001/50
	99		107			/font/5001/4c
	105		113			/font/5001/53
	111		119			/font/5001/45
rect	69	264	120	276	000000
tint	69	264	77	277	7fff7f	/font/5001/43
	75		83			/font/5001/4d
	81		89			/font/5001/49
	87		95			/font/5001/53
	93		101			
	99		107			/font/5001/49
	105		113			/font/5001/4c
	111		119			/font/5001/45
rect	12	300	120	312	000000
