point	341	305	d0d0d0
	434	130	808080
	401	395	d0d0d0
	554	301	808080
	182	113	b0b0b0
	168	375	
	348	207	808080
	553	347	d0d0d0
	500	87	808080
	343	155	d0d0d0
	592	427	
	158	86	808080
	139	280	b0b0b0
	258	123	808080
	600	309	b0b0b0
	569	67	d0d0d0
	578	152	
	513	293	808080
	154	254	b0b0b0
	165	469	808080
	379	76	b0b0b0
	569	351	808080
	131	380	d0d0d0
	476	445	
	190	167	808080
	440	320	d0d0d0
	287	224	b0b0b0
	151	181	d0d0d0
	526	135	
	449	110	808080
	476	131	b0b0b0
	536	159	808080
	386	63	b0b0b0
	417	305	808080
	420	268	
	133	165	
	334	372	
	280	355	b0b0b0
	362	458	d0d0d0
	527	336	808080
	256	125	
	507	245	d0d0d0
	590	427	808080
	232	93	
	474	152	b0b0b0
	592	167	808080
	346	220	b0b0b0
	534	285	808080
	219	10	
	354	176	
	570	230	d0d0d0
	489	174	808080
	375	292	
	460	375	
	318	317	b0b0b0
	443	362	d0d0d0
	232	244	808080
	376	161	b0b0b0
	448	302	808080
	537	65	
	465	344	b0b0b0
	318	310	d0d0d0
	209	186	808080
	259	169	d0d0d0
	586	290	b0b0b0
	446	467	
	533	328	d0d0d0
	177	27	b0b0b0
	541	391	808080
	436	114	d0d0d0
	457	106	b0b0b0
	393	377	
	598	261	
	492	54	808080
	344	64	
	211	232	
	394	351	d0d0d0
	598	274	b0b0b0
	379	5	d0d0d0
	336	189	808080
	246	56	
	399	431	
	268	215	
	598	148	
	172	23	
	301	431	b0b0b0
	607	351	
	438	152	808080
	249	5	b0b0b0
	250	314	808080
	526	346	b0b0b0
	289	126	
	597	264	808080
	131	367	
	198	13	
	221	420	d0d0d0
	136	298	808080
	202	451	b0b0b0
	215	89	808080
	376	385	
	370	106	d0d0d0
	569	64	808080
	364	425	d0d0d0
	143	402	
	345	423	
	533	203	
	548	349	808080
	599	81	
	234	41	b0b0b0
	345	135	d0d0d0
	499	285	808080
	452	261	
	200	39	b0b0b0
	292	248	808080
	571	140	d0d0d0
	393	387	b0b0b0
	480	312	808080
	179	127	
	526	97	d0d0d0
	564	33	b0b0b0
	154	383	808080
	505	136	d0d0d0
	277	208	808080
	423	219	
	333	37	
line	178	0	178	480	005000
	466		466		
	128	273	608	273	
rect	459	266	473	280	009000
triangle	370	239	378	247	00c000
	361	233	373	245	
	369	237	377		
	367	241	375	249	
	369		377		
		240		248	
		241		249	
	384	256	394	266	
	370	239	378	247	
rect	87	478	95	486	0060c0
triangle	370	239	378	247	00c000
rect	167	188	175	196	0060c0
triangle	369	241	377	249	00c000
plus	530	304	540	314	00c000
rect	110	478	118	486	0060c0
	88	251	96	259	
	370	64	378	72	
	8	68	16	76	
	221	433	229	441	
triangle	384	256	394	266	00c000
					
dither	200	50	367	67	003030
crop	204	54	211	65	80	55	000000	/fonts/tactical
	211		218		120	66		
	218		225					
	225		232		104			
	232		239		0	22		
	239		246		32	77		
	246		253		120	66		
	253		260		0	22		
	260		267		24	44		
	267		274		96	66		
	274		281		120			
	281		288		24	77		
	288		295		40	66		
	295		302		24	77		
	302		309		32			
	309		316		0	22		
	316		323		64	44		
	323		330		120	66		
	330		337		24	77		
	337		344		32			
	344		351		72	66		
	351		358		96			
	358		365		40			
	203	53	210	64	80	55	00ffff	
	210		217		120	66		
	217		224					
	224		231		104			
	231		238		0	22		
	238		245		32	77		
	245		252		120	66		
	252		259		0	22		
	259		266		24	44		
	266		273		96	66		
	273		280		120			
	280		287		24	77		
	287		294		40	66		
	294		301		24	77		
	301		308		32			
	308		315		0	22		
	315		322		64	44		
	322		329		120	66		
	329		336		24	77		
	336		343		32			
	343		350		72	66		
	350		357		96			
	357		364		40			
line	178	175	188	187	489048
			193	173	
	188	187			204020
draw	0	0	128	480	/pictures/501.png
	608		640		/pictures/512.png
crop	29	159	35	171	0	36	ff0000	/fonts/computer
	35		41		32			
	41		47					
	102		108		8		ff7f00	
	108		114		40			
	114		120		0			
line	614	391	614	359	00488f
		359	622		
	622			391	002850
		391	614		
rect	615	360	622	391	003870
line	614	456	614	392	007fff
		392	622		
	622			456	00488f
		456	614		
rect	615	393	622	456	0070e0
line	614	231	614	231	909048
			622		
	622				505028
			614		
	614	328		232	ffff7f
		232	622		
	622			328	909048
		328	614		
rect	615	233	622	328	e0e070
line	614	127	614	103	904848
		103	622		
	622			127	502828
		127	614		
rect	615	104	622	127	703838
line	614	200	614	128	ff7f7f
		128	622		
	622			200	904848
		200	614		
rect	615	129	622	200	e07070
line	618	8	629	8	90488f
			618	9	
	629		629		
	618	36		36	
			618	35	
	629		629		
rect	620	10	628	35	703870
		35			c060c0
	634	49	636	52	7fff7f
		53		56	60c060
		57		60	
		61		64	
		65		68	
		69		72	7fff7f
		73		76	60c060
		77		80	
		81		84	
		85		88	
		89		92	7fff7f
		93		96	60c060
		97		100	
		101		104	
		105		108	
		109		112	7fff7f
		113		116	60c060
		117		120	
		121		124	
		125		128	703800
		129		132	904800
		133		136	703800
		137		140	183018
		141		144	
		145		148	
		149		152	
		153		156	
		157		160	
		161		164	
		165		168	
		169		172	
		173		176	
		177		180	
		181		184	
		185		188	
		189		192	
		193		196	
		197		200	
		201		204	
		205		208	
		209		212	
		213		216	
		217		220	
		221		224	
		225		228	
		229		232	
		233		236	
		237		240	
		241		244	
		245		248	
		249		252	
		253		256	
		257		260	
		261		264	
		265		268	
		269		272	
		273		276	
		277		280	
		281		284	
		285		288	
		289		292	
		293		296	
		297		300	
		301		304	
		305		308	
		309		312	
		313		316	
		317		320	
		321		324	
		325		328	
		329		332	
		333		336	
		337		340	
		341		344	
		345		348	
		349		352	
		353		356	
		357		360	
		361		364	
		365		368	
		369		372	
		373		376	
		377		380	
		381		384	
		385		388	
		389		392	
		393		396	
		397		400	
		401		404	
		405		408	
		409		412	
		413		416	
		417		420	
		421		424	
		425		428	
		429		432	
		433		436	
		437		440	
		441		444	
		445		448	
	621	52	631	56	303000
		57		61	
		62		66	
		67		71	
		72		76	
		77		81	
		82		86	
	7	7	115	115	00ff00
	8	8	114	114	001000
					003000
point	64	61	00e000
	63	64	
			
		63	
	64	64	
	73	73	
	64	62	
		63	
			
	63	64	
	73	73	
			
rect	12	320	121	440	001000
crop	15	320	21	332	16	48	00ff00	/fonts/computer
	21		27		40	60		
	27		33		72	48		
	33		39		96			
	39		45		32			
	45		51		0	24		
	51		57		24	60		
	57		63		64	48		
	63		69		72			
	69		75		0	60		
	75		81		24			
line	12	342	119	342	009000
crop	15	332	21	344	96	48	00ff00	/fonts/computer
	21		27		8	72		
	27		33		96			
	33		39		8			
	39		45		112			
	45		51		32			
	51		57		40			
	57		63		0	24		
	63		69		8	48		
	69		75		96	72		
	75		81		0	84		
	81		87		64	72		
	87		93		8			
	15	344	21	356	24	48		
	21		27		16	84		
	27		33		40			
	33		39		72	72		
	39		45		24	84		
	45		51		40	72		
	51		57		16	84		
	15	356	21	368	56	48		
	21		27		40	84		
	27		33		112	72		
	33		39		24	84		
	39		45		64	72		
	45		51		72			
	51		57		0	84		
	15	368	21	380	8	48		
	21		27		24	84		
	27		33					
	33		39		8	72		
	39		45		40	84		
	45		51		96	72		
	51		57		32	84		
	57		63		0	24		
	63		69		32	60		
	69		75		16	84		
	75		81		8	72		
	81		87		112			
	87		93		24	84		
	93		99		0			
	99		105		120	72		
	105		111		16	84		
	111		117		32			
line	12	391	12	380	009000
		380	120		
	120			391	005000
		391	12		
rect	13	381	120	391	007000
crop	15	380	21	392	24	48	003000	/fonts/computer
	21		27		8	72		
	27		33		16	84		
	33		39					
	39		45		72	72		
	45		51		40			
	51		57		16	84		
	15	392	21	404	64	48	009000	
	21		27		40	72		
	27		33		8			
	33		39		48	84		
	39		45		72			
	45		51		0	24		
	51		57		32	48		
	57		63		40	72		
	63		69		24	84		
	69		75		32			
	75		81		16			
	81		87		120	72		
	87		93		72	84		
	93		99		40	72		
	99		105		16	84		
	15	404	21	416	32	60	00ff00	
	21		27		16	84		
	27		33		8	72		
	33		39		112			
	39		45		24	84		
	45		51		0			
	51		57		120	72		
	57		63		16	84		
	63		69		32			
line	12	438	119	438	009000
rect	16	450	114	475	001010
line	17	461	17	450	00c0c0
		450	43		
	43			461	007070
		461	17		
rect	18	451	43	461	009090
crop	19	450	25	462	16	60	00ffff	/fonts/computer
	25		31		56	48		
	31		37		64			
	37		43		32	60		
	43		49		0	24		
	49		55		16	48		
	55		61		40	84		
	61		67		72	72		
	67		73		96			
	73		79		32			
line	17	473	17	462	00c0c0
		462	43		
	43			473	007070
		473	17		
rect	18	463	43	473	009090
crop	19	462	25	474	96	48	00ffff	/fonts/computer
	25		31		40			
	31		37		48			
	37		43		32	60		
	43		49		0	24		
	49		55		104	48		
	55		61		8	72		
	61		67		72			
	67		73		112			
	73		79		0	24		
	79		85		104	48		
	85		91		40	72		
	91		97		112			
	97		103		40	84		
line	12	191	12	180	ffff00
		180	120		
	120			191	909000
		191	12		
rect	13	181	120	191	c0c000
crop	15	180	21	192	24	48	000000	/fonts/computer
	21		27		120			
	27		33		112			
	33		39		32	60		
	39		45		16			
	45		51		120	48		
	51		57		96			
line	14	204	35	204	489048
			14	205	
	35		35		
	14	225		225	
			14	224	
	35		35		
	12	263	12	252	007fff
		252	120		
	120			263	00488f
		263	12		
rect	13	253	120	263	0060c0
crop	15	252	21	264	32	60	000000	/fonts/computer
	21		27		8	48		
	27		33		16	60		
	33		39		56	48		
	39		45		40			
	45		51		32	60		
	15	264	21	276	64	48	7fff7f	
	21		27		48	60		
	27		33		32	48		
	33		39		24	60		
	39		45		32			
	45		51		16			
	51		57		72			
	57		63		16			
draw	16	279	34	295	/sprites/646.SMIV/0
line	14	276	35	276	489048
			14	277	
	35		35		
	14	297		297	
			14	296	
	35		35		
rect	42	278	49	285	003870
		285		296	0060c0
line	40	276	50	276	00488f
			40	277	
	50		50		
	40	297		297	
			40	296	
	50		50		
rect	55	278	62	279	707000
		279		296	c0c000
line	53	276	63	276	909000
			53	277	
	63		63		
	53	297		297	
			53	296	
	63		63		
crop	69	276	75	288	96	48	7fff7f	/fonts/computer
	75		81		16			
	81		87		40			
	87		93		8			
	93		99		104			
	99		105		0	24		
	105		111		8	36		
	69	288	75	300	48	48		
	75		81		40	60		
	81		87		96	48		
	87		93					
	93		99		0	60		
	99		105		96	48		
	105		111		24	60		
	111		117		40	48		
	69	264	75	276	24			
	75		81		104			
	81		87		72			
	87		93		24	60		
	93		99					
	99		105		72	48		
	105		111		96			
	111		117		40			
