point	390	348	d0d0d0
	458	151	808080
	450	438	d0d0d0
	578	322	808080
	219	145	b0b0b0
	205	407	
	372	227	808080
	602	389	d0d0d0
	524	108	808080
	392	198	d0d0d0
	144	213	808080
	182	107	
	176	311	b0b0b0
	282	144	808080
	167	433	d0d0d0
	138	92	
	379	12	
	537	314	808080
	190	286	b0b0b0
	380	20	d0d0d0
	415	107	b0b0b0
	593	371	808080
	180	423	d0d0d0
	206	8	
	214	188	808080
	489	363	d0d0d0
	323	256	b0b0b0
	200	224	d0d0d0
	575	178	
	473	131	808080
	512	162	b0b0b0
	561	180	808080
	423	95	b0b0b0
	441	326	808080
	444	289	
	157	186	
	358	393	
	317	386	b0b0b0
	477	10	808080
	551	357	
	280	146	
	556	287	d0d0d0
	135	288	808080
	256	114	
	510	184	b0b0b0
	145	23	d0d0d0
	383	252	b0b0b0
	559	306	808080
	243	30	
	378	197	
	139	125	d0d0d0
	513	195	808080
	399	313	
	484	396	
	355	348	b0b0b0
	492	405	d0d0d0
	256	265	808080
	412	193	b0b0b0
	472	323	808080
	561	86	
	501	376	b0b0b0
	367	353	d0d0d0
	233	207	808080
	308	212	d0d0d0
	143	199	b0b0b0
	333	12	808080
	582	371	d0d0d0
	213	58	b0b0b0
	565	412	808080
	485	157	d0d0d0
	494	138	b0b0b0
	429	409	
	164	366	d0d0d0
	516	75	808080
	368	85	
	235	253	
	443	394	d0d0d0
	164	409	
	428	47	
	360	210	808080
	271	76	
	423	451	
	292	236	
	150	307	b0b0b0
	196	44	808080
	338	463	b0b0b0
	152	394	808080
	462	173	
	285	37	b0b0b0
	274	335	808080
	563	378	b0b0b0
	326	158	
	155	296	d0d0d0
		388	808080
	222	34	
	270	463	d0d0d0
	160	319	808080
	597	2	
	239	110	
	400	406	
	419	148	d0d0d0
	593	85	808080
	413	468	d0d0d0
	192	445	
	394	466	
	582	246	
	572	370	808080
	160	58	d0d0d0
	271	73	b0b0b0
	394	178	d0d0d0
	523	306	808080
	476	282	
	237	71	b0b0b0
	316	269	808080
	134	212	
	429	419	b0b0b0
	504	333	808080
	203	148	
	575	140	d0d0d0
	601	65	b0b0b0
	178	404	808080
	554	179	d0d0d0
	301	229	808080
	447	240	
	357	58	
line	243	0	243	480	005000
	371		371		
	499		499		
	128	113	608	113	
		241		241	
		369		369	
rect	397	251	413	267	009000
	330	215	346	231	900000
	364	234	378	248	009000
	371	223	385	237	00488f
	359	245	373	259	
	399	332	407	340	0060c0
	470	311	478	319	
	262	172	270	180	
	299	179	307	187	
triangle	363	235	371	243	00c000
rect	456	297	464	305	0060c0
	290	144	298	152	
	433	294	441	302	
	345	128	353	136	
	360	151	368	159	
	308	299	316	307	
	433	318	441	326	
	350	138	358	146	
	454	266	462	274	
	380	170	388	178	
	298	207	306	215	
	430	290	438	298	
	284	212	292	220	
	420	174	428	182	
	424	300	432	308	
	436	270	444	278	
	285	220	293	228	
triangle	287	222	291	226	0060c0
rect	458	286	466	294	0060c0
	400	319	408	327	
triangle	402	321	406	325	0060c0
rect	386	296	394	304	0060c0
triangle	388	298	392	302	0060c0
rect	298	201	306	209	0060c0
	332	159	340	167	
	387	171	395	179	
triangle	389	173	393	177	0060c0
rect	401	308	409	316	0060c0
	411	287	419	295	
	330	289	338	297	
	414	273	422	281	
	300	216	308	224	
	277	210	285	218	
	346	225	354	233	
	351	249	359	257	
	389	278	397	286	
triangle	362	234	374	246	00c000
	363	235	371	243	
	364	236	372	244	
	363	235	371	243	
		236		244	
		235		243	
rect	389	171	397	179	0060c0
triangle	333	219	343	229	c00000
rect	429	263	437	271	0060c0
triangle	362	234	372	244	00c000
	333	219	341	227	c00000
rect	339	181	347	189	0060c0
	367	262	375	270	
	387	280	395	288	
	378	286	386	294	
	379	220	387	228	
	398	194	406	202	
	360	278	368	286	
	341	274	349	282	
	327		335		
	352	248	360	256	
triangle	374	226	382	234	c00000
rect	323	211	331	219	0060c0
	368	255	376	263	
triangle	363	235	371	243	00c000
rect	337	271	345	279	0060c0
	334	272	342	280	
	362	259	370	267	
	324	219	332	227	
	355	272	363	280	
	357	246	365	254	
	374	198	382	206	
	365	260	373	268	
	367	281	375	289	
	381	210	389	218	
	389	269	397	277	
	325	228	333	236	
	322	226	330	234	
triangle	363	235	371	243	00c000
rect	343	236	351	244	0060c0
	323	220	331	228	
	389	214	397	222	
	332	236	340	244	
	368	258	376	266	
	358	222	366	230	
triangle	355	251	357	253	0060c0
rect	364	215	372	223	0060c0
	418	238	426	246	
	358	233	366	241	
triangle	355	251	357	253	0060c0
rect	401	239	409	247	0060c0
triangle	364	236	372	244	00c000
rect	368	248	376	256	0060c0
plus	366	236	376	246	00c000
rect	380	236	388	244	0060c0
	381	240	389	248	
	356	241	364	249	
	357	239	365	247	
	365	234	373	242	
	330	239	338	247	
	354	234	362	242	
	359	239	367	247	
	363	210	371	218	
	356	247	364	255	
	390	242	398	250	
	374	254	382	262	
	383	232	391	240	
	349	244	357	252	
	370	252	378	260	
	375	264	383	272	
triangle	362	234	372	244	00c000
rect	376	243	384	251	0060c0
triangle	362	234	372	244	00c000
	378	245	382	249	0060c0
rect	354	223	362	231	0060c0
	374	265	382	273	
	360	246	368	254	
triangle	376	256	380	260	0060c0
rect	352	223	360	231	0060c0
	349	224	357	232	
	366	263	374	271	
	362	210	370	218	
	353	217	361	225	
triangle	333	219	341	227	c00000
rect	365	220	373	228	0060c0
	374	270	382	278	
	357	216	365	224	
triangle	334	219	342	227	c00000
line	222	105	226	120	489048
			237	108	
	226	120			204020
draw	0	0	128	480	/pictures/501.png
	608		640		/pictures/512.png
tint	29	159	37	172	ff0000	/font/5001/30
	35		43			/font/5001/34
	41		49			/font/5001/35
	102		110		ff7f00	/font/5001/31
	108		116			/font/5001/35
	114		122			/font/5001/30
line	614	391	614	359	00488f
		359	622		
	622			391	002850
		391	614		
rect	615	360	622	391	003870
line	614	456	614	392	007fff
		392	622		
	622			456	00488f
		456	614		
rect	615	393	622	456	0070e0
line	614	231	614	231	909048
			622		
	622				505028
			614		
	614	328		232	ffff7f
		232	622		
	622			328	909048
		328	614		
rect	615	233	622	328	e0e070
line	614	128	614	103	904848
		103	622		
	622			128	502828
		128	614		
rect	615	104	622	128	703838
line	614	200	614	129	ff7f7f
		129	622		
	622			200	904848
		200	614		
rect	615	130	622	200	e07070
line	618	8	629	8	90488f
			618	9	
	629		629		
	618	36		36	
			618	35	
	629		629		
rect	620	10	628	35	703870
		35			c060c0
	634	49	636	52	7fff7f
		53		56	60c060
		57		60	
		61		64	
		65		68	
		69		72	7fff7f
		73		76	60c060
		77		80	
		81		84	
		85		88	
		89		92	7fff7f
		93		96	60c060
		97		100	
		101		104	
		105		108	
		109		112	7fff7f
		113		116	60c060
		117		120	
		121		124	
		125		128	
		129		132	7fff7f
		133		136	703800
		137		140	183018
		141		144	
		145		148	
		149		152	
		153		156	
		157		160	
		161		164	
		165		168	
		169		172	
		173		176	
		177		180	
		181		184	
		185		188	
		189		192	
		193		196	
		197		200	
		201		204	
		205		208	
		209		212	
		213		216	
		217		220	
		221		224	
		225		228	
		229		232	
		233		236	
		237		240	
		241		244	
		245		248	
		249		252	
		253		256	
		257		260	
		261		264	
		265		268	
		269		272	
		273		276	
		277		280	
		281		284	
		285		288	
		289		292	
		293		296	
		297		300	
		301		304	
		305		308	
		309		312	
		313		316	
		317		320	
		321		324	
		325		328	
		329		332	
		333		336	
		337		340	
		341		344	
		345		348	
		349		352	
		353		356	
		357		360	
		361		364	
		365		368	
		369		372	
		373		376	
		377		380	
		381		384	
		385		388	
		389		392	
		393		396	
		397		400	
		401		404	
		405		408	
		409		412	
		413		416	
		417		420	
		421		424	
		425		428	
		429		432	
		433		436	
		437		440	
		441		444	
		445		448	
	621	52	631	56	303000
		57		61	
		62		66	
		67		71	
		72		76	
		77		81	
		82		86	
	7	7	115	115	00ff00
	8	8	114	114	001000
					003000
point	59	61	00e000
	61	62	
		61	
			
			
	56	57	
	61	61	
			
		58	
	62	61	
	91	35	
	55	56	
	56		
rect	12	320	121	440	001000
tint	15	320	23	333	00ff00	/font/5001/42
	21		29			/font/5001/55
	27		35			/font/5001/49
	33		41			/font/5001/4c
	39		47			/font/5001/44
	45		53			/font/5001/20
	51		59			/font/5001/53
	57		65			/font/5001/48
	63		71			/font/5001/49
	69		77			/font/5001/50
	75		83			/font/5001/53
line	12	342	119	342	009000
tint	15	332	23	345	00ff00	/font/5001/4c
	21		29			/font/5001/61
	27		35			/font/5001/6c
	33		41			/font/5001/61
	39		47			/font/5001/6e
	45		53			/font/5001/64
	51		59			/font/5001/65
	57		65			/font/5001/20
	63		71			/font/5001/41
	69		77			/font/5001/6c
	75		83			/font/5001/70
	81		89			/font/5001/68
	87		95			/font/5001/61
	15	344	23	357		/font/5001/43
	21		29			/font/5001/72
	27		35			/font/5001/75
	33		41			/font/5001/69
	39		47			/font/5001/73
	45		53			/font/5001/65
	51		59			/font/5001/72
	15	356	23	369		/font/5001/47
	21		29			/font/5001/75
	27		35			/font/5001/6e
	33		41			/font/5001/73
	39		47			/font/5001/68
	45		53			/font/5001/69
	51		59			/font/5001/70
	15	368	23	381		/font/5001/41
	21		29			/font/5001/73
	27		35			
	33		41			/font/5001/61
	39		47			/font/5001/75
	45		53			/font/5001/6c
	51		59			/font/5001/74
	57		65			/font/5001/20
	63		71			/font/5001/54
	69		77			/font/5001/72
	75		83			/font/5001/61
	81		89			/font/5001/6e
	87		95			/font/5001/73
	93		101			/font/5001/70
	99		107			/font/5001/6f
	105		113			/font/5001/72
	111		119			/font/5001/74
line	12	391	12	380	009000
		380	120		
	120			391	005000
		391	12		
rect	13	381	120	391	007000
tint	15	380	23	393	003000	/font/5001/43
	21		29			/font/5001/61
	27		35			/font/5001/72
	33		41			
	39		47			/font/5001/69
	45		53			/font/5001/65
	51		59			/font/5001/72
	15	392	23	405	009000	/font/5001/48
	21		29			/font/5001/65
	27		35			/font/5001/61
	33		41			/font/5001/76
	39		47			/font/5001/79
	45		53			/font/5001/20
	51		59			/font/5001/44
	57		65			/font/5001/65
	63		71			/font/5001/73
	69		77			/font/5001/74
	75		83			/font/5001/72
	81		89			/font/5001/6f
	87		95			/font/5001/79
	93		101			/font/5001/65
	99		107			/font/5001/72
	15	404	23	417	00ff00	/font/5001/54
	21		29			/font/5001/72
	27		35			/font/5001/61
	33		41			/font/5001/6e
	39		47			/font/5001/73
	45		53			/font/5001/70
	51		59			/font/5001/6f
	57		65			/font/5001/72
	63		71			/font/5001/74
line	12	438	119	438	009000
rect	16	450	114	475	001010
line	17	461	17	450	00c0c0
		450	43		
	43			461	007070
		461	17		
rect	18	451	43	461	009090
tint	19	450	27	463	00ffff	/font/5001/52
	25		33			/font/5001/47
	31		39			/font/5001/48
	37		45			/font/5001/54
	43		51			/font/5001/20
	49		57			/font/5001/42
	55		63			/font/5001/75
	61		69			/font/5001/69
	67		75			/font/5001/6c
	73		81			/font/5001/64
line	17	473	17	462	00c0c0
		462	43		
	43			473	007070
		473	17		
rect	18	463	43	473	009090
tint	19	462	27	475	00ffff	/font/5001/4c
	25		33			/font/5001/45
	31		39			/font/5001/46
	37		45			/font/5001/54
	43		51			/font/5001/20
	49		57			/font/5001/4d
	55		63			/font/5001/61
	61		69			/font/5001/69
	67		75			/font/5001/6e
	73		81			/font/5001/20
	79		87			/font/5001/4d
	85		93			/font/5001/65
	91		99			/font/5001/6e
	97		105			/font/5001/75
line	12	191	12	180	ffff00
		180	120		
	120			191	909000
		191	12		
rect	13	181	120	191	c0c000
tint	15	180	23	193	000000	/font/5001/43
	21		29			/font/5001/4f
	27		35			/font/5001/4e
	33		41			/font/5001/54
	39		47			/font/5001/52
	45		53			/font/5001/4f
	51		59			/font/5001/4c
line	14	204	35	204	489048
			14	205	
	35		35		
	14	225		225	
			14	224	
	35		35		
	12	263	12	252	007fff
		252	120		
	120			263	00488f
		263	12		
rect	13	253	120	263	0060c0
tint	15	252	23	265	000000	/font/5001/54
	21		29			/font/5001/41
	27		35			/font/5001/52
	33		41			/font/5001/47
	39		47			/font/5001/45
	45		53			/font/5001/54
	15	264	23	277	7fff7f	/font/5001/48
	21		29			/font/5001/56
	27		35			/font/5001/44
	33		41			/font/5001/53
	39		47			/font/5001/54
	45		53			/font/5001/52
	51		59			/font/5001/59
	57		65			/font/5001/52
draw	16	279	34	295	/sprites/646.SMIV/0
line	14	276	35	276	489048
			14	277	
	35		35		
	14	297		297	
			14	296	
	35		35		
rect	42	278	49	285	003870
		285		296	0060c0
line	40	276	50	276	00488f
			40	277	
	50		50		
	40	297		297	
			40	296	
	50		50		
rect	55	278	62	279	707000
		279		296	c0c000
line	53	276	63	276	909000
			53	277	
	63		63		
	53	297		297	
			53	296	
	63		63		
tint	69	276	77	289	7fff7f	/font/5001/4c
	75		83			/font/5001/42
	81		89			/font/5001/45
	87		95			/font/5001/41
	93		101			/font/5001/4d
	99		107			/font/5001/20
	105		113			/font/5001/31
	69	288	77	301		/font/5001/46
	75		83			/font/5001/55
	81		89			/font/5001/4c
	87		95			
	93		101			/font/5001/50
	99		107			/font/5001/4c
	105		113			/font/5001/53
	111		119			/font/5001/45
	69	264	77	277		/font/5001/43
	75		83			/font/5001/4d
	81		89			/font/5001/49
	87		95			/font/5001/53
	93		101			
	99		107			/font/5001/49
	105		113			/font/5001/4c
	111		119			/font/5001/45
