point	325	327	d0d0d0
	426	140	808080
	385	417	d0d0d0
	546	312	808080
	171	129	b0b0b0
	157	391	
	340	217	808080
	537	368	d0d0d0
	492	97	808080
	328	177	d0d0d0
	576	126	
	150	96	808080
	128	295	b0b0b0
	249	134	808080
	581	70	d0d0d0
	565	273	b0b0b0
	282	469	d0d0d0
	505	304	808080
	142	270	b0b0b0
	501	478	808080
	367	91	b0b0b0
	561	361	808080
	594	474	d0d0d0
	303	466	
	182	177	808080
	424	341	d0d0d0
	275	240	b0b0b0
	135	203	d0d0d0
	511	157	
	440	121	808080
	464	146	b0b0b0
	528	170	808080
	375	79	b0b0b0
	408	316	808080
	412	279	
	604	458	
	326	383	
	268	371	b0b0b0
	445	0	808080
	518	347	
	248	135	
	492	266	d0d0d0
	570	24	b0b0b0
	224	103	808080
	462	168	b0b0b0
	559	166	d0d0d0
	334	236	b0b0b0
	526	296	808080
	211	20	
	346	187	
	567	409	b0b0b0
	480	184	808080
	367	302	
	452	385	
	306	333	b0b0b0
	428	384	d0d0d0
	224	255	808080
	364	177	b0b0b0
	440	312	808080
	529	76	
	453	360	b0b0b0
	303	332	d0d0d0
	201	197	808080
	243	191	d0d0d0
	563	423	
	301	2	808080
	518	350	d0d0d0
	165	42	b0b0b0
	532	401	808080
	421	135	d0d0d0
	445	122	b0b0b0
	381	393	
	585	130	
	484	64	808080
	336	74	
	203	242	
	378	373	d0d0d0
	585	61	b0b0b0
	364	26	d0d0d0
	328	199	808080
	238	66	
	390	441	
	260	225	
	581	394	b0b0b0
	164	34	808080
	289	447	b0b0b0
	591	387	d0d0d0
	430	162	808080
	237	21	b0b0b0
	242	324	808080
	514	362	b0b0b0
	277	142	
	570	133	d0d0d0
	600	107	b0b0b0
	190	23	808080
	206	442	d0d0d0
	128	308	808080
	367	462	d0d0d0
	207	99	808080
	368	396	
	355	127	d0d0d0
	561	75	808080
	349	447	d0d0d0
	127	424	
	330	444	
	517	225	
	540	359	808080
	590	338	
	223	57	b0b0b0
	330	157	d0d0d0
	491	296	808080
	444	272	
	188	55	b0b0b0
	284	258	808080
	581	367	
	381	403	b0b0b0
	472	322	808080
	171	138	
	510	119	d0d0d0
	553	49	b0b0b0
	146	393	808080
	490	158	d0d0d0
	268	219	808080
	415	229	
	325	47	
rect	308	0	309	481	002850
	538		539		
	128	207	609	208	
		437		438	005000
triangle	337	233	345	241	00c000
	361		373	245	
	346	229	354	237	
	339	225	347	233	
	337	224	345	232	
	335	225	343	233	
	334	226	342	234	
	335	233	345	243	
	338	227	346	235	
	339	225	347	233	
		228		236	
plus	555	319	565	329	00c000
rect	515	312	523	320	0060c0
triangle	346	228	356	238	00c000
	338	234	348	244	
dither	200	50	367	67	003030
crop	204	54	211	65	80	55	000000	/fonts/tactical.png
	211		218		120	66		
	218		225					
	225		232		104			
	232		239		0	22		
	239		246		32	77		
	246		253		120	66		
	253		260		0	22		
	260		267		24	44		
	267		274		96	66		
	274		281		120			
	281		288		24	77		
	288		295		40	66		
	295		302		24	77		
	302		309		32			
	309		316		0	22		
	316		323		64	44		
	323		330		120	66		
	330		337		24	77		
	337		344		32			
	344		351		72	66		
	351		358		96			
	358		365		40			
	203	53	210	64	80	55	00ffff	
	210		217		120	66		
	217		224					
	224		231		104			
	231		238		0	22		
	238		245		32	77		
	245		252		120	66		
	252		259		0	22		
	259		266		24	44		
	266		273		96	66		
	273		280		120			
	280		287		24	77		
	287		294		40	66		
	294		301		24	77		
	301		308		32			
	308		315		0	22		
	315		322		64	44		
	322		329		120	66		
	329		336		24	77		
	336		343		32			
	343		350		72	66		
	350		357		96			
	357		364		40			
line	398	435	403	421	489048
			388	423	
	403	421			204020
draw	0	-144	128	624	/pictures/gui/instruments/left.png
	608		640		/pictures/gui/instruments/right.png
crop	29	159	35	171	0	36	ff0000	/fonts/computer.png
	35		41		32			
	41		47		56			
	102		108		8		ff7f00	
	108		114		40			
	114		120		0			
rect	614	359	615	392	00488f
			623	360	
	622			392	002850
	614	391			
	615	360	622	391	003870
	614	392	615	457	007fff
			623	393	
	622			457	00488f
	614	456			
	615	393	622	456	0070e0
	614	231	615	232	909048
			623		
	622				505028
	614				
		232	615	329	ffff7f
			623	233	
	622			329	909048
	614	328			
	615	233	622	328	e0e070
	614	103	615	130	904848
			623	104	
	622			130	502828
	614	129			
	615	104	622	129	703838
	614	130	615	201	ff7f7f
			623	131	
	622			201	904848
	614	200			
	615	131	622	200	e07070
	618	8	630	9	90488f
			619	10	
	629		630		
	618	36		37	
		35	619		
	629		630		
	620	10	628	35	703870
		16			c060c0
	634	49	636	52	7fff7f
		53		56	703800
		57		60	
		61		64	
		65		68	
		69		72	904800
		73		76	703800
		77		80	
		81		84	
		85		88	
		89		92	904800
		93		96	703800
		97		100	
		101		104	
		105		108	
		109		112	904800
		113		116	703800
		117		120	
		121		124	
		125		128	
		129		132	904800
		133		136	703800
		137		140	183018
		141		144	
		145		148	
		149		152	
		153		156	
		157		160	
		161		164	
		165		168	
		169		172	
		173		176	
		177		180	
		181		184	
		185		188	
		189		192	
		193		196	
		197		200	
		201		204	
		205		208	
		209		212	
		213		216	
		217		220	
		221		224	
		225		228	
		229		232	
		233		236	
		237		240	
		241		244	
		245		248	
		249		252	
		253		256	
		257		260	
		261		264	
		265		268	
		269		272	
		273		276	
		277		280	
		281		284	
		285		288	
		289		292	
		293		296	
		297		300	
		301		304	
		305		308	
		309		312	
		313		316	
		317		320	
		321		324	
		325		328	
		329		332	
		333		336	
		337		340	
		341		344	
		345		348	
		349		352	
		353		356	
		357		360	
		361		364	
		365		368	
		369		372	
		373		376	
		377		380	
		381		384	
		385		388	
		389		392	
		393		396	
		397		400	
		401		404	
		405		408	
		409		412	
		413		416	
		417		420	
		421		424	
		425		428	
		429		432	
		433		436	
		437		440	
		441		444	
		445		448	
	621	52	631	56	303000
		57		61	
		62		66	
		67		71	
		72		76	
		77		81	
		82		86	
	7	7	115	115	00ff00
	8	8	114	114	001000
	20	20	104	104	003000
point	58	60	00e000
	57		
		59	
	56	60	
			
	57	61	
		60	
			
		61	
		60	
	95	76	
	88	74	
	59	60	
	57	61	
rect	12	320	121	440	001000
		342	120	343	009000
		380	13	392	
			121	381	
	120			392	005000
	12	391			
	13	381	120	391	007000
	12	438		439	009000
	16	450	114	475	001010
	17		18	462	00c0c0
			44	451	
	43			462	007070
	17	461			
	18	451	43	461	009090
	17	462	18	474	00c0c0
			44	463	
	43			474	007070
	17	473			
	18	463	43	473	009090
crop	15	320	21	332	16	48	00ff00	/fonts/computer.png
	21		27		40	60		
	27		33		72	48		
	33		39		96			
	39		45		32			
	45		51		0	24		
	51		57		24	60		
	57		63		64	48		
	63		69		72			
	69		75		0	60		
	75		81		24			
	15	332	21	344	96	48		
	21		27		8	72		
	27		33		96			
	33		39		8			
	39		45		112			
	45		51		32			
	51		57		40			
	57		63		0	24		
	63		69		8	48		
	69		75		96	72		
	75		81		0	84		
	81		87		64	72		
	87		93		8			
	15	344	21	356	24	48	009000	
	21		27		16	84		
	27		33		40			
	33		39		72	72		
	39		45		24	84		
	45		51		40	72		
	51		57		16	84		
	15	356	21	368	56	48		
	21		27		40	84		
	27		33		112	72		
	33		39		24	84		
	39		45		64	72		
	45		51		72			
	51		57		0	84		
	15	368	21	380	8	48		
	21		27		24	84		
	27		33					
	33		39		8	72		
	39		45		40	84		
	45		51		96	72		
	51		57		32	84		
	57		63		0	24		
	63		69		32	60		
	69		75		16	84		
	75		81		8	72		
	81		87		112			
	87		93		24	84		
	93		99		0			
	99		105		120	72		
	105		111		16	84		
	111		117		32			
	15	380	21	392	24	48	003000	
	21		27		8	72		
	27		33		16	84		
	33		39					
	39		45		72	72		
	45		51		40			
	51		57		16	84		
	15	392	21	404	64	48	009000	
	21		27		40	72		
	27		33		8			
	33		39		48	84		
	39		45		72			
	45		51		0	24		
	51		57		32	48		
	57		63		40	72		
	63		69		24	84		
	69		75		32			
	75		81		16			
	81		87		120	72		
	87		93		72	84		
	93		99		40	72		
	99		105		16	84		
	15	404	21	416	32	60		
	21		27		16	84		
	27		33		8	72		
	33		39		112			
	39		45		24	84		
	45		51		0			
	51		57		120	72		
	57		63		16	84		
	63		69		32			
	19	450	25	462	16	60	00ffff	
	25		31		56	48		
	31		37		64			
	37		43		32	60		
	43		49		0	24		
	49		55		16	48		
	55		61		40	84		
	61		67		72	72		
	67		73		96			
	73		79		32			
	19	462	25	474	96	48		
	25		31		40			
	31		37		48			
	37		43		32	60		
	43		49		0	24		
	49		55		104	48		
	55		61		8	72		
	61		67		72			
	67		73		112			
	73		79		0	24		
	79		85		104	48		
	85		91		40	72		
	91		97		112			
	97		103		40	84		
rect	12	180	13	192	ffff00
			121	181	
	120			192	909000
	12	191			
	13	181	120	191	c0c000
crop	15	180	21	192	24	48	000000	/fonts/computer.png
	21		27		120			
	27		33		112			
	33		39		32	60		
	39		45		16			
	45		51		120	48		
	51		57		96			
rect	14	204	36	205	489048
			15	206	
	35		36		
	14	225		226	
		224	15		
	35		36		
	12	252	13	264	007fff
			121	253	
	120			264	00488f
	12	263			
	13	253	120	263	0060c0
crop	15	252	21	264	32	60	000000	/fonts/computer.png
	21		27		8	48		
	27		33		16	60		
	33		39		56	48		
	39		45		40			
	45		51		32	60		
	15	264	21	276	64	48	7fff7f	
	21		27		48	60		
	27		33		32	48		
	33		39		24	60		
	39		45		32			
	45		51		16			
	51		57		72			
	57		63		16			
draw	16	279	34	295	/sprites/ish/hvd%0
rect	14	276	36	277	489048
			15	278	
	35		36		
	14	297		298	
		296	15		
	35		36		
	42	278	49	285	003870
		285		296	0060c0
	40	276	51	277	00488f
			41	278	
	50		51		
	40	297		298	
		296	41		
	50		51		
	55	278	62	279	707000
		279		296	c0c000
	53	276	64	277	909000
			54	278	
	63		64		
	53	297		298	
		296	54		
	63		64		
crop	69	276	75	288	96	48	7fff7f	/fonts/computer.png
	75		81		16			
	81		87		40			
	87		93		8			
	93		99		104			
	99		105		0	24		
	105		111		8	36		
	69	288	75	300	48	48		
	75		81		40	60		
	81		87		96	48		
	87		93					
	93		99		0	60		
	99		105		96	48		
	105		111		24	60		
	111		117		40	48		
	69	264	75	276	24			
	75		81		104			
	81		87		72			
	87		93		24	60		
	93		99					
	99		105		72	48		
	105		111		96			
	111		117		40			
