point	291	376	b0b0b0
	295	232	
	321	450	808080
	429	235	d0d0d0
	405	374	808080
	556	284	
	256	241	b0b0b0
	607	3	808080
	583	185	b0b0b0
	547	206	
	309	151	808080
	596	73	b0b0b0
	159	460	
	441	365	
	172	54	d0d0d0
	337	366	b0b0b0
	346	111	808080
	394	389	d0d0d0
	359	364	
	144	246	808080
	477	470	
	274	334	
	370	169	d0d0d0
	531	298	
	345	217	
	390	402	b0b0b0
	540	338	808080
	405	180	
	544	112	b0b0b0
	390	56	
	564	119	808080
	567	441	b0b0b0
	479	323	808080
	152	467	
	217	159	d0d0d0
	240	9	808080
	233	94	d0d0d0
	293	239	
	280	98	808080
	519	86	d0d0d0
	223	240	808080
	439	106	d0d0d0
	147	102	808080
	279	24	b0b0b0
	336	277	
	459	322	
	555	283	808080
	271	114	
	432	161	
	234	169	
	148	85	
	546	443	
	545	119	d0d0d0
	380	272	b0b0b0
	217	381	808080
	459	299	
	408	17	d0d0d0
	213	188	808080
	436	315	
	323	400	d0d0d0
	283	345	
	407	127	808080
	491	409	
	415	305	b0b0b0
	523	424	808080
	280	403	
	322	109	b0b0b0
	478	180	808080
	557	398	b0b0b0
	331	250	808080
	165	399	
	530	231	d0d0d0
	398	233	
	139	27	
	268	272	
	523	366	
	141	343	b0b0b0
	133	422	d0d0d0
	159	478	
	546	190	b0b0b0
	196	141	
	566	64	808080
	354	341	b0b0b0
	509	448	d0d0d0
	249	71	808080
	206	250	
	507	213	d0d0d0
	389	380	
	348	400	808080
	162	315	b0b0b0
	139	131	808080
	529	232	
	361	310	b0b0b0
	559	471	d0d0d0
	453	72	b0b0b0
	334	303	808080
	552	280	b0b0b0
	307	432	808080
	343	169	b0b0b0
	551	313	808080
	587	221	b0b0b0
	540	380	808080
	417	386	b0b0b0
	592	32	d0d0d0
	589	191	b0b0b0
	260	192	808080
	572	94	d0d0d0
	291	407	b0b0b0
	331	97	808080
	354	36	b0b0b0
	215	18	
	493	397	
	435	464	808080
	236	237	
	155	55	d0d0d0
	316	419	b0b0b0
	297	266	808080
	160	90	b0b0b0
	495	145	d0d0d0
	400	170	b0b0b0
	130	111	
	600	207	808080
	197	90	
	187	421	d0d0d0
	460	174	808080
line	208	0	208	480	005000
	444		444		
	128	127	608	127	
		363		363	
rect	147	63	163	79	900000
triangle	382	259	390	267	00c000
	361	233	373	245	
	372	235	380	243	
	369		377		
	364	239	372	247	
	471	373	479	381	
	467	378	475	386	
	147	64	157	74	c00000
	386	261	396	271	00c000
	381	258	389	266	
	395	276	403	284	
rect	212	331	220	339	0060c0
triangle	398	278	406	286	00c000
rect	602	450	610	458	0060c0
triangle	387	262	397	272	00c000
		263		273	
rect	577	440	585	448	0060c0
	487	450	495	458	
	610	246	618	254	
triangle	460	448	468	456	c00000
	225	120	233	128	
plus	217	119	227	129	c00000
line	237	89	240	104	489048
			252	94	
	240	104			204020
draw	0	0	128	480	/pictures/501.png
	608		640		/pictures/512.png
tint	29	159	37	172	ff0000	/font/5001/30
	35		43			/font/5001/34
	41		49			/font/5001/39
	102		110		ff7f00	/font/5001/31
	108		116			/font/5001/35
	114		122			/font/5001/30
line	614	391	614	359	00488f
		359	622		
	622			391	002850
		391	614		
rect	615	360	622	391	003870
line	614	456	614	392	007fff
		392	622		
	622			456	00488f
		456	614		
rect	615	393	622	456	0070e0
line	614	238	614	231	909048
		231	622		
	622			238	505028
		238	614		
rect	615	232	622	238	707038
line	614	328	614	239	ffff7f
		239	622		
	622			328	909048
		328	614		
rect	615	240	622	328	e0e070
line	614	129	614	103	904848
		103	622		
	622			129	502828
		129	614		
rect	615	104	622	129	703838
line	614	200	614	130	ff7f7f
		130	622		
	622			200	904848
		200	614		
rect	615	131	622	200	e07070
line	618	8	629	8	90488f
			618	9	
	629		629		
	618	36		36	
			618	35	
	629		629		
rect	620	10	628	35	703870
		35			c060c0
	634	49	636	52	7fff7f
		53		56	60c060
		57		60	
		61		64	
		65		68	
		69		72	7fff7f
		73		76	60c060
		77		80	
		81		84	
		85		88	703800
		89		92	904800
		93		96	703800
		97		100	
		101		104	
		105		108	
		109		112	904800
		113		116	703800
		117		120	
		121		124	
		125		128	
		129		132	904800
		133		136	703800
		137		140	183018
		141		144	
		145		148	
		149		152	
		153		156	
		157		160	
		161		164	
		165		168	
		169		172	
		173		176	
		177		180	
		181		184	
		185		188	
		189		192	
		193		196	
		197		200	
		201		204	
		205		208	
		209		212	
		213		216	
		217		220	
		221		224	
		225		228	
		229		232	
		233		236	
		237		240	
		241		244	
		245		248	
		249		252	
		253		256	
		257		260	
		261		264	
		265		268	
		269		272	
		273		276	
		277		280	
		281		284	
		285		288	
		289		292	
		293		296	
		297		300	
		301		304	
		305		308	
		309		312	
		313		316	
		317		320	
		321		324	
		325		328	
		329		332	
		333		336	
		337		340	
		341		344	
		345		348	
		349		352	
		353		356	
		357		360	
		361		364	
		365		368	
		369		372	
		373		376	
		377		380	
		381		384	
		385		388	
		389		392	
		393		396	
		397		400	
		401		404	
		405		408	
		409		412	
		413		416	
		417		420	
		421		424	
		425		428	
		429		432	
		433		436	
		437		440	
		441		444	
		445		448	
	621	52	631	56	303000
		57		61	
		62		66	
		67		71	
		72		76	
		77		81	
		82		86	
	7	7	115	115	00ff00
	8	8	114	114	001000
					003000
point	66	61	00e000
	64		
	61	63	
	77	79	
	73	76	
	82	89	
	73	77	
	84	90	
	77	79	
		80	
rect	12	320	121	440	001000
tint	15	320	23	333	00ff00	/font/5001/42
	21		29			/font/5001/55
	27		35			/font/5001/49
	33		41			/font/5001/4c
	39		47			/font/5001/44
	45		53			/font/5001/20
	51		59			/font/5001/53
	57		65			/font/5001/48
	63		71			/font/5001/49
	69		77			/font/5001/50
	75		83			/font/5001/53
line	12	342	119	342	009000
tint	15	332	23	345	00ff00	/font/5001/4c
	21		29			/font/5001/61
	27		35			/font/5001/6c
	33		41			/font/5001/61
	39		47			/font/5001/6e
	45		53			/font/5001/64
	51		59			/font/5001/65
	57		65			/font/5001/20
	63		71			/font/5001/41
	69		77			/font/5001/6c
	75		83			/font/5001/70
	81		89			/font/5001/68
	87		95			/font/5001/61
	15	344	23	357		/font/5001/43
	21		29			/font/5001/72
	27		35			/font/5001/75
	33		41			/font/5001/69
	39		47			/font/5001/73
	45		53			/font/5001/65
	51		59			/font/5001/72
	15	356	23	369	009000	/font/5001/47
	21		29			/font/5001/75
	27		35			/font/5001/6e
	33		41			/font/5001/73
	39		47			/font/5001/68
	45		53			/font/5001/69
	51		59			/font/5001/70
	15	368	23	381		/font/5001/41
	21		29			/font/5001/73
	27		35			
	33		41			/font/5001/61
	39		47			/font/5001/75
	45		53			/font/5001/6c
	51		59			/font/5001/74
	57		65			/font/5001/20
	63		71			/font/5001/54
	69		77			/font/5001/72
	75		83			/font/5001/61
	81		89			/font/5001/6e
	87		95			/font/5001/73
	93		101			/font/5001/70
	99		107			/font/5001/6f
	105		113			/font/5001/72
	111		119			/font/5001/74
line	12	391	12	380	009000
		380	120		
	120			391	005000
		391	12		
rect	13	381	120	391	007000
tint	15	380	23	393	003000	/font/5001/43
	21		29			/font/5001/61
	27		35			/font/5001/72
	33		41			
	39		47			/font/5001/69
	45		53			/font/5001/65
	51		59			/font/5001/72
	15	392	23	405	009000	/font/5001/48
	21		29			/font/5001/65
	27		35			/font/5001/61
	33		41			/font/5001/76
	39		47			/font/5001/79
	45		53			/font/5001/20
	51		59			/font/5001/44
	57		65			/font/5001/65
	63		71			/font/5001/73
	69		77			/font/5001/74
	75		83			/font/5001/72
	81		89			/font/5001/6f
	87		95			/font/5001/79
	93		101			/font/5001/65
	99		107			/font/5001/72
	15	404	23	417	00ff00	/font/5001/54
	21		29			/font/5001/72
	27		35			/font/5001/61
	33		41			/font/5001/6e
	39		47			/font/5001/73
	45		53			/font/5001/70
	51		59			/font/5001/6f
	57		65			/font/5001/72
	63		71			/font/5001/74
line	12	438	119	438	009000
rect	16	450	114	475	001010
line	17	461	17	450	00c0c0
		450	43		
	43			461	007070
		461	17		
rect	18	451	43	461	009090
tint	19	450	27	463	00ffff	/font/5001/52
	25		33			/font/5001/47
	31		39			/font/5001/48
	37		45			/font/5001/54
	43		51			/font/5001/20
	49		57			/font/5001/42
	55		63			/font/5001/75
	61		69			/font/5001/69
	67		75			/font/5001/6c
	73		81			/font/5001/64
line	17	473	17	462	00c0c0
		462	43		
	43			473	007070
		473	17		
rect	18	463	43	473	009090
tint	19	462	27	475	00ffff	/font/5001/4c
	25		33			/font/5001/45
	31		39			/font/5001/46
	37		45			/font/5001/54
	43		51			/font/5001/20
	49		57			/font/5001/4d
	55		63			/font/5001/61
	61		69			/font/5001/69
	67		75			/font/5001/6e
	73		81			/font/5001/20
	79		87			/font/5001/4d
	85		93			/font/5001/65
	91		99			/font/5001/6e
	97		105			/font/5001/75
line	12	191	12	180	ffff00
		180	119		
	119			191	909000
		191	12		
rect	13	181	119	191	c0c000
tint	15	180	23	193	000000	/font/5001/43
	21		29			/font/5001/4f
	27		35			/font/5001/4e
	33		41			/font/5001/54
	39		47			/font/5001/52
	45		53			/font/5001/4f
	51		59			/font/5001/4c
line	14	204	35	204	489048
			14	205	
	35		35		
	14	225		225	
			14	224	
	35		35		
	12	263	12	252	007fff
		252	119		
	119			263	00488f
		263	12		
rect	13	253	119	263	0060c0
tint	15	252	23	265	000000	/font/5001/54
	21		29			/font/5001/41
	27		35			/font/5001/52
	33		41			/font/5001/47
	39		47			/font/5001/45
	45		53			/font/5001/54
	15	264	23	277	7fff7f	/font/5001/48
	21		29			/font/5001/56
	27		35			/font/5001/44
	33		41			/font/5001/53
	39		47			/font/5001/54
	45		53			/font/5001/52
	51		59			/font/5001/59
	57		65			/font/5001/52
draw	16	279	34	295	/sprites/646.SMIV/0
line	14	276	35	276	489048
			14	277	
	35		35		
	14	297		297	
			14	296	
	35		35		
rect	42	278	49	285	003870
		285		296	0060c0
line	40	276	50	276	00488f
			40	277	
	50		50		
	40	297		297	
			40	296	
	50		50		
rect	55	278	62	280	707000
		280		296	c0c000
line	53	276	63	276	909000
			53	277	
	63		63		
	53	297		297	
			53	296	
	63		63		
tint	69	276	77	289	7fff7f	/font/5001/4c
	75		83			/font/5001/42
	81		89			/font/5001/45
	87		95			/font/5001/41
	93		101			/font/5001/4d
	99		107			/font/5001/20
	105		113			/font/5001/31
	69	288	77	301		/font/5001/46
	75		83			/font/5001/55
	81		89			/font/5001/4c
	87		95			
	93		101			/font/5001/50
	99		107			/font/5001/4c
	105		113			/font/5001/53
	111		119			/font/5001/45
	69	264	77	277		/font/5001/43
	75		83			/font/5001/4d
	81		89			/font/5001/49
	87		95			/font/5001/53
	93		101			
	99		107			/font/5001/49
	105		113			/font/5001/4c
	111		119			/font/5001/45
