point	203	114	808080
	295	406	
	180	416	
	498	215	
	217	136	d0d0d0
	192	426	
	154	430	
	295	7	b0b0b0
	442	241	808080
	292	408	b0b0b0
	471	51	808080
	241	378	
	167	191	
	137	420	b0b0b0
	155	149	808080
	213	1	b0b0b0
	597	208	d0d0d0
	160	332	b0b0b0
	203	25	
	257	315	
	226	170	808080
	264	444	d0d0d0
	344	148	b0b0b0
	552	251	808080
	266	219	d0d0d0
	354	442	b0b0b0
	381	292	808080
	153	158	b0b0b0
	507	292	808080
	603	460	
	415	132	
	577	87	d0d0d0
	154	278	808080
	518	115	
	382	237	b0b0b0
	445	463	808080
	322	162	
	304	169	
	426	149	b0b0b0
	416	127	808080
	175	323	b0b0b0
	168	374	808080
	363	25	b0b0b0
	243	89	
	137	337	
	297	412	
	287	322	808080
	500	351	
	158	406	
	300	130	d0d0d0
	532	356	b0b0b0
	267	15	
	259	40	
	278	232	
	498	354	d0d0d0
	476	172	808080
	170	126	
	500	439	
	588	380	
	260	345	
	207	190	b0b0b0
	301	26	808080
	563	47	d0d0d0
	424	392	b0b0b0
	249	78	
	486	1	d0d0d0
	224	48	808080
	230	312	
	555	316	d0d0d0
	313	85	808080
	217	4	
	208	310	b0b0b0
	429	277	
	466	377	d0d0d0
	277	69	
	245	391	808080
	455	311	b0b0b0
	200	343	
	459	0	
	340	441	808080
	270	296	
	241	468	b0b0b0
	536	152	
	266	347	
	215	205	808080
	499	179	d0d0d0
	534	138	808080
	527	351	b0b0b0
	397	407	d0d0d0
	586	109	b0b0b0
	535	324	
	554	217	
	232	320	808080
	226	383	
	192	11	b0b0b0
	362	389	808080
	442	15	d0d0d0
	236	394	808080
	564	316	
	300	36	
	460	410	
	206	364	b0b0b0
	537	173	
	603	416	
	185	91	d0d0d0
	388	159	
	519	458	b0b0b0
	585	354	808080
	478	257	
	516	395	
	238	258	b0b0b0
	204	427	
	237	149	
	487	192	
	569	457	d0d0d0
	320	218	b0b0b0
	317	33	
	166	435	808080
	403	431	
	137	258	
	397	295	b0b0b0
	175	410	d0d0d0
	161	98	b0b0b0
	439	425	808080
	222	472	
line	521	0	521	480	000050
	128	84	608	84	
	-28	188	-22	173	7f7fff
draw	340	223	404	265	/sprites/646.SMIV/20
	360	52	408	69	/sprites/582.SMIV/6
	81	335	121	367	/sprites/578.SMIV/2
	-10	50	22	80	/sprites/501.SMIV/14
	304	271	424	321	/sprites/525.SMIV/19
	442	97	458	110	/sprites/510.SMIV/0
	60	327	100	355	/sprites/578.SMIV/19
	205	209	221	224	/sprites/507.SMIV/6
	183	280	191	285	/sprites/513.SMIV/12
	164	144	172	151	/sprites/513.SMIV/23
	113	291	129	296	/sprites/528.SMIV/17
	95	292	127	322	/sprites/541.SMIV/5
	-20	223	4	243	/sprites/584.SMIV/2
	177	183	201	204	/sprites/517.SMIV/0
	29	-1	53	16	/sprites/584.SMIV/4
	149	179	221	237	/sprites/504.SMIV/6
	262	299	278	318	/sprites/547.SMIV/3
		274		293	
	-11	78	25	107	/sprites/541.SMIV/13
	142	202	178	231	/sprites/541.SMIV/15
dither	200	451	444	468	300000
tint	204	455	212	467	000000	/font/5000/20
	211		219			/font/5000/43
	218		226			/font/5000/72
	225		233			/font/5000/75
	232		240			/font/5000/69
	239		247			/font/5000/73
	246		254			/font/5000/65
	253		261			/font/5000/72
	260		268			/font/5000/20
	267		275			/font/5000/64
	274		282			/font/5000/65
	281		289			/font/5000/73
	288		296			/font/5000/74
	295		303			/font/5000/72
	302		310			/font/5000/6f
	309		317			/font/5000/79
	316		324			/font/5000/65
	323		331			/font/5000/64
	330		338			/font/5000/2e
	337		345			/font/5000/20
	344		352			
	351		359			/font/5000/33
	358		366			/font/5000/20
	365		373			/font/5000/72
	372		380			/font/5000/65
	379		387			/font/5000/6d
	386		394			/font/5000/61
	393		401			/font/5000/69
	400		408			/font/5000/6e
	407		415			/font/5000/69
	414		422			/font/5000/6e
	421		429			/font/5000/67
	428		436			/font/5000/2e
	435		443			/font/5000/20
	203	454	211	466	ff0000	
	210		218			/font/5000/43
	217		225			/font/5000/72
	224		232			/font/5000/75
	231		239			/font/5000/69
	238		246			/font/5000/73
	245		253			/font/5000/65
	252		260			/font/5000/72
	259		267			/font/5000/20
	266		274			/font/5000/64
	273		281			/font/5000/65
	280		288			/font/5000/73
	287		295			/font/5000/74
	294		302			/font/5000/72
	301		309			/font/5000/6f
	308		316			/font/5000/79
	315		323			/font/5000/65
	322		330			/font/5000/64
	329		337			/font/5000/2e
	336		344			/font/5000/20
	343		351			
	350		358			/font/5000/33
	357		365			/font/5000/20
	364		372			/font/5000/72
	371		379			/font/5000/65
	378		386			/font/5000/6d
	385		393			/font/5000/61
	392		400			/font/5000/69
	399		407			/font/5000/6e
	406		414			/font/5000/69
	413		421			/font/5000/6e
	420		428			/font/5000/67
	427		435			/font/5000/2e
	434		442			/font/5000/20
dither	200	50	346	67	300018
tint	204	54	212	66	000000	/font/5000/57
	211		219			/font/5000/41
	218		226			/font/5000/52
	225		233			/font/5000/4e
	232		240			/font/5000/49
	239		247			/font/5000/4e
	246		254			/font/5000/47
	253		261			/font/5000/3a
	260		268			/font/5000/20
	267		275			/font/5000/53
	274		282			/font/5000/68
	281		289			/font/5000/69
	288		296			/font/5000/65
	295		303			/font/5000/6c
	302		310			/font/5000/64
	309		317			/font/5000/73
	316		324			/font/5000/20
	323		331			/font/5000/4c
	330		338			/font/5000/6f
	337		345			/font/5000/77
	203	53	211	65	ff007f	/font/5000/57
	210		218			/font/5000/41
	217		225			/font/5000/52
	224		232			/font/5000/4e
	231		239			/font/5000/49
	238		246			/font/5000/4e
	245		253			/font/5000/47
	252		260			/font/5000/3a
	259		267			/font/5000/20
	266		274			/font/5000/53
	273		281			/font/5000/68
	280		288			/font/5000/69
	287		295			/font/5000/65
	294		302			/font/5000/6c
	301		309			/font/5000/64
	308		316			/font/5000/73
	315		323			/font/5000/20
	322		330			/font/5000/4c
	329		337			/font/5000/6f
	336		344			/font/5000/77
line	209	120	215	134	489048
			224	121	
	215	134			204020
draw	0	0	128	480	/pictures/501.png
	608		640		/pictures/512.png
tint	29	159	37	172	ff0000	/font/5001/30
	35		43			/font/5001/31
	41		49			/font/5001/39
	102		110		ff7f00	/font/5001/31
	108		116			/font/5001/35
	114		122			/font/5001/30
line	614	451	614	359	00488f
		359	622		
	622			451	002850
		451	614		
rect	615	360	622	451	003870
line	614	456	614	452	007fff
		452	622		
	622			456	00488f
		456	614		
rect	615	453	622	456	0070e0
line	614	248	614	231	909048
		231	622		
	622			248	505028
		248	614		
rect	615	232	622	248	707038
line	614	328	614	249	ffff7f
		249	622		
	622			328	909048
		328	614		
rect	615	250	622	328	e0e070
line	614	133	614	103	904848
		103	622		
	622			133	502828
		133	614		
rect	615	104	622	133	703838
line	614	200	614	134	ff7f7f
		134	622		
	622			200	904848
		200	614		
rect	615	135	622	200	e07070
line	618	8	629	8	90488f
			618	9	
	629		629		
	618	36		36	
			618	35	
	629		629		
rect	620	10	628	35	703870
		35			c060c0
	634	49	636	52	7fff7f
		53		56	60c060
		57		60	
		61		64	
		65		68	
		69		72	7fff7f
		73		76	60c060
		77		80	
		81		84	
		85		88	
		89		92	7fff7f
		93		96	60c060
		97		100	
		101		104	703800
		105		108	
		109		112	904800
		113		116	703800
		117		120	
		121		124	
		125		128	
		129		132	904800
		133		136	703800
		137		140	183018
		141		144	
		145		148	
		149		152	
		153		156	
		157		160	
		161		164	
		165		168	
		169		172	
		173		176	
		177		180	
		181		184	
		185		188	
		189		192	
		193		196	
		197		200	
		201		204	
		205		208	
		209		212	
		213		216	
		217		220	
		221		224	
		225		228	
		229		232	
		233		236	
		237		240	
		241		244	
		245		248	
		249		252	
		253		256	
		257		260	
		261		264	
		265		268	
		269		272	
		273		276	
		277		280	
		281		284	
		285		288	
		289		292	
		293		296	
		297		300	
		301		304	
		305		308	
		309		312	
		313		316	
		317		320	
		321		324	
		325		328	
		329		332	
		333		336	
		337		340	
		341		344	
		345		348	
		349		352	
		353		356	
		357		360	
		361		364	
		365		368	
		369		372	
		373		376	
		377		380	
		381		384	
		385		388	
		389		392	
		393		396	
		397		400	
		401		404	
		405		408	
		409		412	
		413		416	
		417		420	
		421		424	
		425		428	
		429		432	
		433		436	
		437		440	
		441		444	
		445		448	
	621	52	631	56	303000
		57		61	
		62		66	
		67		71	
		72		76	
		77		81	
		82		86	
	7	7	115	115	00ff00
	8	8	114	114	001000
	57	57	65	65	003000
point	39	50	00e000
	55	56	
	20	25	
	61	58	
	52	56	
	51	49	
	53	61	
	40	53	
	56	63	
	50	52	
	51		
	53	63	
	54	58	
	46	49	
	36	56	
	10	28	
	52	63	
	61	62	
	53	61	
	54	60	
		61	
	57	62	
	26	21	
	55	57	
	62	59	
	22	37	
		26	
	57	62	
	60		
	58	61	
	60		
	49	57	
	56	62	
	58	61	
	52	52	
	53	56	
	57	61	
	58		
	54	58	
	46	53	
	58	61	
	53		
	62	65	
	16	27	
	57	60	
	53		
		57	
rect	12	320	121	440	001000
tint	15	320	23	333	00ff00	/font/5001/42
	21		29			/font/5001/55
	27		35			/font/5001/49
	33		41			/font/5001/4c
	39		47			/font/5001/44
	45		53			/font/5001/20
	51		59			/font/5001/53
	57		65			/font/5001/48
	63		71			/font/5001/49
	69		77			/font/5001/50
	75		83			/font/5001/53
line	12	342	119	342	009000
tint	15	332	23	345	00ff00	/font/5001/4c
	21		29			/font/5001/61
	27		35			/font/5001/6c
	33		41			/font/5001/61
	39		47			/font/5001/6e
	45		53			/font/5001/64
	51		59			/font/5001/65
	57		65			/font/5001/20
	63		71			/font/5001/41
	69		77			/font/5001/6c
	75		83			/font/5001/70
	81		89			/font/5001/68
	87		95			/font/5001/61
	15	344	23	357		/font/5001/43
	21		29			/font/5001/72
	27		35			/font/5001/75
	33		41			/font/5001/69
	39		47			/font/5001/73
	45		53			/font/5001/65
	51		59			/font/5001/72
	15	356	23	369		/font/5001/47
	21		29			/font/5001/75
	27		35			/font/5001/6e
	33		41			/font/5001/73
	39		47			/font/5001/68
	45		53			/font/5001/69
	51		59			/font/5001/70
	15	368	23	381		/font/5001/41
	21		29			/font/5001/73
	27		35			
	33		41			/font/5001/61
	39		47			/font/5001/75
	45		53			/font/5001/6c
	51		59			/font/5001/74
	57		65			/font/5001/20
	63		71			/font/5001/54
	69		77			/font/5001/72
	75		83			/font/5001/61
	81		89			/font/5001/6e
	87		95			/font/5001/73
	93		101			/font/5001/70
	99		107			/font/5001/6f
	105		113			/font/5001/72
	111		119			/font/5001/74
line	12	391	12	380	009000
		380	120		
	120			391	005000
		391	12		
rect	13	381	120	391	007000
tint	15	380	23	393	003000	/font/5001/43
	21		29			/font/5001/61
	27		35			/font/5001/72
	33		41			
	39		47			/font/5001/69
	45		53			/font/5001/65
	51		59			/font/5001/72
	15	392	23	405	009000	/font/5001/48
	21		29			/font/5001/65
	27		35			/font/5001/61
	33		41			/font/5001/76
	39		47			/font/5001/79
	45		53			/font/5001/20
	51		59			/font/5001/44
	57		65			/font/5001/65
	63		71			/font/5001/73
	69		77			/font/5001/74
	75		83			/font/5001/72
	81		89			/font/5001/6f
	87		95			/font/5001/79
	93		101			/font/5001/65
	99		107			/font/5001/72
	15	404	23	417	00ff00	/font/5001/54
	21		29			/font/5001/72
	27		35			/font/5001/61
	33		41			/font/5001/6e
	39		47			/font/5001/73
	45		53			/font/5001/70
	51		59			/font/5001/6f
	57		65			/font/5001/72
	63		71			/font/5001/74
line	12	438	119	438	009000
rect	16	450	114	475	001010
line	17	461	17	450	00c0c0
		450	43		
	43			461	007070
		461	17		
rect	18	451	43	461	009090
tint	19	450	27	463	00ffff	/font/5001/52
	25		33			/font/5001/47
	31		39			/font/5001/48
	37		45			/font/5001/54
	43		51			/font/5001/20
	49		57			/font/5001/42
	55		63			/font/5001/75
	61		69			/font/5001/69
	67		75			/font/5001/6c
	73		81			/font/5001/64
line	17	473	17	462	00c0c0
		462	43		
	43			473	007070
		473	17		
rect	18	463	43	473	009090
tint	19	462	27	475	00ffff	/font/5001/4c
	25		33			/font/5001/45
	31		39			/font/5001/46
	37		45			/font/5001/54
	43		51			/font/5001/20
	49		57			/font/5001/4d
	55		63			/font/5001/61
	61		69			/font/5001/69
	67		75			/font/5001/6e
	73		81			/font/5001/20
	79		87			/font/5001/4d
	85		93			/font/5001/65
	91		99			/font/5001/6e
	97		105			/font/5001/75
rect	12	180	120	192	000000
line	12	191	12	180	ffff00
		180	119		
	119			191	909000
		191	12		
rect	13	181	119	191	c0c000
tint	15	180	23	193	000000	/font/5001/43
	21		29			/font/5001/4f
	27		35			/font/5001/4e
	33		41			/font/5001/54
	39		47			/font/5001/52
	45		53			/font/5001/4f
	51		59			/font/5001/4c
rect	12	192	120	204	000000
	14	204	36	226	
line	14	204	35	204	489048
			14	205	
	35		35		
	14	225		225	
			14	224	
	35		35		
rect	40	204	51	226	000000
	53		64		
	69		120	216	
		216		228	
		192		204	
	12	228		240	
		252		264	
line	12	263	12	252	007fff
		252	119		
	119			263	00488f
		263	12		
rect	13	253	119	263	0060c0
tint	15	252	23	265	000000	/font/5001/54
	21		29			/font/5001/41
	27		35			/font/5001/52
	33		41			/font/5001/47
	39		47			/font/5001/45
	45		53			/font/5001/54
rect	12	264	120	276	000000
tint	15	264	23	277	7fff7f	/font/5001/48
	21		29			/font/5001/56
	27		35			/font/5001/44
	33		41			/font/5001/53
	39		47			/font/5001/54
	45		53			/font/5001/52
	51		59			/font/5001/59
	57		65			/font/5001/52
rect	14	276	36	298	000000
draw	16	279	34	295	/sprites/646.SMIV/0
line	14	276	35	276	489048
			14	277	
	35		35		
	14	297		297	
			14	296	
	35		35		
rect	40	276	51	298	000000
	42	278	49	295	003870
		295		296	0060c0
line	40	276	50	276	00488f
			40	277	
	50		50		
	40	297		297	
			40	296	
	50		50		
rect	53	276	64	298	000000
	55	278	62	282	707000
		282		296	c0c000
line	53	276	63	276	909000
			53	277	
	63		63		
	53	297		297	
			53	296	
	63		63		
rect	69	276	120	288	000000
tint	69	276	77	289	7fff7f	/font/5001/4c
	75		83			/font/5001/42
	81		89			/font/5001/45
	87		95			/font/5001/41
	93		101			/font/5001/4d
	99		107			/font/5001/20
	105		113			/font/5001/31
rect	69	288	120	300	000000
tint	69	288	77	301	7fff7f	/font/5001/46
	75		83			/font/5001/55
	81		89			/font/5001/4c
	87		95			
	93		101			/font/5001/50
	99		107			/font/5001/4c
	105		113			/font/5001/53
	111		119			/font/5001/45
rect	69	264	120	276	000000
tint	69	264	77	277	7fff7f	/font/5001/43
	75		83			/font/5001/4d
	81		89			/font/5001/49
	87		95			/font/5001/53
	93		101			
	99		107			/font/5001/49
	105		113			/font/5001/4c
	111		119			/font/5001/45
rect	12	300	120	312	000000
