point	330	229	808080
	315	83	d0d0d0
	396	454	b0b0b0
	154	168	
	298	355	808080
	286	141	
	267	384	
	485	180	b0b0b0
	569	356	808080
	372	135	d0d0d0
	598	167	808080
	393	13	
	457	413	d0d0d0
	196	146	
	194	51	808080
	261	147	
	311	221	b0b0b0
	538	49	808080
	479	464	d0d0d0
	215	11	
	353	286	808080
	354	98	
	534	321	b0b0b0
	533	27	
	520	450	d0d0d0
	479	181	
	507	407	808080
	272	353	
	154	186	
	448	431	d0d0d0
	541	248	808080
	351	473	d0d0d0
	280	271	808080
	165	285	
	572	411	b0b0b0
	539	98	808080
	449	277	
	431	285	
	136	243	b0b0b0
	542		808080
	439	422	d0d0d0
	446	81	b0b0b0
	553	199	
	433	262	
	261	101	808080
	597	70	
	413	437	
	165	307	d0d0d0
	441	241	
	554	361	
	352	74	b0b0b0
	457	188	
	449	213	
	468	405	
	202	280	808080
	603	287	
	248	179	
	175	205	
	235	198	
	387	460	
	307	375	
	428	142	
	337	204	d0d0d0
	523	85	b0b0b0
	439	252	
	412	173	
	351	163	808080
	357	427	
	329	424	d0d0d0
	440	201	808080
	344	119	
	176	10	
	143	153	d0d0d0
	414	129	
	531	300	
	425	27	808080
	440	7	b0b0b0
	541	15	
	512	228	d0d0d0
	521	76	808080
	397	411	
	406	162	b0b0b0
	208	244	808080
	404	54	d0d0d0
	342	321	808080
	238	338	b0b0b0
	206	399	
	202	131	808080
	552	38	
	352	281	d0d0d0
	208	115	808080
	220	340	
	358	435	
	143	393	
	242	449	b0b0b0
	453	48	d0d0d0
	458	12	808080
	591	29	
	593	57	
	427	152	
	579	67	b0b0b0
	318	22	808080
	468	7	
	265	150	b0b0b0
	280	249	808080
	145	190	
	592	201	d0d0d0
	335	348	
	604	373	808080
	197	399	d0d0d0
	428	431	b0b0b0
	181	155	808080
	427	322	b0b0b0
	486	17	
	438	182	d0d0d0
	511	391	b0b0b0
	507	206	
	373	205	
	547	66	808080
	396	421	d0d0d0
	587	469	b0b0b0
	176	97	808080
	275	146	
	409	120	d0d0d0
	259	423	
line	286	0	286	480	000050
	471		471		
	128	165	608	165	002850
		350		350	000050
	361	232	363	235	ffff7f
	309	166	313	171	
	343	202	347	207	
draw	164	174	210	220	/sprites/1031.SMIV/0
	492	472	497	477	/sprites/510.SMIV/20
	359	232	380	249	/sprites/646.SMIV/22
	245	306	256	319	/sprites/582.SMIV/22
	338	-2	346	12	/sprites/582.SMIV/11
	477	331	491	339	/sprites/650.SMIV/4
	396	467	404	479	/sprites/650.SMIV/23
	567	368	581	382	/sprites/509.SMIV/18
	480	317	491	325	/sprites/501.SMIV/0
	73	156	88	166	/sprites/578.SMIV/4
	299	364	336	389	/sprites/525.SMIV/21
	350	268	355	272	/sprites/510.SMIV/18
	346	177	348	178	/sprites/513.SMIV/20
	131	290	132	292	/sprites/513.SMIV/17
	479	230	481	232	/sprites/513.SMIV/23
	221	15	231	22	/sprites/522.SMIV/6
	217	99	227	107	/sprites/522.SMIV/2
	322	180	332	189	/sprites/522.SMIV/4
	291	358	295	361	/sprites/528.SMIV/21
	265	142	275	149	/sprites/522.SMIV/6
dither	200	50	346	67	300018
tint	204	54	212	66	000000	/font/5000/57
	211		219			/font/5000/41
	218		226			/font/5000/52
	225		233			/font/5000/4e
	232		240			/font/5000/49
	239		247			/font/5000/4e
	246		254			/font/5000/47
	253		261			/font/5000/3a
	260		268			/font/5000/20
	267		275			/font/5000/53
	274		282			/font/5000/68
	281		289			/font/5000/69
	288		296			/font/5000/65
	295		303			/font/5000/6c
	302		310			/font/5000/64
	309		317			/font/5000/73
	316		324			/font/5000/20
	323		331			/font/5000/4c
	330		338			/font/5000/6f
	337		345			/font/5000/77
	203	53	211	65	ff007f	/font/5000/57
	210		218			/font/5000/41
	217		225			/font/5000/52
	224		232			/font/5000/4e
	231		239			/font/5000/49
	238		246			/font/5000/4e
	245		253			/font/5000/47
	252		260			/font/5000/3a
	259		267			/font/5000/20
	266		274			/font/5000/53
	273		281			/font/5000/68
	280		288			/font/5000/69
	287		295			/font/5000/65
	294		302			/font/5000/6c
	301		309			/font/5000/64
	308		316			/font/5000/73
	315		323			/font/5000/20
	322		330			/font/5000/4c
	329		337			/font/5000/6f
	336		344			/font/5000/77
dither	187	177	319	194	001830
tint	191	181	199	193	000000	/font/5000/4c
	198		206			/font/5000/61
	205		213			/font/5000/6c
	212		220			/font/5000/61
	219		227			/font/5000/6e
	226		234			/font/5000/64
	233		241			/font/5000/65
	240		248			/font/5000/20
	247		255			/font/5000/42
	254		262			/font/5000/65
	261		269			/font/5000/74
	268		276			/font/5000/61
	275		283			/font/5000/20
	282		290			/font/5000/3c
	289		297			/font/5000/20
	296		304			/font/5000/33
	303		311			/font/5000/20
	310		318			/font/5000/3e
	190	180	198	192	007fff	/font/5000/4c
	197		205			/font/5000/61
	204		212			/font/5000/6c
	211		219			/font/5000/61
	218		226			/font/5000/6e
	225		233			/font/5000/64
	232		240			/font/5000/65
	239		247			/font/5000/20
	246		254			/font/5000/42
	253		261			/font/5000/65
	260		268			/font/5000/74
	267		275			/font/5000/61
	274		282			/font/5000/20
	281		289			/font/5000/3c
	288		296			/font/5000/20
	295		303			/font/5000/33
	302		310			/font/5000/20
	309		317			/font/5000/3e
line	253	76	254	91	489048
			267	82	
	254	91			204020
draw	0	0	128	480	/pictures/501.png
	608		640		/pictures/512.png
tint	29	159	37	172	ff0000	/font/5001/30
	35		43			/font/5001/31
	41		49			/font/5001/35
	102		110		ff7f00	/font/5001/31
	108		116			/font/5001/35
	114		122			/font/5001/30
line	614	450	614	359	00488f
		359	622		
	622			450	002850
		450	614		
rect	615	360	622	450	003870
line	614	456	614	451	007fff
		451	622		
	622			456	00488f
		456	614		
rect	615	452	622	456	0070e0
line	614	247	614	231	909048
		231	622		
	622			247	505028
		247	614		
rect	615	232	622	247	707038
line	614	328	614	248	ffff7f
		248	622		
	622			328	909048
		328	614		
rect	615	249	622	328	e0e070
line	614	135	614	103	904848
		103	622		
	622			135	502828
		135	614		
rect	615	104	622	135	703838
line	614	200	614	136	ff7f7f
		136	622		
	622			200	904848
		200	614		
rect	615	137	622	200	e07070
line	618	8	629	8	90488f
			618	9	
	629		629		
	618	36		36	
			618	35	
	629		629		
rect	620	10	628	35	703870
		35			c060c0
	634	49	636	52	7fff7f
		53		56	60c060
		57		60	
		61		64	
		65		68	
		69		72	7fff7f
		73		76	60c060
		77		80	
		81		84	
		85		88	
		89		92	7fff7f
		93		96	60c060
		97		100	
		101		104	
		105		108	703800
		109		112	904800
		113		116	703800
		117		120	
		121		124	
		125		128	
		129		132	904800
		133		136	703800
		137		140	183018
		141		144	
		145		148	
		149		152	
		153		156	
		157		160	
		161		164	
		165		168	
		169		172	
		173		176	
		177		180	
		181		184	
		185		188	
		189		192	
		193		196	
		197		200	
		201		204	
		205		208	
		209		212	
		213		216	
		217		220	
		221		224	
		225		228	
		229		232	
		233		236	
		237		240	
		241		244	
		245		248	
		249		252	
		253		256	
		257		260	
		261		264	
		265		268	
		269		272	
		273		276	
		277		280	
		281		284	
		285		288	
		289		292	
		293		296	
		297		300	
		301		304	
		305		308	
		309		312	
		313		316	
		317		320	
		321		324	
		325		328	
		329		332	
		333		336	
		337		340	
		341		344	
		345		348	
		349		352	
		353		356	
		357		360	
		361		364	
		365		368	
		369		372	
		373		376	
		377		380	
		381		384	
		385		388	
		389		392	
		393		396	
		397		400	
		401		404	
		405		408	
		409		412	
		413		416	
		417		420	
		421		424	
		425		428	
		429		432	
		433		436	
		437		440	
		441		444	
		445		448	
	621	52	631	56	303000
		57		61	
		62		66	
		67		71	
		72		76	
		77		81	
		82		86	
	7	7	115	115	00ff00
	8	8	114	114	001000
	48	48	74	74	003000
point	51	59	00e000
	55	65	
	60	48	
	67	74	
		66	
	62	73	
	61	61	
	72	68	
	68	75	
	67	65	
		73	
	69	75	
	64		
	60	76	
	46	57	
	59	68	
	58	58	
	54	54	
	59	59	
	54	49	
	60	60	
	57	67	
	56	57	
	61	62	
	72	80	
	60	58	
	48	63	
	70	82	
	67	61	
rect	12	320	121	440	001000
tint	15	320	23	333	00ff00	/font/5001/42
	21		29			/font/5001/55
	27		35			/font/5001/49
	33		41			/font/5001/4c
	39		47			/font/5001/44
	45		53			/font/5001/20
	51		59			/font/5001/53
	57		65			/font/5001/48
	63		71			/font/5001/49
	69		77			/font/5001/50
	75		83			/font/5001/53
line	12	342	119	342	009000
tint	15	332	23	345	00ff00	/font/5001/4c
	21		29			/font/5001/61
	27		35			/font/5001/6c
	33		41			/font/5001/61
	39		47			/font/5001/6e
	45		53			/font/5001/64
	51		59			/font/5001/65
	57		65			/font/5001/20
	63		71			/font/5001/41
	69		77			/font/5001/6c
	75		83			/font/5001/70
	81		89			/font/5001/68
	87		95			/font/5001/61
	15	344	23	357		/font/5001/43
	21		29			/font/5001/72
	27		35			/font/5001/75
	33		41			/font/5001/69
	39		47			/font/5001/73
	45		53			/font/5001/65
	51		59			/font/5001/72
	15	356	23	369		/font/5001/47
	21		29			/font/5001/75
	27		35			/font/5001/6e
	33		41			/font/5001/73
	39		47			/font/5001/68
	45		53			/font/5001/69
	51		59			/font/5001/70
	15	368	23	381		/font/5001/41
	21		29			/font/5001/73
	27		35			
	33		41			/font/5001/61
	39		47			/font/5001/75
	45		53			/font/5001/6c
	51		59			/font/5001/74
	57		65			/font/5001/20
	63		71			/font/5001/54
	69		77			/font/5001/72
	75		83			/font/5001/61
	81		89			/font/5001/6e
	87		95			/font/5001/73
	93		101			/font/5001/70
	99		107			/font/5001/6f
	105		113			/font/5001/72
	111		119			/font/5001/74
line	12	391	12	380	009000
		380	120		
	120			391	005000
		391	12		
rect	13	381	120	391	007000
tint	15	380	23	393	003000	/font/5001/43
	21		29			/font/5001/61
	27		35			/font/5001/72
	33		41			
	39		47			/font/5001/69
	45		53			/font/5001/65
	51		59			/font/5001/72
	15	392	23	405	009000	/font/5001/48
	21		29			/font/5001/65
	27		35			/font/5001/61
	33		41			/font/5001/76
	39		47			/font/5001/79
	45		53			/font/5001/20
	51		59			/font/5001/44
	57		65			/font/5001/65
	63		71			/font/5001/73
	69		77			/font/5001/74
	75		83			/font/5001/72
	81		89			/font/5001/6f
	87		95			/font/5001/79
	93		101			/font/5001/65
	99		107			/font/5001/72
	15	404	23	417	00ff00	/font/5001/54
	21		29			/font/5001/72
	27		35			/font/5001/61
	33		41			/font/5001/6e
	39		47			/font/5001/73
	45		53			/font/5001/70
	51		59			/font/5001/6f
	57		65			/font/5001/72
	63		71			/font/5001/74
line	12	438	119	438	009000
rect	16	450	114	475	001010
line	17	461	17	450	00c0c0
		450	43		
	43			461	007070
		461	17		
rect	18	451	43	461	009090
tint	19	450	27	463	00ffff	/font/5001/52
	25		33			/font/5001/47
	31		39			/font/5001/48
	37		45			/font/5001/54
	43		51			/font/5001/20
	49		57			/font/5001/42
	55		63			/font/5001/75
	61		69			/font/5001/69
	67		75			/font/5001/6c
	73		81			/font/5001/64
line	17	473	17	462	00c0c0
		462	43		
	43			473	007070
		473	17		
rect	18	463	43	473	009090
tint	19	462	27	475	00ffff	/font/5001/4c
	25		33			/font/5001/45
	31		39			/font/5001/46
	37		45			/font/5001/54
	43		51			/font/5001/20
	49		57			/font/5001/4d
	55		63			/font/5001/61
	61		69			/font/5001/69
	67		75			/font/5001/6e
	73		81			/font/5001/20
	79		87			/font/5001/4d
	85		93			/font/5001/65
	91		99			/font/5001/6e
	97		105			/font/5001/75
line	12	191	12	180	ffff00
		180	120		
	120			191	909000
		191	12		
rect	13	181	120	191	c0c000
tint	15	180	23	193	000000	/font/5001/43
	21		29			/font/5001/4f
	27		35			/font/5001/4e
	33		41			/font/5001/54
	39		47			/font/5001/52
	45		53			/font/5001/4f
	51		59			/font/5001/4c
line	14	204	35	204	489048
			14	205	
	35		35		
	14	225		225	
			14	224	
	35		35		
	12	263	12	252	007fff
		252	120		
	120			263	00488f
		263	12		
rect	13	253	120	263	0060c0
tint	15	252	23	265	000000	/font/5001/54
	21		29			/font/5001/41
	27		35			/font/5001/52
	33		41			/font/5001/47
	39		47			/font/5001/45
	45		53			/font/5001/54
	15	264	23	277	7fff7f	/font/5001/4c
	21		29			/font/5001/61
	27		35			/font/5001/6c
	33		41			/font/5001/61
	39		47			/font/5001/6e
	45		53			/font/5001/64
	51		59			/font/5001/65
	57		65			/font/5001/20
	63		71			/font/5001/42
	69		77			/font/5001/65
	75		83			/font/5001/74
	81		89			/font/5001/61
draw	16	278	34	296	/sprites/1031.SMIV/0
line	14	276	35	276	489048
			14	277	
	35		35		
	14	297		297	
			14	296	
	35		35		
