point	452	8	808080
	512	121	b0b0b0
	457	240	808080
	217	368	
	422	104	
	340	360	b0b0b0
	344	365	808080
	152	15	d0d0d0
	211	9	808080
	233	319	
	341	117	
	488	68	d0d0d0
	227	154	808080
	266	256	b0b0b0
	312	225	
	324	370	
	462	405	808080
	478	20	d0d0d0
	141	17	808080
	604	23	
	475	65	
	464	357	
	335	166	
	199	330	
	535	244	
	333	139	
	237	38	b0b0b0
	248	448	808080
	419	445	
	538	110	b0b0b0
	598	133	808080
	360	250	
	402	50	
	287	64	
	218	128	
	599	3	
	162	336	b0b0b0
	552	1	808080
	223	268	b0b0b0
	542	140	808080
	287	382	d0d0d0
	455	373	
	214	67	808080
	313	286	
	337	359	
	288	271	d0d0d0
	188	82	b0b0b0
	240	146	808080
	162	360	b0b0b0
	322	187	808080
	430	9	b0b0b0
	470	116	d0d0d0
	145	64	808080
	167	312	
	324	59	
	150	29	d0d0d0
	521	418	b0b0b0
	543	463	808080
	528	456	
	390	48	d0d0d0
	405	153	808080
	213	361	b0b0b0
	471	179	
	194	308	
	444	311	d0d0d0
	286	418	808080
	403	365	d0d0d0
	595	125	b0b0b0
	529	231	808080
	560	20	
	135	329	b0b0b0
	557	268	808080
	454	431	
	259	173	
	598	69	d0d0d0
	563	194	
	209	289	808080
	230	147	d0d0d0
	392	27	
	403	328	808080
	186	429	
	583	186	d0d0d0
	330	23	808080
	379	373	b0b0b0
	567	417	808080
	498	162	
	233	65	b0b0b0
	570	301	d0d0d0
	129	406	808080
	573	297	
	136	272	d0d0d0
	428	116	808080
	390	80	b0b0b0
	309	408	808080
	144	77	
	428	296	d0d0d0
	463	130	808080
	147	240	b0b0b0
	157	185	808080
	427	377	b0b0b0
	338	205	808080
	482	183	b0b0b0
	391	240	d0d0d0
	388	238	
	402	28	808080
	364	418	d0d0d0
	164	182	808080
	429	430	
	255	307	b0b0b0
	389	335	808080
	575	342	b0b0b0
	259	381	
	409	469	d0d0d0
	169	78	808080
	319	91	d0d0d0
	317	168	b0b0b0
	242	109	808080
	395	184	d0d0d0
	513	322	b0b0b0
	589	163	
	209	25	d0d0d0
	570	388	
	345	333	
	424	470	b0b0b0
	226	160	
	492	-483	804000
	550	-415	
	509	-484	
	528	-399	
	472	-416	
	531	-433	
	554	-458	
	466	-479	
	489	-448	
	482		
line	232	0	232	480	002850
	480		480		000050
	128	115	608	115	
		363		363	
	1129	309	1120	304	ffff7f
draw	353	229	377	252	/sprites/646.SMIV/1
	612	439	631	454	/sprites/578.SMIV/22
dither	200	50	262	67	003030
tint	204	54	212	66	000000	/font/5000/31
	211		219			/font/5000/3a
	218		226			/font/5000/34
	225		233			/font/5000/20
	232		240			/font/5000/5a
	239		247			/font/5000/6f
	246		254			
	253		261			/font/5000/6d
	203	53	211	65	00ffff	/font/5000/31
	210		218			/font/5000/3a
	217		225			/font/5000/34
	224		232			/font/5000/20
	231		239			/font/5000/5a
	238		246			/font/5000/6f
	245		253			
	252		260			/font/5000/6d
line	411	45	401	56	489048
			415	60	
	401	56			204020
draw	0	0	128	480	/pictures/501.png
	608		640		/pictures/512.png
tint	29	159	37	172	ff0000	/font/5001/30
	35		43			/font/5001/31
	41		49			/font/5001/36
	102		110		ff7f00	/font/5001/31
	108		116			/font/5001/35
	114		122			/font/5001/30
line	614	448	614	359	00488f
		359	622		
	622			448	002850
		448	614		
rect	615	360	622	448	003870
line	614	456	614	449	007fff
		449	622		
	622			456	00488f
		456	614		
rect	615	450	622	456	0070e0
line	614	240	614	231	909048
		231	622		
	622			240	505028
		240	614		
rect	615	232	622	240	707038
line	614	328	614	241	ffff7f
		241	622		
	622			328	909048
		328	614		
rect	615	242	622	328	e0e070
line	614	139	614	103	904848
		103	622		
	622			139	502828
		139	614		
rect	615	104	622	139	703838
line	614	200	614	140	ff7f7f
		140	622		
	622			200	904848
		200	614		
rect	615	141	622	200	e07070
line	618	8	629	8	90488f
			618	9	
	629		629		
	618	36		36	
			618	35	
	629		629		
rect	620	10	628	35	703870
		35			c060c0
	634	49	636	52	7fff7f
		53		56	60c060
		57		60	
		61		64	
		65		68	
		69		72	7fff7f
		73		76	60c060
		77		80	
		81		84	
		85		88	
		89		92	7fff7f
		93		96	60c060
		97		100	
		101		104	
		105		108	
		109		112	7fff7f
		113		116	703800
		117		120	
		121		124	
		125		128	
		129		132	904800
		133		136	703800
		137		140	183018
		141		144	
		145		148	
		149		152	
		153		156	
		157		160	
		161		164	
		165		168	
		169		172	
		173		176	
		177		180	
		181		184	
		185		188	
		189		192	
		193		196	
		197		200	
		201		204	
		205		208	
		209		212	
		213		216	
		217		220	
		221		224	
		225		228	
		229		232	
		233		236	
		237		240	
		241		244	
		245		248	
		249		252	
		253		256	
		257		260	
		261		264	
		265		268	
		269		272	
		273		276	
		277		280	
		281		284	
		285		288	
		289		292	
		293		296	
		297		300	
		301		304	
		305		308	
		309		312	
		313		316	
		317		320	
		321		324	
		325		328	
		329		332	
		333		336	
		337		340	
		341		344	
		345		348	
		349		352	
		353		356	
		357		360	
		361		364	
		365		368	
		369		372	
		373		376	
		377		380	
		381		384	
		385		388	
		389		392	
		393		396	
		397		400	
		401		404	
		405		408	
		409		412	
		413		416	
		417		420	
		421		424	
		425		428	
		429		432	
		433		436	
		437		440	
		441		444	
		445		448	
	621	52	631	56	303000
		57		61	
		62		66	
		67		71	
		72		76	
		77		81	
		82		86	
	7	7	115	115	00ff00
	8	8	114	114	001000
	52	52	70	70	003000
point	61	48	00e000
	70	29	
	73	41	
	68	28	
	77	29	
	74	28	
	92	63	
	85	60	
	87	54	
	71	40	
	66	27	
	72	41	
	88	62	
	80	43	
	71	69	
	61	50	
	91	69	
	62	49	
	69	32	
	72	45	
	96	81	
	61	41	
	66	28	
	68		
	67		
	39	57	
	79	91	
	71	36	
rect	12	320	121	440	001000
tint	15	320	23	333	00ff00	/font/5001/42
	21		29			/font/5001/55
	27		35			/font/5001/49
	33		41			/font/5001/4c
	39		47			/font/5001/44
	45		53			/font/5001/20
	51		59			/font/5001/53
	57		65			/font/5001/48
	63		71			/font/5001/49
	69		77			/font/5001/50
	75		83			/font/5001/53
line	12	342	119	342	009000
tint	15	332	23	345	00ff00	/font/5001/4c
	21		29			/font/5001/61
	27		35			/font/5001/6c
	33		41			/font/5001/61
	39		47			/font/5001/6e
	45		53			/font/5001/64
	51		59			/font/5001/65
	57		65			/font/5001/20
	63		71			/font/5001/41
	69		77			/font/5001/6c
	75		83			/font/5001/70
	81		89			/font/5001/68
	87		95			/font/5001/61
	15	344	23	357		/font/5001/43
	21		29			/font/5001/72
	27		35			/font/5001/75
	33		41			/font/5001/69
	39		47			/font/5001/73
	45		53			/font/5001/65
	51		59			/font/5001/72
	15	356	23	369		/font/5001/47
	21		29			/font/5001/75
	27		35			/font/5001/6e
	33		41			/font/5001/73
	39		47			/font/5001/68
	45		53			/font/5001/69
	51		59			/font/5001/70
	15	368	23	381		/font/5001/41
	21		29			/font/5001/73
	27		35			
	33		41			/font/5001/61
	39		47			/font/5001/75
	45		53			/font/5001/6c
	51		59			/font/5001/74
	57		65			/font/5001/20
	63		71			/font/5001/54
	69		77			/font/5001/72
	75		83			/font/5001/61
	81		89			/font/5001/6e
	87		95			/font/5001/73
	93		101			/font/5001/70
	99		107			/font/5001/6f
	105		113			/font/5001/72
	111		119			/font/5001/74
line	12	391	12	380	009000
		380	120		
	120			391	005000
		391	12		
rect	13	381	120	391	007000
tint	15	380	23	393	003000	/font/5001/43
	21		29			/font/5001/61
	27		35			/font/5001/72
	33		41			
	39		47			/font/5001/69
	45		53			/font/5001/65
	51		59			/font/5001/72
	15	392	23	405	009000	/font/5001/48
	21		29			/font/5001/65
	27		35			/font/5001/61
	33		41			/font/5001/76
	39		47			/font/5001/79
	45		53			/font/5001/20
	51		59			/font/5001/44
	57		65			/font/5001/65
	63		71			/font/5001/73
	69		77			/font/5001/74
	75		83			/font/5001/72
	81		89			/font/5001/6f
	87		95			/font/5001/79
	93		101			/font/5001/65
	99		107			/font/5001/72
	15	404	23	417	00ff00	/font/5001/54
	21		29			/font/5001/72
	27		35			/font/5001/61
	33		41			/font/5001/6e
	39		47			/font/5001/73
	45		53			/font/5001/70
	51		59			/font/5001/6f
	57		65			/font/5001/72
	63		71			/font/5001/74
line	12	438	119	438	009000
rect	16	450	114	475	001010
line	17	461	17	450	00c0c0
		450	43		
	43			461	007070
		461	17		
rect	18	451	43	461	009090
tint	19	450	27	463	00ffff	/font/5001/52
	25		33			/font/5001/47
	31		39			/font/5001/48
	37		45			/font/5001/54
	43		51			/font/5001/20
	49		57			/font/5001/42
	55		63			/font/5001/75
	61		69			/font/5001/69
	67		75			/font/5001/6c
	73		81			/font/5001/64
line	17	473	17	462	00c0c0
		462	43		
	43			473	007070
		473	17		
rect	18	463	43	473	009090
tint	19	462	27	475	00ffff	/font/5001/4c
	25		33			/font/5001/45
	31		39			/font/5001/46
	37		45			/font/5001/54
	43		51			/font/5001/20
	49		57			/font/5001/4d
	55		63			/font/5001/61
	61		69			/font/5001/69
	67		75			/font/5001/6e
	73		81			/font/5001/20
	79		87			/font/5001/4d
	85		93			/font/5001/65
	91		99			/font/5001/6e
	97		105			/font/5001/75
line	12	191	12	180	ffff00
		180	119		
	119			191	909000
		191	12		
rect	13	181	119	191	c0c000
tint	15	180	23	193	000000	/font/5001/43
	21		29			/font/5001/4f
	27		35			/font/5001/4e
	33		41			/font/5001/54
	39		47			/font/5001/52
	45		53			/font/5001/4f
	51		59			/font/5001/4c
line	14	204	35	204	489048
			14	205	
	35		35		
	14	225		225	
			14	224	
	35		35		
	12	263	12	252	007fff
		252	119		
	119			263	00488f
		263	12		
rect	13	253	119	263	0060c0
tint	15	252	23	265	000000	/font/5001/54
	21		29			/font/5001/41
	27		35			/font/5001/52
	33		41			/font/5001/47
	39		47			/font/5001/45
	45		53			/font/5001/54
	15	264	23	277	7fff7f	/font/5001/4c
	21		29			/font/5001/61
	27		35			/font/5001/6c
	33		41			/font/5001/61
	39		47			/font/5001/6e
	45		53			/font/5001/64
	51		59			/font/5001/65
	57		65			/font/5001/20
	63		71			/font/5001/42
	69		77			/font/5001/65
	75		83			/font/5001/74
	81		89			/font/5001/61
draw	16	278	34	296	/sprites/1031.SMIV/0
line	14	276	35	276	489048
			14	277	
	35		35		
	14	297		297	
			14	296	
	35		35		
