point	465	444	b0b0b0
	495	73	
	446	208	808080
	206	336	
	411	72	
	323	312	b0b0b0
	333	333	808080
	394	442	b0b0b0
	446	456	808080
	222	286	
	330	85	
	225	1	
	216	122	
	249	208	b0b0b0
	295	177	
	308	322	
	451	373	808080
	541	456	
	164	449	d0d0d0
	294	462	
	464	32	808080
	453	325	
	324	134	
	188	298	
	524	212	
	322	107	
	275	472	
	237	416	
	408	413	
	521	62	b0b0b0
	587	101	808080
	349	218	
	391	18	
	276	32	
	207	96	
	423	450	
	145	288	b0b0b0
	425	418	d0d0d0
	207	220	b0b0b0
	531	107	808080
	265	317	d0d0d0
	434	309	
	203	35	808080
	302	253	
	326	327	
	267	207	d0d0d0
	171	34	b0b0b0
	229	113	808080
	145	312	b0b0b0
	311	155	808080
	455	452	
	448	51	d0d0d0
	137	413	
	156	280	808080
	313	27	
	435	460	
	504	370	b0b0b0
	532	431	808080
	517	424	
	497	470	
	394	121	
	197	313	b0b0b0
	454	131	
	178	260	
	422	246	d0d0d0
	275	385	808080
	382	301	d0d0d0
	579	77	b0b0b0
	518	199	808080
	147	467	
	598	413	b0b0b0
	546	235	808080
	443	399	
	248	141	
	252	2	b0b0b0
	542	130	d0d0d0
	198	257	808080
	209	82	d0d0d0
	206	441	
	392	296	808080
	175	397	
	561	122	d0d0d0
	226	461	
	362	325	b0b0b0
	556	384	808080
	487	130	
	216	17	b0b0b0
	549	237	d0d0d0
	596	72	808080
	562	265	
	593	400	d0d0d0
	417	84	808080
	374	32	b0b0b0
	298	375	808080
	135	99	b0b0b0
	406	232	d0d0d0
	452	98	808080
	130	152	b0b0b0
	146	153	808080
	411	329	b0b0b0
	327	173	808080
	465	135	b0b0b0
	370	175	d0d0d0
	367	174	
	230	473	b0b0b0
	342	354	d0d0d0
	153	150	808080
	418	398	
	239	259	b0b0b0
	378	303	808080
	559	294	b0b0b0
	242	333	
	388	405	d0d0d0
	158	46	808080
	297	27	d0d0d0
	301	120	b0b0b0
	231	76	808080
	374	120	d0d0d0
	496	274	b0b0b0
	572	115	
	504	458	808080
	548	323	d0d0d0
	323	269	
	407	421	b0b0b0
	210	112	
line	154	0	154	480	000050
	282		282		002850
	410		410		000050
	538		538		
	128	127	608	127	
		255		255	
		383		383	
	344	103	347	105	00ff00
	336	180	338	184	ffff7f
	347	217	349	220	
	362	235	364	237	
draw	326	5	358	37	/sprites/1031.SMIV/0
	396	37	400	40	/sprites/510.SMIV/15
	361	236	377	246	/sprites/646.SMIV/20
	295	209	301	218	/sprites/582.SMIV/23
	464	223	475	230	/sprites/582.SMIV/20
	268	166	279	173	/sprites/582.SMIV/16
	343	86	350	94	/sprites/650.SMIV/14
	443	63	447	66	/sprites/510.SMIV/2
	349	218	357	225	/sprites/501.SMIV/20
	475	192	482	198	/sprites/501.SMIV/18
	461	171	473	181	/sprites/509.SMIV/14
	273	203	283	209	/sprites/578.SMIV/18
	433	62	455	84	/sprites/525.SMIV/14
	384	106	394	113	/sprites/578.SMIV/5
	405	128	409	131	/sprites/510.SMIV/19
	279	164	287	171	/sprites/541.SMIV/6
	265	191	267	194	/sprites/528.SMIV/13
	390	89	393	91	/sprites/528.SMIV/15
	331	189	337	194	/sprites/522.SMIV/0
	446	221	452	226	/sprites/584.SMIV/2
	352	229	359	234	/sprites/522.SMIV/2
	438	74	443	78	/sprites/547.SMIV/2
	270	67	277	72	/sprites/522.SMIV/2
	439	74	444	77	/sprites/547.SMIV/1
	365	117	370	121	/sprites/547.SMIV/2
	291	107	297	112	/sprites/522.SMIV/3
	283	140	292	148	/sprites/541.SMIV/10
	357	100	362	104	/sprites/547.SMIV/2
	312	147	318	152	/sprites/522.SMIV/3
dither	200	50	346	67	300018
crop	204	54	211	65	56	55	000000	/fonts/tactical
	211		218		8	44		
	218		225		16	55		
	225		232		112	44		
	232		239		72			
	239		246		112			
	246		253		56			
	253		260		80	33		
	260		267		0	22		
	267		274		24	55		
	274		281		64	66		
	281		288		72			
	288		295		40			
	295		302		96			
	302		309		32			
	309		316		24	77		
	316		323		0	22		
	323		330		96	44		
	330		337		120	66		
	337		344		56	77		
	203	53	210	64		55	ff007f	
	210		217		8	44		
	217		224		16	55		
	224		231		112	44		
	231		238		72			
	238		245		112			
	245		252		56			
	252		259		80	33		
	259		266		0	22		
	266		273		24	55		
	273		280		64	66		
	280		287		72			
	287		294		40			
	294		301		96			
	301		308		32			
	308		315		24	77		
	315		322		0	22		
	322		329		96	44		
	329		336		120	66		
	336		343		56	77		
line	185	162	194	174	489048
			200	161	
	194	174			204020
draw	0	0	128	480	/pictures/501.png
	608		640		/pictures/512.png
crop	29	159	35	171	0	36	ff0000	/fonts/computer
	35		41					
	41		47		40			
	102		108		8		ff7f00	
	108		114		40			
	114		120		0			
line	614	447	614	359	00488f
		359	622		
	622			447	002850
		447	614		
rect	615	360	622	447	003870
line	614	456	614	448	007fff
		448	622		
	622			456	00488f
		456	614		
rect	615	449	622	456	0070e0
line	614	244	614	231	909048
		231	622		
	622			244	505028
		244	614		
rect	615	232	622	244	707038
line	614	328	614	245	ffff7f
		245	622		
	622			328	909048
		328	614		
rect	615	246	622	328	e0e070
line	614	141	614	103	904848
		103	622		
	622			141	502828
		141	614		
rect	615	104	622	141	703838
line	614	200	614	142	ff7f7f
		142	622		
	622			200	904848
		200	614		
rect	615	143	622	200	e07070
line	618	8	629	8	90488f
			618	9	
	629		629		
	618	36		36	
			618	35	
	629		629		
rect	620	10	628	35	703870
		35			c060c0
	634	49	636	52	7fff7f
		53		56	60c060
		57		60	
		61		64	
		65		68	
		69		72	7fff7f
		73		76	60c060
		77		80	
		81		84	
		85		88	
		89		92	7fff7f
		93		96	60c060
		97		100	
		101		104	
		105		108	
		109		112	7fff7f
		113		116	60c060
		117		120	703800
		121		124	
		125		128	
		129		132	904800
		133		136	703800
		137		140	183018
		141		144	
		145		148	
		149		152	
		153		156	
		157		160	
		161		164	
		165		168	
		169		172	
		173		176	
		177		180	
		181		184	
		185		188	
		189		192	
		193		196	
		197		200	
		201		204	
		205		208	
		209		212	
		213		216	
		217		220	
		221		224	
		225		228	
		229		232	
		233		236	
		237		240	
		241		244	
		245		248	
		249		252	
		253		256	
		257		260	
		261		264	
		265		268	
		269		272	
		273		276	
		277		280	
		281		284	
		285		288	
		289		292	
		293		296	
		297		300	
		301		304	
		305		308	
		309		312	
		313		316	
		317		320	
		321		324	
		325		328	
		329		332	
		333		336	
		337		340	
		341		344	
		345		348	
		349		352	
		353		356	
		357		360	
		361		364	
		365		368	
		369		372	
		373		376	
		377		380	
		381		384	
		385		388	
		389		392	
		393		396	
		397		400	
		401		404	
		405		408	
		409		412	
		413		416	
		417		420	
		421		424	
		425		428	
		429		432	
		433		436	
		437		440	
		441		444	
		445		448	
	621	52	631	56	303000
		57		61	
		62		66	
		67		71	
		72		76	
		77		81	
		82		86	
	7	7	115	115	00ff00
	8	8	114	114	001000
	42	42	80	80	003000
point	59	44	00e000
		57	
	56	59	
	69	60	
	54	56	
	77	37	
	60	49	
	85	70	
		57	
	60	60	
	63	45	
	69	58	
	100	73	
	68	56	
	53	57	
	54	59	
	66	48	
	85	61	
	63	49	
	67	48	
	61	52	
	54	48	
	60	51	
	55	56	
	62	51	
	64	53	
	59	58	
	67	60	
	60		
	61	61	
	66	48	
	61	50	
	57	55	
	103	84	
	56	51	
	61	61	
	55	54	
	66	48	
	28	56	
	75	26	
	78	98	
rect	12	320	121	440	001000
crop	15	320	21	332	16	48	00ff00	/fonts/computer
	21		27		40	60		
	27		33		72	48		
	33		39		96			
	39		45		32			
	45		51		0	24		
	51		57		24	60		
	57		63		64	48		
	63		69		72			
	69		75		0	60		
	75		81		24			
line	12	342	119	342	009000
crop	15	332	21	344	96	48	00ff00	/fonts/computer
	21		27		8	72		
	27		33		96			
	33		39		8			
	39		45		112			
	45		51		32			
	51		57		40			
	57		63		0	24		
	63		69		8	48		
	69		75		96	72		
	75		81		0	84		
	81		87		64	72		
	87		93		8			
	15	344	21	356	24	48		
	21		27		16	84		
	27		33		40			
	33		39		72	72		
	39		45		24	84		
	45		51		40	72		
	51		57		16	84		
	15	356	21	368	56	48		
	21		27		40	84		
	27		33		112	72		
	33		39		24	84		
	39		45		64	72		
	45		51		72			
	51		57		0	84		
	15	368	21	380	8	48		
	21		27		24	84		
	27		33					
	33		39		8	72		
	39		45		40	84		
	45		51		96	72		
	51		57		32	84		
	57		63		0	24		
	63		69		32	60		
	69		75		16	84		
	75		81		8	72		
	81		87		112			
	87		93		24	84		
	93		99		0			
	99		105		120	72		
	105		111		16	84		
	111		117		32			
line	12	391	12	380	009000
		380	120		
	120			391	005000
		391	12		
rect	13	381	120	391	007000
crop	15	380	21	392	24	48	003000	/fonts/computer
	21		27		8	72		
	27		33		16	84		
	33		39					
	39		45		72	72		
	45		51		40			
	51		57		16	84		
	15	392	21	404	64	48	009000	
	21		27		40	72		
	27		33		8			
	33		39		48	84		
	39		45		72			
	45		51		0	24		
	51		57		32	48		
	57		63		40	72		
	63		69		24	84		
	69		75		32			
	75		81		16			
	81		87		120	72		
	87		93		72	84		
	93		99		40	72		
	99		105		16	84		
	15	404	21	416	32	60	00ff00	
	21		27		16	84		
	27		33		8	72		
	33		39		112			
	39		45		24	84		
	45		51		0			
	51		57		120	72		
	57		63		16	84		
	63		69		32			
line	12	438	119	438	009000
rect	16	450	114	475	001010
line	17	461	17	450	00c0c0
		450	43		
	43			461	007070
		461	17		
rect	18	451	43	461	009090
crop	19	450	25	462	16	60	00ffff	/fonts/computer
	25		31		56	48		
	31		37		64			
	37		43		32	60		
	43		49		0	24		
	49		55		16	48		
	55		61		40	84		
	61		67		72	72		
	67		73		96			
	73		79		32			
line	17	473	17	462	00c0c0
		462	43		
	43			473	007070
		473	17		
rect	18	463	43	473	009090
crop	19	462	25	474	96	48	00ffff	/fonts/computer
	25		31		40			
	31		37		48			
	37		43		32	60		
	43		49		0	24		
	49		55		104	48		
	55		61		8	72		
	61		67		72			
	67		73		112			
	73		79		0	24		
	79		85		104	48		
	85		91		40	72		
	91		97		112			
	97		103		40	84		
line	12	191	12	180	ffff00
		180	120		
	120			191	909000
		191	12		
rect	13	181	120	191	c0c000
crop	15	180	21	192	24	48	000000	/fonts/computer
	21		27		120			
	27		33		112			
	33		39		32	60		
	39		45		16			
	45		51		120	48		
	51		57		96			
line	14	204	35	204	489048
			14	205	
	35		35		
	14	225		225	
			14	224	
	35		35		
	12	263	12	252	007fff
		252	120		
	120			263	00488f
		263	12		
rect	13	253	120	263	0060c0
crop	15	252	21	264	32	60	000000	/fonts/computer
	21		27		8	48		
	27		33		16	60		
	33		39		56	48		
	39		45		40			
	45		51		32	60		
	15	264	21	276	96	48	7fff7f	
	21		27		8	72		
	27		33		96			
	33		39		8			
	39		45		112			
	45		51		32			
	51		57		40			
	57		63		0	24		
	63		69		16	48		
	69		75		40	72		
	75		81		32	84		
	81		87		8	72		
draw	16	278	34	296	/sprites/1031.SMIV/0
line	14	276	35	276	489048
			14	277	
	35		35		
	14	297		297	
			14	296	
	35		35		
