point	571	427	b0b0b0
	601	57	
	517	197	808080
	276	325	
	482	61	
	429	295	b0b0b0
	404	322	808080
	499	425	b0b0b0
	517	445	808080
	292	275	
	400	74	
	607	469	
	286	111	
	355	192	b0b0b0
	401	161	
	413	305	
	522	361	808080
	133	434	b0b0b0
	218	440	
	522		d0d0d0
	534	21	808080
	523	313	
	394	122	
	259	286	
	594	201	
	393	95	
	273	460	
	307	405	
	479	402	
	141	43	
	203	41	b0b0b0
	420	207	808080
	462	7	
	347	21	
	278	84	
	494	439	
	251	271	b0b0b0
	567	396	d0d0d0
	313	203	b0b0b0
	602	96	808080
	407	296	d0d0d0
	575	287	
	274	24	808080
	373	242	
	397	315	
	408	185	d0d0d0
	277	18	b0b0b0
	299	102	808080
	251	295	b0b0b0
	382	144	808080
	526	441	
	590	29	d0d0d0
	279	391	
	227	269	808080
	383	16	
	506	449	
	129	458	
	603	420	
	588	413	
	246	438	d0d0d0
	464	110	808080
	302	297	b0b0b0
	560	114	
	284	243	
	564	224	d0d0d0
	346	374	808080
	523	279	d0d0d0
	230	197	
	589	188	808080
	239	443	b0b0b0
	223	87	
	142	226	
	514	388	808080
	318	130	
	356	458	d0d0d0
	184	296	b0b0b0
	269	246	808080
	350	60	d0d0d0
	545	449	808080
	463	284	
	246	386	
	223	302	d0d0d0
	234	449	b0b0b0
	468	309	
	156	35	
	558	119	808080
	322	1	b0b0b0
	169	21	808080
	164	470	
	153	407	
	255	161	d0d0d0
	487	73	808080
	479	16	b0b0b0
	369	364	808080
	241	83	b0b0b0
	548	210	d0d0d0
	523	87	808080
	236	135	b0b0b0
	216	142	808080
	516	312	b0b0b0
	398	162	808080
	571	118	b0b0b0
	511	153	d0d0d0
	509	152	
	148	464	808080
	484	332	d0d0d0
	224	139	808080
	489	387	
	345	242	b0b0b0
	449	292	808080
	185	61	b0b0b0
	348	316	
	530	383	d0d0d0
	229	35	808080
	439	5	d0d0d0
	406	103	b0b0b0
	301	65	808080
	515	98	d0d0d0
	602	257	b0b0b0
	221	134	d0d0d0
	575	447	808080
	169	426	
	465	247	d0d0d0
	513	405	b0b0b0
	315	96	
line	167	0	167	480	000050
	295		295		
	423		423		002850
	551		551		000050
	128	104	608	104	
		232		232	
		360		360	
draw	467	-18	499	14	/sprites/1031.SMIV/0
	359	236	375	247	/sprites/646.SMIV/3
	432	220	444	225	/sprites/582.SMIV/19
	397	200	405	209	/sprites/582.SMIV/2
	407	184	415	193	/sprites/582.SMIV/22
	384	223	392	231	/sprites/650.SMIV/22
	389	189	397	197	/sprites/650.SMIV/2
	399	199	406	206	/sprites/501.SMIV/2
	372	179	383	190	/sprites/509.SMIV/4
	293	233	294	234	/sprites/513.SMIV/18
	510	325	511	326	/sprites/513.SMIV/8
dither	200	467	444	480	300000
tint	204	471	212	483	000000	/font/5000/20
	211		219			/font/5000/46
	218		226			/font/5000/69
	225		233			/font/5000/67
	232		240			/font/5000/68
	239		247			/font/5000/74
	246		254			/font/5000/65
	253		261			/font/5000/72
	260		268			/font/5000/20
	267		275			/font/5000/64
	274		282			/font/5000/65
	281		289			/font/5000/73
	288		296			/font/5000/74
	295		303			/font/5000/72
	302		310			/font/5000/6f
	309		317			/font/5000/79
	316		324			/font/5000/65
	323		331			/font/5000/64
	330		338			/font/5000/2e
	337		345			/font/5000/20
	344		352			
	351		359			/font/5000/33
	358		366			/font/5000/20
	365		373			/font/5000/72
	372		380			/font/5000/65
	379		387			/font/5000/6d
	386		394			/font/5000/61
	393		401			/font/5000/69
	400		408			/font/5000/6e
	407		415			/font/5000/69
	414		422			/font/5000/6e
	421		429			/font/5000/67
	428		436			/font/5000/2e
	435		443			/font/5000/20
	203	470	211	482	ff0000	
	210		218			/font/5000/46
	217		225			/font/5000/69
	224		232			/font/5000/67
	231		239			/font/5000/68
	238		246			/font/5000/74
	245		253			/font/5000/65
	252		260			/font/5000/72
	259		267			/font/5000/20
	266		274			/font/5000/64
	273		281			/font/5000/65
	280		288			/font/5000/73
	287		295			/font/5000/74
	294		302			/font/5000/72
	301		309			/font/5000/6f
	308		316			/font/5000/79
	315		323			/font/5000/65
	322		330			/font/5000/64
	329		337			/font/5000/2e
	336		344			/font/5000/20
	343		351			
	350		358			/font/5000/33
	357		365			/font/5000/20
	364		372			/font/5000/72
	371		379			/font/5000/65
	378		386			/font/5000/6d
	385		393			/font/5000/61
	392		400			/font/5000/69
	399		407			/font/5000/6e
	406		414			/font/5000/69
	413		421			/font/5000/6e
	420		428			/font/5000/67
	427		435			/font/5000/2e
	434		442			/font/5000/20
dither	200	50	346	67	300018
tint	204	54	212	66	000000	/font/5000/57
	211		219			/font/5000/41
	218		226			/font/5000/52
	225		233			/font/5000/4e
	232		240			/font/5000/49
	239		247			/font/5000/4e
	246		254			/font/5000/47
	253		261			/font/5000/3a
	260		268			/font/5000/20
	267		275			/font/5000/53
	274		282			/font/5000/68
	281		289			/font/5000/69
	288		296			/font/5000/65
	295		303			/font/5000/6c
	302		310			/font/5000/64
	309		317			/font/5000/73
	316		324			/font/5000/20
	323		331			/font/5000/4c
	330		338			/font/5000/6f
	337		345			/font/5000/77
	203	53	211	65	ff007f	/font/5000/57
	210		218			/font/5000/41
	217		225			/font/5000/52
	224		232			/font/5000/4e
	231		239			/font/5000/49
	238		246			/font/5000/4e
	245		253			/font/5000/47
	252		260			/font/5000/3a
	259		267			/font/5000/20
	266		274			/font/5000/53
	273		281			/font/5000/68
	280		288			/font/5000/69
	287		295			/font/5000/65
	294		302			/font/5000/6c
	301		309			/font/5000/64
	308		316			/font/5000/73
	315		323			/font/5000/20
	322		330			/font/5000/4c
	329		337			/font/5000/6f
	336		344			/font/5000/77
dither	378	194	433	211	303000
tint	382	198	390	210	000000	/font/5000/47
	389		397			/font/5000/75
	396		404			/font/5000/6e
	403		411			/font/5000/73
	410		418			/font/5000/68
	417		425			/font/5000/69
	424		432			/font/5000/70
	381	197	389	209	ffff00	/font/5000/47
	388		396			/font/5000/75
	395		403			/font/5000/6e
	402		410			/font/5000/73
	409		417			/font/5000/68
	416		424			/font/5000/69
	423		431			/font/5000/70
dither	472	4	604	21	001830
tint	476	8	484	20	000000	/font/5000/4c
	483		491			/font/5000/61
	490		498			/font/5000/6c
	497		505			/font/5000/61
	504		512			/font/5000/6e
	511		519			/font/5000/64
	518		526			/font/5000/65
	525		533			/font/5000/20
	532		540			/font/5000/42
	539		547			/font/5000/65
	546		554			/font/5000/74
	553		561			/font/5000/61
	560		568			/font/5000/20
	567		575			/font/5000/3c
	574		582			/font/5000/20
	581		589			/font/5000/33
	588		596			/font/5000/20
	595		603			/font/5000/3e
	475	7	483	19	007fff	/font/5000/4c
	482		490			/font/5000/61
	489		497			/font/5000/6c
	496		504			/font/5000/61
	503		511			/font/5000/6e
	510		518			/font/5000/64
	517		525			/font/5000/65
	524		532			/font/5000/20
	531		539			/font/5000/42
	538		546			/font/5000/65
	545		553			/font/5000/74
	552		560			/font/5000/61
	559		567			/font/5000/20
	566		574			/font/5000/3c
	573		581			/font/5000/20
	580		588			/font/5000/33
	587		595			/font/5000/20
	594		602			/font/5000/3e
line	493	86	479	91	489048
			491	101	
	479	91			204020
draw	0	0	128	480	/pictures/501.png
	608		640		/pictures/512.png
tint	29	159	37	172	ff0000	/font/5001/30
	35		43			
	41		49			/font/5001/31
	102		110		ff7f00	
	108		116			/font/5001/35
	114		122			/font/5001/30
line	614	445	614	359	00488f
		359	622		
	622			445	002850
		445	614		
rect	615	360	622	445	003870
line	614	456	614	446	007fff
		446	622		
	622			456	00488f
		456	614		
rect	615	447	622	456	0070e0
line	614	240	614	231	909048
		231	622		
	622			240	505028
		240	614		
rect	615	232	622	240	707038
line	614	328	614	241	ffff7f
		241	622		
	622			328	909048
		328	614		
rect	615	242	622	328	e0e070
line	614	145	614	103	904848
		103	622		
	622			145	502828
		145	614		
rect	615	104	622	145	703838
line	614	200	614	146	ff7f7f
		146	622		
	622			200	904848
		200	614		
rect	615	147	622	200	e07070
line	618	8	629	8	90488f
			618	9	
	629		629		
	618	36		36	
			618	35	
	629		629		
rect	620	10	628	35	703870
		35			c060c0
	634	49	636	52	7fff7f
		53		56	60c060
		57		60	
		61		64	
		65		68	
		69		72	7fff7f
		73		76	60c060
		77		80	
		81		84	
		85		88	
		89		92	7fff7f
		93		96	60c060
		97		100	
		101		104	
		105		108	
		109		112	7fff7f
		113		116	60c060
		117		120	
		121		124	
		125		128	703800
		129		132	904800
		133		136	703800
		137		140	183018
		141		144	
		145		148	
		149		152	
		153		156	
		157		160	
		161		164	
		165		168	
		169		172	
		173		176	
		177		180	
		181		184	
		185		188	
		189		192	
		193		196	
		197		200	
		201		204	
		205		208	
		209		212	
		213		216	
		217		220	
		221		224	
		225		228	
		229		232	
		233		236	
		237		240	
		241		244	
		245		248	
		249		252	
		253		256	
		257		260	
		261		264	
		265		268	
		269		272	
		273		276	
		277		280	
		281		284	
		285		288	
		289		292	
		293		296	
		297		300	
		301		304	
		305		308	
		309		312	
		313		316	
		317		320	
		321		324	
		325		328	
		329		332	
		333		336	
		337		340	
		341		344	
		345		348	
		349		352	
		353		356	
		357		360	
		361		364	
		365		368	
		369		372	
		373		376	
		377		380	
		381		384	
		385		388	
		389		392	
		393		396	
		397		400	
		401		404	
		405		408	
		409		412	
		413		416	
		417		420	
		421		424	
		425		428	
		429		432	
		433		436	
		437		440	
		441		444	
		445		448	
	621	52	631	56	303000
		57		61	
		62		66	
		67		71	
		72		76	
		77		81	
		82		86	
	7	7	115	115	00ff00
	8	8	114	114	001000
	42	42	80	80	003000
point	70	42	00e000
	66	60	
	63	59	
	64	57	
	62	60	
	63	58	
	99	68	
	101	69	
	90	46	
	96	62	
	63	59	
	98	62	
	109	56	
	98	67	
	61	57	
	99	68	
		65	
		61	
	100	65	
	83	61	
	101	67	
	100		
	101		
			
	110	61	
	101	28	
	56	61	
	72	67	
rect	12	320	121	440	001000
tint	15	320	23	333	00ff00	/font/5001/42
	21		29			/font/5001/55
	27		35			/font/5001/49
	33		41			/font/5001/4c
	39		47			/font/5001/44
	45		53			/font/5001/20
	51		59			/font/5001/53
	57		65			/font/5001/48
	63		71			/font/5001/49
	69		77			/font/5001/50
	75		83			/font/5001/53
line	12	342	119	342	009000
tint	15	332	23	345	00ff00	/font/5001/4c
	21		29			/font/5001/61
	27		35			/font/5001/6c
	33		41			/font/5001/61
	39		47			/font/5001/6e
	45		53			/font/5001/64
	51		59			/font/5001/65
	57		65			/font/5001/20
	63		71			/font/5001/41
	69		77			/font/5001/6c
	75		83			/font/5001/70
	81		89			/font/5001/68
	87		95			/font/5001/61
	15	344	23	357		/font/5001/43
	21		29			/font/5001/72
	27		35			/font/5001/75
	33		41			/font/5001/69
	39		47			/font/5001/73
	45		53			/font/5001/65
	51		59			/font/5001/72
	15	356	23	369		/font/5001/47
	21		29			/font/5001/75
	27		35			/font/5001/6e
	33		41			/font/5001/73
	39		47			/font/5001/68
	45		53			/font/5001/69
	51		59			/font/5001/70
	15	368	23	381		/font/5001/41
	21		29			/font/5001/73
	27		35			
	33		41			/font/5001/61
	39		47			/font/5001/75
	45		53			/font/5001/6c
	51		59			/font/5001/74
	57		65			/font/5001/20
	63		71			/font/5001/54
	69		77			/font/5001/72
	75		83			/font/5001/61
	81		89			/font/5001/6e
	87		95			/font/5001/73
	93		101			/font/5001/70
	99		107			/font/5001/6f
	105		113			/font/5001/72
	111		119			/font/5001/74
line	12	391	12	380	009000
		380	120		
	120			391	005000
		391	12		
rect	13	381	120	391	007000
tint	15	380	23	393	003000	/font/5001/43
	21		29			/font/5001/61
	27		35			/font/5001/72
	33		41			
	39		47			/font/5001/69
	45		53			/font/5001/65
	51		59			/font/5001/72
	15	392	23	405	009000	/font/5001/48
	21		29			/font/5001/65
	27		35			/font/5001/61
	33		41			/font/5001/76
	39		47			/font/5001/79
	45		53			/font/5001/20
	51		59			/font/5001/44
	57		65			/font/5001/65
	63		71			/font/5001/73
	69		77			/font/5001/74
	75		83			/font/5001/72
	81		89			/font/5001/6f
	87		95			/font/5001/79
	93		101			/font/5001/65
	99		107			/font/5001/72
	15	404	23	417	00ff00	/font/5001/54
	21		29			/font/5001/72
	27		35			/font/5001/61
	33		41			/font/5001/6e
	39		47			/font/5001/73
	45		53			/font/5001/70
	51		59			/font/5001/6f
	57		65			/font/5001/72
	63		71			/font/5001/74
line	12	438	119	438	009000
rect	16	450	114	475	001010
line	17	461	17	450	00c0c0
		450	43		
	43			461	007070
		461	17		
rect	18	451	43	461	009090
tint	19	450	27	463	00ffff	/font/5001/52
	25		33			/font/5001/47
	31		39			/font/5001/48
	37		45			/font/5001/54
	43		51			/font/5001/20
	49		57			/font/5001/42
	55		63			/font/5001/75
	61		69			/font/5001/69
	67		75			/font/5001/6c
	73		81			/font/5001/64
line	17	473	17	462	00c0c0
		462	43		
	43			473	007070
		473	17		
rect	18	463	43	473	009090
tint	19	462	27	475	00ffff	/font/5001/4c
	25		33			/font/5001/45
	31		39			/font/5001/46
	37		45			/font/5001/54
	43		51			/font/5001/20
	49		57			/font/5001/4d
	55		63			/font/5001/61
	61		69			/font/5001/69
	67		75			/font/5001/6e
	73		81			/font/5001/20
	79		87			/font/5001/4d
	85		93			/font/5001/65
	91		99			/font/5001/6e
	97		105			/font/5001/75
line	12	191	12	180	ffff00
		180	120		
	120			191	909000
		191	12		
rect	13	181	120	191	c0c000
tint	15	180	23	193	000000	/font/5001/43
	21		29			/font/5001/4f
	27		35			/font/5001/4e
	33		41			/font/5001/54
	39		47			/font/5001/52
	45		53			/font/5001/4f
	51		59			/font/5001/4c
	15	192	23	205	7fff7f	/font/5001/47
	21		29			/font/5001/55
	27		35			/font/5001/4e
	33		41			/font/5001/53
	39		47			/font/5001/48
	45		53			/font/5001/49
	51		59			/font/5001/50
draw	16	208	34	222	/sprites/509.SMIV/0
line	14	204	35	204	489048
			14	205	
	35		35		
	14	225		225	
			14	224	
	35		35		
rect	42	206	49	208	003870
		208		224	0060c0
line	40	204	50	204	00488f
			40	205	
	50		50		
	40	225		225	
			40	224	
	50		50		
rect	55	206	62	207	707000
		207		224	c0c000
line	53	204	63	204	909000
			53	205	
	63		63		
	53	225		225	
			53	224	
	63		63		
tint	69	204	77	217	7fff7f	/font/5001/50
	75		83			/font/5001/4b
	81		89			/font/5001/42
	87		95			/font/5001/45
	93		101			/font/5001/41
	99		107			/font/5001/4d
	105		113			/font/5001/20
	111		119			/font/5001/31
	69	216	77	229		/font/5001/4c
	75		83			/font/5001/42
	81		89			/font/5001/45
	87		95			/font/5001/41
	93		101			/font/5001/4d
	99		107			/font/5001/20
	105		113			/font/5001/31
	12	228	20	241	ff0000	/font/5001/4c
	18		26			/font/5001/61
	24		32			/font/5001/6c
	30		38			/font/5001/61
	36		44			/font/5001/6e
	42		50			/font/5001/64
	48		56			/font/5001/65
	54		62			/font/5001/20
	60		68			/font/5001/42
	66		74			/font/5001/65
	72		80			/font/5001/74
	78		86			/font/5001/61
line	12	263	12	252	007fff
		252	120		
	120			263	00488f
		263	12		
rect	13	253	120	263	0060c0
tint	15	252	23	265	000000	/font/5001/54
	21		29			/font/5001/41
	27		35			/font/5001/52
	33		41			/font/5001/47
	39		47			/font/5001/45
	45		53			/font/5001/54
	15	264	23	277	7fff7f	/font/5001/4c
	21		29			/font/5001/61
	27		35			/font/5001/6c
	33		41			/font/5001/61
	39		47			/font/5001/6e
	45		53			/font/5001/64
	51		59			/font/5001/65
	57		65			/font/5001/20
	63		71			/font/5001/42
	69		77			/font/5001/65
	75		83			/font/5001/74
	81		89			/font/5001/61
draw	16	278	34	296	/sprites/1031.SMIV/0
line	14	276	35	276	489048
			14	277	
	35		35		
	14	297		297	
			14	296	
	35		35		
