point	140	353	b0b0b0
	170	99	
	550	167	808080
	309	296	
	514	32	
	478	251	b0b0b0
	437	293	808080
	549	381	b0b0b0
	550	416	808080
	325	246	
	433	45	
	159	38	
	319	82	
	404	148	b0b0b0
	450	117	
	463	261	
	555	332	808080
	183	390	b0b0b0
	267	396	
	587	381	d0d0d0
	551	468	b0b0b0
	556	284	808080
	427	93	
	292	257	
	147	73	
	425	66	
	306	431	
	340	376	
	512	373	
	173	14	
	195	476	d0d0d0
	453	178	808080
	577	446	b0b0b0
	171	467	
	311	55	808080
	527	410	
	300	227	b0b0b0
	146	46	
	362	159	
	168	115	
	472	237	d0d0d0
	161	2	
	573	472	b0b0b0
	406	213	808080
	430	286	
	474	126	d0d0d0
	217	444	
	332	73	808080
	300	251	b0b0b0
	415	115	808080
	559	412	
	176	50	d0d0d0
	345	332	
	259	240	808080
	601	454	d0d0d0
	539	420	808080
	162	429	
	156	384	
	153	240	d0d0d0
	312	380	
	497	81	808080
	352	252	b0b0b0
	129	475	
	333	199	
	144	195	
	379	345	808080
	589	220	d0d0d0
	296	138	
	141	313	808080
	289	399	b0b0b0
	272	43	
	191	182	
	547	359	808080
	351	101	
	422	399	d0d0d0
	234	252	b0b0b0
	302	216	808080
	416	2	d0d0d0
	578	420	808080
	496	255	
	279	357	
	289	243	d0d0d0
	283	405	b0b0b0
	517	265	
	530	473	808080
	591	90	
	150	362	
	203	463	d0d0d0
	196	440	808080
	186	378	
	321	102	d0d0d0
	520	44	808080
	252	450	b0b0b0
	402	335	808080
	290	39	b0b0b0
	132	178	
	556	57	808080
	285	91	b0b0b0
	249	112	808080
	565	268	b0b0b0
	431	133	808080
	144	67	d0d0d0
	577	95	
	574	94	
	181	435	808080
	550	274	d0d0d0
	256	110	808080
	522	358	
	394	198	b0b0b0
	482	263	808080
	234	17	b0b0b0
	397	272	
	595	325	d0d0d0
	262	6	808080
	310	452	
	456	59	b0b0b0
	334	36	808080
	581	40	d0d0d0
	171	312	b0b0b0
	287	76	d0d0d0
	128	445	b0b0b0
	201	397	808080
	531	189	d0d0d0
	562	361	b0b0b0
	365	52	
line	233	0	233	480	000050
	361		361		
	489		489		002850
	128	45	608	45	000050
		173		173	
		301		301	
		429		429	005000
	901	211	899	214	ffff7f
	890	155	892	156	007fff
	931	193	928	197	ffff7f
	920	161	916	159	00ff00
	898	230	897	232	ffff7f
draw	359	236	375	247	/sprites/646.SMIV/3
	367	208		217	/sprites/582.SMIV/2
	451	184	461	192	/sprites/582.SMIV/9
	514	74	519	83	/sprites/582.SMIV/0
	427	191	437	197	/sprites/650.SMIV/4
	522	51	531	58	/sprites/650.SMIV/9
	491	163	498	169	/sprites/501.SMIV/6
	505	58	515	68	/sprites/509.SMIV/5
	335	172	336	173	/sprites/513.SMIV/18
	604	286	605	287	/sprites/513.SMIV/8
	555	42	561	47	/sprites/584.SMIV/3
	618	45	624	50	/sprites/584.SMIV/2
dither	200	451	444	468	300000
tint	204	455	212	467	000000	/font/5000/20
	211		219			/font/5000/46
	218		226			/font/5000/69
	225		233			/font/5000/67
	232		240			/font/5000/68
	239		247			/font/5000/74
	246		254			/font/5000/65
	253		261			/font/5000/72
	260		268			/font/5000/20
	267		275			/font/5000/64
	274		282			/font/5000/65
	281		289			/font/5000/73
	288		296			/font/5000/74
	295		303			/font/5000/72
	302		310			/font/5000/6f
	309		317			/font/5000/79
	316		324			/font/5000/65
	323		331			/font/5000/64
	330		338			/font/5000/2e
	337		345			/font/5000/20
	344		352			
	351		359			/font/5000/33
	358		366			/font/5000/20
	365		373			/font/5000/72
	372		380			/font/5000/65
	379		387			/font/5000/6d
	386		394			/font/5000/61
	393		401			/font/5000/69
	400		408			/font/5000/6e
	407		415			/font/5000/69
	414		422			/font/5000/6e
	421		429			/font/5000/67
	428		436			/font/5000/2e
	435		443			/font/5000/20
	203	454	211	466	ff0000	
	210		218			/font/5000/46
	217		225			/font/5000/69
	224		232			/font/5000/67
	231		239			/font/5000/68
	238		246			/font/5000/74
	245		253			/font/5000/65
	252		260			/font/5000/72
	259		267			/font/5000/20
	266		274			/font/5000/64
	273		281			/font/5000/65
	280		288			/font/5000/73
	287		295			/font/5000/74
	294		302			/font/5000/72
	301		309			/font/5000/6f
	308		316			/font/5000/79
	315		323			/font/5000/65
	322		330			/font/5000/64
	329		337			/font/5000/2e
	336		344			/font/5000/20
	343		351			
	350		358			/font/5000/33
	357		365			/font/5000/20
	364		372			/font/5000/72
	371		379			/font/5000/65
	378		386			/font/5000/6d
	385		393			/font/5000/61
	392		400			/font/5000/69
	399		407			/font/5000/6e
	406		414			/font/5000/69
	413		421			/font/5000/6e
	420		428			/font/5000/67
	427		435			/font/5000/2e
	434		442			/font/5000/20
dither	200	50	346	67	300018
tint	204	54	212	66	000000	/font/5000/57
	211		219			/font/5000/41
	218		226			/font/5000/52
	225		233			/font/5000/4e
	232		240			/font/5000/49
	239		247			/font/5000/4e
	246		254			/font/5000/47
	253		261			/font/5000/3a
	260		268			/font/5000/20
	267		275			/font/5000/53
	274		282			/font/5000/68
	281		289			/font/5000/69
	288		296			/font/5000/65
	295		303			/font/5000/6c
	302		310			/font/5000/64
	309		317			/font/5000/73
	316		324			/font/5000/20
	323		331			/font/5000/4c
	330		338			/font/5000/6f
	337		345			/font/5000/77
	203	53	211	65	ff007f	/font/5000/57
	210		218			/font/5000/41
	217		225			/font/5000/52
	224		232			/font/5000/4e
	231		239			/font/5000/49
	238		246			/font/5000/4e
	245		253			/font/5000/47
	252		260			/font/5000/3a
	259		267			/font/5000/20
	266		274			/font/5000/53
	273		281			/font/5000/68
	280		288			/font/5000/69
	287		295			/font/5000/65
	294		302			/font/5000/6c
	301		309			/font/5000/64
	308		316			/font/5000/73
	315		323			/font/5000/20
	322		330			/font/5000/4c
	329		337			/font/5000/6f
	336		344			/font/5000/77
dither	494	176	549	193	303000
tint	498	180	506	192	000000	/font/5000/43
	505		513			/font/5000/72
	512		520			/font/5000/75
	519		527			/font/5000/69
	526		534			/font/5000/73
	533		541			/font/5000/65
	540		548			/font/5000/72
	497	179	505	191	ffff00	/font/5000/43
	504		512			/font/5000/72
	511		519			/font/5000/75
	518		526			/font/5000/69
	525		533			/font/5000/73
	532		540			/font/5000/65
	539		547			/font/5000/72
line	503	94	488	98	489048
			500	109	
	488	98			204020
draw	0	0	128	480	/pictures/501.png
	608		640		/pictures/512.png
tint	29	159	37	172	ff0000	/font/5001/30
	35		43			
	41		49			/font/5001/31
	102		110		ff7f00	
	108		116			/font/5001/35
	114		122			/font/5001/30
line	614	445	614	359	00488f
		359	622		
	622			445	002850
		445	614		
rect	615	360	622	445	003870
line	614	456	614	446	007fff
		446	622		
	622			456	00488f
		456	614		
rect	615	447	622	456	0070e0
line	614	239	614	231	909048
		231	622		
	622			239	505028
		239	614		
rect	615	232	622	239	707038
line	614	328	614	240	ffff7f
		240	622		
	622			328	909048
		328	614		
rect	615	241	622	328	e0e070
line	614	146	614	103	904848
		103	622		
	622			146	502828
		146	614		
rect	615	104	622	146	703838
line	614	200	614	147	ff7f7f
		147	622		
	622			200	904848
		200	614		
rect	615	148	622	200	e07070
line	618	8	629	8	90488f
			618	9	
	629		629		
	618	36		36	
			618	35	
	629		629		
rect	620	10	628	35	703870
		35			c060c0
	634	49	636	52	7fff7f
		53		56	60c060
		57		60	
		61		64	
		65		68	
		69		72	7fff7f
		73		76	60c060
		77		80	
		81		84	
		85		88	
		89		92	7fff7f
		93		96	60c060
		97		100	
		101		104	
		105		108	
		109		112	7fff7f
		113		116	60c060
		117		120	
		121		124	
		125		128	703800
		129		132	904800
		133		136	703800
		137		140	183018
		141		144	
		145		148	
		149		152	
		153		156	
		157		160	
		161		164	
		165		168	
		169		172	
		173		176	
		177		180	
		181		184	
		185		188	
		189		192	
		193		196	
		197		200	
		201		204	
		205		208	
		209		212	
		213		216	
		217		220	
		221		224	
		225		228	
		229		232	
		233		236	
		237		240	
		241		244	
		245		248	
		249		252	
		253		256	
		257		260	
		261		264	
		265		268	
		269		272	
		273		276	
		277		280	
		281		284	
		285		288	
		289		292	
		293		296	
		297		300	
		301		304	
		305		308	
		309		312	
		313		316	
		317		320	
		321		324	
		325		328	
		329		332	
		333		336	
		337		340	
		341		344	
		345		348	
		349		352	
		353		356	
		357		360	
		361		364	
		365		368	
		369		372	
		373		376	
		377		380	
		381		384	
		385		388	
		389		392	
		393		396	
		397		400	
		401		404	
		405		408	
		409		412	
		413		416	
		417		420	
		421		424	
		425		428	
		429		432	
		433		436	
		437		440	
		441		444	
		445		448	
	621	52	631	56	303000
		57		61	
		62		66	
		67		71	
		72		76	
		77		81	
		82		86	
	7	7	115	115	00ff00
	8	8	114	114	001000
	42	42	80	80	003000
point	75	38	00e000
	107	61	
	61	59	
	67	57	
	72	49	
	66	58	
	73	47	
	89	53	
	102	63	
	84	48	
	70	56	
	91	63	
	113	57	
	103	61	
	72	47	
	86	61	
	110	66	
	103	61	
	104	56	
	96	50	
	102	54	
	75	46	
	102	55	
	91	57	
	105		
	107	60	
	105	58	
	102	54	
	103	59	
	80	46	
	101	54	
	103	55	
	104		
	102	54	
			
			
			
	101		
	110	24	
	59	56	
	79	64	
rect	12	320	121	440	001000
tint	15	320	23	333	00ff00	/font/5001/42
	21		29			/font/5001/55
	27		35			/font/5001/49
	33		41			/font/5001/4c
	39		47			/font/5001/44
	45		53			/font/5001/20
	51		59			/font/5001/53
	57		65			/font/5001/48
	63		71			/font/5001/49
	69		77			/font/5001/50
	75		83			/font/5001/53
line	12	342	119	342	009000
tint	15	332	23	345	00ff00	/font/5001/4c
	21		29			/font/5001/61
	27		35			/font/5001/6c
	33		41			/font/5001/61
	39		47			/font/5001/6e
	45		53			/font/5001/64
	51		59			/font/5001/65
	57		65			/font/5001/20
	63		71			/font/5001/41
	69		77			/font/5001/6c
	75		83			/font/5001/70
	81		89			/font/5001/68
	87		95			/font/5001/61
	15	344	23	357		/font/5001/43
	21		29			/font/5001/72
	27		35			/font/5001/75
	33		41			/font/5001/69
	39		47			/font/5001/73
	45		53			/font/5001/65
	51		59			/font/5001/72
	15	356	23	369		/font/5001/47
	21		29			/font/5001/75
	27		35			/font/5001/6e
	33		41			/font/5001/73
	39		47			/font/5001/68
	45		53			/font/5001/69
	51		59			/font/5001/70
	15	368	23	381		/font/5001/41
	21		29			/font/5001/73
	27		35			
	33		41			/font/5001/61
	39		47			/font/5001/75
	45		53			/font/5001/6c
	51		59			/font/5001/74
	57		65			/font/5001/20
	63		71			/font/5001/54
	69		77			/font/5001/72
	75		83			/font/5001/61
	81		89			/font/5001/6e
	87		95			/font/5001/73
	93		101			/font/5001/70
	99		107			/font/5001/6f
	105		113			/font/5001/72
	111		119			/font/5001/74
line	12	391	12	380	009000
		380	120		
	120			391	005000
		391	12		
rect	13	381	120	391	007000
tint	15	380	23	393	003000	/font/5001/43
	21		29			/font/5001/61
	27		35			/font/5001/72
	33		41			
	39		47			/font/5001/69
	45		53			/font/5001/65
	51		59			/font/5001/72
	15	392	23	405	009000	/font/5001/48
	21		29			/font/5001/65
	27		35			/font/5001/61
	33		41			/font/5001/76
	39		47			/font/5001/79
	45		53			/font/5001/20
	51		59			/font/5001/44
	57		65			/font/5001/65
	63		71			/font/5001/73
	69		77			/font/5001/74
	75		83			/font/5001/72
	81		89			/font/5001/6f
	87		95			/font/5001/79
	93		101			/font/5001/65
	99		107			/font/5001/72
	15	404	23	417	00ff00	/font/5001/54
	21		29			/font/5001/72
	27		35			/font/5001/61
	33		41			/font/5001/6e
	39		47			/font/5001/73
	45		53			/font/5001/70
	51		59			/font/5001/6f
	57		65			/font/5001/72
	63		71			/font/5001/74
line	12	438	119	438	009000
rect	16	450	114	475	001010
line	17	461	17	450	00c0c0
		450	43		
	43			461	007070
		461	17		
rect	18	451	43	461	009090
tint	19	450	27	463	00ffff	/font/5001/52
	25		33			/font/5001/47
	31		39			/font/5001/48
	37		45			/font/5001/54
	43		51			/font/5001/20
	49		57			/font/5001/42
	55		63			/font/5001/75
	61		69			/font/5001/69
	67		75			/font/5001/6c
	73		81			/font/5001/64
line	17	473	17	462	00c0c0
		462	43		
	43			473	007070
		473	17		
rect	18	463	43	473	009090
tint	19	462	27	475	00ffff	/font/5001/4c
	25		33			/font/5001/45
	31		39			/font/5001/46
	37		45			/font/5001/54
	43		51			/font/5001/20
	49		57			/font/5001/4d
	55		63			/font/5001/61
	61		69			/font/5001/69
	67		75			/font/5001/6e
	73		81			/font/5001/20
	79		87			/font/5001/4d
	85		93			/font/5001/65
	91		99			/font/5001/6e
	97		105			/font/5001/75
line	12	191	12	180	ffff00
		180	120		
	120			191	909000
		191	12		
rect	13	181	120	191	c0c000
tint	15	180	23	193	000000	/font/5001/43
	21		29			/font/5001/4f
	27		35			/font/5001/4e
	33		41			/font/5001/54
	39		47			/font/5001/52
	45		53			/font/5001/4f
	51		59			/font/5001/4c
	15	192	23	205	7fff7f	/font/5001/43
	21		29			/font/5001/52
	27		35			/font/5001/55
	33		41			/font/5001/49
	39		47			/font/5001/53
	45		53			/font/5001/45
	51		59			/font/5001/52
draw	16	208	34	222	/sprites/501.SMIV/0
line	14	204	35	204	489048
			14	205	
	35		35		
	14	225		225	
			14	224	
	35		35		
rect	42	206	49	214	003870
		214		224	0060c0
line	40	204	50	204	00488f
			40	205	
	50		50		
	40	225		225	
			40	224	
	50		50		
rect	55	206	62	207	707000
		207		224	c0c000
line	53	204	63	204	909000
			53	205	
	63		63		
	53	225		225	
			53	224	
	63		63		
tint	69	204	77	217	7fff7f	/font/5001/50
	75		83			/font/5001/4b
	81		89			/font/5001/42
	87		95			/font/5001/45
	93		101			/font/5001/41
	99		107			/font/5001/4d
	105		113			/font/5001/20
	111		119			/font/5001/31
	69	216	77	229		/font/5001/46
	75		83			/font/5001/20
	81		89			/font/5001/50
	87		95			/font/5001/55
	93		101			/font/5001/4c
	99		107			/font/5001/53
	105		113			/font/5001/45
	12	228	20	241	00ff00	/font/5001/48
	18		26			/font/5001/65
	24		32			/font/5001/61
	30		38			/font/5001/76
	36		44			/font/5001/79
	42		50			/font/5001/20
	48		56			/font/5001/44
	54		62			/font/5001/65
	60		68			/font/5001/73
	66		74			/font/5001/74
	72		80			/font/5001/72
	78		86			/font/5001/6f
	84		92			/font/5001/79
	90		98			/font/5001/65
	96		104			/font/5001/72
line	12	263	12	252	007fff
		252	120		
	120			263	00488f
		263	12		
rect	13	253	120	263	0060c0
tint	15	252	23	265	000000	/font/5001/54
	21		29			/font/5001/41
	27		35			/font/5001/52
	33		41			/font/5001/47
	39		47			/font/5001/45
	45		53			/font/5001/54
	15	264	23	277	7fff7f	/font/5001/4c
	21		29			/font/5001/61
	27		35			/font/5001/6c
	33		41			/font/5001/61
	39		47			/font/5001/6e
	45		53			/font/5001/64
	51		59			/font/5001/65
	57		65			/font/5001/20
	63		71			/font/5001/42
	69		77			/font/5001/65
	75		83			/font/5001/74
	81		89			/font/5001/61
draw	16	278	34	296	/sprites/1031.SMIV/0
line	14	276	35	276	489048
			14	277	
	35		35		
	14	297		297	
			14	296	
	35		35		
