point	206	223	d0d0d0
	507	183	b0b0b0
	455	260	808080
	214	388	
	420	124	
	336	389	b0b0b0
	342	385	808080
	378	27	
	299	28	
	230	339	
	339	137	
	513	334	b0b0b0
	225	175	808080
	262	286	b0b0b0
	308	255	
	320	400	
	460	425	808080
	548	437	
	603	154	d0d0d0
	433	103	808080
	429	168	d0d0d0
	462	377	808080
	332	186	
	197	350	
	243	90	b0b0b0
	331	159	808080
	466	65	b0b0b0
	245	468	808080
	417	465	
	452	158	b0b0b0
	514	306	
	358	270	808080
	172	137	d0d0d0
	476	338	
	216	148	808080
	439	33	b0b0b0
	158	365	
	463	69	
	220	297	
	586	383	808080
	283	422	d0d0d0
	350	92	808080
	481	87	
	311	306	
	335	379	
	284	311	d0d0d0
	555	448	808080
	237	166	
	158	389	b0b0b0
	320	207	808080
	157	36	b0b0b0
	500	248	
	141	363	808080
	165	332	
	459	394	b0b0b0
	604	65	d0d0d0
	488	274	
	540	387	808080
	483	181	b0b0b0
	601	247	d0d0d0
	402	173	808080
	209	391	b0b0b0
	211	5	808080
	191	337	b0b0b0
	481	248	
	284	438	808080
	321	86	
	590	118	b0b0b0
	526	271	808080
	147	472	d0d0d0
	509	3	808080
	528	313	b0b0b0
	452	451	808080
	256	193	
	306	78	b0b0b0
	604	3	808080
	207	309	
	315	138	b0b0b0
	152	48	
	401	348	808080
	184	449	
	292	11	
	144	280	d0d0d0
	375	403	b0b0b0
	564	86	808080
	317	144	b0b0b0
	499	362	
	365	57	808080
	581	318	
	535	333	d0d0d0
	130	463	
	426	136	808080
	382	26	
	307	428	
	152	291	d0d0d0
	423	292	
	461	150	808080
	160	49	
	154	205	
	423	406	b0b0b0
	336	226	808080
	434	447	d0d0d0
	362	113	b0b0b0
	495	338	808080
	526	230	d0d0d0
	360	458	
	162	202	808080
	427	450	
	252	336	b0b0b0
	387	355	808080
	447	155	b0b0b0
	255	411	
	336	165	
	298	194	d0d0d0
	171	64	808080
	313	198	b0b0b0
	240	129	808080
	498	162	
	345	21	d0d0d0
	590	151	808080
	423	91	
	391	0	b0b0b0
	341	373	d0d0d0
	290	20	b0b0b0
	222	190	
line	172	0	172	480	000050
	300		300		002850
	428		428		000050
	556		556		
	128	103	608	103	002850
		231		231	000050
		359		359	
	652	258	657	257	007fff
	432	93	428	91	
draw	344	109	376	141	/sprites/1031.SMIV/0
	271	227	275	230	/sprites/510.SMIV/2
	361	235	378	244	/sprites/646.SMIV/17
	484	165	494	173	/sprites/582.SMIV/9
	428	255	436	264	/sprites/582.SMIV/22
	566	198	574	207	
	311	229	319	237	/sprites/650.SMIV/2
	586	156	597	161	/sprites/650.SMIV/5
	538	174	550	184	/sprites/509.SMIV/22
	397	74	407	82	/sprites/578.SMIV/8
	579	418	587	425	/sprites/501.SMIV/21
static	543	246	555	257	ffffff	83	/sprites/509.SMIV/15
draw	575	419	586	429	/sprites/509.SMIV/1
	369	112	379	120	/sprites/578.SMIV/9
	603	286	605	287	/sprites/513.SMIV/20
	40	345	41	346	/sprites/513.SMIV/18
	556	105	563	109	/sprites/580.SMIV/1
	399	203	404	207	/sprites/584.SMIV/0
	570	254	577	258	/sprites/580.SMIV/4
	372	115	381	123	/sprites/541.SMIV/9
	458	107	463	113	/sprites/580.SMIV/3
	423	243	429	248	/sprites/584.SMIV/2
	551	244	554	247	/sprites/554.SMIV/3
dither	200	50	346	67	300018
tint	204	54	212	66	000000	/font/5000/57
	211		219			/font/5000/41
	218		226			/font/5000/52
	225		233			/font/5000/4e
	232		240			/font/5000/49
	239		247			/font/5000/4e
	246		254			/font/5000/47
	253		261			/font/5000/3a
	260		268			/font/5000/20
	267		275			/font/5000/53
	274		282			/font/5000/68
	281		289			/font/5000/69
	288		296			/font/5000/65
	295		303			/font/5000/6c
	302		310			/font/5000/64
	309		317			/font/5000/73
	316		324			/font/5000/20
	323		331			/font/5000/4c
	330		338			/font/5000/6f
	337		345			/font/5000/77
	203	53	211	65	ff007f	/font/5000/57
	210		218			/font/5000/41
	217		225			/font/5000/52
	224		232			/font/5000/4e
	231		239			/font/5000/49
	238		246			/font/5000/4e
	245		253			/font/5000/47
	252		260			/font/5000/3a
	259		267			/font/5000/20
	266		274			/font/5000/53
	273		281			/font/5000/68
	280		288			/font/5000/69
	287		295			/font/5000/65
	294		302			/font/5000/6c
	301		309			/font/5000/64
	308		316			/font/5000/73
	315		323			/font/5000/20
	322		330			/font/5000/4c
	329		337			/font/5000/6f
	336		344			/font/5000/77
dither	360	105	492	122	001830
tint	364	109	372	121	000000	/font/5000/4c
	371		379			/font/5000/61
	378		386			/font/5000/6c
	385		393			/font/5000/61
	392		400			/font/5000/6e
	399		407			/font/5000/64
	406		414			/font/5000/65
	413		421			/font/5000/20
	420		428			/font/5000/42
	427		435			/font/5000/65
	434		442			/font/5000/74
	441		449			/font/5000/61
	448		456			/font/5000/20
	455		463			/font/5000/3c
	462		470			/font/5000/20
	469		477			/font/5000/33
	476		484			/font/5000/20
	483		491			/font/5000/3e
	363	108	371	120	007fff	/font/5000/4c
	370		378			/font/5000/61
	377		385			/font/5000/6c
	384		392			/font/5000/61
	391		399			/font/5000/6e
	398		406			/font/5000/64
	405		413			/font/5000/65
	412		420			/font/5000/20
	419		427			/font/5000/42
	426		434			/font/5000/65
	433		441			/font/5000/74
	440		448			/font/5000/61
	447		455			/font/5000/20
	454		462			/font/5000/3c
	461		469			/font/5000/20
	468		476			/font/5000/33
	475		483			/font/5000/20
	482		490			/font/5000/3e
line	176	291	191	295	489048
			187	280	
	191	295			204020
draw	0	0	128	480	/pictures/501.png
	608		640		/pictures/512.png
tint	29	159	37	172	ff0000	/font/5001/30
	35		43			
	41		49			
	102		110		ff7f00	/font/5001/31
	108		116			/font/5001/35
	114		122			/font/5001/30
line	614	443	614	359	00488f
		359	622		
	622			443	002850
		443	614		
rect	615	360	622	443	003870
line	614	456	614	444	007fff
		444	622		
	622			456	00488f
		456	614		
rect	615	445	622	456	0070e0
line	614	236	614	231	909048
		231	622		
	622			236	505028
		236	614		
rect	615	232	622	236	707038
line	614	328	614	237	ffff7f
		237	622		
	622			328	909048
		328	614		
rect	615	238	622	328	e0e070
line	614	149	614	103	904848
		103	622		
	622			149	502828
		149	614		
rect	615	104	622	149	703838
line	614	200	614	150	ff7f7f
		150	622		
	622			200	904848
		200	614		
rect	615	151	622	200	e07070
line	618	8	629	8	90488f
			618	9	
	629		629		
	618	36		36	
			618	35	
	629		629		
rect	620	10	628	35	703870
		35			c060c0
	634	49	636	52	7fff7f
		53		56	60c060
		57		60	
		61		64	
		65		68	
		69		72	7fff7f
		73		76	60c060
		77		80	
		81		84	
		85		88	
		89		92	7fff7f
		93		96	60c060
		97		100	
		101		104	
		105		108	
		109		112	7fff7f
		113		116	60c060
		117		120	
		121		124	
		125		128	
		129		132	7fff7f
		133		136	703800
		137		140	183018
		141		144	
		145		148	
		149		152	
		153		156	
		157		160	
		161		164	
		165		168	
		169		172	
		173		176	
		177		180	
		181		184	
		185		188	
		189		192	
		193		196	
		197		200	
		201		204	
		205		208	
		209		212	
		213		216	
		217		220	
		221		224	
		225		228	
		229		232	
		233		236	
		237		240	
		241		244	
		245		248	
		249		252	
		253		256	
		257		260	
		261		264	
		265		268	
		269		272	
		273		276	
		277		280	
		281		284	
		285		288	
		289		292	
		293		296	
		297		300	
		301		304	
		305		308	
		309		312	
		313		316	
		317		320	
		321		324	
		325		328	
		329		332	
		333		336	
		337		340	
		341		344	
		345		348	
		349		352	
		353		356	
		357		360	
		361		364	
		365		368	
		369		372	
		373		376	
		377		380	
		381		384	
		385		388	
		389		392	
		393		396	
		397		400	
		401		404	
		405		408	
		409		412	
		413		416	
		417		420	
		421		424	
		425		428	
		429		432	
		433		436	
		437		440	
		441		444	
		445		448	
	621	52	631	56	303000
		57		61	
		62		66	
		67		71	
		72		76	
		77		81	
		82		86	
	7	7	115	115	00ff00
	8	8	114	114	001000
	42	42	80	80	003000
point	61	52	00e000
	75	51	
	70	56	
	66	62	
	77	59	
	57	61	
	78	55	
	63	59	
	89	61	
	75	57	
	63	49	
	78	75	
	54	61	
	84	70	
	75	61	
	77	75	
	65	61	
	112	86	
	61	52	
	77	62	
	84		
	61	52	
	67	51	
	65	50	
	75	61	
	90	56	
	79	64	
	89	83	
	84	62	
	35	69	
	74	86	
rect	12	320	121	440	001000
tint	15	320	23	333	00ff00	/font/5001/42
	21		29			/font/5001/55
	27		35			/font/5001/49
	33		41			/font/5001/4c
	39		47			/font/5001/44
	45		53			/font/5001/20
	51		59			/font/5001/53
	57		65			/font/5001/48
	63		71			/font/5001/49
	69		77			/font/5001/50
	75		83			/font/5001/53
line	12	342	119	342	009000
tint	15	332	23	345	00ff00	/font/5001/4c
	21		29			/font/5001/61
	27		35			/font/5001/6c
	33		41			/font/5001/61
	39		47			/font/5001/6e
	45		53			/font/5001/64
	51		59			/font/5001/65
	57		65			/font/5001/20
	63		71			/font/5001/41
	69		77			/font/5001/6c
	75		83			/font/5001/70
	81		89			/font/5001/68
	87		95			/font/5001/61
	15	344	23	357		/font/5001/43
	21		29			/font/5001/72
	27		35			/font/5001/75
	33		41			/font/5001/69
	39		47			/font/5001/73
	45		53			/font/5001/65
	51		59			/font/5001/72
	15	356	23	369		/font/5001/47
	21		29			/font/5001/75
	27		35			/font/5001/6e
	33		41			/font/5001/73
	39		47			/font/5001/68
	45		53			/font/5001/69
	51		59			/font/5001/70
	15	368	23	381		/font/5001/41
	21		29			/font/5001/73
	27		35			
	33		41			/font/5001/61
	39		47			/font/5001/75
	45		53			/font/5001/6c
	51		59			/font/5001/74
	57		65			/font/5001/20
	63		71			/font/5001/54
	69		77			/font/5001/72
	75		83			/font/5001/61
	81		89			/font/5001/6e
	87		95			/font/5001/73
	93		101			/font/5001/70
	99		107			/font/5001/6f
	105		113			/font/5001/72
	111		119			/font/5001/74
line	12	391	12	380	009000
		380	120		
	120			391	005000
		391	12		
rect	13	381	120	391	007000
tint	15	380	23	393	003000	/font/5001/43
	21		29			/font/5001/61
	27		35			/font/5001/72
	33		41			
	39		47			/font/5001/69
	45		53			/font/5001/65
	51		59			/font/5001/72
	15	392	23	405	009000	/font/5001/48
	21		29			/font/5001/65
	27		35			/font/5001/61
	33		41			/font/5001/76
	39		47			/font/5001/79
	45		53			/font/5001/20
	51		59			/font/5001/44
	57		65			/font/5001/65
	63		71			/font/5001/73
	69		77			/font/5001/74
	75		83			/font/5001/72
	81		89			/font/5001/6f
	87		95			/font/5001/79
	93		101			/font/5001/65
	99		107			/font/5001/72
	15	404	23	417	00ff00	/font/5001/54
	21		29			/font/5001/72
	27		35			/font/5001/61
	33		41			/font/5001/6e
	39		47			/font/5001/73
	45		53			/font/5001/70
	51		59			/font/5001/6f
	57		65			/font/5001/72
	63		71			/font/5001/74
line	12	438	119	438	009000
rect	16	450	114	475	001010
line	17	461	17	450	00c0c0
		450	43		
	43			461	007070
		461	17		
rect	18	451	43	461	009090
tint	19	450	27	463	00ffff	/font/5001/52
	25		33			/font/5001/47
	31		39			/font/5001/48
	37		45			/font/5001/54
	43		51			/font/5001/20
	49		57			/font/5001/42
	55		63			/font/5001/75
	61		69			/font/5001/69
	67		75			/font/5001/6c
	73		81			/font/5001/64
line	17	473	17	462	00c0c0
		462	43		
	43			473	007070
		473	17		
rect	18	463	43	473	009090
tint	19	462	27	475	00ffff	/font/5001/4c
	25		33			/font/5001/45
	31		39			/font/5001/46
	37		45			/font/5001/54
	43		51			/font/5001/20
	49		57			/font/5001/4d
	55		63			/font/5001/61
	61		69			/font/5001/69
	67		75			/font/5001/6e
	73		81			/font/5001/20
	79		87			/font/5001/4d
	85		93			/font/5001/65
	91		99			/font/5001/6e
	97		105			/font/5001/75
line	12	191	12	180	ffff00
		180	119		
	119			191	909000
		191	12		
rect	13	181	119	191	c0c000
tint	15	180	23	193	000000	/font/5001/43
	21		29			/font/5001/4f
	27		35			/font/5001/4e
	33		41			/font/5001/54
	39		47			/font/5001/52
	45		53			/font/5001/4f
	51		59			/font/5001/4c
	15	192	23	205	7fff7f	/font/5001/43
	21		29			/font/5001/41
	27		35			/font/5001/52
	33		41			
	39		47			/font/5001/49
	45		53			/font/5001/45
	51		59			/font/5001/52
draw	19	206	32	224	/sprites/525.SMIV/0
line	14	204	35	204	489048
			14	205	
	35		35		
	14	225		225	
			14	224	
	35		35		
rect	42	206	49	206	003870
				224	0060c0
line	40	204	50	204	00488f
			40	205	
	50		50		
	40	225		225	
			40	224	
	50		50		
rect	55	206	62	207	707000
		207		224	c0c000
line	53	204	63	204	909000
			53	205	
	63		63		
	53	225		225	
			53	224	
	63		63		
tint	69	204	77	217	7fff7f	/font/5001/43
	75		83			/font/5001/4d
	81		89			/font/5001/49
	87		95			/font/5001/53
	93		101			
	99		107			/font/5001/49
	105		113			/font/5001/4c
	111		119			/font/5001/45
	69	216	77	229		/font/5001/54
	75		83			/font/5001/57
	81		89			/font/5001/4e
	87		95			/font/5001/50
	93		101			
	99		107			/font/5001/55
	105		113			/font/5001/4c
	111		119			/font/5001/53
	69	192	77	205		/font/5001/4c
	75		83			/font/5001/41
	81		89			/font/5001/4e
	87		95			/font/5001/43
	93		101			/font/5001/48
	99		107			/font/5001/42
	105		113			/font/5001/41
	111		119			/font/5001/59
	12	228	20	241	00ff00	/font/5001/48
	18		26			/font/5001/65
	24		32			/font/5001/61
	30		38			/font/5001/76
	36		44			/font/5001/79
	42		50			/font/5001/20
	48		56			/font/5001/44
	54		62			/font/5001/65
	60		68			/font/5001/73
	66		74			/font/5001/74
	72		80			/font/5001/72
	78		86			/font/5001/6f
	84		92			/font/5001/79
	90		98			/font/5001/65
	96		104			/font/5001/72
line	12	263	12	252	007fff
		252	119		
	119			263	00488f
		263	12		
rect	13	253	119	263	0060c0
tint	15	252	23	265	000000	/font/5001/54
	21		29			/font/5001/41
	27		35			/font/5001/52
	33		41			/font/5001/47
	39		47			/font/5001/45
	45		53			/font/5001/54
	15	264	23	277	7fff7f	/font/5001/4c
	21		29			/font/5001/61
	27		35			/font/5001/6c
	33		41			/font/5001/61
	39		47			/font/5001/6e
	45		53			/font/5001/64
	51		59			/font/5001/65
	57		65			/font/5001/20
	63		71			/font/5001/42
	69		77			/font/5001/65
	75		83			/font/5001/74
	81		89			/font/5001/61
draw	16	278	34	296	/sprites/1031.SMIV/0
line	14	276	35	276	489048
			14	277	
	35		35		
	14	297		297	
			14	296	
	35		35		
