point	211	469	808080
	578	2	b0b0b0
	502	139	808080
	261	267	
	466	3	
	255	207	b0b0b0
	389	264	808080
	382	385	
	383	386	
	277	218	
	385	16	
	583	153	b0b0b0
	271	53	808080
	332	105	b0b0b0
	378	74	
	188	153	
	327	127	d0d0d0
	232	150	
	193	179	b0b0b0
	407	452	
	526	406	d0d0d0
	508	256	808080
	379	65	
	244	229	
	154	289	b0b0b0
	377	38	808080
	341	325	d0d0d0
	549	346	808080
	198	115	d0d0d0
	312	456	b0b0b0
	584	124	
	405	149	808080
	574	375	d0d0d0
	571	97	
	263	27	808080
	355	380	
	229	184	b0b0b0
	406	330	d0d0d0
	290	116	b0b0b0
	591	202	d0d0d0
	583	254	b0b0b0
	353	423	d0d0d0
	163	428	b0b0b0
	358	185	808080
	382	258	
	380	70	d0d0d0
	308	174	
	284	45	808080
	366	298	
	367	86	
	353	286	d0d0d0
	571	67	b0b0b0
	187	242	808080
	211	211	
	542	301	
	484	294	b0b0b0
	583	33	d0d0d0
	587	266	808080
	553	0	b0b0b0
	323	369	808080
	449	52	
	151	105	b0b0b0
	197	406	808080
	261	156	b0b0b0
	551	67	
	591	316	808080
	499	427	b0b0b0
	328	287	
	572	150	808080
	132	418	b0b0b0
	433	361	808080
	598	132	b0b0b0
	587	180	d0d0d0
	303	72	808080
	141	257	b0b0b0
	214	10	d0d0d0
	254	188	808080
	446	437	b0b0b0
	363	302	d0d0d0
	448	227	808080
	535	327	
	209	261	d0d0d0
	240	39	
	352	306	808080
	180	426	b0b0b0
	435	454	808080
	570	180	b0b0b0
	146	177	
	475	262	
	493	395	d0d0d0
	381	221	
	472	15	808080
	304	337	b0b0b0
	378	305	808080
	247	49	d0d0d0
	518	51	
	508	29	808080
	583	336	d0d0d0
	201	84	808080
	172	190	d0d0d0
	383	104	808080
	156	253	b0b0b0
	286	389	d0d0d0
	542	217	808080
	586	261	d0d0d0
	151	1	808080
	209	81	
	451	179	d0d0d0
	322	155	b0b0b0
	434	234	808080
	360	452	b0b0b0
	162	34	808080
	329	467	
	457	432	d0d0d0
	241	394	b0b0b0
	384	16	
	286	8	808080
	545	41	
	337	368	
	450	332	
	488	420	d0d0d0
	232	298	b0b0b0
	158	63	
	298	264	d0d0d0
	293	9	b0b0b0
	354	214	a05000
	363	229	
	355	234	
	386	208	
	348	246	
	378	218	
	380	222	
	350	242	
	384	246	
	382	244	
	361	204	f07800
	357	206	
		200	
		207	
	356	205	
	361	200	
		208	
	358	202	
	355		
	356	207	
	340	197	100800
	384	279	
	334	284	
	335	246	
	340	239	
	330	205	
	338	273	
	373	195	
	354	254	
	320	208	
	317	260	301800
	379	214	
	353	272	
		236	
	330	205	
	340	246	
	401	245	
	341	277	
	333		
	317	237	
rect	138	0	139	481	000050
	266		267		
	394		395		002850
	522		523		000050
	128	117	609	118	
		245		246	
		373		374	005000
line	365	234	366	234	ffff7f
	353	213	354	215	
	332	255	331	250	7f7fff
	321	191	325	193	ffff7f
draw	363	235	376	247	/sprites/646.SMIV/23
	294	165	305	172	/sprites/582.SMIV/16
	296	132	302	141	/sprites/582.SMIV/11
	438	131	448	138	/sprites/650.SMIV/21
	368	148	379	158	/sprites/509.SMIV/11
	420	134	428	140	/sprites/501.SMIV/16
	318	204	330	214	/sprites/509.SMIV/9
	485	297	495	305	/sprites/578.SMIV/9
	359	200	363	204	/sprites/507.SMIV/3
	370	199	371	200	/sprites/513.SMIV/4
	363	198	364		/sprites/513.SMIV/1
	251	217	257	221	/sprites/584.SMIV/4
	269	167	275	171	
	356	200	358	201	/sprites/504.SMIV/18
	367	241	373	245	/sprites/584.SMIV/4
	362	205	368	210	/sprites/517.SMIV/0
	351	273	356	277	/sprites/584.SMIV/0
	377	297	383	302	/sprites/584.SMIV/2
	353	196	373	214	/sprites/504.SMIV/3
dither	200	50	346	67	300018
crop	204	54	211	65	56	55	000000	/fonts/tactical.png
	211		218		8	44		
	218		225		16	55		
	225		232		112	44		
	232		239		72			
	239		246		112			
	246		253		56			
	253		260		80	33		
	260		267		0	22		
	267		274		24	55		
	274		281		64	66		
	281		288		72			
	288		295		40			
	295		302		96			
	302		309		32			
	309		316		24	77		
	316		323		0	22		
	323		330		96	44		
	330		337		120	66		
	337		344		56	77		
	203	53	210	64		55	ff007f	
	210		217		8	44		
	217		224		16	55		
	224		231		112	44		
	231		238		72			
	238		245		112			
	245		252		56			
	252		259		80	33		
	259		266		0	22		
	266		273		24	55		
	273		280		64	66		
	280		287		72			
	287		294		40			
	294		301		96			
	301		308		32			
	308		315		24	77		
	315		322		0	22		
	322		329		96	44		
	329		336		120	66		
	336		343		56	77		
line	337	44	332	58	489048
			347	56	
	332	58			204020
draw	0	-144	128	624	/pictures/501.png
	608		640		/pictures/512.png
crop	29	159	35	171	0	36	ff0000	/fonts/computer.png
	35		41					
	41		47		8			
	102		108				ff7f00	
	108		114		40			
	114		120		0			
rect	614	359	615	441	00488f
			623	360	
	622			441	002850
	614	440			
	615	360	622	440	003870
	614	441	615	457	007fff
			623	442	
	622			457	00488f
	614	456			
	615	442	622	456	0070e0
	614	231	615	252	909048
			623	232	
	622			252	505028
	614	251			
	615	232	622	251	707038
	614	252	615	329	ffff7f
			623	253	
	622			329	909048
	614	328			
	615	253	622	328	e0e070
	614	103	615	156	904848
			623	104	
	622			156	502828
	614	155			
	615	104	622	155	703838
	614	156	615	201	ff7f7f
			623	157	
	622			201	904848
	614	200			
	615	157	622	200	e07070
	618	8	630	9	90488f
			619	10	
	629		630		
	618	36		37	
		35	619		
	629		630		
	620	10	628	35	703870
		12			c060c0
	634	49	636	52	7fff7f
		53		56	703800
		57		60	
		61		64	
		65		68	
		69		72	904800
		73		76	703800
		77		80	
		81		84	
		85		88	
		89		92	904800
		93		96	703800
		97		100	
		101		104	
		105		108	
		109		112	904800
		113		116	703800
		117		120	
		121		124	
		125		128	
		129		132	904800
		133		136	703800
		137		140	183018
		141		144	
		145		148	
		149		152	
		153		156	
		157		160	
		161		164	
		165		168	
		169		172	
		173		176	
		177		180	
		181		184	
		185		188	
		189		192	
		193		196	
		197		200	
		201		204	
		205		208	
		209		212	
		213		216	
		217		220	
		221		224	
		225		228	
		229		232	
		233		236	
		237		240	
		241		244	
		245		248	
		249		252	
		253		256	
		257		260	
		261		264	
		265		268	
		269		272	
		273		276	
		277		280	
		281		284	
		285		288	
		289		292	
		293		296	
		297		300	
		301		304	
		305		308	
		309		312	
		313		316	
		317		320	
		321		324	
		325		328	
		329		332	
		333		336	
		337		340	
		341		344	
		345		348	
		349		352	
		353		356	
		357		360	
		361		364	
		365		368	
		369		372	
		373		376	
		377		380	
		381		384	
		385		388	
		389		392	
		393		396	
		397		400	
		401		404	
		405		408	
		409		412	
		413		416	
		417		420	
		421		424	
		425		428	
		429		432	
		433		436	
		437		440	
		441		444	
		445		448	
	621	52	631	56	303000
		57		61	
		62		66	
		67		71	
		72		76	
		77		81	
		82		86	
	7	7	115	115	00ff00
	8	8	114	114	001000
	43	43	81	81	003000
point	67	33	00e000
	61	61	
	86	27	
	56	56	
		53	
	66		
	93	18	
	94	25	
	61	55	
	54	56	
	58	58	
	65	53	
	58	59	
	103	11	
	52	60	
	104	61	
	61	58	
		61	
	70	66	
	101	21	
	60	60	
	59	61	
	61	59	
			
			
	60	63	
	61	65	
	68	32	
	78	25	
	61	58	
			
rect	12	320	121	440	001000
		342	120	343	009000
		380	13	392	
			121	381	
	120			392	005000
	12	391			
	13	381	120	391	007000
	12	438		439	009000
	16	450	114	475	001010
	17		18	462	00c0c0
			44	451	
	43			462	007070
	17	461			
	18	451	43	461	009090
	17	462	18	474	00c0c0
			44	463	
	43			474	007070
	17	473			
	18	463	43	473	009090
crop	15	320	21	332	16	48	00ff00	/fonts/computer.png
	21		27		40	60		
	27		33		72	48		
	33		39		96			
	39		45		32			
	45		51		0	24		
	51		57		24	60		
	57		63		64	48		
	63		69		72			
	69		75		0	60		
	75		81		24			
	15	332	21	344	96	48		
	21		27		8	72		
	27		33		96			
	33		39		8			
	39		45		112			
	45		51		32			
	51		57		40			
	57		63		0	24		
	63		69		8	48		
	69		75		96	72		
	75		81		0	84		
	81		87		64	72		
	87		93		8			
	15	344	21	356	24	48	009000	
	21		27		16	84		
	27		33		40			
	33		39		72	72		
	39		45		24	84		
	45		51		40	72		
	51		57		16	84		
	15	356	21	368	56	48		
	21		27		40	84		
	27		33		112	72		
	33		39		24	84		
	39		45		64	72		
	45		51		72			
	51		57		0	84		
	15	368	21	380	8	48		
	21		27		24	84		
	27		33					
	33		39		8	72		
	39		45		40	84		
	45		51		96	72		
	51		57		32	84		
	57		63		0	24		
	63		69		32	60		
	69		75		16	84		
	75		81		8	72		
	81		87		112			
	87		93		24	84		
	93		99		0			
	99		105		120	72		
	105		111		16	84		
	111		117		32			
	15	380	21	392	24	48	003000	
	21		27		8	72		
	27		33		16	84		
	33		39					
	39		45		72	72		
	45		51		40			
	51		57		16	84		
	15	392	21	404	64	48	009000	
	21		27		40	72		
	27		33		8			
	33		39		48	84		
	39		45		72			
	45		51		0	24		
	51		57		32	48		
	57		63		40	72		
	63		69		24	84		
	69		75		32			
	75		81		16			
	81		87		120	72		
	87		93		72	84		
	93		99		40	72		
	99		105		16	84		
	15	404	21	416	32	60		
	21		27		16	84		
	27		33		8	72		
	33		39		112			
	39		45		24	84		
	45		51		0			
	51		57		120	72		
	57		63		16	84		
	63		69		32			
	19	450	25	462	16	60	00ffff	
	25		31		56	48		
	31		37		64			
	37		43		32	60		
	43		49		0	24		
	49		55		16	48		
	55		61		40	84		
	61		67		72	72		
	67		73		96			
	73		79		32			
	19	462	25	474	96	48		
	25		31		40			
	31		37		48			
	37		43		32	60		
	43		49		0	24		
	49		55		104	48		
	55		61		8	72		
	61		67		72			
	67		73		112			
	73		79		0	24		
	79		85		104	48		
	85		91		40	72		
	91		97		112			
	97		103		40	84		
rect	12	180	13	192	ffff00
			121	181	
	120			192	909000
	12	191			
	13	181	120	191	c0c000
crop	15	180	21	192	24	48	000000	/fonts/computer.png
	21		27		120			
	27		33		112			
	33		39		32	60		
	39		45		16			
	45		51		120	48		
	51		57		96			
	15	192	21	204	24		7fff7f	
	21		27		8			
	27		33		16	60		
	33		39					
	39		45		72	48		
	45		51		40			
	51		57		16	60		
draw	18	206	31	224	/sprites/525.SMIV/0
rect	14	204	36	205	489048
			15	206	
	35		36		
	14	225		226	
		224	15		
	35		36		
	42	206	49	206	003870
				224	0060c0
	40	204	51	205	00488f
			41	206	
	50		51		
	40	225		226	
		224	41		
	50		51		
	55	206	62	207	707000
		207		224	c0c000
	53	204	64	205	909000
			54	206	
	63		64		
	53	225		226	
		224	54		
	63		64		
crop	69	204	75	216	24	48	7fff7f	/fonts/computer.png
	75		81		104			
	81		87		72			
	87		93		24	60		
	93		99					
	99		105		72	48		
	105		111		96			
	111		117		40			
	69	216	75	228	32	60		
	75		81		56			
	81		87		112	48		
	87		93		0	60		
	93		99					
	99		105		40			
	105		111		96	48		
	111		117		24	60		
	69	192	75	204	96	48		
	75		81		8			
	81		87		112			
	87		93		24			
	93		99		64			
	99		105		16			
	105		111		8			
	111		117		72	60		
	12	228	18	240	64	48	00ff00	
	18		24		40	72		
	24		30		8			
	30		36		48	84		
	36		42		72			
	42		48		0	24		
	48		54		32	48		
	54		60		40	72		
	60		66		24	84		
	66		72		32			
	72		78		16			
	78		84		120	72		
	84		90		72	84		
	90		96		40	72		
	96		102		16	84		
rect	12	252	13	264	007fff
			121	253	
	120			264	00488f
	12	263			
	13	253	120	263	0060c0
crop	15	252	21	264	32	60	000000	/fonts/computer.png
	21		27		8	48		
	27		33		16	60		
	33		39		56	48		
	39		45		40			
	45		51		32	60		
	15	264	21	276	96	48	7fff7f	
	21		27		8	72		
	27		33		96			
	33		39		8			
	39		45		112			
	45		51		32			
	51		57		40			
	57		63		0	24		
	63		69		16	48		
	69		75		40	72		
	75		81		32	84		
	81		87		8	72		
draw	16	278	34	296	/sprites/1031.SMIV/0
rect	14	276	36	277	489048
			15	278	
	35		36		
	14	297		298	
		296	15		
	35		36		
