point	433	51	b0b0b0
	603	44	808080
	429	330	
	189	458	
	467	334	d0d0d0
	133	19	
	316	455	808080
	154	96	
	361	145	b0b0b0
	205	408	808080
	396	414	d0d0d0
	433	223	
	199	244	808080
	223	392	b0b0b0
	269	361	
	573	176	808080
	401	23	b0b0b0
	338	28	808080
	549	300	d0d0d0
	367	173	808080
	523	411	
	436	447	
	307	256	
	171	420	
	522	219	b0b0b0
	305	229	808080
	538	114	
	550	243	
		25	b0b0b0
	323	263	
	519	338	808080
	332	340	
	374	139	
	269	1	d0d0d0
	190	218	808080
	440	181	d0d0d0
	600	379	808080
	276	234	d0d0d0
	181	403	b0b0b0
	445	394	d0d0d0
	518	218	808080
	370	326	d0d0d0
	333	314	
	285	375	808080
	309	449	
	235	453	d0d0d0
	528	39	808080
	212	235	
	538	268	b0b0b0
	294	277	808080
	356	190	d0d0d0
	461	354	b0b0b0
	582	349	d0d0d0
	139	402	808080
	269	11	
	464	67	
	528	450	
	515	457	
	293	379	d0d0d0
	351	159	
	377	243	808080
	149	51	
	315	236	d0d0d0
	152	443	b0b0b0
	442	354	
	423	53	d0d0d0
	228	234	b0b0b0
	217	125	d0d0d0
	500	341	808080
	241	225	b0b0b0
	262	107	
	541	110	808080
	524	460	
	231	263	
	264	53	
	209	196	
	181	379	
	562	257	b0b0b0
	508	154	
	375	418	808080
	571	11	b0b0b0
	488	82	808080
	513	365	d0d0d0
	442	25	b0b0b0
	457	155	808080
	527	125	d0d0d0
	460	467	b0b0b0
	135	111	808080
	525	46	
	153	148	
	441	93	b0b0b0
	534	370	
	549	93	d0d0d0
	133	15	808080
	587	240	b0b0b0
	373	435	d0d0d0
	435	220	808080
	462	68	b0b0b0
	129	275	808080
	555	313	
	310	295	
	524	75	b0b0b0
	313	292	d0d0d0
	470	408	808080
	524	304	
	495	193	
	136	272	
	520	41	
	213	442	b0b0b0
	361	425	808080
	217	259	b0b0b0
	568	180	808080
	321	357	d0d0d0
	364	336	
	265	202	b0b0b0
	193	201	808080
	460	299	b0b0b0
	473	232	808080
	163	79	
	402	85	d0d0d0
	199	323	
	191	105	b0b0b0
	553	171	808080
	455	126	b0b0b0
	597	360	
line	147	0	147	480	002850
	275		275		000050
	403		403		
	531		531		
	128	52	608	52	
		180		180	
		308		308	
		436		436	002850
	396	252	392	250	ffff7f
	372	245	369	243	
	426	270	421	268	
draw	191	442	223	474	/sprites/1031.SMIV/0
	360	234	376	245	/sprites/646.SMIV/9
	240	422	250	430	/sprites/582.SMIV/15
	209	414	213	423	/sprites/582.SMIV/12
	196	476	202	484	/sprites/650.SMIV/1
	426	265	439	277	/sprites/579.SMIV/14
	202	392	212	401	/sprites/509.SMIV/12
	215	421	222	428	/sprites/501.SMIV/13
	203	417	213	426	/sprites/509.SMIV/12
	426	236	430	239	/sprites/510.SMIV/14
	580	95	584	99	/sprites/554.SMIV/8
dither	200	50	346	67	300018
tint	204	54	212	66	000000	/font/5000/57
	211		219			/font/5000/41
	218		226			/font/5000/52
	225		233			/font/5000/4e
	232		240			/font/5000/49
	239		247			/font/5000/4e
	246		254			/font/5000/47
	253		261			/font/5000/3a
	260		268			/font/5000/20
	267		275			/font/5000/53
	274		282			/font/5000/68
	281		289			/font/5000/69
	288		296			/font/5000/65
	295		303			/font/5000/6c
	302		310			/font/5000/64
	309		317			/font/5000/73
	316		324			/font/5000/20
	323		331			/font/5000/4c
	330		338			/font/5000/6f
	337		345			/font/5000/77
	203	53	211	65	ff007f	/font/5000/57
	210		218			/font/5000/41
	217		225			/font/5000/52
	224		232			/font/5000/4e
	231		239			/font/5000/49
	238		246			/font/5000/4e
	245		253			/font/5000/47
	252		260			/font/5000/3a
	259		267			/font/5000/20
	266		274			/font/5000/53
	273		281			/font/5000/68
	280		288			/font/5000/69
	287		295			/font/5000/65
	294		302			/font/5000/6c
	301		309			/font/5000/64
	308		316			/font/5000/73
	315		323			/font/5000/20
	322		330			/font/5000/4c
	329		337			/font/5000/6f
	336		344			/font/5000/77
dither	207	438	339	455	001830
tint	211	442	219	454	000000	/font/5000/4c
	218		226			/font/5000/61
	225		233			/font/5000/6c
	232		240			/font/5000/61
	239		247			/font/5000/6e
	246		254			/font/5000/64
	253		261			/font/5000/65
	260		268			/font/5000/20
	267		275			/font/5000/42
	274		282			/font/5000/65
	281		289			/font/5000/74
	288		296			/font/5000/61
	295		303			/font/5000/20
	302		310			/font/5000/3c
	309		317			/font/5000/20
	316		324			/font/5000/33
	323		331			/font/5000/20
	330		338			/font/5000/3e
	210	441	218	453	007fff	/font/5000/4c
	217		225			/font/5000/61
	224		232			/font/5000/6c
	231		239			/font/5000/61
	238		246			/font/5000/6e
	245		253			/font/5000/64
	252		260			/font/5000/65
	259		267			/font/5000/20
	266		274			/font/5000/42
	273		281			/font/5000/65
	280		288			/font/5000/74
	287		295			/font/5000/61
	294		302			/font/5000/20
	301		309			/font/5000/3c
	308		316			/font/5000/20
	315		323			/font/5000/33
	322		330			/font/5000/20
	329		337			/font/5000/3e
line	514	375	510	360	489048
			499	372	
	510	360			204020
draw	0	0	128	480	/pictures/501.png
	608		640		/pictures/512.png
tint	29	159	37	172	ff0000	/font/5001/30
	35		43			
	41		49			/font/5001/33
	102		110		ff7f00	/font/5001/31
	108		116			/font/5001/35
	114		122			/font/5001/30
line	614	437	614	359	00488f
		359	622		
	622			437	002850
		437	614		
rect	615	360	622	437	003870
line	614	456	614	438	007fff
		438	622		
	622			456	00488f
		456	614		
rect	615	439	622	456	0070e0
line	614	243	614	231	909048
		231	622		
	622			243	505028
		243	614		
rect	615	232	622	243	707038
line	614	328	614	244	ffff7f
		244	622		
	622			328	909048
		328	614		
rect	615	245	622	328	e0e070
line	614	162	614	103	904848
		103	622		
	622			162	502828
		162	614		
rect	615	104	622	162	703838
line	614	200	614	163	ff7f7f
		163	622		
	622			200	904848
		200	614		
rect	615	164	622	200	e07070
line	618	8	629	8	90488f
			618	9	
	629		629		
	618	36		36	
			618	35	
	629		629		
rect	620	10	628	35	703870
		24			c060c0
	634	49	636	52	7fff7f
		53		56	60c060
		57		60	
		61		64	
		65		68	703800
		69		72	904800
		73		76	703800
		77		80	
		81		84	
		85		88	
		89		92	904800
		93		96	703800
		97		100	
		101		104	
		105		108	
		109		112	904800
		113		116	703800
		117		120	
		121		124	
		125		128	
		129		132	904800
		133		136	703800
		137		140	183018
		141		144	
		145		148	
		149		152	
		153		156	
		157		160	
		161		164	
		165		168	
		169		172	
		173		176	
		177		180	
		181		184	
		185		188	
		189		192	
		193		196	
		197		200	
		201		204	
		205		208	
		209		212	
		213		216	
		217		220	
		221		224	
		225		228	
		229		232	
		233		236	
		237		240	
		241		244	
		245		248	
		249		252	
		253		256	
		257		260	
		261		264	
		265		268	
		269		272	
		273		276	
		277		280	
		281		284	
		285		288	
		289		292	
		293		296	
		297		300	
		301		304	
		305		308	
		309		312	
		313		316	
		317		320	
		321		324	
		325		328	
		329		332	
		333		336	
		337		340	
		341		344	
		345		348	
		349		352	
		353		356	
		357		360	
		361		364	
		365		368	
		369		372	
		373		376	
		377		380	
		381		384	
		385		388	
		389		392	
		393		396	
		397		400	
		401		404	
		405		408	
		409		412	
		413		416	
		417		420	
		421		424	
		425		428	
		429		432	
		433		436	
		437		440	
		441		444	
		445		448	
	621	52	631	56	303000
		57		61	
		62		66	
		67		71	
		72		76	
		77		81	
		82		86	
	7	7	115	115	00ff00
	8	8	114	114	001000
	42	42	80	80	003000
point	49	78	00e000
	53	81	
	46		
	52	75	
	49		
	48	80	
	85	54	
	61	61	
	66	63	
	49	73	
	50	75	
	78	50	
	49	75	
	45	80	
	65	63	
	53	82	
	63	61	
	65		
	69	86	
	44	87	
rect	12	320	121	440	001000
tint	15	320	23	333	00ff00	/font/5001/42
	21		29			/font/5001/55
	27		35			/font/5001/49
	33		41			/font/5001/4c
	39		47			/font/5001/44
	45		53			/font/5001/20
	51		59			/font/5001/53
	57		65			/font/5001/48
	63		71			/font/5001/49
	69		77			/font/5001/50
	75		83			/font/5001/53
line	12	342	119	342	009000
tint	15	332	23	345	00ff00	/font/5001/4c
	21		29			/font/5001/61
	27		35			/font/5001/6c
	33		41			/font/5001/61
	39		47			/font/5001/6e
	45		53			/font/5001/64
	51		59			/font/5001/65
	57		65			/font/5001/20
	63		71			/font/5001/41
	69		77			/font/5001/6c
	75		83			/font/5001/70
	81		89			/font/5001/68
	87		95			/font/5001/61
	15	344	23	357	009000	/font/5001/43
	21		29			/font/5001/72
	27		35			/font/5001/75
	33		41			/font/5001/69
	39		47			/font/5001/73
	45		53			/font/5001/65
	51		59			/font/5001/72
	15	356	23	369		/font/5001/47
	21		29			/font/5001/75
	27		35			/font/5001/6e
	33		41			/font/5001/73
	39		47			/font/5001/68
	45		53			/font/5001/69
	51		59			/font/5001/70
	15	368	23	381		/font/5001/41
	21		29			/font/5001/73
	27		35			
	33		41			/font/5001/61
	39		47			/font/5001/75
	45		53			/font/5001/6c
	51		59			/font/5001/74
	57		65			/font/5001/20
	63		71			/font/5001/54
	69		77			/font/5001/72
	75		83			/font/5001/61
	81		89			/font/5001/6e
	87		95			/font/5001/73
	93		101			/font/5001/70
	99		107			/font/5001/6f
	105		113			/font/5001/72
	111		119			/font/5001/74
line	12	391	12	380	009000
		380	120		
	120			391	005000
		391	12		
rect	13	381	120	391	007000
tint	15	380	23	393	003000	/font/5001/43
	21		29			/font/5001/61
	27		35			/font/5001/72
	33		41			
	39		47			/font/5001/69
	45		53			/font/5001/65
	51		59			/font/5001/72
	15	392	23	405	009000	/font/5001/48
	21		29			/font/5001/65
	27		35			/font/5001/61
	33		41			/font/5001/76
	39		47			/font/5001/79
	45		53			/font/5001/20
	51		59			/font/5001/44
	57		65			/font/5001/65
	63		71			/font/5001/73
	69		77			/font/5001/74
	75		83			/font/5001/72
	81		89			/font/5001/6f
	87		95			/font/5001/79
	93		101			/font/5001/65
	99		107			/font/5001/72
	15	404	23	417	00ff00	/font/5001/54
	21		29			/font/5001/72
	27		35			/font/5001/61
	33		41			/font/5001/6e
	39		47			/font/5001/73
	45		53			/font/5001/70
	51		59			/font/5001/6f
	57		65			/font/5001/72
	63		71			/font/5001/74
line	12	438	119	438	009000
rect	16	450	114	475	001010
line	17	461	17	450	00c0c0
		450	43		
	43			461	007070
		461	17		
rect	18	451	43	461	009090
tint	19	450	27	463	00ffff	/font/5001/52
	25		33			/font/5001/47
	31		39			/font/5001/48
	37		45			/font/5001/54
	43		51			/font/5001/20
	49		57			/font/5001/42
	55		63			/font/5001/75
	61		69			/font/5001/69
	67		75			/font/5001/6c
	73		81			/font/5001/64
line	17	473	17	462	00c0c0
		462	43		
	43			473	007070
		473	17		
rect	18	463	43	473	009090
tint	19	462	27	475	00ffff	/font/5001/4c
	25		33			/font/5001/45
	31		39			/font/5001/46
	37		45			/font/5001/54
	43		51			/font/5001/20
	49		57			/font/5001/4d
	55		63			/font/5001/61
	61		69			/font/5001/69
	67		75			/font/5001/6e
	73		81			/font/5001/20
	79		87			/font/5001/4d
	85		93			/font/5001/65
	91		99			/font/5001/6e
	97		105			/font/5001/75
line	12	191	12	180	ffff00
		180	119		
	119			191	909000
		191	12		
rect	13	181	119	191	c0c000
tint	15	180	23	193	000000	/font/5001/43
	21		29			/font/5001/4f
	27		35			/font/5001/4e
	33		41			/font/5001/54
	39		47			/font/5001/52
	45		53			/font/5001/4f
	51		59			/font/5001/4c
	15	192	23	205	7fff7f	/font/5001/43
	21		29			/font/5001/41
	27		35			/font/5001/52
	33		41			
	39		47			/font/5001/49
	45		53			/font/5001/45
	51		59			/font/5001/52
draw	19	206	32	224	/sprites/525.SMIV/0
line	14	204	35	204	489048
			14	205	
	35		35		
	14	225		225	
			14	224	
	35		35		
rect	42	206	49	206	003870
				224	0060c0
line	40	204	50	204	00488f
			40	205	
	50		50		
	40	225		225	
			40	224	
	50		50		
rect	55	206	62	207	707000
		207		224	c0c000
line	53	204	63	204	909000
			53	205	
	63		63		
	53	225		225	
			53	224	
	63		63		
tint	69	204	77	217	7fff7f	/font/5001/43
	75		83			/font/5001/4d
	81		89			/font/5001/49
	87		95			/font/5001/53
	93		101			
	99		107			/font/5001/49
	105		113			/font/5001/4c
	111		119			/font/5001/45
	69	216	77	229		/font/5001/54
	75		83			/font/5001/57
	81		89			/font/5001/4e
	87		95			/font/5001/50
	93		101			
	99		107			/font/5001/55
	105		113			/font/5001/4c
	111		119			/font/5001/53
	69	192	77	205		/font/5001/4c
	75		83			/font/5001/41
	81		89			/font/5001/4e
	87		95			/font/5001/43
	93		101			/font/5001/48
	99		107			/font/5001/42
	105		113			/font/5001/41
	111		119			/font/5001/59
	12	228	20	241	00ff00	/font/5001/48
	18		26			/font/5001/65
	24		32			/font/5001/61
	30		38			/font/5001/76
	36		44			/font/5001/79
	42		50			/font/5001/20
	48		56			/font/5001/44
	54		62			/font/5001/65
	60		68			/font/5001/73
	66		74			/font/5001/74
	72		80			/font/5001/72
	78		86			/font/5001/6f
	84		92			/font/5001/79
	90		98			/font/5001/65
	96		104			/font/5001/72
line	12	263	12	252	007fff
		252	119		
	119			263	00488f
		263	12		
rect	13	253	119	263	0060c0
tint	15	252	23	265	000000	/font/5001/54
	21		29			/font/5001/41
	27		35			/font/5001/52
	33		41			/font/5001/47
	39		47			/font/5001/45
	45		53			/font/5001/54
	15	264	23	277	7fff7f	/font/5001/4c
	21		29			/font/5001/61
	27		35			/font/5001/6c
	33		41			/font/5001/61
	39		47			/font/5001/6e
	45		53			/font/5001/64
	51		59			/font/5001/65
	57		65			/font/5001/20
	63		71			/font/5001/42
	69		77			/font/5001/65
	75		83			/font/5001/74
	81		89			/font/5001/61
draw	16	278	34	296	/sprites/1031.SMIV/0
line	14	276	35	276	489048
			14	277	
	35		35		
	14	297		297	
			14	296	
	35		35		
