point	375	469	808080
	400	2	
	598	287	
	357	415	
	226	429	
	385	170	b0b0b0
	485	412	808080
	322	222	
	137	102	d0d0d0
	373	365	808080
	222	369	b0b0b0
	209	409	808080
	367	201	
	477	329	b0b0b0
	523	297	
	262	91	808080
	451	451	
	593		d0d0d0
	337	324	b0b0b0
	536	130	808080
	211	209	
	604	403	
	475	212	
	340	376	
	296	445	b0b0b0
	473	185	808080
	149	75	b0b0b0
	238	358	808080
	566	452	
	577	200	b0b0b0
	247	281	
	501	297	808080
	543	96	
	132	266	b0b0b0
	359	174	808080
	445	71	b0b0b0
	403	45	808080
	134	213	b0b0b0
	535	182	d0d0d0
	216	316	808080
	286	198	d0d0d0
	203	131	b0b0b0
	192	350	d0d0d0
	454	332	808080
	478	405	
	574	368	d0d0d0
	449	313	
	380	192	808080
	250	133	
	462	234	
	216	416	d0d0d0
	272	235	
	362	445	b0b0b0
	397	173	
	304	207	808080
	404	243	b0b0b0
	306	163	d0d0d0
	241	404	b0b0b0
	543	2	
	605	56	
	545	200	808080
	510	132	d0d0d0
	151	447	808080
	547	42	d0d0d0
	246	305	
	523	455	b0b0b0
	482	171	
	402	30	
	189	157	808080
	495	162	b0b0b0
	385	58	d0d0d0
	281	300	b0b0b0
	255	222	
	399	220	808080
	268	316	
	377	152	
	350	335	
	266	83	
	333	147	d0d0d0
	544	374	808080
	366	443	
	334	39	
	310	157	b0b0b0
	150	318	d0d0d0
	146	161	808080
	192	351	
	199	220	
	392	416	b0b0b0
	412	32	d0d0d0
	203	175	808080
	262	28	b0b0b0
	307	278	
	134	424	
	300	231	808080
	361	277	b0b0b0
	180	433	808080
	604	176	
	223	258	
	296	133	
	361	147	d0d0d0
	479	252	808080
	223	6	
	161	446	b0b0b0
	158	81	808080
	212	381	
	184	298	
	304	159	
	235	95	d0d0d0
	466	379	b0b0b0
	530	382	808080
	471	196	b0b0b0
	387	206	d0d0d0
	154	400	808080
	224	243	d0d0d0
	519	138	b0b0b0
	361	158	808080
	198	452	
	178	433	b0b0b0
	434	387	
	246	165	d0d0d0
	504	22	b0b0b0
	488	56	d0d0d0
	299	248	b0b0b0
	568	82	d0d0d0
	371	156	b0b0b0
rect	198	0	199	481	002850
	454		455		
	128	46	609	47	
		302		303	
	476	305	492	321	900000
triangle	362	234	374	246	007000
	460	323	468	331	00c000
	470	303	478	311	
	465	314	473	322	
	472	326	480	334	007000
	466	329	474	337	00c000
	496	331	506	341	
	465	318	473	326	
	476	305	486	315	
	481	308	491	318	
diamond	573	278	589	294	00c000
triangle	504	299	510	305	00c000
	493	304	499	310	
rect	570	179	572	181	c00000
	518	295	520	297	
dither	200	50	346	67	300018
crop	204	54	211	65	56	55	000000	/fonts/tactical.png
	211		218		8	44		
	218		225		16	55		
	225		232		112	44		
	232		239		72			
	239		246		112			
	246		253		56			
	253		260		80	33		
	260		267		0	22		
	267		274		24	55		
	274		281		64	66		
	281		288		72			
	288		295		40			
	295		302		96			
	302		309		32			
	309		316		24	77		
	316		323		0	22		
	323		330		96	44		
	330		337		120	66		
	337		344		56	77		
	203	53	210	64		55	ff007f	
	210		217		8	44		
	217		224		16	55		
	224		231		112	44		
	231		238		72			
	238		245		112			
	245		252		56			
	252		259		80	33		
	259		266		0	22		
	266		273		24	55		
	273		280		64	66		
	280		287		72			
	287		294		40			
	294		301		96			
	301		308		32			
	308		315		24	77		
	315		322		0	22		
	322		329		96	44		
	329		336		120	66		
	336		343		56	77		
line	567	223	553	217	489048
			554	232	
	553	217			204020
draw	0	-144	128	624	/interfaces/instruments/left.png
	608		640		/interfaces/instruments/right.png
crop	29	159	35	171	0	36	ff0000	/fonts/computer.png
	35		41					
	41		47		48			
	102		108		8		ff7f00	
	108		114		40			
	114		120		0			
rect	614	359	615	435	00488f
			623	360	
	622			435	002850
	614	434			
	615	360	622	434	003870
	614	435	615	457	007fff
			623	436	
	622			457	00488f
	614	456			
	615	436	622	456	0070e0
	614	231	615	243	909048
			623	232	
	622			243	505028
	614	242			
	615	232	622	242	707038
	614	243	615	329	ffff7f
			623	244	
	622			329	909048
	614	328			
	615	244	622	328	e0e070
	614	103	615	171	904848
			623	104	
	622			171	502828
	614	170			
	615	104	622	170	703838
	614	171	615	201	ff7f7f
			623	172	
	622			201	904848
	614	200			
	615	172	622	200	e07070
	618	8	630	9	90488f
			619	10	
	629		630		
	618	36		37	
		35	619		
	629		630		
	620	10	628	35	703870
		35			c060c0
	634	49	636	52	7fff7f
		53		56	60c060
		57		60	
		61		64	
		65		68	
		69		72	7fff7f
		73		76	60c060
		77		80	
		81		84	703800
		85		88	
		89		92	904800
		93		96	703800
		97		100	
		101		104	
		105		108	
		109		112	904800
		113		116	703800
		117		120	
		121		124	
		125		128	
		129		132	904800
		133		136	703800
		137		140	183018
		141		144	
		145		148	
		149		152	
		153		156	
		157		160	
		161		164	
		165		168	
		169		172	
		173		176	
		177		180	
		181		184	
		185		188	
		189		192	
		193		196	
		197		200	
		201		204	
		205		208	
		209		212	
		213		216	
		217		220	
		221		224	
		225		228	
		229		232	
		233		236	
		237		240	
		241		244	
		245		248	
		249		252	
		253		256	
		257		260	
		261		264	
		265		268	
		269		272	
		273		276	
		277		280	
		281		284	
		285		288	
		289		292	
		293		296	
		297		300	
		301		304	
		305		308	
		309		312	
		313		316	
		317		320	
		321		324	
		325		328	
		329		332	
		333		336	
		337		340	
		341		344	
		345		348	
		349		352	
		353		356	
		357		360	
		361		364	
		365		368	
		369		372	
		373		376	
		377		380	
		381		384	
		385		388	
		389		392	
		393		396	
		397		400	
		401		404	
		405		408	
		409		412	
		413		416	
		417		420	
		421		424	
		425		428	
		429		432	
		433		436	
		437		440	
		441		444	
		445		448	
	621	52	631	56	303000
		57		61	
		62		66	
		67		71	
		72		76	
		77		81	
		82		86	
	7	7	115	115	00ff00
	8	8	114	114	001000
	24	24	100	100	003000
point	79	72	00e000
	76	75	
	78	71	
	77	73	
	78	75	
	77		
	82	76	
	83	70	
	77	74	
	79	72	
	80		
	95	68	
	81	71	
	113	72	
	93	52	
	85	70	
rect	12	320	121	440	001000
		342	120	343	009000
		380	13	392	
			121	381	
	120			392	005000
	12	391			
	13	381	120	391	007000
	12	438		439	009000
	16	450	114	475	001010
	17		18	462	00c0c0
			44	451	
	43			462	007070
	17	461			
	18	451	43	461	009090
	17	462	18	474	00c0c0
			44	463	
	43			474	007070
	17	473			
	18	463	43	473	009090
crop	15	320	21	332	16	48	00ff00	/fonts/computer.png
	21		27		40	60		
	27		33		72	48		
	33		39		96			
	39		45		32			
	45		51		0	24		
	51		57		24	60		
	57		63		64	48		
	63		69		72			
	69		75		0	60		
	75		81		24			
	15	332	21	344	96	48		
	21		27		8	72		
	27		33		96			
	33		39		8			
	39		45		112			
	45		51		32			
	51		57		40			
	57		63		0	24		
	63		69		8	48		
	69		75		96	72		
	75		81		0	84		
	81		87		64	72		
	87		93		8			
	15	344	21	356	24	48		
	21		27		16	84		
	27		33		40			
	33		39		72	72		
	39		45		24	84		
	45		51		40	72		
	51		57		16	84		
	15	356	21	368	56	48	009000	
	21		27		40	84		
	27		33		112	72		
	33		39		24	84		
	39		45		64	72		
	45		51		72			
	51		57		0	84		
	15	368	21	380	8	48		
	21		27		24	84		
	27		33					
	33		39		8	72		
	39		45		40	84		
	45		51		96	72		
	51		57		32	84		
	57		63		0	24		
	63		69		32	60		
	69		75		16	84		
	75		81		8	72		
	81		87		112			
	87		93		24	84		
	93		99		0			
	99		105		120	72		
	105		111		16	84		
	111		117		32			
	15	380	21	392	24	48	003000	
	21		27		8	72		
	27		33		16	84		
	33		39					
	39		45		72	72		
	45		51		40			
	51		57		16	84		
	15	392	21	404	64	48	009000	
	21		27		40	72		
	27		33		8			
	33		39		48	84		
	39		45		72			
	45		51		0	24		
	51		57		32	48		
	57		63		40	72		
	63		69		24	84		
	69		75		32			
	75		81		16			
	81		87		120	72		
	87		93		72	84		
	93		99		40	72		
	99		105		16	84		
	15	404	21	416	32	60	00ff00	
	21		27		16	84		
	27		33		8	72		
	33		39		112			
	39		45		24	84		
	45		51		0			
	51		57		120	72		
	57		63		16	84		
	63		69		32			
	19	450	25	462	16	60	00ffff	
	25		31		56	48		
	31		37		64			
	37		43		32	60		
	43		49		0	24		
	49		55		16	48		
	55		61		40	84		
	61		67		72	72		
	67		73		96			
	73		79		32			
	19	462	25	474	96	48		
	25		31		40			
	31		37		48			
	37		43		32	60		
	43		49		0	24		
	49		55		104	48		
	55		61		8	72		
	61		67		72			
	67		73		112			
	73		79		0	24		
	79		85		104	48		
	85		91		40	72		
	91		97		112			
	97		103		40	84		
rect	12	180	13	192	ffff00
			121	181	
	120			192	909000
	12	191			
	13	181	120	191	c0c000
crop	15	180	21	192	24	48	000000	/fonts/computer.png
	21		27		120			
	27		33		112			
	33		39		32	60		
	39		45		16			
	45		51		120	48		
	51		57		96			
	15	192	21	204	32	60	7fff7f	
	21		27		16			
	27		33		8	48		
	33		39		112			
	39		45		24	60		
	45		51		0			
	51		57		16			
	57		63		32			
draw	19	206	30	224	/sprites/515.SMIV/0
rect	14	204	36	205	489048
			15	206	
	35		36		
	14	225		226	
		224	15		
	35		36		
	42	206	49	206	003870
				224	0060c0
	40	204	51	205	00488f
			41	206	
	50		51		
	40	225		226	
		224	41		
	50		51		
	55	206	62	206	707000
				224	c0c000
	53	204	64	205	909000
			54	206	
	63		64		
	53	225		226	
		224	54		
	63		64		
crop	12	228	18	240	96	48	ff0000	/fonts/computer.png
	18		24		8	72		
	24		30		96			
	30		36		8			
	36		42		112			
	42		48		32			
	48		54		40			
	54		60		0	24		
	60		66		16	48		
	66		72		40	72		
	72		78		32	84		
	78		84		8	72		
rect	12	252	13	264	007fff
			121	253	
	120			264	00488f
	12	263			
	13	253	120	263	0060c0
crop	15	252	21	264	32	60	000000	/fonts/computer.png
	21		27		8	48		
	27		33		16	60		
	33		39		56	48		
	39		45		40			
	45		51		32	60		
	15	264	21	276	96	48	7fff7f	
	21		27		8	72		
	27		33		96			
	33		39		8			
	39		45		112			
	45		51		32			
	51		57		40			
	57		63		0	24		
	63		69		16	48		
	69		75		40	72		
	75		81		32	84		
	81		87		8	72		
draw	16	278	34	296	/sprites/1031.SMIV/0
rect	14	276	36	277	489048
			15	278	
	35		36		
	14	297		298	
		296	15		
	35		36		
