point	348	471	808080
	373	3	
	571	288	
	330	416	
	200	430	
	344	172	b0b0b0
	458	413	808080
	295	224	
	585	18	
	346	367	
	182	372	b0b0b0
	183	410	808080
	341	203	
	436	331	b0b0b0
	483	300	
	235	92	808080
	424	452	
	540	454	d0d0d0
	297	326	b0b0b0
	509	131	808080
	184	211	
	578	405	
	448	214	
	313	378	
	256	448	b0b0b0
	447	187	808080
	588	224	b0b0b0
	211	359	808080
	539	454	
	537	202	b0b0b0
	207	283	
	474	299	808080
	516	97	
	582	365	
	332	176	
	405	73	b0b0b0
	377	47	808080
	584	157	
	482	186	d0d0d0
	189	318	808080
	232	201	d0d0d0
	163	134	b0b0b0
	139	353	d0d0d0
	427	334	808080
	451	407	
	520	372	d0d0d0
	396	316	
	353	194	808080
	223	134	
	436	236	
	162	419	d0d0d0
	218	238	
	322	448	b0b0b0
	357	176	
	278	209	808080
	364	245	b0b0b0
	253	167	d0d0d0
	201	407	b0b0b0
	503	5	
	565	58	
	518	201	808080
	456	136	d0d0d0
	600	208	
	493	45	
	193	308	
	483	457	b0b0b0
	442	173	
	362	33	
	162	159	808080
	455	164	b0b0b0
	332	61	d0d0d0
	240	303	b0b0b0
	215	225	
	372	221	808080
	241	318	
	350	154	
	323	337	
	239	84	
	280	150	d0d0d0
	517	376	808080
	339	444	
	307	41	
	270	159	b0b0b0
	583	361	
	594	205	
	165	353	808080
	172	222	
	352	419	b0b0b0
	359	36	d0d0d0
	177	177	808080
	221	31	b0b0b0
	267	281	
	562	421	d0d0d0
	274	232	808080
	321	279	b0b0b0
	153	435	808080
	577	178	
	196	260	
	269	135	
	307	150	d0d0d0
	452	254	808080
	197	7	
	597	432	d0d0d0
	131	83	808080
	186	383	
	157	299	
	277	160	
	181	98	d0d0d0
	426	381	b0b0b0
	503	384	808080
	431	198	b0b0b0
	333	209	d0d0d0
	606	54	808080
	170	247	d0d0d0
	479	141	b0b0b0
	335	160	808080
	172	454	
	138	435	b0b0b0
	394	389	
	193	168	d0d0d0
	464	25	b0b0b0
	435	59	d0d0d0
	259	251	b0b0b0
	515	86	d0d0d0
	330	159	b0b0b0
rect	182	0	183	480	005000
	402		403		
	128	63	608	64	
		283		284	
	372	250	388	266	900000
	208	388	216	396	0060c0
triangle	361	233	373	245	005000
	372	258	380	266	00c000
	374	253	382	261	
	373	255	381	263	
	375	258	383	266	005000
	373	259	381	267	00c000
	379	257	389		
	373	256	381	264	
plus	637	391	647	401	00c000
rect	403	109	411	117	0060c0
	402	368	410	376	
triangle	375	253	385	263	00c000
					
rect	544	321	552	329	0060c0
diamond	387	247	403	263	00c000
triangle	373	258	379	264	00c000
	371	259	377	265	
rect	436	259	438	261	c00000
	402	222	404	224	
	394	250	396	252	
dither	200	50	339	67	003030
crop	204	54	211	65	80	55	000000	/fonts/tactical.png
	211		218		120	66		
	218		225					
	225		232		104			
	232		239		0	22		
	239		246		32	77		
	246		253		120	66		
	253		260		0	22		
	260		267		8	44		
	267		274		96	66		
	274		281					
	281		288		0	22		
	288		295		120	44		
	295		302		16	66		
	302		309		80			
	309		316		40			
	316		323		24			
	323		330		32	77		
	330		337		24			
	203	53	210	64	80	55	00ffff	
	210		217		120	66		
	217		224					
	224		231		104			
	231		238		0	22		
	238		245		32	77		
	245		252		120	66		
	252		259		0	22		
	259		266		8	44		
	266		273		96	66		
	273		280					
	280		287		0	22		
	287		294		120	44		
	294		301		16	66		
	301		308		80			
	308		315		40			
	315		322		24			
	322		329		32	77		
	329		336		24			
dither	380	238	512	255	001830
crop	384	242	391	253	96	44	000000	/fonts/tactical.png
	391		398		8	66		
	398		405		96			
	405		412		8			
	412		419		112			
	419		426		32			
	426		433		40			
	433		440		0	22		
	440		447		16	44		
	447		454		40	66		
	454		461		32	77		
	461		468		8	66		
	468		475		0	22		
	475		482		96	33		
	482		489		0	22		
	489		496		24	33		
	496		503		0	22		
	503		510		112	33		
	383	241	390	252	96	44	007fff	
	390		397		8	66		
	397		404		96			
	404		411		8			
	411		418		112			
	418		425		32			
	425		432		40			
	432		439		0	22		
	439		446		16	44		
	446		453		40	66		
	453		460		32	77		
	460		467		8	66		
	467		474		0	22		
	474		481		96	33		
	481		488		0	22		
	488		495		24	33		
	495		502		0	22		
	502		509		112	33		
line	566	222	552	216	489048
			553	231	
	552	216			204020
draw	0	-144	128	624	/pictures/gui/instruments/left.png
	608		640		/pictures/gui/instruments/right.png
crop	29	159	35	171	0	36	ff0000	/fonts/computer.png
	35		41					
	41		47		48			
	102		108		8		ff7f00	
	108		114		40			
	114		120		0			
rect	614	359	615	435	00488f
			623	360	
	622			435	002850
	614	434			
	615	360	622	434	003870
	614	435	615	457	007fff
			623	436	
	622			457	00488f
	614	456			
	615	436	622	456	0070e0
	614	231	615	241	909048
			623	232	
	622			241	505028
	614	240			
	615	232	622	240	707038
	614	241	615	329	ffff7f
			623	242	
	622			329	909048
	614	328			
	615	242	622	328	e0e070
	614	103	615	172	904848
			623	104	
	622			172	502828
	614	171			
	615	104	622	171	703838
	614	172	615	201	ff7f7f
			623	173	
	622			201	904848
	614	200			
	615	173	622	200	e07070
	618	8	630	9	90488f
			619	10	
	629		630		
	618	36		37	
		35	619		
	629		630		
	620	10	628	35	703870
		35			c060c0
	634	49	636	52	7fff7f
		53		56	60c060
		57		60	
		61		64	
		65		68	
		69		72	7fff7f
		73		76	60c060
		77		80	
		81		84	
		85		88	703800
		89		92	904800
		93		96	703800
		97		100	
		101		104	
		105		108	
		109		112	904800
		113		116	703800
		117		120	
		121		124	
		125		128	
		129		132	904800
		133		136	703800
		137		140	183018
		141		144	
		145		148	
		149		152	
		153		156	
		157		160	
		161		164	
		165		168	
		169		172	
		173		176	
		177		180	
		181		184	
		185		188	
		189		192	
		193		196	
		197		200	
		201		204	
		205		208	
		209		212	
		213		216	
		217		220	
		221		224	
		225		228	
		229		232	
		233		236	
		237		240	
		241		244	
		245		248	
		249		252	
		253		256	
		257		260	
		261		264	
		265		268	
		269		272	
		273		276	
		277		280	
		281		284	
		285		288	
		289		292	
		293		296	
		297		300	
		301		304	
		305		308	
		309		312	
		313		316	
		317		320	
		321		324	
		325		328	
		329		332	
		333		336	
		337		340	
		341		344	
		345		348	
		349		352	
		353		356	
		357		360	
		361		364	
		365		368	
		369		372	
		373		376	
		377		380	
		381		384	
		385		388	
		389		392	
		393		396	
		397		400	
		401		404	
		405		408	
		409		412	
		413		416	
		417		420	
		421		424	
		425		428	
		429		432	
		433		436	
		437		440	
		441		444	
		445		448	
	621	52	631	56	303000
		57		61	
		62		66	
		67		71	
		72		76	
		77		81	
		82		86	
	7	7	115	115	00ff00
	8	8	114	114	001000
					003000
point	69	73	00e000
	66	75	
	68	72	
	67	74	
	68	76	
	67		
	71	75	
	66		
	67	74	
	69	73	
			
	79	71	
	65	75	
	107	74	
	84	50	
	79	68	
rect	12	320	121	440	001000
		342	120	343	009000
		380	13	392	
			121	381	
	120			392	005000
	12	391			
	13	381	120	391	007000
	12	438		439	009000
	16	450	114	475	001010
	17		18	462	00c0c0
			44	451	
	43			462	007070
	17	461			
	18	451	43	461	009090
	17	462	18	474	00c0c0
			44	463	
	43			474	007070
	17	473			
	18	463	43	473	009090
crop	15	320	21	332	16	48	00ff00	/fonts/computer.png
	21		27		40	60		
	27		33		72	48		
	33		39		96			
	39		45		32			
	45		51		0	24		
	51		57		24	60		
	57		63		64	48		
	63		69		72			
	69		75		0	60		
	75		81		24			
	15	332	21	344	96	48		
	21		27		8	72		
	27		33		96			
	33		39		8			
	39		45		112			
	45		51		32			
	51		57		40			
	57		63		0	24		
	63		69		8	48		
	69		75		96	72		
	75		81		0	84		
	81		87		64	72		
	87		93		8			
	15	344	21	356	24	48		
	21		27		16	84		
	27		33		40			
	33		39		72	72		
	39		45		24	84		
	45		51		40	72		
	51		57		16	84		
	15	356	21	368	56	48	009000	
	21		27		40	84		
	27		33		112	72		
	33		39		24	84		
	39		45		64	72		
	45		51		72			
	51		57		0	84		
	15	368	21	380	8	48		
	21		27		24	84		
	27		33					
	33		39		8	72		
	39		45		40	84		
	45		51		96	72		
	51		57		32	84		
	57		63		0	24		
	63		69		32	60		
	69		75		16	84		
	75		81		8	72		
	81		87		112			
	87		93		24	84		
	93		99		0			
	99		105		120	72		
	105		111		16	84		
	111		117		32			
	15	380	21	392	24	48	003000	
	21		27		8	72		
	27		33		16	84		
	33		39					
	39		45		72	72		
	45		51		40			
	51		57		16	84		
	15	392	21	404	64	48	009000	
	21		27		40	72		
	27		33		8			
	33		39		48	84		
	39		45		72			
	45		51		0	24		
	51		57		32	48		
	57		63		40	72		
	63		69		24	84		
	69		75		32			
	75		81		16			
	81		87		120	72		
	87		93		72	84		
	93		99		40	72		
	99		105		16	84		
	15	404	21	416	32	60	00ff00	
	21		27		16	84		
	27		33		8	72		
	33		39		112			
	39		45		24	84		
	45		51		0			
	51		57		120	72		
	57		63		16	84		
	63		69		32			
	19	450	25	462	16	60	00ffff	
	25		31		56	48		
	31		37		64			
	37		43		32	60		
	43		49		0	24		
	49		55		16	48		
	55		61		40	84		
	61		67		72	72		
	67		73		96			
	73		79		32			
	19	462	25	474	96	48		
	25		31		40			
	31		37		48			
	37		43		32	60		
	43		49		0	24		
	49		55		104	48		
	55		61		8	72		
	61		67		72			
	67		73		112			
	73		79		0	24		
	79		85		104	48		
	85		91		40	72		
	91		97		112			
	97		103		40	84		
rect	12	180	13	192	ffff00
			121	181	
	120			192	909000
	12	191			
	13	181	120	191	c0c000
crop	15	180	21	192	24	48	000000	/fonts/computer.png
	21		27		120			
	27		33		112			
	33		39		32	60		
	39		45		16			
	45		51		120	48		
	51		57		96			
	15	192	21	204	32	60	7fff7f	
	21		27		16			
	27		33		8	48		
	33		39		112			
	39		45		24	60		
	45		51		0			
	51		57		16			
	57		63		32			
draw	19	206	30	224	/sprites/ish/transport%0
rect	14	204	36	205	489048
			15	206	
	35		36		
	14	225		226	
		224	15		
	35		36		
	42	206	49	206	003870
				224	0060c0
	40	204	51	205	00488f
			41	206	
	50		51		
	40	225		226	
		224	41		
	50		51		
	55	206	62	206	707000
				224	c0c000
	53	204	64	205	909000
			54	206	
	63		64		
	53	225		226	
		224	54		
	63		64		
crop	12	228	18	240	96	48	ff0000	/fonts/computer.png
	18		24		8	72		
	24		30		96			
	30		36		8			
	36		42		112			
	42		48		32			
	48		54		40			
	54		60		0	24		
	60		66		16	48		
	66		72		40	72		
	72		78		32	84		
	78		84		8	72		
rect	12	252	13	264	007fff
			121	253	
	120			264	00488f
	12	263			
	13	253	120	263	0060c0
crop	15	252	21	264	32	60	000000	/fonts/computer.png
	21		27		8	48		
	27		33		16	60		
	33		39		56	48		
	39		45		40			
	45		51		32	60		
	15	264	21	276	96	48	7fff7f	
	21		27		8	72		
	27		33		96			
	33		39		8			
	39		45		112			
	45		51		32			
	51		57		40			
	57		63		0	24		
	63		69		16	48		
	69		75		40	72		
	75		81		32	84		
	81		87		8	72		
draw	16	278	34	296	/sprites/loc/planets/marshmellow%0
rect	14	276	36	277	489048
			15	278	
	35		36		
	14	297		298	
		296	15		
	35		36		
