point	328	426	808080
	587	399	d0d0d0
	551	244	808080
	310	372	
	178	251	
	268	69	
	438	369	
	275	179	
	605	143	d0d0d0
	326	322	808080
	150	264	b0b0b0
	485	9	d0d0d0
	320	158	808080
	405	265	b0b0b0
	451	234	
	476	72	
	404	408	808080
	498	366	d0d0d0
	563	4	808080
	489	87	
	181	232	b0b0b0
	557	360	808080
	428	169	
	293	333	
	256	365	d0d0d0
	427	142	808080
	557	158	b0b0b0
	252	44	d0d0d0
	519	409	808080
	506	136	b0b0b0
	217	123	808080
	454	254	
	473	106	d0d0d0
	562	320	808080
	312	131	
	381	4	b0b0b0
	217	152	808080
	564	112	
	460	95	d0d0d0
	208	238	
	449	35	808080
	130	345	
	234	106	b0b0b0
	407	289	808080
	431	362	
	479	284	d0d0d0
	353	195	
	333	149	808080
	239	190	b0b0b0
	416	191	808080
	566	80	
	176	416	d0d0d0
	290	187	b0b0b0
	155	96	
	258	164	808080
	333	179	b0b0b0
	189	20	
	155	392	808080
	562	418	b0b0b0
	354	471	
	498	157	808080
	454	35	b0b0b0
	518	58	808080
	490	437	d0d0d0
	144	192	b0b0b0
	451	391	
	413	69	808080
	266	391	b0b0b0
	140	468	808080
	205	263	b0b0b0
	467	452	d0d0d0
	336	5	808080
	183	272	b0b0b0
	352	177	808080
	220	349	
	330	109	
	303	292	
	214	105	
	304	467	d0d0d0
	497	331	808080
	319	400	
	464	474	b0b0b0
	333	342	d0d0d0
	552	295	b0b0b0
	563	139	
	152	437	
	151	55	808080
	321	353	b0b0b0
	492	452	808080
	169	97	b0b0b0
	307	238	
	272	433	d0d0d0
	520	333	
	253	188	808080
	289	317	b0b0b0
	432	35	808080
	557	133	
	198	182	b0b0b0
	310	310	
	285	363	d0d0d0
	432	209	808080
	438	407	d0d0d0
	556	344	
	573	297	
	182	84	b0b0b0
	605	82	d0d0d0
	257	116	808080
	513	28	
	395	315	b0b0b0
	483	339	808080
	400	132	b0b0b0
	197	176	
	321	164	d0d0d0
	458	26	b0b0b0
	485	48	808080
	314	115	
	162	445	b0b0b0
	451	459	
	363	323	
	314	17	d0d0d0
	483	451	808080
	602		d0d0d0
	194	190	808080
	244	478	
	202	354	
line	223	0	223	480	002850
	338		338		000050
	453		453		
	568		568		
	128	79	608	79	002850
		194		194	000050
		309		309	
		424		424	
rect	269	91	285	107	900000
diamond	262	88	278	104	00c000
triangle	361	233	373	245	00c000
	237	122	245	130	
	255	84	263	92	
	245	105	253	113	
	259	126	267	134	
	257	139	265	147	
	291	112	301	122	
	246	113	254	121	
	272	94	282	104	
					
diamond	212	124	228	140	00c000
triangle	237	123	243	129	00c000
	257	114	263	120	
dither	277	79	409	96	001830
crop	281	83	288	94	96	44	000000	/fonts/tactical
	288		295		8	66		
	295		302		96			
	302		309		8			
	309		316		112			
	316		323		32			
	323		330		40			
	330		337		0	22		
	337		344		16	44		
	344		351		40	66		
	351		358		32	77		
	358		365		8	66		
	365		372		0	22		
	372		379		96	33		
	379		386		0	22		
	386		393		24	33		
	393		400		0	22		
	400		407		112	33		
	280	82	287	93	96	44	007fff	
	287		294		8	66		
	294		301		96			
	301		308		8			
	308		315		112			
	315		322		32			
	322		329		40			
	329		336		0	22		
	336		343		16	44		
	343		350		40	66		
	350		357		32	77		
	357		364		8	66		
	364		371		0	22		
	371		378		96	33		
	378		385		0	22		
	385		392		24	33		
	392		399		0	22		
	399		406		112	33		
line	330	43	325	58	489048
			340	55	
	325	58			204020
draw	0	0	128	480	/pictures/501.png
	608		640		/pictures/512.png
crop	29	159	35	171	0	36	ff0000	/fonts/computer
	35		41		8			
	41		47					
	102		108				ff7f00	
	108		114		40			
	114		120		0			
line	614	426	614	359	00488f
		359	622		
	622			426	002850
		426	614		
rect	615	360	622	426	003870
line	614	456	614	427	007fff
		427	622		
	622			456	00488f
		456	614		
rect	615	428	622	456	0070e0
line	614	231	614	231	909048
			622		
	622				505028
			614		
	614	328		232	ffff7f
		232	622		
	622			328	909048
		328	614		
rect	615	233	622	328	e0e070
line	614	183	614	103	904848
		103	622		
	622			183	502828
		183	614		
rect	615	104	622	183	703838
line	614	200	614	184	ff7f7f
		184	622		
	622			200	904848
		200	614		
rect	615	185	622	200	e07070
line	618	8	629	8	90488f
			618	9	
	629		629		
	618	36		36	
			618	35	
	629		629		
rect	620	10	628	35	703870
		35			c060c0
	634	49	636	52	7fff7f
		53		56	60c060
		57		60	
		61		64	
		65		68	
		69		72	7fff7f
		73		76	60c060
		77		80	
		81		84	
		85		88	
		89		92	7fff7f
		93		96	60c060
		97		100	
		101		104	
		105		108	
		109		112	7fff7f
		113		116	703800
		117		120	
		121		124	
		125		128	
		129		132	904800
		133		136	703800
		137		140	
		141		144	
		145		148	
		149		152	904800
		153		156	703800
		157		160	
		161		164	
		165		168	
		169		172	904800
		173		176	703800
		177		180	183018
		181		184	
		185		188	
		189		192	
		193		196	
		197		200	
		201		204	
		205		208	
		209		212	
		213		216	
		217		220	
		221		224	
		225		228	
		229		232	
		233		236	
		237		240	
		241		244	
		245		248	
		249		252	
		253		256	
		257		260	
		261		264	
		265		268	
		269		272	
		273		276	
		277		280	
		281		284	
		285		288	
		289		292	
		293		296	
		297		300	
		301		304	
		305		308	
		309		312	
		313		316	
		317		320	
		321		324	
		325		328	
		329		332	
		333		336	
		337		340	
		341		344	
		345		348	
		349		352	
		353		356	
		357		360	
		361		364	
		365		368	
		369		372	
		373		376	
		377		380	
		381		384	
		385		388	
		389		392	
		393		396	
		397		400	
		401		404	
		405		408	
		409		412	
		413		416	
		417		420	
		421		424	
		425		428	
		429		432	
		433		436	
		437		440	
		441		444	
		445		448	
	621	52	631	56	303000
		57		61	
		62		66	
		67		71	
		72		76	
		77		81	
		82		86	
	7	7	115	115	00ff00
	8	8	114	114	001000
	40	40	82	82	003000
point	53	49	00e000
			
	50	51	
	52	48	
	51	50	
	52	52	
		53	
	55	51	
	50		
	51		
	106	76	
	53	49	
			
	48	52	
	52	51	
rect	12	320	121	440	001000
crop	15	320	21	332	16	48	00ff00	/fonts/computer
	21		27		40	60		
	27		33		72	48		
	33		39		96			
	39		45		32			
	45		51		0	24		
	51		57		24	60		
	57		63		64	48		
	63		69		72			
	69		75		0	60		
	75		81		24			
line	12	342	119	342	009000
crop	15	332	21	344	96	48	00ff00	/fonts/computer
	21		27		8	72		
	27		33		96			
	33		39		8			
	39		45		112			
	45		51		32			
	51		57		40			
	57		63		0	24		
	63		69		8	48		
	69		75		96	72		
	75		81		0	84		
	81		87		64	72		
	87		93		8			
	15	344	21	356	24	48		
	21		27		16	84		
	27		33		40			
	33		39		72	72		
	39		45		24	84		
	45		51		40	72		
	51		57		16	84		
	15	356	21	368	56	48		
	21		27		40	84		
	27		33		112	72		
	33		39		24	84		
	39		45		64	72		
	45		51		72			
	51		57		0	84		
	15	368	21	380	8	48		
	21		27		24	84		
	27		33					
	33		39		8	72		
	39		45		40	84		
	45		51		96	72		
	51		57		32	84		
	57		63		0	24		
	63		69		32	60		
	69		75		16	84		
	75		81		8	72		
	81		87		112			
	87		93		24	84		
	93		99		0			
	99		105		120	72		
	105		111		16	84		
	111		117		32			
	15	380	21	392	24	48	009000	
	21		27		8	72		
	27		33		16	84		
	33		39					
	39		45		72	72		
	45		51		40			
	51		57		16	84		
line	12	403	12	392	009000
		392	120		
	120			403	005000
		403	12		
rect	13	393	120	403	007000
crop	15	392	21	404	64	48	003000	/fonts/computer
	21		27		40	72		
	27		33		8			
	33		39		48	84		
	39		45		72			
	45		51		0	24		
	51		57		32	48		
	57		63		40	72		
	63		69		24	84		
	69		75		32			
	75		81		16			
	81		87		120	72		
	87		93		72	84		
	93		99		40	72		
	99		105		16	84		
	15	404	21	416	32	60	00ff00	
	21		27		16	84		
	27		33		8	72		
	33		39		112			
	39		45		24	84		
	45		51		0			
	51		57		120	72		
	57		63		16	84		
	63		69		32			
line	12	438	119	438	009000
rect	16	450	114	475	001010
line	17	461	17	450	00c0c0
		450	43		
	43			461	007070
		461	17		
rect	18	451	43	461	009090
crop	19	450	25	462	16	60	00ffff	/fonts/computer
	25		31		56	48		
	31		37		64			
	37		43		32	60		
	43		49		0	24		
	49		55		16	48		
	55		61		40	84		
	61		67		72	72		
	67		73		96			
	73		79		32			
line	17	473	17	462	00c0c0
		462	43		
	43			473	007070
		473	17		
rect	18	463	43	473	009090
crop	19	462	25	474	96	48	00ffff	/fonts/computer
	25		31		40			
	31		37		48			
	37		43		32	60		
	43		49		0	24		
	49		55		104	48		
	55		61		8	72		
	61		67		72			
	67		73		112			
	73		79		0	24		
	79		85		104	48		
	85		91		40	72		
	91		97		112			
	97		103		40	84		
line	12	191	12	180	ffff00
		180	120		
	120			191	909000
		191	12		
rect	13	181	120	191	c0c000
crop	15	180	21	192	24	48	000000	/fonts/computer
	21		27		120			
	27		33		112			
	33		39		32	60		
	39		45		16			
	45		51		120	48		
	51		57		96			
	15	192	21	204	32	60	7fff7f	
	21		27		16			
	27		33		8	48		
	33		39		112			
	39		45		24	60		
	45		51		0			
	51		57		16			
	57		63		32			
draw	20	206	31	224	/sprites/515.SMIV/0
line	14	204	35	204	489048
			14	205	
	35		35		
	14	225		225	
			14	224	
	35		35		
rect	42	206	49	206	003870
				224	0060c0
line	40	204	50	204	00488f
			40	205	
	50		50		
	40	225		225	
			40	224	
	50		50		
rect	55	206	62	206	707000
				224	c0c000
line	53	204	63	204	909000
			53	205	
	63		63		
	53	225		225	
			53	224	
	63		63		
crop	12	228	18	240	96	48	ff0000	/fonts/computer
	18		24		8	72		
	24		30		96			
	30		36		8			
	36		42		112			
	42		48		32			
	48		54		40			
	54		60		0	24		
	60		66		16	48		
	66		72		40	72		
	72		78		32	84		
	78		84		8	72		
line	12	263	12	252	007fff
		252	120		
	120			263	00488f
		263	12		
rect	13	253	120	263	0060c0
crop	15	252	21	264	32	60	000000	/fonts/computer
	21		27		8	48		
	27		33		16	60		
	33		39		56	48		
	39		45		40			
	45		51		32	60		
	15	264	21	276	96	48	7fff7f	
	21		27		8	72		
	27		33		96			
	33		39		8			
	39		45		112			
	45		51		32			
	51		57		40			
	57		63		0	24		
	63		69		16	48		
	69		75		40	72		
	75		81		32	84		
	81		87		8	72		
draw	16	278	34	296	/sprites/1031.SMIV/0
line	14	276	35	276	489048
			14	277	
	35		35		
	14	297		297	
			14	296	
	35		35		
