point	407	98	d0d0d0
	569	84	808080
	516	87	
	497	271	
	449	31	d0d0d0
	326	256	808080
	186	76	
	355	441	b0b0b0
	252	432	808080
	600	131	
	325	450	
	585	410	
	439	344	
	437	65	b0b0b0
	522	244	
	564	285	808080
	472	21	d0d0d0
	299	397	
	530	212	808080
	503	409	d0d0d0
	252	20	808080
		255	b0b0b0
	460	354	808080
	420	406	
	312	370	d0d0d0
	417	71	
	421	300	b0b0b0
	466	44	
	266	116	808080
	582	16	
	275	310	
	579	167	d0d0d0
	580	270	b0b0b0
	502	333	808080
	369	318	
	216	285	b0b0b0
	559	176	
	421	135	
	333	382	d0d0d0
	224	375	808080
	456	298	b0b0b0
	192	77	
	566	292	
	371	469	
	151	51	808080
	313	21	d0d0d0
	256	68	b0b0b0
	242	262	
	186	27	
	203	375	808080
	507	8	
	582	88	b0b0b0
	138	320	d0d0d0
	200	375	b0b0b0
	226	285	
	129	265	808080
	289	244	d0d0d0
	498	474	808080
	409	392	b0b0b0
	418	425	808080
	330	441	d0d0d0
	212	369	808080
	558	217	b0b0b0
	572	341	d0d0d0
	480	474	
	257	191	b0b0b0
	471	256	808080
	542	163	b0b0b0
	274	334	808080
	199	64	b0b0b0
	348	53	d0d0d0
	394	191	808080
	272	49	
	397	302	b0b0b0
	267	381	d0d0d0
	388	296	808080
	530	26	
	272	292	
	383	202	d0d0d0
	343	76	
	250	107	808080
	472	183	
	318	119	
	236	399	
	232	91	d0d0d0
	183	158	808080
	208	242	
	382	153	b0b0b0
	174	159	808080
	141	330	
	485	372	b0b0b0
	313	245	
	421	132	
	558	128	808080
	441	117	b0b0b0
	489	221	808080
	348	427	d0d0d0
	572	27	b0b0b0
	258	149	d0d0d0
	186	194	b0b0b0
	579	353	
	407	225	
	257	358	
	268	172	808080
	368	436	
	236	170	b0b0b0
	315	302	808080
	353	401	b0b0b0
	285	78	808080
	168	46	
	465	256	b0b0b0
	437	57	d0d0d0
	337	29	808080
	326	362	
	477	110	d0d0d0
	372	302	808080
	163	200	d0d0d0
	451	467	b0b0b0
	323	165	d0d0d0
	514	433	b0b0b0
	464	57	
	484	434	
	496	358	
	393	185	808080
	283	89	b0b0b0
rect	549	0	550	481	000050
	128	85	609	86	002850
draw	211	109	339	237	/sprites/loc/planets/marshmellow%0
	338	223	402	261	/sprites/ish/hvd%19
	86	173	134	190	/sprites/ele/cruiser%6
	253	337	273	375	/sprites/ele/cruiser%0
	152	269	188	298	/sprites/uns/cruiser%3
	352	270	392	299	/sprites/uns/cruiser%21
	275	133	319	179	/sprites/ish/gunship%20
	269	163	297	191	/sprites/ish/cruiser%13
	272	168	279	176	/sprites/ish/transport%9
	265	177	309	217	/sprites/ish/gunship%23
	134	-27	182	15	/sprites/ish/gunship%10
	26	268	138	328	/sprites/ish/carrier%4
	312	352	328	366	/sprites/ish/fighter%23
	445	300	461	315	/sprites/ish/fighter%21
	140	149	156	163	/sprites/ish/fighter%4
dither	276	182	345	199	303000
crop	280	186	287	197	32	55	000000	/fonts/tactical.png
	287		294		16	77		
	294		301		8	66		
	301		308		112			
	308		315		24	77		
	315		322		0			
	322		329		120	66		
	329		336		16	77		
	336		343		32			
	279	185	286	196		55	ffff00	
	286		293		16	77		
	293		300		8	66		
	300		307		112			
	307		314		24	77		
	314		321		0			
	321		328		120	66		
	328		335		16	77		
	335		342		32			
dither	277	153	409	170	001830
crop	281	157	288	168	96	44	000000	/fonts/tactical.png
	288		295		8	66		
	295		302		96			
	302		309		8			
	309		316		112			
	316		323		32			
	323		330		40			
	330		337		0	22		
	337		344		16	44		
	344		351		40	66		
	351		358		32	77		
	358		365		8	66		
	365		372		0	22		
	372		379		96	33		
	379		386		0	22		
	386		393		24	33		
	393		400		0	22		
	400		407		112	33		
	280	156	287	167	96	44	007fff	
	287		294		8	66		
	294		301		96			
	301		308		8			
	308		315		112			
	315		322		32			
	322		329		40			
	329		336		0	22		
	336		343		16	44		
	343		350		40	66		
	350		357		32	77		
	357		364		8	66		
	364		371		0	22		
	371		378		96	33		
	378		385		0	22		
	385		392		24	33		
	392		399		0	22		
	399		406		112	33		
line	183	169	193	181	489048
			198	167	
	193	181			204020
draw	0	-144	128	624	/pictures/gui/instruments/left.png
	608		640		/pictures/gui/instruments/right.png
crop	29	159	35	171	0	36	ff0000	/fonts/computer.png
	35		41		8			
	41		47		32			
	102		108		8		ff7f00	
	108		114		40			
	114		120		0			
rect	614	359	615	423	00488f
			623	360	
	622			423	002850
	614	422			
	615	360	622	422	003870
	614	423	615	457	007fff
			623	424	
	622			457	00488f
	614	456			
	615	424	622	456	0070e0
	614	231	615	232	909048
			623		
	622				505028
	614				
		232	615	329	ffff7f
			623	233	
	622			329	909048
	614	328			
	615	233	622	328	e0e070
	614	103	615	190	904848
			623	104	
	622			190	502828
	614	189			
	615	104	622	189	703838
	614	190	615	201	ff7f7f
			623	191	
	622			201	904848
	614	200			
	615	191	622	200	e07070
	618	8	630	9	90488f
			619	10	
	629		630		
	618	36		37	
		35	619		
	629		630		
	620	10	628	35	703870
		35			c060c0
	634	49	636	52	7fff7f
		53		56	60c060
		57		60	
		61		64	
		65		68	
		69		72	7fff7f
		73		76	60c060
		77		80	
		81		84	
		85		88	
		89		92	7fff7f
		93		96	60c060
		97		100	
		101		104	
		105		108	
		109		112	7fff7f
		113		116	60c060
		117		120	
		121		124	
		125		128	
		129		132	7fff7f
		133		136	703800
		137		140	
		141		144	
		145		148	
		149		152	904800
		153		156	703800
		157		160	
		161		164	
		165		168	
		169		172	904800
		173		176	703800
		177		180	183018
		181		184	
		185		188	
		189		192	
		193		196	
		197		200	
		201		204	
		205		208	
		209		212	
		213		216	
		217		220	
		221		224	
		225		228	
		229		232	
		233		236	
		237		240	
		241		244	
		245		248	
		249		252	
		253		256	
		257		260	
		261		264	
		265		268	
		269		272	
		273		276	
		277		280	
		281		284	
		285		288	
		289		292	
		293		296	
		297		300	
		301		304	
		305		308	
		309		312	
		313		316	
		317		320	
		321		324	
		325		328	
		329		332	
		333		336	
		337		340	
		341		344	
		345		348	
		349		352	
		353		356	
		357		360	
		361		364	
		365		368	
		369		372	
		373		376	
		377		380	
		381		384	
		385		388	
		389		392	
		393		396	
		397		400	
		401		404	
		405		408	
		409		412	
		413		416	
		417		420	
		421		424	
		425		428	
		429		432	
		433		436	
		437		440	
		441		444	
		445		448	
	621	52	631	56	303000
		57		61	
		62		66	
		67		71	
		72		76	
		77		81	
		82		86	
	7	7	115	115	00ff00
	8	8	114	114	001000
	58	58	66	66	003000
point	60	60	00e000
	75	62	
	56	60	
	59	63	
		56	
	58	61	
	61		
	60	60	
		63	
		60	
			
		61	
	57	57	
	56	62	
	75	60	
	62	62	
	57	60	
	36	77	
	81	51	
rect	12	320	121	440	001000
		342	120	343	009000
		392	13	404	
			121	393	
	120			404	005000
	12	403			
	13	393	120	403	007000
	12	438		439	009000
	16	450	114	475	001010
	17		18	462	00c0c0
			44	451	
	43			462	007070
	17	461			
	18	451	43	461	009090
	17	462	18	474	00c0c0
			44	463	
	43			474	007070
	17	473			
	18	463	43	473	009090
crop	15	320	21	332	16	48	00ff00	/fonts/computer.png
	21		27		40	60		
	27		33		72	48		
	33		39		96			
	39		45		32			
	45		51		0	24		
	51		57		24	60		
	57		63		64	48		
	63		69		72			
	69		75		0	60		
	75		81		24			
	15	332	21	344	96	48		
	21		27		8	72		
	27		33		96			
	33		39		8			
	39		45		112			
	45		51		32			
	51		57		40			
	57		63		0	24		
	63		69		8	48		
	69		75		96	72		
	75		81		0	84		
	81		87		64	72		
	87		93		8			
	15	344	21	356	24	48		
	21		27		16	84		
	27		33		40			
	33		39		72	72		
	39		45		24	84		
	45		51		40	72		
	51		57		16	84		
	15	356	21	368	56	48		
	21		27		40	84		
	27		33		112	72		
	33		39		24	84		
	39		45		64	72		
	45		51		72			
	51		57		0	84		
	15	368	21	380	8	48		
	21		27		24	84		
	27		33					
	33		39		8	72		
	39		45		40	84		
	45		51		96	72		
	51		57		32	84		
	57		63		0	24		
	63		69		32	60		
	69		75		16	84		
	75		81		8	72		
	81		87		112			
	87		93		24	84		
	93		99		0			
	99		105		120	72		
	105		111		16	84		
	111		117		32			
	15	380	21	392	24	48	009000	
	21		27		8	72		
	27		33		16	84		
	33		39					
	39		45		72	72		
	45		51		40			
	51		57		16	84		
	15	392	21	404	64	48	003000	
	21		27		40	72		
	27		33		8			
	33		39		48	84		
	39		45		72			
	45		51		0	24		
	51		57		32	48		
	57		63		40	72		
	63		69		24	84		
	69		75		32			
	75		81		16			
	81		87		120	72		
	87		93		72	84		
	93		99		40	72		
	99		105		16	84		
	15	404	21	416	32	60	00ff00	
	21		27		16	84		
	27		33		8	72		
	33		39		112			
	39		45		24	84		
	45		51		0			
	51		57		120	72		
	57		63		16	84		
	63		69		32			
	19	450	25	462	16	60	00ffff	
	25		31		56	48		
	31		37		64			
	37		43		32	60		
	43		49		0	24		
	49		55		16	48		
	55		61		40	84		
	61		67		72	72		
	67		73		96			
	73		79		32			
	19	462	25	474	96	48		
	25		31		40			
	31		37		48			
	37		43		32	60		
	43		49		0	24		
	49		55		104	48		
	55		61		8	72		
	61		67		72			
	67		73		112			
	73		79		0	24		
	79		85		104	48		
	85		91		40	72		
	91		97		112			
	97		103		40	84		
rect	12	180	13	192	ffff00
			121	181	
	120			192	909000
	12	191			
	13	181	120	191	c0c000
crop	15	180	21	192	24	48	000000	/fonts/computer.png
	21		27		120			
	27		33		112			
	33		39		32	60		
	39		45		16			
	45		51		120	48		
	51		57		96			
	15	192	21	204	32	60	7fff7f	
	21		27		16			
	27		33		8	48		
	33		39		112			
	39		45		24	60		
	45		51		0			
	51		57		16			
	57		63		32			
draw	19	206	30	224	/sprites/ish/transport%0
rect	14	204	36	205	489048
			15	206	
	35		36		
	14	225		226	
		224	15		
	35		36		
	42	206	49	206	003870
				224	0060c0
	40	204	51	205	00488f
			41	206	
	50		51		
	40	225		226	
		224	41		
	50		51		
	55	206	62	206	707000
				224	c0c000
	53	204	64	205	909000
			54	206	
	63		64		
	53	225		226	
		224	54		
	63		64		
crop	12	228	18	240	96	48	ff0000	/fonts/computer.png
	18		24		8	72		
	24		30		96			
	30		36		8			
	36		42		112			
	42		48		32			
	48		54		40			
	54		60		0	24		
	60		66		16	48		
	66		72		40	72		
	72		78		32	84		
	78		84		8	72		
rect	12	252	13	264	007fff
			121	253	
	120			264	00488f
	12	263			
	13	253	120	263	0060c0
crop	15	252	21	264	32	60	000000	/fonts/computer.png
	21		27		8	48		
	27		33		16	60		
	33		39		56	48		
	39		45		40			
	45		51		32	60		
	15	264	21	276	96	48	7fff7f	
	21		27		8	72		
	27		33		96			
	33		39		8			
	39		45		112			
	45		51		32			
	51		57		40			
	57		63		0	24		
	63		69		16	48		
	69		75		40	72		
	75		81		32	84		
	81		87		8	72		
draw	16	278	34	296	/sprites/loc/planets/marshmellow%0
rect	14	276	36	277	489048
			15	278	
	35		36		
	14	297		298	
		296	15		
	35		36		
